556.0,203.0,222.0,209.0
555.0,202.0,222.0,209.0
554.0,201.0,222.0,209.0
554.0,200.0,222.0,209.0
554.0,200.0,222.0,209.0
555.0,196.0,220.0,207.0
554.0,195.0,220.0,207.0
551.0,192.0,220.0,207.0
550.0,187.0,220.0,207.0
550.0,181.0,220.0,207.0
549.0,173.0,220.0,207.0
547.0,167.0,220.0,207.0
546.0,163.0,220.0,207.0
544.0,159.0,220.0,207.0
544.0,160.0,218.0,205.0
542.0,157.0,218.0,205.0
537.0,151.0,216.0,203.0
528.0,140.0,216.0,203.0
516.0,123.0,216.0,203.0
500.0,104.0,216.0,203.0
484.0,87.0,214.0,201.0
467.0,68.0,212.0,199.0
453.0,54.0,212.0,199.0
449.0,41.0,208.0,212.0
443.0,34.0,208.0,212.0
437.0,31.0,208.0,212.0
436.0,25.0,208.0,212.0
435.0,24.0,208.0,212.0
439.0,25.0,198.0,214.0
438.0,27.0,198.0,214.0
437.0,31.0,198.0,214.0
436.0,36.0,198.0,214.0
435.0,43.0,198.0,214.0
433.0,50.0,198.0,214.0
433.0,61.0,198.0,214.0
433.0,71.0,198.0,214.0
433.0,77.0,193.0,215.0
433.0,82.0,193.0,215.0
433.0,86.0,193.0,215.0
433.0,89.0,193.0,215.0
432.0,92.0,193.0,215.0
431.0,96.0,188.0,217.0
431.0,99.0,188.0,217.0
431.0,101.0,188.0,217.0
430.0,103.0,188.0,217.0
430.0,105.0,188.0,217.0
429.0,108.0,188.0,217.0
425.0,114.0,188.0,217.0
424.0,116.0,188.0,217.0
423.0,117.0,188.0,217.0
422.0,118.0,188.0,217.0
421.0,121.0,188.0,217.0
419.0,122.0,188.0,217.0
414.0,126.0,188.0,217.0
413.0,127.0,188.0,217.0
412.0,131.0,188.0,217.0
412.0,132.0,188.0,217.0
411.0,133.0,188.0,217.0
411.0,134.0,188.0,217.0
408.0,137.0,188.0,217.0
407.0,138.0,188.0,217.0
407.0,139.0,188.0,217.0
407.0,140.0,188.0,217.0
407.0,141.0,188.0,217.0
405.0,142.0,188.0,217.0
405.0,146.0,188.0,217.0
404.0,148.0,188.0,217.0
404.0,149.0,188.0,217.0
404.0,150.0,188.0,217.0
404.0,151.0,188.0,217.0
404.0,156.0,188.0,217.0
405.0,159.0,188.0,217.0
405.0,160.0,188.0,217.0
411.0,163.0,174.0,214.0
410.0,164.0,174.0,214.0
411.0,165.0,172.0,212.0
417.0,163.0,138.0,215.0
415.0,158.0,127.0,224.0
415.0,161.0,127.0,224.0
414.0,163.0,127.0,224.0
415.0,163.0,127.0,224.0
369.0,188.0,187.0,202.0
370.0,189.0,187.0,202.0
369.0,187.0,187.0,202.0
370.0,188.0,187.0,202.0
368.0,198.0,189.0,194.0
370.0,199.0,189.0,194.0
374.0,198.0,189.0,194.0
376.0,198.0,189.0,194.0
376.0,196.0,189.0,194.0
377.0,196.0,189.0,194.0
378.0,197.0,189.0,194.0
379.0,197.0,189.0,194.0
384.0,197.0,196.0,197.0
385.0,197.0,196.0,197.0
382.0,196.0,198.0,199.0
383.0,196.0,198.0,199.0
377.0,196.0,214.0,199.0
378.0,197.0,214.0,199.0
370.0,202.0,231.0,200.0
371.0,203.0,231.0,200.0
371.0,205.0,235.0,204.0
368.0,206.0,245.0,196.0
368.0,206.0,245.0,196.0
367.0,206.0,245.0,196.0
368.0,206.0,245.0,196.0
369.0,209.0,246.0,200.0
365.0,211.0,244.0,198.0
368.0,215.0,234.0,202.0
366.0,216.0,234.0,202.0
368.0,213.0,234.0,202.0
368.0,213.0,234.0,202.0
369.0,213.0,234.0,202.0
369.0,209.0,234.0,202.0
373.0,210.0,234.0,202.0
387.0,211.0,225.0,202.0
390.0,212.0,225.0,202.0
411.0,211.0,207.0,206.0
415.0,211.0,207.0,206.0
457.0,209.0,172.0,210.0
461.0,204.0,172.0,210.0
474.0,204.0,163.0,212.0
478.0,203.0,163.0,212.0
515.0,200.0,129.0,220.0
517.0,198.0,129.0,220.0
516.0,194.0,131.0,222.0
511.0,193.0,151.0,218.0
513.0,188.0,151.0,218.0
507.0,188.0,173.0,223.0
510.0,185.0,173.0,223.0
506.0,182.0,188.0,229.0
512.0,181.0,188.0,229.0
506.0,181.0,209.0,228.0
511.0,179.0,209.0,228.0
508.0,176.0,224.0,216.0
515.0,174.0,224.0,216.0
513.0,170.0,228.0,220.0
513.0,169.0,228.0,220.0
511.0,166.0,235.0,166.0
514.0,164.0,235.0,166.0
527.0,161.0,232.0,142.0
539.0,155.0,215.0,106.0
580.0,148.0,145.0,87.0
nan,nan,nan,nan
nan,nan,nan,nan
nan,nan,nan,nan
nan,nan,nan,nan
nan,nan,nan,nan
nan,nan,nan,nan
nan,nan,nan,nan
nan,nan,nan,nan
nan,nan,nan,nan
503.0,150.0,68.0,115.0
508.0,150.0,75.0,144.0
495.0,149.0,106.0,186.0
491.0,152.0,129.0,198.0
489.0,154.0,149.0,195.0
488.0,161.0,164.0,204.0
487.0,164.0,170.0,192.0
489.0,168.0,170.0,196.0
493.0,171.0,167.0,201.0
494.0,171.0,171.0,190.0
496.0,170.0,177.0,186.0
504.0,163.0,176.0,193.0
506.0,160.0,172.0,191.0
510.0,151.0,171.0,201.0
513.0,147.0,171.0,201.0
508.0,140.0,171.0,201.0
506.0,140.0,171.0,201.0
506.0,139.0,156.0,209.0
508.0,144.0,150.0,203.0
529.0,138.0,127.0,209.0
542.0,137.0,110.0,202.0
550.0,134.0,110.0,202.0
556.0,131.0,110.0,202.0
558.0,128.0,110.0,202.0
538.0,132.0,137.0,195.0
538.0,126.0,137.0,195.0
526.0,124.0,137.0,195.0
516.0,119.0,144.0,186.0
517.0,118.0,144.0,186.0
509.0,117.0,158.0,178.0
506.0,110.0,158.0,178.0
495.0,109.0,168.0,179.0
492.0,109.0,168.0,179.0
479.0,108.0,183.0,181.0
477.0,108.0,183.0,181.0
475.0,109.0,183.0,181.0
474.0,113.0,183.0,181.0
473.0,115.0,183.0,181.0
461.0,117.0,207.0,178.0
460.0,120.0,207.0,178.0
460.0,123.0,207.0,178.0
461.0,125.0,207.0,178.0
462.0,127.0,207.0,178.0
464.0,129.0,207.0,178.0
468.0,131.0,209.0,180.0
470.0,133.0,209.0,180.0
463.0,143.0,239.0,177.0
466.0,145.0,239.0,177.0
468.0,147.0,239.0,177.0
470.0,149.0,239.0,177.0
476.0,163.0,248.0,169.0
480.0,166.0,248.0,169.0
478.0,178.0,248.0,169.0
480.0,183.0,247.0,161.0
483.0,185.0,247.0,161.0
486.0,186.0,247.0,161.0
490.0,186.0,247.0,161.0
492.0,186.0,247.0,161.0
490.0,188.0,247.0,161.0
493.0,188.0,247.0,161.0
495.0,189.0,247.0,161.0
497.0,190.0,247.0,161.0
500.0,191.0,247.0,161.0
501.0,189.0,248.0,168.0
502.0,190.0,248.0,168.0
500.0,192.0,248.0,168.0
499.0,192.0,248.0,168.0
493.0,190.0,238.0,173.0
493.0,190.0,238.0,173.0
488.0,191.0,238.0,173.0
487.0,191.0,238.0,173.0
487.0,191.0,238.0,173.0
486.0,191.0,238.0,173.0
485.0,191.0,238.0,173.0
485.0,192.0,236.0,192.0
484.0,191.0,236.0,192.0
489.0,174.0,210.0,220.0
485.0,173.0,210.0,220.0
486.0,173.0,190.0,206.0
480.0,171.0,190.0,206.0
475.0,168.0,190.0,206.0
485.0,170.0,161.0,191.0
477.0,166.0,161.0,191.0
476.0,164.0,161.0,191.0
487.0,164.0,130.0,170.0
485.0,164.0,130.0,170.0
510.0,164.0,88.0,135.0
509.0,165.0,88.0,135.0
510.0,169.0,83.0,85.0
517.0,166.0,83.0,85.0
nan,nan,nan,nan
nan,nan,nan,nan
nan,nan,nan,nan
nan,nan,nan,nan
nan,nan,nan,nan
nan,nan,nan,nan
nan,nan,nan,nan
nan,nan,nan,nan
nan,nan,nan,nan
nan,nan,nan,nan
556.0,182.0,128.0,153.0
569.0,185.0,128.0,153.0
575.0,183.0,157.0,164.0
578.0,180.0,192.0,181.0
580.0,173.0,219.0,212.0
582.0,173.0,235.0,209.0
586.0,172.0,254.0,200.0
582.0,187.0,269.0,188.0
586.0,185.0,269.0,188.0
594.0,186.0,269.0,188.0
598.0,183.0,269.0,188.0
601.0,180.0,269.0,188.0
604.0,178.0,269.0,188.0
607.0,178.0,269.0,188.0
611.0,178.0,269.0,188.0
624.0,177.0,252.0,191.0
648.0,173.0,234.0,190.0
650.0,166.0,234.0,190.0
660.0,165.0,224.0,185.0
663.0,163.0,224.0,185.0
666.0,155.0,224.0,185.0
667.0,153.0,224.0,185.0
682.0,151.0,204.0,200.0
681.0,147.0,204.0,200.0
680.0,145.0,204.0,200.0
680.0,143.0,204.0,200.0
692.0,143.0,182.0,208.0
690.0,142.0,182.0,208.0
688.0,142.0,182.0,208.0
689.0,143.0,180.0,206.0
695.0,142.0,164.0,213.0
694.0,142.0,164.0,213.0
693.0,143.0,164.0,213.0
689.0,143.0,164.0,213.0
689.0,147.0,160.0,209.0
695.0,147.0,147.0,215.0
694.0,147.0,147.0,215.0
693.0,147.0,147.0,215.0
699.0,153.0,138.0,210.0
698.0,153.0,138.0,210.0
698.0,153.0,138.0,210.0
697.0,153.0,138.0,210.0
696.0,153.0,138.0,210.0
695.0,153.0,138.0,210.0
704.0,154.0,110.0,211.0
699.0,154.0,110.0,211.0
699.0,154.0,110.0,211.0
696.0,154.0,110.0,211.0
693.0,154.0,110.0,211.0
693.0,155.0,110.0,211.0
692.0,155.0,110.0,211.0
692.0,155.0,110.0,211.0
683.0,155.0,119.0,212.0
680.0,155.0,119.0,212.0
677.0,155.0,119.0,212.0
671.0,154.0,125.0,213.0
671.0,154.0,125.0,213.0
671.0,154.0,125.0,213.0
661.0,155.0,139.0,212.0
661.0,155.0,139.0,212.0
661.0,155.0,139.0,212.0
660.0,155.0,139.0,212.0
647.0,155.0,152.0,210.0
646.0,155.0,151.0,210.0
645.0,155.0,151.0,210.0
644.0,155.0,151.0,210.0
643.0,155.0,151.0,210.0
628.0,160.0,174.0,206.0
627.0,160.0,174.0,206.0
626.0,160.0,174.0,206.0
609.0,170.0,193.0,196.0
608.0,170.0,193.0,196.0
606.0,170.0,193.0,196.0
587.0,172.0,214.0,192.0
586.0,172.0,214.0,192.0
572.0,172.0,210.0,188.0
570.0,171.0,210.0,188.0
568.0,170.0,210.0,188.0
559.0,169.0,210.0,188.0
557.0,168.0,210.0,188.0
555.0,167.0,210.0,188.0
554.0,166.0,210.0,188.0
544.0,164.0,210.0,188.0
543.0,163.0,210.0,188.0
527.0,163.0,228.0,177.0
528.0,156.0,223.0,168.0
524.0,155.0,223.0,168.0
518.0,155.0,223.0,168.0
512.0,155.0,223.0,168.0
498.0,156.0,238.0,164.0
490.0,157.0,238.0,164.0
482.0,158.0,238.0,164.0
475.0,164.0,238.0,164.0
468.0,167.0,216.0,160.0
459.0,172.0,212.0,156.0
448.0,166.0,212.0,156.0
434.0,151.0,211.0,175.0
421.0,143.0,211.0,175.0
408.0,136.0,211.0,175.0
391.0,126.0,225.0,197.0
373.0,125.0,225.0,197.0
351.0,129.0,219.0,191.0
328.0,141.0,237.0,170.0
318.0,148.0,237.0,170.0
306.0,148.0,237.0,170.0
297.0,149.0,237.0,170.0
264.0,171.0,267.0,149.0
244.0,165.0,267.0,149.0
254.0,150.0,234.0,168.0
250.0,150.0,234.0,168.0
228.0,125.0,222.0,194.0
221.0,124.0,222.0,194.0
215.0,125.0,222.0,194.0
223.0,136.0,202.0,184.0
219.0,152.0,202.0,184.0
213.0,172.0,202.0,184.0
210.0,181.0,196.0,178.0
206.0,193.0,196.0,178.0
201.0,193.0,196.0,178.0
197.0,192.0,196.0,178.0
189.0,183.0,196.0,178.0
186.0,181.0,196.0,178.0
183.0,180.0,196.0,178.0
183.0,182.0,196.0,178.0
183.0,181.0,196.0,178.0
184.0,178.0,196.0,178.0
181.0,158.0,196.0,201.0
183.0,144.0,201.0,230.0
188.0,152.0,201.0,230.0
192.0,157.0,201.0,230.0
196.0,157.0,201.0,230.0
199.0,156.0,201.0,230.0
226.0,155.0,177.0,229.0
228.0,154.0,177.0,229.0
230.0,153.0,177.0,229.0
234.0,154.0,177.0,229.0
255.0,166.0,155.0,220.0
255.0,167.0,155.0,220.0
269.0,181.0,131.0,208.0
276.0,181.0,131.0,208.0
275.0,181.0,131.0,208.0
281.0,183.0,127.0,204.0
287.0,187.0,121.0,198.0
286.0,187.0,121.0,198.0
287.0,186.0,121.0,198.0
287.0,185.0,121.0,198.0
286.0,184.0,121.0,198.0
286.0,190.0,120.0,189.0
285.0,187.0,120.0,189.0
283.0,184.0,120.0,189.0
283.0,185.0,125.0,175.0
280.0,179.0,125.0,175.0
280.0,175.0,142.0,195.0
278.0,170.0,142.0,195.0
275.0,165.0,142.0,195.0
273.0,169.0,149.0,190.0
272.0,167.0,149.0,190.0
268.0,177.0,151.0,170.0
267.0,178.0,151.0,170.0
262.0,175.0,155.0,174.0
260.0,175.0,155.0,174.0
247.0,172.0,174.0,174.0
225.0,168.0,195.0,176.0
222.0,168.0,195.0,176.0
213.0,163.0,213.0,180.0
209.0,164.0,213.0,180.0
202.0,178.0,225.0,157.0
198.0,184.0,225.0,157.0
197.0,193.0,225.0,157.0
196.0,194.0,225.0,157.0
194.0,196.0,225.0,157.0
191.0,193.0,228.0,158.0
190.0,193.0,228.0,158.0
184.0,195.0,228.0,158.0
192.0,201.0,221.0,151.0
194.0,202.0,221.0,151.0
197.0,204.0,221.0,151.0
200.0,204.0,221.0,151.0
208.0,204.0,221.0,151.0
213.0,203.0,221.0,151.0
217.0,202.0,221.0,151.0
220.0,195.0,221.0,151.0
223.0,185.0,219.0,159.0
230.0,166.0,210.0,176.0
233.0,163.0,210.0,176.0
245.0,146.0,193.0,191.0
248.0,144.0,193.0,191.0
254.0,129.0,186.0,208.0
255.0,128.0,184.0,206.0
255.0,127.0,184.0,206.0
257.0,127.0,168.0,207.0
257.0,124.0,153.0,209.0
258.0,122.0,153.0,209.0
269.0,121.0,136.0,209.0
271.0,119.0,136.0,209.0
268.0,117.0,136.0,209.0
270.0,115.0,136.0,209.0
282.0,124.0,116.0,196.0
284.0,137.0,109.0,179.0
293.0,138.0,105.0,175.0
302.0,148.0,102.0,144.0
304.0,151.0,100.0,131.0
304.0,154.0,100.0,131.0
306.0,156.0,101.0,126.0
305.0,153.0,101.0,126.0
310.0,152.0,101.0,126.0
317.0,148.0,101.0,126.0
321.0,150.0,101.0,126.0
330.0,154.0,101.0,126.0
337.0,156.0,101.0,126.0
340.0,161.0,101.0,126.0
348.0,166.0,101.0,126.0
361.0,169.0,97.0,122.0
367.0,170.0,97.0,122.0
374.0,172.0,97.0,122.0
390.0,171.0,97.0,122.0
392.0,166.0,97.0,122.0
398.0,170.0,135.0,111.0
409.0,170.0,135.0,111.0
430.0,179.0,130.0,101.0
441.0,177.0,130.0,101.0
462.0,183.0,120.0,92.0
473.0,183.0,120.0,92.0
494.0,182.0,98.0,96.0
501.0,176.0,89.0,96.0
514.0,170.0,143.0,113.0
528.0,166.0,136.0,115.0
582.0,211.0,87.0,76.0
588.0,215.0,72.0,65.0
575.0,197.0,82.0,83.0
582.0,180.0,85.0,97.0
594.0,203.0,74.0,76.0
603.0,212.0,66.0,67.0
586.0,211.0,85.0,69.0
591.0,220.0,71.0,62.0
nan,nan,nan,nan
nan,nan,nan,nan
nan,nan,nan,nan
nan,nan,nan,nan
nan,nan,nan,nan
nan,nan,nan,nan
nan,nan,nan,nan
nan,nan,nan,nan
nan,nan,nan,nan
nan,nan,nan,nan
nan,nan,nan,nan
nan,nan,nan,nan
nan,nan,nan,nan
nan,nan,nan,nan
nan,nan,nan,nan
nan,nan,nan,nan
nan,nan,nan,nan
nan,nan,nan,nan
nan,nan,nan,nan
nan,nan,nan,nan
511.0,176.0,80.0,127.0
505.0,184.0,114.0,120.0
499.0,178.0,133.0,123.0
497.0,174.0,123.0,123.0
495.0,173.0,123.0,123.0
491.0,169.0,123.0,123.0
489.0,169.0,123.0,123.0
487.0,168.0,123.0,123.0
486.0,167.0,123.0,123.0
485.0,170.0,119.0,119.0
482.0,171.0,116.0,105.0
483.0,170.0,116.0,105.0
484.0,169.0,116.0,105.0
486.0,168.0,116.0,105.0
485.0,168.0,114.0,103.0
486.0,167.0,114.0,103.0
494.0,159.0,97.0,113.0
496.0,158.0,97.0,113.0
494.0,156.0,97.0,113.0
497.0,151.0,97.0,113.0
500.0,149.0,97.0,113.0
503.0,147.0,97.0,113.0
498.0,142.0,107.0,119.0
502.0,140.0,107.0,119.0
505.0,139.0,107.0,119.0
509.0,138.0,107.0,119.0
505.0,138.0,116.0,124.0
505.0,138.0,116.0,124.0
505.0,137.0,116.0,124.0
508.0,136.0,116.0,124.0
510.0,134.0,116.0,124.0
513.0,134.0,116.0,124.0
513.0,134.0,122.0,131.0
515.0,134.0,122.0,131.0
517.0,134.0,122.0,131.0
513.0,132.0,131.0,133.0
515.0,133.0,131.0,133.0
511.0,132.0,136.0,124.0
514.0,134.0,136.0,124.0
502.0,134.0,156.0,131.0
504.0,137.0,154.0,129.0
507.0,139.0,154.0,129.0
518.0,140.0,141.0,134.0
520.0,144.0,139.0,132.0
533.0,145.0,126.0,136.0
537.0,149.0,126.0,136.0
539.0,151.0,126.0,136.0
543.0,155.0,126.0,136.0
546.0,160.0,126.0,136.0
558.0,164.0,117.0,138.0
563.0,168.0,117.0,138.0
568.0,173.0,117.0,138.0
575.0,177.0,113.0,144.0
576.0,184.0,113.0,144.0
578.0,192.0,113.0,144.0
579.0,198.0,113.0,144.0
581.0,207.0,113.0,144.0
584.0,211.0,113.0,144.0
579.0,223.0,126.0,137.0
584.0,223.0,126.0,137.0
596.0,223.0,126.0,137.0
626.0,225.0,112.0,132.0
645.0,221.0,100.0,145.0
nan,nan,nan,nan
nan,nan,nan,nan
nan,nan,nan,nan
nan,nan,nan,nan
nan,nan,nan,nan
nan,nan,nan,nan
nan,nan,nan,nan
nan,nan,nan,nan
nan,nan,nan,nan
nan,nan,nan,nan
nan,nan,nan,nan
nan,nan,nan,nan
589.0,259.0,61.0,113.0
596.0,259.0,63.0,113.0
596.0,254.0,90.0,127.0
592.0,252.0,109.0,133.0
585.0,254.0,127.0,134.0
580.0,257.0,136.0,139.0
574.0,261.0,145.0,140.0
572.0,262.0,145.0,140.0
573.0,264.0,145.0,140.0
573.0,267.0,145.0,140.0
573.0,269.0,145.0,140.0
574.0,271.0,145.0,140.0
566.0,273.0,158.0,137.0
567.0,273.0,158.0,137.0
567.0,273.0,158.0,137.0
558.0,274.0,174.0,139.0
557.0,274.0,174.0,139.0
557.0,273.0,174.0,139.0
554.0,274.0,174.0,139.0
553.0,274.0,174.0,139.0
552.0,274.0,174.0,139.0
551.0,274.0,174.0,139.0
550.0,274.0,174.0,139.0
549.0,274.0,174.0,139.0
548.0,274.0,174.0,139.0
547.0,274.0,174.0,139.0
546.0,274.0,174.0,139.0
545.0,274.0,174.0,139.0
545.0,274.0,174.0,139.0
548.0,275.0,168.0,142.0
548.0,275.0,168.0,142.0
548.0,275.0,168.0,142.0
548.0,275.0,168.0,142.0
548.0,275.0,168.0,142.0
549.0,275.0,168.0,142.0
547.0,272.0,168.0,142.0
547.0,272.0,168.0,142.0
548.0,272.0,168.0,142.0
551.0,272.0,168.0,142.0
551.0,272.0,168.0,142.0
552.0,272.0,168.0,142.0
556.0,272.0,168.0,142.0
557.0,272.0,168.0,142.0
558.0,273.0,168.0,142.0
559.0,273.0,168.0,142.0
560.0,273.0,168.0,142.0
562.0,273.0,168.0,142.0
563.0,273.0,168.0,142.0
564.0,273.0,168.0,142.0
565.0,273.0,168.0,142.0
566.0,273.0,168.0,142.0
567.0,273.0,168.0,142.0
569.0,274.0,168.0,142.0
571.0,275.0,168.0,142.0
573.0,275.0,168.0,142.0
586.0,276.0,158.0,139.0
585.0,276.0,158.0,139.0
586.0,276.0,158.0,139.0
589.0,277.0,158.0,139.0
591.0,279.0,158.0,139.0
597.0,279.0,158.0,139.0
611.0,280.0,145.0,141.0
623.0,281.0,135.0,145.0
643.0,281.0,122.0,143.0
662.0,279.0,106.0,140.0
666.0,280.0,106.0,140.0
675.0,277.0,106.0,140.0
702.0,271.0,92.0,156.0
709.0,271.0,92.0,156.0
708.0,267.0,109.0,162.0
711.0,263.0,109.0,162.0
721.0,260.0,109.0,162.0
732.0,262.0,109.0,162.0
737.0,261.0,109.0,162.0
727.0,266.0,116.0,168.0
727.0,270.0,116.0,168.0
736.0,275.0,109.0,166.0
748.0,278.0,109.0,166.0
nan,nan,nan,nan
nan,nan,nan,nan
nan,nan,nan,nan
nan,nan,nan,nan
nan,nan,nan,nan
nan,nan,nan,nan
nan,nan,nan,nan
nan,nan,nan,nan
nan,nan,nan,nan
nan,nan,nan,nan
nan,nan,nan,nan
nan,nan,nan,nan
nan,nan,nan,nan
nan,nan,nan,nan
nan,nan,nan,nan
622.0,263.0,111.0,86.0
615.0,261.0,117.0,90.0
605.0,255.0,123.0,95.0
590.0,248.0,124.0,129.0
576.0,241.0,130.0,135.0
565.0,239.0,140.0,130.0
556.0,237.0,140.0,130.0
551.0,234.0,140.0,130.0
544.0,231.0,148.0,127.0
541.0,226.0,146.0,133.0
535.0,221.0,146.0,133.0
530.0,220.0,146.0,133.0
527.0,216.0,145.0,139.0
524.0,215.0,145.0,139.0
521.0,214.0,145.0,139.0
515.0,212.0,145.0,139.0
512.0,211.0,145.0,139.0
508.0,209.0,145.0,139.0
505.0,209.0,145.0,139.0
502.0,209.0,145.0,139.0
499.0,209.0,145.0,139.0
487.0,208.0,157.0,148.0
480.0,207.0,157.0,148.0
473.0,206.0,157.0,148.0
464.0,204.0,157.0,148.0
455.0,203.0,157.0,148.0
446.0,201.0,157.0,148.0
437.0,199.0,157.0,148.0
428.0,197.0,157.0,148.0
419.0,193.0,157.0,148.0
412.0,191.0,157.0,148.0
405.0,186.0,160.0,146.0
399.0,184.0,160.0,146.0
388.0,181.0,160.0,146.0
384.0,180.0,160.0,146.0
379.0,179.0,160.0,146.0
374.0,178.0,160.0,146.0
370.0,178.0,160.0,146.0
368.0,178.0,160.0,146.0
366.0,178.0,160.0,146.0
364.0,178.0,160.0,146.0
362.0,178.0,160.0,146.0
360.0,178.0,160.0,146.0
355.0,178.0,160.0,146.0
352.0,178.0,160.0,146.0
350.0,178.0,160.0,146.0
345.0,178.0,160.0,146.0
342.0,178.0,160.0,146.0
340.0,178.0,160.0,146.0
338.0,178.0,160.0,146.0
335.0,178.0,160.0,146.0
334.0,178.0,160.0,146.0
332.0,178.0,160.0,146.0
330.0,178.0,160.0,146.0
330.0,178.0,160.0,146.0
329.0,178.0,160.0,146.0
329.0,178.0,160.0,146.0
329.0,178.0,160.0,146.0
328.0,177.0,160.0,146.0
328.0,177.0,160.0,146.0
328.0,177.0,160.0,146.0
327.0,177.0,160.0,146.0
327.0,177.0,160.0,146.0
325.0,176.0,160.0,146.0
324.0,175.0,160.0,146.0
323.0,174.0,160.0,146.0
322.0,173.0,160.0,146.0
321.0,172.0,160.0,146.0
318.0,172.0,160.0,146.0
317.0,171.0,160.0,146.0
316.0,170.0,160.0,146.0
315.0,169.0,160.0,146.0
314.0,169.0,160.0,146.0
312.0,166.0,160.0,146.0
311.0,166.0,160.0,146.0
308.0,165.0,160.0,146.0
307.0,165.0,160.0,146.0
307.0,163.0,160.0,146.0
306.0,163.0,160.0,146.0
305.0,161.0,160.0,146.0
304.0,161.0,160.0,146.0
304.0,160.0,160.0,146.0
302.0,159.0,160.0,146.0
301.0,159.0,160.0,146.0
300.0,159.0,160.0,146.0
299.0,159.0,160.0,146.0
299.0,159.0,160.0,146.0
297.0,158.0,160.0,146.0
296.0,158.0,160.0,146.0
295.0,157.0,160.0,146.0
295.0,157.0,160.0,146.0
294.0,156.0,160.0,146.0
294.0,156.0,160.0,146.0
294.0,156.0,160.0,146.0
293.0,154.0,160.0,146.0
293.0,154.0,160.0,146.0
293.0,153.0,160.0,146.0
293.0,153.0,160.0,146.0
292.0,152.0,160.0,146.0
292.0,152.0,160.0,146.0
292.0,152.0,160.0,146.0
292.0,152.0,160.0,146.0
289.0,151.0,160.0,146.0
289.0,151.0,160.0,146.0
289.0,149.0,160.0,146.0
289.0,149.0,160.0,146.0
289.0,149.0,160.0,146.0
289.0,149.0,160.0,146.0
290.0,148.0,160.0,146.0
290.0,148.0,160.0,146.0
290.0,148.0,160.0,146.0
292.0,148.0,160.0,146.0
295.0,150.0,176.0,146.0
299.0,151.0,176.0,146.0
303.0,152.0,178.0,148.0
301.0,154.0,196.0,154.0
306.0,155.0,196.0,154.0
312.0,155.0,196.0,154.0
318.0,160.0,205.0,162.0
324.0,160.0,205.0,162.0
332.0,159.0,217.0,154.0
343.0,159.0,217.0,154.0
352.0,162.0,217.0,154.0
363.0,164.0,217.0,154.0
376.0,169.0,222.0,147.0
383.0,171.0,222.0,147.0
406.0,176.0,214.0,147.0
419.0,175.0,214.0,147.0
431.0,179.0,210.0,143.0
447.0,179.0,210.0,143.0
463.0,179.0,210.0,143.0
478.0,176.0,210.0,143.0
494.0,175.0,210.0,143.0
505.0,174.0,223.0,140.0
523.0,172.0,223.0,140.0
540.0,164.0,223.0,140.0
558.0,162.0,223.0,140.0
610.0,164.0,186.0,129.0
630.0,167.0,186.0,129.0
684.0,172.0,155.0,139.0
701.0,177.0,155.0,139.0
744.0,179.0,133.0,133.0
772.0,189.0,117.0,118.0
787.0,188.0,117.0,118.0
803.0,205.0,105.0,106.0
823.0,209.0,99.0,100.0
836.0,213.0,89.0,90.0
837.0,211.0,89.0,90.0
838.0,208.0,89.0,90.0
833.0,205.0,93.0,95.0
830.0,206.0,93.0,95.0
838.0,209.0,89.0,91.0
nan,nan,nan,nan
nan,nan,nan,nan
nan,nan,nan,nan
nan,nan,nan,nan
867.0,215.0,78.0,62.0
857.0,209.0,85.0,70.0
850.0,206.0,98.0,74.0
844.0,206.0,98.0,74.0
838.0,205.0,98.0,74.0
831.0,204.0,98.0,74.0
824.0,203.0,98.0,74.0
817.0,202.0,98.0,74.0
812.0,203.0,93.0,70.0
815.0,205.0,73.0,71.0
812.0,207.0,70.0,68.0
807.0,207.0,70.0,68.0
803.0,205.0,70.0,68.0
nan,nan,nan,nan
nan,nan,nan,nan
nan,nan,nan,nan
nan,nan,nan,nan
nan,nan,nan,nan
nan,nan,nan,nan
nan,nan,nan,nan
nan,nan,nan,nan
nan,nan,nan,nan
nan,nan,nan,nan
nan,nan,nan,nan
nan,nan,nan,nan
nan,nan,nan,nan
nan,nan,nan,nan
nan,nan,nan,nan
nan,nan,nan,nan
nan,nan,nan,nan
nan,nan,nan,nan
nan,nan,nan,nan
nan,nan,nan,nan
nan,nan,nan,nan
nan,nan,nan,nan
nan,nan,nan,nan
nan,nan,nan,nan
nan,nan,nan,nan
nan,nan,nan,nan
nan,nan,nan,nan
nan,nan,nan,nan
754.0,246.0,91.0,103.0
702.0,241.0,143.0,110.0
702.0,243.0,143.0,110.0
704.0,245.0,143.0,110.0
709.0,248.0,143.0,110.0
716.0,252.0,143.0,110.0
732.0,260.0,135.0,107.0
745.0,266.0,129.0,102.0
754.0,268.0,129.0,102.0
763.0,270.0,129.0,102.0
772.0,271.0,129.0,102.0
780.0,272.0,129.0,102.0
789.0,272.0,129.0,102.0
798.0,272.0,129.0,102.0
806.0,272.0,129.0,102.0
813.0,271.0,129.0,102.0
817.0,270.0,129.0,102.0
820.0,269.0,129.0,102.0
822.0,268.0,129.0,102.0
823.0,268.0,129.0,102.0
826.0,268.0,129.0,102.0
826.0,268.0,129.0,102.0
826.0,268.0,129.0,102.0
826.0,268.0,129.0,102.0
825.0,268.0,129.0,102.0
824.0,268.0,129.0,102.0
823.0,268.0,129.0,102.0
822.0,268.0,129.0,102.0
821.0,268.0,129.0,102.0
820.0,268.0,129.0,102.0
820.0,268.0,129.0,102.0
820.0,268.0,129.0,102.0
820.0,268.0,129.0,102.0
820.0,268.0,129.0,102.0
820.0,268.0,129.0,102.0
820.0,268.0,129.0,102.0
820.0,268.0,129.0,102.0
820.0,268.0,129.0,102.0
820.0,268.0,129.0,102.0
820.0,268.0,129.0,102.0
820.0,268.0,129.0,102.0
820.0,268.0,129.0,102.0
820.0,268.0,129.0,102.0
820.0,268.0,129.0,102.0
820.0,268.0,129.0,102.0
820.0,268.0,129.0,102.0
820.0,268.0,129.0,102.0
820.0,268.0,129.0,102.0
820.0,268.0,129.0,102.0
820.0,268.0,129.0,102.0
820.0,268.0,129.0,102.0
820.0,268.0,129.0,102.0
820.0,268.0,129.0,102.0
820.0,268.0,129.0,102.0
820.0,268.0,129.0,102.0
820.0,268.0,129.0,102.0
820.0,268.0,129.0,102.0
820.0,268.0,129.0,102.0
820.0,268.0,129.0,102.0
820.0,268.0,129.0,102.0
820.0,268.0,129.0,102.0
819.0,268.0,129.0,102.0
819.0,267.0,129.0,102.0
815.0,267.0,129.0,102.0
815.0,267.0,129.0,102.0
812.0,267.0,129.0,102.0
812.0,267.0,129.0,102.0
812.0,267.0,129.0,102.0
812.0,267.0,129.0,102.0
812.0,267.0,129.0,102.0
812.0,267.0,129.0,102.0
807.0,267.0,129.0,102.0
807.0,267.0,129.0,102.0
807.0,267.0,129.0,102.0
807.0,266.0,129.0,102.0
807.0,265.0,129.0,102.0
807.0,265.0,129.0,102.0
807.0,265.0,129.0,102.0
807.0,265.0,129.0,102.0
807.0,265.0,129.0,102.0
807.0,265.0,129.0,102.0
807.0,265.0,129.0,102.0
807.0,265.0,129.0,102.0
807.0,265.0,129.0,102.0
807.0,265.0,129.0,102.0
807.0,264.0,129.0,102.0
807.0,264.0,129.0,102.0
807.0,264.0,129.0,102.0
807.0,264.0,129.0,102.0
807.0,264.0,129.0,102.0
806.0,264.0,129.0,102.0
805.0,264.0,129.0,102.0
804.0,264.0,129.0,102.0
803.0,263.0,129.0,102.0
815.0,262.0,112.0,105.0
817.0,258.0,103.0,109.0
815.0,257.0,103.0,109.0
812.0,256.0,103.0,109.0
812.0,253.0,101.0,115.0
809.0,249.0,101.0,115.0
806.0,248.0,101.0,115.0
803.0,247.0,101.0,115.0
801.0,246.0,101.0,115.0
808.0,240.0,91.0,134.0
808.0,239.0,91.0,134.0
805.0,235.0,91.0,134.0
804.0,233.0,91.0,134.0
803.0,232.0,91.0,134.0
803.0,231.0,91.0,134.0
799.0,225.0,91.0,134.0
798.0,224.0,91.0,134.0
797.0,223.0,91.0,134.0
797.0,222.0,91.0,134.0
797.0,221.0,91.0,134.0
797.0,220.0,91.0,134.0
797.0,219.0,91.0,134.0
797.0,218.0,91.0,134.0
795.0,209.0,100.0,144.0
795.0,209.0,100.0,144.0
795.0,209.0,100.0,144.0
795.0,209.0,100.0,144.0
795.0,209.0,100.0,144.0
795.0,209.0,100.0,144.0
795.0,209.0,100.0,144.0
795.0,209.0,100.0,144.0
795.0,209.0,100.0,144.0
795.0,209.0,100.0,144.0
798.0,210.0,100.0,144.0
798.0,210.0,100.0,144.0
798.0,210.0,100.0,144.0
798.0,210.0,100.0,144.0
798.0,211.0,100.0,144.0
798.0,211.0,100.0,144.0
798.0,211.0,100.0,144.0
798.0,211.0,100.0,144.0
798.0,211.0,100.0,144.0
796.0,221.0,103.0,136.0
796.0,222.0,103.0,136.0
796.0,222.0,103.0,136.0
796.0,222.0,103.0,136.0
796.0,222.0,103.0,136.0
796.0,225.0,103.0,136.0
796.0,225.0,103.0,136.0
796.0,225.0,103.0,136.0
796.0,225.0,103.0,136.0
796.0,225.0,103.0,136.0
796.0,225.0,103.0,136.0
801.0,219.0,96.0,140.0
801.0,219.0,96.0,140.0
803.0,219.0,96.0,140.0
803.0,219.0,96.0,140.0
805.0,219.0,96.0,140.0
806.0,221.0,96.0,140.0
806.0,221.0,96.0,140.0
806.0,221.0,96.0,140.0
806.0,222.0,96.0,140.0
804.0,233.0,98.0,133.0
804.0,234.0,98.0,133.0
804.0,235.0,98.0,133.0
803.0,236.0,98.0,133.0
802.0,238.0,98.0,133.0
799.0,239.0,98.0,133.0
778.0,254.0,124.0,104.0
755.0,255.0,146.0,107.0
739.0,259.0,151.0,110.0
711.0,267.0,187.0,111.0
691.0,267.0,196.0,117.0
694.0,253.0,183.0,146.0
683.0,258.0,183.0,146.0
679.0,260.0,183.0,146.0
676.0,264.0,183.0,146.0
668.0,283.0,190.0,134.0
661.0,286.0,200.0,141.0
627.0,294.0,235.0,145.0
625.0,295.0,235.0,145.0
620.0,305.0,235.0,145.0
614.0,305.0,235.0,145.0
628.0,304.0,218.0,161.0
625.0,303.0,218.0,161.0
638.0,295.0,192.0,170.0
636.0,293.0,192.0,170.0
635.0,291.0,192.0,170.0
648.0,288.0,165.0,169.0
647.0,287.0,165.0,169.0
668.0,293.0,136.0,144.0
675.0,298.0,126.0,134.0
681.0,306.0,120.0,128.0
689.0,315.0,118.0,102.0
691.0,314.0,118.0,102.0
695.0,312.0,118.0,102.0
688.0,312.0,124.0,107.0
691.0,307.0,124.0,107.0
689.0,301.0,124.0,107.0
691.0,294.0,124.0,107.0
692.0,296.0,124.0,107.0
699.0,294.0,104.0,115.0
699.0,291.0,104.0,115.0
698.0,291.0,104.0,115.0
695.0,288.0,104.0,115.0
692.0,285.0,104.0,115.0
703.0,283.0,90.0,111.0
704.0,286.0,86.0,103.0
701.0,283.0,86.0,103.0
702.0,290.0,83.0,94.0
698.0,285.0,83.0,94.0
701.0,298.0,82.0,82.0
699.0,296.0,82.0,82.0
695.0,295.0,82.0,82.0
694.0,295.0,82.0,82.0
694.0,294.0,82.0,82.0
695.0,294.0,82.0,82.0
715.0,296.0,63.0,77.0
718.0,297.0,63.0,77.0
714.0,297.0,63.0,77.0
711.0,298.0,63.0,77.0
713.0,300.0,63.0,77.0
nan,nan,nan,nan
nan,nan,nan,nan
717.0,306.0,60.0,61.0
718.0,306.0,60.0,61.0
678.0,306.0,103.0,64.0
677.0,309.0,103.0,64.0
669.0,309.0,103.0,64.0
670.0,310.0,103.0,64.0
651.0,309.0,126.0,69.0
651.0,310.0,126.0,69.0
649.0,312.0,126.0,69.0
619.0,314.0,157.0,76.0
611.0,314.0,165.0,97.0
596.0,311.0,168.0,113.0
585.0,315.0,168.0,113.0
574.0,319.0,168.0,113.0
550.0,327.0,191.0,121.0
540.0,333.0,191.0,121.0
539.0,336.0,191.0,121.0
536.0,339.0,185.0,122.0
536.0,340.0,185.0,122.0
533.0,346.0,185.0,122.0
532.0,346.0,185.0,122.0
531.0,346.0,185.0,122.0
521.0,345.0,185.0,122.0
511.0,345.0,185.0,122.0
503.0,342.0,185.0,122.0
495.0,341.0,185.0,122.0
487.0,339.0,203.0,128.0
485.0,339.0,203.0,128.0
484.0,340.0,203.0,128.0
484.0,341.0,203.0,128.0
486.0,348.0,210.0,125.0
488.0,348.0,210.0,125.0
492.0,352.0,206.0,121.0
493.0,351.0,206.0,121.0
502.0,352.0,200.0,115.0
503.0,351.0,200.0,115.0
504.0,346.0,200.0,115.0
506.0,345.0,200.0,115.0
505.0,343.0,198.0,113.0
509.0,341.0,198.0,113.0
513.0,342.0,198.0,113.0
517.0,343.0,198.0,113.0
521.0,344.0,198.0,113.0
525.0,341.0,181.0,129.0
527.0,342.0,181.0,129.0
528.0,338.0,181.0,129.0
529.0,337.0,181.0,129.0
529.0,336.0,181.0,129.0
528.0,335.0,181.0,129.0
527.0,334.0,181.0,129.0
525.0,333.0,181.0,129.0
565.0,329.0,140.0,135.0
565.0,327.0,140.0,135.0
567.0,326.0,140.0,135.0
570.0,324.0,140.0,135.0
573.0,323.0,140.0,135.0
576.0,322.0,140.0,135.0
578.0,321.0,140.0,135.0
581.0,320.0,140.0,135.0
582.0,317.0,140.0,135.0
585.0,317.0,140.0,135.0
588.0,317.0,140.0,135.0
592.0,317.0,140.0,135.0
597.0,317.0,140.0,135.0
602.0,316.0,140.0,135.0
607.0,316.0,140.0,135.0
612.0,315.0,140.0,135.0
616.0,314.0,140.0,135.0
620.0,312.0,140.0,135.0
623.0,311.0,140.0,135.0
625.0,310.0,140.0,135.0
628.0,309.0,140.0,135.0
629.0,308.0,140.0,135.0
631.0,303.0,151.0,131.0
632.0,302.0,151.0,131.0
633.0,302.0,151.0,131.0
633.0,302.0,151.0,131.0
633.0,302.0,151.0,131.0
633.0,302.0,151.0,131.0
633.0,302.0,151.0,131.0
633.0,302.0,151.0,131.0
633.0,302.0,151.0,131.0
633.0,301.0,151.0,131.0
633.0,301.0,151.0,131.0
633.0,301.0,151.0,131.0
634.0,301.0,151.0,131.0
642.0,299.0,126.0,125.0
644.0,299.0,126.0,125.0
646.0,299.0,126.0,125.0
648.0,299.0,126.0,125.0
649.0,299.0,126.0,125.0
650.0,299.0,126.0,125.0
652.0,299.0,126.0,125.0
653.0,299.0,126.0,125.0
654.0,299.0,126.0,125.0
655.0,299.0,126.0,125.0
656.0,299.0,126.0,125.0
657.0,299.0,126.0,125.0
658.0,299.0,126.0,125.0
658.0,299.0,126.0,125.0
658.0,299.0,126.0,125.0
664.0,299.0,126.0,125.0
664.0,299.0,126.0,125.0
664.0,299.0,126.0,125.0
664.0,298.0,126.0,125.0
667.0,296.0,126.0,125.0
667.0,296.0,126.0,125.0
668.0,296.0,126.0,125.0
668.0,295.0,126.0,125.0
669.0,294.0,126.0,125.0
670.0,294.0,126.0,125.0
670.0,294.0,126.0,125.0
670.0,294.0,126.0,125.0
670.0,294.0,126.0,125.0
670.0,294.0,126.0,125.0
676.0,288.0,118.0,137.0
676.0,288.0,118.0,137.0
676.0,288.0,118.0,137.0
675.0,288.0,118.0,137.0
674.0,286.0,118.0,137.0
674.0,286.0,118.0,137.0
674.0,286.0,118.0,137.0
674.0,286.0,118.0,137.0
674.0,286.0,118.0,137.0
674.0,286.0,118.0,137.0
674.0,286.0,118.0,137.0
670.0,286.0,118.0,137.0
670.0,286.0,118.0,137.0
670.0,286.0,118.0,137.0
670.0,287.0,118.0,137.0
669.0,288.0,118.0,137.0
669.0,288.0,118.0,137.0
664.0,287.0,131.0,144.0
664.0,287.0,131.0,144.0
664.0,287.0,131.0,144.0
661.0,290.0,131.0,144.0
661.0,290.0,131.0,144.0
661.0,290.0,131.0,144.0
661.0,290.0,131.0,144.0
661.0,290.0,131.0,144.0
661.0,290.0,131.0,144.0
661.0,290.0,131.0,144.0
661.0,290.0,131.0,144.0
661.0,290.0,131.0,144.0
661.0,290.0,131.0,144.0
661.0,290.0,131.0,144.0
661.0,290.0,131.0,144.0
661.0,290.0,131.0,144.0
661.0,290.0,131.0,144.0
661.0,290.0,131.0,144.0
661.0,290.0,131.0,144.0
661.0,290.0,131.0,144.0
661.0,290.0,131.0,144.0
661.0,290.0,131.0,144.0
661.0,290.0,131.0,144.0
661.0,290.0,131.0,144.0
661.0,291.0,131.0,144.0
658.0,293.0,142.0,141.0
657.0,294.0,142.0,141.0
656.0,295.0,142.0,141.0
655.0,297.0,142.0,141.0
656.0,305.0,143.0,132.0
655.0,306.0,143.0,132.0
653.0,306.0,143.0,132.0
648.0,304.0,143.0,132.0
638.0,299.0,143.0,132.0
618.0,277.0,183.0,151.0
599.0,262.0,196.0,164.0
573.0,235.0,218.0,189.0
548.0,224.0,218.0,189.0
523.0,196.0,241.0,212.0
457.0,183.0,241.0,212.0
435.0,186.0,222.0,207.0
408.0,185.0,205.0,211.0
374.0,182.0,198.0,238.0
307.0,171.0,222.0,236.0
305.0,175.0,190.0,285.0
206.0,202.0,235.0,240.0
144.0,224.0,253.0,233.0
109.0,259.0,247.0,233.0
59.0,308.0,265.0,195.0
30.0,317.0,252.0,223.0
8.0,324.0,226.0,250.0
3.0,321.0,215.0,268.0
2.0,321.0,172.0,281.0
2.0,305.0,151.0,304.0
2.0,280.0,127.0,296.0
5.0,269.0,112.0,323.0
2.0,252.0,116.0,324.0
8.0,238.0,116.0,324.0
2.0,233.0,162.0,301.0
20.0,232.0,185.0,279.0
27.0,234.0,215.0,271.0
44.0,247.0,240.0,256.0
75.0,269.0,240.0,229.0
126.0,291.0,203.0,196.0
165.0,325.0,186.0,155.0
200.0,349.0,185.0,115.0
253.0,339.0,148.0,116.0
293.0,331.0,138.0,114.0
329.0,314.0,135.0,125.0
368.0,299.0,119.0,137.0
381.0,315.0,111.0,118.0
395.0,325.0,111.0,118.0
424.0,281.0,104.0,140.0
448.0,299.0,104.0,140.0
467.0,339.0,115.0,116.0
473.0,351.0,145.0,104.0
481.0,365.0,218.0,125.0
493.0,357.0,299.0,153.0
514.0,364.0,299.0,153.0
536.0,366.0,299.0,153.0
549.0,368.0,299.0,153.0
593.0,381.0,260.0,150.0
658.0,394.0,176.0,147.0
726.0,402.0,120.0,147.0
735.0,398.0,126.0,154.0
749.0,384.0,161.0,157.0
753.0,358.0,179.0,166.0
765.0,355.0,181.0,161.0
768.0,342.0,181.0,161.0
772.0,331.0,181.0,161.0
772.0,342.0,185.0,144.0
771.0,338.0,185.0,144.0
766.0,335.0,185.0,144.0
763.0,334.0,185.0,144.0
763.0,335.0,185.0,144.0
765.0,336.0,181.0,140.0
736.0,334.0,211.0,141.0
728.0,332.0,211.0,141.0
722.0,333.0,211.0,141.0
718.0,330.0,211.0,141.0
730.0,319.0,193.0,153.0
736.0,310.0,178.0,164.0
730.0,308.0,178.0,164.0
711.0,290.0,182.0,181.0
695.0,288.0,182.0,181.0
660.0,300.0,197.0,156.0
642.0,296.0,197.0,156.0
601.0,296.0,215.0,150.0
559.0,296.0,224.0,140.0
534.0,298.0,218.0,134.0
543.0,306.0,183.0,120.0
512.0,306.0,183.0,120.0
483.0,305.0,183.0,120.0
462.0,301.0,183.0,120.0
447.0,298.0,183.0,120.0
444.0,307.0,166.0,114.0
428.0,310.0,166.0,114.0
397.0,334.0,195.0,104.0
400.0,336.0,195.0,104.0
409.0,334.0,195.0,104.0
423.0,327.0,189.0,114.0
435.0,326.0,189.0,114.0
441.0,326.0,205.0,118.0
451.0,324.0,205.0,118.0
469.0,321.0,195.0,117.0
491.0,304.0,184.0,129.0
523.0,288.0,158.0,146.0
546.0,273.0,145.0,162.0
563.0,267.0,130.0,176.0
565.0,261.0,139.0,173.0
570.0,258.0,140.0,176.0
579.0,257.0,140.0,176.0
590.0,256.0,138.0,174.0
601.0,254.0,138.0,174.0
612.0,243.0,131.0,186.0
623.0,243.0,147.0,187.0
632.0,244.0,147.0,187.0
641.0,258.0,160.0,176.0
649.0,266.0,164.0,143.0
660.0,269.0,164.0,143.0
668.0,265.0,164.0,143.0
680.0,261.0,154.0,136.0
680.0,257.0,154.0,136.0
684.0,255.0,145.0,134.0
682.0,251.0,145.0,134.0
682.0,246.0,145.0,134.0
679.0,245.0,145.0,134.0
683.0,244.0,125.0,136.0
673.0,244.0,125.0,136.0
681.0,245.0,100.0,134.0
671.0,249.0,100.0,134.0
642.0,264.0,129.0,118.0
618.0,269.0,129.0,118.0
583.0,272.0,183.0,118.0
541.0,283.0,213.0,106.0
495.0,287.0,224.0,111.0
461.0,288.0,247.0,106.0
422.0,287.0,247.0,106.0
384.0,286.0,233.0,111.0
350.0,286.0,217.0,115.0
311.0,302.0,214.0,111.0
277.0,306.0,215.0,124.0
227.0,304.0,233.0,147.0
188.0,304.0,241.0,172.0
155.0,292.0,234.0,182.0
128.0,285.0,231.0,180.0
70.0,270.0,234.0,220.0
17.0,238.0,254.0,236.0
6.0,249.0,262.0,244.0
3.0,258.0,249.0,205.0
2.0,252.0,221.0,178.0
5.0,242.0,175.0,164.0
8.0,225.0,138.0,136.0
6.0,209.0,124.0,146.0
1.0,201.0,132.0,146.0
1.0,198.0,138.0,116.0
1.0,173.0,153.0,137.0
1.0,177.0,176.0,138.0
nan,nan,nan,nan
nan,nan,nan,nan
nan,nan,nan,nan
nan,nan,nan,nan
nan,nan,nan,nan
nan,nan,nan,nan
nan,nan,nan,nan
nan,nan,nan,nan
1.0,190.0,138.0,141.0
2.0,193.0,145.0,148.0
2.0,196.0,200.0,157.0
1.0,207.0,224.0,148.0
1.0,213.0,244.0,144.0
22.0,212.0,244.0,144.0
3.0,211.0,278.0,147.0
3.0,220.0,307.0,149.0
18.0,222.0,307.0,149.0
45.0,232.0,319.0,148.0
90.0,244.0,319.0,148.0
109.0,247.0,365.0,180.0
130.0,257.0,401.0,214.0
188.0,263.0,385.0,228.0
282.0,283.0,338.0,265.0
343.0,312.0,322.0,281.0
424.0,346.0,284.0,256.0
462.0,380.0,278.0,215.0
512.0,407.0,261.0,210.0
557.0,379.0,253.0,240.0
596.0,362.0,251.0,260.0
612.0,348.0,263.0,267.0
623.0,343.0,278.0,269.0
641.0,336.0,306.0,274.0
666.0,333.0,296.0,284.0
689.0,342.0,315.0,302.0
726.0,356.0,325.0,300.0
775.0,377.0,299.0,292.0
793.0,385.0,283.0,271.0
796.0,396.0,303.0,193.0
793.0,415.0,303.0,193.0
781.0,438.0,300.0,187.0
762.0,472.0,296.0,186.0
748.0,490.0,276.0,215.0
724.0,515.0,251.0,205.0
671.0,547.0,258.0,174.0
610.0,572.0,282.0,147.0
518.0,606.0,290.0,115.0
461.0,633.0,291.0,87.0
nan,nan,nan,nan
nan,nan,nan,nan
nan,nan,nan,nan
nan,nan,nan,nan
nan,nan,nan,nan
nan,nan,nan,nan
nan,nan,nan,nan
nan,nan,nan,nan
nan,nan,nan,nan
nan,nan,nan,nan
nan,nan,nan,nan
nan,nan,nan,nan
nan,nan,nan,nan
nan,nan,nan,nan
nan,nan,nan,nan
nan,nan,nan,nan
nan,nan,nan,nan
nan,nan,nan,nan
nan,nan,nan,nan
nan,nan,nan,nan
21.0,549.0,238.0,170.0
3.0,494.0,317.0,225.0
2.0,473.0,367.0,247.0
1.0,447.0,402.0,271.0
3.0,423.0,414.0,291.0
1.0,390.0,415.0,319.0
2.0,351.0,401.0,312.0
2.0,314.0,387.0,317.0
84.0,272.0,295.0,334.0
125.0,236.0,247.0,361.0
168.0,212.0,210.0,374.0
187.0,200.0,210.0,374.0
200.0,192.0,202.0,364.0
221.0,204.0,189.0,320.0
250.0,217.0,167.0,247.0
262.0,208.0,150.0,211.0
272.0,204.0,130.0,183.0
284.0,197.0,155.0,180.0
289.0,184.0,164.0,174.0
301.0,187.0,164.0,174.0
308.0,191.0,155.0,181.0
323.0,210.0,131.0,155.0
339.0,215.0,120.0,144.0
363.0,217.0,107.0,139.0
383.0,208.0,91.0,146.0
397.0,182.0,87.0,180.0
415.0,162.0,87.0,207.0
433.0,142.0,94.0,228.0
460.0,141.0,94.0,228.0
475.0,121.0,109.0,243.0
481.0,96.0,117.0,255.0
500.0,82.0,117.0,255.0
509.0,66.0,117.0,255.0
511.0,60.0,117.0,255.0
512.0,65.0,111.0,230.0
513.0,70.0,111.0,230.0
510.0,88.0,122.0,200.0
513.0,101.0,118.0,196.0
517.0,127.0,132.0,195.0
519.0,142.0,132.0,195.0
509.0,166.0,174.0,222.0
503.0,183.0,174.0,222.0
499.0,213.0,195.0,195.0
501.0,257.0,186.0,156.0
508.0,290.0,182.0,139.0
504.0,300.0,182.0,134.0
502.0,302.0,182.0,134.0
494.0,295.0,186.0,138.0
483.0,289.0,197.0,148.0
474.0,287.0,197.0,148.0
466.0,288.0,197.0,148.0
448.0,299.0,226.0,143.0
437.0,318.0,240.0,135.0
431.0,326.0,240.0,135.0
432.0,330.0,240.0,135.0
442.0,320.0,212.0,150.0
448.0,306.0,202.0,169.0
438.0,303.0,202.0,169.0
414.0,289.0,216.0,181.0
385.0,276.0,234.0,186.0
356.0,269.0,252.0,191.0
326.0,265.0,264.0,181.0
294.0,259.0,274.0,177.0
255.0,272.0,284.0,157.0
223.0,272.0,288.0,164.0
197.0,274.0,282.0,178.0
172.0,279.0,279.0,186.0
157.0,277.0,279.0,195.0
148.0,275.0,272.0,207.0
155.0,272.0,271.0,207.0
164.0,276.0,253.0,218.0
177.0,284.0,245.0,225.0
184.0,293.0,242.0,198.0
188.0,263.0,248.0,243.0
191.0,247.0,250.0,268.0
171.0,218.0,268.0,306.0
165.0,222.0,281.0,321.0
160.0,207.0,281.0,428.0
165.0,211.0,266.0,466.0
163.0,244.0,262.0,473.0
178.0,254.0,241.0,464.0
202.0,309.0,196.0,410.0
179.0,405.0,204.0,315.0
132.0,508.0,226.0,212.0
103.0,648.0,213.0,73.0
nan,nan,nan,nan
nan,nan,nan,nan
nan,nan,nan,nan
nan,nan,nan,nan
nan,nan,nan,nan
nan,nan,nan,nan
nan,nan,nan,nan
nan,nan,nan,nan
nan,nan,nan,nan
470.0,627.0,367.0,92.0
502.0,560.0,331.0,160.0
541.0,512.0,292.0,208.0
582.0,479.0,281.0,239.0
619.0,448.0,235.0,271.0
636.0,431.0,225.0,289.0
648.0,415.0,215.0,304.0
673.0,394.0,175.0,315.0
677.0,385.0,155.0,321.0
682.0,360.0,159.0,293.0
682.0,334.0,151.0,285.0
681.0,307.0,168.0,261.0
679.0,294.0,169.0,243.0
674.0,283.0,177.0,255.0
674.0,281.0,177.0,255.0
668.0,290.0,188.0,287.0
664.0,303.0,176.0,254.0
656.0,316.0,176.0,214.0
639.0,321.0,188.0,190.0
621.0,318.0,185.0,162.0
602.0,309.0,182.0,153.0
582.0,294.0,177.0,158.0
562.0,285.0,173.0,156.0
544.0,279.0,178.0,160.0
529.0,277.0,207.0,164.0
513.0,280.0,220.0,161.0
504.0,284.0,211.0,137.0
492.0,299.0,185.0,115.0
491.0,283.0,160.0,116.0
503.0,290.0,117.0,107.0
505.0,276.0,106.0,116.0
497.0,261.0,117.0,123.0
509.0,246.0,118.0,139.0
520.0,243.0,119.0,149.0
530.0,224.0,122.0,164.0
537.0,207.0,125.0,171.0
539.0,204.0,125.0,171.0
539.0,202.0,125.0,171.0
540.0,208.0,118.0,164.0
544.0,220.0,112.0,151.0
550.0,235.0,107.0,138.0
552.0,240.0,103.0,137.0
543.0,252.0,103.0,137.0
534.0,258.0,109.0,125.0
515.0,264.0,131.0,113.0
498.0,270.0,152.0,115.0
485.0,264.0,162.0,121.0
470.0,262.0,174.0,135.0
460.0,257.0,178.0,142.0
453.0,260.0,184.0,140.0
446.0,261.0,190.0,138.0
445.0,268.0,188.0,131.0
447.0,276.0,187.0,129.0
445.0,284.0,187.0,125.0
449.0,285.0,176.0,131.0
456.0,280.0,171.0,145.0
459.0,281.0,171.0,145.0
463.0,282.0,171.0,145.0
471.0,283.0,159.0,147.0
472.0,282.0,159.0,147.0
470.0,277.0,159.0,147.0
465.0,275.0,159.0,147.0
458.0,274.0,145.0,145.0
456.0,270.0,127.0,132.0
446.0,267.0,127.0,132.0
444.0,256.0,104.0,148.0
433.0,255.0,104.0,148.0
419.0,252.0,102.0,146.0
408.0,252.0,102.0,146.0
402.0,252.0,90.0,155.0
390.0,254.0,90.0,155.0
373.0,256.0,90.0,155.0
358.0,258.0,90.0,155.0
336.0,260.0,90.0,155.0
316.0,261.0,90.0,155.0
299.0,262.0,90.0,155.0
286.0,262.0,90.0,155.0
276.0,263.0,90.0,155.0
273.0,264.0,90.0,155.0
272.0,266.0,90.0,155.0
272.0,269.0,90.0,155.0
273.0,274.0,90.0,155.0
276.0,277.0,90.0,155.0
277.0,284.0,102.0,157.0
280.0,288.0,102.0,157.0
283.0,292.0,102.0,157.0
285.0,294.0,102.0,157.0
290.0,296.0,104.0,159.0
293.0,299.0,104.0,159.0
294.0,307.0,111.0,164.0
297.0,310.0,111.0,164.0
300.0,313.0,111.0,164.0
301.0,317.0,111.0,164.0
300.0,329.0,117.0,158.0
301.0,332.0,117.0,158.0
302.0,335.0,117.0,158.0
303.0,338.0,117.0,158.0
305.0,340.0,117.0,158.0
307.0,341.0,117.0,158.0
310.0,342.0,117.0,158.0
315.0,343.0,117.0,158.0
321.0,344.0,117.0,158.0
329.0,345.0,117.0,158.0
335.0,350.0,124.0,160.0
342.0,350.0,124.0,160.0
347.0,350.0,124.0,160.0
352.0,350.0,124.0,160.0
355.0,350.0,124.0,160.0
357.0,351.0,124.0,160.0
360.0,351.0,124.0,160.0
362.0,352.0,124.0,160.0
367.0,354.0,124.0,160.0
369.0,354.0,123.0,156.0
372.0,353.0,123.0,156.0
378.0,352.0,123.0,156.0
382.0,351.0,123.0,156.0
388.0,349.0,123.0,156.0
393.0,348.0,123.0,156.0
399.0,347.0,123.0,156.0
406.0,345.0,123.0,156.0
413.0,345.0,123.0,156.0
420.0,345.0,123.0,156.0
427.0,350.0,123.0,148.0
433.0,351.0,123.0,148.0
440.0,352.0,123.0,148.0
445.0,353.0,123.0,148.0
453.0,354.0,123.0,148.0
458.0,354.0,123.0,148.0
463.0,356.0,123.0,148.0
467.0,356.0,123.0,148.0
471.0,356.0,123.0,148.0
475.0,356.0,123.0,148.0
479.0,355.0,123.0,148.0
480.0,360.0,138.0,145.0
483.0,360.0,138.0,145.0
486.0,360.0,138.0,145.0
489.0,361.0,138.0,145.0
492.0,362.0,138.0,145.0
495.0,364.0,138.0,145.0
498.0,366.0,138.0,145.0
500.0,367.0,138.0,145.0
503.0,368.0,138.0,145.0
500.0,376.0,158.0,137.0
504.0,376.0,158.0,137.0
509.0,376.0,158.0,137.0
521.0,375.0,158.0,137.0
528.0,374.0,158.0,137.0
532.0,372.0,158.0,137.0
534.0,370.0,158.0,137.0
537.0,368.0,158.0,137.0
539.0,366.0,158.0,137.0
542.0,365.0,158.0,137.0
546.0,364.0,158.0,137.0
539.0,358.0,169.0,150.0
543.0,357.0,169.0,150.0
547.0,357.0,169.0,150.0
551.0,357.0,169.0,150.0
555.0,356.0,169.0,150.0
558.0,355.0,169.0,150.0
556.0,359.0,176.0,151.0
559.0,358.0,176.0,151.0
562.0,357.0,176.0,151.0
565.0,356.0,176.0,151.0
569.0,355.0,176.0,151.0
573.0,354.0,176.0,151.0
570.0,358.0,176.0,151.0
576.0,357.0,176.0,151.0
584.0,357.0,176.0,151.0
592.0,356.0,176.0,151.0
594.0,356.0,176.0,151.0
612.0,355.0,159.0,153.0
620.0,355.0,159.0,153.0
626.0,354.0,159.0,153.0
632.0,354.0,159.0,153.0
637.0,342.0,145.0,167.0
642.0,343.0,145.0,167.0
645.0,344.0,145.0,167.0
646.0,342.0,145.0,167.0
649.0,342.0,145.0,167.0
658.0,339.0,132.0,171.0
660.0,339.0,132.0,171.0
661.0,339.0,132.0,171.0
662.0,339.0,132.0,171.0
663.0,339.0,132.0,171.0
663.0,339.0,132.0,171.0
663.0,339.0,132.0,171.0
663.0,339.0,132.0,171.0
663.0,337.0,132.0,171.0
663.0,337.0,132.0,171.0
663.0,337.0,132.0,171.0
663.0,337.0,132.0,171.0
663.0,337.0,132.0,171.0
662.0,337.0,132.0,171.0
662.0,337.0,132.0,171.0
662.0,337.0,132.0,171.0
664.0,330.0,130.0,177.0
664.0,330.0,130.0,177.0
664.0,330.0,130.0,177.0
664.0,330.0,130.0,177.0
664.0,330.0,130.0,177.0
664.0,330.0,130.0,177.0
666.0,329.0,130.0,177.0
667.0,329.0,130.0,177.0
668.0,329.0,130.0,177.0
672.0,328.0,130.0,177.0
673.0,328.0,130.0,177.0
674.0,328.0,130.0,177.0
673.0,328.0,130.0,177.0
672.0,329.0,130.0,177.0
670.0,329.0,130.0,177.0
670.0,329.0,130.0,177.0
669.0,330.0,130.0,177.0
669.0,330.0,130.0,177.0
669.0,330.0,130.0,177.0
669.0,330.0,130.0,177.0
669.0,330.0,130.0,177.0
670.0,328.0,130.0,177.0
671.0,328.0,130.0,177.0
672.0,328.0,130.0,177.0
675.0,328.0,130.0,177.0
676.0,328.0,130.0,177.0
679.0,326.0,130.0,177.0
680.0,326.0,130.0,177.0
681.0,326.0,130.0,177.0
682.0,326.0,130.0,177.0
683.0,326.0,130.0,177.0
683.0,325.0,130.0,177.0
683.0,324.0,130.0,177.0
683.0,324.0,130.0,177.0
683.0,323.0,130.0,177.0
683.0,323.0,130.0,177.0
683.0,323.0,130.0,177.0
683.0,323.0,130.0,177.0
683.0,322.0,130.0,177.0
683.0,322.0,130.0,177.0
683.0,321.0,130.0,177.0
683.0,320.0,130.0,177.0
683.0,319.0,130.0,177.0
683.0,319.0,130.0,177.0
685.0,317.0,130.0,177.0
685.0,316.0,130.0,177.0
686.0,315.0,130.0,177.0
686.0,315.0,130.0,177.0
686.0,314.0,130.0,177.0
686.0,314.0,130.0,177.0
687.0,314.0,130.0,177.0
688.0,314.0,130.0,177.0
688.0,314.0,130.0,177.0
688.0,314.0,130.0,177.0
688.0,314.0,130.0,177.0
688.0,312.0,130.0,177.0
688.0,312.0,130.0,177.0
688.0,312.0,130.0,177.0
688.0,312.0,130.0,177.0
687.0,312.0,130.0,177.0
687.0,312.0,130.0,177.0
687.0,312.0,130.0,177.0
684.0,312.0,130.0,177.0
684.0,312.0,130.0,177.0
684.0,310.0,130.0,177.0
684.0,310.0,130.0,177.0
684.0,310.0,130.0,177.0
683.0,310.0,130.0,177.0
683.0,310.0,130.0,177.0
682.0,310.0,130.0,177.0
681.0,310.0,130.0,177.0
680.0,310.0,130.0,177.0
680.0,310.0,130.0,177.0
680.0,310.0,130.0,177.0
680.0,309.0,130.0,177.0
680.0,309.0,130.0,177.0
678.0,309.0,130.0,177.0
677.0,309.0,130.0,177.0
676.0,309.0,130.0,177.0
675.0,308.0,130.0,177.0
674.0,307.0,130.0,177.0
673.0,307.0,130.0,177.0
672.0,306.0,130.0,177.0
671.0,306.0,130.0,177.0
670.0,306.0,130.0,177.0
669.0,306.0,130.0,177.0
668.0,306.0,130.0,177.0
667.0,306.0,130.0,177.0
666.0,306.0,130.0,177.0
665.0,306.0,130.0,177.0
664.0,306.0,130.0,177.0
663.0,306.0,130.0,177.0
662.0,306.0,130.0,177.0
661.0,306.0,130.0,177.0
660.0,305.0,130.0,177.0
660.0,304.0,130.0,177.0
660.0,305.0,130.0,177.0
660.0,305.0,130.0,177.0
663.0,307.0,130.0,177.0
692.03,307.22,103.06,176.83
694.0,306.0,103.0,177.0
718.96,311.9,86.661,172.15
738.0,313.0,87.0,172.0
nan,nan,nan,nan
nan,nan,nan,nan
nan,nan,nan,nan
nan,nan,nan,nan
nan,nan,nan,nan
nan,nan,nan,nan
nan,nan,nan,nan
nan,nan,nan,nan
nan,nan,nan,nan
nan,nan,nan,nan
nan,nan,nan,nan
nan,nan,nan,nan
nan,nan,nan,nan
nan,nan,nan,nan
nan,nan,nan,nan
nan,nan,nan,nan
nan,nan,nan,nan
nan,nan,nan,nan
nan,nan,nan,nan
nan,nan,nan,nan
nan,nan,nan,nan
nan,nan,nan,nan
713.11,277.94,70.265,72.608
710.0,276.0,74.0,76.0
702.57,272.08,80.805,112.42
697.88,272.08,100.71,117.11
696.71,273.25,97.2,129.99
694.37,273.25,91.345,144.04
691.0,272.0,91.0,144.0
688.0,271.0,91.0,144.0
683.0,269.0,91.0,144.0
680.0,268.0,91.0,144.0
677.0,267.0,91.0,144.0
674.0,267.0,91.0,144.0
671.0,267.0,91.0,144.0
663.92,260.37,91.345,151.07
660.0,260.0,91.0,151.0
654.0,259.0,91.0,151.0
651.0,258.0,91.0,151.0
647.0,258.0,91.0,151.0
644.0,258.0,91.0,151.0
640.0,258.0,91.0,151.0
629.96,256.86,98.371,154.58
625.0,256.0,98.0,155.0
616.0,256.0,98.0,155.0
611.0,257.0,96.0,153.0
605.0,257.0,96.0,153.0
599.0,258.0,96.0,153.0
594.0,257.0,96.0,153.0
589.0,257.0,96.0,153.0
583.0,258.0,96.0,153.0
578.0,260.0,96.0,153.0
573.0,261.0,96.0,153.0
567.0,263.0,96.0,153.0
563.0,265.0,96.0,153.0
555.0,266.0,96.0,153.0
550.0,268.0,96.0,153.0
546.0,270.0,96.0,153.0
542.0,272.0,96.0,153.0
528.59,275.6,100.71,146.39
524.0,277.0,101.0,146.0
520.0,278.0,101.0,146.0
515.0,279.0,101.0,146.0
510.0,282.0,101.0,146.0
508.0,282.0,101.0,146.0
506.0,283.0,101.0,146.0
502.0,283.0,101.0,146.0
499.0,283.0,101.0,146.0
497.0,283.0,101.0,146.0
495.0,283.0,101.0,146.0
493.0,283.0,101.0,146.0
491.0,283.0,101.0,146.0
486.0,283.0,101.0,146.0
484.0,282.0,101.0,146.0
479.0,280.0,101.0,146.0
477.0,280.0,101.0,146.0
474.0,279.0,101.0,146.0
471.0,278.0,101.0,146.0
468.0,277.0,101.0,146.0
458.98,276.77,106.57,144.04
457.0,276.0,107.0,144.0
455.0,276.0,107.0,144.0
454.0,275.0,107.0,144.0
453.0,274.0,107.0,144.0
451.0,274.0,107.0,144.0
449.0,273.0,107.0,144.0
449.0,273.0,107.0,144.0
447.0,270.0,107.0,144.0
447.0,269.0,107.0,144.0
446.0,268.0,107.0,144.0
445.0,267.0,107.0,144.0
445.0,267.0,107.0,144.0
445.0,266.0,107.0,144.0
445.0,266.0,107.0,144.0
445.0,265.0,107.0,144.0
445.0,264.0,107.0,144.0
445.0,264.0,107.0,144.0
445.0,264.0,107.0,144.0
444.0,262.0,107.0,144.0
444.0,261.0,107.0,144.0
444.0,260.0,107.0,144.0
444.0,260.0,107.0,144.0
444.0,257.0,107.0,144.0
444.0,257.0,107.0,144.0
444.0,257.0,107.0,144.0
444.0,256.0,107.0,144.0
444.0,256.0,107.0,144.0
444.0,256.0,107.0,144.0
444.0,256.0,107.0,144.0
444.0,256.0,107.0,144.0
444.0,254.0,107.0,144.0
444.0,254.0,107.0,144.0
444.0,254.0,107.0,144.0
444.0,251.0,107.0,144.0
444.0,251.0,107.0,144.0
444.0,251.0,107.0,144.0
444.0,251.0,107.0,144.0
444.0,251.0,107.0,144.0
444.0,251.0,107.0,144.0
444.0,250.0,107.0,144.0
445.0,250.0,107.0,144.0
446.0,250.0,107.0,144.0
446.0,247.0,107.0,144.0
446.0,246.0,107.0,144.0
447.0,246.0,107.0,144.0
447.0,245.0,107.0,144.0
447.0,243.0,107.0,144.0
447.0,241.0,107.0,144.0
447.0,241.0,107.0,144.0
447.0,239.0,107.0,144.0
447.0,238.0,107.0,144.0
447.0,237.0,107.0,144.0
447.0,237.0,107.0,144.0
447.0,237.0,107.0,144.0
436.41,237.78,119.45,133.5
436.0,238.0,119.0,134.0
436.0,238.0,119.0,134.0
436.0,238.0,119.0,134.0
436.0,238.0,119.0,134.0
436.0,238.0,119.0,134.0
429.7,239.63,128.82,137.02
430.0,239.0,129.0,137.0
430.0,239.0,129.0,137.0
430.0,239.0,129.0,137.0
431.0,238.0,129.0,137.0
431.0,237.0,129.0,137.0
431.0,236.0,129.0,137.0
431.0,236.0,129.0,137.0
431.0,235.0,129.0,137.0
431.0,237.0,129.0,137.0
431.0,237.0,129.0,137.0
431.0,237.0,129.0,137.0
430.0,237.0,129.0,137.0
430.0,237.0,129.0,137.0
430.0,237.0,129.0,137.0
430.0,235.0,129.0,137.0
430.0,235.0,129.0,137.0
430.0,235.0,129.0,137.0
430.0,235.0,129.0,137.0
429.0,235.0,129.0,137.0
428.0,235.0,129.0,137.0
428.0,235.0,129.0,137.0
428.0,235.0,129.0,137.0
427.0,235.0,129.0,137.0
426.0,234.0,129.0,137.0
426.0,234.0,129.0,137.0
425.0,234.0,129.0,137.0
425.0,234.0,129.0,137.0
424.0,234.0,129.0,137.0
424.0,234.0,129.0,137.0
424.0,234.0,129.0,137.0
424.0,234.0,129.0,137.0
424.0,234.0,129.0,137.0
424.0,234.0,129.0,137.0
424.0,234.0,129.0,137.0
424.0,234.0,129.0,137.0
424.0,233.0,129.0,137.0
424.0,233.0,129.0,137.0
424.0,233.0,129.0,137.0
424.0,233.0,129.0,137.0
424.0,233.0,129.0,137.0
424.0,233.0,129.0,137.0
424.0,233.0,129.0,137.0
424.0,233.0,129.0,137.0
424.0,233.0,129.0,137.0
424.0,233.0,129.0,137.0
424.0,233.0,129.0,137.0
424.0,233.0,129.0,137.0
424.0,233.0,129.0,137.0
425.0,233.0,129.0,137.0
425.0,233.0,129.0,137.0
416.82,238.63,139.36,128.82
418.0,239.0,139.0,129.0
418.0,239.0,139.0,129.0
418.0,239.0,139.0,129.0
418.0,238.0,139.0,129.0
418.0,238.0,139.0,129.0
418.0,238.0,139.0,129.0
418.0,238.0,139.0,129.0
418.0,232.0,139.0,129.0
418.0,232.0,139.0,129.0
419.0,232.0,139.0,129.0
408.62,231.09,146.39,129.99
409.0,231.0,146.0,130.0
409.0,231.0,146.0,130.0
409.0,231.0,146.0,130.0
409.0,231.0,146.0,130.0
409.0,231.0,146.0,130.0
409.0,231.0,146.0,130.0
409.0,231.0,146.0,130.0
409.0,231.0,146.0,130.0
409.0,232.0,146.0,130.0
409.0,233.0,146.0,130.0
409.0,232.0,146.0,130.0
409.0,233.0,146.0,130.0
409.0,233.0,146.0,130.0
409.0,234.0,146.0,130.0
408.0,235.0,146.0,130.0
408.0,235.0,146.0,130.0
407.0,235.0,146.0,130.0
406.0,236.0,146.0,130.0
406.0,237.0,146.0,130.0
404.0,238.0,146.0,130.0
404.0,239.0,146.0,130.0
404.0,241.0,146.0,130.0
404.0,242.0,146.0,130.0
404.0,243.0,146.0,130.0
405.0,244.0,146.0,130.0
405.0,245.0,146.0,130.0
405.0,246.0,146.0,130.0
405.0,247.0,146.0,130.0
405.0,248.0,146.0,130.0
405.0,248.0,146.0,130.0
405.0,248.0,146.0,130.0
405.0,248.0,146.0,130.0
405.0,249.0,146.0,130.0
405.0,250.0,146.0,130.0
405.0,251.0,146.0,130.0
412.14,253.35,132.33,146.39
412.0,254.0,132.0,146.0
409.0,256.0,132.0,146.0
408.0,257.0,132.0,146.0
407.0,258.0,132.0,146.0
406.0,259.0,132.0,146.0
402.0,260.0,132.0,146.0
400.0,261.0,132.0,146.0
399.0,262.0,132.0,146.0
400.43,262.71,114.77,156.93
399.0,264.0,115.0,157.0
398.0,265.0,115.0,157.0
398.0,265.0,115.0,157.0
397.0,266.0,115.0,157.0
397.0,267.0,115.0,157.0
397.0,269.0,115.0,157.0
398.0,271.0,115.0,157.0
399.0,272.0,115.0,157.0
400.0,273.0,115.0,157.0
401.0,274.0,115.0,157.0
403.0,273.0,115.0,157.0
404.0,277.0,115.0,157.0
407.0,273.0,115.0,157.0
412.0,272.0,115.0,157.0
417.0,273.0,115.0,157.0
417.99,282.62,126.48,134.68
421.0,294.0,126.0,135.0
424.0,310.0,126.0,135.0
435.56,311.9,127.65,154.58
438.0,330.0,128.0,155.0
439.0,346.0,128.0,155.0
454.3,348.2,107.74,182.69
451.0,361.0,108.0,183.0
441.24,373.97,117.11,173.32
436.0,375.0,117.0,173.0
431.0,374.0,117.0,173.0
426.0,373.0,117.0,173.0
422.0,372.0,117.0,173.0
419.0,371.0,117.0,173.0
414.48,382.17,120.62,163.95
412.0,381.0,121.0,164.0
389.72,402.07,151.07,129.99
386.0,396.0,151.0,130.0
384.0,392.0,151.0,130.0
383.0,392.0,151.0,130.0
366.47,389.19,163.95,134.68
365.0,389.0,164.0,135.0
364.0,388.0,164.0,135.0
363.0,386.0,164.0,135.0
363.0,384.0,164.0,135.0
364.0,383.0,164.0,135.0
365.0,384.0,164.0,135.0
366.47,388.02,159.27,124.14
366.0,394.0,159.0,124.0
366.47,396.22,155.75,104.23
366.0,399.0,156.0,104.0
371.0,397.0,156.0,104.0
371.0,398.0,156.0,104.0
371.0,397.0,156.0,104.0
375.0,398.0,156.0,104.0
373.0,395.0,156.0,104.0
372.32,393.88,156.93,129.99
371.0,394.0,157.0,130.0
369.0,397.0,157.0,130.0
368.0,400.0,157.0,130.0
365.0,403.0,157.0,130.0
360.61,402.07,145.22,118.28
357.0,401.0,145.0,118.0
346.56,396.22,151.07,103.06
347.0,396.0,151.0,103.0
348.0,396.0,151.0,103.0
348.0,395.0,151.0,103.0
341.87,388.02,155.75,125.31
341.0,385.0,156.0,125.0
342.0,383.0,156.0,125.0
341.87,390.36,206.11,128.82
345.0,391.0,206.0,129.0
348.0,392.0,206.0,129.0
351.0,392.0,206.0,129.0
356.0,392.0,206.0,129.0
357.0,392.0,206.0,129.0
357.1,396.22,167.47,124.14
360.0,394.0,167.0,124.0
360.61,392.7,169.81,115.94
368.81,393.88,176.83,110.08
370.0,392.0,177.0,110.0
371.0,391.0,177.0,110.0
372.0,390.0,177.0,110.0
373.0,390.0,177.0,110.0
374.66,390.36,182.69,114.77
375.0,390.0,183.0,115.0
375.0,390.0,183.0,115.0
375.0,390.0,183.0,115.0
377.0,390.0,183.0,115.0
377.0,390.0,183.0,115.0
377.0,390.0,183.0,115.0
377.0,391.0,183.0,115.0
377.0,391.0,183.0,115.0
376.0,391.0,183.0,115.0
375.0,391.0,183.0,115.0
374.0,391.0,183.0,115.0
373.0,391.0,183.0,115.0
372.0,392.0,183.0,115.0
371.0,392.0,183.0,115.0
371.0,392.0,183.0,115.0
371.0,392.0,183.0,115.0
370.0,392.0,183.0,115.0
369.0,392.0,183.0,115.0
368.0,392.0,183.0,115.0
367.64,398.9,185.03,110.08
366.0,399.0,185.0,110.0
365.0,397.0,185.0,110.0
364.0,396.0,185.0,110.0
362.0,396.0,185.0,110.0
360.0,395.0,185.0,110.0
355.0,395.0,185.0,110.0
351.0,395.0,185.0,110.0
350.0,394.0,185.0,110.0
348.0,393.0,185.0,110.0
346.0,392.0,185.0,110.0
342.0,391.0,185.0,110.0
340.0,391.0,185.0,110.0
337.0,390.0,185.0,110.0
335.0,390.0,185.0,110.0
333.0,389.0,185.0,110.0
332.0,388.0,185.0,110.0
331.0,387.0,185.0,110.0
325.0,386.0,185.0,110.0
323.0,385.0,185.0,110.0
321.0,382.0,185.0,110.0
320.0,381.0,185.0,110.0
317.0,379.0,185.0,110.0
314.0,379.0,185.0,110.0
313.0,378.0,185.0,110.0
312.0,377.0,185.0,110.0
311.0,376.0,185.0,110.0
309.0,375.0,185.0,110.0
308.0,374.0,185.0,110.0
304.0,371.0,185.0,110.0
303.0,370.0,185.0,110.0
302.0,369.0,185.0,110.0
301.0,369.0,185.0,110.0
298.0,368.0,185.0,110.0
297.0,368.0,185.0,110.0
297.0,366.0,185.0,110.0
295.0,365.0,185.0,110.0
294.0,365.0,185.0,110.0
294.0,365.0,185.0,110.0
293.0,365.0,185.0,110.0
293.0,365.0,185.0,110.0
292.0,366.0,185.0,110.0
292.0,366.0,185.0,110.0
292.0,366.0,185.0,110.0
292.0,367.0,185.0,110.0
293.0,367.0,185.0,110.0
293.0,368.0,185.0,110.0
293.0,368.0,185.0,110.0
296.0,369.0,185.0,110.0
296.0,370.0,185.0,110.0
295.0,370.0,185.0,110.0
290.0,371.0,185.0,110.0
289.0,371.0,185.0,110.0
287.0,372.0,185.0,110.0
286.0,373.0,185.0,110.0
285.0,376.0,185.0,110.0
284.0,377.0,185.0,110.0
282.0,378.0,185.0,110.0
281.0,381.0,185.0,110.0
280.0,381.0,185.0,110.0
279.0,381.0,185.0,110.0
275.0,384.0,185.0,110.0
274.0,384.0,185.0,110.0
273.0,383.0,185.0,110.0
272.0,382.0,185.0,110.0
271.0,381.0,185.0,110.0
270.0,380.0,185.0,110.0
269.0,378.0,185.0,110.0
268.0,376.0,185.0,110.0
268.0,374.0,185.0,110.0
267.0,373.0,185.0,110.0
266.0,372.0,185.0,110.0
265.0,372.0,185.0,110.0
264.0,369.0,185.0,110.0
263.0,368.0,185.0,110.0
262.0,367.0,185.0,110.0
261.0,367.0,185.0,110.0
260.0,367.0,185.0,110.0
260.0,367.0,185.0,110.0
260.0,367.0,185.0,110.0
258.0,367.0,185.0,110.0
258.0,367.0,185.0,110.0
257.0,367.0,185.0,110.0
257.0,367.0,185.0,110.0
257.0,367.0,185.0,110.0
257.0,367.0,185.0,110.0
257.0,367.0,185.0,110.0
257.0,367.0,185.0,110.0
260.0,366.0,185.0,110.0
260.0,366.0,185.0,110.0
262.0,366.0,185.0,110.0
263.0,366.0,185.0,110.0
263.0,366.0,185.0,110.0
263.0,366.0,185.0,110.0
265.0,366.0,185.0,110.0
265.0,366.0,185.0,110.0
266.0,366.0,185.0,110.0
266.0,366.0,185.0,110.0
266.0,366.0,185.0,110.0
267.0,366.0,185.0,110.0
268.0,366.0,185.0,110.0
268.0,366.0,185.0,110.0
269.0,366.0,185.0,110.0
269.0,366.0,185.0,110.0
269.0,366.0,185.0,110.0
269.0,367.0,185.0,110.0
269.0,368.0,185.0,110.0
269.0,369.0,185.0,110.0
269.0,370.0,185.0,110.0
269.0,371.0,185.0,110.0
268.0,372.0,185.0,110.0
268.0,373.0,185.0,110.0
268.0,373.0,185.0,110.0
268.0,374.0,185.0,110.0
268.0,374.0,185.0,110.0
268.0,374.0,185.0,110.0
268.0,374.0,185.0,110.0
268.0,374.0,185.0,110.0
268.0,374.0,185.0,110.0
268.0,374.0,185.0,110.0
268.0,374.0,185.0,110.0
268.0,374.0,185.0,110.0
269.0,374.0,185.0,110.0
270.0,374.0,185.0,110.0
271.0,374.0,185.0,110.0
272.0,374.0,185.0,110.0
272.0,374.0,185.0,110.0
273.0,374.0,185.0,110.0
261.07,377.48,199.09,100.71
262.0,378.0,199.0,101.0
263.0,378.0,199.0,101.0
264.0,378.0,199.0,101.0
264.0,378.0,199.0,101.0
264.0,378.0,199.0,101.0
267.0,382.0,199.0,101.0
267.0,382.0,199.0,101.0
267.0,383.0,199.0,101.0
268.0,384.0,199.0,101.0
271.95,386.36,201.43,107.74
273.0,387.0,201.0,108.0
273.0,388.0,201.0,108.0
274.0,389.0,201.0,108.0
278.63,382.17,193.23,127.65
279.0,384.0,193.0,128.0
280.0,384.0,193.0,128.0
281.0,384.0,193.0,128.0
285.66,382.17,188.55,137.02
286.0,383.0,189.0,137.0
287.0,384.0,189.0,137.0
293.0,387.0,189.0,137.0
293.0,387.0,189.0,137.0
293.0,388.0,189.0,137.0
300.0,390.0,189.0,137.0
303.0,391.0,189.0,137.0
305.0,391.0,189.0,137.0
306.0,391.0,189.0,137.0
307.0,391.0,189.0,137.0
308.0,395.0,189.0,137.0
309.0,395.0,189.0,137.0
310.0,395.0,189.0,137.0
311.0,395.0,189.0,137.0
315.0,396.0,189.0,137.0
316.0,396.0,189.0,137.0
318.0,396.0,189.0,137.0
318.0,396.0,189.0,137.0
319.0,396.0,189.0,137.0
320.0,396.0,189.0,137.0
320.0,397.0,189.0,137.0
320.0,397.0,189.0,137.0
320.0,397.0,189.0,137.0
320.0,397.0,189.0,137.0
320.0,398.0,189.0,137.0
323.0,396.0,189.0,137.0
323.0,396.0,189.0,137.0
323.0,396.0,189.0,137.0
323.0,396.0,189.0,137.0
323.0,396.0,189.0,137.0
324.0,396.0,189.0,137.0
324.0,396.0,189.0,137.0
324.0,396.0,189.0,137.0
324.0,396.0,189.0,137.0
324.0,396.0,189.0,137.0
325.0,396.0,189.0,137.0
325.0,396.0,189.0,137.0
326.0,396.0,189.0,137.0
326.0,396.0,189.0,137.0
326.0,396.0,189.0,137.0
326.0,396.0,189.0,137.0
326.0,396.0,189.0,137.0
326.0,396.0,189.0,137.0
326.0,396.0,189.0,137.0
326.0,396.0,189.0,137.0
326.0,396.0,189.0,137.0
326.0,396.0,189.0,137.0
326.0,396.0,189.0,137.0
326.0,396.0,189.0,137.0
326.0,396.0,189.0,137.0
326.0,396.0,189.0,137.0
326.0,396.0,189.0,137.0
326.0,400.0,189.0,137.0
326.0,400.0,189.0,137.0
326.0,403.0,189.0,137.0
326.0,403.0,189.0,137.0
326.0,404.0,189.0,137.0
326.0,404.0,189.0,137.0
326.0,404.0,189.0,137.0
326.0,404.0,189.0,137.0
326.0,404.0,189.0,137.0
326.0,404.0,189.0,137.0
326.0,404.0,189.0,137.0
326.0,404.0,189.0,137.0
326.0,404.0,189.0,137.0
326.0,404.0,189.0,137.0
326.0,404.0,189.0,137.0
326.0,404.0,189.0,137.0
326.0,402.0,189.0,137.0
326.0,402.0,189.0,137.0
326.0,400.0,189.0,137.0
326.0,400.0,189.0,137.0
326.0,399.0,189.0,137.0
326.0,399.0,189.0,137.0
326.0,398.0,189.0,137.0
326.0,398.0,189.0,137.0
326.0,398.0,189.0,137.0
329.0,398.0,189.0,137.0
330.0,398.0,189.0,137.0
332.0,398.0,189.0,137.0
336.0,397.0,189.0,137.0
379.35,417.3,146.39,112.42
382.0,417.0,146.0,112.0
386.0,417.0,146.0,112.0
391.06,434.86,139.36,89.003
397.0,436.0,139.0,89.0
394.0,435.0,139.0,89.0
397.0,437.0,139.0,89.0
395.74,454.77,133.5,77.292
395.0,456.0,134.0,77.0
400.43,477.02,87.832,58.554
403.94,486.39,79.634,53.87
nan,nan,nan,nan
nan,nan,nan,nan
nan,nan,nan,nan
nan,nan,nan,nan
nan,nan,nan,nan
nan,nan,nan,nan
nan,nan,nan,nan
nan,nan,nan,nan
nan,nan,nan,nan
nan,nan,nan,nan
nan,nan,nan,nan
nan,nan,nan,nan
nan,nan,nan,nan
nan,nan,nan,nan
nan,nan,nan,nan
nan,nan,nan,nan
nan,nan,nan,nan
nan,nan,nan,nan
nan,nan,nan,nan
nan,nan,nan,nan
nan,nan,nan,nan
343.04,393.88,93.687,91.345
350.07,392.7,94.858,94.858
350.07,392.7,104.23,98.371
352.41,392.7,114.77,125.31
348.9,390.36,129.99,135.85
347.73,390.36,153.41,138.19
347.73,392.7,169.81,132.33
348.9,392.7,173.32,134.68
349.0,392.0,173.0,135.0
349.0,392.0,173.0,135.0
349.0,392.0,173.0,135.0
348.0,390.0,173.0,135.0
348.0,390.0,173.0,135.0
348.0,390.0,173.0,135.0
348.0,389.0,173.0,135.0
348.0,389.0,173.0,135.0
348.0,389.0,173.0,135.0
347.0,388.0,173.0,135.0
347.0,388.0,173.0,135.0
347.0,388.0,173.0,135.0
347.0,388.0,173.0,135.0
347.0,387.0,173.0,135.0
347.0,387.0,173.0,135.0
347.0,387.0,173.0,135.0
347.0,387.0,173.0,135.0
347.0,387.0,173.0,135.0
347.0,387.0,173.0,135.0
346.0,387.0,173.0,135.0
346.0,387.0,173.0,135.0
346.0,387.0,173.0,135.0
346.0,387.0,173.0,135.0
344.0,387.0,173.0,135.0
344.0,387.0,173.0,135.0
344.0,387.0,173.0,135.0
344.0,387.0,173.0,135.0
342.0,387.0,173.0,135.0
342.0,387.0,173.0,135.0
342.0,387.0,173.0,135.0
342.0,387.0,173.0,135.0
342.0,387.0,173.0,135.0
342.0,387.0,173.0,135.0
342.0,387.0,173.0,135.0
342.0,387.0,173.0,135.0
342.0,387.0,173.0,135.0
342.0,387.0,173.0,135.0
342.0,387.0,173.0,135.0
342.0,387.0,173.0,135.0
346.0,387.0,173.0,135.0
347.0,387.0,173.0,135.0
347.0,387.0,173.0,135.0
347.0,387.0,173.0,135.0
347.0,387.0,173.0,135.0
349.0,387.0,173.0,135.0
349.0,387.0,173.0,135.0
349.0,387.0,173.0,135.0
349.0,387.0,173.0,135.0
349.0,387.0,173.0,135.0
349.0,387.0,173.0,135.0
350.0,386.0,173.0,135.0
349.0,385.0,173.0,135.0
356.0,384.0,173.0,135.0
356.0,382.0,173.0,135.0
351.24,386.85,176.83,121.79
352.0,386.0,177.0,122.0
353.0,385.0,177.0,122.0
354.0,384.0,177.0,122.0
355.0,383.0,177.0,122.0
356.0,382.0,177.0,122.0
357.0,382.0,177.0,122.0
350.07,384.51,188.55,120.62
350.0,384.0,189.0,121.0
350.0,384.0,189.0,121.0
350.0,384.0,189.0,121.0
350.0,384.0,189.0,121.0
350.0,384.0,189.0,121.0
349.0,384.0,189.0,121.0
349.0,385.0,189.0,121.0
349.0,386.0,189.0,121.0
349.0,386.0,189.0,121.0
349.0,387.0,189.0,121.0
349.0,387.0,189.0,121.0
349.0,387.0,189.0,121.0
349.0,387.0,189.0,121.0
349.0,387.0,189.0,121.0
349.0,387.0,189.0,121.0
349.0,387.0,189.0,121.0
349.0,387.0,189.0,121.0
350.0,387.0,189.0,121.0
350.0,387.0,189.0,121.0
350.0,387.0,189.0,121.0
355.0,387.0,189.0,121.0
355.0,387.0,189.0,121.0
355.0,387.0,189.0,121.0
355.0,387.0,189.0,121.0
355.0,387.0,189.0,121.0
355.0,387.0,189.0,121.0
355.0,387.0,189.0,121.0
357.1,389.19,170.98,117.11
357.0,389.0,171.0,117.0
356.0,389.0,171.0,117.0
356.0,389.0,171.0,117.0
356.0,389.0,171.0,117.0
356.0,388.0,171.0,117.0
356.0,388.0,171.0,117.0
356.0,388.0,171.0,117.0
356.0,388.0,171.0,117.0
357.0,388.0,171.0,117.0
357.0,388.0,171.0,117.0
358.0,388.0,171.0,117.0
358.0,388.0,171.0,117.0
358.0,388.0,171.0,117.0
358.0,388.0,171.0,117.0
358.0,388.0,171.0,117.0
358.0,388.0,171.0,117.0
358.0,388.0,171.0,117.0
358.0,388.0,171.0,117.0
358.0,388.0,171.0,117.0
358.0,388.0,171.0,117.0
358.0,388.0,171.0,117.0
359.0,388.0,171.0,117.0
359.0,388.0,171.0,117.0
359.0,388.0,171.0,117.0
359.0,388.0,171.0,117.0
360.0,388.0,171.0,117.0
361.0,388.0,171.0,117.0
362.0,388.0,171.0,117.0
363.0,388.0,171.0,117.0
364.0,388.0,171.0,117.0
365.0,388.0,171.0,117.0
366.0,388.0,171.0,117.0
367.0,388.0,171.0,117.0
371.0,386.0,171.0,117.0
372.0,386.0,171.0,117.0
375.0,385.0,171.0,117.0
377.0,385.0,171.0,117.0
380.0,384.0,171.0,117.0
382.0,383.0,171.0,117.0
384.0,382.0,171.0,117.0
393.0,382.0,171.0,117.0
395.0,381.0,171.0,117.0
397.0,380.0,171.0,117.0
398.0,380.0,171.0,117.0
400.0,379.0,171.0,117.0
402.0,378.0,171.0,117.0
404.0,378.0,171.0,117.0
406.0,376.0,171.0,117.0
408.0,375.0,171.0,117.0
410.0,374.0,171.0,117.0
412.0,373.0,171.0,117.0
417.0,370.0,171.0,117.0
417.0,371.0,171.0,117.0
420.0,368.0,171.0,117.0
418.0,368.0,171.0,117.0
413.0,368.0,171.0,117.0
404.0,368.0,171.0,117.0
397.0,367.0,171.0,117.0
393.0,364.0,171.0,117.0
387.0,363.0,171.0,117.0
390.0,350.0,171.0,117.0
388.0,346.0,171.0,117.0
383.0,349.0,171.0,117.0
385.0,345.0,171.0,117.0
396.0,343.0,171.0,117.0
400.0,348.0,171.0,117.0
407.0,357.0,171.0,117.0
416.0,366.0,171.0,117.0
424.0,375.0,171.0,117.0
428.0,382.0,171.0,117.0
431.0,385.0,171.0,117.0
431.0,388.0,171.0,117.0
431.0,389.0,171.0,117.0
431.0,389.0,171.0,117.0
431.0,387.0,171.0,117.0
433.0,385.0,171.0,117.0
437.0,382.0,171.0,117.0
443.0,378.0,171.0,117.0
446.0,370.0,171.0,117.0
452.0,360.0,171.0,117.0
454.0,353.0,171.0,117.0
460.15,334.15,173.32,128.82
460.0,325.0,173.0,129.0
481.23,303.7,152.24,153.41
480.0,300.0,152.0,153.0
480.0,296.0,152.0,153.0
476.55,297.85,142.87,156.93
475.0,297.0,143.0,157.0
475.0,295.0,143.0,157.0
461.32,295.5,148.73,153.41
461.0,292.0,149.0,153.0
462.0,288.0,149.0,153.0
444.0,284.0,157.0,161.0
443.0,280.0,157.0,161.0
444.93,272.08,159.27,172.15
444.0,268.0,159.0,172.0
443.0,264.0,159.0,172.0
441.41,250.49,159.27,195.57
440.0,249.0,159.0,196.0
439.0,248.0,159.0,196.0
429.7,228.75,159.27,226.02
429.0,229.0,159.0,226.0
428.0,229.0,159.0,226.0
428.0,231.0,159.0,226.0
417.0,233.0,159.0,226.0
416.0,235.0,159.0,226.0
416.0,236.0,159.0,226.0
415.0,241.0,159.0,226.0
415.0,243.0,159.0,226.0
415.0,244.0,159.0,226.0
414.0,245.0,159.0,226.0
413.0,246.0,159.0,226.0
412.0,248.0,159.0,226.0
412.0,249.0,159.0,226.0
412.0,250.0,159.0,226.0
411.0,252.0,159.0,226.0
416.0,255.0,159.0,226.0
419.0,257.0,159.0,226.0
413.31,258.03,174.49,228.36
416.0,261.0,174.0,228.0
418.0,263.0,174.0,228.0
419.0,265.0,174.0,228.0
415.65,269.74,187.37,226.02
416.0,272.0,187.0,226.0
418.0,274.0,187.0,226.0
419.0,277.0,187.0,226.0
421.0,279.0,187.0,226.0
422.0,282.0,187.0,226.0
423.0,283.0,187.0,226.0
424.0,284.0,187.0,226.0
412.14,284.96,209.62,233.05
413.0,285.0,210.0,233.0
414.0,285.0,210.0,233.0
415.0,285.0,210.0,233.0
415.0,285.0,210.0,233.0
415.0,284.0,210.0,233.0
415.0,283.0,210.0,233.0
414.0,282.0,210.0,233.0
414.48,281.45,210.8,240.07
413.0,280.0,211.0,240.0
410.0,278.0,211.0,240.0
408.0,275.0,211.0,240.0
405.0,272.0,211.0,240.0
407.45,279.11,204.94,228.36
405.0,276.0,205.0,228.0
405.11,287.31,200.26,215.48
405.94,294.65,194.4,206.11
407.45,297.85,185.03,199.09
412.14,310.73,185.03,182.69
418.0,310.0,185.0,183.0
425.02,321.27,185.03,172.15
436.0,321.0,185.0,172.0
446.0,321.0,185.0,172.0
456.0,320.0,185.0,172.0
465.0,320.0,185.0,172.0
473.0,321.0,185.0,172.0
480.0,323.0,185.0,172.0
489.0,326.0,185.0,172.0
495.28,306.04,183.86,199.09
497.0,306.0,193.0,209.0
505.0,311.0,193.0,209.0
512.85,302.53,197.91,227.19
522.0,308.0,198.0,227.0
517.54,307.22,222.51,233.05
527.0,311.0,223.0,233.0
537.44,324.78,222.51,222.51
543.3,334.15,224.85,216.65
521.05,345.86,258.81,209.62
525.0,349.0,259.0,210.0
525.73,359.91,270.52,199.09
527.0,361.0,271.0,199.0
509.34,366.94,304.48,189.72
510.0,367.0,304.0,190.0
509.0,367.0,304.0,190.0
503.48,369.28,317.37,182.69
502.0,369.0,317.0,183.0
505.0,369.0,317.0,183.0
504.0,369.0,317.0,183.0
504.0,370.0,317.0,183.0
503.0,371.0,317.0,183.0
502.0,372.0,317.0,183.0
502.0,373.0,317.0,183.0
502.0,373.0,317.0,183.0
502.0,373.0,317.0,183.0
501.0,373.0,317.0,183.0
500.0,372.0,317.0,183.0
500.0,372.0,317.0,183.0
500.0,372.0,317.0,183.0
500.0,371.0,317.0,183.0
500.0,369.0,317.0,183.0
501.0,368.0,317.0,183.0
502.0,367.0,317.0,183.0
