569.0,300.0,130.0,92.0
574.0,302.0,130.0,92.0
577.0,305.0,130.0,92.0
578.0,308.0,130.0,92.0
577.0,308.0,130.0,92.0
575.0,311.0,130.0,92.0
576.0,312.0,130.0,92.0
580.0,317.0,124.0,88.0
585.0,320.0,118.0,83.0
587.0,323.0,112.0,79.0
589.0,324.0,112.0,79.0
590.0,325.0,112.0,79.0
588.0,324.0,112.0,79.0
581.0,324.0,118.0,83.0
581.0,325.0,118.0,83.0
583.0,324.0,118.0,83.0
602.0,325.0,106.0,81.0
607.0,321.0,106.0,81.0
609.0,321.0,106.0,81.0
609.0,320.0,106.0,81.0
609.0,319.0,106.0,81.0
611.0,317.0,106.0,81.0
610.0,320.0,106.0,81.0
613.0,320.0,106.0,81.0
613.0,318.0,106.0,81.0
618.0,298.0,67.0,113.0
626.0,295.0,67.0,113.0
626.0,294.0,67.0,113.0
615.0,300.0,59.0,105.0
623.0,302.0,59.0,105.0
623.0,301.0,59.0,105.0
620.0,290.0,51.0,114.0
627.0,295.0,51.0,114.0
603.0,289.0,62.0,112.0
604.0,289.0,62.0,112.0
606.0,286.0,62.0,112.0
606.0,286.0,62.0,112.0
590.0,299.0,77.0,113.0
591.0,299.0,77.0,113.0
591.0,299.0,78.0,114.0
589.0,293.0,86.0,127.0
563.0,298.0,104.0,124.0
557.0,295.0,112.0,133.0
553.0,292.0,117.0,139.0
548.0,287.0,125.0,149.0
544.0,285.0,131.0,157.0
515.0,283.0,158.0,137.0
512.0,281.0,164.0,142.0
512.0,281.0,165.0,143.0
513.0,282.0,165.0,143.0
511.0,282.0,166.0,144.0
510.0,282.0,170.0,147.0
510.0,283.0,170.0,147.0
521.0,286.0,170.0,147.0
492.0,283.0,188.0,167.0
504.0,286.0,188.0,167.0
506.0,287.0,188.0,167.0
505.0,290.0,188.0,167.0
505.0,289.0,188.0,167.0
506.0,290.0,188.0,167.0
507.0,290.0,188.0,167.0
505.0,293.0,188.0,167.0
500.0,288.0,197.0,175.0
502.0,290.0,197.0,175.0
505.0,289.0,197.0,175.0
504.0,290.0,197.0,175.0
504.0,294.0,188.0,167.0
493.0,289.0,197.0,175.0
528.0,308.0,137.0,150.0
527.0,307.0,137.0,150.0
524.0,306.0,137.0,150.0
526.0,310.0,130.0,143.0
525.0,309.0,130.0,143.0
523.0,307.0,130.0,143.0
524.0,309.0,124.0,136.0
523.0,307.0,124.0,136.0
521.0,306.0,124.0,136.0
522.0,306.0,124.0,136.0
524.0,307.0,118.0,130.0
532.0,292.0,99.0,178.0
532.0,292.0,99.0,178.0
530.0,292.0,99.0,178.0
528.0,292.0,99.0,178.0
527.0,292.0,99.0,178.0
525.0,292.0,99.0,178.0
524.0,292.0,99.0,178.0
523.0,293.0,99.0,179.0
521.0,294.0,100.0,179.0
519.0,296.0,99.0,179.0
460.0,294.0,167.0,189.0
457.0,295.0,167.0,189.0
455.0,297.0,167.0,189.0
453.0,298.0,167.0,189.0
451.0,300.0,168.0,190.0
450.0,301.0,168.0,190.0
450.0,301.0,169.0,191.0
450.0,301.0,169.0,192.0
487.0,287.0,139.0,210.0
488.0,287.0,139.0,210.0
493.0,293.0,132.0,200.0
499.0,294.0,132.0,200.0
494.0,293.0,139.0,210.0
493.0,291.0,146.0,220.0
499.0,293.0,146.0,220.0
503.0,294.0,146.0,220.0
505.0,297.0,146.0,220.0
509.0,297.0,146.0,220.0
507.0,289.0,153.0,232.0
510.0,288.0,153.0,232.0
506.0,290.0,153.0,232.0
508.0,289.0,153.0,232.0
512.0,291.0,153.0,232.0
479.0,313.0,223.0,221.0
487.0,312.0,223.0,221.0
480.0,317.0,223.0,221.0
477.0,323.0,223.0,221.0
478.0,326.0,223.0,221.0
477.0,320.0,234.0,232.0
476.0,313.0,246.0,244.0
485.0,312.0,246.0,244.0
491.0,314.0,246.0,244.0
495.0,310.0,258.0,256.0
503.0,310.0,258.0,256.0
515.0,315.0,246.0,244.0
533.0,318.0,234.0,232.0
524.0,318.0,234.0,232.0
522.0,315.0,234.0,232.0
522.0,310.0,234.0,232.0
526.0,312.0,234.0,232.0
550.0,318.0,289.0,216.0
543.0,311.0,275.0,206.0
539.0,315.0,275.0,206.0
533.0,310.0,289.0,216.0
550.0,314.0,318.0,208.0
533.0,307.0,318.0,208.0
534.0,306.0,318.0,208.0
538.0,306.0,318.0,208.0
540.0,304.0,318.0,208.0
532.0,299.0,334.0,218.0
529.0,303.0,334.0,218.0
532.0,303.0,334.0,218.0
532.0,301.0,351.0,229.0
569.0,325.0,331.0,215.0
580.0,325.0,331.0,215.0
578.0,328.0,331.0,215.0
567.0,324.0,348.0,226.0
566.0,325.0,348.0,226.0
569.0,323.0,348.0,226.0
564.0,322.0,348.0,226.0
564.0,321.0,348.0,226.0
566.0,323.0,348.0,226.0
619.0,307.0,247.0,230.0
628.0,307.0,247.0,230.0
630.0,307.0,247.0,230.0
635.0,306.0,247.0,230.0
639.0,305.0,247.0,230.0
640.0,303.0,247.0,230.0
643.0,303.0,247.0,230.0
692.0,301.0,155.0,226.0
700.0,303.0,155.0,226.0
707.0,309.0,148.0,215.0
705.0,305.0,155.0,226.0
699.0,300.0,163.0,237.0
703.0,306.0,155.0,226.0
704.0,311.0,155.0,226.0
700.0,305.0,163.0,237.0
704.0,302.0,163.0,237.0
709.0,305.0,163.0,237.0
670.0,279.0,159.0,255.0
690.0,284.0,159.0,255.0
687.0,282.0,167.0,268.0
685.0,286.0,167.0,268.0
618.0,277.0,219.0,256.0
626.0,284.0,219.0,256.0
625.0,284.0,219.0,256.0
614.0,275.0,230.0,269.0
579.0,283.0,251.0,245.0
576.0,289.0,251.0,245.0
575.0,290.0,251.0,245.0
571.0,288.0,251.0,245.0
553.0,287.0,264.0,257.0
544.0,295.0,264.0,257.0
502.0,308.0,305.0,220.0
501.0,307.0,305.0,220.0
498.0,303.0,305.0,220.0
497.0,301.0,305.0,220.0
495.0,306.0,290.0,210.0
487.0,305.0,290.0,210.0
481.0,303.0,290.0,210.0
477.0,305.0,290.0,210.0
477.0,300.0,290.0,210.0
509.0,257.0,231.0,262.0
505.0,247.0,231.0,262.0
509.0,244.0,231.0,262.0
520.0,242.0,231.0,262.0
526.0,234.0,243.0,275.0
543.0,235.0,243.0,275.0
523.0,281.0,220.0,245.0
523.0,278.0,220.0,245.0
528.0,277.0,220.0,245.0
528.0,277.0,220.0,245.0
498.0,284.0,250.0,247.0
496.0,283.0,250.0,247.0
492.0,283.0,250.0,247.0
478.0,279.0,262.0,259.0
433.0,285.0,281.0,239.0
442.0,285.0,281.0,239.0
441.0,285.0,281.0,239.0
382.0,287.0,304.0,242.0
383.0,289.0,304.0,242.0
383.0,295.0,304.0,242.0
370.0,290.0,319.0,254.0
365.0,290.0,319.0,254.0
360.0,292.0,319.0,254.0
361.0,292.0,319.0,254.0
363.0,292.0,319.0,254.0
361.0,294.0,319.0,254.0
359.0,298.0,319.0,254.0
355.0,303.0,319.0,254.0
356.0,306.0,319.0,254.0
343.0,297.0,335.0,267.0
338.0,297.0,335.0,267.0
337.0,299.0,335.0,267.0
340.0,302.0,319.0,254.0
344.0,302.0,319.0,254.0
354.0,305.0,304.0,242.0
358.0,305.0,304.0,242.0
360.0,306.0,304.0,242.0
362.0,306.0,304.0,242.0
367.0,309.0,304.0,242.0
370.0,308.0,304.0,242.0
374.0,312.0,304.0,242.0
384.0,318.0,290.0,230.0
388.0,318.0,290.0,230.0
392.0,318.0,290.0,230.0
381.0,315.0,304.0,242.0
373.0,309.0,319.0,254.0
382.0,313.0,304.0,242.0
381.0,315.0,304.0,242.0
381.0,315.0,304.0,242.0
391.0,320.0,290.0,230.0
393.0,320.0,290.0,230.0
393.0,321.0,290.0,230.0
394.0,321.0,290.0,230.0
396.0,321.0,290.0,230.0
388.0,316.0,304.0,242.0
390.0,312.0,304.0,242.0
403.0,319.0,290.0,230.0
403.0,320.0,290.0,230.0
405.0,321.0,290.0,230.0
404.0,322.0,290.0,230.0
404.0,322.0,290.0,230.0
414.0,327.0,276.0,220.0
415.0,330.0,276.0,220.0
415.0,334.0,276.0,220.0
416.0,335.0,276.0,220.0
417.0,334.0,276.0,220.0
461.0,306.0,213.0,272.0
456.0,303.0,213.0,272.0
456.0,304.0,213.0,272.0
453.0,303.0,213.0,272.0
453.0,303.0,213.0,272.0
451.0,301.0,213.0,272.0
449.0,302.0,213.0,272.0
438.0,300.0,224.0,286.0
435.0,302.0,224.0,286.0
454.0,340.0,190.0,254.0
461.0,338.0,190.0,254.0
461.0,340.0,190.0,254.0
457.0,341.0,190.0,254.0
459.0,343.0,190.0,254.0
458.0,344.0,190.0,254.0
452.0,342.0,199.0,267.0
458.0,349.0,199.0,267.0
455.0,344.0,209.0,280.0
456.0,338.0,209.0,280.0
469.0,334.0,209.0,280.0
478.0,330.0,209.0,280.0
486.0,337.0,199.0,267.0
479.0,337.0,209.0,280.0
478.0,340.0,209.0,280.0
472.0,344.0,209.0,280.0
467.0,336.0,220.0,294.0
469.0,336.0,220.0,294.0
464.0,328.0,231.0,309.0
462.0,329.0,231.0,309.0
453.0,322.0,242.0,324.0
456.0,316.0,242.0,324.0
454.0,318.0,231.0,309.0
461.0,312.0,231.0,309.0
442.0,389.0,334.0,244.0
444.0,370.0,334.0,244.0
452.0,368.0,334.0,244.0
445.0,363.0,351.0,256.0
470.0,362.0,334.0,244.0
482.0,356.0,334.0,244.0
475.0,354.0,351.0,256.0
464.0,341.0,368.0,269.0
475.0,338.0,368.0,269.0
480.0,328.0,368.0,269.0
479.0,323.0,368.0,269.0
533.0,326.0,360.0,268.0
530.0,318.0,360.0,268.0
549.0,312.0,360.0,268.0
571.0,317.0,343.0,255.0
588.0,317.0,343.0,255.0
590.0,319.0,360.0,268.0
604.0,312.0,360.0,268.0
615.0,320.0,360.0,268.0
617.0,318.0,378.0,281.0
644.0,318.0,360.0,268.0
694.0,343.0,336.0,227.0
721.0,332.0,327.0,241.0
731.0,325.0,327.0,241.0
738.0,324.0,327.0,241.0
755.0,333.0,311.0,230.0
771.0,334.0,311.0,230.0
780.0,334.0,311.0,230.0
791.0,335.0,311.0,230.0
787.0,336.0,311.0,230.0
864.0,292.0,200.0,266.0
879.0,292.0,200.0,266.0
885.0,293.0,200.0,266.0
893.0,295.0,200.0,266.0
899.0,296.0,200.0,266.0
903.0,295.0,200.0,266.0
913.0,301.0,190.0,253.0
912.0,297.0,200.0,266.0
915.0,297.0,200.0,266.0
920.0,301.0,200.0,266.0
923.0,301.0,200.0,266.0
926.0,300.0,200.0,266.0
934.0,295.0,190.0,253.0
960.0,309.0,139.0,218.0
973.0,318.0,132.0,208.0
977.0,323.0,132.0,208.0
981.0,328.0,132.0,208.0
992.0,288.0,136.0,249.0
992.0,288.0,136.0,249.0
997.0,306.0,130.0,237.0
997.0,297.0,136.0,249.0
1003.0,297.0,136.0,249.0
1007.0,298.0,136.0,249.0
1012.0,296.0,136.0,249.0
1018.0,297.0,136.0,249.0
1024.0,296.0,136.0,249.0
1027.0,296.0,136.0,249.0
1031.0,298.0,136.0,249.0
1035.0,299.0,136.0,249.0
1034.0,293.0,143.0,261.0
1038.0,294.0,143.0,261.0
1041.0,295.0,143.0,261.0
1045.0,293.0,143.0,261.0
1043.0,287.0,150.0,275.0
1010.0,301.0,179.0,256.0
1010.0,294.0,179.0,256.0
1011.0,295.0,179.0,256.0
1013.0,298.0,179.0,256.0
1025.0,305.0,170.0,244.0
984.0,311.0,196.0,236.0
987.0,306.0,196.0,236.0
991.0,311.0,187.0,225.0
987.0,315.0,187.0,225.0
985.0,319.0,187.0,225.0
984.0,318.0,187.0,225.0
982.0,320.0,187.0,225.0
937.0,317.0,248.0,235.0
940.0,316.0,248.0,235.0
934.0,317.0,248.0,235.0
928.0,315.0,248.0,235.0
919.0,314.0,248.0,235.0
918.0,319.0,248.0,235.0
883.0,314.0,275.0,228.0
896.0,313.0,275.0,228.0
897.0,313.0,275.0,228.0
898.0,314.0,275.0,228.0
900.0,315.0,275.0,228.0
903.0,318.0,275.0,228.0
903.0,317.0,275.0,228.0
883.0,324.0,261.0,201.0
899.0,324.0,261.0,201.0
900.0,323.0,261.0,201.0
901.0,324.0,261.0,201.0
901.0,324.0,261.0,201.0
905.0,324.0,261.0,201.0
907.0,323.0,261.0,201.0
902.0,319.0,274.0,211.0
902.0,317.0,274.0,211.0
903.0,313.0,274.0,211.0
909.0,314.0,261.0,201.0
913.0,314.0,261.0,201.0
914.0,314.0,261.0,201.0
916.0,312.0,261.0,201.0
904.0,307.0,274.0,211.0
907.0,302.0,274.0,211.0
906.0,301.0,274.0,211.0
907.0,306.0,261.0,201.0
905.0,308.0,261.0,201.0
912.0,311.0,249.0,191.0
912.0,314.0,249.0,191.0
906.0,312.0,261.0,201.0
905.0,315.0,261.0,201.0
909.0,315.0,261.0,201.0
903.0,318.0,261.0,201.0
901.0,319.0,261.0,201.0
899.0,319.0,261.0,201.0
898.0,319.0,261.0,201.0
892.0,318.0,261.0,201.0
890.0,315.0,261.0,201.0
886.0,315.0,261.0,201.0
883.0,313.0,261.0,201.0
888.0,317.0,249.0,191.0
888.0,314.0,261.0,201.0
889.0,313.0,261.0,201.0
896.0,316.0,249.0,191.0
896.0,314.0,249.0,191.0
891.0,317.0,249.0,191.0
891.0,317.0,261.0,201.0
886.0,318.0,261.0,201.0
881.0,320.0,261.0,201.0
859.0,324.0,244.0,217.0
878.0,327.0,244.0,217.0
873.0,325.0,244.0,217.0
871.0,326.0,244.0,217.0
870.0,327.0,244.0,217.0
869.0,328.0,244.0,217.0
858.0,337.0,228.0,215.0
873.0,336.0,228.0,215.0
870.0,337.0,228.0,215.0
875.0,340.0,217.0,205.0
878.0,345.0,207.0,195.0
832.0,330.0,212.0,215.0
822.0,322.0,215.0,232.0
806.0,335.0,233.0,212.0
827.0,333.0,233.0,212.0
823.0,330.0,233.0,212.0
817.0,329.0,233.0,212.0
819.0,331.0,233.0,212.0
817.0,331.0,233.0,212.0
815.0,332.0,233.0,212.0
815.0,330.0,233.0,212.0
815.0,332.0,233.0,212.0
767.0,328.0,242.0,241.0
796.0,327.0,242.0,241.0
755.0,337.0,252.0,234.0
783.0,334.0,252.0,234.0
780.0,334.0,252.0,234.0
787.0,338.0,240.0,223.0
785.0,339.0,240.0,223.0
775.0,336.0,252.0,234.0
770.0,338.0,252.0,234.0
723.0,344.0,266.0,223.0
745.0,340.0,266.0,223.0
748.0,342.0,266.0,223.0
705.0,347.0,264.0,222.0
698.0,346.0,268.0,226.0
706.0,347.0,264.0,222.0
703.0,348.0,264.0,222.0
668.0,335.0,294.0,219.0
667.0,335.0,292.0,218.0
668.0,334.0,294.0,219.0
617.0,337.0,311.0,232.0
646.0,336.0,311.0,232.0
645.0,337.0,311.0,232.0
639.0,336.0,311.0,232.0
635.0,337.0,311.0,232.0
632.0,335.0,311.0,232.0
633.0,337.0,311.0,232.0
636.0,339.0,311.0,232.0
637.0,345.0,311.0,232.0
621.0,343.0,327.0,244.0
617.0,345.0,327.0,244.0
621.0,345.0,311.0,232.0
630.0,349.0,296.0,221.0
616.0,344.0,311.0,232.0
507.0,340.0,354.0,234.0
530.0,340.0,354.0,234.0
526.0,340.0,354.0,234.0
521.0,341.0,354.0,234.0
467.0,350.0,380.0,230.0
486.0,347.0,380.0,230.0
481.0,344.0,380.0,230.0
459.0,340.0,380.0,230.0
467.0,342.0,362.0,219.0
480.0,349.0,345.0,209.0
476.0,348.0,345.0,209.0
469.0,345.0,345.0,209.0
476.0,351.0,328.0,199.0
473.0,350.0,328.0,199.0
467.0,348.0,328.0,199.0
463.0,351.0,313.0,189.0
454.0,351.0,313.0,189.0
400.0,335.0,353.0,237.0
409.0,327.0,353.0,237.0
406.0,328.0,353.0,237.0
402.0,330.0,353.0,237.0
397.0,332.0,353.0,237.0
409.0,340.0,336.0,226.0
403.0,332.0,353.0,237.0
393.0,324.0,371.0,249.0
390.0,321.0,371.0,249.0
400.0,327.0,353.0,237.0
400.0,334.0,353.0,237.0
398.0,335.0,353.0,237.0
399.0,335.0,219.0,226.0
405.0,336.0,219.0,226.0
399.0,329.0,230.0,237.0
398.0,327.0,230.0,237.0
386.0,322.0,230.0,237.0
384.0,319.0,230.0,237.0
379.0,318.0,230.0,237.0
375.0,320.0,241.0,249.0
371.0,321.0,241.0,249.0
363.0,317.0,254.0,262.0
375.0,293.0,185.0,244.0
381.0,295.0,185.0,244.0
380.0,294.0,185.0,244.0
376.0,291.0,185.0,244.0
372.0,292.0,185.0,244.0
366.0,285.0,194.0,256.0
361.0,285.0,194.0,256.0
356.0,286.0,194.0,256.0
352.0,287.0,194.0,256.0
351.0,284.0,194.0,256.0
365.0,271.0,120.0,244.0
367.0,267.0,120.0,244.0
369.0,265.0,120.0,244.0
370.0,262.0,120.0,244.0
374.0,262.0,120.0,244.0
376.0,263.0,120.0,244.0
379.0,260.0,120.0,244.0
379.0,261.0,120.0,244.0
387.0,266.0,114.0,232.0
387.0,267.0,114.0,232.0
321.0,260.0,196.0,240.0
335.0,256.0,196.0,240.0
339.0,257.0,196.0,240.0
342.0,258.0,196.0,240.0
341.0,258.0,196.0,240.0
346.0,258.0,196.0,240.0
348.0,258.0,196.0,240.0
336.0,275.0,193.0,226.0
347.0,275.0,193.0,226.0
348.0,276.0,193.0,226.0
346.0,278.0,193.0,226.0
341.0,281.0,193.0,226.0
338.0,283.0,193.0,226.0
334.0,283.0,193.0,226.0
334.0,290.0,184.0,215.0
324.0,293.0,184.0,215.0
324.0,292.0,184.0,215.0
345.0,274.0,133.0,243.0
345.0,273.0,133.0,243.0
340.0,271.0,133.0,243.0
333.0,269.0,133.0,243.0
335.0,281.0,127.0,231.0
338.0,281.0,127.0,231.0
273.0,294.0,191.0,219.0
284.0,291.0,191.0,219.0
287.0,293.0,191.0,219.0
288.0,292.0,191.0,219.0
288.0,285.0,201.0,230.0
288.0,284.0,201.0,230.0
289.0,281.0,201.0,230.0
239.0,285.0,218.0,205.0
269.0,285.0,208.0,195.0
272.0,282.0,208.0,195.0
276.0,284.0,208.0,195.0
274.0,280.0,218.0,205.0
276.0,278.0,218.0,205.0
221.0,260.0,241.0,217.0
239.0,259.0,241.0,217.0
247.0,261.0,241.0,217.0
245.0,263.0,241.0,217.0
247.0,263.0,241.0,217.0
247.0,265.0,241.0,217.0
249.0,264.0,241.0,217.0
249.0,262.0,241.0,217.0
260.0,267.0,230.0,207.0
255.0,262.0,241.0,217.0
258.0,262.0,241.0,217.0
259.0,260.0,241.0,217.0
262.0,261.0,241.0,217.0
269.0,263.0,241.0,217.0
264.0,259.0,253.0,228.0
265.0,255.0,253.0,228.0
270.0,255.0,253.0,228.0
280.0,259.0,241.0,217.0
281.0,257.0,241.0,217.0
283.0,257.0,241.0,217.0
284.0,256.0,241.0,217.0
284.0,255.0,241.0,217.0
277.0,249.0,253.0,228.0
277.0,251.0,253.0,228.0
271.0,244.0,266.0,239.0
270.0,242.0,266.0,239.0
272.0,241.0,266.0,239.0
270.0,240.0,266.0,239.0
269.0,242.0,266.0,239.0
268.0,244.0,266.0,239.0
274.0,250.0,253.0,228.0
326.0,251.0,136.0,237.0
335.0,249.0,136.0,237.0
336.0,250.0,136.0,237.0
338.0,249.0,136.0,237.0
336.0,249.0,136.0,237.0
337.0,248.0,136.0,237.0
334.0,243.0,143.0,249.0
336.0,242.0,143.0,249.0
338.0,242.0,143.0,249.0
340.0,241.0,143.0,249.0
342.0,242.0,143.0,249.0
342.0,242.0,143.0,249.0
339.0,237.0,150.0,261.0
342.0,236.0,150.0,261.0
344.0,234.0,150.0,261.0
345.0,247.0,143.0,249.0
346.0,248.0,143.0,249.0
345.0,251.0,143.0,249.0
347.0,260.0,136.0,237.0
345.0,253.0,143.0,249.0
347.0,255.0,143.0,249.0
348.0,256.0,143.0,249.0
348.0,258.0,143.0,249.0
350.0,262.0,143.0,249.0
355.0,262.0,143.0,249.0
362.0,262.0,143.0,249.0
367.0,264.0,143.0,249.0
371.0,260.0,150.0,261.0
382.0,266.0,143.0,249.0
388.0,269.0,143.0,249.0
303.0,264.0,312.0,238.0
310.0,269.0,312.0,238.0
311.0,269.0,312.0,238.0
314.0,273.0,312.0,238.0
315.0,266.0,328.0,250.0
322.0,266.0,328.0,250.0
325.0,270.0,328.0,250.0
333.0,271.0,328.0,250.0
341.0,272.0,328.0,250.0
349.0,275.0,328.0,250.0
367.0,281.0,312.0,238.0
374.0,282.0,312.0,238.0
381.0,281.0,312.0,238.0
387.0,282.0,312.0,238.0
389.0,283.0,312.0,238.0
380.0,277.0,328.0,250.0
383.0,277.0,328.0,250.0
389.0,277.0,328.0,250.0
399.0,275.0,328.0,250.0
406.0,275.0,328.0,250.0
413.0,277.0,328.0,250.0
429.0,282.0,312.0,238.0
430.0,271.0,328.0,250.0
435.0,273.0,328.0,250.0
439.0,267.0,328.0,250.0
428.0,266.0,328.0,250.0
428.0,270.0,328.0,250.0
421.0,269.0,328.0,250.0
477.0,266.0,328.0,250.0
488.0,261.0,328.0,250.0
501.0,269.0,312.0,238.0
499.0,269.0,328.0,250.0
495.0,262.0,344.0,262.0
495.0,260.0,344.0,262.0
496.0,261.0,344.0,262.0
498.0,265.0,344.0,262.0
500.0,263.0,344.0,262.0
518.0,275.0,328.0,250.0
527.0,279.0,328.0,250.0
520.0,274.0,344.0,262.0
537.0,271.0,344.0,262.0
635.0,268.0,279.0,264.0
645.0,269.0,279.0,264.0
656.0,267.0,279.0,264.0
662.0,268.0,279.0,264.0
674.0,266.0,279.0,264.0
681.0,267.0,279.0,264.0
702.0,272.0,266.0,251.0
709.0,276.0,266.0,251.0
717.0,280.0,266.0,251.0
716.0,287.0,266.0,251.0
717.0,293.0,266.0,251.0
722.0,301.0,253.0,239.0
724.0,302.0,253.0,239.0
725.0,299.0,253.0,239.0
724.0,298.0,253.0,239.0
726.0,295.0,253.0,239.0
729.0,295.0,253.0,239.0
729.0,297.0,253.0,239.0
727.0,299.0,253.0,239.0
730.0,303.0,253.0,239.0
729.0,305.0,253.0,239.0
725.0,306.0,253.0,239.0
714.0,305.0,266.0,251.0
714.0,308.0,266.0,251.0
712.0,311.0,266.0,251.0
715.0,309.0,266.0,251.0
717.0,310.0,266.0,251.0
726.0,319.0,253.0,239.0
714.0,327.0,253.0,239.0
763.0,299.0,185.0,299.0
762.0,300.0,185.0,299.0
761.0,301.0,185.0,299.0
760.0,313.0,185.0,299.0
760.0,321.0,185.0,299.0
759.0,323.0,185.0,299.0
760.0,324.0,185.0,299.0
758.0,325.0,185.0,299.0
756.0,322.0,185.0,299.0
753.0,322.0,185.0,299.0
755.0,323.0,185.0,299.0
754.0,318.0,194.0,314.0
752.0,312.0,204.0,330.0
754.0,311.0,204.0,330.0
755.0,312.0,204.0,330.0
756.0,310.0,204.0,330.0
759.0,311.0,204.0,330.0
757.0,309.0,204.0,330.0
782.0,344.0,136.0,239.0
779.0,342.0,136.0,239.0
780.0,338.0,136.0,239.0
780.0,339.0,136.0,239.0
780.0,338.0,136.0,239.0
780.0,339.0,136.0,239.0
783.0,342.0,130.0,228.0
785.0,340.0,130.0,228.0
788.0,339.0,130.0,228.0
790.0,338.0,130.0,228.0
788.0,335.0,136.0,239.0
790.0,333.0,136.0,239.0
791.0,333.0,136.0,239.0
797.0,334.0,130.0,228.0
790.0,342.0,123.0,217.0
783.0,342.0,130.0,228.0
779.0,343.0,130.0,228.0
778.0,342.0,130.0,228.0
776.0,339.0,136.0,239.0
775.0,345.0,130.0,228.0
793.0,342.0,166.0,238.0
796.0,337.0,166.0,238.0
794.0,337.0,166.0,238.0
790.0,338.0,166.0,238.0
789.0,336.0,166.0,238.0
780.0,341.0,166.0,238.0
774.0,345.0,158.0,227.0
771.0,345.0,158.0,227.0
767.0,347.0,158.0,227.0
764.0,349.0,158.0,227.0
759.0,350.0,158.0,227.0
754.0,351.0,158.0,227.0
753.0,354.0,158.0,227.0
750.0,354.0,158.0,227.0
752.0,357.0,158.0,227.0
751.0,356.0,166.0,238.0
751.0,358.0,166.0,238.0
748.0,359.0,166.0,238.0
746.0,358.0,166.0,238.0
745.0,362.0,166.0,238.0
738.0,361.0,166.0,238.0
716.0,358.0,173.0,227.0
722.0,360.0,173.0,227.0
720.0,360.0,173.0,227.0
720.0,360.0,173.0,227.0
720.0,360.0,173.0,227.0
721.0,361.0,173.0,227.0
719.0,362.0,173.0,227.0
719.0,361.0,173.0,227.0
718.0,361.0,173.0,227.0
718.0,361.0,173.0,227.0
719.0,361.0,173.0,227.0
722.0,365.0,165.0,216.0
723.0,365.0,165.0,216.0
725.0,364.0,165.0,216.0
728.0,363.0,165.0,216.0
727.0,368.0,165.0,216.0
725.0,368.0,165.0,216.0
723.0,366.0,165.0,216.0
725.0,369.0,165.0,216.0
723.0,369.0,165.0,216.0
727.0,367.0,165.0,216.0
729.0,367.0,165.0,216.0
732.0,365.0,165.0,216.0
735.0,365.0,165.0,216.0
730.0,364.0,173.0,227.0
732.0,365.0,173.0,227.0
736.0,369.0,165.0,216.0
736.0,369.0,165.0,216.0
736.0,370.0,165.0,216.0
734.0,370.0,165.0,216.0
733.0,371.0,165.0,216.0
726.0,367.0,173.0,227.0
726.0,371.0,173.0,227.0
725.0,370.0,173.0,227.0
724.0,370.0,173.0,227.0
723.0,372.0,173.0,227.0
724.0,371.0,173.0,227.0
725.0,370.0,173.0,227.0
727.0,370.0,173.0,227.0
728.0,366.0,173.0,227.0
731.0,366.0,173.0,227.0
733.0,366.0,173.0,227.0
733.0,364.0,173.0,227.0
732.0,365.0,173.0,227.0
722.0,363.0,173.0,227.0
718.0,364.0,173.0,227.0
714.0,363.0,173.0,227.0
714.0,362.0,173.0,227.0
715.0,362.0,173.0,227.0
717.0,363.0,173.0,227.0
717.0,362.0,173.0,227.0
727.0,358.0,199.0,225.0
727.0,354.0,199.0,225.0
725.0,354.0,199.0,225.0
728.0,355.0,190.0,214.0
726.0,358.0,190.0,214.0
723.0,357.0,190.0,214.0
720.0,357.0,190.0,214.0
718.0,359.0,190.0,214.0
715.0,359.0,190.0,214.0
714.0,361.0,190.0,214.0
712.0,358.0,199.0,225.0
714.0,360.0,199.0,225.0
721.0,369.0,209.0,236.0
719.0,367.0,209.0,236.0
719.0,371.0,199.0,225.0
720.0,380.0,199.0,225.0
722.0,383.0,199.0,225.0
740.0,350.0,122.0,256.0
745.0,350.0,122.0,256.0
750.0,349.0,122.0,256.0
749.0,348.0,122.0,256.0
750.0,349.0,122.0,256.0
748.0,346.0,122.0,256.0
745.0,344.0,122.0,256.0
747.0,344.0,122.0,256.0
746.0,342.0,122.0,256.0
747.0,343.0,122.0,256.0
746.0,345.0,122.0,256.0
749.0,344.0,116.0,244.0
745.0,339.0,122.0,256.0
680.0,361.0,185.0,230.0
687.0,350.0,185.0,230.0
687.0,351.0,185.0,230.0
681.0,348.0,185.0,230.0
673.0,347.0,194.0,241.0
671.0,348.0,194.0,241.0
677.0,349.0,185.0,230.0
669.0,347.0,194.0,241.0
671.0,347.0,194.0,241.0
667.0,349.0,194.0,241.0
663.0,349.0,194.0,241.0
660.0,354.0,194.0,241.0
655.0,348.0,194.0,241.0
658.0,353.0,185.0,230.0
650.0,349.0,194.0,241.0
644.0,351.0,194.0,241.0
646.0,349.0,185.0,230.0
570.0,351.0,257.0,248.0
573.0,344.0,257.0,248.0
571.0,345.0,257.0,248.0
571.0,343.0,257.0,248.0
560.0,342.0,257.0,248.0
555.0,341.0,257.0,248.0
559.0,345.0,245.0,236.0
558.0,351.0,233.0,225.0
552.0,349.0,233.0,225.0
549.0,350.0,233.0,225.0
545.0,347.0,233.0,225.0
547.0,352.0,222.0,214.0
538.0,351.0,222.0,214.0
533.0,351.0,222.0,214.0
521.0,347.0,233.0,225.0
517.0,351.0,222.0,214.0
514.0,348.0,233.0,225.0
507.0,347.0,245.0,236.0
510.0,348.0,233.0,225.0
445.0,366.0,300.0,221.0
443.0,353.0,315.0,232.0
447.0,354.0,300.0,221.0
458.0,359.0,286.0,210.0
460.0,359.0,286.0,210.0
460.0,358.0,286.0,210.0
448.0,355.0,300.0,221.0
440.0,355.0,300.0,221.0
432.0,354.0,300.0,221.0
430.0,355.0,286.0,210.0
430.0,354.0,286.0,210.0
434.0,359.0,272.0,200.0
431.0,358.0,272.0,200.0
431.0,356.0,272.0,200.0
431.0,356.0,272.0,200.0
428.0,353.0,286.0,210.0
424.0,352.0,300.0,221.0
423.0,351.0,300.0,221.0
426.0,351.0,300.0,221.0
423.0,345.0,315.0,232.0
426.0,347.0,300.0,221.0
426.0,350.0,315.0,232.0
424.0,341.0,248.0,217.0
433.0,337.0,248.0,217.0
432.0,333.0,248.0,217.0
429.0,328.0,248.0,217.0
435.0,329.0,236.0,207.0
438.0,327.0,236.0,207.0
437.0,325.0,236.0,207.0
438.0,328.0,236.0,207.0
437.0,330.0,236.0,207.0
433.0,331.0,236.0,207.0
433.0,332.0,236.0,207.0
432.0,334.0,236.0,207.0
435.0,332.0,236.0,207.0
431.0,333.0,236.0,207.0
427.0,329.0,248.0,217.0
425.0,334.0,248.0,217.0
424.0,331.0,248.0,217.0
424.0,329.0,248.0,217.0
422.0,335.0,174.0,196.0
429.0,332.0,174.0,196.0
425.0,328.0,174.0,196.0
421.0,326.0,174.0,196.0
419.0,327.0,174.0,196.0
417.0,328.0,174.0,196.0
416.0,330.0,174.0,196.0
412.0,328.0,174.0,196.0
408.0,328.0,183.0,206.0
405.0,326.0,183.0,206.0
404.0,326.0,183.0,206.0
400.0,322.0,192.0,216.0
404.0,326.0,183.0,206.0
399.0,324.0,183.0,206.0
400.0,322.0,183.0,206.0
400.0,321.0,183.0,206.0
403.0,303.0,128.0,220.0
403.0,307.0,128.0,220.0
399.0,309.0,134.0,231.0
397.0,308.0,134.0,231.0
395.0,310.0,134.0,231.0
391.0,306.0,134.0,231.0
389.0,306.0,134.0,231.0
386.0,307.0,134.0,231.0
383.0,305.0,134.0,231.0
382.0,303.0,134.0,231.0
381.0,303.0,134.0,231.0
378.0,306.0,134.0,231.0
378.0,308.0,134.0,231.0
372.0,304.0,141.0,243.0
375.0,310.0,134.0,231.0
370.0,307.0,141.0,243.0
371.0,306.0,141.0,243.0
371.0,304.0,141.0,243.0
369.0,305.0,141.0,243.0
361.0,298.0,148.0,255.0
360.0,300.0,148.0,255.0
358.0,298.0,148.0,255.0
351.0,293.0,156.0,267.0
352.0,298.0,156.0,267.0
352.0,298.0,156.0,267.0
304.0,295.0,168.0,239.0
317.0,294.0,168.0,239.0
319.0,299.0,168.0,239.0
323.0,298.0,168.0,239.0
331.0,303.0,168.0,239.0
341.0,306.0,168.0,239.0
340.0,299.0,176.0,251.0
339.0,301.0,176.0,251.0
339.0,303.0,176.0,251.0
335.0,296.0,185.0,263.0
335.0,296.0,185.0,263.0
336.0,297.0,185.0,263.0
339.0,300.0,185.0,263.0
335.0,295.0,194.0,277.0
304.0,319.0,214.0,220.0
323.0,319.0,214.0,220.0
319.0,318.0,225.0,231.0
320.0,318.0,225.0,231.0
332.0,323.0,214.0,220.0
330.0,324.0,214.0,220.0
330.0,323.0,214.0,220.0
326.0,319.0,225.0,231.0
322.0,320.0,225.0,231.0
316.0,320.0,225.0,231.0
305.0,319.0,225.0,231.0
261.0,312.0,255.0,216.0
268.0,313.0,255.0,216.0
265.0,314.0,255.0,216.0
262.0,315.0,255.0,216.0
259.0,318.0,255.0,216.0
258.0,318.0,255.0,216.0
249.0,314.0,268.0,227.0
242.0,312.0,268.0,227.0
242.0,313.0,268.0,227.0
241.0,312.0,268.0,227.0
241.0,312.0,268.0,227.0
200.0,344.0,320.0,187.0
216.0,344.0,320.0,187.0
217.0,344.0,320.0,187.0
214.0,345.0,320.0,187.0
194.0,342.0,336.0,196.0
192.0,345.0,336.0,196.0
135.0,341.0,372.0,224.0
140.0,336.0,372.0,224.0
136.0,337.0,372.0,224.0
130.0,338.0,372.0,224.0
126.0,335.0,372.0,224.0
127.0,336.0,372.0,224.0
121.0,330.0,391.0,235.0
124.0,330.0,391.0,235.0
124.0,330.0,391.0,235.0
127.0,331.0,391.0,235.0
130.0,330.0,391.0,235.0
134.0,329.0,391.0,235.0
141.0,329.0,391.0,235.0
147.0,329.0,391.0,235.0
152.0,328.0,391.0,235.0
156.0,329.0,391.0,235.0
163.0,330.0,391.0,235.0
163.0,331.0,391.0,235.0
163.0,329.0,391.0,235.0
163.0,331.0,391.0,235.0
169.0,331.0,391.0,235.0
158.0,324.0,348.0,221.0
170.0,321.0,348.0,221.0
172.0,319.0,348.0,221.0
172.0,318.0,348.0,221.0
169.0,318.0,348.0,221.0
164.0,319.0,348.0,221.0
150.0,313.0,365.0,232.0
137.0,309.0,384.0,244.0
144.0,313.0,365.0,232.0
140.0,315.0,365.0,232.0
135.0,312.0,365.0,232.0
129.0,312.0,365.0,232.0
124.0,311.0,365.0,232.0
129.0,316.0,348.0,221.0
116.0,312.0,365.0,232.0
114.0,312.0,365.0,232.0
110.0,314.0,365.0,232.0
106.0,313.0,365.0,232.0
114.0,316.0,348.0,221.0
111.0,316.0,348.0,221.0
117.0,318.0,331.0,210.0
113.0,316.0,331.0,210.0
111.0,316.0,331.0,210.0
108.0,312.0,331.0,210.0
104.0,311.0,331.0,210.0
104.0,310.0,331.0,210.0
105.0,311.0,331.0,210.0
100.0,310.0,331.0,210.0
97.0,307.0,331.0,210.0
95.0,303.0,331.0,210.0
85.0,302.0,348.0,221.0
81.0,302.0,348.0,221.0
75.0,302.0,348.0,221.0
78.0,303.0,331.0,210.0
82.0,308.0,316.0,200.0
79.0,306.0,316.0,200.0
75.0,306.0,316.0,200.0
75.0,307.0,316.0,200.0
72.0,304.0,316.0,200.0
64.0,301.0,331.0,210.0
55.0,298.0,348.0,221.0
60.0,301.0,331.0,210.0
51.0,297.0,348.0,221.0
47.0,295.0,348.0,221.0
44.0,293.0,348.0,221.0
39.0,290.0,348.0,221.0
31.0,288.0,365.0,232.0
78.0,293.0,236.0,226.0
76.0,293.0,236.0,226.0
79.0,298.0,225.0,215.0
76.0,300.0,225.0,215.0
73.0,299.0,225.0,215.0
71.0,299.0,225.0,215.0
75.0,305.0,214.0,205.0
77.0,305.0,214.0,205.0
78.0,304.0,214.0,205.0
78.0,306.0,214.0,205.0
78.0,306.0,214.0,205.0
78.0,305.0,214.0,205.0
78.0,304.0,214.0,205.0
79.0,305.0,214.0,205.0
112.0,295.0,157.0,221.0
107.0,290.0,157.0,221.0
104.0,291.0,157.0,221.0
103.0,292.0,157.0,221.0
98.0,287.0,165.0,232.0
95.0,288.0,165.0,232.0
96.0,293.0,157.0,221.0
93.0,294.0,157.0,221.0
92.0,293.0,157.0,221.0
92.0,295.0,157.0,221.0
91.0,291.0,157.0,221.0
89.0,290.0,157.0,221.0
88.0,290.0,157.0,221.0
88.0,287.0,157.0,221.0
86.0,287.0,157.0,221.0
85.0,286.0,157.0,221.0
82.0,281.0,165.0,232.0
85.0,283.0,157.0,221.0
87.0,283.0,157.0,221.0
86.0,282.0,157.0,221.0
87.0,282.0,157.0,221.0
89.0,281.0,157.0,221.0
90.0,278.0,157.0,221.0
92.0,278.0,157.0,221.0
94.0,276.0,157.0,221.0
94.0,273.0,165.0,232.0
96.0,272.0,165.0,232.0
97.0,271.0,165.0,232.0
105.0,271.0,157.0,221.0
108.0,270.0,157.0,221.0
109.0,270.0,157.0,221.0
113.0,267.0,157.0,221.0
112.0,265.0,165.0,232.0
113.0,262.0,165.0,232.0
113.0,261.0,165.0,232.0
115.0,259.0,165.0,232.0
112.0,261.0,165.0,232.0
113.0,261.0,165.0,232.0
113.0,267.0,157.0,221.0
114.0,266.0,157.0,221.0
116.0,267.0,157.0,221.0
118.0,268.0,157.0,221.0
101.0,270.0,245.0,211.0
104.0,267.0,245.0,211.0
103.0,265.0,245.0,211.0
113.0,270.0,233.0,201.0
113.0,269.0,233.0,201.0
107.0,264.0,245.0,211.0
108.0,265.0,245.0,211.0
106.0,261.0,257.0,222.0
105.0,262.0,257.0,222.0
105.0,262.0,257.0,222.0
105.0,264.0,257.0,222.0
105.0,265.0,257.0,222.0
105.0,268.0,257.0,222.0
105.0,268.0,257.0,222.0
106.0,271.0,257.0,222.0
107.0,271.0,257.0,222.0
110.0,273.0,257.0,222.0
112.0,274.0,257.0,222.0
113.0,274.0,257.0,222.0
114.0,274.0,257.0,222.0
115.0,274.0,257.0,222.0
115.0,274.0,257.0,222.0
116.0,274.0,257.0,222.0
116.0,273.0,257.0,222.0
116.0,275.0,257.0,222.0
114.0,274.0,257.0,222.0
115.0,274.0,257.0,222.0
131.0,248.0,245.0,211.0
130.0,241.0,257.0,222.0
132.0,239.0,257.0,222.0
133.0,237.0,257.0,222.0
134.0,235.0,257.0,222.0
140.0,232.0,257.0,222.0
140.0,231.0,257.0,222.0
142.0,230.0,294.0,209.0
146.0,226.0,294.0,209.0
146.0,226.0,294.0,209.0
149.0,224.0,294.0,209.0
151.0,225.0,294.0,209.0
150.0,225.0,294.0,209.0
154.0,225.0,294.0,209.0
157.0,225.0,294.0,209.0
169.0,228.0,280.0,199.0
170.0,229.0,280.0,199.0
171.0,230.0,280.0,199.0
174.0,230.0,280.0,199.0
174.0,231.0,280.0,199.0
177.0,231.0,280.0,199.0
179.0,229.0,280.0,199.0
191.0,232.0,267.0,190.0
191.0,233.0,267.0,190.0
192.0,233.0,267.0,190.0
191.0,229.0,267.0,190.0
190.0,230.0,267.0,190.0
191.0,232.0,267.0,190.0
193.0,230.0,267.0,190.0
202.0,234.0,254.0,181.0
212.0,240.0,242.0,172.0
214.0,238.0,242.0,172.0
216.0,239.0,242.0,172.0
217.0,239.0,242.0,172.0
225.0,244.0,230.0,164.0
234.0,245.0,219.0,156.0
240.0,250.0,209.0,149.0
243.0,249.0,209.0,149.0
247.0,249.0,209.0,149.0
256.0,252.0,199.0,141.0
256.0,248.0,209.0,149.0
260.0,246.0,209.0,149.0
268.0,248.0,199.0,141.0
268.0,242.0,200.0,211.0
277.0,232.0,200.0,211.0
278.0,231.0,200.0,211.0
279.0,229.0,200.0,211.0
285.0,234.0,190.0,201.0
285.0,235.0,190.0,201.0
283.0,236.0,190.0,201.0
284.0,235.0,190.0,201.0
291.0,238.0,181.0,191.0
291.0,239.0,181.0,191.0
295.0,237.0,181.0,191.0
308.0,240.0,181.0,191.0
309.0,238.0,181.0,191.0
312.0,238.0,181.0,191.0
316.0,238.0,181.0,191.0
321.0,238.0,181.0,191.0
363.0,245.0,108.0,193.0
363.0,239.0,108.0,193.0
365.0,239.0,108.0,193.0
370.0,239.0,108.0,193.0
373.0,243.0,108.0,193.0
377.0,248.0,103.0,184.0
380.0,250.0,103.0,184.0
385.0,253.0,103.0,184.0
387.0,256.0,103.0,184.0
393.0,259.0,98.0,175.0
400.0,262.0,93.0,167.0
400.0,260.0,98.0,175.0
402.0,259.0,98.0,175.0
404.0,258.0,98.0,175.0
404.0,257.0,98.0,175.0
407.0,257.0,98.0,175.0
405.0,254.0,103.0,184.0
404.0,254.0,103.0,184.0
406.0,253.0,103.0,184.0
405.0,256.0,103.0,184.0
406.0,257.0,103.0,184.0
405.0,257.0,103.0,184.0
406.0,259.0,103.0,184.0
407.0,258.0,103.0,184.0
408.0,257.0,103.0,184.0
412.0,259.0,103.0,184.0
417.0,260.0,98.0,175.0
419.0,260.0,98.0,175.0
421.0,259.0,98.0,175.0
425.0,259.0,98.0,175.0
426.0,260.0,98.0,175.0
429.0,258.0,98.0,175.0
430.0,256.0,98.0,175.0
434.0,257.0,98.0,175.0
436.0,258.0,98.0,175.0
441.0,259.0,98.0,175.0
443.0,260.0,98.0,175.0
444.0,257.0,103.0,184.0
446.0,253.0,108.0,193.0
447.0,252.0,108.0,193.0
446.0,252.0,108.0,193.0
445.0,250.0,108.0,193.0
446.0,249.0,108.0,193.0
443.0,241.0,113.0,203.0
445.0,240.0,113.0,203.0
447.0,241.0,113.0,203.0
451.0,238.0,113.0,203.0
456.0,244.0,108.0,193.0
459.0,249.0,103.0,184.0
464.0,255.0,98.0,175.0
464.0,256.0,98.0,175.0
463.0,258.0,98.0,175.0
461.0,254.0,103.0,184.0
462.0,257.0,103.0,184.0
462.0,260.0,103.0,184.0
463.0,264.0,98.0,175.0
465.0,268.0,93.0,167.0
466.0,269.0,93.0,167.0
470.0,274.0,89.0,159.0
466.0,268.0,93.0,167.0
465.0,268.0,93.0,167.0
463.0,269.0,93.0,167.0
464.0,273.0,89.0,159.0
462.0,273.0,89.0,159.0
461.0,273.0,89.0,159.0
461.0,274.0,89.0,159.0
461.0,278.0,85.0,151.0
459.0,277.0,89.0,159.0
457.0,275.0,93.0,167.0
459.0,276.0,93.0,167.0
460.0,282.0,89.0,159.0
460.0,283.0,89.0,159.0
462.0,284.0,89.0,159.0
460.0,282.0,93.0,167.0
461.0,281.0,93.0,167.0
463.0,280.0,93.0,167.0
462.0,281.0,93.0,167.0
464.0,280.0,93.0,167.0
461.0,276.0,98.0,175.0
463.0,277.0,98.0,175.0
465.0,277.0,98.0,175.0
466.0,278.0,98.0,175.0
471.0,281.0,93.0,167.0
473.0,285.0,89.0,159.0
473.0,282.0,93.0,167.0
473.0,284.0,93.0,167.0
471.0,281.0,98.0,175.0
473.0,281.0,98.0,175.0
473.0,281.0,98.0,175.0
473.0,281.0,98.0,175.0
474.0,281.0,98.0,175.0
475.0,282.0,98.0,175.0
474.0,278.0,103.0,184.0
473.0,274.0,108.0,193.0
475.0,272.0,108.0,193.0
478.0,274.0,108.0,193.0
483.0,273.0,108.0,193.0
487.0,273.0,108.0,193.0
491.0,276.0,108.0,193.0
495.0,275.0,108.0,193.0
498.0,276.0,108.0,193.0
504.0,281.0,103.0,184.0
507.0,283.0,103.0,184.0
509.0,285.0,103.0,184.0
508.0,283.0,108.0,193.0
508.0,280.0,113.0,203.0
509.0,275.0,119.0,213.0
509.0,276.0,119.0,213.0
511.0,275.0,119.0,213.0
512.0,274.0,119.0,213.0
515.0,280.0,113.0,203.0
515.0,280.0,113.0,203.0
515.0,281.0,113.0,203.0
515.0,283.0,113.0,203.0
514.0,284.0,113.0,203.0
514.0,288.0,113.0,203.0
514.0,289.0,113.0,203.0
515.0,290.0,113.0,203.0
514.0,290.0,113.0,203.0
514.0,289.0,113.0,203.0
512.0,285.0,119.0,213.0
513.0,285.0,119.0,213.0
512.0,286.0,119.0,213.0
510.0,281.0,125.0,223.0
508.0,283.0,125.0,223.0
506.0,282.0,125.0,223.0
507.0,281.0,125.0,223.0
506.0,280.0,125.0,223.0
505.0,281.0,125.0,223.0
506.0,285.0,125.0,223.0
506.0,286.0,125.0,223.0
505.0,287.0,125.0,223.0
506.0,287.0,125.0,223.0
506.0,288.0,125.0,223.0
507.0,291.0,125.0,223.0
507.0,292.0,125.0,223.0
509.0,299.0,119.0,213.0
508.0,296.0,125.0,223.0
505.0,292.0,131.0,235.0
506.0,293.0,131.0,235.0
504.0,292.0,138.0,246.0
506.0,292.0,138.0,246.0
506.0,295.0,138.0,246.0
509.0,294.0,138.0,246.0
511.0,296.0,138.0,246.0
509.0,290.0,145.0,259.0
510.0,282.0,152.0,272.0
511.0,282.0,152.0,272.0
511.0,281.0,152.0,272.0
510.0,281.0,152.0,272.0
509.0,274.0,152.0,272.0
506.0,270.0,152.0,272.0
506.0,263.0,152.0,272.0
504.0,260.0,152.0,272.0
502.0,247.0,160.0,285.0
504.0,241.0,160.0,285.0
502.0,233.0,160.0,285.0
501.0,225.0,160.0,285.0
500.0,220.0,160.0,285.0
501.0,222.0,152.0,272.0
500.0,218.0,152.0,272.0
499.0,214.0,152.0,272.0
497.0,211.0,152.0,272.0
496.0,210.0,152.0,272.0
495.0,206.0,152.0,272.0
495.0,206.0,152.0,272.0
495.0,201.0,160.0,285.0
497.0,200.0,160.0,285.0
499.0,201.0,160.0,285.0
501.0,202.0,160.0,285.0
501.0,204.0,160.0,285.0
504.0,240.0,160.0,285.0
507.0,244.0,160.0,285.0
509.0,244.0,160.0,285.0
531.0,232.0,130.0,276.0
550.0,233.0,130.0,276.0
546.0,226.0,136.0,290.0
520.0,227.0,150.0,288.0
531.0,223.0,150.0,288.0
525.0,212.0,158.0,302.0
522.0,209.0,158.0,302.0
524.0,216.0,150.0,288.0
524.0,215.0,150.0,288.0
522.0,215.0,150.0,288.0
521.0,214.0,150.0,288.0
520.0,217.0,150.0,288.0
518.0,215.0,150.0,288.0
511.0,211.0,158.0,302.0
511.0,211.0,158.0,302.0
511.0,211.0,158.0,302.0
511.0,218.0,158.0,302.0
511.0,219.0,158.0,302.0
510.0,218.0,158.0,302.0
505.0,212.0,165.0,318.0
505.0,214.0,165.0,318.0
507.0,213.0,165.0,318.0
504.0,208.0,174.0,333.0
505.0,209.0,174.0,333.0
507.0,220.0,174.0,333.0
511.0,223.0,174.0,333.0
514.0,229.0,174.0,333.0
0
0
0
471.0,163.0,172.0,354.0
490.0,155.0,172.0,354.0
499.0,158.0,172.0,354.0
502.0,160.0,181.0,372.0
509.0,165.0,181.0,372.0
515.0,169.0,181.0,372.0
521.0,170.0,181.0,372.0
525.0,170.0,181.0,372.0
530.0,173.0,181.0,372.0
533.0,166.0,190.0,390.0
521.0,177.0,120.0,326.0
541.0,186.0,120.0,326.0
545.0,186.0,120.0,326.0
546.0,195.0,114.0,310.0
509.0,195.0,135.0,308.0
524.0,198.0,135.0,308.0
523.0,197.0,135.0,308.0
522.0,200.0,135.0,308.0
519.0,195.0,142.0,323.0
519.0,196.0,142.0,323.0
519.0,198.0,142.0,323.0
520.0,199.0,142.0,323.0
521.0,197.0,142.0,323.0
521.0,203.0,142.0,323.0
520.0,197.0,142.0,323.0
519.0,186.0,149.0,340.0
518.0,181.0,149.0,340.0
518.0,190.0,142.0,323.0
517.0,197.0,135.0,308.0
508.0,188.0,142.0,323.0
451.0,209.0,187.0,294.0
469.0,209.0,187.0,294.0
467.0,210.0,187.0,294.0
462.0,211.0,187.0,294.0
456.0,212.0,187.0,294.0
443.0,205.0,196.0,309.0
488.0,212.0,137.0,292.0
496.0,211.0,123.0,284.0
491.0,218.0,123.0,270.0
493.0,207.0,128.0,275.0
493.0,201.0,105.0,299.0
485.0,209.0,138.0,279.0
493.0,216.0,95.0,279.0
0
0
0
0
0
0
0
0
0
0
0
0
0
0
0
0
0
0
0
0
0
0
0
0
0
0
0
0
0
0
0
0
0
0
0
0
0
0
0
0
0
0
0
0
0
0
0
0
0
0
0
0
0
0
0
0
0
0
0
0
0
0
0
0
0
0
0
0
0
0
0
0
0
0
0
0
0
0
0
0
0
0
0
0
0
0
0
403.0,56.0,193.0,525.0
402.0,48.0,193.0,525.0
403.0,44.0,193.0,525.0
398.0,51.0,193.0,525.0
399.0,64.0,193.0,525.0
406.0,67.0,193.0,525.0
413.0,69.0,193.0,525.0
420.0,61.0,193.0,525.0
422.0,43.0,203.0,551.0
428.0,65.0,193.0,525.0
437.0,81.0,184.0,500.0
439.0,89.0,184.0,500.0
440.0,114.0,184.0,500.0
440.0,101.0,193.0,525.0
442.0,96.0,203.0,551.0
439.0,104.0,203.0,551.0
420.0,212.0,177.0,464.0
418.0,211.0,177.0,464.0
408.0,211.0,177.0,464.0
400.0,211.0,177.0,464.0
388.0,216.0,177.0,464.0
373.0,229.0,169.0,442.0
362.0,261.0,169.0,442.0
346.0,271.0,169.0,442.0
351.0,277.0,161.0,421.0
357.0,269.0,161.0,421.0
347.0,266.0,169.0,442.0
349.0,269.0,169.0,442.0
366.0,280.0,161.0,421.0
368.0,276.0,161.0,421.0
403.0,281.0,153.0,401.0
420.0,268.0,161.0,421.0
442.0,263.0,153.0,401.0
302.0,259.0,307.0,419.0
321.0,247.0,307.0,419.0
341.0,239.0,307.0,419.0
356.0,140.0,310.0,510.0
359.0,127.0,310.0,510.0
361.0,123.0,310.0,510.0
360.0,123.0,310.0,510.0
348.0,109.0,326.0,536.0
338.0,98.0,342.0,562.0
342.0,99.0,342.0,562.0
354.0,109.0,326.0,536.0
364.0,120.0,310.0,510.0
355.0,117.0,310.0,510.0
346.0,122.0,310.0,510.0
333.0,122.0,310.0,510.0
326.0,129.0,402.0,532.0
337.0,133.0,402.0,532.0
454.0,156.0,291.0,511.0
454.0,166.0,291.0,511.0
461.0,167.0,291.0,511.0
471.0,168.0,291.0,511.0
479.0,160.0,306.0,537.0
497.0,171.0,306.0,537.0
534.0,190.0,291.0,511.0
560.0,198.0,291.0,511.0
533.0,250.0,358.0,454.0
560.0,240.0,358.0,454.0
598.0,250.0,358.0,454.0
626.0,259.0,358.0,454.0
656.0,284.0,376.0,477.0
702.0,287.0,410.0,409.0
728.0,295.0,410.0,409.0
753.0,301.0,410.0,409.0
782.0,305.0,410.0,409.0
792.0,302.0,410.0,409.0
784.0,303.0,410.0,409.0
772.0,301.0,410.0,409.0
767.0,301.0,410.0,409.0
765.0,300.0,410.0,409.0
766.0,298.0,410.0,409.0
763.0,297.0,410.0,409.0
760.0,294.0,410.0,409.0
751.0,296.0,410.0,409.0
701.0,304.0,394.0,384.0
700.0,298.0,394.0,384.0
698.0,301.0,394.0,384.0
694.0,298.0,394.0,384.0
701.0,303.0,375.0,366.0
696.0,307.0,375.0,366.0
743.0,293.0,291.0,382.0
730.0,285.0,291.0,382.0
723.0,279.0,291.0,382.0
720.0,273.0,291.0,382.0
715.0,272.0,291.0,382.0
713.0,268.0,291.0,382.0
724.0,270.0,277.0,364.0
723.0,270.0,277.0,364.0
721.0,271.0,277.0,364.0
729.0,277.0,264.0,346.0
729.0,275.0,264.0,346.0
721.0,279.0,264.0,346.0
718.0,279.0,264.0,346.0
711.0,275.0,264.0,346.0
704.0,272.0,264.0,346.0
681.0,261.0,277.0,364.0
674.0,258.0,277.0,364.0
652.0,250.0,277.0,364.0
648.0,250.0,277.0,364.0
645.0,251.0,277.0,364.0
643.0,257.0,277.0,364.0
650.0,260.0,264.0,346.0
637.0,262.0,277.0,364.0
692.0,264.0,150.0,327.0
684.0,268.0,150.0,327.0
503.0,175.0,333.0,421.0
520.0,180.0,319.0,419.0
523.0,171.0,322.0,427.0
543.0,157.0,309.0,434.0
531.0,156.0,249.0,442.0
527.0,163.0,281.0,446.0
520.0,162.0,270.0,376.0
538.0,152.0,270.0,376.0
491.0,152.0,279.0,369.0
518.0,137.0,279.0,369.0
522.0,133.0,279.0,369.0
469.0,173.0,321.0,335.0
501.0,156.0,321.0,335.0
503.0,154.0,321.0,335.0
504.0,156.0,321.0,335.0
446.0,166.0,312.0,323.0
486.0,160.0,312.0,323.0
490.0,159.0,312.0,323.0
492.0,157.0,312.0,323.0
495.0,158.0,312.0,323.0
499.0,156.0,312.0,323.0
461.0,186.0,309.0,275.0
493.0,180.0,309.0,275.0
496.0,177.0,309.0,275.0
495.0,181.0,309.0,275.0
462.0,177.0,316.0,281.0
494.0,168.0,316.0,281.0
497.0,161.0,316.0,281.0
497.0,155.0,316.0,281.0
498.0,149.0,316.0,281.0
500.0,141.0,316.0,281.0
497.0,136.0,199.0,264.0
513.0,128.0,199.0,264.0
519.0,127.0,199.0,264.0
527.0,129.0,199.0,264.0
459.0,163.0,231.0,260.0
453.0,160.0,231.0,260.0
449.0,161.0,231.0,260.0
447.0,159.0,231.0,260.0
448.0,160.0,231.0,260.0
446.0,160.0,231.0,260.0
447.0,160.0,231.0,260.0
446.0,162.0,231.0,260.0
442.0,161.0,231.0,260.0
439.0,161.0,231.0,260.0
440.0,163.0,231.0,260.0
439.0,163.0,231.0,260.0
441.0,165.0,231.0,260.0
444.0,165.0,231.0,260.0
446.0,165.0,231.0,260.0
448.0,167.0,231.0,260.0
451.0,168.0,231.0,260.0
455.0,169.0,231.0,260.0
460.0,169.0,231.0,260.0
465.0,170.0,231.0,260.0
467.0,172.0,231.0,260.0
465.0,176.0,231.0,260.0
463.0,187.0,220.0,248.0
0
0
0
0
0
0
0
0
0
0
0
0
0
0
0
0
0
0
0
0
0
0
0
0
0
0
553.0,187.0,103.0,257.0
553.0,189.0,103.0,257.0
552.0,190.0,103.0,257.0
549.0,191.0,103.0,257.0
547.0,187.0,108.0,270.0
544.0,199.0,108.0,270.0
541.0,204.0,103.0,257.0
540.0,205.0,103.0,257.0
540.0,204.0,103.0,257.0
541.0,204.0,103.0,257.0
544.0,206.0,79.0,205.0
548.0,204.0,79.0,205.0
552.0,206.0,83.0,215.0
557.0,211.0,83.0,215.0
564.0,231.0,79.0,205.0
569.0,248.0,79.0,205.0
569.0,271.0,79.0,205.0
603.0,284.0,78.0,207.0
604.0,286.0,78.0,207.0
604.0,284.0,78.0,207.0
604.0,286.0,78.0,207.0
603.0,284.0,82.0,217.0
604.0,293.0,78.0,207.0
604.0,268.0,129.0,240.0
607.0,273.0,129.0,240.0
613.0,272.0,129.0,240.0
619.0,267.0,135.0,252.0
637.0,267.0,162.0,240.0
654.0,271.0,162.0,240.0
661.0,271.0,162.0,240.0
625.0,290.0,158.0,231.0
644.0,297.0,158.0,231.0
660.0,295.0,153.0,231.0
621.0,294.0,200.0,182.0
633.0,302.0,192.0,199.0
644.0,308.0,192.0,199.0
649.0,309.0,192.0,199.0
649.0,309.0,192.0,199.0
647.0,310.0,192.0,199.0
646.0,312.0,192.0,199.0
645.0,313.0,192.0,199.0
644.0,312.0,192.0,199.0
642.0,312.0,192.0,199.0
645.0,313.0,192.0,199.0
652.0,315.0,192.0,199.0
660.0,316.0,192.0,199.0
662.0,316.0,192.0,199.0
661.0,322.0,192.0,199.0
662.0,328.0,183.0,190.0
667.0,325.0,174.0,180.0
669.0,319.0,174.0,180.0
676.0,312.0,174.0,180.0
676.0,313.0,174.0,180.0
671.0,254.0,164.0,264.0
677.0,256.0,164.0,264.0
679.0,256.0,164.0,264.0
681.0,261.0,164.0,264.0
689.0,270.0,164.0,264.0
692.0,279.0,164.0,264.0
694.0,284.0,164.0,264.0
693.0,281.0,172.0,277.0
694.0,282.0,172.0,277.0
694.0,274.0,181.0,291.0
696.0,274.0,181.0,291.0
702.0,283.0,181.0,291.0
701.0,271.0,190.0,306.0
708.0,268.0,190.0,306.0
710.0,262.0,199.0,321.0
712.0,263.0,199.0,321.0
715.0,263.0,199.0,321.0
715.0,266.0,199.0,321.0
712.0,261.0,209.0,337.0
721.0,273.0,209.0,337.0
727.0,278.0,209.0,337.0
742.0,300.0,209.0,337.0
746.0,264.0,209.0,337.0
754.0,265.0,220.0,354.0
760.0,245.0,220.0,354.0
758.0,203.0,209.0,337.0
766.0,196.0,209.0,337.0
762.0,175.0,219.0,354.0
760.0,167.0,219.0,354.0
759.0,158.0,219.0,354.0
754.0,147.0,230.0,372.0
750.0,133.0,242.0,390.0
752.0,130.0,242.0,390.0
760.0,139.0,230.0,372.0
761.0,139.0,230.0,372.0
