448.0,420.0,61.0,44.0
457.0,423.0,61.0,44.0
457.0,425.0,61.0,44.0
457.0,426.0,61.0,44.0
458.0,427.0,61.0,44.0
458.0,429.0,61.0,44.0
459.0,430.0,61.0,44.0
459.0,431.0,61.0,44.0
463.0,431.0,61.0,44.0
466.0,430.0,61.0,44.0
471.0,430.0,61.0,44.0
473.0,429.0,61.0,44.0
472.0,428.0,64.0,46.0
473.0,429.0,64.0,46.0
475.0,427.0,64.0,46.0
479.0,429.0,64.0,46.0
481.0,428.0,64.0,46.0
481.0,429.0,64.0,46.0
483.0,428.0,64.0,46.0
485.0,426.0,64.0,46.0
488.0,426.0,64.0,46.0
494.0,427.0,64.0,46.0
496.0,426.0,64.0,46.0
499.0,426.0,64.0,46.0
500.0,426.0,64.0,46.0
504.0,425.0,64.0,46.0
508.0,425.0,64.0,46.0
510.0,424.0,64.0,46.0
514.0,423.0,64.0,46.0
517.0,424.0,64.0,46.0
518.0,421.0,64.0,46.0
519.0,421.0,64.0,46.0
521.0,420.0,64.0,46.0
524.0,420.0,64.0,46.0
526.0,418.0,64.0,46.0
528.0,417.0,64.0,46.0
528.0,413.0,67.0,49.0
528.0,413.0,67.0,49.0
530.0,411.0,67.0,49.0
538.0,410.0,64.0,46.0
545.0,409.0,61.0,44.0
545.0,409.0,61.0,44.0
548.0,406.0,64.0,46.0
552.0,405.0,64.0,46.0
551.0,403.0,64.0,46.0
549.0,401.0,64.0,46.0
546.0,398.0,64.0,46.0
544.0,397.0,64.0,46.0
540.0,395.0,64.0,46.0
551.0,396.0,62.0,38.0
554.0,393.0,62.0,38.0
555.0,392.0,57.0,41.0
559.0,397.0,58.0,30.0
555.0,388.0,65.0,38.0
0
0
0
0
0
0
0
0
599.0,385.0,42.0,25.0
598.0,382.0,43.0,30.0
601.0,382.0,43.0,30.0
602.0,382.0,43.0,30.0
606.0,380.0,43.0,30.0
608.0,381.0,43.0,30.0
611.0,380.0,43.0,30.0
614.0,382.0,41.0,29.0
614.0,382.0,43.0,30.0
598.0,381.0,61.0,32.0
600.0,383.0,61.0,32.0
600.0,383.0,61.0,32.0
600.0,385.0,61.0,32.0
602.0,386.0,61.0,32.0
605.0,385.0,64.0,34.0
605.0,386.0,64.0,34.0
605.0,389.0,64.0,34.0
602.0,391.0,64.0,34.0
599.0,394.0,64.0,34.0
598.0,396.0,64.0,34.0
603.0,395.0,64.0,34.0
604.0,398.0,64.0,34.0
606.0,404.0,61.0,32.0
606.0,406.0,61.0,32.0
602.0,408.0,61.0,32.0
597.0,410.0,64.0,34.0
598.0,413.0,64.0,34.0
594.0,416.0,64.0,34.0
595.0,420.0,64.0,34.0
587.0,426.0,64.0,34.0
605.0,434.0,64.0,34.0
601.0,442.0,64.0,34.0
597.0,447.0,64.0,34.0
597.0,439.0,60.0,30.0
594.0,440.0,60.0,30.0
593.0,443.0,60.0,30.0
587.0,445.0,60.0,30.0
584.0,448.0,60.0,30.0
588.0,442.0,64.0,35.0
588.0,446.0,64.0,35.0
598.0,439.0,56.0,37.0
596.0,440.0,56.0,37.0
595.0,442.0,56.0,37.0
593.0,444.0,56.0,37.0
592.0,445.0,56.0,37.0
593.0,445.0,56.0,37.0
597.0,445.0,56.0,37.0
601.0,445.0,56.0,37.0
598.0,446.0,56.0,37.0
591.0,447.0,56.0,37.0
586.0,446.0,56.0,37.0
592.0,448.0,53.0,35.0
587.0,449.0,53.0,35.0
583.0,451.0,51.0,34.0
581.0,453.0,51.0,34.0
581.0,452.0,51.0,34.0
576.0,452.0,51.0,34.0
572.0,454.0,51.0,34.0
568.0,453.0,51.0,34.0
567.0,454.0,51.0,34.0
565.0,452.0,51.0,34.0
564.0,451.0,51.0,34.0
561.0,452.0,51.0,34.0
559.0,451.0,51.0,34.0
550.0,451.0,51.0,34.0
538.0,454.0,51.0,34.0
537.0,454.0,53.0,33.0
539.0,460.0,53.0,33.0
531.0,460.0,56.0,35.0
526.0,463.0,58.0,36.0
521.0,464.0,58.0,36.0
0
0
0
0
535.0,457.0,41.0,38.0
532.0,460.0,41.0,38.0
530.0,461.0,43.0,40.0
529.0,462.0,43.0,40.0
512.0,475.0,58.0,29.0
516.0,477.0,58.0,29.0
518.0,479.0,58.0,29.0
519.0,481.0,58.0,29.0
519.0,482.0,55.0,28.0
522.0,485.0,55.0,28.0
520.0,485.0,58.0,29.0
520.0,488.0,58.0,29.0
507.0,480.0,57.0,37.0
512.0,483.0,57.0,37.0
510.0,482.0,57.0,37.0
509.0,484.0,57.0,37.0
505.0,487.0,57.0,37.0
503.0,489.0,57.0,37.0
500.0,490.0,57.0,37.0
504.0,488.0,57.0,37.0
503.0,490.0,57.0,37.0
504.0,489.0,57.0,37.0
502.0,489.0,57.0,37.0
508.0,490.0,57.0,37.0
509.0,489.0,57.0,37.0
510.0,486.0,57.0,37.0
506.0,489.0,57.0,37.0
505.0,488.0,57.0,37.0
500.0,489.0,57.0,37.0
495.0,487.0,57.0,37.0
492.0,490.0,57.0,37.0
489.0,489.0,57.0,37.0
489.0,490.0,57.0,37.0
485.0,487.0,60.0,39.0
486.0,488.0,57.0,37.0
490.0,487.0,57.0,37.0
488.0,486.0,57.0,37.0
487.0,488.0,57.0,37.0
487.0,488.0,57.0,37.0
488.0,487.0,57.0,37.0
489.0,486.0,57.0,37.0
492.0,484.0,57.0,37.0
491.0,484.0,57.0,37.0
489.0,485.0,57.0,37.0
487.0,483.0,57.0,37.0
484.0,484.0,57.0,37.0
481.0,486.0,57.0,37.0
482.0,486.0,57.0,37.0
489.0,486.0,57.0,37.0
491.0,485.0,57.0,37.0
492.0,486.0,57.0,37.0
486.0,484.0,57.0,37.0
479.0,486.0,57.0,37.0
475.0,489.0,57.0,37.0
469.0,489.0,57.0,37.0
485.0,488.0,51.0,35.0
485.0,490.0,51.0,35.0
482.0,491.0,54.0,37.0
489.0,491.0,54.0,37.0
501.0,489.0,54.0,37.0
498.0,491.0,54.0,37.0
494.0,490.0,56.0,39.0
484.0,492.0,56.0,39.0
480.0,495.0,56.0,39.0
481.0,493.0,56.0,39.0
474.0,495.0,54.0,37.0
480.0,495.0,51.0,35.0
485.0,496.0,51.0,35.0
487.0,491.0,51.0,35.0
494.0,486.0,51.0,35.0
491.0,489.0,51.0,35.0
493.0,492.0,51.0,35.0
496.0,492.0,51.0,35.0
501.0,494.0,51.0,35.0
499.0,496.0,51.0,35.0
491.0,496.0,54.0,37.0
485.0,502.0,54.0,37.0
478.0,505.0,54.0,37.0
472.0,490.0,75.0,39.0
467.0,491.0,75.0,39.0
465.0,491.0,75.0,39.0
458.0,493.0,75.0,39.0
464.0,478.0,66.0,38.0
459.0,484.0,66.0,38.0
465.0,477.0,67.0,34.0
464.0,481.0,67.0,34.0
460.0,480.0,67.0,34.0
458.0,479.0,67.0,34.0
460.0,478.0,67.0,34.0
468.0,476.0,67.0,34.0
475.0,475.0,67.0,34.0
472.0,472.0,67.0,34.0
470.0,471.0,64.0,32.0
467.0,470.0,64.0,32.0
464.0,467.0,64.0,32.0
458.0,464.0,64.0,32.0
457.0,463.0,64.0,32.0
455.0,460.0,64.0,32.0
451.0,458.0,64.0,32.0
449.0,455.0,64.0,32.0
446.0,453.0,64.0,32.0
444.0,451.0,64.0,32.0
443.0,449.0,64.0,32.0
442.0,445.0,64.0,32.0
440.0,443.0,64.0,32.0
437.0,442.0,64.0,32.0
433.0,440.0,67.0,34.0
420.0,439.0,65.0,42.0
417.0,440.0,65.0,42.0
414.0,441.0,65.0,42.0
412.0,439.0,62.0,40.0
407.0,440.0,62.0,40.0
403.0,440.0,62.0,40.0
405.0,439.0,59.0,38.0
390.0,431.0,66.0,48.0
393.0,433.0,66.0,48.0
390.0,433.0,66.0,48.0
381.0,436.0,66.0,48.0
373.0,442.0,66.0,48.0
372.0,439.0,66.0,48.0
361.0,442.0,69.0,50.0
355.0,447.0,69.0,50.0
350.0,449.0,69.0,50.0
344.0,455.0,69.0,50.0
347.0,457.0,66.0,48.0
350.0,456.0,69.0,50.0
347.0,463.0,69.0,50.0
332.0,460.0,54.0,57.0
332.0,466.0,54.0,57.0
329.0,471.0,54.0,57.0
323.0,478.0,54.0,57.0
322.0,481.0,54.0,57.0
320.0,485.0,54.0,57.0
331.0,485.0,54.0,57.0
330.0,489.0,57.0,60.0
326.0,493.0,57.0,60.0
322.0,500.0,57.0,60.0
323.0,506.0,57.0,60.0
319.0,515.0,57.0,60.0
323.0,517.0,57.0,60.0
330.0,519.0,57.0,60.0
333.0,520.0,57.0,60.0
337.0,526.0,57.0,60.0
342.0,529.0,57.0,60.0
346.0,534.0,57.0,60.0
347.0,538.0,57.0,60.0
351.0,543.0,57.0,60.0
353.0,547.0,57.0,60.0
364.0,544.0,54.0,57.0
365.0,551.0,51.0,54.0
372.0,555.0,51.0,54.0
376.0,558.0,51.0,54.0
377.0,563.0,51.0,54.0
380.0,569.0,51.0,54.0
381.0,570.0,51.0,54.0
382.0,558.0,47.0,57.0
389.0,564.0,47.0,57.0
390.0,569.0,45.0,54.0
391.0,572.0,45.0,54.0
394.0,574.0,43.0,52.0
398.0,576.0,43.0,52.0
399.0,577.0,43.0,52.0
401.0,577.0,43.0,52.0
404.0,578.0,45.0,54.0
411.0,578.0,45.0,54.0
415.0,576.0,45.0,54.0
417.0,577.0,45.0,54.0
420.0,575.0,45.0,54.0
422.0,576.0,45.0,54.0
425.0,577.0,45.0,54.0
427.0,574.0,45.0,54.0
417.0,549.0,60.0,81.0
423.0,547.0,60.0,81.0
425.0,547.0,60.0,81.0
429.0,542.0,60.0,81.0
431.0,548.0,60.0,81.0
434.0,542.0,60.0,81.0
437.0,544.0,60.0,81.0
441.0,541.0,60.0,81.0
444.0,543.0,60.0,81.0
448.0,541.0,60.0,81.0
451.0,541.0,60.0,81.0
455.0,542.0,60.0,81.0
456.0,544.0,60.0,81.0
460.0,545.0,60.0,81.0
463.0,545.0,60.0,81.0
465.0,544.0,60.0,81.0
467.0,542.0,60.0,81.0
470.0,542.0,60.0,81.0
472.0,543.0,60.0,81.0
476.0,541.0,60.0,81.0
477.0,538.0,60.0,81.0
479.0,535.0,60.0,81.0
482.0,534.0,60.0,81.0
483.0,532.0,60.0,81.0
484.0,530.0,60.0,81.0
486.0,526.0,60.0,81.0
489.0,523.0,60.0,81.0
492.0,520.0,60.0,81.0
495.0,522.0,57.0,77.0
497.0,520.0,57.0,77.0
500.0,520.0,57.0,77.0
502.0,517.0,57.0,77.0
503.0,517.0,57.0,77.0
505.0,516.0,57.0,77.0
510.0,515.0,57.0,77.0
513.0,512.0,57.0,77.0
514.0,514.0,57.0,77.0
518.0,512.0,57.0,77.0
521.0,510.0,57.0,77.0
523.0,508.0,57.0,77.0
527.0,509.0,57.0,77.0
528.0,505.0,60.0,81.0
532.0,504.0,60.0,81.0
534.0,502.0,60.0,81.0
537.0,502.0,60.0,81.0
540.0,502.0,60.0,81.0
543.0,501.0,60.0,81.0
545.0,498.0,60.0,81.0
546.0,496.0,63.0,85.0
548.0,496.0,63.0,85.0
552.0,496.0,63.0,85.0
552.0,494.0,63.0,85.0
553.0,492.0,63.0,85.0
557.0,491.0,63.0,85.0
559.0,489.0,63.0,85.0
561.0,488.0,63.0,85.0
563.0,487.0,63.0,85.0
563.0,487.0,63.0,85.0
566.0,484.0,63.0,85.0
568.0,478.0,63.0,85.0
571.0,477.0,63.0,85.0
574.0,479.0,63.0,85.0
576.0,478.0,63.0,85.0
579.0,476.0,63.0,85.0
581.0,474.0,63.0,85.0
583.0,473.0,63.0,85.0
585.0,471.0,63.0,85.0
589.0,471.0,63.0,85.0
591.0,470.0,63.0,85.0
595.0,469.0,63.0,85.0
598.0,466.0,63.0,85.0
599.0,466.0,66.0,89.0
600.0,465.0,66.0,89.0
601.0,463.0,66.0,89.0
601.0,461.0,69.0,94.0
605.0,461.0,69.0,94.0
605.0,458.0,69.0,94.0
606.0,457.0,69.0,94.0
606.0,453.0,73.0,98.0
609.0,454.0,73.0,98.0
608.0,452.0,73.0,98.0
608.0,452.0,73.0,98.0
611.0,451.0,73.0,98.0
612.0,451.0,73.0,98.0
613.0,449.0,73.0,98.0
614.0,449.0,73.0,98.0
616.0,444.0,77.0,103.0
618.0,443.0,77.0,103.0
617.0,440.0,77.0,103.0
617.0,436.0,80.0,109.0
616.0,433.0,84.0,114.0
620.0,432.0,80.0,109.0
621.0,430.0,80.0,109.0
623.0,429.0,77.0,103.0
624.0,425.0,77.0,103.0
628.0,423.0,77.0,103.0
629.0,421.0,73.0,98.0
631.0,420.0,73.0,98.0
631.0,417.0,73.0,98.0
632.0,411.0,73.0,98.0
634.0,407.0,73.0,98.0
633.0,401.0,73.0,98.0
633.0,394.0,77.0,103.0
635.0,389.0,80.0,109.0
634.0,385.0,77.0,103.0
635.0,382.0,73.0,98.0
634.0,379.0,73.0,98.0
633.0,373.0,73.0,98.0
633.0,366.0,73.0,98.0
633.0,361.0,73.0,98.0
633.0,357.0,73.0,98.0
636.0,353.0,69.0,94.0
633.0,349.0,69.0,94.0
633.0,343.0,69.0,94.0
631.0,339.0,69.0,94.0
632.0,334.0,69.0,94.0
631.0,327.0,69.0,94.0
631.0,323.0,69.0,94.0
632.0,319.0,69.0,94.0
633.0,314.0,69.0,94.0
632.0,308.0,73.0,98.0
632.0,304.0,73.0,98.0
634.0,301.0,73.0,98.0
636.0,297.0,73.0,98.0
637.0,295.0,73.0,98.0
639.0,292.0,73.0,98.0
641.0,287.0,73.0,98.0
643.0,284.0,73.0,98.0
645.0,282.0,73.0,98.0
645.0,276.0,77.0,103.0
647.0,276.0,77.0,103.0
590.0,243.0,188.0,135.0
611.0,252.0,188.0,135.0
614.0,253.0,188.0,135.0
616.0,250.0,188.0,135.0
623.0,252.0,179.0,129.0
627.0,256.0,179.0,129.0
626.0,255.0,179.0,129.0
630.0,254.0,179.0,129.0
634.0,253.0,179.0,129.0
633.0,252.0,179.0,129.0
631.0,252.0,179.0,129.0
630.0,253.0,179.0,129.0
633.0,253.0,179.0,129.0
634.0,254.0,179.0,129.0
631.0,251.0,179.0,129.0
628.0,249.0,179.0,129.0
624.0,248.0,179.0,129.0
621.0,242.0,188.0,135.0
616.0,242.0,188.0,135.0
607.0,250.0,179.0,129.0
608.0,250.0,179.0,129.0
607.0,255.0,171.0,122.0
608.0,253.0,171.0,122.0
608.0,251.0,171.0,122.0
602.0,243.0,179.0,129.0
600.0,241.0,179.0,129.0
598.0,240.0,179.0,129.0
594.0,242.0,179.0,129.0
594.0,241.0,171.0,122.0
598.0,237.0,171.0,122.0
598.0,231.0,171.0,122.0
599.0,224.0,171.0,122.0
598.0,216.0,171.0,122.0
599.0,208.0,179.0,129.0
600.0,201.0,179.0,129.0
602.0,193.0,179.0,129.0
603.0,185.0,179.0,129.0
607.0,177.0,179.0,129.0
611.0,168.0,179.0,129.0
610.0,153.0,188.0,135.0
611.0,138.0,197.0,142.0
608.0,124.0,207.0,149.0
611.0,114.0,207.0,149.0
611.0,103.0,207.0,149.0
612.0,89.0,207.0,149.0
619.0,80.0,207.0,149.0
624.0,68.0,207.0,149.0
630.0,53.0,207.0,149.0
633.0,42.0,207.0,149.0
633.0,32.0,207.0,149.0
632.0,20.0,207.0,149.0
634.0,9.0,207.0,149.0
635.0,0.0,207.0,149.0
631.0,-17.0,207.0,149.0
632.0,-25.0,207.0,149.0
634.0,-36.0,207.0,149.0
634.0,-41.0,207.0,149.0
634.0,-44.0,207.0,149.0
636.0,-49.0,207.0,149.0
644.0,-57.0,207.0,149.0
631.0,-61.0,207.0,149.0
617.0,-64.0,207.0,149.0
627.0,-60.0,207.0,149.0
630.0,-62.0,207.0,149.0
629.0,-68.0,218.0,156.0
628.0,-67.0,218.0,156.0
623.0,-65.0,218.0,156.0
623.0,-62.0,218.0,156.0
612.0,-63.0,218.0,156.0
600.0,-55.0,207.0,149.0
605.0,-49.0,207.0,149.0
630.0,5.0,241.0,102.0
629.0,1.0,241.0,102.0
630.0,6.0,230.0,97.0
622.0,6.0,241.0,102.0
618.0,12.0,241.0,102.0
618.0,16.0,241.0,102.0
616.0,24.0,241.0,102.0
614.0,32.0,241.0,102.0
613.0,38.0,241.0,102.0
615.0,47.0,230.0,97.0
612.0,51.0,241.0,102.0
611.0,58.0,241.0,102.0
611.0,66.0,241.0,102.0
604.0,70.0,253.0,107.0
601.0,77.0,253.0,107.0
602.0,86.0,253.0,107.0
602.0,92.0,253.0,107.0
600.0,99.0,253.0,107.0
591.0,102.0,253.0,107.0
592.0,112.0,253.0,107.0
591.0,114.0,253.0,107.0
590.0,121.0,253.0,107.0
584.0,127.0,266.0,112.0
581.0,135.0,266.0,112.0
587.0,145.0,253.0,107.0
586.0,152.0,253.0,107.0
585.0,158.0,253.0,107.0
580.0,167.0,253.0,107.0
577.0,174.0,253.0,107.0
576.0,180.0,253.0,107.0
576.0,185.0,253.0,107.0
576.0,191.0,253.0,107.0
575.0,197.0,253.0,107.0
573.0,201.0,253.0,107.0
574.0,204.0,253.0,107.0
569.0,209.0,253.0,107.0
565.0,217.0,253.0,107.0
550.0,223.0,253.0,107.0
542.0,231.0,253.0,107.0
543.0,234.0,253.0,107.0
542.0,236.0,253.0,107.0
535.0,241.0,253.0,107.0
531.0,243.0,253.0,107.0
527.0,246.0,253.0,107.0
521.0,248.0,253.0,107.0
513.0,249.0,253.0,107.0
507.0,252.0,253.0,107.0
502.0,257.0,241.0,102.0
497.0,265.0,230.0,97.0
494.0,266.0,230.0,97.0
485.0,263.0,241.0,102.0
481.0,264.0,241.0,102.0
477.0,266.0,241.0,102.0
470.0,265.0,241.0,102.0
466.0,265.0,241.0,102.0
460.0,266.0,241.0,102.0
454.0,266.0,241.0,102.0
446.0,267.0,241.0,102.0
494.0,254.0,185.0,114.0
471.0,260.0,185.0,114.0
472.0,264.0,185.0,114.0
467.0,268.0,185.0,114.0
463.0,268.0,185.0,114.0
458.0,271.0,185.0,114.0
450.0,274.0,194.0,120.0
441.0,272.0,194.0,120.0
441.0,275.0,194.0,120.0
430.0,279.0,185.0,114.0
420.0,281.0,185.0,114.0
412.0,290.0,185.0,114.0
407.0,294.0,185.0,114.0
405.0,298.0,185.0,114.0
399.0,303.0,185.0,114.0
391.0,308.0,185.0,114.0
383.0,312.0,185.0,114.0
374.0,316.0,185.0,114.0
364.0,323.0,185.0,114.0
354.0,327.0,185.0,114.0
344.0,329.0,185.0,114.0
331.0,333.0,185.0,114.0
318.0,335.0,185.0,114.0
310.0,339.0,185.0,114.0
304.0,338.0,185.0,114.0
299.0,334.0,185.0,114.0
294.0,331.0,185.0,114.0
280.0,328.0,194.0,120.0
274.0,326.0,194.0,120.0
268.0,322.0,194.0,120.0
262.0,317.0,194.0,120.0
263.0,318.0,185.0,114.0
258.0,315.0,185.0,114.0
253.0,312.0,185.0,114.0
281.0,284.0,147.0,119.0
262.0,277.0,170.0,125.0
267.0,272.0,166.0,131.0
275.0,268.0,147.0,111.0
260.0,276.0,185.0,114.0
260.0,266.0,185.0,114.0
264.0,258.0,185.0,114.0
264.0,252.0,185.0,114.0
267.0,245.0,185.0,114.0
273.0,240.0,185.0,114.0
309.0,228.0,122.0,113.0
307.0,232.0,122.0,113.0
319.0,226.0,122.0,113.0
323.0,224.0,122.0,113.0
327.0,218.0,122.0,113.0
330.0,210.0,122.0,113.0
332.0,208.0,122.0,113.0
333.0,207.0,122.0,113.0
337.0,205.0,122.0,113.0
338.0,199.0,122.0,113.0
338.0,194.0,122.0,113.0
338.0,194.0,122.0,113.0
334.0,195.0,122.0,113.0
334.0,191.0,122.0,113.0
329.0,189.0,122.0,113.0
319.0,189.0,122.0,113.0
315.0,189.0,116.0,108.0
306.0,192.0,116.0,108.0
296.0,192.0,116.0,108.0
283.0,195.0,116.0,108.0
275.0,197.0,116.0,108.0
271.0,196.0,116.0,108.0
266.0,196.0,116.0,108.0
266.0,195.0,116.0,108.0
265.0,196.0,116.0,108.0
261.0,189.0,116.0,108.0
258.0,190.0,116.0,108.0
259.0,209.0,98.0,114.0
253.0,207.0,98.0,114.0
242.0,221.0,106.0,116.0
228.0,233.0,106.0,116.0
224.0,235.0,106.0,116.0
219.0,233.0,111.0,122.0
220.0,230.0,111.0,122.0
219.0,257.0,92.0,113.0
217.0,266.0,92.0,113.0
216.0,273.0,92.0,113.0
215.0,275.0,92.0,113.0
213.0,278.0,92.0,113.0
211.0,283.0,92.0,113.0
209.0,285.0,92.0,113.0
211.0,291.0,88.0,108.0
212.0,294.0,88.0,108.0
212.0,291.0,88.0,108.0
210.0,290.0,88.0,108.0
207.0,290.0,88.0,108.0
206.0,288.0,88.0,108.0
207.0,284.0,88.0,108.0
206.0,280.0,88.0,108.0
205.0,275.0,88.0,108.0
201.0,275.0,88.0,108.0
202.0,278.0,83.0,102.0
202.0,275.0,83.0,102.0
198.0,270.0,83.0,102.0
196.0,265.0,83.0,102.0
194.0,260.0,83.0,102.0
191.0,258.0,83.0,102.0
190.0,252.0,83.0,102.0
190.0,248.0,83.0,102.0
192.0,245.0,83.0,102.0
192.0,240.0,83.0,102.0
193.0,239.0,83.0,102.0
195.0,239.0,83.0,102.0
198.0,241.0,83.0,102.0
201.0,242.0,83.0,102.0
203.0,251.0,83.0,102.0
219.0,225.0,65.0,99.0
223.0,231.0,65.0,99.0
227.0,223.0,65.0,99.0
234.0,211.0,65.0,99.0
237.0,198.0,68.0,104.0
240.0,213.0,65.0,107.0
248.0,223.0,65.0,107.0
255.0,221.0,65.0,107.0
263.0,218.0,65.0,107.0
271.0,213.0,65.0,107.0
277.0,218.0,62.0,102.0
280.0,217.0,65.0,107.0
287.0,215.0,62.0,102.0
291.0,212.0,62.0,102.0
296.0,213.0,62.0,102.0
301.0,212.0,59.0,97.0
305.0,217.0,56.0,92.0
308.0,216.0,56.0,92.0
309.0,210.0,56.0,92.0
309.0,208.0,56.0,92.0
311.0,207.0,56.0,92.0
308.0,197.0,53.0,88.0
307.0,203.0,53.0,88.0
305.0,202.0,53.0,88.0
304.0,202.0,53.0,88.0
302.0,192.0,53.0,88.0
295.0,185.0,53.0,88.0
291.0,179.0,56.0,92.0
281.0,167.0,56.0,92.0
295.0,174.0,46.0,91.0
290.0,176.0,46.0,91.0
284.0,175.0,46.0,91.0
281.0,175.0,46.0,91.0
277.0,176.0,46.0,91.0
275.0,175.0,46.0,91.0
274.0,176.0,46.0,91.0
270.0,176.0,46.0,91.0
269.0,178.0,46.0,91.0
267.0,182.0,46.0,91.0
268.0,185.0,46.0,91.0
266.0,187.0,46.0,91.0
267.0,189.0,46.0,91.0
269.0,192.0,46.0,91.0
270.0,197.0,46.0,91.0
273.0,201.0,46.0,91.0
276.0,207.0,46.0,91.0
278.0,211.0,46.0,91.0
283.0,211.0,46.0,91.0
285.0,213.0,46.0,91.0
289.0,217.0,46.0,91.0
292.0,225.0,46.0,91.0
295.0,226.0,46.0,91.0
300.0,229.0,46.0,91.0
302.0,234.0,44.0,87.0
307.0,238.0,42.0,83.0
309.0,239.0,42.0,83.0
310.0,241.0,42.0,83.0
314.0,242.0,42.0,83.0
318.0,243.0,42.0,83.0
323.0,243.0,42.0,83.0
324.0,242.0,42.0,83.0
330.0,246.0,42.0,83.0
335.0,248.0,42.0,83.0
339.0,247.0,42.0,83.0
344.0,246.0,42.0,83.0
348.0,247.0,42.0,83.0
355.0,248.0,42.0,83.0
360.0,245.0,42.0,83.0
368.0,246.0,40.0,79.0
372.0,243.0,40.0,79.0
378.0,244.0,40.0,79.0
383.0,245.0,38.0,75.0
390.0,247.0,38.0,75.0
395.0,248.0,38.0,75.0
401.0,248.0,38.0,75.0
406.0,250.0,38.0,75.0
411.0,255.0,36.0,71.0
414.0,255.0,36.0,71.0
417.0,256.0,36.0,71.0
419.0,258.0,36.0,71.0
421.0,259.0,36.0,71.0
423.0,263.0,34.0,68.0
424.0,264.0,34.0,68.0
426.0,265.0,34.0,68.0
426.0,269.0,34.0,68.0
428.0,270.0,34.0,68.0
428.0,274.0,34.0,68.0
429.0,276.0,34.0,68.0
429.0,277.0,34.0,68.0
429.0,281.0,34.0,68.0
428.0,284.0,34.0,68.0
427.0,284.0,34.0,68.0
426.0,287.0,34.0,68.0
426.0,291.0,33.0,65.0
426.0,292.0,33.0,65.0
426.0,295.0,33.0,65.0
426.0,299.0,33.0,65.0
427.0,301.0,33.0,65.0
428.0,303.0,34.0,68.0
428.0,304.0,34.0,68.0
430.0,306.0,34.0,68.0
434.0,309.0,34.0,68.0
436.0,311.0,34.0,68.0
439.0,313.0,34.0,68.0
445.0,316.0,33.0,65.0
449.0,318.0,33.0,65.0
454.0,320.0,33.0,65.0
458.0,322.0,33.0,65.0
462.0,327.0,33.0,65.0
453.0,308.0,59.0,84.0
453.0,313.0,59.0,84.0
460.0,319.0,56.0,80.0
465.0,324.0,56.0,80.0
465.0,320.0,56.0,80.0
466.0,320.0,56.0,80.0
467.0,322.0,56.0,80.0
468.0,322.0,56.0,80.0
469.0,326.0,56.0,80.0
469.0,328.0,56.0,80.0
467.0,328.0,56.0,80.0
467.0,327.0,56.0,80.0
466.0,327.0,56.0,80.0
466.0,329.0,56.0,80.0
465.0,329.0,56.0,80.0
463.0,326.0,56.0,80.0
460.0,325.0,56.0,80.0
458.0,325.0,56.0,80.0
454.0,321.0,56.0,80.0
453.0,319.0,56.0,80.0
450.0,318.0,56.0,80.0
449.0,317.0,56.0,80.0
445.0,314.0,56.0,80.0
443.0,314.0,56.0,80.0
441.0,312.0,56.0,80.0
440.0,310.0,56.0,80.0
439.0,309.0,56.0,80.0
436.0,308.0,56.0,80.0
433.0,307.0,56.0,80.0
432.0,304.0,56.0,80.0
433.0,303.0,56.0,80.0
431.0,303.0,56.0,80.0
431.0,305.0,54.0,76.0
430.0,305.0,54.0,76.0
428.0,305.0,54.0,76.0
427.0,305.0,54.0,76.0
427.0,305.0,54.0,76.0
427.0,306.0,54.0,76.0
428.0,307.0,54.0,76.0
428.0,307.0,54.0,76.0
427.0,309.0,54.0,76.0
429.0,312.0,54.0,76.0
429.0,313.0,54.0,76.0
430.0,315.0,54.0,76.0
429.0,318.0,54.0,76.0
430.0,320.0,54.0,76.0
430.0,322.0,54.0,76.0
431.0,326.0,54.0,76.0
430.0,329.0,54.0,76.0
431.0,332.0,54.0,76.0
430.0,334.0,54.0,76.0
431.0,337.0,54.0,76.0
431.0,339.0,54.0,76.0
431.0,342.0,54.0,76.0
432.0,345.0,54.0,76.0
432.0,348.0,54.0,76.0
431.0,350.0,54.0,76.0
432.0,353.0,54.0,76.0
431.0,356.0,54.0,76.0
432.0,360.0,54.0,76.0
431.0,360.0,54.0,76.0
430.0,364.0,54.0,76.0
431.0,365.0,54.0,76.0
430.0,368.0,54.0,76.0
431.0,370.0,54.0,76.0
430.0,372.0,54.0,76.0
430.0,373.0,54.0,76.0
429.0,375.0,54.0,76.0
430.0,376.0,54.0,76.0
429.0,379.0,54.0,76.0
430.0,380.0,54.0,76.0
427.0,380.0,54.0,76.0
425.0,382.0,54.0,76.0
426.0,384.0,51.0,73.0
422.0,382.0,51.0,73.0
420.0,382.0,51.0,73.0
417.0,382.0,51.0,73.0
415.0,383.0,51.0,73.0
410.0,382.0,51.0,73.0
407.0,380.0,51.0,73.0
402.0,379.0,51.0,73.0
396.0,377.0,51.0,73.0
389.0,376.0,51.0,73.0
383.0,373.0,51.0,73.0
364.0,365.0,64.0,67.0
356.0,363.0,64.0,67.0
351.0,360.0,64.0,67.0
343.0,360.0,64.0,67.0
336.0,356.0,64.0,67.0
329.0,354.0,64.0,67.0
321.0,354.0,64.0,67.0
313.0,349.0,64.0,67.0
305.0,348.0,64.0,67.0
295.0,347.0,64.0,67.0
289.0,348.0,64.0,67.0
282.0,346.0,64.0,67.0
274.0,343.0,64.0,67.0
269.0,343.0,64.0,67.0
258.0,339.0,67.0,70.0
252.0,337.0,67.0,70.0
247.0,338.0,67.0,70.0
245.0,340.0,64.0,67.0
240.0,340.0,64.0,67.0
235.0,341.0,64.0,67.0
233.0,342.0,64.0,67.0
231.0,343.0,64.0,67.0
228.0,345.0,64.0,67.0
227.0,345.0,64.0,67.0
227.0,346.0,64.0,67.0
225.0,348.0,64.0,67.0
223.0,350.0,64.0,67.0
223.0,351.0,64.0,67.0
222.0,354.0,64.0,67.0
222.0,354.0,64.0,67.0
221.0,357.0,64.0,67.0
220.0,359.0,64.0,67.0
218.0,361.0,64.0,67.0
217.0,363.0,64.0,67.0
215.0,363.0,64.0,67.0
215.0,367.0,64.0,67.0
213.0,368.0,64.0,67.0
212.0,369.0,64.0,67.0
209.0,372.0,64.0,67.0
208.0,373.0,64.0,67.0
206.0,374.0,64.0,67.0
204.0,377.0,64.0,67.0
201.0,378.0,64.0,67.0
198.0,381.0,64.0,67.0
196.0,381.0,64.0,67.0
194.0,383.0,64.0,67.0
191.0,384.0,64.0,67.0
189.0,384.0,64.0,67.0
187.0,386.0,64.0,67.0
186.0,386.0,64.0,67.0
185.0,388.0,64.0,67.0
183.0,388.0,64.0,67.0
181.0,389.0,64.0,67.0
180.0,389.0,64.0,67.0
180.0,390.0,64.0,67.0
179.0,392.0,64.0,67.0
180.0,390.0,64.0,67.0
178.0,392.0,64.0,67.0
180.0,393.0,64.0,67.0
180.0,392.0,64.0,67.0
181.0,392.0,64.0,67.0
183.0,392.0,64.0,67.0
184.0,393.0,64.0,67.0
183.0,393.0,64.0,67.0
185.0,393.0,64.0,67.0
186.0,392.0,64.0,67.0
191.0,395.0,61.0,64.0
206.0,408.0,61.0,64.0
203.0,405.0,61.0,64.0
202.0,403.0,61.0,64.0
201.0,401.0,61.0,64.0
199.0,400.0,61.0,64.0
198.0,398.0,61.0,64.0
197.0,396.0,61.0,64.0
195.0,391.0,61.0,64.0
166.0,389.0,80.0,53.0
174.0,390.0,80.0,53.0
171.0,390.0,80.0,53.0
168.0,388.0,80.0,53.0
166.0,389.0,80.0,53.0
163.0,389.0,80.0,53.0
161.0,386.0,80.0,53.0
162.0,387.0,80.0,53.0
160.0,389.0,80.0,53.0
160.0,388.0,80.0,53.0
165.0,391.0,76.0,50.0
165.0,391.0,76.0,50.0
169.0,393.0,76.0,50.0
166.0,393.0,76.0,50.0
159.0,389.0,80.0,53.0
148.0,389.0,63.0,47.0
157.0,390.0,63.0,47.0
160.0,391.0,63.0,47.0
158.0,393.0,63.0,47.0
151.0,391.0,66.0,49.0
161.0,397.0,63.0,47.0
158.0,396.0,63.0,47.0
159.0,399.0,66.0,49.0
157.0,398.0,63.0,47.0
135.0,393.0,67.0,46.0
139.0,399.0,70.0,48.0
141.0,404.0,70.0,48.0
139.0,403.0,70.0,48.0
134.0,403.0,70.0,48.0
133.0,400.0,67.0,46.0
128.0,403.0,67.0,46.0
142.0,406.0,61.0,48.0
132.0,406.0,61.0,48.0
128.0,408.0,61.0,48.0
146.0,417.0,65.0,42.0
149.0,420.0,65.0,42.0
146.0,419.0,65.0,42.0
148.0,422.0,65.0,42.0
147.0,422.0,68.0,44.0
150.0,424.0,68.0,44.0
150.0,422.0,68.0,44.0
158.0,429.0,65.0,42.0
165.0,429.0,65.0,42.0
164.0,428.0,65.0,42.0
180.0,434.0,62.0,40.0
182.0,437.0,62.0,40.0
185.0,438.0,59.0,38.0
184.0,444.0,59.0,38.0
185.0,444.0,59.0,38.0
157.0,435.0,75.0,48.0
161.0,441.0,75.0,48.0
161.0,442.0,75.0,48.0
154.0,441.0,75.0,48.0
142.0,444.0,75.0,48.0
138.0,443.0,79.0,50.0
156.0,447.0,65.0,45.0
151.0,450.0,65.0,45.0
151.0,454.0,65.0,45.0
142.0,453.0,65.0,45.0
135.0,454.0,65.0,45.0
132.0,458.0,65.0,45.0
117.0,460.0,65.0,45.0
127.0,464.0,65.0,45.0
119.0,467.0,65.0,45.0
111.0,469.0,62.0,43.0
102.0,471.0,62.0,43.0
91.0,470.0,62.0,43.0
85.0,472.0,62.0,43.0
72.0,474.0,62.0,43.0
74.0,482.0,72.0,47.0
64.0,485.0,78.0,48.0
66.0,484.0,74.0,48.0
60.0,486.0,78.0,60.0
47.0,492.0,88.0,51.0
0
0
0
0
0
0
0
0
0
0
0
0
0
0
0
0
0
0
0
0
0
0
0
0
0
0
0
0
0
0
19.0,538.0,73.0,48.0
19.0,541.0,73.0,48.0
15.0,542.0,73.0,48.0
13.0,540.0,73.0,48.0
8.0,541.0,73.0,48.0
9.0,545.0,70.0,46.0
29.0,550.0,61.0,42.0
26.0,551.0,61.0,42.0
23.0,550.0,61.0,42.0
20.0,551.0,61.0,42.0
12.0,549.0,61.0,42.0
2.0,548.0,61.0,42.0
28.0,553.0,62.0,40.0
26.0,557.0,62.0,40.0
23.0,556.0,62.0,40.0
21.0,555.0,62.0,40.0
19.0,555.0,72.0,44.0
18.0,555.0,72.0,44.0
16.0,554.0,72.0,44.0
12.0,553.0,72.0,44.0
9.0,548.0,98.0,45.0
17.0,551.0,98.0,45.0
16.0,553.0,98.0,45.0
14.0,552.0,103.0,47.0
11.0,554.0,103.0,47.0
19.0,551.0,92.0,54.0
0
0
0
0
0
54.0,548.0,59.0,46.0
52.0,548.0,59.0,46.0
50.0,544.0,59.0,46.0
47.0,545.0,59.0,46.0
57.0,550.0,79.0,46.0
58.0,553.0,79.0,46.0
59.0,552.0,79.0,46.0
59.0,553.0,79.0,46.0
57.0,551.0,79.0,46.0
65.0,551.0,79.0,46.0
61.0,551.0,79.0,46.0
62.0,548.0,81.0,55.0
62.0,549.0,79.0,46.0
0
0
0
0
0
0
0
0
0
0
0
0
0
0
0
0
0
0
0
130.0,562.0,72.0,46.0
127.0,560.0,72.0,46.0
143.0,562.0,75.0,45.0
145.0,565.0,72.0,45.0
165.0,572.0,55.0,35.0
156.0,569.0,66.0,39.0
166.0,568.0,63.0,36.0
165.0,568.0,60.0,33.0
164.0,568.0,69.0,36.0
167.0,568.0,69.0,36.0
173.0,568.0,69.0,36.0
175.0,567.0,69.0,36.0
178.0,567.0,69.0,36.0
183.0,566.0,69.0,36.0
179.0,562.0,69.0,36.0
185.0,562.0,69.0,36.0
189.0,559.0,69.0,36.0
192.0,557.0,69.0,36.0
194.0,555.0,69.0,36.0
200.0,554.0,66.0,34.0
202.0,550.0,69.0,36.0
204.0,550.0,69.0,36.0
210.0,549.0,69.0,36.0
214.0,546.0,69.0,36.0
217.0,542.0,69.0,36.0
221.0,539.0,69.0,36.0
222.0,536.0,69.0,36.0
225.0,534.0,69.0,36.0
226.0,530.0,69.0,36.0
229.0,526.0,69.0,36.0
235.0,522.0,69.0,36.0
221.0,519.0,80.0,37.0
227.0,512.0,71.0,39.0
227.0,503.0,76.0,47.0
247.0,507.0,69.0,36.0
252.0,502.0,66.0,34.0
234.0,493.0,76.0,45.0
242.0,489.0,76.0,45.0
243.0,483.0,76.0,45.0
244.0,479.0,76.0,45.0
244.0,474.0,76.0,45.0
245.0,469.0,76.0,45.0
238.0,465.0,76.0,45.0
237.0,459.0,72.0,43.0
257.0,454.0,71.0,45.0
256.0,454.0,74.0,37.0
262.0,450.0,70.0,35.0
265.0,447.0,70.0,35.0
265.0,443.0,70.0,35.0
262.0,437.0,70.0,35.0
264.0,433.0,67.0,34.0
266.0,430.0,67.0,34.0
266.0,427.0,67.0,34.0
271.0,425.0,64.0,32.0
268.0,419.0,67.0,34.0
269.0,417.0,64.0,32.0
270.0,415.0,64.0,32.0
269.0,411.0,64.0,32.0
266.0,409.0,64.0,32.0
240.0,398.0,83.0,47.0
249.0,395.0,83.0,47.0
247.0,392.0,83.0,47.0
241.0,390.0,83.0,47.0
235.0,385.0,83.0,47.0
233.0,385.0,83.0,47.0
0
0
0
0
0
0
0
0
0
0
0
0
0
0
0
0
0
0
302.0,370.0,48.0,30.0
306.0,368.0,48.0,30.0
310.0,367.0,48.0,30.0
314.0,367.0,48.0,30.0
316.0,364.0,48.0,30.0
315.0,362.0,48.0,30.0
314.0,360.0,48.0,30.0
291.0,356.0,77.0,37.0
303.0,355.0,71.0,31.0
302.0,354.0,72.0,40.0
299.0,354.0,92.0,44.0
309.0,353.0,70.0,36.0
311.0,353.0,70.0,36.0
307.0,354.0,67.0,34.0
310.0,352.0,67.0,34.0
320.0,347.0,70.0,38.0
318.0,348.0,70.0,38.0
313.0,347.0,70.0,38.0
309.0,347.0,70.0,38.0
326.0,351.0,64.0,39.0
0
0
0
0
0
0
0
0
0
0
0
0
0
0
0
0
0
0
0
0
0
0
0
0
0
0
0
0
407.0,322.0,66.0,37.0
410.0,323.0,66.0,37.0
406.0,323.0,66.0,37.0
408.0,321.0,66.0,37.0
412.0,317.0,73.0,41.0
408.0,317.0,73.0,41.0
407.0,315.0,73.0,41.0
411.0,314.0,80.0,42.0
412.0,313.0,80.0,42.0
411.0,315.0,80.0,42.0
407.0,314.0,80.0,42.0
402.0,313.0,80.0,42.0
401.0,314.0,80.0,42.0
399.0,314.0,80.0,42.0
398.0,313.0,80.0,42.0
396.0,314.0,80.0,42.0
396.0,314.0,80.0,42.0
393.0,314.0,80.0,42.0
391.0,316.0,80.0,42.0
391.0,316.0,80.0,42.0
391.0,319.0,80.0,42.0
392.0,318.0,80.0,42.0
394.0,319.0,80.0,42.0
396.0,319.0,80.0,42.0
386.0,319.0,70.0,39.0
387.0,319.0,74.0,41.0
387.0,320.0,74.0,41.0
390.0,321.0,70.0,39.0
389.0,320.0,70.0,39.0
389.0,322.0,70.0,39.0
389.0,321.0,70.0,39.0
390.0,323.0,70.0,39.0
390.0,323.0,70.0,39.0
392.0,322.0,70.0,39.0
392.0,322.0,70.0,39.0
394.0,322.0,70.0,39.0
393.0,322.0,70.0,39.0
395.0,321.0,70.0,39.0
400.0,323.0,67.0,37.0
400.0,323.0,67.0,37.0
401.0,324.0,67.0,37.0
403.0,323.0,67.0,37.0
403.0,323.0,67.0,37.0
405.0,323.0,67.0,37.0
406.0,323.0,67.0,37.0
407.0,324.0,67.0,37.0
408.0,324.0,67.0,37.0
409.0,323.0,67.0,37.0
409.0,323.0,67.0,37.0
410.0,324.0,67.0,37.0
412.0,323.0,67.0,37.0
413.0,323.0,67.0,37.0
413.0,324.0,67.0,37.0
414.0,325.0,67.0,37.0
416.0,326.0,67.0,37.0
418.0,326.0,67.0,37.0
419.0,327.0,67.0,37.0
424.0,329.0,63.0,35.0
425.0,330.0,63.0,35.0
425.0,330.0,63.0,35.0
425.0,331.0,63.0,35.0
426.0,332.0,63.0,35.0
427.0,333.0,63.0,35.0
428.0,334.0,63.0,35.0
429.0,334.0,63.0,35.0
432.0,336.0,63.0,35.0
432.0,335.0,63.0,35.0
431.0,336.0,63.0,35.0
432.0,337.0,63.0,35.0
433.0,337.0,63.0,35.0
436.0,340.0,63.0,35.0
436.0,340.0,63.0,35.0
438.0,341.0,63.0,35.0
437.0,342.0,63.0,35.0
437.0,342.0,67.0,37.0
439.0,345.0,67.0,37.0
441.0,345.0,67.0,37.0
443.0,347.0,67.0,37.0
446.0,348.0,67.0,37.0
448.0,351.0,67.0,37.0
450.0,352.0,67.0,37.0
452.0,353.0,67.0,37.0
453.0,355.0,67.0,37.0
458.0,356.0,67.0,37.0
459.0,359.0,67.0,37.0
461.0,361.0,67.0,37.0
464.0,363.0,67.0,37.0
467.0,363.0,67.0,37.0
469.0,365.0,67.0,37.0
471.0,366.0,67.0,37.0
472.0,369.0,67.0,37.0
475.0,369.0,67.0,37.0
479.0,370.0,67.0,37.0
479.0,371.0,67.0,37.0
481.0,373.0,67.0,37.0
483.0,373.0,67.0,37.0
483.0,373.0,67.0,37.0
484.0,374.0,67.0,37.0
484.0,374.0,67.0,37.0
485.0,375.0,67.0,37.0
482.0,374.0,70.0,39.0
483.0,374.0,70.0,39.0
483.0,373.0,70.0,39.0
484.0,374.0,70.0,39.0
484.0,372.0,70.0,39.0
484.0,371.0,70.0,39.0
484.0,372.0,70.0,39.0
485.0,371.0,70.0,39.0
484.0,371.0,70.0,39.0
484.0,370.0,70.0,39.0
483.0,369.0,70.0,39.0
481.0,369.0,70.0,39.0
485.0,368.0,70.0,39.0
475.0,366.0,74.0,43.0
473.0,364.0,69.0,50.0
473.0,361.0,68.0,44.0
472.0,367.0,67.0,39.0
468.0,363.0,73.0,40.0
471.0,364.0,65.0,38.0
465.0,360.0,74.0,45.0
474.0,361.0,74.0,45.0
474.0,360.0,74.0,45.0
474.0,361.0,74.0,45.0
472.0,359.0,74.0,45.0
470.0,360.0,74.0,45.0
467.0,357.0,78.0,47.0
464.0,356.0,78.0,47.0
463.0,356.0,78.0,47.0
460.0,357.0,78.0,47.0
461.0,355.0,78.0,47.0
464.0,356.0,74.0,45.0
464.0,355.0,74.0,45.0
460.0,356.0,74.0,45.0
460.0,356.0,74.0,45.0
461.0,354.0,74.0,45.0
461.0,353.0,74.0,45.0
466.0,354.0,70.0,43.0
466.0,355.0,70.0,43.0
463.0,355.0,70.0,43.0
463.0,356.0,67.0,41.0
457.0,357.0,67.0,41.0
452.0,358.0,67.0,41.0
459.0,359.0,69.0,39.0
461.0,360.0,72.0,41.0
460.0,361.0,72.0,41.0
458.0,364.0,72.0,41.0
457.0,363.0,72.0,41.0
462.0,363.0,66.0,44.0
468.0,368.0,66.0,44.0
466.0,372.0,66.0,44.0
463.0,374.0,66.0,44.0
460.0,378.0,66.0,44.0
0
0
0
0
0
0
0
0
0
0
0
0
0
0
0
0
0
0
0
0
0
0
0
0
0
0
0
0
0
0
0
0
0
0
0
0
0
0
0
0
0
0
0
0
0
0
0
0
0
0
0
0
0
0
0
0
0
0
0
0
0
0
0
0
0
0
0
0
0
0
0
0
0
0
0
0
0
417.0,302.0,54.0,29.0
406.0,294.0,60.0,35.0
403.0,292.0,57.0,34.0
413.0,293.0,41.0,27.0
400.0,290.0,56.0,29.0
395.0,282.0,52.0,33.0
389.0,275.0,52.0,36.0
387.0,274.0,52.0,36.0
383.0,271.0,52.0,36.0
378.0,268.0,52.0,36.0
376.0,265.0,52.0,36.0
357.0,259.0,74.0,41.0
353.0,257.0,74.0,41.0
349.0,253.0,77.0,43.0
353.0,249.0,74.0,41.0
354.0,247.0,74.0,41.0
355.0,244.0,70.0,39.0
357.0,241.0,70.0,39.0
363.0,239.0,70.0,39.0
351.0,236.0,83.0,39.0
368.0,234.0,70.0,39.0
356.0,231.0,66.0,39.0
362.0,229.0,66.0,39.0
363.0,228.0,63.0,37.0
363.0,227.0,63.0,37.0
365.0,224.0,63.0,37.0
367.0,224.0,63.0,37.0
366.0,222.0,63.0,37.0
365.0,220.0,63.0,37.0
363.0,220.0,63.0,37.0
362.0,218.0,60.0,35.0
363.0,218.0,57.0,34.0
362.0,220.0,54.0,32.0
369.0,217.0,74.0,42.0
381.0,220.0,74.0,42.0
379.0,220.0,74.0,42.0
373.0,220.0,78.0,44.0
373.0,218.0,78.0,44.0
371.0,218.0,78.0,44.0
381.0,221.0,68.0,28.0
382.0,225.0,76.0,30.0
383.0,222.0,69.0,31.0
380.0,217.0,75.0,35.0
394.0,215.0,62.0,36.0
389.0,217.0,65.0,38.0
411.0,210.0,54.0,42.0
411.0,215.0,54.0,42.0
408.0,214.0,54.0,42.0
413.0,216.0,67.0,37.0
417.0,218.0,67.0,37.0
424.0,221.0,67.0,37.0
426.0,220.0,70.0,39.0
428.0,223.0,70.0,39.0
427.0,224.0,70.0,39.0
427.0,224.0,70.0,39.0
425.0,226.0,70.0,39.0
422.0,224.0,70.0,39.0
438.0,223.0,81.0,46.0
440.0,230.0,81.0,46.0
442.0,234.0,81.0,46.0
442.0,234.0,81.0,46.0
444.0,237.0,81.0,46.0
451.0,240.0,81.0,46.0
450.0,243.0,81.0,46.0
451.0,246.0,81.0,46.0
451.0,249.0,81.0,46.0
444.0,252.0,81.0,46.0
464.0,256.0,62.0,35.0
472.0,262.0,62.0,35.0
472.0,265.0,62.0,35.0
468.0,267.0,65.0,37.0
465.0,271.0,65.0,37.0
467.0,274.0,62.0,35.0
466.0,276.0,65.0,37.0
473.0,280.0,79.0,44.0
467.0,280.0,79.0,44.0
478.0,292.0,59.0,31.0
473.0,291.0,64.0,36.0
475.0,296.0,68.0,36.0
472.0,297.0,65.0,35.0
486.0,302.0,50.0,33.0
486.0,305.0,58.0,33.0
478.0,307.0,67.0,37.0
483.0,314.0,59.0,27.0
488.0,312.0,45.0,27.0
0
0
0
0
0
514.0,326.0,46.0,28.0
514.0,323.0,46.0,32.0
509.0,324.0,53.0,37.0
509.0,329.0,55.0,32.0
506.0,331.0,56.0,31.0
498.0,328.0,72.0,36.0
501.0,330.0,67.0,33.0
503.0,331.0,70.0,37.0
501.0,332.0,81.0,37.0
505.0,335.0,62.0,33.0
503.0,335.0,68.0,33.0
508.0,338.0,68.0,33.0
506.0,338.0,68.0,33.0
506.0,340.0,68.0,33.0
505.0,339.0,68.0,33.0
515.0,344.0,68.0,32.0
515.0,345.0,68.0,32.0
515.0,347.0,68.0,32.0
514.0,349.0,68.0,32.0
520.0,346.0,68.0,30.0
521.0,348.0,68.0,30.0
523.0,348.0,68.0,30.0
522.0,347.0,71.0,31.0
525.0,348.0,71.0,31.0
521.0,349.0,75.0,33.0
521.0,349.0,75.0,33.0
526.0,351.0,71.0,31.0
527.0,351.0,71.0,31.0
532.0,351.0,71.0,31.0
542.0,353.0,71.0,31.0
545.0,353.0,71.0,31.0
550.0,355.0,71.0,31.0
552.0,355.0,71.0,31.0
555.0,354.0,71.0,31.0
561.0,355.0,71.0,31.0
563.0,356.0,71.0,31.0
569.0,355.0,71.0,31.0
571.0,357.0,71.0,31.0
574.0,356.0,71.0,31.0
577.0,356.0,71.0,31.0
581.0,357.0,71.0,31.0
584.0,358.0,71.0,31.0
586.0,359.0,71.0,31.0
590.0,359.0,71.0,31.0
592.0,359.0,71.0,31.0
595.0,359.0,71.0,31.0
609.0,361.0,71.0,31.0
614.0,361.0,71.0,31.0
614.0,361.0,71.0,31.0
615.0,362.0,71.0,31.0
615.0,362.0,71.0,31.0
617.0,359.0,75.0,33.0
616.0,360.0,75.0,33.0
614.0,360.0,75.0,33.0
611.0,361.0,75.0,33.0
607.0,361.0,75.0,33.0
605.0,364.0,71.0,31.0
603.0,364.0,71.0,31.0
601.0,365.0,71.0,31.0
595.0,366.0,71.0,31.0
591.0,365.0,75.0,33.0
587.0,364.0,79.0,35.0
582.0,364.0,79.0,35.0
578.0,365.0,79.0,35.0
572.0,365.0,79.0,35.0
571.0,366.0,75.0,33.0
568.0,366.0,75.0,33.0
563.0,366.0,75.0,33.0
562.0,368.0,71.0,31.0
558.0,368.0,71.0,31.0
554.0,369.0,71.0,31.0
551.0,368.0,71.0,31.0
550.0,369.0,71.0,31.0
557.0,368.0,71.0,31.0
559.0,368.0,71.0,31.0
551.0,367.0,71.0,31.0
546.0,367.0,71.0,31.0
554.0,368.0,71.0,31.0
543.0,368.0,57.0,31.0
529.0,372.0,70.0,28.0
548.0,375.0,50.0,25.0
540.0,365.0,62.0,37.0
0
0
0
0
0
0
0
0
0
0
0
0
0
0
0
0
0
0
0
0
0
0
0
0
0
0
0
0
0
0
0
0
0
0
0
508.0,381.0,55.0,29.0
505.0,382.0,55.0,29.0
513.0,382.0,55.0,29.0
507.0,382.0,71.0,31.0
501.0,374.0,66.0,33.0
501.0,375.0,66.0,33.0
500.0,374.0,66.0,33.0
497.0,372.0,66.0,33.0
509.0,378.0,60.0,32.0
503.0,376.0,73.0,31.0
504.0,375.0,72.0,29.0
505.0,374.0,75.0,36.0
509.0,382.0,66.0,22.0
509.0,378.0,69.0,29.0
504.0,382.0,70.0,28.0
504.0,383.0,70.0,28.0
505.0,383.0,70.0,28.0
503.0,382.0,74.0,29.0
519.0,382.0,55.0,25.0
522.0,383.0,55.0,25.0
522.0,382.0,55.0,25.0
523.0,382.0,55.0,25.0
522.0,382.0,55.0,25.0
525.0,382.0,52.0,24.0
533.0,384.0,52.0,24.0
532.0,384.0,52.0,24.0
530.0,384.0,52.0,24.0
529.0,383.0,55.0,25.0
528.0,385.0,55.0,25.0
528.0,386.0,55.0,25.0
528.0,385.0,55.0,25.0
528.0,385.0,55.0,25.0
529.0,387.0,55.0,25.0
528.0,388.0,55.0,25.0
531.0,387.0,55.0,25.0
532.0,388.0,55.0,25.0
533.0,388.0,55.0,25.0
533.0,389.0,55.0,25.0
531.0,389.0,55.0,25.0
531.0,391.0,55.0,25.0
528.0,391.0,55.0,25.0
529.0,390.0,55.0,25.0
526.0,391.0,55.0,25.0
525.0,393.0,55.0,25.0
523.0,392.0,55.0,25.0
523.0,394.0,52.0,24.0
523.0,393.0,50.0,23.0
519.0,394.0,52.0,24.0
518.0,394.0,52.0,24.0
516.0,395.0,50.0,23.0
517.0,396.0,50.0,23.0
518.0,396.0,50.0,23.0
518.0,395.0,50.0,23.0
506.0,394.0,57.0,21.0
507.0,395.0,57.0,21.0
503.0,396.0,60.0,22.0
503.0,396.0,60.0,22.0
505.0,396.0,60.0,22.0
504.0,397.0,60.0,22.0
503.0,397.0,60.0,22.0
501.0,398.0,60.0,22.0
502.0,397.0,60.0,22.0
504.0,399.0,60.0,22.0
501.0,399.0,60.0,22.0
497.0,400.0,60.0,22.0
498.0,400.0,60.0,22.0
497.0,401.0,60.0,22.0
493.0,400.0,60.0,22.0
492.0,400.0,60.0,22.0
490.0,402.0,60.0,22.0
487.0,403.0,60.0,22.0
487.0,402.0,60.0,22.0
488.0,403.0,60.0,22.0
486.0,403.0,60.0,22.0
486.0,403.0,60.0,22.0
485.0,406.0,60.0,22.0
484.0,404.0,60.0,22.0
485.0,404.0,60.0,22.0
484.0,405.0,60.0,22.0
496.0,405.0,60.0,22.0
499.0,405.0,60.0,22.0
497.0,404.0,60.0,22.0
479.0,397.0,60.0,29.0
483.0,398.0,60.0,29.0
483.0,398.0,57.0,28.0
485.0,400.0,54.0,26.0
482.0,399.0,54.0,26.0
479.0,399.0,54.0,26.0
479.0,400.0,54.0,26.0
475.0,401.0,54.0,26.0
473.0,401.0,54.0,26.0
482.0,401.0,52.0,24.0
0
0
0
0
0
0
0
0
0
0
0
0
0
0
0
0
0
0
0
0
0
0
0
0
0
0
0
0
0
0
0
0
0
0
0
0
0
0
0
0
0
0
0
0
0
0
0
0
0
0
0
0
0
0
0
0
0
0
0
0
0
0
0
0
0
0
0
0
0
0
0
0
0
0
0
0
0
0
0
0
0
0
0
0
0
0
0
0
0
0
0
0
0
675.0,448.0,52.0,36.0
680.0,449.0,52.0,36.0
679.0,451.0,52.0,36.0
680.0,450.0,52.0,36.0
682.0,452.0,52.0,36.0
681.0,454.0,52.0,36.0
687.0,453.0,52.0,36.0
687.0,454.0,52.0,36.0
690.0,456.0,51.0,37.0
694.0,457.0,51.0,37.0
695.0,458.0,51.0,37.0
696.0,458.0,51.0,37.0
698.0,459.0,51.0,37.0
699.0,460.0,51.0,37.0
699.0,459.0,51.0,37.0
701.0,461.0,51.0,37.0
703.0,464.0,51.0,37.0
703.0,464.0,51.0,37.0
706.0,465.0,51.0,37.0
707.0,467.0,51.0,37.0
707.0,465.0,51.0,37.0
710.0,465.0,49.0,35.0
715.0,467.0,49.0,35.0
716.0,466.0,49.0,35.0
712.0,469.0,49.0,35.0
709.0,470.0,49.0,35.0
707.0,469.0,49.0,35.0
705.0,469.0,49.0,35.0
698.0,469.0,49.0,35.0
701.0,469.0,46.0,34.0
700.0,469.0,46.0,34.0
696.0,471.0,46.0,34.0
693.0,471.0,46.0,34.0
690.0,471.0,46.0,34.0
687.0,469.0,46.0,34.0
683.0,469.0,46.0,34.0
678.0,470.0,46.0,34.0
674.0,469.0,46.0,34.0
669.0,469.0,46.0,34.0
665.0,467.0,46.0,34.0
661.0,467.0,46.0,34.0
657.0,467.0,46.0,34.0
652.0,468.0,46.0,34.0
647.0,468.0,46.0,34.0
642.0,469.0,46.0,34.0
638.0,466.0,46.0,34.0
633.0,466.0,46.0,34.0
629.0,465.0,46.0,34.0
625.0,465.0,46.0,34.0
622.0,465.0,46.0,34.0
620.0,464.0,46.0,34.0
619.0,465.0,46.0,34.0
615.0,466.0,46.0,34.0
612.0,466.0,46.0,34.0
610.0,467.0,46.0,34.0
608.0,468.0,46.0,34.0
604.0,467.0,46.0,34.0
605.0,468.0,46.0,34.0
604.0,467.0,46.0,34.0
602.0,468.0,46.0,34.0
603.0,470.0,44.0,32.0
601.0,472.0,44.0,32.0
602.0,473.0,42.0,30.0
603.0,473.0,40.0,29.0
603.0,474.0,40.0,29.0
602.0,474.0,40.0,29.0
601.0,476.0,40.0,29.0
600.0,476.0,40.0,29.0
601.0,477.0,40.0,29.0
601.0,477.0,40.0,29.0
600.0,478.0,40.0,29.0
601.0,479.0,40.0,29.0
600.0,482.0,38.0,28.0
599.0,482.0,38.0,28.0
597.0,484.0,38.0,28.0
592.0,488.0,38.0,28.0
592.0,490.0,38.0,28.0
590.0,494.0,36.0,26.0
587.0,499.0,35.0,25.0
584.0,501.0,35.0,25.0
580.0,506.0,35.0,25.0
579.0,512.0,33.0,24.0
576.0,518.0,33.0,24.0
0
0
0
0
0
0
0
0
0
0
0
0
0
0
0
0
0
0
0
0
0
0
0
0
0
0
0
0
0
0
0
0
0
0
0
0
0
0
0
0
0
0
0
0
0
0
0
0
0
0
0
0
0
0
0
0
0
0
0
0
0
0
0
0
0
0
0
0
0
0
0
0
0
0
0
0
0
0
0
0
0
0
0
0
0
0
0
0
0
0
0
0
0
0
0
0
0
0
0
0
0
0
0
0
0
0
0
0
0
0
0
0
0
0
0
0
0
0
0
0
0
0
0
0
0
0
0
0
0
755.0,579.0,54.0,49.0
759.0,581.0,54.0,49.0
764.0,580.0,54.0,49.0
766.0,581.0,54.0,49.0
766.0,580.0,54.0,49.0
769.0,580.0,57.0,51.0
771.0,578.0,57.0,51.0
774.0,577.0,57.0,51.0
778.0,577.0,57.0,51.0
781.0,579.0,54.0,49.0
785.0,575.0,54.0,49.0
791.0,575.0,54.0,49.0
793.0,574.0,54.0,49.0
793.0,571.0,54.0,49.0
797.0,570.0,54.0,49.0
796.0,568.0,54.0,49.0
800.0,574.0,51.0,47.0
803.0,575.0,51.0,47.0
806.0,575.0,49.0,44.0
813.0,576.0,49.0,44.0
817.0,576.0,49.0,44.0
819.0,569.0,49.0,44.0
822.0,569.0,47.0,42.0
826.0,567.0,49.0,44.0
829.0,561.0,49.0,44.0
834.0,559.0,49.0,44.0
837.0,557.0,49.0,44.0
841.0,552.0,49.0,44.0
847.0,553.0,47.0,42.0
851.0,554.0,47.0,42.0
856.0,552.0,49.0,44.0
860.0,554.0,49.0,44.0
860.0,548.0,51.0,47.0
864.0,554.0,51.0,47.0
841.0,539.0,51.0,47.0
846.0,538.0,51.0,47.0
858.0,536.0,49.0,44.0
854.0,535.0,47.0,42.0
854.0,535.0,47.0,42.0
845.0,540.0,47.0,42.0
851.0,535.0,47.0,42.0
847.0,534.0,47.0,42.0
858.0,536.0,44.0,40.0
862.0,536.0,42.0,38.0
859.0,536.0,44.0,40.0
859.0,532.0,44.0,40.0
845.0,518.0,42.0,38.0
845.0,518.0,42.0,38.0
847.0,520.0,42.0,38.0
844.0,519.0,42.0,38.0
834.0,516.0,44.0,40.0
836.0,517.0,44.0,40.0
837.0,521.0,44.0,40.0
838.0,520.0,44.0,40.0
829.0,513.0,45.0,43.0
826.0,519.0,45.0,43.0
820.0,523.0,45.0,43.0
824.0,507.0,58.0,55.0
827.0,503.0,52.0,59.0
827.0,509.0,55.0,56.0
830.0,515.0,52.0,50.0
830.0,512.0,50.0,57.0
824.0,515.0,60.0,49.0
817.0,509.0,56.0,50.0
819.0,516.0,56.0,50.0
811.0,512.0,53.0,53.0
816.0,513.0,53.0,51.0
813.0,510.0,56.0,52.0
803.0,506.0,68.0,63.0
813.0,518.0,45.0,40.0
808.0,517.0,55.0,51.0
795.0,510.0,74.0,60.0
801.0,521.0,54.0,43.0
793.0,520.0,62.0,48.0
794.0,520.0,63.0,50.0
791.0,522.0,55.0,43.0
788.0,511.0,61.0,56.0
793.0,516.0,59.0,59.0
789.0,524.0,64.0,56.0
787.0,518.0,62.0,52.0
785.0,520.0,65.0,51.0
786.0,520.0,53.0,47.0
781.0,502.0,59.0,69.0
771.0,507.0,62.0,68.0
0
0
0
0
0
0
0
0
0
0
0
0
0
0
0
0
0
0
0
0
0
0
0
0
704.0,418.0,72.0,69.0
691.0,419.0,75.0,65.0
689.0,419.0,75.0,65.0
687.0,415.0,75.0,65.0
684.0,414.0,75.0,65.0
683.0,415.0,86.0,65.0
682.0,414.0,68.0,60.0
687.0,413.0,86.0,65.0
686.0,416.0,68.0,60.0
682.0,412.0,71.0,63.0
670.0,399.0,77.0,73.0
668.0,397.0,77.0,73.0
667.0,396.0,77.0,73.0
669.0,395.0,77.0,73.0
674.0,397.0,77.0,73.0
685.0,404.0,77.0,73.0
662.0,403.0,90.0,71.0
674.0,405.0,90.0,71.0
674.0,406.0,90.0,71.0
676.0,409.0,90.0,71.0
678.0,412.0,90.0,71.0
678.0,414.0,86.0,68.0
651.0,411.0,107.0,74.0
667.0,417.0,107.0,74.0
667.0,418.0,112.0,78.0
672.0,420.0,112.0,78.0
672.0,423.0,112.0,78.0
662.0,421.0,92.0,72.0
672.0,429.0,92.0,72.0
673.0,432.0,92.0,72.0
675.0,434.0,92.0,72.0
676.0,439.0,92.0,72.0
675.0,443.0,92.0,72.0
677.0,447.0,92.0,72.0
678.0,451.0,92.0,72.0
680.0,455.0,92.0,72.0
682.0,458.0,92.0,72.0
685.0,464.0,92.0,72.0
685.0,466.0,92.0,72.0
685.0,470.0,92.0,72.0
682.0,471.0,97.0,76.0
684.0,475.0,97.0,76.0
688.0,477.0,97.0,76.0
690.0,483.0,97.0,76.0
691.0,488.0,97.0,76.0
696.0,492.0,97.0,76.0
695.0,498.0,97.0,76.0
697.0,498.0,101.0,79.0
701.0,503.0,101.0,79.0
706.0,506.0,131.0,85.0
712.0,513.0,131.0,85.0
716.0,517.0,131.0,85.0
717.0,521.0,131.0,85.0
730.0,527.0,120.0,75.0
731.0,533.0,120.0,75.0
731.0,534.0,120.0,75.0
735.0,538.0,120.0,75.0
744.0,543.0,120.0,75.0
732.0,544.0,120.0,75.0
738.0,546.0,120.0,75.0
739.0,548.0,120.0,75.0
738.0,551.0,120.0,75.0
732.0,552.0,120.0,75.0
732.0,553.0,126.0,79.0
730.0,553.0,126.0,79.0
716.0,556.0,120.0,75.0
708.0,555.0,120.0,75.0
711.0,555.0,120.0,75.0
715.0,556.0,120.0,75.0
721.0,555.0,120.0,75.0
722.0,556.0,120.0,75.0
723.0,557.0,114.0,71.0
724.0,553.0,120.0,75.0
728.0,553.0,120.0,75.0
706.0,547.0,126.0,65.0
721.0,554.0,126.0,65.0
724.0,550.0,132.0,68.0
718.0,546.0,132.0,68.0
681.0,532.0,144.0,83.0
690.0,532.0,144.0,83.0
688.0,524.0,151.0,87.0
683.0,522.0,151.0,87.0
665.0,520.0,142.0,69.0
664.0,521.0,142.0,69.0
661.0,517.0,142.0,69.0
657.0,513.0,142.0,69.0
653.0,510.0,142.0,69.0
651.0,507.0,142.0,69.0
649.0,502.0,142.0,69.0
647.0,500.0,135.0,66.0
645.0,495.0,142.0,69.0
643.0,491.0,142.0,69.0
639.0,489.0,142.0,69.0
637.0,486.0,142.0,69.0
635.0,484.0,142.0,69.0
633.0,481.0,142.0,69.0
630.0,477.0,142.0,69.0
626.0,476.0,142.0,69.0
624.0,473.0,142.0,69.0
622.0,472.0,142.0,69.0
620.0,470.0,142.0,69.0
620.0,467.0,142.0,69.0
615.0,466.0,142.0,69.0
609.0,464.0,149.0,72.0
607.0,463.0,149.0,72.0
604.0,463.0,142.0,69.0
598.0,462.0,142.0,69.0
597.0,460.0,142.0,69.0
590.0,458.0,149.0,72.0
586.0,457.0,149.0,72.0
585.0,454.0,157.0,76.0
579.0,452.0,157.0,76.0
575.0,450.0,157.0,76.0
574.0,448.0,157.0,76.0
571.0,448.0,157.0,76.0
567.0,446.0,157.0,76.0
565.0,447.0,149.0,72.0
560.0,444.0,149.0,72.0
556.0,442.0,149.0,72.0
552.0,440.0,149.0,72.0
546.0,438.0,149.0,72.0
540.0,435.0,157.0,76.0
539.0,433.0,157.0,76.0
536.0,432.0,157.0,76.0
533.0,430.0,157.0,76.0
532.0,429.0,157.0,76.0
529.0,427.0,157.0,76.0
527.0,429.0,149.0,72.0
520.0,425.0,157.0,76.0
519.0,424.0,157.0,76.0
514.0,423.0,157.0,76.0
509.0,422.0,157.0,76.0
503.0,418.0,164.0,80.0
502.0,418.0,164.0,80.0
501.0,416.0,164.0,80.0
501.0,414.0,164.0,80.0
500.0,414.0,164.0,80.0
498.0,414.0,164.0,80.0
498.0,414.0,164.0,80.0
496.0,413.0,164.0,80.0
495.0,412.0,164.0,80.0
493.0,412.0,164.0,80.0
487.0,410.0,164.0,80.0
489.0,410.0,164.0,80.0
493.0,412.0,157.0,76.0
494.0,412.0,149.0,72.0
494.0,413.0,149.0,72.0
496.0,413.0,149.0,72.0
498.0,410.0,149.0,72.0
497.0,409.0,149.0,72.0
497.0,408.0,149.0,72.0
498.0,406.0,149.0,72.0
497.0,405.0,149.0,72.0
494.0,407.0,142.0,69.0
495.0,403.0,149.0,72.0
494.0,402.0,149.0,72.0
494.0,401.0,149.0,72.0
496.0,399.0,149.0,72.0
495.0,398.0,157.0,76.0
496.0,397.0,157.0,76.0
495.0,397.0,157.0,76.0
495.0,397.0,157.0,76.0
494.0,396.0,157.0,76.0
491.0,396.0,157.0,76.0
490.0,397.0,157.0,76.0
492.0,397.0,157.0,76.0
491.0,399.0,157.0,76.0
492.0,400.0,157.0,76.0
494.0,403.0,149.0,72.0
497.0,404.0,149.0,72.0
498.0,405.0,149.0,72.0
498.0,406.0,149.0,72.0
498.0,406.0,149.0,72.0
498.0,406.0,149.0,72.0
493.0,406.0,157.0,76.0
494.0,407.0,157.0,76.0
495.0,412.0,149.0,72.0
497.0,412.0,149.0,72.0
500.0,414.0,149.0,72.0
501.0,415.0,149.0,72.0
502.0,416.0,149.0,72.0
504.0,418.0,149.0,72.0
504.0,419.0,149.0,72.0
506.0,421.0,142.0,69.0
506.0,422.0,142.0,69.0
504.0,423.0,142.0,69.0
501.0,425.0,142.0,69.0
499.0,426.0,142.0,69.0
500.0,427.0,142.0,69.0
501.0,428.0,142.0,69.0
503.0,430.0,142.0,69.0
505.0,431.0,142.0,69.0
505.0,430.0,142.0,69.0
506.0,430.0,142.0,69.0
505.0,430.0,142.0,69.0
509.0,432.0,135.0,66.0
504.0,434.0,135.0,66.0
497.0,437.0,135.0,66.0
493.0,437.0,135.0,66.0
499.0,438.0,135.0,66.0
501.0,438.0,135.0,66.0
505.0,439.0,135.0,66.0
506.0,435.0,142.0,69.0
507.0,434.0,142.0,69.0
506.0,433.0,142.0,69.0
506.0,434.0,142.0,69.0
504.0,434.0,142.0,69.0
502.0,435.0,142.0,69.0
502.0,438.0,135.0,66.0
502.0,439.0,135.0,66.0
503.0,439.0,135.0,66.0
504.0,437.0,135.0,66.0
507.0,436.0,135.0,66.0
511.0,435.0,135.0,66.0
510.0,432.0,135.0,66.0
512.0,429.0,135.0,66.0
512.0,427.0,135.0,66.0
514.0,428.0,129.0,63.0
511.0,426.0,129.0,63.0
508.0,427.0,129.0,63.0
508.0,426.0,129.0,63.0
509.0,423.0,129.0,63.0
511.0,422.0,129.0,63.0
511.0,419.0,129.0,63.0
517.0,414.0,129.0,63.0
517.0,412.0,129.0,63.0
516.0,408.0,129.0,63.0
518.0,406.0,129.0,63.0
516.0,404.0,129.0,63.0
514.0,402.0,129.0,63.0
513.0,399.0,129.0,63.0
514.0,398.0,129.0,63.0
516.0,394.0,129.0,63.0
534.0,369.0,118.0,80.0
529.0,375.0,118.0,80.0
531.0,371.0,118.0,80.0
531.0,367.0,118.0,80.0
530.0,364.0,118.0,80.0
528.0,361.0,118.0,80.0
528.0,357.0,118.0,80.0
527.0,356.0,118.0,80.0
528.0,353.0,118.0,80.0
529.0,352.0,118.0,80.0
531.0,348.0,118.0,80.0
531.0,347.0,118.0,80.0
534.0,344.0,118.0,80.0
535.0,340.0,118.0,80.0
539.0,339.0,118.0,80.0
540.0,340.0,112.0,76.0
542.0,338.0,112.0,76.0
543.0,337.0,107.0,73.0
543.0,335.0,107.0,73.0
545.0,331.0,107.0,73.0
544.0,330.0,107.0,73.0
546.0,328.0,107.0,73.0
548.0,328.0,107.0,73.0
549.0,323.0,107.0,73.0
549.0,319.0,107.0,73.0
549.0,319.0,107.0,73.0
547.0,319.0,107.0,73.0
547.0,319.0,107.0,73.0
550.0,322.0,102.0,69.0
551.0,324.0,102.0,69.0
552.0,325.0,102.0,69.0
555.0,324.0,102.0,69.0
557.0,325.0,102.0,69.0
562.0,325.0,102.0,69.0
563.0,325.0,102.0,69.0
565.0,326.0,102.0,69.0
567.0,326.0,102.0,69.0
569.0,328.0,102.0,69.0
571.0,330.0,102.0,69.0
576.0,334.0,102.0,69.0
576.0,336.0,102.0,69.0
578.0,336.0,102.0,69.0
580.0,339.0,102.0,69.0
585.0,340.0,102.0,69.0
587.0,340.0,102.0,69.0
589.0,341.0,102.0,69.0
590.0,342.0,102.0,69.0
591.0,344.0,97.0,66.0
592.0,345.0,97.0,66.0
592.0,345.0,97.0,66.0
592.0,346.0,97.0,66.0
592.0,347.0,97.0,66.0
593.0,348.0,97.0,66.0
593.0,351.0,92.0,63.0
594.0,353.0,92.0,63.0
594.0,352.0,92.0,63.0
594.0,352.0,92.0,63.0
593.0,351.0,92.0,63.0
592.0,350.0,92.0,63.0
590.0,350.0,92.0,63.0
591.0,349.0,92.0,63.0
590.0,349.0,92.0,63.0
588.0,349.0,92.0,63.0
588.0,350.0,92.0,63.0
587.0,348.0,92.0,63.0
585.0,349.0,92.0,63.0
585.0,347.0,92.0,63.0
585.0,343.0,92.0,63.0
582.0,341.0,92.0,63.0
582.0,340.0,92.0,63.0
579.0,339.0,92.0,63.0
579.0,339.0,88.0,60.0
578.0,337.0,88.0,60.0
577.0,335.0,88.0,60.0
573.0,334.0,88.0,60.0
572.0,332.0,88.0,60.0
570.0,330.0,88.0,60.0
568.0,328.0,88.0,60.0
564.0,327.0,88.0,60.0
559.0,326.0,88.0,60.0
556.0,323.0,88.0,60.0
558.0,324.0,84.0,57.0
560.0,324.0,80.0,54.0
559.0,323.0,80.0,54.0
558.0,320.0,80.0,54.0
557.0,320.0,80.0,54.0
558.0,320.0,80.0,54.0
558.0,321.0,80.0,54.0
558.0,320.0,80.0,54.0
557.0,318.0,80.0,54.0
556.0,317.0,80.0,54.0
555.0,319.0,80.0,54.0
552.0,318.0,80.0,54.0
553.0,318.0,80.0,54.0
554.0,318.0,76.0,52.0
555.0,315.0,76.0,52.0
558.0,316.0,76.0,52.0
558.0,315.0,76.0,52.0
560.0,314.0,76.0,52.0
561.0,313.0,76.0,52.0
562.0,313.0,76.0,52.0
563.0,309.0,76.0,52.0
562.0,311.0,76.0,52.0
563.0,310.0,76.0,52.0
564.0,309.0,76.0,52.0
564.0,310.0,76.0,52.0
562.0,307.0,80.0,54.0
563.0,307.0,80.0,54.0
563.0,305.0,80.0,54.0
563.0,303.0,80.0,54.0
579.0,295.0,50.0,60.0
580.0,297.0,50.0,60.0
580.0,297.0,50.0,60.0
579.0,297.0,50.0,60.0
578.0,296.0,50.0,60.0
575.0,294.0,50.0,60.0
576.0,297.0,48.0,57.0
573.0,295.0,48.0,57.0
571.0,296.0,48.0,57.0
570.0,296.0,48.0,57.0
569.0,294.0,48.0,57.0
566.0,296.0,48.0,57.0
565.0,294.0,42.0,58.0
565.0,293.0,45.0,62.0
563.0,297.0,45.0,62.0
561.0,296.0,45.0,62.0
560.0,300.0,45.0,62.0
558.0,301.0,45.0,62.0
557.0,303.0,45.0,62.0
556.0,306.0,43.0,59.0
553.0,308.0,43.0,59.0
553.0,308.0,43.0,59.0
551.0,310.0,43.0,59.0
549.0,314.0,43.0,59.0
548.0,317.0,41.0,56.0
545.0,320.0,41.0,56.0
542.0,322.0,41.0,56.0
539.0,325.0,41.0,56.0
537.0,328.0,41.0,56.0
535.0,331.0,39.0,54.0
533.0,334.0,39.0,54.0
531.0,337.0,39.0,54.0
529.0,339.0,39.0,54.0
527.0,340.0,39.0,54.0
523.0,342.0,39.0,54.0
521.0,346.0,39.0,54.0
519.0,350.0,39.0,54.0
513.0,348.0,39.0,54.0
505.0,337.0,39.0,54.0
506.0,352.0,39.0,54.0
503.0,353.0,39.0,54.0
499.0,354.0,39.0,54.0
494.0,352.0,39.0,54.0
492.0,353.0,37.0,51.0
0
0
0
0
0
0
0
0
0
0
0
0
0
0
0
0
0
0
0
0
0
0
0
0
0
0
0
0
0
0
0
0
0
0
0
0
0
0
0
0
0
0
0
0
0
0
0
0
0
0
0
0
0
0
0
0
0
0
0
0
0
0
0
0
0
0
0
0
0
0
0
0
0
0
0
0
0
0
0
0
0
0
0
0
0
0
0
0
0
0
0
0
0
0
0
0
0
0
0
0
0
0
0
0
0
0
0
0
0
0
0
0
0
0
0
0
0
0
0
0
0
0
0
0
0
0
0
0
0
0
0
0
0
0
0
0
0
0
0
0
0
0
0
0
0
0
0
0
0
0
0
0
0
0
0
0
0
0
0
0
0
0
0
0
0
0
720.0,627.0,64.0,49.0
718.0,626.0,64.0,49.0
714.0,628.0,64.0,49.0
713.0,628.0,64.0,49.0
712.0,628.0,64.0,49.0
709.0,629.0,64.0,49.0
706.0,629.0,64.0,49.0
703.0,627.0,64.0,49.0
700.0,628.0,67.0,51.0
697.0,628.0,67.0,51.0
695.0,629.0,67.0,51.0
692.0,632.0,67.0,51.0
689.0,631.0,67.0,51.0
686.0,631.0,67.0,51.0
685.0,630.0,64.0,49.0
685.0,629.0,64.0,49.0
685.0,630.0,64.0,49.0
686.0,631.0,61.0,47.0
685.0,630.0,61.0,47.0
681.0,629.0,61.0,47.0
677.0,630.0,61.0,47.0
676.0,630.0,55.0,36.0
675.0,631.0,55.0,36.0
673.0,630.0,55.0,36.0
675.0,628.0,55.0,36.0
671.0,628.0,55.0,36.0
670.0,622.0,55.0,36.0
668.0,622.0,55.0,36.0
672.0,620.0,55.0,36.0
671.0,618.0,55.0,36.0
669.0,614.0,55.0,36.0
669.0,612.0,55.0,36.0
668.0,608.0,52.0,34.0
666.0,605.0,52.0,34.0
665.0,599.0,52.0,34.0
662.0,594.0,52.0,34.0
659.0,589.0,52.0,34.0
659.0,585.0,52.0,34.0
655.0,581.0,52.0,34.0
651.0,575.0,52.0,34.0
651.0,571.0,52.0,34.0
648.0,564.0,52.0,34.0
642.0,559.0,52.0,34.0
641.0,554.0,52.0,34.0
638.0,548.0,52.0,34.0
635.0,544.0,52.0,34.0
631.0,538.0,52.0,34.0
624.0,531.0,52.0,34.0
620.0,526.0,52.0,34.0
619.0,519.0,52.0,34.0
612.0,513.0,55.0,36.0
606.0,509.0,55.0,36.0
604.0,504.0,52.0,34.0
591.0,497.0,55.0,36.0
583.0,493.0,55.0,36.0
581.0,489.0,56.0,36.0
581.0,486.0,56.0,36.0
575.0,483.0,56.0,36.0
571.0,478.0,56.0,36.0
567.0,473.0,56.0,36.0
561.0,468.0,59.0,38.0
553.0,464.0,59.0,38.0
555.0,465.0,72.0,34.0
549.0,461.0,72.0,34.0
541.0,460.0,72.0,34.0
533.0,456.0,72.0,34.0
0
0
0
0
0
0
0
0
0
0
0
0
0
0
0
0
0
0
0
0
0
0
0
0
0
556.0,417.0,60.0,32.0
560.0,418.0,60.0,32.0
559.0,414.0,60.0,32.0
551.0,412.0,60.0,32.0
564.0,406.0,64.0,35.0
566.0,406.0,59.0,38.0
564.0,406.0,73.0,33.0
567.0,402.0,63.0,37.0
570.0,401.0,71.0,31.0
572.0,399.0,69.0,35.0
575.0,397.0,71.0,40.0
574.0,396.0,73.0,40.0
580.0,399.0,85.0,40.0
0
0
0
0
0
0
0
0
0
0
0
0
0
0
582.0,385.0,66.0,40.0
590.0,387.0,54.0,37.0
592.0,388.0,54.0,37.0
593.0,388.0,54.0,37.0
595.0,388.0,54.0,37.0
592.0,388.0,51.0,35.0
589.0,389.0,51.0,35.0
583.0,389.0,54.0,37.0
577.0,387.0,54.0,37.0
573.0,388.0,54.0,37.0
573.0,399.0,71.0,31.0
575.0,397.0,68.0,36.0
563.0,399.0,68.0,36.0
557.0,397.0,71.0,38.0
574.0,402.0,65.0,30.0
570.0,403.0,65.0,30.0
572.0,403.0,65.0,30.0
572.0,401.0,65.0,30.0
567.0,394.0,61.0,37.0
569.0,394.0,61.0,37.0
568.0,394.0,61.0,37.0
567.0,393.0,61.0,37.0
566.0,393.0,61.0,37.0
565.0,392.0,61.0,37.0
567.0,392.0,58.0,35.0
557.0,394.0,66.0,33.0
557.0,395.0,66.0,33.0
558.0,394.0,66.0,33.0
556.0,393.0,66.0,33.0
560.0,391.0,66.0,33.0
557.0,390.0,66.0,33.0
555.0,390.0,66.0,33.0
554.0,389.0,66.0,33.0
555.0,389.0,66.0,33.0
553.0,388.0,66.0,33.0
553.0,387.0,66.0,33.0
551.0,387.0,66.0,33.0
551.0,386.0,66.0,33.0
549.0,386.0,66.0,33.0
550.0,385.0,66.0,33.0
549.0,385.0,66.0,33.0
547.0,384.0,66.0,33.0
547.0,384.0,66.0,33.0
543.0,382.0,69.0,35.0
542.0,381.0,69.0,35.0
542.0,381.0,69.0,35.0
539.0,381.0,69.0,35.0
540.0,381.0,69.0,35.0
539.0,380.0,69.0,35.0
537.0,381.0,69.0,35.0
535.0,381.0,69.0,35.0
533.0,379.0,73.0,36.0
534.0,381.0,69.0,35.0
533.0,380.0,69.0,35.0
531.0,381.0,69.0,35.0
531.0,381.0,69.0,35.0
530.0,381.0,69.0,35.0
529.0,380.0,69.0,35.0
531.0,381.0,69.0,35.0
530.0,383.0,69.0,35.0
530.0,384.0,69.0,35.0
530.0,383.0,69.0,35.0
531.0,385.0,69.0,35.0
534.0,385.0,69.0,35.0
534.0,385.0,69.0,35.0
537.0,387.0,69.0,35.0
538.0,388.0,69.0,35.0
538.0,388.0,69.0,35.0
537.0,389.0,69.0,35.0
541.0,390.0,69.0,35.0
542.0,390.0,69.0,35.0
544.0,391.0,69.0,35.0
545.0,392.0,69.0,35.0
544.0,394.0,69.0,35.0
546.0,394.0,69.0,35.0
545.0,395.0,69.0,35.0
547.0,395.0,69.0,35.0
544.0,395.0,73.0,36.0
546.0,396.0,73.0,36.0
546.0,396.0,73.0,36.0
546.0,397.0,73.0,36.0
547.0,398.0,73.0,36.0
546.0,399.0,76.0,38.0
546.0,399.0,76.0,38.0
547.0,400.0,76.0,38.0
548.0,401.0,73.0,36.0
551.0,403.0,69.0,35.0
550.0,403.0,69.0,35.0
546.0,403.0,69.0,35.0
546.0,404.0,69.0,35.0
545.0,405.0,69.0,35.0
545.0,406.0,69.0,35.0
544.0,406.0,69.0,35.0
542.0,407.0,69.0,35.0
540.0,407.0,69.0,35.0
539.0,408.0,69.0,35.0
537.0,407.0,69.0,35.0
539.0,408.0,69.0,35.0
538.0,409.0,69.0,35.0
532.0,409.0,69.0,35.0
529.0,410.0,69.0,35.0
527.0,410.0,69.0,35.0
525.0,410.0,69.0,35.0
523.0,411.0,69.0,35.0
520.0,410.0,69.0,35.0
516.0,410.0,69.0,35.0
516.0,411.0,69.0,35.0
511.0,410.0,69.0,35.0
