559.0,317.0,66.0,63.0
557.0,315.0,66.0,63.0
552.0,311.0,72.0,68.0
549.0,310.0,74.0,71.0
548.0,310.0,75.0,72.0
548.0,310.0,75.0,72.0
547.0,310.0,75.0,72.0
547.0,311.0,71.0,68.0
547.0,313.0,69.0,66.0
545.0,315.0,67.0,64.0
543.0,315.0,65.0,62.0
536.0,314.0,72.0,69.0
540.0,315.0,63.0,60.0
541.0,313.0,57.0,54.0
539.0,312.0,57.0,54.0
536.0,310.0,58.0,56.0
535.0,309.0,57.0,54.0
535.0,303.0,68.0,70.0
534.0,304.0,67.0,69.0
534.0,306.0,65.0,67.0
535.0,309.0,63.0,65.0
535.0,312.0,61.0,63.0
534.0,314.0,61.0,63.0
534.0,314.0,61.0,63.0
534.0,314.0,61.0,62.0
534.0,311.0,61.0,63.0
532.0,306.0,66.0,68.0
529.0,300.0,74.0,76.0
525.0,298.0,69.0,71.0
525.0,298.0,70.0,72.0
526.0,297.0,69.0,71.0
526.0,298.0,69.0,71.0
526.0,300.0,66.0,68.0
527.0,304.0,63.0,65.0
528.0,308.0,58.0,60.0
528.0,308.0,58.0,60.0
528.0,309.0,56.0,58.0
526.0,307.0,58.0,60.0
520.0,302.0,62.0,64.0
518.0,297.0,63.0,65.0
517.0,294.0,62.0,64.0
517.0,294.0,62.0,64.0
515.0,293.0,69.0,62.0
513.0,293.0,68.0,61.0
511.0,292.0,70.0,63.0
509.0,293.0,70.0,63.0
507.0,292.0,72.0,64.0
507.0,292.0,72.0,64.0
506.0,291.0,73.0,66.0
505.0,290.0,74.0,66.0
504.0,288.0,75.0,67.0
503.0,288.0,76.0,68.0
503.0,289.0,75.0,68.0
503.0,289.0,75.0,68.0
504.0,290.0,73.0,65.0
502.0,291.0,72.0,64.0
500.0,291.0,72.0,65.0
498.0,290.0,75.0,67.0
497.0,292.0,74.0,67.0
497.0,292.0,74.0,67.0
495.0,292.0,74.0,67.0
492.0,293.0,74.0,67.0
491.0,293.0,73.0,65.0
489.0,294.0,73.0,65.0
487.0,296.0,69.0,62.0
487.0,296.0,69.0,62.0
485.0,295.0,71.0,64.0
481.0,294.0,76.0,68.0
479.0,293.0,79.0,71.0
477.0,292.0,82.0,74.0
475.0,291.0,84.0,76.0
475.0,291.0,84.0,76.0
472.0,290.0,86.0,77.0
457.0,301.0,62.0,55.0
452.0,299.0,64.0,57.0
448.0,299.0,63.0,56.0
444.0,299.0,62.0,55.0
444.0,299.0,62.0,55.0
440.0,299.0,60.0,53.0
435.0,299.0,59.0,52.0
430.0,299.0,59.0,52.0
424.0,298.0,60.0,53.0
420.0,297.0,60.0,53.0
420.0,297.0,60.0,53.0
416.0,296.0,60.0,53.0
412.0,296.0,60.0,53.0
410.0,295.0,59.0,53.0
408.0,295.0,59.0,52.0
406.0,295.0,59.0,52.0
406.0,295.0,59.0,52.0
404.0,295.0,57.0,51.0
400.0,293.0,59.0,52.0
398.0,292.0,59.0,52.0
395.0,289.0,62.0,55.0
394.0,287.0,63.0,56.0
394.0,287.0,63.0,56.0
393.0,285.0,64.0,57.0
392.0,283.0,65.0,58.0
391.0,280.0,66.0,59.0
391.0,279.0,65.0,58.0
390.0,279.0,64.0,57.0
390.0,279.0,64.0,57.0
388.0,277.0,67.0,59.0
386.0,276.0,69.0,61.0
384.0,275.0,73.0,65.0
379.0,283.0,69.0,52.0
377.0,282.0,72.0,54.0
377.0,282.0,72.0,54.0
380.0,283.0,65.0,49.0
380.0,283.0,65.0,49.0
380.0,282.0,63.0,48.0
380.0,282.0,64.0,48.0
380.0,282.0,63.0,47.0
380.0,281.0,65.0,49.0
380.0,283.0,61.0,46.0
382.0,285.0,56.0,42.0
383.0,285.0,53.0,40.0
384.0,284.0,51.0,39.0
386.0,283.0,50.0,38.0
386.0,283.0,50.0,38.0
387.0,284.0,50.0,38.0
388.0,284.0,50.0,38.0
388.0,285.0,52.0,39.0
389.0,286.0,51.0,39.0
388.0,286.0,54.0,40.0
388.0,286.0,54.0,40.0
387.0,287.0,54.0,41.0
386.0,288.0,55.0,42.0
386.0,288.0,55.0,41.0
384.0,288.0,55.0,41.0
383.0,287.0,55.0,41.0
383.0,287.0,55.0,41.0
383.0,287.0,54.0,41.0
382.0,287.0,54.0,41.0
381.0,287.0,54.0,41.0
381.0,287.0,54.0,41.0
381.0,289.0,54.0,41.0
381.0,289.0,54.0,40.0
381.0,290.0,54.0,41.0
381.0,290.0,54.0,41.0
382.0,289.0,55.0,41.0
384.0,288.0,54.0,40.0
385.0,286.0,53.0,40.0
385.0,286.0,53.0,40.0
386.0,284.0,53.0,40.0
387.0,284.0,54.0,41.0
389.0,285.0,53.0,40.0
390.0,285.0,53.0,40.0
391.0,287.0,54.0,41.0
391.0,287.0,54.0,41.0
391.0,287.0,55.0,42.0
393.0,288.0,55.0,41.0
395.0,288.0,56.0,42.0
398.0,288.0,56.0,42.0
400.0,288.0,56.0,42.0
400.0,288.0,56.0,42.0
403.0,288.0,56.0,42.0
405.0,288.0,57.0,43.0
408.0,288.0,57.0,43.0
411.0,288.0,58.0,44.0
411.0,287.0,59.0,45.0
411.0,287.0,59.0,45.0
413.0,287.0,59.0,45.0
414.0,287.0,60.0,45.0
414.0,286.0,61.0,46.0
413.0,286.0,62.0,47.0
411.0,285.0,63.0,48.0
411.0,285.0,63.0,48.0
411.0,286.0,63.0,48.0
410.0,287.0,63.0,47.0
408.0,290.0,62.0,47.0
407.0,293.0,61.0,46.0
406.0,297.0,58.0,44.0
406.0,297.0,58.0,44.0
405.0,301.0,56.0,42.0
404.0,304.0,55.0,41.0
402.0,306.0,54.0,41.0
400.0,307.0,55.0,42.0
398.0,308.0,56.0,42.0
398.0,308.0,56.0,42.0
398.0,309.0,55.0,42.0
400.0,311.0,53.0,40.0
404.0,313.0,50.0,38.0
407.0,315.0,48.0,36.0
411.0,317.0,47.0,35.0
411.0,317.0,47.0,35.0
415.0,320.0,45.0,34.0
418.0,322.0,44.0,33.0
422.0,323.0,45.0,34.0
424.0,324.0,46.0,34.0
427.0,324.0,45.0,34.0
427.0,324.0,45.0,34.0
429.0,325.0,45.0,34.0
430.0,325.0,45.0,34.0
433.0,326.0,43.0,33.0
434.0,326.0,43.0,32.0
434.0,327.0,43.0,32.0
434.0,327.0,43.0,32.0
435.0,327.0,43.0,32.0
434.0,328.0,43.0,32.0
433.0,329.0,42.0,32.0
432.0,330.0,42.0,31.0
429.0,327.0,59.0,45.0
429.0,327.0,59.0,45.0
425.0,326.0,60.0,46.0
422.0,325.0,59.0,45.0
418.0,324.0,58.0,44.0
414.0,323.0,58.0,44.0
408.0,322.0,59.0,45.0
408.0,322.0,59.0,45.0
404.0,322.0,59.0,45.0
398.0,321.0,60.0,46.0
393.0,320.0,61.0,47.0
388.0,320.0,62.0,47.0
383.0,319.0,63.0,48.0
383.0,319.0,63.0,48.0
379.0,318.0,62.0,47.0
376.0,317.0,62.0,47.0
374.0,318.0,60.0,46.0
385.0,322.0,51.0,39.0
382.0,321.0,52.0,39.0
382.0,321.0,51.0,39.0
381.0,321.0,52.0,40.0
379.0,320.0,53.0,40.0
378.0,319.0,52.0,40.0
382.0,316.0,50.0,45.0
381.0,315.0,50.0,45.0
381.0,315.0,50.0,45.0
381.0,314.0,50.0,45.0
382.0,313.0,48.0,43.0
383.0,312.0,48.0,43.0
383.0,311.0,48.0,43.0
382.0,311.0,49.0,44.0
382.0,311.0,49.0,44.0
382.0,310.0,48.0,43.0
381.0,310.0,48.0,43.0
380.0,309.0,48.0,43.0
379.0,309.0,47.0,42.0
379.0,308.0,45.0,40.0
380.0,307.0,42.0,43.0
378.0,307.0,42.0,43.0
375.0,307.0,42.0,43.0
375.0,308.0,41.0,42.0
372.0,308.0,42.0,43.0
369.0,309.0,43.0,44.0
369.0,309.0,43.0,44.0
366.0,311.0,44.0,45.0
363.0,312.0,44.0,45.0
361.0,313.0,44.0,45.0
359.0,313.0,44.0,45.0
358.0,312.0,43.0,45.0
358.0,312.0,43.0,45.0
357.0,312.0,43.0,44.0
357.0,311.0,42.0,43.0
357.0,310.0,42.0,43.0
356.0,309.0,42.0,43.0
355.0,308.0,43.0,44.0
355.0,308.0,43.0,44.0
355.0,307.0,43.0,44.0
354.0,306.0,43.0,44.0
354.0,305.0,44.0,45.0
354.0,305.0,43.0,44.0
355.0,305.0,42.0,43.0
355.0,305.0,42.0,43.0
356.0,304.0,41.0,42.0
358.0,304.0,40.0,41.0
359.0,304.0,40.0,41.0
360.0,304.0,41.0,42.0
361.0,303.0,41.0,42.0
361.0,303.0,41.0,42.0
362.0,303.0,40.0,41.0
364.0,303.0,40.0,41.0
364.0,302.0,40.0,41.0
366.0,302.0,39.0,40.0
369.0,302.0,38.0,39.0
369.0,302.0,38.0,39.0
372.0,301.0,37.0,38.0
374.0,300.0,37.0,37.0
377.0,299.0,35.0,36.0
380.0,299.0,35.0,36.0
382.0,299.0,34.0,35.0
382.0,299.0,34.0,35.0
383.0,299.0,34.0,35.0
382.0,298.0,35.0,36.0
382.0,298.0,35.0,36.0
381.0,297.0,34.0,35.0
380.0,297.0,33.0,34.0
380.0,297.0,33.0,34.0
379.0,296.0,32.0,32.0
377.0,295.0,31.0,32.0
376.0,295.0,29.0,30.0
367.0,291.0,42.0,59.0
364.0,291.0,43.0,61.0
364.0,291.0,43.0,61.0
360.0,290.0,44.0,61.0
357.0,290.0,44.0,62.0
353.0,288.0,45.0,63.0
349.0,287.0,46.0,65.0
347.0,286.0,44.0,62.0
347.0,286.0,44.0,62.0
347.0,286.0,44.0,62.0
341.0,283.0,43.0,60.0
337.0,280.0,44.0,62.0
335.0,280.0,42.0,59.0
331.0,278.0,45.0,63.0
332.0,279.0,44.0,61.0
329.0,277.0,45.0,64.0
327.0,276.0,46.0,64.0
325.0,273.0,47.0,66.0
324.0,272.0,46.0,65.0
324.0,271.0,45.0,63.0
324.0,271.0,45.0,63.0
323.0,270.0,43.0,60.0
322.0,267.0,45.0,63.0
323.0,268.0,41.0,58.0
324.0,267.0,41.0,57.0
323.0,266.0,42.0,59.0
323.0,266.0,42.0,59.0
323.0,265.0,43.0,61.0
323.0,264.0,44.0,62.0
321.0,263.0,45.0,64.0
320.0,262.0,47.0,66.0
320.0,262.0,47.0,65.0
320.0,262.0,47.0,65.0
320.0,261.0,47.0,66.0
320.0,260.0,47.0,66.0
322.0,260.0,46.0,65.0
322.0,259.0,47.0,65.0
324.0,258.0,47.0,67.0
323.0,258.0,48.0,67.0
324.0,258.0,50.0,70.0
326.0,258.0,50.0,70.0
327.0,259.0,48.0,68.0
326.0,262.0,47.0,66.0
327.0,259.0,50.0,70.0
327.0,260.0,49.0,69.0
330.0,259.0,49.0,69.0
332.0,259.0,49.0,68.0
337.0,260.0,44.0,62.0
336.0,257.0,51.0,72.0
339.0,256.0,51.0,72.0
339.0,256.0,51.0,72.0
343.0,256.0,52.0,73.0
346.0,256.0,53.0,74.0
348.0,256.0,54.0,76.0
349.0,256.0,55.0,78.0
351.0,256.0,56.0,78.0
351.0,257.0,55.0,77.0
353.0,257.0,56.0,78.0
357.0,257.0,55.0,77.0
360.0,257.0,53.0,74.0
364.0,257.0,52.0,73.0
367.0,255.0,52.0,73.0
367.0,255.0,52.0,73.0
369.0,254.0,55.0,77.0
372.0,254.0,56.0,78.0
375.0,255.0,57.0,81.0
377.0,254.0,59.0,83.0
380.0,254.0,59.0,83.0
380.0,254.0,59.0,83.0
384.0,255.0,57.0,81.0
389.0,254.0,56.0,78.0
392.0,252.0,56.0,78.0
397.0,250.0,55.0,77.0
400.0,247.0,55.0,77.0
400.0,247.0,55.0,77.0
404.0,246.0,55.0,78.0
406.0,244.0,58.0,81.0
408.0,242.0,60.0,84.0
409.0,241.0,61.0,86.0
410.0,239.0,62.0,87.0
410.0,239.0,62.0,87.0
413.0,238.0,60.0,85.0
415.0,237.0,59.0,82.0
418.0,236.0,56.0,79.0
421.0,234.0,56.0,78.0
423.0,233.0,54.0,77.0
423.0,233.0,54.0,77.0
435.0,227.0,48.0,81.0
437.0,225.0,49.0,82.0
437.0,223.0,50.0,85.0
439.0,220.0,52.0,88.0
441.0,217.0,53.0,89.0
441.0,217.0,53.0,89.0
442.0,215.0,53.0,89.0
445.0,212.0,52.0,87.0
449.0,208.0,51.0,86.0
454.0,205.0,50.0,84.0
458.0,200.0,50.0,85.0
459.0,200.0,50.0,84.0
464.0,197.0,49.0,82.0
468.0,193.0,51.0,85.0
473.0,191.0,52.0,88.0
479.0,189.0,53.0,90.0
485.0,188.0,54.0,91.0
485.0,188.0,54.0,91.0
491.0,188.0,53.0,90.0
497.0,188.0,53.0,89.0
503.0,187.0,53.0,89.0
510.0,186.0,52.0,88.0
517.0,185.0,51.0,86.0
517.0,185.0,51.0,86.0
523.0,184.0,50.0,84.0
528.0,182.0,49.0,83.0
531.0,180.0,50.0,85.0
534.0,179.0,52.0,88.0
537.0,178.0,52.0,88.0
537.0,178.0,52.0,88.0
539.0,177.0,53.0,89.0
541.0,177.0,53.0,89.0
543.0,177.0,52.0,87.0
545.0,176.0,46.0,81.0
547.0,176.0,45.0,80.0
547.0,176.0,45.0,80.0
548.0,177.0,45.0,80.0
551.0,178.0,44.0,78.0
554.0,179.0,44.0,77.0
557.0,180.0,45.0,79.0
559.0,183.0,45.0,79.0
559.0,183.0,45.0,79.0
561.0,184.0,46.0,80.0
562.0,186.0,46.0,81.0
564.0,188.0,45.0,80.0
567.0,189.0,45.0,79.0
573.0,189.0,46.0,81.0
573.0,189.0,46.0,81.0
576.0,188.0,47.0,83.0
579.0,187.0,48.0,84.0
584.0,186.0,48.0,85.0
589.0,186.0,49.0,87.0
594.0,186.0,50.0,88.0
594.0,186.0,50.0,88.0
600.0,187.0,50.0,88.0
606.0,188.0,50.0,87.0
611.0,189.0,50.0,88.0
617.0,190.0,49.0,87.0
623.0,190.0,49.0,86.0
635.0,190.0,46.0,80.0
641.0,190.0,46.0,80.0
650.0,191.0,43.0,75.0
656.0,190.0,44.0,76.0
662.0,190.0,44.0,77.0
668.0,192.0,44.0,77.0
668.0,192.0,44.0,77.0
673.0,192.0,45.0,79.0
676.0,192.0,47.0,81.0
680.0,193.0,47.0,81.0
683.0,193.0,47.0,82.0
685.0,193.0,48.0,83.0
685.0,193.0,48.0,83.0
687.0,191.0,49.0,85.0
689.0,189.0,50.0,87.0
692.0,189.0,49.0,85.0
695.0,188.0,48.0,84.0
697.0,188.0,48.0,84.0
697.0,187.0,48.0,84.0
699.0,187.0,50.0,87.0
701.0,184.0,53.0,92.0
704.0,186.0,51.0,90.0
707.0,187.0,51.0,89.0
711.0,188.0,50.0,87.0
710.0,188.0,50.0,87.0
714.0,187.0,50.0,88.0
717.0,186.0,51.0,88.0
722.0,186.0,49.0,85.0
727.0,187.0,47.0,82.0
730.0,188.0,46.0,80.0
730.0,188.0,46.0,80.0
733.0,189.0,46.0,80.0
736.0,191.0,47.0,81.0
738.0,193.0,47.0,82.0
741.0,194.0,48.0,84.0
744.0,197.0,48.0,84.0
744.0,197.0,48.0,84.0
747.0,198.0,48.0,83.0
751.0,199.0,47.0,82.0
755.0,199.0,45.0,79.0
759.0,199.0,43.0,75.0
761.0,197.0,43.0,74.0
761.0,197.0,43.0,74.0
764.0,196.0,43.0,74.0
766.0,195.0,44.0,76.0
767.0,194.0,45.0,78.0
768.0,194.0,46.0,81.0
768.0,194.0,48.0,84.0
768.0,194.0,48.0,84.0
769.0,195.0,49.0,85.0
770.0,196.0,49.0,85.0
772.0,197.0,48.0,83.0
775.0,197.0,46.0,80.0
777.0,198.0,44.0,77.0
777.0,198.0,44.0,77.0
779.0,198.0,44.0,77.0
780.0,198.0,44.0,77.0
779.0,199.0,45.0,78.0
778.0,201.0,46.0,80.0
777.0,203.0,48.0,84.0
777.0,203.0,48.0,84.0
777.0,205.0,50.0,87.0
776.0,208.0,52.0,90.0
776.0,210.0,53.0,92.0
777.0,212.0,53.0,92.0
780.0,214.0,52.0,90.0
780.0,214.0,52.0,90.0
782.0,216.0,50.0,87.0
784.0,219.0,49.0,85.0
786.0,219.0,50.0,86.0
787.0,220.0,51.0,89.0
789.0,220.0,53.0,92.0
789.0,220.0,53.0,92.0
790.0,221.0,54.0,94.0
790.0,220.0,56.0,98.0
790.0,221.0,58.0,100.0
790.0,222.0,57.0,100.0
791.0,224.0,55.0,96.0
791.0,224.0,55.0,96.0
792.0,225.0,53.0,93.0
792.0,226.0,52.0,90.0
792.0,227.0,51.0,88.0
792.0,228.0,51.0,89.0
792.0,229.0,53.0,92.0
792.0,229.0,53.0,92.0
792.0,230.0,54.0,94.0
791.0,231.0,56.0,97.0
790.0,233.0,57.0,99.0
789.0,234.0,57.0,99.0
790.0,236.0,55.0,96.0
790.0,236.0,55.0,96.0
790.0,236.0,53.0,93.0
790.0,236.0,52.0,91.0
789.0,236.0,52.0,90.0
787.0,235.0,52.0,91.0
785.0,235.0,53.0,92.0
785.0,235.0,53.0,92.0
784.0,235.0,54.0,93.0
782.0,235.0,54.0,94.0
781.0,235.0,55.0,96.0
780.0,236.0,55.0,96.0
779.0,237.0,54.0,94.0
779.0,237.0,54.0,94.0
779.0,238.0,53.0,92.0
779.0,238.0,51.0,89.0
778.0,239.0,49.0,86.0
778.0,241.0,48.0,84.0
777.0,243.0,48.0,83.0
777.0,243.0,48.0,83.0
777.0,245.0,48.0,84.0
776.0,248.0,48.0,84.0
775.0,250.0,49.0,85.0
775.0,253.0,49.0,85.0
774.0,254.0,49.0,85.0
774.0,254.0,49.0,85.0
774.0,256.0,47.0,81.0
772.0,256.0,46.0,79.0
771.0,257.0,38.0,66.0
0
0
0
0
0
0
0
0
0
0
0
0
0
0
0
0
0
0
0
0
0
0
0
0
0
0
0
0
0
0
0
0
0
0
0
0
0
0
0
0
0
0
0
0
0
0
0
793.0,269.0,51.0,45.0
792.0,271.0,50.0,44.0
791.0,271.0,50.0,44.0
791.0,271.0,50.0,44.0
790.0,272.0,50.0,44.0
789.0,273.0,48.0,43.0
788.0,275.0,46.0,41.0
787.0,277.0,46.0,40.0
785.0,279.0,45.0,40.0
785.0,279.0,45.0,40.0
783.0,281.0,45.0,40.0
0
0
0
0
783.0,286.0,42.0,37.0
783.0,287.0,41.0,36.0
783.0,289.0,40.0,35.0
782.0,290.0,40.0,35.0
782.0,290.0,40.0,36.0
782.0,291.0,41.0,36.0
782.0,291.0,41.0,36.0
781.0,291.0,44.0,39.0
783.0,293.0,43.0,38.0
785.0,295.0,42.0,37.0
787.0,297.0,42.0,37.0
790.0,300.0,41.0,36.0
790.0,300.0,41.0,36.0
794.0,302.0,40.0,35.0
793.0,302.0,41.0,36.0
795.0,303.0,41.0,36.0
794.0,303.0,42.0,37.0
795.0,302.0,43.0,38.0
795.0,302.0,43.0,38.0
800.0,303.0,39.0,34.0
801.0,303.0,40.0,35.0
797.0,301.0,45.0,40.0
799.0,302.0,45.0,40.0
801.0,302.0,45.0,39.0
801.0,302.0,44.0,39.0
806.0,306.0,40.0,35.0
807.0,304.0,42.0,37.0
808.0,304.0,41.0,36.0
809.0,305.0,42.0,37.0
809.0,304.0,42.0,37.0
809.0,304.0,42.0,37.0
808.0,303.0,43.0,38.0
809.0,303.0,43.0,38.0
810.0,304.0,43.0,38.0
815.0,306.0,40.0,35.0
813.0,305.0,43.0,37.0
816.0,306.0,41.0,36.0
817.0,307.0,40.0,35.0
818.0,308.0,40.0,35.0
819.0,308.0,39.0,35.0
821.0,309.0,39.0,34.0
820.0,310.0,39.0,35.0
820.0,310.0,39.0,34.0
819.0,310.0,39.0,34.0
816.0,310.0,41.0,36.0
814.0,309.0,41.0,37.0
813.0,309.0,43.0,38.0
813.0,309.0,42.0,37.0
813.0,309.0,42.0,37.0
814.0,309.0,42.0,37.0
816.0,310.0,41.0,36.0
822.0,311.0,38.0,33.0
823.0,310.0,37.0,33.0
823.0,311.0,37.0,33.0
823.0,311.0,37.0,33.0
813.0,311.0,40.0,45.0
813.0,311.0,40.0,45.0
812.0,310.0,40.0,45.0
812.0,310.0,39.0,44.0
810.0,309.0,41.0,46.0
810.0,309.0,40.0,45.0
807.0,309.0,41.0,46.0
806.0,309.0,42.0,48.0
805.0,310.0,42.0,48.0
805.0,310.0,42.0,48.0
807.0,311.0,40.0,45.0
811.0,311.0,38.0,42.0
800.0,309.0,47.0,46.0
800.0,308.0,47.0,46.0
799.0,307.0,47.0,46.0
799.0,306.0,48.0,47.0
799.0,305.0,48.0,47.0
799.0,305.0,48.0,47.0
800.0,305.0,47.0,46.0
803.0,305.0,46.0,45.0
802.0,303.0,48.0,47.0
805.0,303.0,49.0,48.0
808.0,302.0,48.0,47.0
808.0,302.0,48.0,47.0
811.0,303.0,47.0,46.0
812.0,302.0,47.0,46.0
812.0,303.0,46.0,45.0
812.0,303.0,45.0,44.0
812.0,304.0,45.0,44.0
812.0,304.0,45.0,44.0
812.0,304.0,44.0,43.0
810.0,304.0,44.0,43.0
810.0,305.0,44.0,43.0
807.0,304.0,45.0,44.0
808.0,306.0,44.0,43.0
808.0,306.0,44.0,43.0
807.0,306.0,44.0,43.0
807.0,307.0,43.0,43.0
806.0,307.0,43.0,42.0
806.0,307.0,43.0,42.0
796.0,306.0,49.0,51.0
796.0,306.0,49.0,51.0
795.0,306.0,49.0,51.0
796.0,306.0,48.0,50.0
795.0,306.0,48.0,50.0
794.0,306.0,49.0,51.0
797.0,306.0,47.0,49.0
797.0,306.0,47.0,49.0
796.0,307.0,48.0,50.0
796.0,308.0,48.0,50.0
796.0,309.0,47.0,49.0
797.0,309.0,48.0,49.0
798.0,311.0,47.0,49.0
798.0,311.0,47.0,49.0
797.0,310.0,37.0,45.0
796.0,310.0,38.0,46.0
796.0,311.0,37.0,46.0
794.0,313.0,37.0,45.0
793.0,313.0,38.0,46.0
793.0,313.0,38.0,46.0
791.0,314.0,38.0,46.0
790.0,314.0,39.0,47.0
790.0,315.0,37.0,45.0
790.0,315.0,37.0,45.0
789.0,315.0,36.0,44.0
789.0,315.0,36.0,44.0
787.0,315.0,35.0,42.0
785.0,314.0,36.0,44.0
782.0,315.0,36.0,44.0
779.0,316.0,36.0,44.0
775.0,317.0,37.0,45.0
775.0,317.0,37.0,45.0
772.0,318.0,38.0,46.0
768.0,319.0,39.0,48.0
766.0,320.0,39.0,47.0
764.0,320.0,38.0,46.0
763.0,321.0,36.0,44.0
764.0,321.0,36.0,44.0
762.0,322.0,36.0,43.0
761.0,321.0,36.0,43.0
760.0,322.0,36.0,43.0
760.0,322.0,38.0,46.0
760.0,322.0,38.0,46.0
760.0,322.0,38.0,46.0
761.0,323.0,37.0,45.0
761.0,323.0,37.0,45.0
762.0,324.0,37.0,45.0
762.0,324.0,37.0,45.0
0
0
0
0
0
753.0,323.0,40.0,47.0
751.0,323.0,41.0,48.0
751.0,323.0,40.0,48.0
749.0,323.0,42.0,49.0
750.0,323.0,41.0,48.0
749.0,323.0,41.0,48.0
750.0,323.0,42.0,49.0
751.0,323.0,41.0,49.0
751.0,323.0,41.0,49.0
752.0,323.0,41.0,48.0
753.0,323.0,40.0,46.0
754.0,323.0,38.0,45.0
754.0,323.0,37.0,44.0
754.0,323.0,37.0,43.0
754.0,323.0,37.0,43.0
753.0,322.0,38.0,45.0
753.0,322.0,38.0,44.0
751.0,322.0,39.0,46.0
750.0,322.0,39.0,46.0
748.0,323.0,39.0,46.0
748.0,323.0,39.0,46.0
746.0,329.0,36.0,38.0
744.0,329.0,35.0,37.0
742.0,329.0,35.0,37.0
741.0,329.0,33.0,35.0
739.0,329.0,33.0,35.0
739.0,329.0,33.0,35.0
737.0,329.0,33.0,35.0
735.0,329.0,34.0,36.0
734.0,334.0,29.0,30.0
729.0,329.0,36.0,38.0
727.0,330.0,35.0,37.0
727.0,330.0,35.0,37.0
723.0,330.0,36.0,38.0
719.0,330.0,36.0,38.0
714.0,329.0,36.0,38.0
709.0,329.0,35.0,37.0
702.0,328.0,35.0,37.0
702.0,328.0,35.0,37.0
695.0,328.0,35.0,37.0
687.0,327.0,36.0,38.0
677.0,328.0,37.0,39.0
669.0,328.0,38.0,40.0
660.0,328.0,39.0,41.0
660.0,328.0,39.0,41.0
652.0,328.0,40.0,42.0
643.0,328.0,40.0,42.0
634.0,328.0,40.0,42.0
626.0,327.0,41.0,43.0
626.0,327.0,41.0,43.0
626.0,327.0,41.0,43.0
626.0,327.0,41.0,43.0
595.0,327.0,49.0,56.0
586.0,326.0,51.0,58.0
578.0,325.0,53.0,60.0
572.0,325.0,53.0,60.0
572.0,325.0,52.0,60.0
566.0,325.0,53.0,61.0
561.0,325.0,54.0,62.0
557.0,325.0,55.0,63.0
551.0,325.0,56.0,63.0
545.0,324.0,55.0,63.0
545.0,324.0,55.0,63.0
537.0,323.0,56.0,64.0
532.0,324.0,52.0,60.0
520.0,322.0,55.0,63.0
512.0,321.0,57.0,65.0
503.0,320.0,58.0,67.0
502.0,320.0,60.0,69.0
495.0,318.0,61.0,70.0
489.0,318.0,63.0,72.0
484.0,317.0,64.0,73.0
480.0,317.0,63.0,72.0
476.0,316.0,62.0,71.0
476.0,316.0,62.0,71.0
469.0,314.0,65.0,74.0
464.0,314.0,62.0,71.0
458.0,312.0,61.0,70.0
450.0,311.0,62.0,71.0
441.0,310.0,66.0,75.0
441.0,310.0,66.0,75.0
432.0,309.0,67.0,77.0
422.0,308.0,70.0,80.0
411.0,308.0,71.0,82.0
401.0,308.0,73.0,83.0
390.0,308.0,73.0,83.0
390.0,308.0,72.0,82.0
377.0,307.0,73.0,84.0
363.0,306.0,74.0,85.0
351.0,305.0,73.0,83.0
337.0,303.0,74.0,85.0
325.0,301.0,76.0,87.0
325.0,301.0,76.0,87.0
314.0,300.0,78.0,89.0
305.0,300.0,80.0,91.0
299.0,300.0,80.0,91.0
291.0,299.0,82.0,93.0
285.0,299.0,83.0,95.0
285.0,299.0,83.0,94.0
278.0,299.0,83.0,95.0
271.0,299.0,84.0,96.0
261.0,298.0,86.0,98.0
263.0,299.0,74.0,85.0
254.0,298.0,75.0,86.0
254.0,298.0,75.0,86.0
243.0,297.0,77.0,88.0
230.0,294.0,82.0,93.0
218.0,293.0,85.0,97.0
208.0,292.0,86.0,98.0
198.0,292.0,87.0,99.0
198.0,292.0,87.0,99.0
188.0,292.0,87.0,99.0
182.0,293.0,85.0,97.0
174.0,293.0,84.0,96.0
165.0,287.0,94.0,107.0
851.0,294.0,46.0,47.0
851.0,294.0,46.0,47.0
852.0,294.0,46.0,47.0
854.0,295.0,46.0,47.0
855.0,295.0,45.0,46.0
856.0,294.0,44.0,45.0
857.0,293.0,45.0,46.0
857.0,293.0,45.0,46.0
858.0,292.0,45.0,46.0
861.0,291.0,42.0,43.0
862.0,290.0,42.0,43.0
863.0,289.0,43.0,44.0
866.0,288.0,42.0,43.0
866.0,288.0,42.0,43.0
868.0,288.0,42.0,43.0
869.0,289.0,42.0,43.0
867.0,288.0,47.0,48.0
868.0,288.0,47.0,48.0
869.0,288.0,47.0,48.0
869.0,288.0,47.0,48.0
870.0,288.0,46.0,47.0
871.0,288.0,46.0,47.0
871.0,288.0,47.0,48.0
871.0,287.0,47.0,48.0
874.0,287.0,44.0,45.0
872.0,287.0,47.0,48.0
874.0,286.0,46.0,47.0
876.0,286.0,46.0,47.0
879.0,286.0,46.0,47.0
882.0,286.0,46.0,47.0
885.0,287.0,46.0,47.0
885.0,286.0,46.0,47.0
886.0,287.0,46.0,47.0
887.0,286.0,48.0,49.0
888.0,287.0,45.0,46.0
888.0,287.0,47.0,48.0
891.0,287.0,42.0,43.0
891.0,287.0,42.0,43.0
891.0,286.0,42.0,43.0
892.0,286.0,43.0,44.0
891.0,286.0,45.0,46.0
893.0,287.0,43.0,44.0
893.0,287.0,42.0,43.0
893.0,287.0,42.0,43.0
891.0,288.0,46.0,47.0
889.0,289.0,45.0,46.0
887.0,289.0,45.0,46.0
885.0,289.0,45.0,46.0
883.0,289.0,43.0,44.0
881.0,288.0,46.0,47.0
879.0,288.0,43.0,44.0
877.0,289.0,44.0,45.0
874.0,289.0,43.0,44.0
870.0,290.0,46.0,47.0
867.0,290.0,46.0,47.0
867.0,290.0,46.0,47.0
866.0,291.0,46.0,47.0
865.0,291.0,45.0,46.0
864.0,291.0,45.0,46.0
862.0,291.0,44.0,45.0
862.0,291.0,43.0,44.0
862.0,291.0,43.0,44.0
861.0,291.0,42.0,43.0
859.0,291.0,42.0,43.0
858.0,291.0,43.0,44.0
856.0,291.0,44.0,45.0
855.0,291.0,45.0,46.0
855.0,291.0,45.0,46.0
855.0,292.0,46.0,47.0
854.0,293.0,46.0,47.0
854.0,294.0,45.0,46.0
854.0,294.0,45.0,46.0
855.0,295.0,44.0,45.0
855.0,295.0,44.0,45.0
856.0,296.0,42.0,43.0
856.0,296.0,45.0,46.0
857.0,295.0,45.0,46.0
860.0,296.0,42.0,43.0
859.0,297.0,43.0,44.0
859.0,297.0,43.0,44.0
860.0,298.0,44.0,45.0
861.0,299.0,44.0,45.0
863.0,300.0,45.0,46.0
865.0,301.0,45.0,46.0
866.0,301.0,44.0,45.0
866.0,301.0,44.0,45.0
867.0,301.0,42.0,43.0
868.0,301.0,42.0,43.0
869.0,301.0,40.0,41.0
869.0,302.0,40.0,41.0
868.0,302.0,40.0,41.0
868.0,302.0,40.0,41.0
868.0,305.0,40.0,41.0
869.0,302.0,45.0,46.0
842.0,299.0,36.0,37.0
874.0,306.0,38.0,34.0
875.0,306.0,38.0,34.0
875.0,306.0,38.0,34.0
875.0,307.0,37.0,34.0
874.0,307.0,38.0,34.0
872.0,308.0,37.0,33.0
873.0,308.0,34.0,31.0
871.0,308.0,34.0,30.0
871.0,308.0,34.0,30.0
869.0,308.0,34.0,31.0
868.0,309.0,34.0,31.0
868.0,309.0,35.0,31.0
869.0,309.0,35.0,31.0
870.0,310.0,34.0,31.0
870.0,310.0,34.0,31.0
868.0,310.0,38.0,34.0
868.0,311.0,37.0,33.0
867.0,311.0,36.0,33.0
866.0,311.0,36.0,32.0
865.0,311.0,34.0,31.0
865.0,311.0,34.0,31.0
864.0,312.0,34.0,30.0
864.0,312.0,33.0,30.0
864.0,312.0,33.0,29.0
863.0,313.0,34.0,30.0
863.0,313.0,35.0,31.0
864.0,314.0,33.0,30.0
864.0,314.0,34.0,30.0
861.0,314.0,37.0,34.0
861.0,313.0,37.0,33.0
861.0,313.0,37.0,33.0
860.0,313.0,36.0,32.0
860.0,313.0,36.0,32.0
861.0,313.0,35.0,31.0
861.0,314.0,34.0,31.0
860.0,315.0,34.0,30.0
859.0,315.0,34.0,30.0
857.0,316.0,35.0,31.0
857.0,316.0,35.0,31.0
856.0,316.0,36.0,32.0
856.0,317.0,36.0,33.0
856.0,318.0,36.0,32.0
857.0,318.0,35.0,31.0
856.0,318.0,35.0,31.0
855.0,318.0,35.0,31.0
854.0,318.0,35.0,31.0
852.0,318.0,34.0,31.0
850.0,318.0,34.0,30.0
848.0,320.0,32.0,29.0
847.0,319.0,34.0,31.0
847.0,319.0,34.0,31.0
846.0,320.0,35.0,31.0
845.0,321.0,35.0,31.0
843.0,321.0,35.0,31.0
842.0,321.0,36.0,32.0
841.0,321.0,35.0,31.0
840.0,321.0,36.0,32.0
839.0,321.0,36.0,32.0
838.0,321.0,35.0,31.0
836.0,322.0,34.0,30.0
834.0,322.0,33.0,29.0
832.0,323.0,33.0,29.0
832.0,323.0,33.0,29.0
829.0,324.0,32.0,29.0
828.0,324.0,34.0,31.0
828.0,325.0,35.0,31.0
827.0,325.0,37.0,33.0
828.0,325.0,35.0,31.0
828.0,325.0,35.0,31.0
828.0,325.0,35.0,31.0
828.0,325.0,35.0,31.0
828.0,325.0,34.0,31.0
829.0,325.0,34.0,30.0
829.0,326.0,33.0,30.0
829.0,326.0,33.0,30.0
828.0,326.0,33.0,30.0
827.0,326.0,33.0,30.0
825.0,327.0,34.0,30.0
824.0,327.0,35.0,32.0
823.0,327.0,38.0,44.0
823.0,327.0,38.0,44.0
822.0,327.0,38.0,44.0
822.0,327.0,38.0,44.0
821.0,326.0,37.0,42.0
820.0,326.0,37.0,43.0
820.0,325.0,36.0,42.0
820.0,325.0,36.0,42.0
819.0,324.0,36.0,42.0
820.0,323.0,37.0,43.0
820.0,323.0,37.0,43.0
822.0,323.0,38.0,44.0
823.0,321.0,38.0,44.0
823.0,321.0,38.0,44.0
824.0,320.0,39.0,45.0
824.0,318.0,39.0,45.0
825.0,317.0,38.0,44.0
826.0,316.0,38.0,45.0
827.0,316.0,37.0,43.0
827.0,316.0,37.0,43.0
828.0,315.0,37.0,42.0
828.0,315.0,37.0,43.0
828.0,315.0,38.0,44.0
829.0,315.0,38.0,44.0
830.0,315.0,37.0,43.0
830.0,315.0,37.0,43.0
831.0,315.0,37.0,43.0
831.0,314.0,38.0,44.0
831.0,313.0,37.0,42.0
831.0,311.0,37.0,43.0
831.0,311.0,37.0,43.0
831.0,311.0,37.0,43.0
831.0,311.0,37.0,43.0
829.0,308.0,38.0,44.0
829.0,309.0,38.0,44.0
828.0,309.0,39.0,46.0
827.0,311.0,38.0,44.0
827.0,311.0,39.0,45.0
826.0,312.0,38.0,44.0
826.0,313.0,38.0,44.0
826.0,314.0,38.0,44.0
826.0,314.0,38.0,44.0
826.0,314.0,36.0,42.0
826.0,314.0,36.0,42.0
825.0,314.0,35.0,41.0
824.0,314.0,35.0,40.0
823.0,314.0,35.0,40.0
822.0,314.0,37.0,43.0
821.0,314.0,37.0,43.0
821.0,314.0,37.0,43.0
821.0,314.0,39.0,45.0
822.0,315.0,37.0,43.0
822.0,315.0,37.0,43.0
822.0,314.0,38.0,45.0
822.0,315.0,37.0,43.0
822.0,315.0,37.0,43.0
822.0,314.0,37.0,43.0
823.0,313.0,37.0,43.0
823.0,312.0,37.0,43.0
823.0,312.0,36.0,42.0
822.0,311.0,37.0,43.0
823.0,311.0,36.0,42.0
824.0,311.0,36.0,42.0
825.0,312.0,36.0,42.0
825.0,313.0,37.0,43.0
826.0,313.0,38.0,44.0
828.0,313.0,38.0,44.0
827.0,312.0,39.0,45.0
829.0,311.0,39.0,45.0
830.0,311.0,39.0,45.0
830.0,310.0,39.0,45.0
831.0,311.0,37.0,43.0
832.0,311.0,37.0,42.0
832.0,310.0,38.0,44.0
833.0,311.0,36.0,41.0
834.0,312.0,35.0,41.0
834.0,313.0,37.0,43.0
835.0,313.0,37.0,43.0
835.0,314.0,37.0,43.0
835.0,314.0,37.0,43.0
836.0,313.0,38.0,44.0
836.0,313.0,40.0,46.0
836.0,313.0,39.0,45.0
837.0,313.0,37.0,43.0
837.0,313.0,36.0,42.0
837.0,313.0,36.0,42.0
837.0,313.0,36.0,42.0
838.0,314.0,34.0,40.0
838.0,314.0,36.0,42.0
837.0,315.0,37.0,42.0
837.0,316.0,37.0,43.0
837.0,317.0,36.0,42.0
836.0,316.0,38.0,43.0
836.0,316.0,38.0,44.0
835.0,315.0,39.0,45.0
835.0,315.0,39.0,45.0
835.0,314.0,39.0,45.0
835.0,314.0,39.0,45.0
834.0,313.0,38.0,44.0
834.0,314.0,38.0,44.0
833.0,314.0,38.0,44.0
833.0,315.0,38.0,44.0
834.0,315.0,38.0,43.0
834.0,315.0,37.0,43.0
834.0,316.0,37.0,43.0
835.0,317.0,37.0,43.0
835.0,316.0,40.0,46.0
837.0,316.0,39.0,45.0
837.0,316.0,40.0,46.0
837.0,316.0,39.0,45.0
837.0,316.0,38.0,44.0
837.0,316.0,38.0,44.0
836.0,316.0,38.0,44.0
834.0,317.0,38.0,44.0
833.0,318.0,38.0,44.0
833.0,318.0,38.0,44.0
834.0,319.0,37.0,43.0
835.0,319.0,39.0,45.0
836.0,320.0,39.0,45.0
837.0,320.0,39.0,45.0
838.0,319.0,39.0,45.0
838.0,319.0,39.0,45.0
837.0,319.0,39.0,45.0
837.0,318.0,39.0,45.0
837.0,318.0,38.0,44.0
836.0,319.0,38.0,44.0
835.0,319.0,39.0,45.0
835.0,319.0,39.0,45.0
835.0,320.0,39.0,45.0
834.0,321.0,38.0,44.0
834.0,322.0,38.0,44.0
834.0,322.0,39.0,45.0
834.0,322.0,39.0,45.0
834.0,322.0,39.0,45.0
833.0,321.0,39.0,45.0
832.0,320.0,40.0,46.0
831.0,320.0,39.0,46.0
830.0,321.0,39.0,45.0
828.0,321.0,40.0,46.0
828.0,321.0,39.0,46.0
827.0,323.0,39.0,45.0
827.0,323.0,40.0,47.0
829.0,325.0,39.0,45.0
831.0,326.0,38.0,44.0
831.0,327.0,38.0,44.0
832.0,327.0,38.0,44.0
832.0,328.0,38.0,44.0
831.0,326.0,41.0,47.0
832.0,327.0,40.0,46.0
831.0,328.0,39.0,45.0
831.0,328.0,39.0,45.0
831.0,328.0,39.0,45.0
832.0,328.0,39.0,45.0
833.0,329.0,39.0,46.0
834.0,330.0,39.0,46.0
835.0,331.0,39.0,45.0
835.0,332.0,39.0,45.0
835.0,332.0,38.0,45.0
834.0,332.0,39.0,45.0
833.0,331.0,40.0,46.0
832.0,332.0,38.0,44.0
831.0,331.0,38.0,44.0
831.0,331.0,38.0,44.0
831.0,331.0,38.0,44.0
831.0,331.0,38.0,44.0
831.0,331.0,38.0,44.0
825.0,330.0,31.0,44.0
823.0,330.0,31.0,44.0
821.0,330.0,31.0,44.0
821.0,330.0,31.0,44.0
820.0,329.0,31.0,44.0
818.0,328.0,32.0,45.0
817.0,326.0,31.0,45.0
815.0,325.0,31.0,44.0
814.0,324.0,31.0,44.0
814.0,324.0,31.0,45.0
813.0,323.0,30.0,43.0
811.0,322.0,30.0,43.0
810.0,321.0,30.0,43.0
809.0,321.0,30.0,43.0
809.0,320.0,30.0,43.0
809.0,320.0,30.0,43.0
809.0,319.0,31.0,44.0
809.0,317.0,31.0,44.0
810.0,316.0,31.0,44.0
811.0,316.0,30.0,43.0
812.0,315.0,31.0,43.0
812.0,315.0,30.0,43.0
813.0,315.0,29.0,42.0
813.0,315.0,29.0,41.0
813.0,315.0,29.0,41.0
813.0,315.0,29.0,41.0
814.0,314.0,29.0,42.0
814.0,314.0,29.0,42.0
815.0,314.0,30.0,42.0
816.0,314.0,31.0,43.0
818.0,314.0,30.0,43.0
820.0,314.0,31.0,44.0
821.0,314.0,31.0,44.0
822.0,315.0,30.0,43.0
823.0,315.0,30.0,43.0
824.0,316.0,28.0,40.0
824.0,316.0,28.0,40.0
824.0,316.0,28.0,40.0
825.0,315.0,29.0,40.0
825.0,315.0,29.0,41.0
827.0,315.0,29.0,41.0
829.0,315.0,30.0,42.0
830.0,315.0,31.0,44.0
832.0,316.0,31.0,44.0
833.0,316.0,31.0,44.0
833.0,316.0,31.0,44.0
833.0,316.0,31.0,43.0
833.0,316.0,31.0,44.0
834.0,317.0,29.0,41.0
834.0,317.0,28.0,39.0
833.0,317.0,28.0,40.0
832.0,317.0,28.0,40.0
831.0,318.0,28.0,40.0
830.0,318.0,29.0,42.0
829.0,317.0,31.0,44.0
829.0,317.0,31.0,45.0
829.0,318.0,32.0,45.0
829.0,317.0,32.0,45.0
829.0,318.0,31.0,45.0
830.0,319.0,31.0,44.0
830.0,320.0,29.0,41.0
829.0,321.0,29.0,41.0
827.0,321.0,28.0,40.0
827.0,321.0,28.0,40.0
826.0,321.0,29.0,41.0
825.0,322.0,29.0,41.0
826.0,322.0,29.0,42.0
827.0,322.0,30.0,43.0
829.0,323.0,30.0,43.0
829.0,323.0,30.0,43.0
830.0,325.0,29.0,42.0
831.0,324.0,31.0,43.0
832.0,324.0,29.0,41.0
832.0,325.0,28.0,40.0
831.0,325.0,28.0,39.0
831.0,324.0,28.0,39.0
831.0,324.0,28.0,39.0
831.0,324.0,28.0,40.0
831.0,325.0,28.0,40.0
831.0,327.0,27.0,39.0
832.0,328.0,27.0,38.0
832.0,328.0,27.0,39.0
833.0,329.0,27.0,39.0
834.0,330.0,28.0,39.0
835.0,330.0,27.0,38.0
836.0,329.0,28.0,39.0
836.0,328.0,28.0,40.0
836.0,328.0,28.0,40.0
837.0,328.0,28.0,40.0
837.0,329.0,28.0,39.0
837.0,329.0,28.0,39.0
836.0,330.0,28.0,39.0
836.0,331.0,28.0,39.0
836.0,331.0,27.0,39.0
835.0,332.0,27.0,38.0
835.0,333.0,27.0,38.0
834.0,333.0,27.0,38.0
834.0,334.0,27.0,38.0
833.0,332.0,28.0,39.0
833.0,332.0,27.0,39.0
833.0,331.0,28.0,40.0
831.0,329.0,28.0,39.0
830.0,328.0,28.0,40.0
823.0,323.0,35.0,46.0
821.0,322.0,35.0,47.0
821.0,322.0,35.0,47.0
820.0,321.0,37.0,48.0
821.0,321.0,35.0,46.0
821.0,320.0,36.0,48.0
821.0,318.0,38.0,50.0
821.0,317.0,37.0,49.0
821.0,317.0,38.0,49.0
822.0,315.0,37.0,49.0
823.0,314.0,36.0,47.0
823.0,313.0,35.0,46.0
824.0,311.0,35.0,46.0
824.0,310.0,35.0,46.0
824.0,310.0,35.0,46.0
825.0,309.0,36.0,47.0
827.0,309.0,36.0,47.0
828.0,309.0,36.0,47.0
829.0,309.0,37.0,49.0
831.0,310.0,36.0,48.0
831.0,310.0,37.0,48.0
833.0,311.0,34.0,45.0
833.0,311.0,34.0,45.0
833.0,311.0,34.0,45.0
833.0,307.0,35.0,46.0
833.0,306.0,35.0,46.0
833.0,306.0,35.0,46.0
832.0,306.0,35.0,46.0
831.0,306.0,35.0,46.0
830.0,306.0,37.0,48.0
830.0,306.0,36.0,48.0
831.0,306.0,36.0,47.0
831.0,306.0,36.0,47.0
831.0,306.0,37.0,49.0
831.0,306.0,37.0,49.0
831.0,306.0,36.0,47.0
830.0,305.0,36.0,47.0
828.0,305.0,35.0,46.0
828.0,305.0,35.0,46.0
826.0,305.0,35.0,46.0
825.0,305.0,35.0,46.0
823.0,305.0,35.0,46.0
822.0,305.0,35.0,46.0
820.0,306.0,36.0,47.0
820.0,306.0,36.0,47.0
819.0,306.0,38.0,50.0
819.0,307.0,37.0,49.0
818.0,307.0,37.0,48.0
817.0,306.0,37.0,49.0
817.0,306.0,36.0,47.0
817.0,306.0,36.0,47.0
816.0,306.0,35.0,46.0
815.0,305.0,34.0,45.0
814.0,304.0,35.0,45.0
814.0,304.0,35.0,46.0
813.0,304.0,36.0,47.0
813.0,304.0,36.0,47.0
813.0,304.0,36.0,47.0
813.0,305.0,37.0,49.0
816.0,304.0,36.0,48.0
814.0,304.0,39.0,52.0
814.0,304.0,39.0,52.0
814.0,304.0,39.0,52.0
813.0,305.0,39.0,51.0
810.0,305.0,40.0,52.0
809.0,305.0,37.0,48.0
806.0,302.0,38.0,50.0
802.0,304.0,40.0,53.0
804.0,305.0,37.0,48.0
801.0,305.0,38.0,50.0
797.0,305.0,40.0,52.0
794.0,305.0,41.0,53.0
792.0,305.0,41.0,54.0
790.0,306.0,41.0,54.0
790.0,306.0,41.0,54.0
788.0,306.0,40.0,53.0
786.0,306.0,40.0,53.0
784.0,306.0,39.0,51.0
779.0,305.0,41.0,54.0
778.0,305.0,37.0,49.0
778.0,305.0,37.0,49.0
775.0,305.0,37.0,49.0
771.0,305.0,39.0,51.0
768.0,305.0,39.0,51.0
766.0,305.0,40.0,53.0
763.0,305.0,41.0,54.0
763.0,305.0,41.0,54.0
761.0,305.0,41.0,54.0
760.0,306.0,41.0,54.0
757.0,305.0,42.0,55.0
755.0,305.0,41.0,54.0
753.0,305.0,40.0,53.0
753.0,305.0,40.0,53.0
750.0,304.0,41.0,54.0
749.0,304.0,39.0,51.0
746.0,304.0,39.0,51.0
744.0,304.0,39.0,52.0
741.0,305.0,40.0,53.0
741.0,304.0,40.0,53.0
739.0,304.0,41.0,54.0
738.0,305.0,41.0,54.0
737.0,304.0,42.0,55.0
736.0,303.0,42.0,55.0
735.0,303.0,42.0,55.0
735.0,303.0,42.0,55.0
733.0,303.0,42.0,55.0
732.0,302.0,40.0,53.0
731.0,302.0,41.0,53.0
731.0,303.0,39.0,52.0
731.0,303.0,39.0,52.0
731.0,303.0,39.0,52.0
731.0,303.0,40.0,53.0
732.0,303.0,41.0,54.0
733.0,303.0,41.0,54.0
734.0,303.0,42.0,55.0
734.0,302.0,42.0,56.0
734.0,302.0,42.0,56.0
733.0,302.0,42.0,56.0
731.0,302.0,42.0,55.0
730.0,302.0,42.0,55.0
729.0,302.0,42.0,56.0
727.0,303.0,42.0,55.0
727.0,303.0,42.0,55.0
725.0,303.0,41.0,54.0
722.0,304.0,41.0,54.0
721.0,305.0,41.0,54.0
720.0,305.0,42.0,55.0
718.0,305.0,42.0,55.0
718.0,305.0,42.0,55.0
716.0,304.0,43.0,56.0
713.0,303.0,45.0,59.0
710.0,302.0,45.0,59.0
708.0,303.0,44.0,58.0
706.0,303.0,44.0,57.0
706.0,303.0,44.0,58.0
704.0,303.0,43.0,57.0
702.0,305.0,43.0,57.0
703.0,306.0,43.0,56.0
703.0,306.0,44.0,57.0
704.0,305.0,44.0,57.0
705.0,305.0,45.0,59.0
703.0,304.0,46.0,60.0
702.0,302.0,45.0,60.0
702.0,302.0,45.0,60.0
701.0,301.0,45.0,59.0
700.0,301.0,44.0,57.0
701.0,301.0,43.0,57.0
699.0,301.0,43.0,57.0
698.0,302.0,43.0,56.0
697.0,301.0,46.0,61.0
697.0,302.0,44.0,58.0
696.0,303.0,43.0,57.0
695.0,302.0,48.0,63.0
695.0,303.0,43.0,57.0
692.0,302.0,45.0,59.0
691.0,301.0,45.0,59.0
691.0,300.0,42.0,56.0
692.0,299.0,41.0,54.0
692.0,299.0,41.0,54.0
692.0,299.0,41.0,54.0
692.0,299.0,41.0,54.0
694.0,299.0,44.0,58.0
694.0,299.0,46.0,60.0
694.0,300.0,46.0,61.0
694.0,300.0,46.0,61.0
696.0,301.0,44.0,58.0
698.0,301.0,45.0,59.0
698.0,300.0,46.0,60.0
698.0,299.0,45.0,60.0
699.0,299.0,46.0,60.0
699.0,299.0,46.0,60.0
699.0,299.0,45.0,59.0
698.0,298.0,45.0,59.0
697.0,298.0,44.0,58.0
695.0,298.0,45.0,59.0
693.0,298.0,46.0,61.0
693.0,298.0,46.0,60.0
692.0,298.0,47.0,61.0
691.0,298.0,48.0,63.0
691.0,299.0,47.0,61.0
691.0,299.0,48.0,63.0
690.0,298.0,47.0,62.0
690.0,298.0,47.0,62.0
690.0,298.0,46.0,61.0
690.0,297.0,47.0,61.0
689.0,297.0,46.0,61.0
688.0,297.0,45.0,60.0
688.0,297.0,45.0,59.0
688.0,297.0,45.0,59.0
689.0,298.0,46.0,61.0
689.0,298.0,48.0,63.0
691.0,298.0,49.0,65.0
692.0,298.0,49.0,65.0
695.0,299.0,48.0,63.0
697.0,306.0,39.0,44.0
698.0,306.0,39.0,44.0
700.0,305.0,38.0,43.0
701.0,304.0,38.0,43.0
700.0,304.0,39.0,44.0
701.0,304.0,37.0,42.0
701.0,304.0,37.0,42.0
700.0,305.0,37.0,41.0
699.0,305.0,38.0,43.0
698.0,306.0,39.0,44.0
698.0,307.0,40.0,45.0
699.0,307.0,40.0,45.0
699.0,307.0,40.0,45.0
700.0,308.0,40.0,45.0
702.0,308.0,39.0,44.0
703.0,308.0,38.0,43.0
704.0,307.0,38.0,42.0
704.0,306.0,39.0,44.0
705.0,306.0,37.0,42.0
704.0,304.0,40.0,45.0
705.0,305.0,38.0,42.0
704.0,306.0,39.0,44.0
705.0,306.0,40.0,45.0
706.0,307.0,40.0,45.0
706.0,307.0,39.0,44.0
707.0,307.0,40.0,45.0
708.0,307.0,40.0,46.0
709.0,307.0,40.0,46.0
709.0,307.0,41.0,46.0
709.0,306.0,41.0,46.0
710.0,306.0,39.0,44.0
709.0,305.0,40.0,46.0
709.0,304.0,40.0,46.0
709.0,305.0,40.0,45.0
709.0,306.0,39.0,44.0
709.0,306.0,40.0,45.0
709.0,306.0,40.0,46.0
709.0,307.0,41.0,46.0
711.0,307.0,41.0,46.0
712.0,307.0,41.0,47.0
713.0,307.0,41.0,46.0
713.0,307.0,41.0,46.0
713.0,307.0,41.0,46.0
714.0,306.0,41.0,46.0
715.0,305.0,40.0,45.0
714.0,305.0,40.0,45.0
715.0,305.0,41.0,46.0
715.0,305.0,41.0,46.0
715.0,305.0,40.0,45.0
716.0,306.0,41.0,46.0
717.0,306.0,42.0,47.0
718.0,307.0,42.0,47.0
720.0,307.0,42.0,47.0
721.0,307.0,42.0,47.0
721.0,307.0,42.0,47.0
723.0,306.0,41.0,46.0
724.0,306.0,41.0,46.0
724.0,305.0,42.0,47.0
724.0,303.0,42.0,48.0
724.0,303.0,41.0,46.0
724.0,303.0,41.0,47.0
724.0,304.0,41.0,46.0
723.0,304.0,42.0,47.0
724.0,304.0,42.0,48.0
725.0,304.0,42.0,47.0
725.0,304.0,42.0,48.0
725.0,304.0,42.0,48.0
725.0,304.0,42.0,48.0
725.0,303.0,41.0,47.0
724.0,301.0,42.0,48.0
722.0,299.0,43.0,48.0
721.0,299.0,42.0,47.0
721.0,299.0,41.0,46.0
719.0,297.0,43.0,48.0
719.0,298.0,42.0,47.0
717.0,298.0,43.0,48.0
715.0,298.0,43.0,48.0
713.0,298.0,43.0,49.0
713.0,298.0,43.0,49.0
711.0,298.0,43.0,49.0
710.0,297.0,43.0,49.0
709.0,296.0,43.0,49.0
709.0,294.0,43.0,49.0
708.0,293.0,44.0,50.0
709.0,293.0,42.0,47.0
707.0,292.0,41.0,47.0
705.0,291.0,44.0,49.0
703.0,289.0,44.0,49.0
701.0,289.0,47.0,53.0
701.0,289.0,47.0,53.0
669.0,287.0,48.0,54.0
669.0,287.0,48.0,54.0
669.0,287.0,48.0,54.0
696.0,290.0,45.0,50.0
693.0,290.0,44.0,49.0
690.0,291.0,43.0,49.0
690.0,291.0,43.0,49.0
686.0,292.0,42.0,48.0
682.0,292.0,44.0,50.0
679.0,292.0,44.0,50.0
679.0,293.0,43.0,48.0
679.0,293.0,42.0,48.0
679.0,293.0,43.0,48.0
679.0,294.0,43.0,49.0
680.0,296.0,44.0,49.0
682.0,298.0,44.0,50.0
684.0,300.0,44.0,50.0
685.0,302.0,44.0,49.0
685.0,302.0,44.0,50.0
687.0,302.0,42.0,48.0
687.0,302.0,44.0,50.0
687.0,302.0,44.0,50.0
687.0,301.0,43.0,48.0
687.0,303.0,39.0,44.0
687.0,303.0,39.0,44.0
686.0,304.0,39.0,44.0
685.0,305.0,40.0,46.0
684.0,305.0,40.0,45.0
683.0,305.0,41.0,46.0
684.0,306.0,41.0,47.0
683.0,306.0,42.0,48.0
684.0,307.0,41.0,46.0
685.0,308.0,39.0,44.0
684.0,305.0,41.0,46.0
684.0,305.0,40.0,45.0
684.0,304.0,39.0,44.0
684.0,304.0,39.0,45.0
684.0,304.0,39.0,44.0
684.0,304.0,39.0,44.0
683.0,304.0,39.0,44.0
684.0,305.0,40.0,45.0
685.0,305.0,41.0,47.0
685.0,305.0,42.0,47.0
688.0,307.0,39.0,44.0
691.0,307.0,39.0,44.0
693.0,307.0,39.0,44.0
695.0,305.0,40.0,45.0
698.0,304.0,40.0,45.0
697.0,303.0,40.0,46.0
699.0,302.0,41.0,46.0
700.0,302.0,40.0,46.0
701.0,302.0,40.0,46.0
703.0,304.0,39.0,44.0
703.0,303.0,42.0,47.0
704.0,304.0,42.0,47.0
708.0,304.0,41.0,46.0
708.0,305.0,40.0,45.0
709.0,304.0,41.0,46.0
707.0,303.0,42.0,47.0
706.0,302.0,40.0,46.0
706.0,302.0,40.0,46.0
705.0,301.0,40.0,45.0
702.0,299.0,40.0,46.0
700.0,298.0,40.0,45.0
698.0,298.0,40.0,45.0
695.0,300.0,39.0,44.0
695.0,298.0,40.0,45.0
691.0,299.0,41.0,46.0
689.0,300.0,40.0,45.0
686.0,299.0,40.0,45.0
682.0,299.0,42.0,47.0
680.0,301.0,39.0,44.0
680.0,301.0,39.0,44.0
678.0,296.0,40.0,46.0
676.0,296.0,40.0,45.0
674.0,293.0,40.0,46.0
672.0,292.0,40.0,45.0
670.0,291.0,40.0,45.0
670.0,291.0,40.0,45.0
668.0,290.0,41.0,46.0
667.0,290.0,41.0,46.0
665.0,291.0,42.0,47.0
664.0,291.0,41.0,46.0
661.0,291.0,41.0,47.0
661.0,290.0,41.0,46.0
658.0,290.0,42.0,47.0
658.0,291.0,39.0,45.0
657.0,289.0,41.0,46.0
656.0,288.0,41.0,46.0
655.0,287.0,40.0,45.0
655.0,287.0,40.0,45.0
653.0,287.0,40.0,45.0
650.0,287.0,40.0,45.0
647.0,288.0,41.0,46.0
644.0,288.0,41.0,47.0
644.0,289.0,41.0,46.0
644.0,289.0,41.0,46.0
643.0,289.0,43.0,48.0
644.0,291.0,42.0,48.0
643.0,288.0,43.0,48.0
644.0,287.0,43.0,48.0
645.0,287.0,43.0,49.0
645.0,287.0,43.0,49.0
645.0,287.0,43.0,49.0
645.0,287.0,43.0,48.0
645.0,288.0,42.0,48.0
646.0,290.0,42.0,48.0
648.0,292.0,44.0,49.0
648.0,292.0,44.0,49.0
648.0,294.0,44.0,49.0
648.0,296.0,43.0,49.0
649.0,295.0,44.0,49.0
651.0,294.0,45.0,50.0
654.0,293.0,45.0,50.0
654.0,293.0,45.0,50.0
658.0,292.0,45.0,51.0
661.0,292.0,45.0,51.0
665.0,293.0,44.0,50.0
668.0,295.0,44.0,50.0
671.0,297.0,44.0,50.0
671.0,297.0,44.0,50.0
673.0,299.0,46.0,52.0
676.0,301.0,47.0,52.0
681.0,302.0,45.0,50.0
684.0,302.0,45.0,51.0
686.0,301.0,45.0,51.0
686.0,301.0,45.0,51.0
689.0,301.0,45.0,51.0
692.0,301.0,45.0,50.0
693.0,302.0,44.0,50.0
693.0,302.0,43.0,49.0
692.0,302.0,43.0,48.0
692.0,302.0,43.0,48.0
692.0,302.0,43.0,48.0
692.0,302.0,43.0,48.0
689.0,304.0,47.0,53.0
687.0,304.0,47.0,53.0
686.0,304.0,46.0,52.0
686.0,304.0,46.0,52.0
684.0,302.0,47.0,53.0
682.0,300.0,47.0,53.0
680.0,299.0,47.0,53.0
678.0,298.0,46.0,52.0
676.0,297.0,46.0,52.0
676.0,297.0,46.0,52.0
674.0,297.0,46.0,51.0
670.0,297.0,46.0,52.0
666.0,298.0,48.0,54.0
664.0,298.0,49.0,55.0
662.0,298.0,49.0,55.0
662.0,298.0,49.0,55.0
662.0,298.0,49.0,55.0
662.0,297.0,49.0,56.0
663.0,296.0,49.0,55.0
663.0,295.0,50.0,56.0
662.0,294.0,49.0,55.0
662.0,293.0,50.0,56.0
662.0,292.0,49.0,55.0
661.0,292.0,48.0,55.0
661.0,293.0,48.0,54.0
660.0,294.0,47.0,52.0
660.0,295.0,48.0,54.0
660.0,295.0,48.0,54.0
660.0,295.0,48.0,54.0
659.0,294.0,49.0,55.0
659.0,293.0,48.0,55.0
658.0,292.0,50.0,56.0
660.0,291.0,45.0,50.0
658.0,291.0,48.0,54.0
660.0,290.0,45.0,50.0
659.0,289.0,48.0,54.0
661.0,288.0,46.0,52.0
661.0,288.0,47.0,53.0
661.0,288.0,47.0,53.0
661.0,288.0,47.0,54.0
663.0,289.0,47.0,54.0
664.0,289.0,48.0,54.0
665.0,289.0,49.0,55.0
666.0,288.0,49.0,55.0
666.0,287.0,49.0,55.0
666.0,287.0,49.0,55.0
666.0,287.0,47.0,53.0
664.0,286.0,49.0,56.0
664.0,286.0,49.0,55.0
665.0,286.0,47.0,53.0
666.0,286.0,47.0,53.0
666.0,286.0,47.0,53.0
667.0,287.0,47.0,53.0
668.0,288.0,47.0,53.0
670.0,288.0,48.0,54.0
672.0,288.0,48.0,54.0
676.0,289.0,48.0,54.0
676.0,289.0,48.0,54.0
679.0,289.0,47.0,53.0
681.0,289.0,46.0,52.0
681.0,289.0,47.0,54.0
682.0,289.0,47.0,53.0
682.0,289.0,47.0,53.0
682.0,289.0,47.0,53.0
684.0,290.0,47.0,53.0
685.0,290.0,47.0,53.0
686.0,292.0,47.0,53.0
687.0,292.0,47.0,53.0
688.0,292.0,47.0,53.0
688.0,292.0,47.0,53.0
689.0,292.0,48.0,54.0
691.0,293.0,46.0,52.0
693.0,292.0,45.0,51.0
693.0,292.0,43.0,49.0
694.0,292.0,43.0,48.0
694.0,292.0,43.0,48.0
694.0,291.0,42.0,48.0
693.0,292.0,42.0,48.0
692.0,293.0,44.0,49.0
693.0,294.0,43.0,49.0
695.0,295.0,44.0,50.0
695.0,295.0,44.0,50.0
697.0,297.0,44.0,49.0
699.0,297.0,45.0,51.0
700.0,297.0,45.0,51.0
702.0,297.0,44.0,49.0
704.0,297.0,43.0,49.0
704.0,297.0,43.0,49.0
705.0,296.0,43.0,48.0
706.0,296.0,42.0,47.0
707.0,297.0,42.0,48.0
706.0,298.0,42.0,48.0
705.0,298.0,43.0,48.0
705.0,298.0,43.0,48.0
704.0,299.0,45.0,51.0
704.0,300.0,46.0,52.0
705.0,301.0,46.0,52.0
705.0,301.0,46.0,52.0
706.0,301.0,44.0,49.0
706.0,301.0,44.0,49.0
706.0,301.0,44.0,49.0
707.0,300.0,43.0,48.0
708.0,299.0,43.0,48.0
710.0,299.0,41.0,46.0
710.0,298.0,43.0,48.0
710.0,298.0,43.0,48.0
711.0,298.0,43.0,49.0
711.0,298.0,44.0,50.0
712.0,299.0,44.0,50.0
712.0,300.0,45.0,51.0
712.0,301.0,45.0,51.0
712.0,301.0,45.0,51.0
711.0,301.0,45.0,51.0
711.0,301.0,44.0,50.0
710.0,301.0,44.0,49.0
709.0,301.0,43.0,48.0
707.0,301.0,40.0,45.0
707.0,301.0,40.0,45.0
705.0,300.0,40.0,45.0
704.0,301.0,40.0,45.0
703.0,301.0,41.0,47.0
703.0,301.0,42.0,48.0
704.0,301.0,41.0,46.0
704.0,301.0,41.0,46.0
704.0,300.0,41.0,46.0
704.0,299.0,40.0,45.0
704.0,298.0,40.0,45.0
703.0,296.0,41.0,46.0
703.0,296.0,41.0,46.0
703.0,296.0,41.0,46.0
703.0,296.0,41.0,46.0
700.0,296.0,39.0,44.0
698.0,296.0,39.0,43.0
696.0,297.0,41.0,46.0
695.0,298.0,40.0,45.0
695.0,298.0,40.0,45.0
694.0,298.0,41.0,46.0
693.0,298.0,43.0,49.0
693.0,297.0,42.0,48.0
692.0,296.0,44.0,50.0
692.0,298.0,42.0,47.0
692.0,297.0,43.0,48.0
691.0,296.0,42.0,47.0
692.0,296.0,40.0,46.0
692.0,296.0,39.0,44.0
693.0,297.0,39.0,44.0
694.0,297.0,38.0,43.0
694.0,297.0,39.0,43.0
694.0,296.0,43.0,48.0
698.0,298.0,40.0,45.0
700.0,297.0,41.0,46.0
698.0,296.0,43.0,49.0
699.0,295.0,42.0,47.0
699.0,295.0,42.0,47.0
699.0,294.0,42.0,48.0
700.0,293.0,42.0,47.0
701.0,293.0,41.0,46.0
701.0,293.0,40.0,45.0
702.0,295.0,39.0,44.0
702.0,295.0,39.0,44.0
701.0,296.0,40.0,45.0
702.0,298.0,41.0,46.0
699.0,299.0,43.0,49.0
698.0,297.0,45.0,51.0
698.0,297.0,45.0,51.0
698.0,297.0,45.0,51.0
698.0,296.0,44.0,49.0
697.0,295.0,44.0,50.0
695.0,295.0,44.0,49.0
692.0,293.0,46.0,51.0
691.0,294.0,44.0,49.0
691.0,294.0,43.0,49.0
689.0,295.0,43.0,49.0
687.0,295.0,44.0,50.0
686.0,296.0,45.0,51.0
685.0,296.0,44.0,50.0
684.0,296.0,44.0,50.0
684.0,296.0,44.0,50.0
682.0,294.0,45.0,50.0
683.0,294.0,43.0,49.0
684.0,292.0,43.0,49.0
685.0,291.0,45.0,51.0
687.0,290.0,42.0,48.0
686.0,289.0,45.0,50.0
686.0,288.0,45.0,51.0
687.0,289.0,44.0,50.0
686.0,289.0,45.0,51.0
686.0,290.0,45.0,51.0
687.0,291.0,45.0,51.0
687.0,291.0,45.0,51.0
687.0,291.0,46.0,52.0
686.0,291.0,46.0,52.0
685.0,290.0,45.0,51.0
683.0,289.0,45.0,51.0
682.0,289.0,45.0,50.0
681.0,289.0,46.0,52.0
681.0,289.0,43.0,48.0
678.0,289.0,45.0,50.0
677.0,291.0,43.0,48.0
673.0,291.0,46.0,52.0
672.0,292.0,46.0,52.0
672.0,292.0,46.0,52.0
670.0,292.0,47.0,53.0
671.0,291.0,47.0,54.0
671.0,290.0,47.0,53.0
671.0,288.0,46.0,52.0
671.0,287.0,46.0,52.0
671.0,287.0,46.0,52.0
671.0,287.0,45.0,50.0
670.0,286.0,45.0,51.0
670.0,286.0,44.0,50.0
669.0,286.0,45.0,51.0
668.0,286.0,46.0,52.0
668.0,286.0,46.0,52.0
667.0,287.0,46.0,52.0
666.0,289.0,46.0,52.0
666.0,288.0,47.0,53.0
667.0,288.0,47.0,53.0
669.0,287.0,46.0,52.0
669.0,286.0,46.0,52.0
669.0,285.0,47.0,53.0
672.0,285.0,45.0,50.0
670.0,283.0,47.0,53.0
672.0,286.0,44.0,50.0
671.0,286.0,45.0,50.0
671.0,286.0,46.0,51.0
671.0,287.0,44.0,50.0
670.0,288.0,45.0,50.0
669.0,289.0,45.0,51.0
667.0,289.0,46.0,52.0
666.0,288.0,46.0,52.0
666.0,288.0,46.0,52.0
663.0,288.0,45.0,51.0
659.0,288.0,46.0,52.0
656.0,287.0,45.0,51.0
653.0,287.0,46.0,52.0
652.0,289.0,43.0,49.0
652.0,289.0,45.0,50.0
649.0,290.0,45.0,51.0
648.0,293.0,45.0,51.0
647.0,295.0,46.0,52.0
647.0,295.0,46.0,52.0
646.0,295.0,47.0,53.0
646.0,295.0,47.0,53.0
647.0,293.0,47.0,53.0
648.0,291.0,48.0,54.0
650.0,290.0,47.0,53.0
650.0,288.0,46.0,52.0
651.0,288.0,44.0,49.0
651.0,288.0,43.0,49.0
649.0,287.0,46.0,52.0
649.0,288.0,45.0,51.0
649.0,289.0,43.0,49.0
649.0,291.0,45.0,50.0
649.0,292.0,46.0,52.0
649.0,292.0,46.0,52.0
650.0,292.0,47.0,53.0
651.0,292.0,47.0,53.0
653.0,290.0,47.0,53.0
654.0,288.0,46.0,52.0
654.0,287.0,46.0,52.0
654.0,287.0,46.0,52.0
656.0,287.0,44.0,49.0
655.0,287.0,43.0,48.0
653.0,287.0,44.0,50.0
651.0,287.0,45.0,51.0
649.0,289.0,47.0,53.0
649.0,289.0,47.0,53.0
648.0,290.0,48.0,54.0
647.0,290.0,47.0,53.0
646.0,289.0,48.0,54.0
643.0,289.0,48.0,54.0
642.0,287.0,48.0,54.0
642.0,288.0,46.0,52.0
641.0,289.0,43.0,49.0
641.0,289.0,43.0,49.0
641.0,289.0,43.0,49.0
641.0,289.0,43.0,49.0
644.0,294.0,47.0,53.0
645.0,294.0,47.0,53.0
647.0,295.0,47.0,53.0
650.0,295.0,48.0,54.0
653.0,295.0,48.0,54.0
656.0,295.0,49.0,56.0
658.0,294.0,49.0,55.0
659.0,294.0,49.0,55.0
660.0,294.0,47.0,53.0
660.0,293.0,49.0,55.0
661.0,293.0,48.0,54.0
659.0,294.0,47.0,53.0
658.0,296.0,47.0,53.0
658.0,296.0,47.0,53.0
657.0,296.0,47.0,53.0
656.0,297.0,46.0,52.0
656.0,297.0,48.0,54.0
658.0,297.0,49.0,55.0
660.0,296.0,49.0,55.0
660.0,296.0,49.0,55.0
661.0,295.0,50.0,56.0
664.0,295.0,48.0,54.0
662.0,290.0,49.0,58.0
663.0,290.0,47.0,56.0
664.0,290.0,46.0,55.0
664.0,290.0,46.0,55.0
666.0,291.0,48.0,56.0
668.0,291.0,49.0,58.0
668.0,291.0,49.0,59.0
670.0,291.0,51.0,61.0
675.0,291.0,50.0,59.0
675.0,291.0,50.0,59.0
676.0,290.0,50.0,59.0
676.0,289.0,51.0,60.0
676.0,289.0,52.0,61.0
677.0,289.0,50.0,60.0
677.0,289.0,48.0,57.0
677.0,289.0,48.0,57.0
676.0,291.0,47.0,55.0
674.0,292.0,45.0,54.0
673.0,294.0,44.0,52.0
671.0,294.0,44.0,52.0
671.0,294.0,46.0,54.0
671.0,294.0,46.0,54.0
671.0,293.0,46.0,54.0
672.0,292.0,46.0,55.0
671.0,290.0,47.0,56.0
670.0,289.0,45.0,54.0
669.0,288.0,45.0,54.0
670.0,287.0,47.0,56.0
670.0,287.0,45.0,53.0
670.0,287.0,44.0,52.0
669.0,287.0,45.0,53.0
667.0,287.0,46.0,54.0
665.0,288.0,46.0,54.0
666.0,288.0,45.0,53.0
664.0,288.0,47.0,56.0
663.0,287.0,47.0,56.0
663.0,285.0,47.0,56.0
665.0,285.0,46.0,55.0
665.0,285.0,45.0,53.0
662.0,283.0,46.0,54.0
662.0,282.0,45.0,53.0
664.0,282.0,43.0,51.0
663.0,281.0,43.0,51.0
662.0,281.0,44.0,52.0
661.0,281.0,46.0,54.0
661.0,281.0,46.0,54.0
661.0,280.0,48.0,57.0
663.0,281.0,45.0,54.0
665.0,281.0,45.0,53.0
666.0,279.0,44.0,52.0
666.0,279.0,44.0,52.0
666.0,279.0,44.0,52.0
666.0,279.0,44.0,52.0
669.0,277.0,45.0,53.0
669.0,278.0,44.0,52.0
669.0,278.0,44.0,52.0
670.0,279.0,44.0,52.0
670.0,279.0,44.0,52.0
671.0,279.0,45.0,53.0
670.0,279.0,47.0,56.0
671.0,280.0,48.0,57.0
675.0,280.0,45.0,53.0
676.0,280.0,48.0,57.0
677.0,280.0,46.0,54.0
681.0,280.0,45.0,54.0
685.0,279.0,46.0,54.0
688.0,279.0,45.0,53.0
692.0,280.0,43.0,51.0
694.0,280.0,43.0,51.0
694.0,280.0,43.0,51.0
695.0,282.0,43.0,51.0
696.0,283.0,44.0,52.0
697.0,284.0,44.0,52.0
699.0,284.0,44.0,52.0
700.0,284.0,44.0,52.0
700.0,284.0,44.0,52.0
699.0,284.0,44.0,52.0
700.0,283.0,44.0,52.0
700.0,282.0,45.0,53.0
700.0,282.0,45.0,53.0
701.0,280.0,50.0,60.0
701.0,280.0,50.0,60.0
701.0,280.0,50.0,60.0
706.0,283.0,46.0,55.0
706.0,283.0,46.0,55.0
706.0,283.0,46.0,55.0
718.0,285.0,44.0,52.0
718.0,285.0,44.0,52.0
718.0,285.0,44.0,52.0
727.0,284.0,42.0,50.0
731.0,283.0,42.0,50.0
734.0,283.0,42.0,50.0
736.0,283.0,42.0,50.0
736.0,283.0,42.0,50.0
738.0,283.0,42.0,50.0
739.0,283.0,43.0,51.0
740.0,283.0,43.0,51.0
740.0,283.0,43.0,51.0
740.0,284.0,43.0,51.0
740.0,284.0,43.0,51.0
739.0,284.0,43.0,51.0
739.0,284.0,43.0,50.0
737.0,284.0,43.0,50.0
735.0,284.0,42.0,50.0
735.0,284.0,42.0,50.0
735.0,284.0,42.0,50.0
735.0,284.0,42.0,50.0
736.0,282.0,38.0,45.0
738.0,282.0,37.0,44.0
739.0,282.0,37.0,44.0
742.0,283.0,38.0,45.0
742.0,283.0,38.0,45.0
744.0,284.0,43.0,44.0
747.0,284.0,42.0,43.0
750.0,285.0,41.0,42.0
752.0,285.0,43.0,44.0
754.0,285.0,40.0,41.0
755.0,285.0,40.0,41.0
756.0,285.0,40.0,41.0
757.0,285.0,41.0,42.0
759.0,286.0,42.0,43.0
765.0,285.0,39.0,40.0
768.0,285.0,39.0,40.0
768.0,285.0,39.0,40.0
771.0,286.0,39.0,40.0
774.0,287.0,39.0,40.0
777.0,287.0,39.0,40.0
779.0,287.0,39.0,40.0
772.0,287.0,40.0,41.0
778.0,282.0,44.0,49.0
779.0,282.0,43.0,48.0
778.0,282.0,44.0,48.0
778.0,282.0,43.0,48.0
773.0,281.0,47.0,52.0
773.0,281.0,47.0,52.0
776.0,284.0,48.0,47.0
776.0,284.0,50.0,49.0
776.0,284.0,50.0,49.0
774.0,283.0,51.0,49.0
774.0,283.0,50.0,49.0
774.0,283.0,49.0,48.0
774.0,283.0,49.0,48.0
774.0,283.0,48.0,47.0
773.0,283.0,48.0,47.0
772.0,282.0,49.0,48.0
771.0,282.0,50.0,49.0
771.0,282.0,50.0,49.0
771.0,282.0,50.0,49.0
771.0,282.0,51.0,50.0
771.0,282.0,51.0,50.0
771.0,283.0,51.0,50.0
770.0,283.0,51.0,50.0
771.0,284.0,50.0,49.0
771.0,284.0,50.0,49.0
770.0,284.0,49.0,48.0
770.0,285.0,48.0,47.0
769.0,285.0,48.0,47.0
767.0,284.0,49.0,48.0
766.0,285.0,49.0,48.0
766.0,285.0,49.0,48.0
765.0,286.0,49.0,48.0
765.0,286.0,50.0,49.0
765.0,287.0,50.0,49.0
765.0,287.0,50.0,49.0
765.0,288.0,49.0,48.0
765.0,288.0,49.0,48.0
765.0,289.0,49.0,48.0
767.0,290.0,48.0,47.0
769.0,288.0,48.0,47.0
771.0,288.0,48.0,47.0
769.0,289.0,48.0,47.0
769.0,289.0,48.0,47.0
767.0,291.0,48.0,47.0
764.0,291.0,49.0,48.0
762.0,290.0,50.0,49.0
761.0,290.0,50.0,49.0
761.0,291.0,50.0,49.0
761.0,291.0,50.0,49.0
760.0,292.0,50.0,49.0
758.0,292.0,49.0,48.0
757.0,292.0,48.0,47.0
754.0,292.0,48.0,47.0
750.0,292.0,48.0,47.0
750.0,292.0,48.0,47.0
748.0,291.0,48.0,47.0
746.0,290.0,48.0,47.0
744.0,290.0,48.0,47.0
742.0,289.0,48.0,47.0
740.0,289.0,49.0,48.0
740.0,289.0,49.0,48.0
738.0,288.0,49.0,48.0
735.0,289.0,49.0,48.0
733.0,289.0,49.0,48.0
732.0,289.0,49.0,48.0
732.0,289.0,49.0,48.0
732.0,289.0,49.0,48.0
733.0,289.0,49.0,48.0
733.0,289.0,49.0,48.0
733.0,289.0,49.0,48.0
732.0,289.0,49.0,48.0
731.0,289.0,49.0,48.0
731.0,289.0,49.0,48.0
731.0,289.0,49.0,48.0
733.0,290.0,49.0,48.0
735.0,291.0,48.0,47.0
737.0,291.0,48.0,47.0
739.0,291.0,48.0,47.0
739.0,291.0,48.0,47.0
743.0,290.0,47.0,46.0
747.0,289.0,47.0,46.0
750.0,289.0,47.0,46.0
753.0,288.0,47.0,46.0
756.0,287.0,48.0,47.0
756.0,287.0,48.0,47.0
758.0,287.0,47.0,46.0
760.0,287.0,47.0,46.0
760.0,287.0,47.0,46.0
760.0,287.0,47.0,46.0
761.0,292.0,47.0,46.0
761.0,292.0,47.0,46.0
761.0,292.0,47.0,46.0
760.0,292.0,47.0,46.0
759.0,291.0,47.0,46.0
758.0,291.0,47.0,46.0
758.0,290.0,48.0,47.0
758.0,290.0,48.0,47.0
758.0,291.0,48.0,47.0
758.0,291.0,47.0,46.0
758.0,291.0,47.0,46.0
757.0,292.0,49.0,48.0
755.0,294.0,50.0,49.0
755.0,294.0,50.0,49.0
755.0,294.0,50.0,49.0
756.0,295.0,50.0,49.0
756.0,295.0,50.0,49.0
756.0,295.0,50.0,49.0
755.0,293.0,50.0,49.0
755.0,293.0,50.0,49.0
755.0,293.0,50.0,48.0
755.0,292.0,49.0,48.0
755.0,292.0,50.0,49.0
756.0,292.0,50.0,48.0
757.0,293.0,50.0,49.0
757.0,293.0,50.0,49.0
758.0,293.0,50.0,49.0
758.0,293.0,50.0,49.0
759.0,292.0,50.0,49.0
759.0,291.0,49.0,48.0
759.0,290.0,49.0,48.0
759.0,290.0,49.0,48.0
757.0,288.0,49.0,48.0
756.0,286.0,49.0,48.0
755.0,284.0,50.0,48.0
753.0,283.0,50.0,49.0
752.0,281.0,51.0,50.0
752.0,281.0,51.0,50.0
750.0,281.0,51.0,50.0
750.0,281.0,52.0,51.0
749.0,281.0,51.0,50.0
749.0,281.0,50.0,49.0
749.0,281.0,50.0,49.0
749.0,281.0,50.0,49.0
749.0,281.0,50.0,49.0
749.0,281.0,50.0,49.0
749.0,281.0,50.0,49.0
749.0,281.0,50.0,49.0
745.0,275.0,51.0,50.0
746.0,281.0,43.0,38.0
746.0,281.0,44.0,39.0
745.0,281.0,46.0,40.0
746.0,282.0,46.0,41.0
749.0,281.0,48.0,43.0
749.0,281.0,48.0,43.0
749.0,281.0,48.0,43.0
749.0,281.0,48.0,43.0
749.0,281.0,48.0,43.0
765.0,281.0,43.0,38.0
766.0,280.0,43.0,38.0
767.0,279.0,43.0,38.0
767.0,279.0,43.0,38.0
769.0,278.0,44.0,39.0
769.0,277.0,45.0,40.0
769.0,278.0,46.0,41.0
770.0,278.0,47.0,41.0
771.0,278.0,47.0,41.0
771.0,278.0,47.0,41.0
771.0,277.0,47.0,41.0
771.0,276.0,46.0,41.0
773.0,275.0,45.0,40.0
774.0,273.0,45.0,40.0
775.0,272.0,45.0,40.0
775.0,272.0,45.0,40.0
775.0,271.0,45.0,40.0
775.0,270.0,45.0,40.0
774.0,271.0,47.0,41.0
773.0,271.0,48.0,43.0
771.0,273.0,49.0,43.0
771.0,273.0,49.0,43.0
769.0,270.0,53.0,47.0
769.0,270.0,53.0,47.0
769.0,270.0,53.0,47.0
755.0,267.0,47.0,41.0
753.0,265.0,47.0,41.0
753.0,265.0,47.0,41.0
750.0,263.0,47.0,42.0
746.0,262.0,48.0,42.0
743.0,261.0,49.0,43.0
754.0,264.0,50.0,44.0
750.0,264.0,52.0,45.0
750.0,264.0,52.0,45.0
748.0,263.0,53.0,46.0
746.0,265.0,53.0,46.0
744.0,264.0,53.0,46.0
742.0,265.0,52.0,46.0
741.0,264.0,51.0,45.0
741.0,264.0,51.0,45.0
741.0,263.0,50.0,44.0
741.0,261.0,49.0,43.0
741.0,258.0,49.0,43.0
739.0,258.0,46.0,41.0
739.0,258.0,46.0,41.0
739.0,258.0,46.0,41.0
740.0,258.0,51.0,45.0
737.0,261.0,48.0,42.0
734.0,261.0,51.0,45.0
735.0,262.0,50.0,44.0
733.0,257.0,56.0,49.0
733.0,257.0,56.0,49.0
733.0,256.0,55.0,48.0
731.0,254.0,56.0,49.0
730.0,252.0,56.0,49.0
730.0,251.0,56.0,49.0
732.0,251.0,56.0,49.0
737.0,257.0,48.0,43.0
738.0,258.0,49.0,43.0
739.0,259.0,50.0,44.0
738.0,259.0,53.0,47.0
736.0,258.0,53.0,47.0
735.0,257.0,54.0,48.0
735.0,257.0,54.0,48.0
736.0,256.0,54.0,48.0
738.0,255.0,54.0,47.0
739.0,254.0,53.0,47.0
740.0,253.0,54.0,48.0
731.0,248.0,54.0,54.0
731.0,248.0,54.0,54.0
730.0,247.0,54.0,54.0
729.0,247.0,55.0,55.0
726.0,247.0,56.0,56.0
723.0,246.0,60.0,60.0
719.0,246.0,62.0,62.0
719.0,246.0,62.0,62.0
715.0,244.0,63.0,63.0
712.0,242.0,62.0,62.0
710.0,240.0,62.0,62.0
709.0,238.0,61.0,61.0
710.0,237.0,60.0,60.0
709.0,236.0,62.0,62.0
711.0,235.0,60.0,60.0
713.0,233.0,61.0,61.0
712.0,238.0,62.0,62.0
712.0,238.0,63.0,63.0
712.0,239.0,65.0,65.0
712.0,239.0,66.0,66.0
712.0,240.0,67.0,67.0
713.0,242.0,69.0,69.0
713.0,242.0,70.0,70.0
713.0,241.0,70.0,70.0
711.0,240.0,69.0,69.0
711.0,240.0,69.0,69.0
709.0,239.0,68.0,68.0
714.0,243.0,47.0,63.0
713.0,244.0,46.0,62.0
711.0,246.0,47.0,64.0
710.0,249.0,45.0,61.0
710.0,248.0,48.0,64.0
709.0,250.0,47.0,63.0
707.0,251.0,49.0,66.0
704.0,252.0,50.0,67.0
704.0,253.0,49.0,66.0
703.0,254.0,50.0,67.0
703.0,253.0,49.0,66.0
702.0,253.0,49.0,66.0
701.0,253.0,49.0,66.0
698.0,254.0,50.0,68.0
695.0,258.0,50.0,67.0
692.0,261.0,50.0,68.0
692.0,261.0,50.0,68.0
691.0,263.0,50.0,68.0
691.0,266.0,51.0,68.0
693.0,267.0,53.0,71.0
698.0,265.0,51.0,68.0
703.0,263.0,50.0,67.0
703.0,263.0,50.0,67.0
708.0,262.0,50.0,67.0
711.0,262.0,49.0,66.0
715.0,263.0,49.0,66.0
720.0,264.0,50.0,52.0
723.0,266.0,50.0,52.0
723.0,266.0,50.0,52.0
727.0,268.0,50.0,52.0
731.0,270.0,50.0,52.0
734.0,270.0,50.0,52.0
737.0,270.0,51.0,53.0
741.0,269.0,51.0,53.0
741.0,269.0,51.0,53.0
744.0,269.0,51.0,53.0
745.0,268.0,51.0,53.0
746.0,266.0,52.0,54.0
745.0,264.0,51.0,53.0
744.0,260.0,51.0,53.0
744.0,260.0,51.0,53.0
744.0,259.0,48.0,50.0
744.0,259.0,48.0,50.0
744.0,259.0,48.0,50.0
737.0,253.0,52.0,54.0
734.0,253.0,52.0,54.0
734.0,253.0,52.0,54.0
733.0,253.0,51.0,53.0
731.0,252.0,51.0,53.0
731.0,249.0,51.0,53.0
727.0,247.0,51.0,53.0
721.0,247.0,52.0,54.0
721.0,247.0,52.0,54.0
715.0,247.0,53.0,55.0
711.0,248.0,51.0,53.0
709.0,249.0,49.0,51.0
705.0,251.0,51.0,53.0
701.0,253.0,51.0,53.0
700.0,253.0,52.0,54.0
699.0,253.0,51.0,53.0
696.0,253.0,50.0,52.0
692.0,252.0,50.0,52.0
689.0,249.0,50.0,52.0
687.0,247.0,50.0,52.0
687.0,247.0,50.0,52.0
685.0,244.0,52.0,55.0
685.0,243.0,51.0,53.0
684.0,243.0,51.0,53.0
683.0,244.0,50.0,51.0
683.0,245.0,50.0,52.0
683.0,247.0,48.0,50.0
683.0,247.0,50.0,52.0
683.0,246.0,51.0,53.0
683.0,244.0,50.0,52.0
681.0,242.0,51.0,53.0
678.0,241.0,50.0,52.0
678.0,241.0,50.0,52.0
674.0,239.0,52.0,54.0
673.0,239.0,52.0,54.0
674.0,240.0,49.0,51.0
674.0,239.0,52.0,54.0
674.0,239.0,52.0,54.0
676.0,240.0,50.0,52.0
676.0,240.0,50.0,52.0
677.0,239.0,50.0,52.0
679.0,239.0,49.0,51.0
680.0,239.0,50.0,52.0
681.0,239.0,50.0,52.0
681.0,239.0,50.0,52.0
681.0,238.0,50.0,52.0
680.0,237.0,49.0,51.0
679.0,235.0,50.0,52.0
682.0,235.0,49.0,51.0
681.0,235.0,51.0,53.0
684.0,236.0,49.0,51.0
687.0,238.0,49.0,51.0
686.0,239.0,51.0,53.0
688.0,240.0,51.0,53.0
693.0,242.0,48.0,50.0
697.0,241.0,49.0,51.0
697.0,241.0,49.0,51.0
698.0,239.0,51.0,54.0
703.0,238.0,50.0,52.0
702.0,236.0,51.0,53.0
703.0,235.0,52.0,54.0
705.0,236.0,51.0,53.0
705.0,236.0,52.0,54.0
706.0,236.0,52.0,55.0
709.0,237.0,51.0,53.0
711.0,237.0,51.0,53.0
712.0,238.0,51.0,53.0
718.0,239.0,49.0,51.0
716.0,238.0,50.0,52.0
720.0,239.0,50.0,52.0
718.0,237.0,52.0,54.0
719.0,235.0,51.0,54.0
720.0,234.0,51.0,53.0
721.0,234.0,50.0,52.0
721.0,234.0,50.0,52.0
721.0,235.0,49.0,51.0
721.0,235.0,49.0,51.0
721.0,238.0,46.0,48.0
721.0,238.0,46.0,48.0
721.0,238.0,46.0,48.0
721.0,238.0,46.0,48.0
721.0,238.0,46.0,48.0
721.0,238.0,46.0,48.0
730.0,237.0,56.0,65.0
731.0,235.0,58.0,67.0
734.0,235.0,56.0,65.0
734.0,235.0,56.0,65.0
735.0,234.0,56.0,65.0
738.0,234.0,54.0,62.0
740.0,235.0,52.0,60.0
743.0,237.0,50.0,58.0
741.0,241.0,58.0,67.0
742.0,241.0,58.0,67.0
743.0,244.0,56.0,65.0
744.0,246.0,56.0,65.0
745.0,248.0,56.0,65.0
745.0,248.0,57.0,67.0
746.0,248.0,58.0,68.0
746.0,248.0,58.0,68.0
747.0,246.0,59.0,68.0
749.0,245.0,59.0,68.0
751.0,243.0,58.0,68.0
753.0,241.0,58.0,67.0
754.0,242.0,59.0,68.0
754.0,242.0,59.0,68.0
755.0,243.0,59.0,69.0
757.0,246.0,60.0,70.0
759.0,249.0,61.0,71.0
761.0,249.0,63.0,73.0
764.0,247.0,63.0,73.0
764.0,247.0,63.0,73.0
768.0,245.0,63.0,73.0
770.0,243.0,63.0,73.0
772.0,242.0,64.0,74.0
772.0,241.0,65.0,76.0
773.0,241.0,66.0,77.0
773.0,241.0,66.0,77.0
773.0,241.0,68.0,79.0
774.0,241.0,69.0,81.0
776.0,241.0,72.0,83.0
778.0,243.0,75.0,87.0
781.0,243.0,78.0,90.0
781.0,243.0,78.0,90.0
784.0,241.0,81.0,94.0
785.0,236.0,83.0,97.0
785.0,232.0,85.0,99.0
830.0,228.0,51.0,82.0
832.0,228.0,49.0,79.0
832.0,228.0,51.0,83.0
837.0,229.0,52.0,84.0
840.0,232.0,51.0,82.0
842.0,237.0,50.0,80.0
843.0,241.0,47.0,76.0
842.0,242.0,47.0,76.0
842.0,242.0,47.0,76.0
843.0,240.0,48.0,77.0
842.0,237.0,50.0,81.0
846.0,234.0,49.0,79.0
847.0,234.0,49.0,79.0
848.0,234.0,50.0,80.0
848.0,234.0,50.0,80.0
848.0,235.0,65.0,78.0
849.0,238.0,63.0,75.0
850.0,241.0,64.0,77.0
853.0,246.0,60.0,72.0
856.0,250.0,55.0,66.0
856.0,250.0,55.0,66.0
857.0,251.0,54.0,65.0
853.0,248.0,55.0,66.0
847.0,244.0,57.0,68.0
835.0,233.0,70.0,86.0
831.0,232.0,71.0,87.0
831.0,232.0,71.0,87.0
829.0,234.0,73.0,90.0
830.0,237.0,73.0,90.0
832.0,243.0,71.0,88.0
835.0,246.0,66.0,81.0
838.0,248.0,60.0,74.0
838.0,248.0,60.0,74.0
841.0,249.0,58.0,71.0
844.0,247.0,60.0,74.0
844.0,247.0,60.0,74.0
844.0,247.0,60.0,74.0
844.0,247.0,60.0,74.0
844.0,247.0,60.0,74.0
844.0,247.0,60.0,74.0
866.0,247.0,68.0,86.0
870.0,253.0,67.0,85.0
871.0,258.0,68.0,86.0
874.0,263.0,64.0,81.0
887.0,268.0,64.0,85.0
886.0,269.0,63.0,83.0
884.0,266.0,63.0,84.0
881.0,263.0,67.0,88.0
902.0,270.0,58.0,86.0
901.0,276.0,53.0,79.0
901.0,276.0,53.0,79.0
891.0,269.0,84.0,73.0
888.0,276.0,81.0,71.0
882.0,279.0,83.0,72.0
877.0,283.0,82.0,71.0
873.0,285.0,80.0,70.0
873.0,285.0,80.0,70.0
869.0,285.0,80.0,70.0
867.0,283.0,79.0,69.0
901.0,293.0,77.0,83.0
895.0,288.0,81.0,87.0
885.0,277.0,87.0,94.0
885.0,277.0,87.0,94.0
878.0,269.0,93.0,100.0
871.0,270.0,90.0,97.0
865.0,269.0,91.0,98.0
858.0,269.0,92.0,99.0
851.0,269.0,97.0,104.0
871.0,267.0,79.0,115.0
864.0,265.0,81.0,117.0
857.0,262.0,79.0,115.0
852.0,259.0,78.0,114.0
846.0,253.0,83.0,121.0
841.0,247.0,85.0,124.0
856.0,248.0,73.0,98.0
852.0,244.0,74.0,99.0
846.0,241.0,78.0,105.0
844.0,239.0,77.0,104.0
844.0,239.0,75.0,100.0
844.0,244.0,71.0,95.0
844.0,244.0,71.0,95.0
844.0,251.0,68.0,92.0
844.0,256.0,70.0,94.0
844.0,259.0,68.0,92.0
842.0,258.0,69.0,93.0
826.0,257.0,88.0,91.0
826.0,257.0,88.0,91.0
822.0,255.0,91.0,94.0
820.0,253.0,88.0,91.0
817.0,253.0,90.0,93.0
815.0,253.0,90.0,93.0
813.0,255.0,88.0,92.0
813.0,255.0,88.0,92.0
811.0,257.0,87.0,90.0
811.0,262.0,85.0,87.0
811.0,268.0,81.0,84.0
811.0,273.0,79.0,82.0
803.0,274.0,89.0,92.0
803.0,274.0,89.0,92.0
796.0,271.0,96.0,100.0
793.0,271.0,96.0,99.0
790.0,271.0,98.0,101.0
790.0,272.0,98.0,101.0
789.0,269.0,107.0,135.0
789.0,269.0,107.0,135.0
787.0,270.0,106.0,134.0
785.0,273.0,106.0,133.0
784.0,276.0,104.0,131.0
785.0,278.0,102.0,129.0
782.0,275.0,107.0,135.0
782.0,275.0,107.0,135.0
778.0,268.0,110.0,139.0
775.0,260.0,111.0,140.0
771.0,254.0,113.0,142.0
770.0,250.0,113.0,143.0
773.0,247.0,113.0,143.0
773.0,247.0,113.0,143.0
774.0,246.0,112.0,142.0
775.0,245.0,112.0,141.0
777.0,244.0,110.0,139.0
779.0,242.0,108.0,136.0
781.0,241.0,106.0,133.0
781.0,241.0,106.0,133.0
782.0,239.0,106.0,133.0
778.0,235.0,112.0,141.0
778.0,234.0,111.0,140.0
774.0,234.0,111.0,140.0
774.0,234.0,107.0,135.0
774.0,234.0,107.0,135.0
771.0,234.0,108.0,137.0
767.0,229.0,113.0,143.0
762.0,225.0,119.0,150.0
761.0,222.0,123.0,155.0
675.0,206.0,115.0,150.0
675.0,206.0,115.0,150.0
675.0,210.0,113.0,147.0
676.0,215.0,109.0,142.0
678.0,223.0,104.0,136.0
679.0,228.0,101.0,132.0
679.0,228.0,102.0,133.0
679.0,228.0,102.0,133.0
679.0,225.0,102.0,133.0
679.0,220.0,104.0,136.0
677.0,218.0,105.0,137.0
677.0,217.0,106.0,138.0
678.0,219.0,104.0,135.0
678.0,219.0,104.0,135.0
679.0,223.0,102.0,133.0
679.0,227.0,100.0,131.0
679.0,232.0,99.0,129.0
679.0,236.0,99.0,129.0
680.0,240.0,96.0,126.0
680.0,240.0,96.0,126.0
679.0,241.0,97.0,126.0
677.0,239.0,98.0,128.0
673.0,235.0,102.0,133.0
671.0,232.0,103.0,134.0
670.0,230.0,101.0,132.0
670.0,230.0,101.0,132.0
671.0,229.0,97.0,126.0
671.0,227.0,96.0,125.0
668.0,226.0,98.0,128.0
669.0,226.0,98.0,128.0
671.0,226.0,96.0,125.0
671.0,226.0,96.0,125.0
672.0,226.0,95.0,124.0
670.0,222.0,98.0,128.0
669.0,220.0,100.0,130.0
667.0,221.0,102.0,133.0
665.0,223.0,102.0,134.0
665.0,223.0,102.0,134.0
663.0,224.0,104.0,135.0
661.0,229.0,103.0,135.0
660.0,234.0,102.0,133.0
661.0,240.0,99.0,129.0
659.0,246.0,100.0,131.0
659.0,246.0,100.0,131.0
660.0,250.0,96.0,125.0
660.0,252.0,95.0,124.0
658.0,250.0,98.0,128.0
656.0,247.0,100.0,130.0
653.0,245.0,101.0,132.0
653.0,245.0,101.0,132.0
650.0,244.0,101.0,132.0
647.0,245.0,101.0,131.0
645.0,249.0,100.0,130.0
642.0,255.0,97.0,126.0
641.0,261.0,92.0,121.0
641.0,261.0,92.0,121.0
641.0,268.0,87.0,114.0
642.0,272.0,85.0,111.0
643.0,272.0,86.0,112.0
641.0,270.0,88.0,115.0
638.0,269.0,90.0,117.0
638.0,269.0,90.0,117.0
637.0,267.0,91.0,119.0
636.0,266.0,91.0,119.0
636.0,265.0,89.0,116.0
635.0,265.0,88.0,115.0
633.0,266.0,86.0,113.0
633.0,266.0,86.0,113.0
631.0,267.0,83.0,108.0
631.0,267.0,79.0,103.0
630.0,264.0,78.0,102.0
630.0,259.0,82.0,107.0
632.0,256.0,84.0,110.0
632.0,256.0,84.0,110.0
636.0,253.0,85.0,111.0
641.0,253.0,85.0,110.0
646.0,254.0,83.0,109.0
653.0,255.0,82.0,107.0
658.0,256.0,80.0,104.0
658.0,256.0,80.0,104.0
660.0,259.0,76.0,99.0
661.0,262.0,74.0,97.0
661.0,264.0,70.0,92.0
656.0,264.0,72.0,94.0
650.0,262.0,75.0,97.0
650.0,262.0,74.0,97.0
642.0,259.0,80.0,104.0
635.0,257.0,83.0,109.0
629.0,255.0,84.0,109.0
622.0,254.0,84.0,110.0
617.0,254.0,83.0,108.0
617.0,254.0,83.0,108.0
614.0,257.0,81.0,106.0
612.0,261.0,77.0,101.0
609.0,265.0,75.0,97.0
605.0,266.0,76.0,99.0
599.0,264.0,79.0,103.0
599.0,264.0,79.0,103.0
594.0,262.0,79.0,103.0
588.0,260.0,83.0,108.0
584.0,260.0,84.0,109.0
582.0,261.0,83.0,108.0
580.0,262.0,81.0,106.0
580.0,262.0,81.0,106.0
579.0,265.0,80.0,104.0
580.0,267.0,74.0,97.0
580.0,266.0,71.0,93.0
577.0,261.0,72.0,93.0
575.0,253.0,77.0,100.0
575.0,253.0,77.0,100.0
571.0,247.0,81.0,106.0
566.0,245.0,83.0,109.0
564.0,244.0,82.0,106.0
563.0,244.0,79.0,103.0
561.0,246.0,77.0,101.0
561.0,246.0,77.0,101.0
558.0,250.0,78.0,101.0
556.0,253.0,78.0,101.0
557.0,254.0,75.0,98.0
554.0,251.0,78.0,102.0
551.0,245.0,80.0,104.0
551.0,245.0,80.0,104.0
548.0,240.0,80.0,104.0
549.0,238.0,79.0,103.0
547.0,239.0,79.0,103.0
548.0,242.0,75.0,98.0
543.0,245.0,79.0,103.0
543.0,245.0,79.0,103.0
538.0,249.0,82.0,106.0
534.0,254.0,85.0,111.0
525.0,257.0,95.0,124.0
522.0,258.0,95.0,124.0
520.0,258.0,97.0,126.0
520.0,258.0,97.0,126.0
523.0,257.0,91.0,119.0
522.0,256.0,88.0,115.0
518.0,256.0,88.0,115.0
515.0,259.0,89.0,116.0
513.0,266.0,88.0,115.0
513.0,266.0,88.0,115.0
513.0,273.0,85.0,111.0
519.0,273.0,81.0,110.0
519.0,277.0,75.0,102.0
516.0,278.0,75.0,102.0
511.0,277.0,81.0,110.0
511.0,277.0,81.0,110.0
510.0,282.0,80.0,109.0
508.0,280.0,84.0,113.0
509.0,279.0,83.0,112.0
513.0,281.0,79.0,107.0
516.0,283.0,74.0,100.0
516.0,283.0,74.0,100.0
518.0,285.0,71.0,97.0
515.0,273.0,72.0,86.0
518.0,274.0,67.0,80.0
520.0,274.0,65.0,78.0
518.0,275.0,64.0,77.0
518.0,275.0,64.0,77.0
516.0,274.0,65.0,77.0
511.0,268.0,68.0,81.0
506.0,264.0,70.0,84.0
503.0,265.0,69.0,83.0
502.0,269.0,65.0,78.0
502.0,269.0,65.0,78.0
497.0,270.0,68.0,82.0
489.0,268.0,75.0,89.0
490.0,273.0,72.0,86.0
490.0,274.0,71.0,84.0
489.0,272.0,71.0,85.0
489.0,272.0,71.0,85.0
485.0,264.0,77.0,92.0
479.0,260.0,81.0,97.0
476.0,255.0,85.0,101.0
480.0,257.0,78.0,94.0
486.0,261.0,71.0,85.0
486.0,261.0,71.0,85.0
487.0,259.0,72.0,86.0
486.0,263.0,73.0,87.0
484.0,269.0,73.0,87.0
485.0,276.0,69.0,82.0
485.0,277.0,67.0,80.0
485.0,277.0,67.0,80.0
479.0,272.0,74.0,88.0
480.0,277.0,70.0,84.0
476.0,271.0,75.0,89.0
472.0,268.0,78.0,94.0
473.0,271.0,74.0,88.0
473.0,271.0,74.0,88.0
476.0,277.0,67.0,80.0
476.0,277.0,67.0,80.0
476.0,276.0,68.0,81.0
478.0,279.0,67.0,80.0
478.0,278.0,67.0,80.0
490.0,284.0,72.0,80.0
495.0,284.0,72.0,83.0
483.0,270.0,81.0,101.0
483.0,257.0,72.0,93.0
495.0,259.0,55.0,112.0
496.0,260.0,54.0,108.0
493.0,255.0,60.0,109.0
490.0,259.0,59.0,101.0
492.0,266.0,52.0,99.0
488.0,268.0,57.0,92.0
484.0,270.0,62.0,95.0
466.0,288.0,54.0,64.0
478.0,275.0,62.0,95.0
469.0,274.0,69.0,92.0
469.0,275.0,62.0,98.0
460.0,271.0,69.0,105.0
464.0,269.0,62.0,109.0
465.0,267.0,66.0,104.0
465.0,267.0,66.0,104.0
466.0,265.0,67.0,105.0
467.0,268.0,63.0,99.0
469.0,272.0,60.0,95.0
473.0,276.0,57.0,89.0
477.0,280.0,56.0,88.0
477.0,280.0,56.0,88.0
479.0,282.0,60.0,95.0
479.0,279.0,67.0,105.0
478.0,278.0,68.0,107.0
478.0,277.0,68.0,107.0
478.0,271.0,69.0,109.0
478.0,262.0,60.0,109.0
478.0,261.0,60.0,109.0
478.0,261.0,59.0,106.0
477.0,263.0,56.0,101.0
476.0,266.0,53.0,96.0
474.0,269.0,51.0,93.0
474.0,269.0,51.0,93.0
471.0,273.0,52.0,94.0
468.0,275.0,56.0,101.0
463.0,279.0,55.0,100.0
463.0,282.0,55.0,99.0
464.0,275.0,56.0,102.0
464.0,275.0,56.0,102.0
462.0,270.0,52.0,95.0
459.0,265.0,58.0,105.0
459.0,264.0,56.0,102.0
459.0,265.0,56.0,102.0
460.0,268.0,53.0,96.0
460.0,268.0,53.0,96.0
461.0,274.0,49.0,89.0
463.0,282.0,45.0,81.0
465.0,286.0,41.0,75.0
462.0,285.0,43.0,79.0
460.0,280.0,47.0,86.0
460.0,280.0,47.0,86.0
457.0,274.0,52.0,95.0
455.0,269.0,56.0,102.0
456.0,267.0,55.0,100.0
458.0,268.0,53.0,96.0
461.0,271.0,50.0,91.0
461.0,271.0,50.0,91.0
465.0,275.0,46.0,83.0
466.0,279.0,45.0,82.0
470.0,283.0,40.0,73.0
473.0,288.0,36.0,65.0
474.0,291.0,35.0,63.0
474.0,291.0,35.0,63.0
472.0,291.0,37.0,67.0
474.0,291.0,39.0,71.0
473.0,288.0,42.0,77.0
471.0,251.0,56.0,106.0
471.0,252.0,55.0,104.0
471.0,252.0,55.0,104.0
471.0,254.0,54.0,102.0
471.0,256.0,52.0,98.0
471.0,260.0,51.0,96.0
471.0,263.0,48.0,91.0
469.0,263.0,48.0,92.0
469.0,263.0,48.0,92.0
467.0,259.0,52.0,98.0
466.0,252.0,57.0,107.0
465.0,246.0,61.0,115.0
472.0,250.0,55.0,105.0
475.0,249.0,53.0,101.0
475.0,249.0,53.0,101.0
477.0,250.0,52.0,99.0
480.0,253.0,49.0,93.0
484.0,257.0,45.0,85.0
487.0,260.0,42.0,80.0
491.0,261.0,40.0,75.0
491.0,261.0,40.0,75.0
493.0,260.0,40.0,76.0
492.0,257.0,42.0,80.0
480.0,247.0,55.0,91.0
477.0,242.0,58.0,96.0
476.0,239.0,58.0,96.0
475.0,239.0,58.0,97.0
476.0,238.0,56.0,92.0
476.0,237.0,55.0,92.0
475.0,237.0,56.0,92.0
473.0,237.0,59.0,97.0
474.0,239.0,56.0,92.0
474.0,239.0,56.0,92.0
474.0,238.0,56.0,92.0
473.0,234.0,59.0,97.0
477.0,240.0,51.0,85.0
474.0,225.0,56.0,92.0
475.0,222.0,56.0,93.0
475.0,222.0,56.0,93.0
477.0,223.0,54.0,90.0
479.0,224.0,53.0,88.0
480.0,227.0,54.0,90.0
483.0,232.0,53.0,87.0
482.0,230.0,55.0,91.0
482.0,233.0,53.0,88.0
489.0,242.0,44.0,74.0
489.0,244.0,45.0,75.0
488.0,244.0,46.0,76.0
484.0,234.0,56.0,93.0
481.0,230.0,57.0,94.0
481.0,230.0,56.0,93.0
477.0,227.0,63.0,105.0
477.0,227.0,63.0,105.0
476.0,228.0,63.0,104.0
475.0,233.0,60.0,100.0
473.0,235.0,63.0,104.0
473.0,235.0,63.0,104.0
472.0,241.0,60.0,99.0
472.0,244.0,57.0,95.0
468.0,243.0,59.0,98.0
465.0,238.0,63.0,105.0
460.0,232.0,70.0,116.0
460.0,232.0,70.0,116.0
460.0,232.0,66.0,110.0
460.0,232.0,66.0,109.0
459.0,236.0,65.0,107.0
460.0,242.0,61.0,101.0
462.0,249.0,57.0,94.0
462.0,249.0,57.0,94.0
462.0,255.0,57.0,94.0
464.0,261.0,53.0,88.0
464.0,265.0,53.0,87.0
463.0,264.0,55.0,90.0
461.0,261.0,60.0,98.0
461.0,261.0,60.0,99.0
460.0,253.0,62.0,103.0
458.0,251.0,63.0,104.0
457.0,251.0,63.0,104.0
456.0,251.0,64.0,106.0
456.0,253.0,62.0,103.0
456.0,253.0,62.0,103.0
456.0,256.0,62.0,102.0
457.0,260.0,59.0,97.0
455.0,262.0,58.0,95.0
452.0,260.0,61.0,100.0
450.0,256.0,63.0,105.0
450.0,256.0,63.0,105.0
447.0,253.0,66.0,110.0
445.0,252.0,66.0,110.0
444.0,251.0,66.0,110.0
442.0,253.0,66.0,109.0
441.0,258.0,63.0,105.0
441.0,258.0,63.0,105.0
438.0,274.0,62.0,95.0
438.0,280.0,56.0,87.0
438.0,286.0,51.0,79.0
436.0,287.0,51.0,79.0
433.0,291.0,51.0,78.0
433.0,291.0,51.0,78.0
428.0,290.0,55.0,84.0
428.0,286.0,54.0,82.0
432.0,269.0,66.0,91.0
433.0,268.0,66.0,91.0
434.0,269.0,64.0,89.0
434.0,269.0,64.0,89.0
436.0,271.0,63.0,86.0
437.0,275.0,61.0,83.0
438.0,278.0,57.0,78.0
437.0,279.0,56.0,77.0
435.0,278.0,58.0,80.0
435.0,278.0,58.0,80.0
432.0,274.0,61.0,84.0
429.0,272.0,65.0,90.0
428.0,271.0,65.0,89.0
428.0,273.0,63.0,87.0
426.0,275.0,63.0,86.0
426.0,275.0,63.0,86.0
425.0,278.0,61.0,85.0
424.0,282.0,59.0,81.0
423.0,286.0,56.0,77.0
423.0,289.0,54.0,74.0
421.0,290.0,54.0,74.0
421.0,290.0,54.0,74.0
420.0,290.0,55.0,76.0
420.0,288.0,56.0,78.0
419.0,286.0,58.0,80.0
420.0,285.0,56.0,78.0
420.0,284.0,55.0,76.0
420.0,284.0,55.0,76.0
421.0,286.0,54.0,74.0
420.0,288.0,53.0,73.0
418.0,288.0,56.0,77.0
415.0,287.0,57.0,79.0
411.0,283.0,61.0,84.0
411.0,283.0,61.0,84.0
406.0,277.0,67.0,93.0
405.0,272.0,69.0,95.0
404.0,270.0,69.0,95.0
403.0,270.0,68.0,93.0
404.0,271.0,65.0,89.0
404.0,271.0,65.0,89.0
405.0,275.0,62.0,85.0
407.0,281.0,57.0,79.0
409.0,286.0,53.0,73.0
409.0,284.0,54.0,75.0
409.0,288.0,50.0,69.0
409.0,288.0,50.0,69.0
407.0,290.0,50.0,68.0
406.0,290.0,49.0,68.0
404.0,286.0,51.0,71.0
398.0,278.0,65.0,89.0
398.0,277.0,64.0,89.0
398.0,277.0,65.0,89.0
399.0,277.0,63.0,87.0
400.0,280.0,61.0,84.0
401.0,285.0,59.0,81.0
403.0,290.0,55.0,75.0
403.0,292.0,53.0,74.0
403.0,292.0,53.0,74.0
401.0,291.0,55.0,76.0
398.0,287.0,61.0,84.0
395.0,284.0,66.0,91.0
394.0,281.0,70.0,96.0
394.0,281.0,70.0,96.0
394.0,281.0,70.0,96.0
396.0,282.0,68.0,94.0
396.0,284.0,67.0,92.0
397.0,287.0,65.0,89.0
397.0,290.0,67.0,92.0
397.0,294.0,64.0,88.0
397.0,294.0,64.0,88.0
398.0,296.0,63.0,87.0
397.0,296.0,64.0,89.0
394.0,294.0,68.0,94.0
391.0,292.0,72.0,99.0
389.0,291.0,74.0,102.0
389.0,291.0,74.0,102.0
389.0,292.0,73.0,101.0
388.0,292.0,72.0,99.0
386.0,294.0,71.0,98.0
384.0,296.0,70.0,96.0
383.0,299.0,67.0,93.0
383.0,299.0,67.0,93.0
378.0,297.0,73.0,100.0
375.0,295.0,76.0,104.0
370.0,289.0,81.0,112.0
368.0,302.0,69.0,99.0
366.0,298.0,73.0,104.0
368.0,300.0,69.0,99.0
368.0,298.0,68.0,97.0
368.0,298.0,66.0,95.0
368.0,301.0,65.0,93.0
368.0,305.0,63.0,90.0
369.0,310.0,60.0,86.0
369.0,310.0,60.0,86.0
369.0,316.0,56.0,80.0
370.0,322.0,52.0,74.0
367.0,324.0,52.0,75.0
364.0,324.0,55.0,78.0
360.0,320.0,57.0,82.0
360.0,320.0,57.0,82.0
359.0,317.0,55.0,79.0
356.0,315.0,56.0,81.0
355.0,316.0,55.0,79.0
355.0,319.0,53.0,76.0
353.0,323.0,52.0,74.0
353.0,323.0,52.0,74.0
352.0,327.0,51.0,74.0
352.0,330.0,51.0,73.0
351.0,330.0,51.0,73.0
347.0,322.0,60.0,87.0
345.0,315.0,67.0,97.0
345.0,314.0,67.0,96.0
344.0,309.0,71.0,101.0
345.0,307.0,70.0,100.0
347.0,306.0,69.0,100.0
348.0,307.0,70.0,101.0
350.0,309.0,69.0,99.0
350.0,309.0,69.0,99.0
353.0,314.0,65.0,94.0
357.0,320.0,60.0,86.0
361.0,323.0,55.0,80.0
361.0,327.0,54.0,77.0
362.0,327.0,53.0,76.0
362.0,327.0,53.0,76.0
361.0,325.0,52.0,75.0
360.0,322.0,55.0,78.0
361.0,323.0,53.0,76.0
361.0,324.0,53.0,76.0
363.0,326.0,51.0,73.0
363.0,326.0,51.0,73.0
363.0,328.0,49.0,70.0
362.0,331.0,48.0,69.0
362.0,332.0,46.0,66.0
358.0,328.0,49.0,70.0
352.0,317.0,67.0,97.0
353.0,321.0,64.0,92.0
351.0,316.0,66.0,95.0
351.0,313.0,64.0,92.0
352.0,311.0,62.0,89.0
353.0,311.0,59.0,84.0
355.0,313.0,57.0,81.0
355.0,313.0,57.0,81.0
356.0,317.0,53.0,76.0
356.0,316.0,53.0,77.0
355.0,320.0,55.0,79.0
354.0,322.0,58.0,84.0
353.0,324.0,58.0,83.0
353.0,324.0,58.0,83.0
353.0,322.0,60.0,86.0
353.0,318.0,60.0,87.0
354.0,315.0,59.0,85.0
354.0,313.0,58.0,83.0
355.0,314.0,55.0,79.0
355.0,314.0,55.0,79.0
355.0,316.0,54.0,77.0
355.0,321.0,52.0,75.0
353.0,325.0,54.0,78.0
351.0,328.0,58.0,84.0
347.0,330.0,60.0,86.0
347.0,330.0,60.0,86.0
347.0,333.0,59.0,85.0
346.0,333.0,55.0,79.0
347.0,330.0,61.0,87.0
348.0,326.0,62.0,89.0
349.0,323.0,64.0,92.0
349.0,323.0,64.0,92.0
351.0,323.0,64.0,92.0
352.0,327.0,62.0,88.0
353.0,329.0,63.0,91.0
353.0,333.0,66.0,95.0
361.0,321.0,67.0,85.0
361.0,321.0,67.0,85.0
362.0,321.0,67.0,85.0
361.0,318.0,71.0,90.0
362.0,315.0,70.0,89.0
360.0,311.0,74.0,94.0
361.0,309.0,73.0,93.0
361.0,309.0,73.0,93.0
361.0,308.0,72.0,91.0
361.0,309.0,71.0,90.0
362.0,312.0,69.0,88.0
362.0,317.0,69.0,88.0
362.0,317.0,68.0,87.0
362.0,317.0,68.0,87.0
360.0,314.0,71.0,90.0
357.0,309.0,78.0,99.0
356.0,303.0,82.0,104.0
355.0,297.0,86.0,109.0
355.0,295.0,85.0,108.0
355.0,295.0,85.0,108.0
357.0,296.0,82.0,104.0
359.0,299.0,79.0,100.0
360.0,302.0,76.0,97.0
361.0,306.0,74.0,94.0
362.0,311.0,67.0,86.0
362.0,311.0,67.0,86.0
364.0,315.0,63.0,80.0
364.0,316.0,62.0,79.0
362.0,314.0,64.0,82.0
360.0,310.0,67.0,85.0
355.0,305.0,73.0,93.0
355.0,305.0,73.0,93.0
353.0,302.0,75.0,95.0
352.0,300.0,76.0,97.0
350.0,300.0,77.0,98.0
349.0,302.0,76.0,97.0
349.0,306.0,73.0,93.0
349.0,306.0,73.0,93.0
351.0,311.0,77.0,97.0
352.0,314.0,76.0,96.0
352.0,314.0,77.0,98.0
353.0,309.0,81.0,103.0
351.0,306.0,87.0,110.0
351.0,306.0,87.0,110.0
353.0,303.0,88.0,111.0
355.0,304.0,86.0,110.0
358.0,306.0,85.0,108.0
360.0,309.0,83.0,105.0
363.0,313.0,80.0,101.0
363.0,313.0,80.0,101.0
365.0,319.0,78.0,99.0
366.0,325.0,75.0,96.0
366.0,328.0,74.0,94.0
365.0,329.0,76.0,96.0
365.0,327.0,78.0,98.0
365.0,327.0,78.0,98.0
357.0,314.0,89.0,113.0
357.0,311.0,91.0,115.0
358.0,311.0,90.0,114.0
360.0,313.0,89.0,113.0
360.0,315.0,88.0,111.0
360.0,315.0,88.0,111.0
361.0,318.0,85.0,108.0
361.0,323.0,83.0,105.0
360.0,325.0,83.0,105.0
374.0,341.0,67.0,93.0
371.0,338.0,71.0,99.0
371.0,338.0,70.0,98.0
369.0,333.0,74.0,103.0
368.0,331.0,77.0,106.0
368.0,331.0,73.0,102.0
369.0,333.0,70.0,97.0
369.0,337.0,66.0,92.0
369.0,337.0,66.0,92.0
371.0,341.0,63.0,88.0
372.0,345.0,60.0,84.0
373.0,349.0,57.0,79.0
373.0,350.0,56.0,78.0
369.0,349.0,58.0,80.0
369.0,349.0,58.0,80.0
367.0,346.0,60.0,84.0
364.0,340.0,64.0,88.0
361.0,335.0,66.0,91.0
359.0,332.0,65.0,91.0
358.0,329.0,65.0,90.0
358.0,329.0,65.0,90.0
357.0,326.0,64.0,89.0
356.0,325.0,63.0,87.0
355.0,325.0,62.0,86.0
354.0,322.0,61.0,85.0
351.0,318.0,64.0,89.0
351.0,318.0,64.0,89.0
349.0,311.0,67.0,93.0
350.0,304.0,73.0,101.0
349.0,296.0,77.0,107.0
351.0,294.0,75.0,104.0
353.0,295.0,73.0,101.0
353.0,295.0,73.0,101.0
355.0,297.0,71.0,98.0
355.0,299.0,69.0,96.0
358.0,302.0,67.0,94.0
358.0,307.0,64.0,89.0
359.0,312.0,61.0,85.0
359.0,312.0,61.0,85.0
356.0,315.0,61.0,85.0
353.0,314.0,63.0,87.0
349.0,313.0,65.0,90.0
346.0,312.0,67.0,92.0
344.0,311.0,66.0,92.0
344.0,311.0,66.0,92.0
341.0,313.0,65.0,90.0
340.0,315.0,64.0,89.0
336.0,318.0,64.0,89.0
334.0,324.0,61.0,85.0
330.0,328.0,59.0,82.0
330.0,328.0,59.0,82.0
325.0,330.0,60.0,83.0
316.0,327.0,65.0,90.0
310.0,321.0,69.0,96.0
305.0,314.0,76.0,106.0
304.0,312.0,76.0,106.0
304.0,312.0,76.0,106.0
304.0,311.0,74.0,103.0
305.0,312.0,72.0,100.0
306.0,314.0,70.0,98.0
307.0,317.0,68.0,95.0
309.0,321.0,65.0,90.0
309.0,321.0,65.0,90.0
311.0,322.0,64.0,88.0
311.0,326.0,63.0,88.0
308.0,326.0,65.0,91.0
305.0,327.0,66.0,92.0
301.0,328.0,68.0,94.0
301.0,328.0,68.0,94.0
300.0,329.0,67.0,93.0
299.0,331.0,59.0,81.0
297.0,333.0,58.0,79.0
296.0,336.0,56.0,77.0
295.0,339.0,55.0,75.0
295.0,339.0,55.0,75.0
294.0,342.0,53.0,73.0
293.0,342.0,54.0,74.0
289.0,338.0,58.0,80.0
287.0,332.0,63.0,87.0
285.0,323.0,68.0,93.0
285.0,323.0,68.0,93.0
286.0,319.0,70.0,96.0
289.0,321.0,65.0,90.0
292.0,321.0,64.0,88.0
295.0,324.0,62.0,85.0
299.0,328.0,59.0,81.0
299.0,328.0,59.0,81.0
303.0,333.0,56.0,76.0
307.0,340.0,49.0,68.0
310.0,344.0,47.0,64.0
310.0,344.0,47.0,64.0
310.0,339.0,50.0,69.0
310.0,339.0,50.0,69.0
294.0,312.0,72.0,98.0
293.0,306.0,72.0,99.0
291.0,302.0,73.0,100.0
290.0,299.0,74.0,101.0
288.0,297.0,73.0,100.0
288.0,297.0,73.0,100.0
287.0,296.0,72.0,99.0
287.0,297.0,70.0,96.0
286.0,296.0,69.0,95.0
284.0,295.0,69.0,95.0
283.0,291.0,70.0,97.0
283.0,291.0,70.0,97.0
282.0,287.0,72.0,99.0
282.0,283.0,73.0,101.0
283.0,282.0,71.0,97.0
283.0,282.0,68.0,93.0
284.0,284.0,65.0,90.0
284.0,284.0,65.0,90.0
284.0,285.0,63.0,87.0
284.0,283.0,66.0,90.0
300.0,309.0,42.0,65.0
300.0,312.0,40.0,62.0
300.0,315.0,40.0,62.0
300.0,315.0,40.0,62.0
298.0,315.0,40.0,62.0
295.0,313.0,42.0,66.0
292.0,310.0,45.0,69.0
291.0,309.0,44.0,68.0
290.0,309.0,43.0,67.0
290.0,309.0,44.0,67.0
289.0,310.0,43.0,67.0
288.0,311.0,42.0,66.0
286.0,314.0,41.0,64.0
282.0,316.0,41.0,63.0
278.0,316.0,43.0,66.0
278.0,316.0,43.0,66.0
272.0,313.0,47.0,72.0
267.0,308.0,50.0,78.0
263.0,304.0,54.0,83.0
261.0,301.0,54.0,84.0
261.0,301.0,52.0,80.0
261.0,301.0,52.0,80.0
261.0,302.0,50.0,77.0
261.0,304.0,48.0,74.0
260.0,306.0,46.0,72.0
261.0,310.0,45.0,69.0
262.0,313.0,43.0,66.0
262.0,313.0,43.0,66.0
261.0,313.0,44.0,68.0
259.0,314.0,45.0,69.0
255.0,315.0,45.0,70.0
252.0,313.0,47.0,73.0
253.0,316.0,46.0,71.0
253.0,316.0,46.0,71.0
251.0,316.0,45.0,70.0
249.0,317.0,45.0,70.0
248.0,321.0,44.0,68.0
250.0,324.0,43.0,66.0
247.0,328.0,42.0,65.0
247.0,328.0,42.0,65.0
245.0,330.0,41.0,64.0
242.0,330.0,43.0,66.0
238.0,328.0,45.0,70.0
236.0,324.0,48.0,74.0
237.0,331.0,45.0,69.0
237.0,331.0,45.0,69.0
238.0,329.0,45.0,70.0
240.0,329.0,43.0,67.0
243.0,330.0,41.0,63.0
246.0,334.0,39.0,60.0
251.0,334.0,38.0,59.0
245.0,328.0,43.0,66.0
249.0,328.0,44.0,68.0
253.0,330.0,43.0,67.0
255.0,332.0,44.0,67.0
254.0,335.0,44.0,68.0
252.0,337.0,44.0,68.0
252.0,337.0,44.0,68.0
249.0,334.0,47.0,73.0
246.0,337.0,45.0,70.0
244.0,338.0,46.0,70.0
243.0,341.0,43.0,67.0
242.0,342.0,43.0,67.0
242.0,342.0,43.0,67.0
242.0,344.0,43.0,66.0
241.0,345.0,41.0,64.0
239.0,345.0,40.0,63.0
237.0,343.0,41.0,64.0
234.0,339.0,43.0,67.0
234.0,339.0,43.0,67.0
231.0,334.0,44.0,69.0
228.0,329.0,48.0,75.0
228.0,328.0,47.0,73.0
229.0,318.0,58.0,75.0
230.0,319.0,56.0,72.0
230.0,319.0,56.0,72.0
232.0,320.0,55.0,71.0
233.0,321.0,54.0,70.0
233.0,320.0,56.0,72.0
232.0,320.0,57.0,74.0
230.0,319.0,59.0,76.0
230.0,319.0,59.0,76.0
230.0,319.0,59.0,76.0
231.0,319.0,58.0,75.0
234.0,319.0,55.0,72.0
237.0,319.0,53.0,69.0
240.0,318.0,51.0,66.0
240.0,318.0,51.0,66.0
233.0,313.0,57.0,74.0
237.0,312.0,58.0,75.0
238.0,311.0,59.0,76.0
238.0,309.0,61.0,79.0
238.0,337.0,49.0,51.0
238.0,337.0,49.0,51.0
236.0,336.0,51.0,53.0
234.0,334.0,53.0,55.0
231.0,337.0,50.0,52.0
231.0,336.0,49.0,51.0
232.0,333.0,49.0,51.0
232.0,334.0,47.0,49.0
234.0,334.0,46.0,48.0
235.0,331.0,47.0,49.0
236.0,330.0,47.0,49.0
238.0,331.0,46.0,48.0
239.0,331.0,45.0,46.0
239.0,331.0,45.0,46.0
240.0,329.0,47.0,49.0
239.0,329.0,47.0,49.0
239.0,330.0,46.0,48.0
255.0,324.0,52.0,54.0
257.0,322.0,51.0,53.0
257.0,322.0,51.0,53.0
260.0,318.0,51.0,53.0
262.0,319.0,48.0,50.0
265.0,314.0,53.0,55.0
268.0,314.0,54.0,56.0
269.0,314.0,56.0,58.0
269.0,314.0,56.0,58.0
272.0,314.0,56.0,58.0
273.0,313.0,57.0,59.0
274.0,311.0,59.0,61.0
276.0,309.0,59.0,61.0
280.0,307.0,57.0,60.0
280.0,307.0,57.0,60.0
283.0,305.0,57.0,59.0
287.0,304.0,55.0,57.0
278.0,299.0,64.0,60.0
281.0,299.0,64.0,60.0
284.0,302.0,63.0,59.0
285.0,302.0,62.0,58.0
288.0,304.0,62.0,58.0
290.0,305.0,62.0,58.0
290.0,305.0,64.0,60.0
290.0,304.0,62.0,58.0
287.0,302.0,63.0,59.0
287.0,302.0,63.0,59.0
284.0,300.0,63.0,59.0
