224.0,352.0,316.0,275.0
223.0,353.0,316.0,275.0
257.0,353.0,282.0,275.0
301.0,353.0,237.0,275.0
296.0,351.0,236.0,283.0
295.0,351.0,236.0,283.0
282.0,351.0,248.0,283.0
281.0,351.0,248.0,283.0
281.0,352.0,248.0,283.0
287.0,352.0,241.0,283.0
286.0,352.0,241.0,283.0
286.0,353.0,241.0,283.0
286.0,353.0,241.0,283.0
286.0,354.0,241.0,283.0
286.0,354.0,241.0,283.0
286.0,355.0,242.0,284.0
286.0,355.0,242.0,284.0
285.0,355.0,242.0,284.0
285.0,356.0,242.0,284.0
285.0,356.0,242.0,284.0
285.0,357.0,242.0,284.0
286.0,357.0,242.0,284.0
285.0,357.0,242.0,284.0
285.0,348.0,242.0,294.0
285.0,348.0,269.0,294.0
284.0,348.0,293.0,294.0
284.0,348.0,324.0,294.0
291.0,284.0,385.0,316.0
305.0,284.0,427.0,280.0
305.0,344.0,471.0,212.0
335.0,323.0,440.0,233.0
335.0,307.0,467.0,249.0
359.0,231.0,442.0,372.0
365.0,180.0,376.0,436.0
359.0,197.0,417.0,444.0
381.0,306.0,397.0,322.0
368.0,304.0,405.0,332.0
353.0,329.0,452.0,303.0
362.0,365.0,420.0,272.0
363.0,365.0,411.0,272.0
323.0,356.0,417.0,282.0
277.0,345.0,450.0,291.0
218.0,296.0,546.0,348.0
252.0,329.0,489.0,314.0
281.0,342.0,548.0,287.0
296.0,320.0,516.0,310.0
327.0,351.0,434.0,283.0
356.0,346.0,345.0,287.0
369.0,339.0,372.0,287.0
352.0,339.0,430.0,287.0
346.0,308.0,440.0,321.0
356.0,267.0,489.0,370.0
394.0,237.0,448.0,408.0
406.0,234.0,449.0,408.0
400.0,265.0,450.0,379.0
386.0,290.0,452.0,335.0
335.0,320.0,499.0,313.0
305.0,341.0,527.0,313.0
299.0,369.0,527.0,260.0
295.0,376.0,527.0,260.0
270.0,373.0,542.0,260.0
263.0,374.0,542.0,260.0
253.0,360.0,503.0,260.0
254.0,362.0,456.0,260.0
281.0,361.0,412.0,260.0
308.0,363.0,383.0,284.0
321.0,358.0,367.0,320.0
327.0,356.0,367.0,347.0
324.0,359.0,367.0,359.0
324.0,361.0,367.0,359.0
311.0,372.0,367.0,347.0
305.0,383.0,367.0,337.0
309.0,383.0,289.0,337.0
303.0,383.0,289.0,337.0
297.0,391.0,289.0,328.0
294.0,391.0,289.0,328.0
280.0,394.0,302.0,326.0
283.0,394.0,283.0,326.0
262.0,394.0,310.0,326.0
245.0,393.0,338.0,326.0
268.0,390.0,328.0,326.0
267.0,382.0,328.0,326.0
267.0,377.0,328.0,326.0
279.0,378.0,298.0,290.0
283.0,375.0,298.0,290.0
281.0,369.0,276.0,275.0
289.0,365.0,276.0,275.0
287.0,364.0,251.0,275.0
297.0,364.0,251.0,275.0
287.0,362.0,260.0,275.0
293.0,360.0,260.0,275.0
292.0,358.0,241.0,275.0
301.0,358.0,241.0,275.0
302.0,357.0,235.0,275.0
304.0,354.0,235.0,275.0
305.0,351.0,235.0,275.0
305.0,348.0,235.0,275.0
306.0,345.0,235.0,275.0
306.0,342.0,235.0,301.0
308.0,340.0,235.0,301.0
309.0,336.0,235.0,301.0
308.0,334.0,235.0,301.0
308.0,351.0,235.0,283.0
309.0,342.0,235.0,283.0
309.0,340.0,235.0,283.0
309.0,338.0,235.0,283.0
310.0,335.0,235.0,283.0
311.0,331.0,235.0,283.0
313.0,329.0,235.0,307.0
314.0,322.0,235.0,307.0
315.0,320.0,235.0,307.0
332.0,319.0,220.0,307.0
327.0,313.0,220.0,307.0
329.0,313.0,220.0,307.0
332.0,313.0,232.0,307.0
330.0,311.0,232.0,307.0
331.0,331.0,251.0,284.0
324.0,320.0,251.0,284.0
322.0,316.0,251.0,284.0
237.0,325.0,355.0,296.0
251.0,312.0,355.0,296.0
228.0,298.0,373.0,311.0
229.0,291.0,373.0,311.0
265.0,219.0,275.0,401.0
278.0,181.0,275.0,430.0
289.0,139.0,301.0,460.0
308.0,113.0,294.0,486.0
331.0,118.0,341.0,463.0
297.0,250.0,364.0,333.0
322.0,251.0,315.0,333.0
300.0,253.0,397.0,333.0
282.0,250.0,467.0,333.0
326.0,180.0,408.0,409.0
298.0,128.0,408.0,467.0
279.0,151.0,408.0,467.0
277.0,104.0,348.0,481.0
285.0,146.0,317.0,428.0
306.0,175.0,276.0,411.0
319.0,169.0,256.0,409.0
310.0,145.0,278.0,431.0
305.0,125.0,268.0,455.0
295.0,142.0,269.0,434.0
275.0,150.0,336.0,438.0
311.0,223.0,333.0,359.0
315.0,304.0,316.0,277.0
306.0,299.0,274.0,295.0
303.0,294.0,253.0,300.0
291.0,288.0,258.0,320.0
297.0,293.0,243.0,293.0
294.0,281.0,252.0,318.0
271.0,283.0,276.0,314.0
291.0,296.0,262.0,323.0
293.0,320.0,270.0,294.0
301.0,302.0,256.0,318.0
293.0,311.0,257.0,303.0
312.0,318.0,235.0,299.0
298.0,316.0,246.0,305.0
319.0,323.0,240.0,285.0
320.0,323.0,239.0,289.0
318.0,325.0,253.0,290.0
319.0,331.0,244.0,283.0
327.0,321.0,242.0,284.0
333.0,330.0,237.0,274.0
332.0,331.0,238.0,271.0
332.0,331.0,239.0,273.0
329.0,329.0,243.0,288.0
325.0,329.0,234.0,276.0
335.0,337.0,226.0,271.0
330.0,333.0,229.0,269.0
328.0,332.0,229.0,269.0
327.0,334.0,229.0,269.0
327.0,334.0,226.0,269.0
327.0,338.0,226.0,265.0
327.0,338.0,226.0,265.0
326.0,339.0,226.0,265.0
326.0,339.0,226.0,265.0
325.0,339.0,226.0,265.0
325.0,340.0,226.0,265.0
324.0,340.0,226.0,265.0
324.0,340.0,226.0,265.0
324.0,341.0,226.0,265.0
331.0,341.0,218.0,265.0
331.0,341.0,218.0,265.0
331.0,342.0,227.0,265.0
331.0,342.0,227.0,265.0
331.0,343.0,227.0,265.0
330.0,343.0,227.0,265.0
330.0,344.0,227.0,265.0
330.0,344.0,227.0,265.0
329.0,344.0,226.0,265.0
329.0,344.0,226.0,265.0
328.0,345.0,226.0,265.0
328.0,345.0,226.0,265.0
328.0,345.0,222.0,265.0
328.0,345.0,222.0,265.0
327.0,346.0,222.0,265.0
327.0,346.0,222.0,265.0
327.0,347.0,222.0,265.0
326.0,347.0,222.0,265.0
326.0,347.0,222.0,265.0
326.0,348.0,222.0,265.0
325.0,348.0,222.0,265.0
326.0,348.0,223.0,266.0
324.0,348.0,222.0,265.0
324.0,349.0,222.0,265.0
324.0,349.0,222.0,266.0
323.0,349.0,223.0,266.0
323.0,350.0,222.0,265.0
323.0,350.0,223.0,266.0
323.0,350.0,223.0,266.0
323.0,351.0,223.0,266.0
322.0,351.0,223.0,266.0
322.0,352.0,223.0,266.0
322.0,352.0,223.0,266.0
322.0,352.0,223.0,266.0
321.0,353.0,223.0,266.0
321.0,353.0,223.0,266.0
321.0,353.0,223.0,267.0
320.0,354.0,223.0,267.0
320.0,354.0,223.0,267.0
320.0,354.0,224.0,267.0
320.0,354.0,223.0,267.0
320.0,354.0,223.0,267.0
320.0,354.0,223.0,267.0
320.0,354.0,224.0,267.0
320.0,354.0,224.0,267.0
320.0,354.0,224.0,267.0
320.0,355.0,224.0,267.0
320.0,355.0,224.0,267.0
320.0,355.0,224.0,267.0
320.0,355.0,224.0,267.0
320.0,355.0,224.0,267.0
320.0,355.0,224.0,267.0
320.0,355.0,224.0,267.0
320.0,355.0,224.0,267.0
320.0,355.0,238.0,267.0
320.0,355.0,238.0,267.0
320.0,355.0,238.0,267.0
320.0,354.0,238.0,267.0
320.0,354.0,249.0,267.0
320.0,354.0,249.0,267.0
320.0,354.0,249.0,267.0
320.0,354.0,249.0,267.0
320.0,353.0,249.0,267.0
320.0,353.0,249.0,267.0
320.0,353.0,249.0,267.0
319.0,353.0,261.0,268.0
319.0,353.0,261.0,268.0
319.0,353.0,261.0,268.0
319.0,352.0,261.0,268.0
319.0,352.0,261.0,268.0
319.0,352.0,261.0,268.0
319.0,352.0,261.0,268.0
319.0,352.0,249.0,268.0
319.0,352.0,249.0,268.0
319.0,352.0,249.0,268.0
318.0,352.0,243.0,268.0
318.0,352.0,243.0,268.0
318.0,352.0,243.0,268.0
318.0,352.0,243.0,268.0
318.0,352.0,243.0,268.0
318.0,352.0,243.0,268.0
318.0,352.0,243.0,268.0
318.0,352.0,243.0,268.0
318.0,352.0,243.0,268.0
318.0,352.0,254.0,268.0
318.0,352.0,254.0,268.0
318.0,352.0,254.0,268.0
318.0,352.0,266.0,268.0
318.0,352.0,266.0,268.0
318.0,352.0,266.0,268.0
318.0,352.0,266.0,268.0
317.0,352.0,266.0,268.0
317.0,353.0,266.0,268.0
317.0,353.0,266.0,268.0
317.0,354.0,265.0,267.0
316.0,354.0,266.0,268.0
316.0,354.0,266.0,268.0
316.0,354.0,266.0,268.0
316.0,354.0,266.0,268.0
316.0,354.0,266.0,268.0
316.0,354.0,250.0,268.0
316.0,354.0,250.0,268.0
316.0,354.0,250.0,268.0
316.0,354.0,241.0,268.0
316.0,354.0,241.0,268.0
316.0,354.0,241.0,268.0
316.0,354.0,241.0,268.0
316.0,355.0,241.0,268.0
316.0,355.0,241.0,268.0
316.0,355.0,241.0,268.0
316.0,355.0,241.0,268.0
316.0,356.0,229.0,268.0
316.0,356.0,229.0,268.0
316.0,356.0,229.0,268.0
316.0,357.0,229.0,268.0
316.0,357.0,229.0,268.0
316.0,357.0,229.0,268.0
316.0,357.0,229.0,268.0
316.0,358.0,229.0,268.0
316.0,358.0,229.0,268.0
316.0,357.0,229.0,268.0
316.0,357.0,229.0,268.0
316.0,357.0,229.0,268.0
316.0,357.0,229.0,268.0
316.0,357.0,229.0,268.0
316.0,358.0,229.0,268.0
316.0,358.0,230.0,269.0
316.0,358.0,230.0,269.0
316.0,358.0,230.0,269.0
316.0,358.0,230.0,269.0
316.0,358.0,230.0,269.0
315.0,358.0,230.0,269.0
315.0,357.0,230.0,269.0
315.0,357.0,230.0,269.0
315.0,357.0,214.0,293.0
315.0,357.0,214.0,293.0
315.0,357.0,214.0,293.0
315.0,357.0,214.0,293.0
315.0,358.0,214.0,294.0
314.0,358.0,215.0,294.0
314.0,358.0,215.0,294.0
314.0,358.0,209.0,294.0
314.0,358.0,209.0,294.0
314.0,358.0,209.0,294.0
313.0,357.0,209.0,294.0
313.0,357.0,209.0,294.0
314.0,357.0,209.0,294.0
314.0,357.0,209.0,294.0
314.0,356.0,209.0,294.0
314.0,356.0,209.0,294.0
314.0,356.0,209.0,294.0
315.0,355.0,209.0,294.0
315.0,355.0,209.0,294.0
315.0,354.0,209.0,294.0
315.0,354.0,209.0,294.0
315.0,353.0,209.0,294.0
316.0,352.0,209.0,294.0
316.0,351.0,209.0,294.0
317.0,351.0,209.0,294.0
317.0,350.0,209.0,294.0
318.0,348.0,209.0,294.0
319.0,328.0,209.0,331.0
333.0,322.0,197.0,324.0
321.0,305.0,209.0,351.0
321.0,290.0,209.0,365.0
322.0,285.0,209.0,369.0
323.0,274.0,208.0,378.0
324.0,269.0,208.0,382.0
325.0,259.0,208.0,391.0
328.0,256.0,208.0,379.0
329.0,255.0,208.0,379.0
330.0,255.0,208.0,379.0
331.0,254.0,208.0,378.0
332.0,242.0,207.0,390.0
333.0,242.0,207.0,390.0
334.0,241.0,207.0,390.0
335.0,241.0,207.0,390.0
336.0,230.0,216.0,409.0
337.0,229.0,216.0,409.0
338.0,229.0,216.0,408.0
339.0,229.0,216.0,408.0
340.0,229.0,216.0,408.0
340.0,229.0,216.0,408.0
325.0,229.0,231.0,408.0
325.0,229.0,231.0,408.0
326.0,229.0,231.0,408.0
303.0,249.0,254.0,388.0
303.0,249.0,254.0,388.0
304.0,249.0,254.0,388.0
304.0,249.0,254.0,388.0
304.0,249.0,254.0,388.0
305.0,249.0,254.0,388.0
305.0,250.0,254.0,388.0
330.0,239.0,229.0,399.0
330.0,239.0,229.0,399.0
331.0,239.0,229.0,399.0
331.0,239.0,229.0,399.0
331.0,221.0,229.0,417.0
331.0,221.0,229.0,417.0
331.0,221.0,229.0,417.0
332.0,211.0,229.0,427.0
332.0,211.0,229.0,427.0
332.0,211.0,229.0,427.0
333.0,211.0,229.0,427.0
333.0,211.0,229.0,427.0
333.0,211.0,229.0,427.0
333.0,211.0,229.0,427.0
333.0,251.0,229.0,388.0
333.0,251.0,229.0,388.0
333.0,251.0,229.0,388.0
333.0,251.0,229.0,388.0
334.0,251.0,229.0,388.0
334.0,250.0,229.0,388.0
335.0,250.0,229.0,388.0
335.0,250.0,229.0,388.0
336.0,250.0,229.0,388.0
336.0,231.0,229.0,407.0
337.0,231.0,229.0,407.0
337.0,231.0,229.0,407.0
338.0,231.0,229.0,407.0
338.0,231.0,229.0,407.0
338.0,231.0,229.0,407.0
339.0,231.0,229.0,407.0
339.0,231.0,229.0,406.0
340.0,231.0,229.0,406.0
340.0,230.0,229.0,407.0
341.0,230.0,229.0,406.0
342.0,230.0,229.0,406.0
343.0,231.0,229.0,406.0
343.0,231.0,229.0,406.0
344.0,231.0,229.0,406.0
344.0,231.0,228.0,406.0
345.0,231.0,229.0,406.0
346.0,231.0,229.0,406.0
346.0,231.0,228.0,406.0
347.0,231.0,228.0,406.0
348.0,231.0,228.0,406.0
349.0,231.0,228.0,406.0
349.0,231.0,228.0,405.0
350.0,231.0,228.0,405.0
351.0,230.0,228.0,405.0
351.0,230.0,228.0,405.0
352.0,230.0,228.0,405.0
353.0,185.0,228.0,450.0
354.0,185.0,228.0,450.0
355.0,185.0,228.0,450.0
356.0,185.0,228.0,450.0
356.0,185.0,228.0,450.0
357.0,185.0,228.0,450.0
307.0,170.0,279.0,465.0
308.0,170.0,279.0,465.0
309.0,170.0,279.0,465.0
310.0,169.0,279.0,465.0
310.0,169.0,279.0,465.0
297.0,161.0,293.0,473.0
298.0,161.0,293.0,473.0
299.0,161.0,293.0,473.0
299.0,161.0,293.0,473.0
300.0,161.0,293.0,473.0
301.0,161.0,293.0,473.0
302.0,161.0,293.0,473.0
303.0,160.0,293.0,473.0
303.0,139.0,293.0,494.0
303.0,139.0,293.0,494.0
288.0,139.0,309.0,523.0
264.0,139.0,334.0,537.0
265.0,139.0,334.0,537.0
265.0,139.0,334.0,537.0
266.0,139.0,307.0,537.0
255.0,139.0,319.0,537.0
240.0,139.0,336.0,537.0
229.0,117.0,346.0,557.0
219.0,117.0,358.0,557.0
207.0,117.0,372.0,557.0
184.0,117.0,398.0,557.0
186.0,117.0,398.0,557.0
172.0,117.0,396.0,557.0
158.0,117.0,413.0,557.0
162.0,117.0,388.0,557.0
145.0,117.0,409.0,557.0
134.0,117.0,424.0,557.0
139.0,121.0,424.0,557.0
127.0,121.0,440.0,557.0
120.0,121.0,451.0,557.0
124.0,121.0,451.0,556.0
127.0,121.0,450.0,556.0
131.0,120.0,450.0,555.0
134.0,119.0,449.0,555.0
138.0,119.0,449.0,555.0
142.0,118.0,448.0,554.0
145.0,118.0,448.0,553.0
149.0,118.0,447.0,552.0
153.0,119.0,446.0,551.0
157.0,118.0,446.0,551.0
160.0,119.0,445.0,550.0
136.0,119.0,472.0,549.0
139.0,119.0,471.0,548.0
142.0,119.0,471.0,548.0
130.0,119.0,484.0,547.0
132.0,119.0,483.0,546.0
135.0,119.0,483.0,546.0
137.0,119.0,482.0,545.0
139.0,119.0,482.0,499.0
141.0,119.0,482.0,499.0
143.0,119.0,481.0,498.0
145.0,119.0,481.0,498.0
148.0,120.0,481.0,498.0
179.0,120.0,451.0,497.0
182.0,121.0,451.0,497.0
184.0,121.0,374.0,496.0
201.0,145.0,361.0,476.0
189.0,145.0,371.0,473.0
192.0,156.0,357.0,462.0
195.0,162.0,352.0,456.0
197.0,159.0,331.0,459.0
200.0,159.0,320.0,459.0
203.0,154.0,320.0,464.0
205.0,166.0,326.0,453.0
208.0,165.0,322.0,454.0
210.0,168.0,326.0,452.0
213.0,173.0,315.0,447.0
216.0,175.0,318.0,445.0
219.0,178.0,314.0,443.0
221.0,163.0,311.0,459.0
223.0,163.0,311.0,459.0
226.0,164.0,311.0,459.0
252.0,178.0,287.0,445.0
258.0,192.0,271.0,421.0
249.0,192.0,274.0,416.0
251.0,193.0,274.0,416.0
253.0,193.0,274.0,416.0
256.0,194.0,242.0,416.0
258.0,194.0,242.0,416.0
260.0,195.0,242.0,416.0
280.0,210.0,202.0,401.0
282.0,210.0,202.0,401.0
284.0,211.0,202.0,401.0
285.0,211.0,202.0,401.0
273.0,225.0,216.0,388.0
275.0,225.0,216.0,388.0
276.0,226.0,216.0,388.0
277.0,226.0,216.0,388.0
279.0,226.0,216.0,388.0
253.0,213.0,243.0,402.0
255.0,213.0,243.0,402.0
256.0,213.0,243.0,402.0
257.0,214.0,243.0,402.0
238.0,214.0,255.0,374.0
240.0,214.0,255.0,374.0
241.0,214.0,255.0,374.0
220.0,231.0,278.0,302.0
221.0,231.0,277.0,301.0
223.0,231.0,278.0,302.0
199.0,231.0,303.0,302.0
200.0,231.0,303.0,302.0
201.0,231.0,303.0,302.0
174.0,231.0,332.0,281.0
175.0,231.0,332.0,281.0
177.0,231.0,332.0,281.0
159.0,231.0,352.0,272.0
161.0,231.0,352.0,272.0
163.0,231.0,352.0,272.0
143.0,231.0,337.0,272.0
145.0,231.0,337.0,272.0
147.0,231.0,337.0,272.0
136.0,231.0,318.0,238.0
137.0,231.0,318.0,238.0
139.0,231.0,318.0,238.0
116.0,231.0,342.0,238.0
116.0,231.0,343.0,239.0
119.0,231.0,342.0,238.0
121.0,231.0,342.0,238.0
122.0,231.0,342.0,238.0
97.0,212.0,346.0,257.0
98.0,212.0,346.0,257.0
99.0,212.0,346.0,257.0
99.0,211.0,346.0,257.0
86.0,150.0,310.0,318.0
86.0,150.0,310.0,318.0
87.0,150.0,310.0,318.0
88.0,150.0,310.0,318.0
78.0,162.0,295.0,309.0
79.0,162.0,295.0,309.0
79.0,162.0,294.0,308.0
80.0,162.0,295.0,309.0
81.0,162.0,294.0,308.0
82.0,162.0,294.0,308.0
83.0,197.0,244.0,273.0
84.0,197.0,244.0,273.0
84.0,197.0,244.0,273.0
85.0,196.0,244.0,273.0
86.0,229.0,235.0,240.0
87.0,229.0,235.0,240.0
88.0,229.0,235.0,240.0
89.0,229.0,234.0,239.0
90.0,241.0,203.0,226.0
90.0,240.0,204.0,227.0
90.0,240.0,204.0,227.0
90.0,240.0,204.0,227.0
90.0,265.0,130.0,202.0
90.0,271.0,126.0,195.0
90.0,265.0,130.0,202.0
91.0,265.0,130.0,202.0
91.0,265.0,130.0,202.0
91.0,298.0,104.0,169.0
91.0,299.0,104.0,169.0
92.0,310.0,96.0,156.0
92.0,310.0,96.0,155.0
91.0,310.0,96.0,155.0
89.0,312.0,94.0,153.0
89.0,312.0,94.0,153.0
88.0,312.0,94.0,153.0
69.0,326.0,94.0,153.0
69.0,326.0,93.0,151.0
69.0,325.0,94.0,152.0
69.0,324.0,93.0,152.0
69.0,324.0,93.0,152.0
69.0,323.0,94.0,152.0
69.0,323.0,93.0,152.0
69.0,323.0,93.0,152.0
68.0,322.0,94.0,152.0
68.0,321.0,94.0,152.0
68.0,321.0,116.0,181.0
68.0,321.0,116.0,180.0
68.0,321.0,115.0,180.0
69.0,320.0,114.0,178.0
70.0,320.0,114.0,178.0
70.0,320.0,114.0,178.0
71.0,329.0,114.0,168.0
72.0,328.0,114.0,168.0
73.0,328.0,113.0,167.0
73.0,327.0,113.0,167.0
74.0,325.0,113.0,167.0
75.0,326.0,111.0,163.0
77.0,325.0,110.0,162.0
78.0,325.0,109.0,161.0
79.0,324.0,109.0,161.0
81.0,324.0,108.0,160.0
83.0,341.0,108.0,141.0
85.0,341.0,108.0,141.0
87.0,340.0,107.0,140.0
89.0,340.0,107.0,139.0
92.0,340.0,106.0,138.0
94.0,342.0,105.0,135.0
96.0,341.0,105.0,135.0
98.0,341.0,104.0,134.0
100.0,340.0,103.0,133.0
91.0,333.0,115.0,141.0
92.0,333.0,115.0,141.0
93.0,333.0,115.0,141.0
94.0,334.0,115.0,140.0
96.0,335.0,114.0,139.0
96.0,336.0,114.0,139.0
97.0,338.0,113.0,138.0
80.0,339.0,130.0,137.0
80.0,340.0,131.0,138.0
81.0,341.0,130.0,137.0
81.0,343.0,130.0,137.0
82.0,343.0,130.0,137.0
83.0,344.0,129.0,136.0
68.0,347.0,144.0,133.0
68.0,348.0,144.0,133.0
69.0,349.0,144.0,133.0
69.0,350.0,143.0,133.0
70.0,349.0,145.0,134.0
70.0,348.0,148.0,137.0
70.0,363.0,144.0,123.0
72.0,363.0,144.0,123.0
73.0,363.0,146.0,125.0
75.0,362.0,147.0,125.0
77.0,361.0,148.0,127.0
78.0,361.0,149.0,127.0
80.0,360.0,151.0,129.0
81.0,359.0,152.0,130.0
83.0,364.0,146.0,125.0
83.0,365.0,146.0,125.0
83.0,364.0,148.0,127.0
83.0,365.0,148.0,126.0
83.0,365.0,148.0,127.0
82.0,364.0,148.0,127.0
81.0,364.0,148.0,127.0
80.0,364.0,148.0,127.0
79.0,363.0,149.0,127.0
77.0,363.0,149.0,128.0
76.0,363.0,149.0,127.0
75.0,364.0,148.0,127.0
73.0,364.0,149.0,127.0
72.0,365.0,149.0,127.0
70.0,366.0,149.0,127.0
69.0,367.0,149.0,128.0
68.0,367.0,149.0,128.0
66.0,367.0,150.0,128.0
64.0,367.0,150.0,128.0
64.0,367.0,151.0,129.0
63.0,367.0,151.0,129.0
63.0,367.0,150.0,128.0
62.0,367.0,150.0,128.0
92.0,330.0,117.0,168.0
92.0,330.0,117.0,168.0
92.0,330.0,116.0,167.0
92.0,329.0,116.0,167.0
93.0,329.0,115.0,166.0
94.0,328.0,115.0,166.0
94.0,326.0,116.0,167.0
96.0,327.0,114.0,164.0
99.0,328.0,112.0,160.0
100.0,327.0,112.0,161.0
103.0,326.0,112.0,161.0
93.0,325.0,124.0,160.0
94.0,332.0,124.0,152.0
95.0,331.0,124.0,152.0
96.0,330.0,124.0,152.0
99.0,331.0,122.0,149.0
102.0,331.0,121.0,149.0
104.0,330.0,122.0,149.0
105.0,329.0,123.0,151.0
95.0,328.0,136.0,152.0
96.0,329.0,135.0,151.0
97.0,330.0,135.0,151.0
97.0,330.0,135.0,150.0
97.0,331.0,134.0,150.0
98.0,332.0,133.0,149.0
99.0,333.0,132.0,147.0
98.0,329.0,136.0,152.0
99.0,329.0,136.0,152.0
100.0,329.0,135.0,151.0
101.0,329.0,135.0,151.0
102.0,329.0,135.0,151.0
103.0,330.0,134.0,150.0
103.0,330.0,134.0,150.0
104.0,330.0,134.0,150.0
105.0,330.0,134.0,150.0
92.0,343.0,146.0,137.0
92.0,343.0,146.0,137.0
91.0,343.0,146.0,137.0
90.0,332.0,147.0,149.0
89.0,332.0,147.0,149.0
88.0,332.0,147.0,149.0
87.0,330.0,148.0,150.0
87.0,331.0,148.0,150.0
87.0,331.0,147.0,149.0
86.0,331.0,147.0,149.0
86.0,331.0,147.0,149.0
86.0,312.0,147.0,168.0
86.0,312.0,147.0,168.0
85.0,312.0,148.0,169.0
85.0,312.0,148.0,169.0
85.0,325.0,149.0,158.0
85.0,325.0,149.0,158.0
85.0,326.0,149.0,158.0
85.0,325.0,149.0,158.0
85.0,325.0,150.0,159.0
84.0,325.0,150.0,159.0
84.0,325.0,149.0,158.0
83.0,324.0,151.0,160.0
82.0,322.0,153.0,162.0
81.0,322.0,154.0,163.0
80.0,320.0,155.0,165.0
79.0,320.0,155.0,164.0
78.0,320.0,155.0,165.0
77.0,319.0,156.0,165.0
75.0,318.0,157.0,166.0
75.0,325.0,150.0,159.0
73.0,318.0,158.0,167.0
69.0,317.0,161.0,170.0
67.0,317.0,161.0,171.0
65.0,317.0,162.0,172.0
64.0,316.0,162.0,172.0
62.0,316.0,162.0,172.0
61.0,316.0,163.0,172.0
59.0,315.0,163.0,173.0
59.0,338.0,163.0,149.0
58.0,337.0,167.0,168.0
58.0,337.0,167.0,165.0
57.0,337.0,168.0,167.0
56.0,337.0,168.0,169.0
55.0,337.0,170.0,174.0
54.0,337.0,166.0,165.0
53.0,336.0,167.0,168.0
52.0,336.0,167.0,165.0
51.0,324.0,167.0,184.0
50.0,324.0,169.0,180.0
50.0,323.0,166.0,179.0
50.0,323.0,169.0,181.0
50.0,322.0,171.0,182.0
64.0,330.0,152.0,171.0
68.0,335.0,145.0,166.0
68.0,335.0,145.0,166.0
67.0,335.0,145.0,166.0
68.0,332.0,144.0,172.0
67.0,332.0,148.0,171.0
68.0,345.0,144.0,160.0
58.0,349.0,153.0,150.0
55.0,363.0,156.0,141.0
59.0,353.0,156.0,151.0
55.0,356.0,168.0,145.0
54.0,353.0,164.0,145.0
61.0,350.0,158.0,152.0
60.0,352.0,164.0,150.0
67.0,348.0,142.0,150.0
67.0,346.0,142.0,151.0
72.0,348.0,136.0,145.0
67.0,347.0,138.0,156.0
67.0,346.0,149.0,150.0
62.0,346.0,161.0,151.0
62.0,346.0,161.0,151.0
63.0,346.0,160.0,150.0
63.0,347.0,160.0,150.0
76.0,347.0,147.0,151.0
76.0,347.0,147.0,151.0
76.0,348.0,147.0,151.0
75.0,348.0,147.0,151.0
75.0,348.0,147.0,151.0
76.0,348.0,147.0,151.0
77.0,349.0,147.0,151.0
77.0,349.0,147.0,151.0
77.0,349.0,147.0,151.0
74.0,338.0,150.0,161.0
74.0,338.0,150.0,161.0
74.0,338.0,150.0,161.0
74.0,338.0,150.0,161.0
75.0,338.0,150.0,161.0
75.0,339.0,150.0,161.0
75.0,339.0,150.0,161.0
75.0,339.0,149.0,160.0
75.0,339.0,150.0,160.0
68.0,340.0,156.0,160.0
68.0,340.0,156.0,160.0
68.0,366.0,156.0,134.0
68.0,366.0,156.0,134.0
68.0,367.0,156.0,134.0
68.0,367.0,156.0,134.0
68.0,349.0,156.0,152.0
68.0,349.0,156.0,152.0
68.0,349.0,156.0,152.0
111.0,337.0,113.0,164.0
111.0,337.0,113.0,164.0
111.0,337.0,113.0,164.0
111.0,337.0,113.0,164.0
89.0,345.0,135.0,156.0
89.0,345.0,135.0,156.0
89.0,345.0,135.0,156.0
89.0,345.0,135.0,156.0
77.0,347.0,147.0,154.0
77.0,347.0,147.0,154.0
77.0,347.0,147.0,154.0
70.0,345.0,154.0,156.0
70.0,345.0,154.0,156.0
70.0,345.0,154.0,156.0
70.0,345.0,154.0,156.0
70.0,345.0,154.0,156.0
67.0,353.0,157.0,148.0
67.0,353.0,157.0,148.0
67.0,353.0,157.0,148.0
67.0,353.0,157.0,148.0
67.0,353.0,157.0,148.0
69.0,344.0,155.0,157.0
69.0,343.0,155.0,157.0
69.0,344.0,155.0,157.0
68.0,344.0,155.0,157.0
83.0,328.0,140.0,173.0
90.0,331.0,133.0,170.0
95.0,337.0,128.0,164.0
103.0,350.0,120.0,151.0
115.0,369.0,107.0,132.0
130.0,387.0,93.0,122.0
147.0,383.0,76.0,120.0
166.0,384.0,50.0,41.0
0
0
0
0
0
0
0
0
0
0
0
0
0
0
0
0
832.0,320.0,68.0,70.0
830.0,311.0,80.0,93.0
831.0,301.0,83.0,115.0
833.0,296.0,97.0,163.0
834.0,291.0,94.0,135.0
833.0,292.0,87.0,143.0
818.0,278.0,108.0,170.0
810.0,277.0,116.0,169.0
807.0,273.0,121.0,182.0
796.0,269.0,132.0,185.0
783.0,268.0,144.0,186.0
760.0,269.0,166.0,182.0
765.0,269.0,158.0,176.0
754.0,269.0,169.0,174.0
745.0,269.0,179.0,174.0
746.0,269.0,179.0,130.0
740.0,267.0,187.0,136.0
721.0,269.0,213.0,158.0
709.0,269.0,228.0,158.0
701.0,277.0,229.0,150.0
694.0,278.0,239.0,149.0
701.0,278.0,232.0,141.0
693.0,278.0,247.0,141.0
687.0,277.0,259.0,145.0
675.0,277.0,278.0,168.0
670.0,277.0,285.0,168.0
668.0,295.0,296.0,150.0
653.0,296.0,320.0,150.0
639.0,296.0,329.0,150.0
640.0,300.0,330.0,150.0
633.0,302.0,331.0,151.0
625.0,298.0,351.0,160.0
622.0,292.0,300.0,168.0
616.0,313.0,282.0,150.0
594.0,302.0,290.0,169.0
562.0,305.0,317.0,158.0
523.0,291.0,357.0,178.0
478.0,233.0,402.0,227.0
419.0,199.0,462.0,242.0
399.0,217.0,463.0,242.0
374.0,257.0,493.0,246.0
348.0,272.0,520.0,266.0
336.0,272.0,427.0,261.0
313.0,267.0,396.0,239.0
312.0,276.0,379.0,222.0
289.0,284.0,402.0,220.0
304.0,284.0,307.0,195.0
330.0,284.0,281.0,167.0
333.0,283.0,278.0,165.0
331.0,275.0,307.0,173.0
332.0,261.0,299.0,208.0
326.0,244.0,265.0,226.0
304.0,246.0,277.0,301.0
291.0,243.0,285.0,310.0
269.0,238.0,244.0,370.0
265.0,235.0,232.0,382.0
267.0,235.0,233.0,383.0
268.0,234.0,224.0,385.0
268.0,235.0,224.0,384.0
266.0,236.0,223.0,384.0
266.0,235.0,224.0,385.0
266.0,234.0,225.0,387.0
266.0,246.0,226.0,375.0
266.0,245.0,226.0,375.0
266.0,245.0,226.0,376.0
267.0,245.0,226.0,376.0
267.0,245.0,227.0,376.0
267.0,245.0,196.0,376.0
267.0,245.0,196.0,376.0
266.0,245.0,196.0,377.0
267.0,245.0,196.0,377.0
267.0,245.0,196.0,377.0
268.0,245.0,196.0,377.0
268.0,245.0,196.0,377.0
268.0,245.0,196.0,377.0
268.0,245.0,196.0,377.0
267.0,245.0,196.0,377.0
267.0,246.0,196.0,377.0
267.0,246.0,196.0,376.0
267.0,246.0,196.0,377.0
268.0,246.0,196.0,376.0
268.0,246.0,196.0,376.0
268.0,246.0,196.0,376.0
269.0,246.0,196.0,377.0
269.0,247.0,196.0,376.0
305.0,247.0,161.0,377.0
306.0,248.0,161.0,377.0
305.0,248.0,162.0,380.0
305.0,248.0,162.0,380.0
306.0,249.0,162.0,380.0
307.0,250.0,163.0,381.0
308.0,250.0,163.0,382.0
309.0,250.0,163.0,382.0
311.0,251.0,163.0,383.0
313.0,251.0,164.0,383.0
314.0,251.0,164.0,384.0
316.0,252.0,164.0,384.0
317.0,252.0,164.0,384.0
318.0,252.0,164.0,385.0
319.0,252.0,164.0,385.0
320.0,252.0,164.0,385.0
305.0,253.0,180.0,385.0
305.0,253.0,180.0,385.0
306.0,253.0,180.0,385.0
306.0,254.0,180.0,385.0
306.0,254.0,180.0,386.0
306.0,254.0,180.0,385.0
306.0,255.0,180.0,385.0
306.0,256.0,180.0,385.0
306.0,257.0,180.0,385.0
305.0,257.0,180.0,385.0
305.0,258.0,180.0,385.0
305.0,258.0,180.0,384.0
304.0,259.0,180.0,385.0
307.0,250.0,174.0,433.0
307.0,250.0,174.0,433.0
306.0,251.0,174.0,453.0
306.0,251.0,174.0,453.0
306.0,252.0,174.0,467.0
306.0,252.0,174.0,467.0
306.0,253.0,174.0,467.0
306.0,253.0,174.0,468.0
284.0,254.0,196.0,468.0
284.0,254.0,196.0,466.0
264.0,255.0,216.0,466.0
264.0,255.0,216.0,465.0
227.0,255.0,253.0,465.0
227.0,255.0,253.0,465.0
227.0,256.0,253.0,465.0
195.0,256.0,281.0,411.0
195.0,256.0,281.0,411.0
196.0,256.0,281.0,411.0
196.0,256.0,281.0,411.0
196.0,256.0,281.0,411.0
197.0,256.0,281.0,411.0
197.0,256.0,281.0,411.0
198.0,256.0,281.0,411.0
199.0,256.0,281.0,411.0
200.0,256.0,281.0,410.0
230.0,256.0,250.0,410.0
230.0,256.0,250.0,410.0
231.0,256.0,249.0,409.0
232.0,256.0,249.0,408.0
265.0,265.0,217.0,399.0
265.0,265.0,217.0,398.0
293.0,265.0,189.0,398.0
298.0,269.0,182.0,405.0
320.0,265.0,153.0,405.0
321.0,265.0,167.0,405.0
323.0,265.0,167.0,405.0
324.0,264.0,167.0,404.0
326.0,264.0,167.0,404.0
327.0,264.0,166.0,403.0
328.0,264.0,166.0,403.0
329.0,264.0,166.0,402.0
303.0,264.0,191.0,419.0
303.0,264.0,191.0,418.0
304.0,265.0,190.0,418.0
304.0,265.0,190.0,417.0
257.0,265.0,238.0,417.0
258.0,265.0,238.0,417.0
258.0,266.0,238.0,416.0
223.0,266.0,273.0,416.0
224.0,266.0,273.0,416.0
225.0,267.0,273.0,406.0
226.0,268.0,273.0,406.0
226.0,268.0,272.0,405.0
227.0,269.0,297.0,405.0
227.0,269.0,297.0,405.0
228.0,270.0,297.0,404.0
228.0,270.0,296.0,404.0
229.0,271.0,296.0,404.0
229.0,271.0,296.0,403.0
230.0,272.0,295.0,403.0
230.0,272.0,295.0,402.0
231.0,273.0,294.0,402.0
232.0,273.0,294.0,401.0
233.0,274.0,294.0,401.0
331.0,275.0,196.0,400.0
332.0,276.0,196.0,400.0
331.0,276.0,196.0,400.0
331.0,277.0,196.0,399.0
274.0,278.0,252.0,399.0
274.0,279.0,252.0,399.0
274.0,279.0,252.0,398.0
217.0,280.0,308.0,398.0
217.0,280.0,308.0,398.0
217.0,281.0,307.0,397.0
171.0,281.0,353.0,365.0
171.0,281.0,353.0,365.0
172.0,282.0,352.0,364.0
222.0,283.0,301.0,371.0
222.0,284.0,301.0,371.0
222.0,284.0,300.0,370.0
228.0,285.0,293.0,389.0
228.0,286.0,293.0,389.0
226.0,286.0,293.0,405.0
225.0,286.0,293.0,405.0
225.0,287.0,292.0,404.0
224.0,287.0,292.0,404.0
230.0,288.0,286.0,432.0
230.0,288.0,286.0,432.0
229.0,288.0,286.0,432.0
229.0,289.0,285.0,431.0
298.0,289.0,216.0,431.0
298.0,289.0,216.0,431.0
298.0,289.0,216.0,431.0
297.0,289.0,216.0,431.0
297.0,290.0,216.0,431.0
297.0,290.0,216.0,431.0
297.0,291.0,216.0,430.0
297.0,291.0,216.0,430.0
297.0,291.0,216.0,430.0
296.0,291.0,216.0,430.0
296.0,291.0,216.0,430.0
296.0,291.0,215.0,430.0
244.0,291.0,267.0,430.0
244.0,291.0,267.0,429.0
244.0,291.0,267.0,429.0
244.0,291.0,267.0,429.0
244.0,291.0,267.0,429.0
244.0,291.0,267.0,428.0
244.0,291.0,267.0,429.0
244.0,291.0,267.0,428.0
244.0,291.0,267.0,428.0
244.0,291.0,267.0,428.0
244.0,291.0,267.0,428.0
244.0,291.0,267.0,428.0
244.0,291.0,267.0,428.0
244.0,291.0,267.0,428.0
244.0,291.0,267.0,428.0
245.0,291.0,267.0,428.0
245.0,291.0,267.0,428.0
245.0,291.0,267.0,429.0
245.0,291.0,267.0,429.0
245.0,291.0,267.0,429.0
245.0,291.0,267.0,429.0
245.0,291.0,267.0,429.0
246.0,291.0,267.0,429.0
246.0,291.0,267.0,429.0
246.0,291.0,267.0,429.0
246.0,291.0,267.0,429.0
246.0,291.0,267.0,430.0
246.0,290.0,267.0,430.0
247.0,290.0,268.0,430.0
247.0,290.0,268.0,430.0
247.0,290.0,268.0,430.0
248.0,290.0,268.0,430.0
248.0,291.0,267.0,430.0
248.0,290.0,268.0,430.0
248.0,290.0,268.0,430.0
248.0,290.0,268.0,430.0
248.0,291.0,267.0,430.0
248.0,291.0,267.0,430.0
248.0,290.0,268.0,430.0
248.0,290.0,268.0,430.0
248.0,290.0,268.0,430.0
248.0,290.0,268.0,430.0
248.0,290.0,268.0,431.0
248.0,290.0,268.0,430.0
248.0,290.0,268.0,430.0
248.0,289.0,268.0,431.0
248.0,289.0,268.0,431.0
248.0,289.0,268.0,431.0
248.0,289.0,268.0,431.0
248.0,289.0,268.0,431.0
248.0,289.0,268.0,431.0
248.0,289.0,268.0,431.0
248.0,289.0,268.0,431.0
248.0,289.0,268.0,431.0
248.0,289.0,268.0,431.0
248.0,289.0,269.0,432.0
248.0,289.0,269.0,432.0
248.0,289.0,269.0,431.0
248.0,289.0,269.0,431.0
247.0,289.0,269.0,431.0
247.0,289.0,268.0,431.0
247.0,303.0,268.0,417.0
301.0,299.0,225.0,421.0
287.0,308.0,233.0,395.0
287.0,308.0,233.0,395.0
287.0,308.0,233.0,395.0
286.0,309.0,233.0,404.0
286.0,309.0,251.0,404.0
286.0,309.0,251.0,404.0
286.0,309.0,251.0,404.0
240.0,308.0,298.0,405.0
240.0,307.0,298.0,406.0
225.0,307.0,313.0,369.0
225.0,307.0,313.0,369.0
224.0,305.0,314.0,370.0
224.0,307.0,313.0,369.0
178.0,302.0,380.0,321.0
178.0,302.0,380.0,321.0
161.0,301.0,397.0,302.0
161.0,301.0,397.0,302.0
150.0,301.0,407.0,302.0
150.0,301.0,426.0,302.0
150.0,301.0,426.0,302.0
149.0,301.0,426.0,302.0
148.0,301.0,427.0,297.0
147.0,301.0,427.0,297.0
147.0,301.0,427.0,297.0
149.0,307.0,435.0,288.0
148.0,307.0,435.0,288.0
148.0,307.0,435.0,288.0
147.0,307.0,435.0,288.0
147.0,307.0,436.0,288.0
155.0,307.0,426.0,288.0
154.0,307.0,426.0,288.0
154.0,307.0,448.0,289.0
153.0,307.0,448.0,289.0
153.0,307.0,448.0,289.0
152.0,307.0,448.0,289.0
151.0,308.0,448.0,289.0
150.0,308.0,448.0,289.0
177.0,308.0,421.0,289.0
176.0,308.0,421.0,289.0
176.0,308.0,421.0,289.0
175.0,308.0,444.0,289.0
175.0,308.0,444.0,289.0
174.0,308.0,444.0,289.0
174.0,308.0,444.0,289.0
173.0,308.0,444.0,289.0
173.0,309.0,444.0,289.0
173.0,309.0,445.0,289.0
173.0,309.0,445.0,290.0
173.0,309.0,445.0,290.0
173.0,309.0,446.0,290.0
173.0,309.0,446.0,290.0
174.0,309.0,467.0,291.0
174.0,309.0,467.0,291.0
174.0,309.0,470.0,293.0
172.0,309.0,493.0,291.0
172.0,309.0,493.0,291.0
171.0,309.0,493.0,291.0
191.0,295.0,472.0,305.0
190.0,295.0,472.0,305.0
189.0,295.0,472.0,305.0
187.0,294.0,472.0,305.0
203.0,284.0,485.0,315.0
201.0,284.0,485.0,315.0
199.0,283.0,476.0,315.0
197.0,283.0,476.0,315.0
225.0,266.0,447.0,331.0
223.0,265.0,447.0,331.0
242.0,248.0,426.0,347.0
240.0,247.0,426.0,347.0
254.0,236.0,412.0,376.0
253.0,234.0,411.0,375.0
250.0,232.0,408.0,408.0
252.0,231.0,406.0,422.0
252.0,229.0,400.0,447.0
251.0,223.0,395.0,457.0
249.0,220.0,395.0,457.0
264.0,217.0,378.0,457.0
262.0,214.0,378.0,457.0
260.0,210.0,378.0,456.0
258.0,206.0,368.0,456.0
256.0,202.0,368.0,456.0
254.0,198.0,368.0,456.0
254.0,207.0,366.0,442.0
252.0,202.0,366.0,443.0
249.0,197.0,368.0,445.0
248.0,191.0,381.0,524.0
248.0,185.0,380.0,523.0
248.0,179.0,380.0,542.0
249.0,172.0,378.0,539.0
249.0,165.0,377.0,537.0
249.0,158.0,376.0,536.0
249.0,151.0,375.0,563.0
250.0,145.0,373.0,560.0
250.0,138.0,372.0,558.0
272.0,151.0,348.0,536.0
272.0,144.0,347.0,534.0
273.0,137.0,345.0,531.0
275.0,133.0,341.0,562.0
280.0,101.0,341.0,587.0
282.0,94.0,339.0,584.0
290.0,90.0,337.0,580.0
294.0,83.0,335.0,577.0
295.0,76.0,334.0,642.0
296.0,70.0,333.0,639.0
296.0,64.0,331.0,637.0
295.0,59.0,330.0,635.0
293.0,55.0,329.0,633.0
353.0,45.0,291.0,638.0
351.0,42.0,289.0,635.0
348.0,37.0,289.0,633.0
344.0,33.0,288.0,631.0
334.0,63.0,364.0,595.0
320.0,72.0,391.0,585.0
302.0,74.0,414.0,574.0
281.0,82.0,442.0,577.0
266.0,77.0,453.0,575.0
262.0,73.0,470.0,606.0
235.0,70.0,492.0,604.0
230.0,67.0,490.0,602.0
226.0,66.0,489.0,600.0
197.0,90.0,512.0,573.0
193.0,90.0,510.0,571.0
189.0,91.0,508.0,569.0
192.0,147.0,558.0,512.0
189.0,148.0,556.0,510.0
202.0,182.0,539.0,474.0
200.0,183.0,537.0,472.0
215.0,193.0,525.0,422.0
215.0,194.0,522.0,420.0
215.0,196.0,520.0,418.0
215.0,197.0,518.0,417.0
296.0,203.0,434.0,409.0
297.0,204.0,431.0,406.0
298.0,205.0,430.0,405.0
360.0,227.0,367.0,382.0
374.0,243.0,352.0,365.0
387.0,250.0,339.0,358.0
403.0,265.0,322.0,343.0
387.0,290.0,337.0,314.0
385.0,304.0,348.0,301.0
391.0,340.0,346.0,269.0
401.0,355.0,347.0,250.0
425.0,370.0,305.0,233.0
477.0,393.0,250.0,216.0
494.0,393.0,251.0,211.0
538.0,397.0,210.0,206.0
572.0,410.0,180.0,172.0
572.0,412.0,185.0,146.0
0
0
0
0
0
0
0
0
0
0
0
0
0
0
0
0
0
0
0
0
0
0
0
0
0
0
0
0
0
0
0
0
0
0
0
0
0
0
0
0
0
0
0
0
0
0
0
0
0
0
0
0
0
0
0
0
0
0
0
0
0
0
0
0
0
0
0
0
0
0
0
0
0
0
0
0
0
0
0
0
0
0
0
0
378.0,205.0,66.0,62.0
352.0,195.0,113.0,83.0
353.0,198.0,109.0,78.0
345.0,197.0,133.0,80.0
334.0,195.0,160.0,87.0
329.0,190.0,166.0,101.0
326.0,186.0,179.0,116.0
332.0,192.0,169.0,126.0
348.0,191.0,173.0,143.0
358.0,204.0,178.0,132.0
382.0,210.0,173.0,134.0
391.0,213.0,199.0,145.0
408.0,221.0,206.0,133.0
430.0,226.0,237.0,133.0
445.0,225.0,230.0,155.0
476.0,225.0,240.0,175.0
499.0,228.0,241.0,168.0
521.0,234.0,247.0,157.0
549.0,229.0,226.0,164.0
559.0,223.0,214.0,173.0
577.0,220.0,212.0,179.0
578.0,229.0,221.0,185.0
600.0,231.0,209.0,205.0
612.0,235.0,205.0,214.0
623.0,239.0,202.0,211.0
632.0,235.0,201.0,215.0
640.0,236.0,200.0,214.0
649.0,238.0,199.0,213.0
656.0,238.0,198.0,212.0
673.0,238.0,190.0,212.0
682.0,238.0,190.0,212.0
685.0,238.0,196.0,200.0
691.0,237.0,196.0,200.0
696.0,234.0,196.0,200.0
709.0,230.0,175.0,190.0
712.0,226.0,175.0,190.0
714.0,222.0,176.0,191.0
716.0,219.0,176.0,191.0
717.0,218.0,176.0,191.0
718.0,217.0,177.0,192.0
719.0,216.0,177.0,193.0
720.0,216.0,178.0,193.0
722.0,216.0,178.0,193.0
724.0,217.0,177.0,192.0
726.0,217.0,177.0,193.0
729.0,217.0,177.0,193.0
731.0,217.0,177.0,193.0
733.0,217.0,177.0,192.0
736.0,217.0,178.0,193.0
738.0,216.0,178.0,193.0
741.0,216.0,178.0,194.0
743.0,215.0,178.0,194.0
745.0,214.0,179.0,194.0
746.0,213.0,179.0,194.0
748.0,213.0,179.0,194.0
750.0,213.0,179.0,194.0
752.0,212.0,179.0,195.0
753.0,212.0,179.0,195.0
755.0,212.0,179.0,195.0
758.0,212.0,179.0,195.0
760.0,212.0,179.0,194.0
762.0,212.0,179.0,194.0
764.0,213.0,179.0,194.0
767.0,213.0,179.0,194.0
769.0,213.0,179.0,194.0
771.0,213.0,179.0,195.0
773.0,213.0,179.0,194.0
775.0,213.0,179.0,194.0
777.0,214.0,179.0,195.0
779.0,214.0,179.0,195.0
781.0,214.0,180.0,195.0
783.0,214.0,180.0,196.0
786.0,214.0,181.0,196.0
788.0,214.0,182.0,197.0
792.0,214.0,180.0,181.0
794.0,215.0,180.0,181.0
795.0,215.0,180.0,181.0
774.0,219.0,200.0,187.0
775.0,220.0,201.0,188.0
776.0,223.0,200.0,187.0
766.0,226.0,225.0,202.0
768.0,228.0,224.0,201.0
772.0,230.0,222.0,200.0
775.0,228.0,225.0,202.0
773.0,229.0,229.0,205.0
773.0,230.0,231.0,208.0
774.0,232.0,233.0,209.0
773.0,232.0,236.0,212.0
776.0,235.0,236.0,212.0
775.0,235.0,241.0,216.0
774.0,236.0,245.0,220.0
774.0,236.0,249.0,224.0
771.0,252.0,256.0,227.0
772.0,252.0,257.0,228.0
777.0,254.0,254.0,226.0
779.0,256.0,255.0,226.0
765.0,257.0,273.0,234.0
768.0,258.0,272.0,233.0
772.0,257.0,273.0,234.0
775.0,257.0,273.0,234.0
776.0,258.0,216.0,236.0
779.0,258.0,216.0,236.0
783.0,258.0,216.0,236.0
754.0,258.0,248.0,236.0
757.0,258.0,248.0,236.0
757.0,259.0,250.0,238.0
757.0,259.0,252.0,240.0
752.0,277.0,260.0,207.0
752.0,277.0,262.0,208.0
752.0,277.0,264.0,210.0
730.0,278.0,289.0,213.0
731.0,279.0,289.0,213.0
726.0,276.0,297.0,219.0
725.0,283.0,300.0,214.0
726.0,283.0,301.0,214.0
729.0,283.0,301.0,215.0
731.0,283.0,301.0,214.0
726.0,279.0,309.0,220.0
726.0,279.0,310.0,221.0
727.0,278.0,310.0,221.0
729.0,278.0,311.0,222.0
730.0,278.0,311.0,222.0
732.0,278.0,312.0,222.0
748.0,278.0,254.0,219.0
749.0,278.0,254.0,219.0
751.0,278.0,255.0,220.0
752.0,278.0,256.0,220.0
753.0,299.0,256.0,199.0
754.0,299.0,256.0,199.0
755.0,298.0,256.0,199.0
756.0,298.0,257.0,199.0
757.0,297.0,257.0,200.0
758.0,296.0,257.0,200.0
759.0,296.0,257.0,200.0
760.0,295.0,257.0,200.0
760.0,295.0,257.0,200.0
761.0,295.0,258.0,200.0
762.0,295.0,258.0,200.0
762.0,296.0,258.0,200.0
763.0,295.0,258.0,200.0
763.0,294.0,258.0,201.0
764.0,295.0,258.0,200.0
764.0,295.0,258.0,200.0
764.0,295.0,257.0,200.0
764.0,294.0,258.0,201.0
765.0,294.0,258.0,201.0
766.0,293.0,258.0,201.0
766.0,294.0,258.0,201.0
766.0,293.0,258.0,201.0
766.0,293.0,258.0,201.0
766.0,292.0,258.0,201.0
765.0,292.0,259.0,201.0
765.0,292.0,259.0,201.0
765.0,291.0,259.0,201.0
765.0,291.0,259.0,201.0
765.0,292.0,259.0,201.0
765.0,292.0,259.0,201.0
765.0,292.0,259.0,201.0
764.0,292.0,259.0,201.0
764.0,292.0,259.0,201.0
764.0,292.0,259.0,201.0
763.0,292.0,259.0,201.0
763.0,291.0,259.0,202.0
763.0,291.0,259.0,202.0
763.0,290.0,259.0,202.0
763.0,289.0,259.0,202.0
763.0,288.0,259.0,202.0
763.0,287.0,259.0,202.0
763.0,286.0,259.0,202.0
762.0,286.0,259.0,202.0
762.0,285.0,260.0,202.0
761.0,284.0,260.0,202.0
760.0,284.0,260.0,202.0
760.0,284.0,260.0,202.0
759.0,283.0,260.0,202.0
758.0,283.0,260.0,202.0
757.0,282.0,261.0,203.0
757.0,282.0,261.0,203.0
757.0,282.0,261.0,203.0
756.0,282.0,261.0,203.0
756.0,281.0,262.0,203.0
756.0,281.0,262.0,203.0
756.0,281.0,262.0,204.0
756.0,281.0,262.0,204.0
756.0,280.0,263.0,204.0
756.0,280.0,263.0,204.0
756.0,280.0,263.0,204.0
756.0,279.0,263.0,205.0
756.0,279.0,263.0,219.0
757.0,279.0,263.0,219.0
757.0,278.0,263.0,219.0
758.0,278.0,264.0,220.0
758.0,277.0,264.0,220.0
757.0,276.0,265.0,221.0
756.0,276.0,303.0,221.0
755.0,276.0,303.0,221.0
754.0,275.0,304.0,222.0
753.0,274.0,304.0,222.0
752.0,273.0,306.0,223.0
752.0,272.0,307.0,224.0
753.0,269.0,308.0,225.0
755.0,269.0,334.0,225.0
757.0,267.0,336.0,226.0
759.0,265.0,338.0,227.0
761.0,263.0,338.0,228.0
775.0,269.0,322.0,215.0
776.0,267.0,323.0,216.0
776.0,264.0,325.0,217.0
778.0,261.0,328.0,219.0
779.0,258.0,332.0,221.0
780.0,258.0,330.0,221.0
781.0,255.0,288.0,222.0
781.0,252.0,290.0,223.0
782.0,249.0,292.0,225.0
784.0,249.0,292.0,225.0
785.0,248.0,294.0,226.0
787.0,244.0,297.0,229.0
789.0,245.0,296.0,228.0
790.0,243.0,297.0,229.0
788.0,240.0,300.0,231.0
788.0,217.0,303.0,252.0
788.0,214.0,305.0,254.0
787.0,213.0,306.0,255.0
787.0,212.0,307.0,256.0
785.0,210.0,309.0,257.0
783.0,208.0,349.0,260.0
781.0,208.0,351.0,261.0
778.0,207.0,354.0,264.0
775.0,207.0,356.0,265.0
773.0,208.0,357.0,266.0
771.0,210.0,385.0,267.0
770.0,214.0,385.0,267.0
750.0,216.0,406.0,268.0
749.0,219.0,406.0,268.0
749.0,224.0,406.0,268.0
748.0,228.0,405.0,268.0
747.0,231.0,405.0,268.0
746.0,233.0,405.0,267.0
721.0,224.0,429.0,273.0
710.0,220.0,437.0,277.0
712.0,228.0,424.0,266.0
707.0,229.0,429.0,263.0
701.0,221.0,428.0,278.0
699.0,219.0,423.0,279.0
706.0,229.0,396.0,268.0
700.0,216.0,399.0,280.0
717.0,218.0,367.0,276.0
701.0,219.0,372.0,277.0
701.0,214.0,365.0,294.0
693.0,222.0,375.0,280.0
708.0,223.0,360.0,280.0
708.0,224.0,360.0,280.0
707.0,211.0,360.0,294.0
706.0,212.0,360.0,294.0
706.0,213.0,350.0,293.0
705.0,214.0,350.0,293.0
705.0,214.0,349.0,292.0
704.0,235.0,349.0,272.0
704.0,235.0,349.0,272.0
703.0,218.0,348.0,290.0
702.0,218.0,348.0,290.0
702.0,205.0,364.0,303.0
701.0,205.0,364.0,303.0
700.0,206.0,364.0,303.0
699.0,206.0,363.0,303.0
698.0,206.0,363.0,302.0
698.0,239.0,363.0,270.0
698.0,239.0,363.0,270.0
698.0,271.0,362.0,238.0
698.0,271.0,362.0,238.0
731.0,271.0,329.0,238.0
731.0,271.0,328.0,238.0
731.0,270.0,329.0,238.0
712.0,270.0,348.0,238.0
712.0,270.0,348.0,238.0
712.0,270.0,348.0,238.0
713.0,270.0,348.0,238.0
713.0,270.0,348.0,238.0
714.0,270.0,347.0,238.0
714.0,269.0,348.0,238.0
715.0,269.0,348.0,238.0
715.0,269.0,348.0,238.0
715.0,269.0,348.0,238.0
716.0,268.0,348.0,238.0
717.0,267.0,348.0,238.0
717.0,266.0,348.0,238.0
717.0,266.0,348.0,238.0
718.0,265.0,348.0,238.0
718.0,265.0,348.0,238.0
718.0,264.0,348.0,238.0
719.0,264.0,348.0,238.0
719.0,263.0,348.0,238.0
720.0,263.0,348.0,238.0
720.0,262.0,348.0,238.0
721.0,262.0,348.0,238.0
721.0,262.0,348.0,238.0
761.0,261.0,309.0,238.0
761.0,261.0,309.0,238.0
761.0,260.0,309.0,238.0
762.0,260.0,309.0,238.0
762.0,260.0,309.0,238.0
762.0,259.0,309.0,238.0
762.0,259.0,309.0,238.0
762.0,259.0,309.0,238.0
763.0,259.0,309.0,238.0
763.0,259.0,309.0,238.0
763.0,259.0,309.0,238.0
763.0,259.0,309.0,238.0
763.0,259.0,309.0,238.0
747.0,259.0,326.0,238.0
747.0,259.0,326.0,238.0
748.0,259.0,326.0,238.0
734.0,254.0,340.0,243.0
734.0,254.0,340.0,243.0
735.0,254.0,340.0,243.0
735.0,255.0,340.0,243.0
736.0,236.0,339.0,262.0
736.0,236.0,339.0,262.0
737.0,237.0,339.0,262.0
737.0,228.0,339.0,272.0
737.0,228.0,339.0,272.0
737.0,229.0,339.0,272.0
738.0,230.0,339.0,272.0
737.0,230.0,340.0,272.0
738.0,232.0,339.0,272.0
739.0,232.0,339.0,272.0
739.0,233.0,339.0,272.0
739.0,234.0,339.0,272.0
739.0,235.0,339.0,272.0
740.0,236.0,339.0,272.0
740.0,237.0,339.0,272.0
740.0,238.0,339.0,272.0
741.0,239.0,339.0,272.0
741.0,240.0,339.0,272.0
741.0,240.0,339.0,272.0
741.0,241.0,339.0,272.0
742.0,242.0,339.0,272.0
742.0,243.0,339.0,272.0
742.0,243.0,339.0,272.0
742.0,244.0,339.0,272.0
742.0,244.0,339.0,272.0
742.0,245.0,339.0,272.0
743.0,245.0,339.0,272.0
742.0,246.0,339.0,272.0
742.0,246.0,339.0,272.0
742.0,246.0,339.0,272.0
742.0,247.0,339.0,272.0
742.0,247.0,340.0,272.0
743.0,247.0,340.0,273.0
743.0,247.0,339.0,272.0
743.0,247.0,340.0,272.0
743.0,248.0,339.0,272.0
743.0,249.0,339.0,272.0
743.0,249.0,339.0,272.0
744.0,249.0,339.0,272.0
743.0,249.0,339.0,272.0
744.0,249.0,339.0,272.0
744.0,249.0,339.0,272.0
744.0,249.0,338.0,272.0
744.0,249.0,339.0,272.0
744.0,249.0,339.0,272.0
744.0,249.0,338.0,272.0
776.0,278.0,306.0,243.0
776.0,278.0,306.0,243.0
776.0,197.0,306.0,324.0
776.0,193.0,306.0,376.0
779.0,187.0,284.0,389.0
776.0,188.0,286.0,396.0
774.0,183.0,291.0,388.0
775.0,174.0,293.0,402.0
769.0,178.0,293.0,405.0
772.0,174.0,283.0,391.0
784.0,168.0,276.0,403.0
780.0,148.0,276.0,417.0
781.0,160.0,274.0,412.0
781.0,158.0,272.0,411.0
790.0,146.0,257.0,417.0
808.0,159.0,239.0,404.0
811.0,143.0,238.0,418.0
845.0,153.0,204.0,404.0
844.0,152.0,204.0,434.0
854.0,138.0,203.0,457.0
854.0,146.0,212.0,458.0
852.0,144.0,228.0,458.0
851.0,143.0,243.0,457.0
863.0,141.0,238.0,457.0
861.0,140.0,252.0,457.0
867.0,139.0,253.0,456.0
865.0,138.0,266.0,456.0
863.0,137.0,285.0,456.0
861.0,136.0,286.0,455.0
858.0,109.0,294.0,481.0
856.0,108.0,293.0,480.0
854.0,107.0,293.0,480.0
851.0,105.0,312.0,479.0
848.0,104.0,311.0,478.0
868.0,103.0,288.0,457.0
865.0,103.0,287.0,456.0
863.0,102.0,303.0,428.0
862.0,102.0,303.0,428.0
858.0,101.0,302.0,407.0
856.0,100.0,301.0,406.0
855.0,100.0,301.0,405.0
851.0,98.0,300.0,404.0
848.0,97.0,299.0,403.0
847.0,97.0,299.0,378.0
848.0,99.0,291.0,368.0
848.0,99.0,290.0,367.0
844.0,98.0,289.0,355.0
843.0,99.0,281.0,345.0
842.0,99.0,279.0,343.0
839.0,100.0,276.0,339.0
835.0,100.0,270.0,332.0
834.0,99.0,269.0,330.0
831.0,98.0,268.0,329.0
827.0,98.0,266.0,326.0
883.0,98.0,208.0,325.0
888.0,101.0,206.0,322.0
887.0,101.0,205.0,321.0
886.0,101.0,205.0,320.0
885.0,100.0,204.0,319.0
883.0,100.0,204.0,319.0
882.0,100.0,204.0,318.0
881.0,100.0,204.0,318.0
907.0,100.0,176.0,306.0
907.0,102.0,174.0,303.0
905.0,101.0,174.0,303.0
903.0,101.0,174.0,303.0
902.0,100.0,174.0,303.0
900.0,136.0,195.0,284.0
899.0,136.0,194.0,283.0
898.0,135.0,194.0,282.0
897.0,135.0,193.0,281.0
881.0,156.0,207.0,236.0
880.0,156.0,206.0,235.0
880.0,155.0,206.0,235.0
879.0,155.0,206.0,235.0
904.0,182.0,209.0,186.0
904.0,182.0,209.0,186.0
904.0,183.0,207.0,184.0
904.0,183.0,224.0,183.0
903.0,183.0,223.0,183.0
902.0,183.0,223.0,182.0
901.0,182.0,223.0,182.0
900.0,183.0,240.0,181.0
899.0,183.0,240.0,181.0
921.0,183.0,217.0,172.0
921.0,183.0,216.0,171.0
919.0,183.0,216.0,171.0
918.0,200.0,249.0,144.0
918.0,200.0,247.0,143.0
917.0,201.0,246.0,142.0
915.0,200.0,271.0,143.0
914.0,200.0,271.0,143.0
930.0,200.0,266.0,145.0
936.0,201.0,260.0,135.0
926.0,194.0,275.0,155.0
937.0,194.0,269.0,146.0
936.0,200.0,267.0,127.0
935.0,199.0,270.0,132.0
938.0,204.0,265.0,120.0
936.0,203.0,268.0,115.0
936.0,203.0,272.0,115.0
935.0,202.0,274.0,115.0
927.0,201.0,284.0,115.0
919.0,218.0,287.0,97.0
923.0,217.0,280.0,99.0
923.0,217.0,272.0,99.0
914.0,217.0,295.0,99.0
905.0,217.0,293.0,98.0
895.0,216.0,292.0,98.0
953.0,215.0,241.0,111.0
941.0,213.0,246.0,113.0
929.0,211.0,252.0,116.0
916.0,211.0,252.0,116.0
929.0,222.0,241.0,106.0
914.0,220.0,248.0,109.0
895.0,216.0,262.0,115.0
880.0,214.0,268.0,118.0
892.0,224.0,247.0,110.0
880.0,224.0,249.0,111.0
864.0,222.0,255.0,114.0
877.0,225.0,230.0,110.0
869.0,226.0,227.0,108.0
862.0,227.0,225.0,108.0
855.0,227.0,224.0,107.0
849.0,228.0,223.0,107.0
827.0,226.0,237.0,109.0
820.0,227.0,236.0,109.0
809.0,227.0,241.0,111.0
799.0,227.0,242.0,111.0
809.0,232.0,225.0,106.0
802.0,232.0,226.0,106.0
789.0,231.0,233.0,110.0
781.0,231.0,235.0,111.0
775.0,230.0,236.0,111.0
797.0,233.0,208.0,109.0
791.0,233.0,208.0,109.0
789.0,233.0,207.0,108.0
785.0,233.0,204.0,107.0
782.0,234.0,202.0,106.0
781.0,235.0,199.0,104.0
779.0,235.0,197.0,103.0
777.0,236.0,194.0,101.0
775.0,236.0,190.0,100.0
773.0,237.0,221.0,98.0
771.0,238.0,217.0,96.0
724.0,240.0,258.0,96.0
722.0,241.0,254.0,95.0
712.0,239.0,260.0,97.0
706.0,239.0,261.0,97.0
700.0,239.0,262.0,98.0
719.0,238.0,239.0,96.0
729.0,233.0,225.0,101.0
716.0,240.0,233.0,94.0
721.0,240.0,224.0,104.0
729.0,239.0,216.0,102.0
725.0,239.0,217.0,102.0
722.0,239.0,218.0,103.0
752.0,239.0,188.0,105.0
750.0,239.0,188.0,105.0
748.0,239.0,189.0,105.0
747.0,240.0,188.0,105.0
753.0,248.0,180.0,96.0
752.0,248.0,180.0,96.0
749.0,249.0,180.0,96.0
746.0,248.0,182.0,97.0
746.0,249.0,179.0,96.0
743.0,248.0,181.0,96.0
741.0,248.0,181.0,97.0
739.0,248.0,180.0,96.0
738.0,248.0,180.0,96.0
738.0,248.0,179.0,96.0
737.0,248.0,180.0,96.0
736.0,249.0,179.0,96.0
735.0,249.0,180.0,96.0
735.0,250.0,179.0,95.0
734.0,250.0,179.0,95.0
734.0,250.0,178.0,95.0
733.0,250.0,179.0,95.0
732.0,250.0,179.0,95.0
731.0,250.0,179.0,95.0
731.0,250.0,178.0,95.0
731.0,251.0,178.0,95.0
731.0,251.0,178.0,95.0
731.0,251.0,178.0,95.0
730.0,251.0,178.0,95.0
730.0,251.0,178.0,95.0
730.0,251.0,179.0,95.0
730.0,251.0,179.0,95.0
729.0,251.0,162.0,95.0
729.0,251.0,162.0,95.0
729.0,252.0,162.0,95.0
729.0,252.0,162.0,95.0
729.0,253.0,162.0,95.0
729.0,253.0,162.0,95.0
729.0,253.0,162.0,95.0
729.0,254.0,162.0,95.0
729.0,254.0,162.0,95.0
729.0,254.0,162.0,95.0
729.0,255.0,162.0,95.0
729.0,255.0,162.0,95.0
729.0,255.0,163.0,95.0
729.0,255.0,163.0,95.0
729.0,256.0,162.0,95.0
729.0,256.0,162.0,95.0
729.0,256.0,161.0,95.0
728.0,255.0,163.0,95.0
728.0,256.0,162.0,95.0
728.0,255.0,162.0,95.0
728.0,257.0,161.0,94.0
728.0,255.0,160.0,94.0
727.0,257.0,160.0,94.0
727.0,256.0,158.0,93.0
727.0,257.0,162.0,95.0
727.0,258.0,161.0,94.0
726.0,257.0,157.0,92.0
726.0,257.0,161.0,94.0
726.0,258.0,160.0,94.0
725.0,258.0,157.0,92.0
725.0,258.0,156.0,92.0
725.0,258.0,161.0,94.0
725.0,259.0,161.0,94.0
724.0,259.0,157.0,92.0
724.0,259.0,157.0,92.0
724.0,259.0,158.0,92.0
724.0,259.0,158.0,93.0
723.0,260.0,160.0,94.0
724.0,261.0,159.0,93.0
723.0,261.0,160.0,94.0
723.0,261.0,161.0,94.0
723.0,274.0,161.0,81.0
722.0,274.0,170.0,81.0
715.0,270.0,183.0,93.0
715.0,270.0,183.0,93.0
714.0,270.0,183.0,93.0
730.0,275.0,168.0,88.0
730.0,275.0,168.0,88.0
729.0,275.0,169.0,88.0
729.0,275.0,169.0,89.0
698.0,272.0,199.0,92.0
698.0,272.0,199.0,92.0
698.0,272.0,199.0,92.0
697.0,272.0,199.0,92.0
716.0,273.0,180.0,92.0
715.0,273.0,180.0,92.0
715.0,273.0,180.0,92.0
714.0,274.0,179.0,92.0
739.0,278.0,154.0,87.0
738.0,278.0,155.0,87.0
738.0,278.0,154.0,87.0
737.0,278.0,155.0,87.0
736.0,278.0,155.0,88.0
735.0,278.0,155.0,87.0
803.0,289.0,87.0,77.0
802.0,289.0,87.0,77.0
797.0,285.0,115.0,88.0
817.0,290.0,81.0,70.0
825.0,290.0,78.0,66.0
824.0,290.0,78.0,70.0
822.0,290.0,91.0,80.0
823.0,289.0,85.0,76.0
827.0,291.0,80.0,79.0
830.0,295.0,74.0,65.0
823.0,293.0,83.0,73.0
820.0,291.0,87.0,69.0
823.0,288.0,77.0,71.0
819.0,289.0,83.0,73.0
815.0,289.0,90.0,76.0
823.0,301.0,72.0,60.0
824.0,291.0,72.0,59.0
824.0,294.0,75.0,60.0
816.0,291.0,75.0,62.0
822.0,295.0,68.0,52.0
816.0,292.0,73.0,59.0
815.0,293.0,77.0,56.0
817.0,291.0,74.0,51.0
824.0,295.0,74.0,55.0
808.0,300.0,88.0,49.0
815.0,297.0,79.0,45.0
821.0,296.0,78.0,58.0
821.0,296.0,78.0,58.0
821.0,296.0,78.0,58.0
821.0,296.0,78.0,58.0
820.0,296.0,77.0,58.0
820.0,296.0,77.0,58.0
820.0,296.0,77.0,57.0
820.0,296.0,77.0,57.0
820.0,296.0,77.0,57.0
820.0,296.0,77.0,57.0
819.0,296.0,77.0,57.0
819.0,296.0,77.0,57.0
819.0,296.0,77.0,58.0
819.0,296.0,78.0,58.0
819.0,296.0,78.0,58.0
819.0,296.0,77.0,57.0
819.0,295.0,78.0,58.0
819.0,295.0,77.0,58.0
819.0,295.0,77.0,57.0
819.0,295.0,77.0,58.0
819.0,296.0,77.0,57.0
819.0,296.0,77.0,57.0
818.0,295.0,78.0,58.0
818.0,296.0,78.0,58.0
820.0,296.0,76.0,57.0
819.0,296.0,78.0,58.0
819.0,296.0,78.0,58.0
820.0,296.0,76.0,57.0
821.0,296.0,77.0,57.0
821.0,296.0,76.0,57.0
822.0,297.0,76.0,57.0
822.0,297.0,75.0,56.0
821.0,297.0,77.0,57.0
821.0,297.0,77.0,57.0
822.0,297.0,77.0,57.0
822.0,297.0,77.0,57.0
822.0,297.0,77.0,57.0
822.0,296.0,79.0,58.0
818.0,294.0,84.0,62.0
820.0,294.0,82.0,61.0
809.0,286.0,96.0,71.0
808.0,285.0,97.0,72.0
809.0,285.0,97.0,72.0
802.0,281.0,104.0,77.0
803.0,281.0,103.0,76.0
804.0,282.0,102.0,76.0
804.0,279.0,106.0,79.0
792.0,267.0,119.0,91.0
791.0,264.0,119.0,91.0
788.0,262.0,120.0,92.0
785.0,262.0,120.0,92.0
781.0,262.0,120.0,92.0
778.0,262.0,120.0,92.0
775.0,255.0,120.0,99.0
774.0,256.0,120.0,99.0
772.0,257.0,116.0,96.0
771.0,258.0,113.0,93.0
769.0,258.0,113.0,93.0
767.0,257.0,112.0,92.0
766.0,257.0,112.0,92.0
765.0,257.0,112.0,92.0
764.0,257.0,112.0,93.0
764.0,248.0,112.0,102.0
763.0,248.0,112.0,102.0
763.0,248.0,112.0,102.0
764.0,249.0,112.0,102.0
763.0,253.0,112.0,97.0
762.0,253.0,112.0,97.0
762.0,253.0,112.0,97.0
761.0,253.0,112.0,97.0
761.0,253.0,113.0,97.0
761.0,253.0,113.0,98.0
761.0,253.0,113.0,98.0
761.0,253.0,113.0,98.0
761.0,253.0,113.0,98.0
760.0,253.0,113.0,98.0
760.0,253.0,113.0,98.0
760.0,253.0,113.0,98.0
759.0,251.0,116.0,100.0
759.0,253.0,114.0,98.0
758.0,253.0,114.0,98.0
758.0,253.0,114.0,99.0
757.0,254.0,114.0,99.0
779.0,254.0,91.0,98.0
779.0,254.0,91.0,98.0
779.0,254.0,91.0,98.0
778.0,254.0,91.0,98.0
778.0,254.0,91.0,98.0
778.0,254.0,91.0,98.0
778.0,254.0,91.0,98.0
778.0,255.0,91.0,98.0
777.0,254.0,91.0,98.0
777.0,255.0,91.0,98.0
777.0,255.0,91.0,98.0
777.0,254.0,91.0,98.0
777.0,255.0,91.0,98.0
777.0,255.0,91.0,98.0
777.0,255.0,91.0,98.0
777.0,255.0,91.0,98.0
777.0,255.0,91.0,98.0
777.0,255.0,91.0,98.0
777.0,255.0,91.0,98.0
777.0,255.0,90.0,97.0
776.0,254.0,91.0,98.0
776.0,253.0,92.0,99.0
777.0,253.0,91.0,98.0
777.0,253.0,91.0,98.0
777.0,253.0,91.0,98.0
777.0,253.0,91.0,98.0
777.0,253.0,91.0,98.0
778.0,253.0,91.0,98.0
778.0,253.0,91.0,98.0
778.0,253.0,91.0,98.0
778.0,253.0,91.0,98.0
778.0,253.0,91.0,98.0
778.0,253.0,91.0,98.0
778.0,253.0,91.0,98.0
778.0,253.0,91.0,98.0
778.0,253.0,91.0,98.0
778.0,253.0,91.0,98.0
779.0,253.0,91.0,98.0
779.0,253.0,91.0,98.0
779.0,253.0,91.0,98.0
800.0,268.0,70.0,84.0
794.0,266.0,71.0,73.0
785.0,289.0,84.0,56.0
791.0,290.0,81.0,55.0
789.0,295.0,89.0,58.0
786.0,295.0,97.0,52.0
786.0,296.0,86.0,55.0
786.0,296.0,86.0,55.0
799.0,303.0,73.0,48.0
800.0,303.0,72.0,47.0
798.0,303.0,74.0,48.0
799.0,303.0,73.0,48.0
772.0,298.0,100.0,53.0
772.0,298.0,100.0,53.0
772.0,298.0,100.0,53.0
771.0,296.0,104.0,55.0
772.0,298.0,114.0,52.0
772.0,297.0,115.0,52.0
771.0,297.0,115.0,53.0
771.0,297.0,115.0,53.0
771.0,298.0,114.0,52.0
771.0,298.0,114.0,52.0
771.0,296.0,123.0,56.0
771.0,298.0,113.0,52.0
821.0,298.0,70.0,55.0
822.0,299.0,69.0,54.0
821.0,298.0,70.0,55.0
825.0,301.0,65.0,51.0
821.0,298.0,70.0,55.0
821.0,298.0,70.0,55.0
821.0,298.0,81.0,64.0
821.0,298.0,81.0,64.0
821.0,299.0,80.0,64.0
821.0,298.0,81.0,64.0
821.0,299.0,80.0,64.0
821.0,299.0,80.0,64.0
827.0,302.0,74.0,59.0
827.0,303.0,73.0,58.0
827.0,303.0,73.0,58.0
827.0,303.0,73.0,58.0
827.0,303.0,73.0,58.0
827.0,303.0,73.0,58.0
827.0,303.0,73.0,58.0
0
0
0
0
0
0
0
0
0
0
0
0
0
0
0
0
0
0
0
0
0
0
0
0
0
0
0
0
0
0
0
0
0
0
0
0
0
0
0
0
0
0
0
0
0
0
0
0
0
0
0
0
0
0
0
0
0
0
0
0
0
0
0
0
0
0
0
0
0
0
0
0
0
0
0
0
0
0
0
0
0
0
0
0
0
0
0
0
0
0
0
0
0
0
0
0
610.0,425.0,301.0,290.0
630.0,404.0,299.0,311.0
637.0,356.0,365.0,365.0
663.0,309.0,402.0,433.0
675.0,291.0,397.0,423.0
638.0,225.0,494.0,495.0
662.0,213.0,494.0,510.0
683.0,197.0,507.0,524.0
707.0,203.0,513.0,529.0
717.0,180.0,426.0,540.0
670.0,169.0,456.0,547.0
604.0,215.0,529.0,506.0
605.0,216.0,530.0,506.0
608.0,241.0,532.0,484.0
518.0,242.0,628.0,475.0
520.0,271.0,628.0,446.0
494.0,274.0,660.0,444.0
487.0,297.0,673.0,422.0
489.0,297.0,398.0,424.0
485.0,302.0,277.0,418.0
473.0,301.0,289.0,398.0
462.0,283.0,286.0,421.0
454.0,269.0,292.0,435.0
451.0,264.0,278.0,443.0
403.0,264.0,336.0,426.0
399.0,262.0,339.0,410.0
399.0,263.0,363.0,410.0
399.0,293.0,363.0,380.0
399.0,309.0,363.0,334.0
399.0,285.0,352.0,358.0
398.0,283.0,354.0,360.0
374.0,283.0,379.0,360.0
374.0,258.0,384.0,384.0
355.0,263.0,425.0,375.0
364.0,228.0,418.0,405.0
368.0,201.0,418.0,405.0
439.0,202.0,378.0,373.0
483.0,205.0,358.0,361.0
512.0,205.0,357.0,361.0
511.0,204.0,358.0,362.0
510.0,291.0,358.0,275.0
484.0,318.0,384.0,249.0
483.0,319.0,384.0,249.0
482.0,319.0,385.0,250.0
481.0,319.0,386.0,250.0
479.0,320.0,387.0,251.0
479.0,320.0,387.0,310.0
479.0,322.0,387.0,315.0
479.0,323.0,386.0,318.0
480.0,328.0,384.0,320.0
404.0,338.0,466.0,327.0
404.0,339.0,465.0,327.0
403.0,339.0,466.0,327.0
403.0,340.0,466.0,327.0
404.0,340.0,466.0,327.0
404.0,341.0,465.0,327.0
405.0,341.0,466.0,327.0
405.0,341.0,465.0,326.0
406.0,341.0,465.0,326.0
406.0,341.0,465.0,326.0
406.0,342.0,464.0,326.0
406.0,342.0,464.0,326.0
406.0,343.0,464.0,325.0
406.0,343.0,463.0,325.0
407.0,343.0,463.0,325.0
407.0,344.0,497.0,325.0
407.0,344.0,497.0,325.0
407.0,344.0,497.0,325.0
407.0,343.0,497.0,325.0
407.0,343.0,497.0,325.0
407.0,330.0,497.0,338.0
407.0,330.0,497.0,338.0
407.0,329.0,497.0,338.0
407.0,329.0,497.0,338.0
407.0,329.0,496.0,337.0
407.0,328.0,497.0,338.0
407.0,328.0,497.0,338.0
408.0,326.0,497.0,338.0
409.0,326.0,497.0,338.0
409.0,325.0,497.0,338.0
409.0,324.0,497.0,338.0
409.0,324.0,497.0,338.0
409.0,324.0,497.0,338.0
409.0,323.0,498.0,338.0
409.0,323.0,498.0,338.0
409.0,322.0,498.0,338.0
409.0,322.0,498.0,339.0
410.0,321.0,498.0,339.0
410.0,321.0,498.0,339.0
410.0,321.0,498.0,316.0
410.0,321.0,498.0,316.0
410.0,321.0,498.0,316.0
410.0,320.0,498.0,316.0
410.0,320.0,498.0,316.0
410.0,296.0,475.0,340.0
410.0,296.0,475.0,340.0
410.0,295.0,476.0,340.0
410.0,294.0,477.0,341.0
410.0,294.0,477.0,341.0
410.0,294.0,477.0,341.0
410.0,294.0,477.0,341.0
410.0,294.0,477.0,341.0
410.0,294.0,477.0,341.0
438.0,271.0,465.0,364.0
438.0,271.0,465.0,364.0
437.0,271.0,465.0,364.0
436.0,271.0,466.0,365.0
435.0,271.0,466.0,365.0
433.0,271.0,467.0,365.0
486.0,275.0,438.0,362.0
485.0,275.0,439.0,362.0
483.0,275.0,439.0,363.0
482.0,276.0,440.0,364.0
480.0,254.0,440.0,386.0
477.0,254.0,441.0,387.0
475.0,255.0,442.0,387.0
472.0,255.0,443.0,388.0
470.0,255.0,442.0,388.0
464.0,256.0,445.0,390.0
461.0,255.0,446.0,391.0
457.0,255.0,448.0,393.0
453.0,254.0,449.0,394.0
449.0,254.0,450.0,395.0
445.0,253.0,451.0,396.0
449.0,252.0,445.0,390.0
444.0,251.0,447.0,391.0
440.0,252.0,448.0,392.0
436.0,252.0,449.0,394.0
433.0,252.0,451.0,395.0
430.0,252.0,451.0,396.0
428.0,253.0,451.0,424.0
