690.0,383.0,40.0,25.0
688.0,382.0,40.0,25.0
685.0,381.0,40.0,25.0
682.0,380.0,39.0,25.0
680.0,380.0,39.0,24.0
678.0,380.0,39.0,24.0
676.0,380.0,38.0,24.0
674.0,380.0,38.0,24.0
672.0,377.0,38.0,24.0
669.0,379.0,37.0,23.0
670.0,378.0,37.0,23.0
669.0,379.0,37.0,23.0
668.0,378.0,36.0,23.0
666.0,378.0,36.0,23.0
667.0,378.0,36.0,23.0
666.0,378.0,37.0,23.0
665.0,377.0,36.0,22.0
664.0,377.0,36.0,23.0
663.0,377.0,36.0,23.0
661.0,376.0,37.0,23.0
661.0,378.0,37.0,23.0
658.0,376.0,38.0,23.0
659.0,378.0,38.0,24.0
657.0,378.0,38.0,24.0
658.0,379.0,36.0,22.0
658.0,378.0,36.0,22.0
656.0,381.0,36.0,22.0
656.0,380.0,36.0,22.0
655.0,382.0,36.0,22.0
652.0,381.0,35.0,22.0
651.0,382.0,36.0,22.0
649.0,382.0,37.0,23.0
646.0,384.0,37.0,23.0
646.0,384.0,37.0,23.0
644.0,382.0,37.0,23.0
642.0,382.0,38.0,23.0
642.0,382.0,38.0,23.0
639.0,382.0,39.0,24.0
638.0,381.0,38.0,23.0
637.0,377.0,40.0,25.0
636.0,377.0,40.0,25.0
635.0,378.0,40.0,25.0
635.0,378.0,39.0,25.0
637.0,378.0,39.0,24.0
641.0,381.0,39.0,24.0
643.0,381.0,39.0,24.0
643.0,380.0,39.0,24.0
649.0,384.0,39.0,25.0
650.0,382.0,41.0,26.0
652.0,385.0,42.0,26.0
656.0,384.0,42.0,26.0
661.0,386.0,41.0,26.0
668.0,387.0,41.0,26.0
676.0,387.0,35.0,24.0
680.0,388.0,35.0,24.0
683.0,390.0,35.0,24.0
685.0,390.0,35.0,24.0
687.0,391.0,35.0,24.0
689.0,391.0,35.0,24.0
690.0,391.0,35.0,24.0
694.0,393.0,36.0,24.0
695.0,391.0,37.0,25.0
694.0,392.0,37.0,25.0
694.0,390.0,38.0,26.0
695.0,391.0,33.0,25.0
696.0,391.0,33.0,25.0
696.0,389.0,33.0,25.0
694.0,389.0,33.0,25.0
695.0,388.0,33.0,25.0
696.0,390.0,38.0,24.0
696.0,390.0,38.0,24.0
697.0,388.0,38.0,24.0
695.0,386.0,39.0,24.0
695.0,385.0,39.0,25.0
691.0,381.0,39.0,25.0
689.0,380.0,39.0,25.0
691.0,380.0,39.0,25.0
690.0,374.0,39.0,25.0
692.0,374.0,38.0,24.0
690.0,370.0,38.0,24.0
691.0,370.0,38.0,24.0
689.0,366.0,38.0,24.0
688.0,367.0,38.0,24.0
686.0,364.0,38.0,24.0
685.0,362.0,38.0,24.0
684.0,361.0,38.0,24.0
684.0,360.0,38.0,24.0
682.0,358.0,38.0,24.0
683.0,357.0,37.0,23.0
680.0,357.0,37.0,23.0
680.0,356.0,37.0,23.0
680.0,356.0,36.0,23.0
678.0,355.0,37.0,23.0
678.0,355.0,37.0,23.0
679.0,356.0,37.0,23.0
678.0,356.0,37.0,23.0
680.0,358.0,37.0,23.0
684.0,358.0,33.0,23.0
684.0,359.0,33.0,23.0
685.0,359.0,33.0,23.0
685.0,358.0,33.0,23.0
690.0,359.0,33.0,23.0
689.0,358.0,33.0,23.0
692.0,358.0,34.0,24.0
693.0,357.0,35.0,25.0
693.0,357.0,36.0,25.0
695.0,355.0,36.0,25.0
698.0,354.0,35.0,24.0
704.0,356.0,34.0,24.0
705.0,354.0,37.0,26.0
709.0,357.0,37.0,26.0
712.0,354.0,37.0,26.0
719.0,356.0,37.0,26.0
721.0,356.0,39.0,22.0
724.0,356.0,39.0,22.0
727.0,356.0,39.0,22.0
730.0,357.0,39.0,22.0
728.0,357.0,40.0,23.0
725.0,355.0,40.0,23.0
725.0,355.0,40.0,23.0
721.0,354.0,40.0,22.0
720.0,350.0,40.0,23.0
722.0,353.0,39.0,22.0
721.0,370.0,39.0,22.0
718.0,371.0,39.0,22.0
708.0,365.0,39.0,22.0
705.0,359.0,39.0,22.0
701.0,358.0,40.0,22.0
697.0,357.0,40.0,22.0
693.0,358.0,40.0,22.0
690.0,358.0,39.0,22.0
686.0,359.0,39.0,22.0
680.0,361.0,39.0,22.0
673.0,359.0,39.0,22.0
665.0,356.0,39.0,22.0
660.0,357.0,39.0,22.0
648.0,353.0,39.0,22.0
646.0,348.0,39.0,22.0
641.0,341.0,40.0,22.0
631.0,333.0,40.0,22.0
624.0,331.0,39.0,22.0
621.0,329.0,39.0,22.0
620.0,329.0,38.0,22.0
614.0,327.0,39.0,22.0
611.0,323.0,40.0,22.0
610.0,321.0,40.0,23.0
612.0,320.0,39.0,22.0
611.0,317.0,40.0,23.0
614.0,317.0,40.0,23.0
613.0,314.0,40.0,23.0
612.0,311.0,40.0,23.0
613.0,311.0,41.0,23.0
611.0,308.0,41.0,23.0
611.0,308.0,41.0,23.0
610.0,307.0,41.0,23.0
608.0,306.0,42.0,23.0
608.0,305.0,42.0,24.0
608.0,304.0,41.0,23.0
607.0,302.0,41.0,23.0
608.0,303.0,42.0,24.0
609.0,301.0,39.0,22.0
606.0,299.0,41.0,23.0
606.0,298.0,41.0,23.0
606.0,298.0,40.0,22.0
605.0,299.0,40.0,22.0
605.0,297.0,40.0,23.0
602.0,296.0,40.0,23.0
602.0,300.0,40.0,22.0
600.0,300.0,40.0,22.0
596.0,301.0,38.0,22.0
596.0,301.0,38.0,21.0
594.0,300.0,37.0,21.0
592.0,303.0,40.0,23.0
593.0,313.0,40.0,23.0
591.0,315.0,40.0,22.0
593.0,320.0,40.0,22.0
595.0,323.0,40.0,22.0
593.0,325.0,39.0,22.0
592.0,332.0,40.0,23.0
594.0,337.0,40.0,23.0
593.0,341.0,39.0,22.0
591.0,342.0,40.0,23.0
593.0,345.0,40.0,23.0
591.0,347.0,41.0,23.0
591.0,349.0,39.0,22.0
590.0,351.0,41.0,23.0
587.0,350.0,41.0,23.0
588.0,352.0,42.0,23.0
588.0,351.0,40.0,23.0
587.0,349.0,41.0,23.0
587.0,346.0,41.0,23.0
587.0,344.0,41.0,23.0
586.0,341.0,41.0,23.0
585.0,343.0,41.0,23.0
585.0,342.0,41.0,23.0
584.0,341.0,41.0,23.0
585.0,342.0,42.0,23.0
584.0,340.0,42.0,24.0
585.0,340.0,41.0,23.0
585.0,340.0,41.0,23.0
585.0,338.0,41.0,23.0
586.0,336.0,42.0,23.0
589.0,333.0,41.0,23.0
594.0,329.0,41.0,23.0
594.0,324.0,41.0,23.0
597.0,318.0,42.0,24.0
601.0,314.0,42.0,24.0
602.0,309.0,42.0,24.0
608.0,308.0,42.0,24.0
611.0,306.0,42.0,24.0
612.0,305.0,42.0,24.0
615.0,302.0,42.0,24.0
616.0,300.0,41.0,23.0
619.0,296.0,42.0,23.0
620.0,297.0,41.0,23.0
623.0,297.0,41.0,23.0
624.0,296.0,41.0,23.0
625.0,295.0,41.0,23.0
625.0,296.0,41.0,23.0
628.0,300.0,40.0,22.0
626.0,306.0,40.0,22.0
624.0,307.0,41.0,23.0
623.0,308.0,42.0,23.0
620.0,308.0,42.0,24.0
618.0,311.0,40.0,23.0
617.0,314.0,40.0,23.0
616.0,313.0,40.0,23.0
614.0,315.0,40.0,23.0
615.0,315.0,40.0,23.0
613.0,315.0,40.0,23.0
612.0,317.0,42.0,24.0
613.0,318.0,42.0,24.0
611.0,318.0,41.0,23.0
611.0,319.0,42.0,23.0
610.0,319.0,41.0,23.0
611.0,322.0,41.0,23.0
611.0,322.0,42.0,23.0
612.0,325.0,42.0,24.0
612.0,325.0,42.0,24.0
613.0,327.0,42.0,24.0
615.0,340.0,42.0,24.0
621.0,344.0,41.0,23.0
622.0,350.0,41.0,23.0
624.0,353.0,40.0,22.0
622.0,354.0,42.0,24.0
625.0,359.0,42.0,24.0
624.0,359.0,42.0,24.0
623.0,362.0,43.0,24.0
625.0,364.0,43.0,24.0
624.0,366.0,43.0,24.0
625.0,368.0,43.0,24.0
625.0,369.0,43.0,24.0
626.0,369.0,42.0,24.0
625.0,368.0,43.0,24.0
625.0,367.0,42.0,23.0
625.0,368.0,41.0,23.0
622.0,366.0,41.0,23.0
624.0,366.0,41.0,23.0
621.0,365.0,41.0,23.0
621.0,365.0,41.0,23.0
618.0,361.0,41.0,23.0
619.0,362.0,41.0,23.0
612.0,358.0,41.0,23.0
612.0,359.0,41.0,23.0
606.0,358.0,41.0,23.0
602.0,357.0,41.0,23.0
602.0,354.0,41.0,23.0
597.0,354.0,41.0,23.0
592.0,351.0,41.0,23.0
591.0,352.0,41.0,23.0
589.0,350.0,42.0,23.0
586.0,349.0,41.0,23.0
584.0,349.0,42.0,24.0
582.0,350.0,42.0,24.0
578.0,346.0,42.0,24.0
578.0,348.0,42.0,24.0
575.0,346.0,42.0,24.0
573.0,344.0,42.0,24.0
574.0,344.0,42.0,24.0
572.0,341.0,42.0,24.0
573.0,341.0,42.0,24.0
576.0,341.0,43.0,24.0
574.0,337.0,43.0,24.0
580.0,338.0,43.0,24.0
586.0,337.0,44.0,25.0
588.0,337.0,41.0,23.0
590.0,338.0,41.0,23.0
591.0,337.0,41.0,23.0
590.0,339.0,41.0,23.0
592.0,337.0,41.0,23.0
592.0,338.0,41.0,23.0
592.0,337.0,41.0,23.0
594.0,335.0,41.0,23.0
593.0,334.0,41.0,23.0
595.0,332.0,41.0,23.0
599.0,334.0,40.0,23.0
599.0,333.0,40.0,23.0
599.0,331.0,40.0,23.0
601.0,330.0,40.0,23.0
602.0,330.0,40.0,22.0
602.0,329.0,40.0,23.0
603.0,329.0,40.0,22.0
605.0,330.0,40.0,22.0
605.0,330.0,40.0,22.0
606.0,333.0,39.0,22.0
604.0,331.0,40.0,22.0
602.0,332.0,40.0,22.0
602.0,332.0,40.0,22.0
603.0,334.0,40.0,22.0
600.0,335.0,40.0,22.0
601.0,338.0,39.0,22.0
600.0,338.0,40.0,22.0
598.0,347.0,39.0,22.0
598.0,349.0,40.0,22.0
597.0,357.0,40.0,22.0
597.0,361.0,40.0,23.0
595.0,362.0,40.0,23.0
595.0,364.0,40.0,23.0
595.0,366.0,40.0,23.0
597.0,368.0,40.0,23.0
598.0,370.0,40.0,23.0
598.0,367.0,41.0,23.0
603.0,366.0,41.0,23.0
612.0,361.0,41.0,23.0
618.0,359.0,41.0,23.0
624.0,353.0,41.0,23.0
629.0,348.0,41.0,23.0
634.0,347.0,41.0,23.0
636.0,345.0,41.0,23.0
639.0,343.0,41.0,23.0
643.0,344.0,41.0,23.0
645.0,341.0,42.0,23.0
648.0,342.0,41.0,23.0
650.0,339.0,41.0,23.0
651.0,336.0,41.0,23.0
651.0,334.0,41.0,23.0
650.0,331.0,41.0,23.0
651.0,329.0,41.0,23.0
652.0,328.0,41.0,23.0
652.0,326.0,41.0,23.0
652.0,323.0,41.0,23.0
651.0,322.0,41.0,23.0
650.0,321.0,41.0,23.0
648.0,319.0,41.0,23.0
648.0,319.0,41.0,23.0
648.0,315.0,41.0,23.0
645.0,313.0,40.0,23.0
644.0,311.0,41.0,23.0
646.0,309.0,41.0,23.0
645.0,307.0,41.0,23.0
646.0,304.0,41.0,23.0
644.0,302.0,41.0,23.0
645.0,301.0,41.0,23.0
644.0,298.0,41.0,23.0
645.0,297.0,41.0,23.0
643.0,295.0,41.0,23.0
644.0,294.0,41.0,23.0
645.0,292.0,42.0,24.0
645.0,289.0,42.0,24.0
647.0,289.0,42.0,24.0
648.0,285.0,42.0,24.0
649.0,285.0,42.0,24.0
651.0,283.0,42.0,24.0
653.0,282.0,42.0,24.0
654.0,282.0,42.0,24.0
657.0,281.0,43.0,24.0
658.0,279.0,43.0,24.0
661.0,281.0,43.0,24.0
662.0,278.0,43.0,24.0
663.0,279.0,43.0,25.0
666.0,277.0,43.0,25.0
667.0,278.0,44.0,25.0
667.0,276.0,44.0,25.0
673.0,275.0,46.0,26.0
672.0,274.0,46.0,26.0
671.0,273.0,46.0,26.0
671.0,273.0,46.0,26.0
670.0,271.0,46.0,26.0
671.0,272.0,46.0,26.0
672.0,271.0,46.0,26.0
671.0,271.0,45.0,26.0
671.0,273.0,45.0,25.0
669.0,274.0,45.0,25.0
665.0,274.0,45.0,25.0
664.0,277.0,44.0,25.0
662.0,278.0,44.0,25.0
659.0,280.0,44.0,25.0
655.0,282.0,43.0,24.0
645.0,281.0,43.0,24.0
637.0,280.0,43.0,24.0
633.0,283.0,44.0,25.0
628.0,283.0,43.0,24.0
624.0,283.0,43.0,24.0
621.0,284.0,46.0,26.0
617.0,283.0,47.0,27.0
609.0,284.0,49.0,27.0
608.0,284.0,49.0,27.0
603.0,285.0,49.0,27.0
604.0,284.0,49.0,27.0
604.0,286.0,49.0,27.0
602.0,284.0,50.0,27.0
605.0,285.0,50.0,27.0
604.0,285.0,50.0,27.0
603.0,285.0,50.0,27.0
609.0,282.0,44.0,27.0
608.0,282.0,44.0,27.0
608.0,282.0,44.0,27.0
607.0,281.0,44.0,27.0
606.0,280.0,45.0,27.0
604.0,280.0,44.0,27.0
605.0,281.0,44.0,27.0
601.0,279.0,45.0,28.0
600.0,285.0,44.0,27.0
600.0,286.0,43.0,27.0
597.0,294.0,44.0,27.0
597.0,298.0,44.0,27.0
595.0,304.0,45.0,27.0
596.0,308.0,45.0,28.0
598.0,313.0,44.0,27.0
602.0,316.0,44.0,27.0
612.0,322.0,44.0,27.0
625.0,327.0,43.0,27.0
633.0,331.0,43.0,27.0
641.0,336.0,43.0,26.0
650.0,338.0,43.0,26.0
654.0,340.0,43.0,27.0
656.0,344.0,43.0,26.0
660.0,347.0,43.0,26.0
662.0,349.0,42.0,26.0
664.0,352.0,43.0,26.0
668.0,357.0,42.0,26.0
667.0,360.0,42.0,26.0
667.0,363.0,42.0,26.0
667.0,367.0,42.0,26.0
665.0,368.0,43.0,26.0
666.0,372.0,42.0,26.0
663.0,371.0,42.0,26.0
661.0,372.0,42.0,26.0
663.0,369.0,43.0,26.0
662.0,364.0,43.0,26.0
660.0,364.0,43.0,26.0
661.0,366.0,43.0,27.0
662.0,365.0,43.0,27.0
661.0,365.0,43.0,27.0
663.0,364.0,44.0,27.0
663.0,364.0,44.0,27.0
664.0,366.0,43.0,27.0
666.0,358.0,43.0,27.0
667.0,345.0,43.0,27.0
666.0,337.0,43.0,26.0
664.0,333.0,43.0,26.0
664.0,330.0,43.0,26.0
664.0,335.0,43.0,26.0
667.0,337.0,43.0,26.0
668.0,337.0,43.0,27.0
667.0,344.0,43.0,26.0
672.0,354.0,43.0,26.0
678.0,361.0,42.0,26.0
679.0,367.0,42.0,26.0
683.0,373.0,42.0,26.0
686.0,375.0,43.0,26.0
688.0,378.0,42.0,26.0
691.0,383.0,42.0,25.0
694.0,382.0,41.0,25.0
697.0,380.0,40.0,25.0
700.0,374.0,40.0,24.0
701.0,369.0,40.0,24.0
703.0,369.0,40.0,24.0
705.0,359.0,39.0,24.0
707.0,356.0,40.0,24.0
708.0,354.0,39.0,24.0
711.0,354.0,40.0,24.0
712.0,352.0,40.0,24.0
713.0,350.0,40.0,25.0
717.0,349.0,39.0,24.0
717.0,347.0,39.0,24.0
721.0,346.0,39.0,24.0
723.0,345.0,38.0,24.0
724.0,344.0,38.0,24.0
726.0,341.0,38.0,23.0
727.0,340.0,38.0,23.0
728.0,340.0,38.0,24.0
728.0,336.0,39.0,24.0
726.0,337.0,39.0,24.0
726.0,335.0,38.0,23.0
725.0,335.0,38.0,23.0
725.0,334.0,38.0,24.0
723.0,333.0,38.0,23.0
725.0,338.0,38.0,23.0
723.0,336.0,38.0,23.0
721.0,335.0,37.0,23.0
721.0,335.0,38.0,24.0
720.0,337.0,38.0,23.0
719.0,335.0,38.0,24.0
718.0,334.0,38.0,24.0
717.0,334.0,38.0,23.0
717.0,335.0,38.0,23.0
717.0,334.0,37.0,23.0
716.0,332.0,37.0,23.0
715.0,333.0,37.0,23.0
715.0,331.0,38.0,23.0
713.0,330.0,37.0,23.0
712.0,328.0,37.0,22.0
711.0,325.0,36.0,22.0
711.0,326.0,36.0,22.0
704.0,324.0,38.0,23.0
703.0,320.0,36.0,22.0
703.0,322.0,35.0,22.0
702.0,322.0,35.0,22.0
697.0,316.0,35.0,21.0
693.0,311.0,36.0,22.0
691.0,307.0,36.0,22.0
689.0,307.0,37.0,23.0
688.0,302.0,37.0,23.0
687.0,302.0,38.0,23.0
686.0,299.0,37.0,23.0
685.0,298.0,38.0,23.0
686.0,299.0,37.0,23.0
684.0,296.0,37.0,23.0
684.0,300.0,36.0,22.0
684.0,300.0,37.0,23.0
684.0,301.0,37.0,22.0
683.0,302.0,36.0,22.0
681.0,305.0,37.0,22.0
682.0,308.0,38.0,23.0
680.0,307.0,38.0,23.0
676.0,308.0,39.0,24.0
676.0,309.0,39.0,24.0
674.0,309.0,40.0,25.0
676.0,314.0,38.0,23.0
674.0,314.0,38.0,24.0
671.0,318.0,40.0,24.0
673.0,322.0,38.0,23.0
674.0,326.0,35.0,22.0
675.0,328.0,36.0,22.0
673.0,329.0,36.0,22.0
675.0,331.0,37.0,23.0
679.0,333.0,36.0,22.0
679.0,334.0,36.0,22.0
681.0,336.0,36.0,22.0
683.0,336.0,36.0,22.0
684.0,337.0,38.0,23.0
685.0,336.0,39.0,24.0
687.0,337.0,38.0,24.0
692.0,338.0,35.0,22.0
693.0,338.0,35.0,22.0
696.0,337.0,35.0,22.0
699.0,338.0,35.0,21.0
701.0,338.0,35.0,21.0
703.0,338.0,35.0,21.0
706.0,338.0,34.0,21.0
709.0,338.0,34.0,21.0
710.0,339.0,34.0,21.0
711.0,338.0,34.0,21.0
713.0,338.0,34.0,21.0
714.0,338.0,34.0,21.0
716.0,339.0,34.0,21.0
718.0,337.0,34.0,21.0
719.0,338.0,34.0,21.0
722.0,338.0,34.0,21.0
721.0,338.0,33.0,20.0
719.0,335.0,33.0,20.0
722.0,338.0,33.0,20.0
721.0,336.0,33.0,20.0
721.0,336.0,34.0,21.0
721.0,335.0,34.0,21.0
721.0,337.0,33.0,20.0
718.0,336.0,35.0,21.0
717.0,336.0,34.0,21.0
715.0,333.0,34.0,21.0
714.0,336.0,34.0,21.0
715.0,336.0,34.0,21.0
712.0,334.0,33.0,20.0
712.0,337.0,34.0,21.0
712.0,336.0,34.0,21.0
712.0,336.0,34.0,21.0
711.0,336.0,33.0,21.0
709.0,335.0,35.0,22.0
708.0,335.0,35.0,22.0
708.0,336.0,36.0,22.0
707.0,331.0,35.0,22.0
706.0,331.0,35.0,22.0
706.0,326.0,35.0,22.0
703.0,325.0,35.0,22.0
703.0,325.0,35.0,21.0
702.0,324.0,35.0,21.0
701.0,324.0,35.0,22.0
703.0,326.0,34.0,21.0
702.0,324.0,34.0,21.0
702.0,325.0,34.0,21.0
702.0,326.0,33.0,20.0
705.0,327.0,33.0,20.0
704.0,327.0,33.0,20.0
703.0,328.0,33.0,20.0
704.0,328.0,33.0,20.0
704.0,328.0,33.0,20.0
703.0,329.0,33.0,20.0
704.0,330.0,33.0,20.0
702.0,329.0,33.0,20.0
702.0,330.0,33.0,20.0
703.0,331.0,33.0,20.0
701.0,330.0,34.0,21.0
701.0,332.0,33.0,20.0
702.0,332.0,34.0,21.0
701.0,333.0,33.0,21.0
701.0,337.0,35.0,21.0
701.0,338.0,34.0,21.0
701.0,338.0,35.0,22.0
701.0,339.0,36.0,22.0
702.0,340.0,36.0,22.0
703.0,341.0,36.0,22.0
705.0,342.0,37.0,22.0
705.0,342.0,37.0,22.0
708.0,341.0,37.0,23.0
708.0,339.0,37.0,23.0
709.0,340.0,38.0,23.0
711.0,339.0,38.0,23.0
713.0,341.0,38.0,24.0
713.0,339.0,39.0,24.0
715.0,339.0,39.0,24.0
716.0,340.0,39.0,24.0
719.0,340.0,39.0,24.0
720.0,340.0,39.0,24.0
722.0,340.0,40.0,24.0
727.0,342.0,40.0,24.0
731.0,345.0,40.0,25.0
732.0,345.0,40.0,25.0
735.0,347.0,40.0,25.0
736.0,347.0,40.0,25.0
738.0,348.0,40.0,24.0
742.0,351.0,39.0,24.0
742.0,352.0,39.0,24.0
746.0,355.0,39.0,24.0
748.0,356.0,38.0,23.0
750.0,358.0,38.0,23.0
750.0,358.0,39.0,24.0
754.0,363.0,38.0,24.0
754.0,364.0,38.0,23.0
757.0,365.0,37.0,23.0
757.0,368.0,38.0,23.0
759.0,370.0,37.0,23.0
758.0,371.0,38.0,23.0
755.0,372.0,39.0,24.0
755.0,374.0,38.0,23.0
756.0,377.0,38.0,23.0
753.0,376.0,38.0,23.0
752.0,380.0,38.0,23.0
749.0,380.0,38.0,23.0
748.0,382.0,39.0,24.0
748.0,385.0,39.0,24.0
746.0,386.0,39.0,24.0
746.0,388.0,40.0,24.0
744.0,390.0,40.0,24.0
745.0,392.0,40.0,24.0
742.0,393.0,40.0,25.0
743.0,396.0,40.0,25.0
740.0,395.0,42.0,25.0
739.0,398.0,42.0,26.0
739.0,398.0,42.0,26.0
737.0,400.0,43.0,26.0
738.0,402.0,43.0,26.0
740.0,402.0,43.0,26.0
740.0,404.0,44.0,27.0
744.0,405.0,44.0,27.0
746.0,406.0,44.0,27.0
747.0,407.0,44.0,27.0
753.0,409.0,44.0,27.0
755.0,408.0,50.0,32.0
757.0,410.0,50.0,32.0
759.0,411.0,50.0,32.0
761.0,411.0,50.0,32.0
761.0,409.0,51.0,32.0
765.0,411.0,51.0,33.0
767.0,411.0,51.0,33.0
768.0,411.0,51.0,33.0
771.0,412.0,51.0,33.0
771.0,412.0,51.0,33.0
775.0,413.0,51.0,33.0
777.0,413.0,51.0,33.0
778.0,412.0,51.0,33.0
780.0,413.0,52.0,33.0
783.0,413.0,52.0,33.0
782.0,412.0,49.0,32.0
785.0,415.0,49.0,31.0
787.0,414.0,49.0,31.0
787.0,413.0,49.0,31.0
790.0,414.0,51.0,33.0
791.0,414.0,49.0,31.0
791.0,412.0,49.0,31.0
793.0,413.0,50.0,32.0
794.0,412.0,50.0,32.0
793.0,411.0,51.0,33.0
795.0,412.0,52.0,33.0
795.0,410.0,53.0,34.0
794.0,410.0,54.0,34.0
793.0,407.0,54.0,35.0
788.0,404.0,56.0,36.0
788.0,406.0,56.0,36.0
788.0,401.0,56.0,36.0
786.0,401.0,57.0,36.0
785.0,397.0,57.0,36.0
785.0,397.0,56.0,36.0
784.0,396.0,58.0,37.0
785.0,396.0,57.0,37.0
784.0,393.0,58.0,37.0
784.0,392.0,59.0,38.0
784.0,389.0,59.0,38.0
783.0,387.0,59.0,38.0
784.0,385.0,60.0,38.0
785.0,385.0,58.0,37.0
783.0,381.0,59.0,38.0
784.0,380.0,59.0,38.0
783.0,378.0,58.0,37.0
782.0,376.0,59.0,38.0
781.0,373.0,59.0,38.0
780.0,371.0,59.0,38.0
777.0,369.0,59.0,38.0
776.0,367.0,59.0,38.0
772.0,365.0,60.0,38.0
768.0,360.0,60.0,38.0
760.0,358.0,60.0,39.0
757.0,355.0,60.0,39.0
753.0,354.0,60.0,38.0
751.0,352.0,60.0,38.0
749.0,351.0,59.0,38.0
745.0,348.0,60.0,38.0
741.0,348.0,59.0,38.0
735.0,343.0,59.0,38.0
733.0,343.0,58.0,37.0
729.0,341.0,60.0,38.0
727.0,340.0,60.0,38.0
724.0,342.0,59.0,38.0
720.0,344.0,58.0,37.0
719.0,348.0,60.0,38.0
716.0,349.0,60.0,38.0
713.0,352.0,60.0,39.0
711.0,355.0,60.0,39.0
708.0,358.0,61.0,39.0
707.0,361.0,61.0,39.0
706.0,364.0,60.0,39.0
706.0,367.0,61.0,39.0
704.0,368.0,60.0,39.0
703.0,370.0,61.0,39.0
703.0,372.0,61.0,39.0
703.0,374.0,61.0,39.0
708.0,376.0,57.0,36.0
709.0,377.0,57.0,36.0
704.0,378.0,62.0,40.0
704.0,377.0,62.0,40.0
708.0,378.0,62.0,40.0
713.0,380.0,63.0,40.0
716.0,380.0,63.0,40.0
717.0,378.0,63.0,40.0
720.0,380.0,63.0,40.0
723.0,380.0,63.0,40.0
725.0,381.0,63.0,40.0
727.0,381.0,62.0,40.0
728.0,381.0,62.0,40.0
731.0,382.0,63.0,40.0
731.0,379.0,62.0,40.0
733.0,381.0,63.0,40.0
735.0,379.0,63.0,40.0
735.0,378.0,62.0,40.0
737.0,378.0,62.0,40.0
738.0,377.0,62.0,40.0
739.0,376.0,60.0,39.0
740.0,375.0,63.0,41.0
739.0,373.0,64.0,41.0
741.0,373.0,63.0,40.0
740.0,371.0,63.0,40.0
739.0,371.0,62.0,40.0
738.0,371.0,60.0,38.0
731.0,368.0,64.0,41.0
725.0,366.0,64.0,41.0
721.0,366.0,64.0,41.0
719.0,364.0,64.0,41.0
717.0,362.0,64.0,41.0
715.0,361.0,64.0,41.0
713.0,360.0,64.0,41.0
710.0,359.0,65.0,41.0
709.0,357.0,65.0,42.0
706.0,356.0,65.0,42.0
704.0,356.0,65.0,42.0
704.0,354.0,64.0,41.0
702.0,354.0,64.0,41.0
701.0,352.0,64.0,41.0
701.0,353.0,64.0,41.0
698.0,351.0,64.0,41.0
699.0,352.0,64.0,41.0
699.0,350.0,64.0,41.0
698.0,349.0,64.0,41.0
699.0,349.0,64.0,41.0
697.0,348.0,64.0,41.0
700.0,345.0,64.0,41.0
702.0,347.0,63.0,41.0
703.0,345.0,64.0,41.0
705.0,344.0,64.0,41.0
705.0,344.0,63.0,41.0
705.0,344.0,63.0,41.0
707.0,344.0,63.0,40.0
708.0,343.0,63.0,40.0
708.0,342.0,64.0,41.0
709.0,341.0,64.0,41.0
709.0,340.0,64.0,41.0
709.0,341.0,64.0,41.0
711.0,340.0,62.0,40.0
710.0,338.0,61.0,39.0
709.0,336.0,65.0,42.0
713.0,337.0,60.0,39.0
710.0,335.0,64.0,41.0
712.0,334.0,62.0,40.0
713.0,333.0,58.0,37.0
713.0,329.0,58.0,37.0
713.0,319.0,58.0,37.0
714.0,308.0,58.0,37.0
713.0,293.0,58.0,37.0
713.0,281.0,58.0,37.0
714.0,273.0,59.0,38.0
715.0,264.0,59.0,37.0
718.0,262.0,59.0,38.0
721.0,260.0,59.0,38.0
721.0,254.0,59.0,38.0
722.0,250.0,59.0,38.0
724.0,246.0,59.0,38.0
728.0,244.0,64.0,41.0
737.0,247.0,63.0,41.0
740.0,242.0,64.0,41.0
743.0,256.0,64.0,41.0
747.0,271.0,64.0,41.0
756.0,277.0,63.0,41.0
760.0,281.0,64.0,41.0
761.0,281.0,64.0,41.0
766.0,285.0,64.0,41.0
769.0,289.0,64.0,41.0
772.0,293.0,64.0,41.0
775.0,294.0,64.0,41.0
777.0,294.0,65.0,41.0
781.0,297.0,64.0,41.0
781.0,298.0,65.0,41.0
786.0,301.0,64.0,41.0
788.0,303.0,63.0,41.0
788.0,304.0,64.0,41.0
794.0,306.0,63.0,40.0
795.0,308.0,63.0,40.0
797.0,308.0,64.0,41.0
800.0,310.0,64.0,41.0
801.0,310.0,64.0,41.0
805.0,304.0,61.0,39.0
802.0,295.0,70.0,35.0
803.0,290.0,70.0,35.0
804.0,286.0,70.0,35.0
806.0,286.0,70.0,35.0
804.0,284.0,70.0,35.0
806.0,284.0,70.0,35.0
804.0,283.0,70.0,35.0
799.0,281.0,71.0,36.0
801.0,284.0,71.0,35.0
799.0,282.0,70.0,35.0
794.0,281.0,71.0,35.0
789.0,278.0,71.0,35.0
788.0,277.0,71.0,35.0
788.0,276.0,72.0,36.0
786.0,273.0,72.0,36.0
785.0,272.0,72.0,36.0
785.0,270.0,72.0,36.0
784.0,266.0,72.0,36.0
783.0,266.0,72.0,36.0
784.0,263.0,72.0,36.0
786.0,262.0,72.0,36.0
786.0,261.0,72.0,36.0
788.0,260.0,72.0,36.0
790.0,259.0,72.0,36.0
792.0,255.0,72.0,36.0
792.0,252.0,71.0,36.0
793.0,249.0,69.0,35.0
792.0,246.0,71.0,35.0
794.0,247.0,69.0,35.0
790.0,247.0,72.0,36.0
788.0,246.0,71.0,36.0
786.0,246.0,72.0,36.0
779.0,246.0,71.0,36.0
775.0,250.0,72.0,36.0
772.0,252.0,72.0,36.0
767.0,253.0,72.0,36.0
764.0,251.0,72.0,36.0
763.0,252.0,72.0,36.0
761.0,252.0,72.0,36.0
759.0,252.0,72.0,36.0
756.0,251.0,71.0,36.0
754.0,250.0,71.0,35.0
751.0,249.0,70.0,35.0
749.0,249.0,71.0,35.0
746.0,248.0,70.0,35.0
741.0,244.0,70.0,35.0
738.0,244.0,70.0,35.0
732.0,244.0,70.0,35.0
722.0,244.0,70.0,35.0
711.0,241.0,71.0,36.0
708.0,243.0,70.0,35.0
698.0,240.0,71.0,36.0
691.0,237.0,71.0,35.0
685.0,237.0,71.0,35.0
677.0,236.0,71.0,35.0
672.0,230.0,71.0,35.0
667.0,230.0,71.0,36.0
663.0,228.0,72.0,36.0
659.0,226.0,71.0,36.0
658.0,227.0,72.0,36.0
654.0,224.0,71.0,36.0
650.0,225.0,71.0,35.0
648.0,225.0,71.0,35.0
645.0,226.0,71.0,35.0
641.0,225.0,71.0,35.0
639.0,228.0,72.0,36.0
636.0,230.0,72.0,36.0
633.0,232.0,72.0,36.0
629.0,231.0,72.0,36.0
626.0,231.0,73.0,36.0
624.0,231.0,71.0,35.0
619.0,231.0,71.0,35.0
618.0,232.0,70.0,35.0
617.0,233.0,71.0,35.0
619.0,232.0,72.0,36.0
619.0,233.0,70.0,35.0
618.0,232.0,71.0,35.0
618.0,233.0,71.0,36.0
618.0,234.0,71.0,35.0
617.0,235.0,71.0,35.0
617.0,237.0,70.0,35.0
616.0,238.0,71.0,35.0
616.0,240.0,70.0,35.0
616.0,240.0,71.0,35.0
616.0,240.0,71.0,35.0
618.0,242.0,71.0,35.0
621.0,247.0,72.0,36.0
624.0,248.0,70.0,35.0
625.0,251.0,70.0,35.0
629.0,252.0,70.0,35.0
632.0,255.0,70.0,35.0
638.0,260.0,71.0,35.0
643.0,265.0,71.0,36.0
647.0,267.0,71.0,35.0
655.0,276.0,72.0,36.0
656.0,287.0,71.0,35.0
652.0,299.0,71.0,36.0
652.0,306.0,72.0,36.0
653.0,314.0,72.0,36.0
653.0,317.0,72.0,36.0
653.0,318.0,72.0,36.0
654.0,322.0,72.0,36.0
653.0,326.0,73.0,36.0
654.0,329.0,73.0,36.0
655.0,332.0,73.0,37.0
655.0,338.0,72.0,36.0
656.0,339.0,76.0,38.0
659.0,345.0,72.0,36.0
658.0,347.0,72.0,36.0
660.0,348.0,73.0,36.0
663.0,353.0,73.0,36.0
662.0,352.0,73.0,37.0
664.0,352.0,74.0,37.0
666.0,349.0,72.0,36.0
665.0,350.0,75.0,37.0
668.0,350.0,73.0,36.0
671.0,349.0,72.0,36.0
672.0,347.0,73.0,36.0
672.0,346.0,72.0,36.0
674.0,344.0,72.0,36.0
677.0,345.0,73.0,37.0
677.0,337.0,72.0,36.0
678.0,330.0,72.0,36.0
681.0,325.0,72.0,36.0
680.0,321.0,72.0,36.0
683.0,322.0,72.0,36.0
684.0,320.0,72.0,36.0
683.0,319.0,72.0,36.0
683.0,318.0,73.0,37.0
683.0,316.0,72.0,36.0
685.0,317.0,73.0,36.0
685.0,314.0,72.0,36.0
685.0,315.0,72.0,36.0
686.0,314.0,72.0,36.0
686.0,314.0,73.0,36.0
687.0,314.0,73.0,36.0
687.0,312.0,73.0,36.0
687.0,312.0,72.0,36.0
688.0,313.0,73.0,36.0
687.0,312.0,73.0,36.0
689.0,313.0,72.0,36.0
687.0,312.0,73.0,37.0
687.0,314.0,73.0,36.0
687.0,313.0,73.0,37.0
685.0,312.0,73.0,37.0
685.0,312.0,74.0,37.0
684.0,312.0,74.0,37.0
683.0,312.0,74.0,37.0
683.0,313.0,75.0,37.0
680.0,310.0,75.0,37.0
682.0,313.0,74.0,37.0
682.0,313.0,74.0,37.0
682.0,314.0,74.0,37.0
680.0,313.0,74.0,37.0
679.0,315.0,73.0,37.0
680.0,316.0,74.0,37.0
676.0,315.0,75.0,37.0
675.0,317.0,75.0,38.0
674.0,317.0,78.0,39.0
672.0,316.0,78.0,39.0
672.0,316.0,77.0,39.0
669.0,316.0,78.0,39.0
670.0,316.0,78.0,39.0
668.0,315.0,77.0,39.0
667.0,316.0,77.0,38.0
668.0,315.0,77.0,39.0
666.0,315.0,77.0,39.0
667.0,316.0,77.0,39.0
668.0,317.0,70.0,35.0
669.0,319.0,70.0,35.0
667.0,318.0,70.0,35.0
667.0,320.0,70.0,35.0
667.0,320.0,70.0,35.0
667.0,321.0,70.0,35.0
668.0,322.0,70.0,35.0
669.0,324.0,70.0,35.0
668.0,323.0,70.0,35.0
671.0,326.0,70.0,35.0
671.0,325.0,70.0,35.0
673.0,328.0,70.0,35.0
674.0,328.0,70.0,35.0
673.0,329.0,70.0,35.0
674.0,329.0,71.0,35.0
674.0,329.0,71.0,36.0
674.0,330.0,71.0,36.0
676.0,331.0,71.0,36.0
676.0,331.0,72.0,36.0
677.0,332.0,72.0,36.0
677.0,332.0,72.0,36.0
679.0,332.0,72.0,36.0
679.0,333.0,72.0,36.0
681.0,333.0,72.0,36.0
680.0,334.0,72.0,36.0
682.0,334.0,72.0,36.0
681.0,332.0,72.0,36.0
682.0,335.0,71.0,35.0
686.0,335.0,69.0,35.0
685.0,336.0,69.0,35.0
683.0,334.0,72.0,36.0
683.0,337.0,72.0,36.0
680.0,334.0,72.0,36.0
682.0,338.0,73.0,36.0
680.0,337.0,73.0,37.0
678.0,337.0,72.0,36.0
678.0,338.0,72.0,36.0
676.0,338.0,73.0,36.0
676.0,338.0,72.0,36.0
671.0,335.0,72.0,36.0
669.0,335.0,72.0,36.0
670.0,336.0,71.0,35.0
666.0,336.0,72.0,36.0
665.0,335.0,72.0,36.0
665.0,337.0,72.0,36.0
663.0,336.0,72.0,36.0
663.0,336.0,71.0,36.0
663.0,337.0,71.0,36.0
663.0,337.0,71.0,35.0
664.0,337.0,71.0,35.0
666.0,336.0,70.0,35.0
667.0,335.0,71.0,35.0
668.0,333.0,71.0,35.0
670.0,333.0,70.0,35.0
671.0,329.0,71.0,35.0
670.0,329.0,70.0,35.0
671.0,327.0,71.0,35.0
672.0,327.0,70.0,35.0
672.0,326.0,71.0,36.0
673.0,325.0,72.0,36.0
672.0,323.0,72.0,36.0
672.0,323.0,72.0,36.0
671.0,321.0,73.0,36.0
669.0,320.0,72.0,36.0
670.0,319.0,72.0,36.0
668.0,318.0,72.0,36.0
668.0,316.0,72.0,36.0
667.0,314.0,72.0,36.0
667.0,312.0,72.0,36.0
667.0,308.0,72.0,36.0
668.0,306.0,70.0,35.0
667.0,301.0,70.0,35.0
667.0,299.0,71.0,35.0
665.0,298.0,73.0,36.0
666.0,295.0,72.0,36.0
665.0,295.0,73.0,36.0
666.0,293.0,73.0,36.0
667.0,290.0,72.0,36.0
668.0,291.0,73.0,36.0
668.0,288.0,72.0,36.0
670.0,290.0,72.0,36.0
670.0,288.0,73.0,36.0
672.0,290.0,72.0,36.0
672.0,288.0,73.0,36.0
672.0,287.0,73.0,36.0
671.0,286.0,73.0,37.0
672.0,287.0,73.0,37.0
674.0,287.0,73.0,37.0
676.0,288.0,73.0,37.0
678.0,289.0,73.0,37.0
681.0,289.0,73.0,36.0
684.0,289.0,73.0,36.0
687.0,291.0,73.0,36.0
689.0,291.0,73.0,36.0
692.0,291.0,73.0,36.0
693.0,291.0,73.0,37.0
696.0,292.0,73.0,36.0
696.0,292.0,73.0,36.0
697.0,292.0,73.0,36.0
699.0,293.0,73.0,37.0
701.0,294.0,73.0,36.0
701.0,294.0,73.0,36.0
701.0,295.0,74.0,37.0
698.0,294.0,74.0,37.0
699.0,296.0,74.0,37.0
696.0,295.0,74.0,37.0
695.0,297.0,74.0,37.0
693.0,298.0,74.0,37.0
685.0,298.0,74.0,37.0
681.0,297.0,75.0,37.0
678.0,297.0,75.0,37.0
676.0,299.0,75.0,38.0
674.0,299.0,74.0,37.0
675.0,299.0,72.0,36.0
674.0,299.0,71.0,36.0
669.0,300.0,75.0,38.0
668.0,299.0,75.0,38.0
667.0,299.0,76.0,38.0
664.0,299.0,76.0,38.0
664.0,299.0,76.0,38.0
664.0,300.0,76.0,38.0
665.0,300.0,76.0,38.0
664.0,299.0,76.0,38.0
664.0,301.0,76.0,38.0
666.0,299.0,76.0,38.0
664.0,296.0,76.0,38.0
663.0,296.0,76.0,38.0
663.0,295.0,76.0,38.0
663.0,294.0,76.0,38.0
663.0,292.0,76.0,38.0
663.0,292.0,76.0,38.0
665.0,291.0,76.0,38.0
664.0,290.0,76.0,38.0
664.0,289.0,76.0,38.0
667.0,289.0,74.0,37.0
665.0,288.0,76.0,38.0
667.0,289.0,76.0,38.0
666.0,287.0,76.0,38.0
666.0,288.0,76.0,38.0
666.0,288.0,77.0,38.0
665.0,288.0,78.0,39.0
665.0,287.0,78.0,39.0
666.0,291.0,78.0,39.0
665.0,292.0,78.0,39.0
667.0,295.0,79.0,39.0
669.0,294.0,79.0,40.0
670.0,296.0,79.0,40.0
672.0,297.0,79.0,40.0
674.0,298.0,79.0,40.0
679.0,299.0,79.0,40.0
684.0,301.0,80.0,40.0
688.0,301.0,80.0,40.0
694.0,303.0,80.0,40.0
696.0,304.0,80.0,40.0
697.0,305.0,81.0,40.0
699.0,306.0,81.0,40.0
701.0,307.0,81.0,41.0
703.0,310.0,81.0,41.0
707.0,312.0,80.0,40.0
709.0,315.0,81.0,40.0
710.0,316.0,80.0,40.0
714.0,318.0,81.0,41.0
713.0,319.0,81.0,41.0
714.0,319.0,82.0,41.0
717.0,321.0,81.0,41.0
718.0,323.0,81.0,41.0
719.0,324.0,81.0,40.0
722.0,326.0,80.0,40.0
722.0,326.0,80.0,40.0
724.0,327.0,81.0,40.0
724.0,327.0,81.0,41.0
725.0,329.0,81.0,40.0
729.0,331.0,80.0,40.0
729.0,331.0,80.0,40.0
729.0,331.0,80.0,40.0
731.0,331.0,80.0,40.0
731.0,330.0,80.0,40.0
733.0,331.0,79.0,40.0
733.0,329.0,79.0,40.0
734.0,328.0,79.0,40.0
734.0,327.0,79.0,39.0
733.0,325.0,79.0,39.0
732.0,326.0,79.0,40.0
731.0,324.0,79.0,39.0
729.0,326.0,79.0,40.0
726.0,324.0,79.0,40.0
722.0,325.0,80.0,40.0
713.0,324.0,80.0,40.0
707.0,325.0,80.0,40.0
702.0,323.0,81.0,40.0
700.0,324.0,81.0,40.0
697.0,323.0,81.0,41.0
694.0,324.0,81.0,41.0
692.0,327.0,82.0,41.0
689.0,326.0,82.0,41.0
685.0,325.0,82.0,41.0
684.0,327.0,82.0,41.0
682.0,327.0,82.0,41.0
677.0,326.0,82.0,41.0
676.0,328.0,82.0,41.0
672.0,326.0,83.0,41.0
673.0,328.0,82.0,41.0
670.0,329.0,82.0,41.0
667.0,325.0,83.0,41.0
669.0,328.0,83.0,42.0
667.0,327.0,83.0,42.0
671.0,327.0,83.0,42.0
673.0,328.0,86.0,43.0
675.0,327.0,86.0,43.0
684.0,328.0,86.0,43.0
688.0,329.0,86.0,43.0
691.0,328.0,85.0,42.0
695.0,329.0,85.0,43.0
698.0,330.0,86.0,43.0
700.0,330.0,86.0,43.0
703.0,330.0,86.0,43.0
705.0,331.0,86.0,43.0
707.0,330.0,86.0,43.0
709.0,330.0,86.0,43.0
712.0,331.0,85.0,43.0
715.0,331.0,85.0,43.0
717.0,331.0,85.0,42.0
720.0,332.0,84.0,42.0
721.0,332.0,84.0,42.0
724.0,332.0,84.0,42.0
725.0,331.0,85.0,42.0
727.0,332.0,86.0,43.0
728.0,332.0,86.0,43.0
731.0,333.0,88.0,44.0
732.0,331.0,87.0,44.0
733.0,331.0,88.0,44.0
737.0,333.0,88.0,44.0
736.0,332.0,88.0,44.0
737.0,333.0,88.0,44.0
736.0,333.0,88.0,44.0
736.0,333.0,88.0,44.0
736.0,332.0,87.0,44.0
735.0,332.0,87.0,43.0
734.0,329.0,87.0,43.0
734.0,325.0,87.0,43.0
735.0,323.0,87.0,43.0
735.0,319.0,87.0,43.0
735.0,316.0,87.0,43.0
735.0,316.0,87.0,44.0
737.0,315.0,87.0,44.0
737.0,313.0,87.0,44.0
738.0,309.0,87.0,44.0
737.0,306.0,87.0,44.0
738.0,306.0,87.0,44.0
738.0,302.0,87.0,44.0
735.0,300.0,87.0,44.0
734.0,297.0,87.0,43.0
731.0,294.0,87.0,43.0
728.0,291.0,87.0,44.0
725.0,289.0,87.0,43.0
723.0,287.0,86.0,43.0
722.0,285.0,86.0,43.0
720.0,282.0,86.0,43.0
719.0,281.0,85.0,42.0
719.0,280.0,86.0,43.0
717.0,277.0,85.0,42.0
716.0,279.0,85.0,42.0
715.0,280.0,85.0,43.0
714.0,278.0,85.0,42.0
713.0,278.0,85.0,42.0
711.0,277.0,86.0,43.0
717.0,279.0,79.0,40.0
717.0,280.0,87.0,44.0
717.0,279.0,85.0,42.0
719.0,279.0,85.0,43.0
719.0,280.0,85.0,42.0
720.0,282.0,89.0,44.0
722.0,282.0,87.0,44.0
722.0,286.0,88.0,44.0
722.0,285.0,89.0,44.0
725.0,286.0,87.0,44.0
725.0,286.0,88.0,44.0
725.0,285.0,87.0,44.0
727.0,288.0,88.0,44.0
726.0,287.0,88.0,44.0
726.0,288.0,88.0,44.0
728.0,291.0,88.0,44.0
727.0,290.0,88.0,44.0
728.0,290.0,88.0,44.0
729.0,291.0,88.0,44.0
729.0,290.0,88.0,44.0
730.0,291.0,88.0,44.0
730.0,291.0,89.0,44.0
730.0,291.0,89.0,44.0
732.0,292.0,89.0,44.0
733.0,291.0,89.0,44.0
733.0,291.0,88.0,44.0
735.0,290.0,88.0,44.0
733.0,287.0,88.0,44.0
733.0,287.0,88.0,44.0
734.0,286.0,88.0,44.0
734.0,286.0,88.0,44.0
734.0,284.0,90.0,45.0
735.0,284.0,88.0,44.0
736.0,284.0,87.0,44.0
738.0,283.0,86.0,43.0
739.0,283.0,85.0,43.0
740.0,281.0,84.0,42.0
739.0,283.0,85.0,43.0
741.0,282.0,86.0,43.0
738.0,281.0,85.0,43.0
736.0,283.0,84.0,42.0
734.0,282.0,84.0,42.0
733.0,284.0,81.0,40.0
730.0,288.0,82.0,41.0
725.0,297.0,86.0,43.0
724.0,305.0,82.0,41.0
722.0,310.0,86.0,43.0
719.0,312.0,83.0,42.0
717.0,317.0,88.0,44.0
717.0,320.0,85.0,42.0
715.0,324.0,87.0,44.0
713.0,326.0,88.0,44.0
713.0,327.0,86.0,43.0
712.0,331.0,88.0,44.0
710.0,333.0,88.0,44.0
711.0,335.0,88.0,44.0
710.0,333.0,88.0,44.0
709.0,330.0,88.0,44.0
711.0,329.0,87.0,44.0
709.0,313.0,87.0,44.0
709.0,306.0,87.0,43.0
708.0,298.0,88.0,44.0
711.0,294.0,88.0,44.0
714.0,290.0,88.0,44.0
718.0,290.0,88.0,44.0
728.0,288.0,88.0,44.0
739.0,286.0,88.0,44.0
743.0,284.0,88.0,44.0
749.0,283.0,88.0,44.0
751.0,281.0,89.0,44.0
753.0,281.0,88.0,44.0
756.0,280.0,88.0,44.0
758.0,277.0,87.0,44.0
760.0,277.0,88.0,44.0
761.0,276.0,88.0,44.0
762.0,276.0,88.0,44.0
764.0,277.0,86.0,43.0
764.0,276.0,86.0,43.0
766.0,277.0,86.0,43.0
768.0,277.0,87.0,43.0
766.0,277.0,86.0,43.0
768.0,278.0,86.0,43.0
768.0,284.0,86.0,43.0
770.0,289.0,84.0,42.0
770.0,293.0,83.0,42.0
769.0,295.0,83.0,42.0
768.0,306.0,81.0,40.0
765.0,313.0,84.0,42.0
762.0,317.0,82.0,41.0
762.0,319.0,86.0,43.0
759.0,319.0,82.0,41.0
757.0,322.0,85.0,42.0
756.0,329.0,88.0,44.0
754.0,337.0,89.0,45.0
754.0,340.0,87.0,44.0
755.0,343.0,86.0,43.0
754.0,349.0,88.0,44.0
756.0,354.0,87.0,44.0
756.0,356.0,87.0,44.0
756.0,361.0,88.0,44.0
759.0,363.0,87.0,44.0
759.0,368.0,88.0,44.0
758.0,371.0,88.0,44.0
761.0,374.0,86.0,43.0
760.0,378.0,88.0,44.0
762.0,380.0,88.0,44.0
764.0,379.0,89.0,44.0
764.0,377.0,89.0,45.0
764.0,378.0,89.0,45.0
767.0,380.0,89.0,45.0
766.0,379.0,89.0,45.0
767.0,380.0,89.0,45.0
768.0,378.0,89.0,45.0
768.0,379.0,90.0,45.0
770.0,378.0,88.0,44.0
768.0,379.0,92.0,46.0
771.0,378.0,89.0,44.0
770.0,380.0,89.0,44.0
771.0,380.0,85.0,43.0
768.0,381.0,84.0,42.0
764.0,381.0,84.0,42.0
763.0,382.0,84.0,42.0
762.0,382.0,83.0,42.0
758.0,382.0,83.0,41.0
755.0,381.0,82.0,41.0
753.0,381.0,82.0,41.0
751.0,382.0,82.0,41.0
748.0,377.0,82.0,41.0
732.0,367.0,88.0,44.0
723.0,366.0,84.0,42.0
717.0,366.0,84.0,42.0
711.0,365.0,91.0,46.0
708.0,365.0,92.0,46.0
703.0,362.0,89.0,45.0
700.0,360.0,89.0,45.0
691.0,354.0,94.0,47.0
687.0,354.0,94.0,47.0
683.0,351.0,94.0,47.0
679.0,352.0,94.0,47.0
676.0,351.0,94.0,47.0
672.0,349.0,95.0,47.0
666.0,348.0,95.0,48.0
663.0,347.0,96.0,48.0
661.0,344.0,95.0,48.0
655.0,341.0,96.0,48.0
652.0,342.0,97.0,48.0
648.0,339.0,97.0,48.0
646.0,339.0,97.0,48.0
641.0,337.0,97.0,49.0
637.0,337.0,97.0,49.0
633.0,335.0,98.0,49.0
631.0,335.0,98.0,49.0
626.0,334.0,98.0,49.0
623.0,333.0,98.0,49.0
620.0,336.0,98.0,49.0
619.0,335.0,98.0,49.0
622.0,334.0,99.0,50.0
638.0,333.0,99.0,50.0
649.0,336.0,100.0,50.0
652.0,336.0,100.0,50.0
656.0,335.0,99.0,50.0
669.0,339.0,99.0,50.0
679.0,345.0,99.0,50.0
682.0,348.0,99.0,50.0
683.0,350.0,100.0,50.0
689.0,353.0,99.0,50.0
692.0,357.0,100.0,50.0
694.0,358.0,101.0,50.0
696.0,359.0,101.0,50.0
700.0,361.0,99.0,49.0
700.0,362.0,99.0,50.0
704.0,362.0,104.0,52.0
705.0,363.0,103.0,51.0
707.0,365.0,99.0,50.0
710.0,364.0,104.0,52.0
715.0,367.0,98.0,49.0
710.0,364.0,104.0,52.0
712.0,364.0,103.0,52.0
712.0,363.0,102.0,51.0
708.0,362.0,106.0,53.0
709.0,359.0,106.0,53.0
706.0,357.0,106.0,53.0
708.0,357.0,107.0,53.0
710.0,357.0,107.0,54.0
708.0,353.0,107.0,54.0
710.0,353.0,110.0,55.0
714.0,352.0,111.0,55.0
718.0,353.0,111.0,55.0
721.0,353.0,111.0,56.0
727.0,354.0,109.0,54.0
729.0,352.0,108.0,54.0
731.0,352.0,109.0,54.0
736.0,353.0,109.0,55.0
739.0,352.0,110.0,55.0
743.0,352.0,110.0,55.0
748.0,352.0,109.0,55.0
753.0,352.0,111.0,49.0
757.0,349.0,111.0,49.0
761.0,349.0,111.0,49.0
765.0,346.0,112.0,49.0
769.0,346.0,112.0,49.0
774.0,344.0,112.0,49.0
779.0,343.0,110.0,48.0
782.0,341.0,111.0,49.0
789.0,342.0,107.0,47.0
791.0,337.0,112.0,49.0
800.0,341.0,107.0,47.0
802.0,340.0,115.0,50.0
806.0,340.0,115.0,50.0
808.0,338.0,115.0,50.0
808.0,338.0,115.0,50.0
811.0,340.0,115.0,50.0
810.0,338.0,115.0,50.0
805.0,338.0,114.0,50.0
803.0,337.0,114.0,50.0
799.0,336.0,116.0,50.0
799.0,337.0,116.0,51.0
798.0,337.0,116.0,51.0
795.0,338.0,116.0,51.0
793.0,337.0,117.0,51.0
792.0,338.0,116.0,50.0
787.0,337.0,117.0,51.0
786.0,338.0,120.0,52.0
782.0,337.0,122.0,53.0
778.0,337.0,123.0,53.0
777.0,337.0,123.0,53.0
773.0,340.0,115.0,50.0
765.0,339.0,115.0,50.0
764.0,344.0,114.0,50.0
763.0,349.0,114.0,50.0
759.0,359.0,114.0,50.0
756.0,362.0,114.0,50.0
755.0,362.0,114.0,49.0
752.0,364.0,114.0,49.0
741.0,363.0,130.0,56.0
741.0,368.0,129.0,56.0
738.0,369.0,130.0,57.0
736.0,370.0,130.0,57.0
734.0,372.0,129.0,56.0
732.0,375.0,130.0,57.0
730.0,376.0,129.0,56.0
729.0,377.0,131.0,57.0
729.0,378.0,130.0,56.0
733.0,381.0,130.0,56.0
743.0,380.0,129.0,56.0
744.0,366.0,129.0,56.0
745.0,350.0,125.0,54.0
749.0,340.0,125.0,54.0
751.0,338.0,125.0,55.0
765.0,335.0,125.0,54.0
775.0,330.0,125.0,54.0
776.0,323.0,125.0,54.0
774.0,319.0,127.0,54.0
776.0,316.0,127.0,54.0
779.0,315.0,127.0,54.0
780.0,311.0,127.0,54.0
783.0,310.0,128.0,54.0
784.0,307.0,128.0,54.0
786.0,308.0,128.0,54.0
789.0,306.0,128.0,54.0
793.0,306.0,126.0,53.0
793.0,307.0,131.0,56.0
795.0,309.0,131.0,56.0
796.0,307.0,132.0,56.0
798.0,305.0,133.0,57.0
799.0,308.0,134.0,57.0
802.0,308.0,134.0,57.0
802.0,307.0,139.0,59.0
800.0,308.0,139.0,59.0
801.0,310.0,139.0,59.0
795.0,311.0,139.0,59.0
781.0,313.0,139.0,59.0
766.0,313.0,139.0,59.0
750.0,313.0,139.0,59.0
743.0,314.0,140.0,59.0
725.0,316.0,140.0,59.0
715.0,314.0,140.0,60.0
715.0,316.0,140.0,60.0
716.0,317.0,141.0,60.0
720.0,319.0,133.0,55.0
724.0,321.0,133.0,55.0
722.0,323.0,132.0,55.0
719.0,328.0,133.0,55.0
718.0,335.0,133.0,55.0
719.0,348.0,133.0,55.0
723.0,356.0,133.0,55.0
721.0,362.0,134.0,55.0
719.0,366.0,133.0,55.0
719.0,371.0,133.0,55.0
718.0,375.0,132.0,54.0
719.0,379.0,133.0,55.0
720.0,380.0,133.0,55.0
719.0,384.0,132.0,54.0
718.0,387.0,130.0,54.0
719.0,389.0,130.0,54.0
718.0,393.0,130.0,54.0
717.0,395.0,130.0,54.0
717.0,398.0,130.0,54.0
717.0,398.0,130.0,54.0
717.0,401.0,130.0,54.0
716.0,404.0,130.0,54.0
714.0,397.0,136.0,56.0
711.0,382.0,138.0,57.0
712.0,375.0,137.0,57.0
711.0,375.0,137.0,57.0
712.0,376.0,138.0,57.0
714.0,376.0,137.0,57.0
717.0,377.0,138.0,57.0
716.0,374.0,138.0,57.0
715.0,374.0,138.0,57.0
716.0,375.0,137.0,57.0
716.0,376.0,134.0,55.0
710.0,375.0,137.0,57.0
707.0,373.0,137.0,57.0
704.0,372.0,138.0,57.0
702.0,372.0,138.0,57.0
701.0,372.0,139.0,57.0
700.0,373.0,139.0,57.0
696.0,374.0,139.0,57.0
696.0,378.0,139.0,57.0
694.0,383.0,140.0,58.0
696.0,393.0,140.0,58.0
700.0,400.0,140.0,58.0
701.0,404.0,140.0,58.0
708.0,411.0,140.0,58.0
712.0,418.0,140.0,58.0
712.0,421.0,140.0,58.0
714.0,423.0,140.0,58.0
716.0,427.0,139.0,58.0
720.0,430.0,138.0,57.0
722.0,434.0,139.0,57.0
724.0,435.0,140.0,58.0
730.0,439.0,140.0,58.0
734.0,441.0,140.0,58.0
740.0,444.0,140.0,58.0
746.0,444.0,140.0,58.0
753.0,446.0,140.0,58.0
755.0,444.0,140.0,58.0
758.0,440.0,140.0,58.0
762.0,437.0,135.0,56.0
764.0,437.0,136.0,56.0
766.0,435.0,136.0,56.0
768.0,434.0,137.0,57.0
769.0,431.0,144.0,60.0
770.0,431.0,144.0,60.0
772.0,430.0,144.0,60.0
772.0,429.0,144.0,60.0
770.0,428.0,144.0,60.0
769.0,428.0,144.0,59.0
763.0,427.0,143.0,59.0
763.0,427.0,139.0,58.0
760.0,424.0,143.0,59.0
761.0,421.0,140.0,58.0
759.0,418.0,143.0,59.0
758.0,414.0,142.0,59.0
757.0,412.0,142.0,59.0
754.0,407.0,142.0,59.0
750.0,398.0,143.0,59.0
751.0,396.0,139.0,58.0
744.0,391.0,144.0,60.0
742.0,389.0,144.0,60.0
741.0,387.0,143.0,59.0
738.0,382.0,144.0,59.0
736.0,381.0,144.0,59.0
736.0,378.0,144.0,60.0
733.0,376.0,143.0,59.0
731.0,374.0,143.0,59.0
730.0,373.0,143.0,59.0
728.0,374.0,143.0,59.0
727.0,375.0,143.0,59.0
725.0,375.0,143.0,59.0
724.0,383.0,143.0,59.0
725.0,389.0,138.0,57.0
722.0,388.0,141.0,58.0
718.0,389.0,141.0,58.0
717.0,390.0,142.0,59.0
716.0,391.0,139.0,58.0
714.0,391.0,142.0,59.0
713.0,393.0,136.0,56.0
711.0,393.0,135.0,56.0
710.0,393.0,136.0,56.0
708.0,394.0,135.0,56.0
707.0,396.0,135.0,56.0
705.0,396.0,135.0,56.0
702.0,396.0,143.0,59.0
699.0,396.0,144.0,59.0
699.0,397.0,143.0,59.0
697.0,397.0,142.0,59.0
697.0,400.0,140.0,58.0
695.0,402.0,143.0,59.0
696.0,404.0,142.0,59.0
694.0,404.0,142.0,59.0
694.0,407.0,142.0,59.0
693.0,408.0,142.0,59.0
694.0,410.0,142.0,59.0
694.0,411.0,142.0,59.0
694.0,412.0,141.0,58.0
694.0,414.0,141.0,58.0
695.0,415.0,141.0,58.0
695.0,417.0,141.0,58.0
693.0,417.0,141.0,58.0
693.0,419.0,142.0,59.0
693.0,420.0,142.0,59.0
693.0,421.0,141.0,58.0
692.0,422.0,142.0,59.0
693.0,423.0,141.0,58.0
691.0,422.0,141.0,58.0
692.0,425.0,140.0,58.0
691.0,426.0,140.0,58.0
691.0,427.0,141.0,58.0
690.0,427.0,140.0,58.0
691.0,430.0,139.0,58.0
693.0,431.0,137.0,57.0
691.0,433.0,140.0,58.0
693.0,435.0,139.0,58.0
693.0,436.0,137.0,57.0
694.0,437.0,140.0,58.0
698.0,439.0,137.0,57.0
698.0,439.0,136.0,56.0
701.0,440.0,135.0,56.0
703.0,438.0,135.0,56.0
708.0,441.0,135.0,56.0
710.0,439.0,135.0,56.0
714.0,440.0,134.0,56.0
717.0,439.0,134.0,56.0
722.0,440.0,134.0,56.0
725.0,438.0,134.0,55.0
729.0,431.0,134.0,55.0
730.0,422.0,134.0,55.0
734.0,418.0,142.0,59.0
735.0,417.0,142.0,59.0
738.0,415.0,142.0,59.0
741.0,415.0,141.0,59.0
742.0,412.0,141.0,59.0
746.0,413.0,140.0,58.0
748.0,409.0,141.0,58.0
748.0,410.0,142.0,59.0
751.0,408.0,141.0,58.0
753.0,407.0,141.0,58.0
755.0,404.0,141.0,58.0
755.0,403.0,141.0,58.0
758.0,401.0,142.0,59.0
759.0,399.0,142.0,59.0
760.0,397.0,142.0,59.0
762.0,398.0,143.0,59.0
764.0,397.0,142.0,59.0
762.0,394.0,142.0,59.0
760.0,394.0,142.0,59.0
758.0,391.0,142.0,59.0
754.0,390.0,143.0,59.0
750.0,389.0,143.0,59.0
749.0,388.0,143.0,59.0
742.0,386.0,142.0,59.0
738.0,384.0,143.0,59.0
735.0,385.0,145.0,60.0
732.0,381.0,141.0,58.0
732.0,383.0,139.0,58.0
728.0,380.0,142.0,59.0
727.0,379.0,140.0,58.0
724.0,379.0,140.0,58.0
721.0,378.0,140.0,58.0
720.0,378.0,138.0,57.0
716.0,378.0,144.0,60.0
713.0,377.0,144.0,60.0
711.0,378.0,144.0,60.0
711.0,377.0,144.0,60.0
707.0,375.0,144.0,60.0
708.0,378.0,144.0,59.0
708.0,381.0,144.0,59.0
705.0,383.0,144.0,59.0
703.0,383.0,144.0,59.0
701.0,386.0,144.0,60.0
698.0,386.0,147.0,61.0
695.0,391.0,147.0,61.0
695.0,398.0,148.0,61.0
696.0,401.0,147.0,61.0
695.0,402.0,148.0,61.0
698.0,405.0,148.0,61.0
697.0,406.0,150.0,62.0
701.0,409.0,153.0,63.0
706.0,411.0,150.0,62.0
709.0,413.0,149.0,62.0
719.0,419.0,145.0,60.0
718.0,419.0,145.0,60.0
720.0,422.0,145.0,60.0
721.0,418.0,145.0,60.0
720.0,418.0,145.0,60.0
722.0,417.0,145.0,60.0
722.0,414.0,145.0,60.0
722.0,412.0,145.0,60.0
724.0,409.0,145.0,60.0
721.0,409.0,154.0,64.0
725.0,409.0,150.0,62.0
725.0,407.0,150.0,62.0
725.0,405.0,151.0,63.0
727.0,404.0,151.0,62.0
727.0,404.0,151.0,63.0
728.0,403.0,151.0,62.0
730.0,402.0,152.0,63.0
730.0,400.0,152.0,63.0
732.0,399.0,152.0,63.0
730.0,394.0,152.0,63.0
730.0,392.0,152.0,63.0
730.0,389.0,152.0,63.0
730.0,389.0,151.0,63.0
729.0,386.0,151.0,63.0
731.0,386.0,149.0,62.0
732.0,384.0,148.0,61.0
732.0,383.0,147.0,61.0
729.0,381.0,153.0,63.0
728.0,381.0,153.0,63.0
726.0,378.0,154.0,63.0
723.0,377.0,154.0,64.0
721.0,377.0,154.0,64.0
716.0,376.0,154.0,64.0
713.0,377.0,155.0,64.0
709.0,378.0,155.0,64.0
703.0,380.0,155.0,64.0
699.0,380.0,154.0,64.0
693.0,380.0,153.0,63.0
682.0,381.0,154.0,64.0
671.0,380.0,151.0,63.0
660.0,382.0,154.0,64.0
649.0,380.0,162.0,67.0
644.0,381.0,162.0,67.0
638.0,381.0,163.0,67.0
637.0,384.0,164.0,68.0
633.0,384.0,163.0,67.0
629.0,387.0,163.0,67.0
625.0,387.0,163.0,67.0
622.0,390.0,163.0,67.0
626.0,390.0,164.0,68.0
633.0,398.0,163.0,68.0
640.0,402.0,164.0,68.0
660.0,405.0,164.0,68.0
669.0,405.0,165.0,68.0
676.0,406.0,165.0,68.0
686.0,409.0,164.0,68.0
693.0,409.0,164.0,68.0
697.0,411.0,164.0,68.0
704.0,413.0,163.0,67.0
708.0,415.0,162.0,67.0
711.0,416.0,161.0,67.0
715.0,416.0,161.0,67.0
718.0,416.0,160.0,66.0
722.0,416.0,160.0,66.0
725.0,415.0,160.0,66.0
729.0,415.0,160.0,66.0
732.0,412.0,159.0,66.0
735.0,413.0,159.0,66.0
738.0,413.0,159.0,66.0
741.0,412.0,159.0,66.0
743.0,412.0,159.0,66.0
748.0,412.0,159.0,66.0
749.0,411.0,160.0,66.0
752.0,411.0,160.0,66.0
756.0,408.0,160.0,66.0
761.0,408.0,165.0,68.0
765.0,407.0,162.0,67.0
769.0,406.0,160.0,63.0
773.0,406.0,161.0,63.0
776.0,404.0,162.0,64.0
780.0,403.0,161.0,64.0
783.0,403.0,162.0,64.0
784.0,402.0,164.0,64.0
785.0,402.0,162.0,64.0
783.0,401.0,161.0,64.0
772.0,399.0,168.0,66.0
767.0,400.0,161.0,63.0
758.0,398.0,161.0,63.0
752.0,397.0,161.0,63.0
748.0,398.0,160.0,63.0
742.0,396.0,160.0,63.0
737.0,395.0,167.0,66.0
734.0,394.0,165.0,65.0
733.0,394.0,167.0,66.0
731.0,393.0,168.0,66.0
729.0,392.0,168.0,66.0
730.0,392.0,165.0,65.0
729.0,392.0,166.0,65.0
730.0,391.0,167.0,66.0
731.0,387.0,166.0,65.0
731.0,388.0,168.0,66.0
734.0,388.0,166.0,65.0
733.0,385.0,166.0,65.0
734.0,386.0,166.0,65.0
734.0,385.0,166.0,65.0
736.0,386.0,165.0,65.0
739.0,387.0,165.0,65.0
739.0,387.0,164.0,65.0
741.0,387.0,164.0,65.0
741.0,387.0,164.0,64.0
744.0,385.0,167.0,66.0
746.0,387.0,166.0,65.0
747.0,389.0,159.0,63.0
748.0,389.0,163.0,64.0
748.0,387.0,165.0,65.0
746.0,388.0,168.0,66.0
744.0,386.0,168.0,66.0
744.0,389.0,167.0,66.0
740.0,387.0,168.0,66.0
737.0,389.0,168.0,66.0
735.0,387.0,169.0,66.0
733.0,387.0,169.0,66.0
731.0,388.0,169.0,66.0
731.0,387.0,169.0,66.0
728.0,386.0,169.0,67.0
726.0,383.0,169.0,67.0
724.0,383.0,170.0,67.0
723.0,382.0,168.0,66.0
720.0,383.0,167.0,66.0
719.0,383.0,166.0,65.0
718.0,383.0,166.0,66.0
715.0,382.0,166.0,66.0
714.0,383.0,167.0,66.0
713.0,382.0,167.0,66.0
709.0,383.0,176.0,69.0
710.0,383.0,173.0,68.0
708.0,383.0,172.0,68.0
708.0,384.0,173.0,68.0
707.0,384.0,173.0,68.0
707.0,386.0,172.0,68.0
706.0,384.0,174.0,69.0
707.0,386.0,174.0,68.0
706.0,385.0,174.0,69.0
708.0,386.0,174.0,69.0
707.0,387.0,175.0,69.0
708.0,389.0,175.0,69.0
710.0,388.0,174.0,69.0
712.0,387.0,174.0,69.0
710.0,385.0,174.0,69.0
713.0,386.0,174.0,69.0
716.0,385.0,174.0,69.0
715.0,385.0,175.0,69.0
716.0,383.0,175.0,69.0
718.0,385.0,176.0,69.0
720.0,382.0,175.0,69.0
723.0,382.0,173.0,68.0
725.0,382.0,176.0,69.0
724.0,380.0,176.0,69.0
726.0,380.0,176.0,69.0
727.0,379.0,177.0,70.0
730.0,378.0,177.0,70.0
731.0,377.0,177.0,70.0
733.0,374.0,177.0,70.0
734.0,374.0,179.0,70.0
736.0,374.0,177.0,70.0
737.0,372.0,177.0,70.0
738.0,372.0,177.0,70.0
740.0,370.0,177.0,70.0
741.0,369.0,177.0,70.0
742.0,366.0,177.0,70.0
743.0,366.0,178.0,70.0
743.0,365.0,179.0,71.0
745.0,364.0,180.0,71.0
744.0,358.0,180.0,71.0
744.0,357.0,181.0,71.0
746.0,355.0,186.0,73.0
745.0,354.0,186.0,73.0
745.0,354.0,187.0,74.0
746.0,351.0,188.0,74.0
745.0,349.0,188.0,74.0
745.0,347.0,189.0,74.0
743.0,347.0,189.0,75.0
748.0,345.0,180.0,71.0
748.0,347.0,179.0,70.0
745.0,346.0,179.0,71.0
744.0,345.0,180.0,71.0
740.0,345.0,181.0,71.0
736.0,345.0,180.0,71.0
736.0,346.0,181.0,71.0
734.0,345.0,182.0,72.0
731.0,343.0,181.0,71.0
730.0,345.0,182.0,72.0
728.0,344.0,182.0,72.0
728.0,344.0,182.0,72.0
726.0,344.0,183.0,72.0
725.0,344.0,183.0,72.0
724.0,343.0,183.0,72.0
722.0,342.0,184.0,72.0
722.0,342.0,184.0,72.0
720.0,340.0,184.0,72.0
719.0,341.0,184.0,73.0
716.0,340.0,185.0,73.0
715.0,337.0,185.0,73.0
713.0,337.0,185.0,73.0
712.0,338.0,186.0,73.0
710.0,337.0,186.0,73.0
710.0,335.0,185.0,73.0
708.0,334.0,186.0,73.0
707.0,334.0,187.0,74.0
705.0,334.0,187.0,74.0
704.0,333.0,186.0,73.0
704.0,333.0,187.0,74.0
703.0,333.0,187.0,74.0
703.0,332.0,187.0,74.0
703.0,333.0,188.0,74.0
700.0,332.0,188.0,74.0
701.0,333.0,188.0,74.0
700.0,331.0,188.0,74.0
698.0,331.0,188.0,74.0
699.0,332.0,189.0,74.0
697.0,330.0,190.0,75.0
696.0,331.0,190.0,75.0
695.0,330.0,191.0,75.0
695.0,331.0,191.0,75.0
693.0,329.0,191.0,75.0
693.0,331.0,191.0,75.0
690.0,330.0,192.0,76.0
702.0,331.0,190.0,75.0
700.0,329.0,192.0,75.0
700.0,329.0,191.0,75.0
698.0,324.0,192.0,76.0
696.0,321.0,192.0,76.0
694.0,318.0,192.0,76.0
694.0,316.0,192.0,76.0
691.0,312.0,192.0,76.0
690.0,310.0,192.0,76.0
689.0,308.0,193.0,76.0
687.0,306.0,193.0,76.0
687.0,305.0,193.0,76.0
685.0,304.0,193.0,76.0
684.0,300.0,193.0,76.0
683.0,297.0,194.0,76.0
684.0,295.0,193.0,76.0
683.0,286.0,194.0,77.0
683.0,274.0,195.0,77.0
680.0,270.0,198.0,78.0
683.0,268.0,194.0,76.0
683.0,263.0,194.0,76.0
685.0,261.0,190.0,75.0
681.0,257.0,195.0,77.0
681.0,255.0,195.0,77.0
680.0,252.0,194.0,77.0
681.0,249.0,194.0,77.0
680.0,246.0,194.0,76.0
680.0,243.0,194.0,76.0
680.0,241.0,194.0,76.0
680.0,238.0,194.0,76.0
679.0,237.0,193.0,76.0
678.0,237.0,193.0,76.0
677.0,239.0,193.0,76.0
677.0,241.0,193.0,76.0
675.0,244.0,193.0,76.0
674.0,247.0,193.0,76.0
672.0,253.0,193.0,76.0
673.0,258.0,192.0,76.0
671.0,267.0,192.0,76.0
672.0,270.0,192.0,76.0
669.0,273.0,193.0,76.0
668.0,277.0,193.0,76.0
668.0,278.0,192.0,76.0
666.0,279.0,193.0,76.0
666.0,281.0,193.0,76.0
666.0,282.0,193.0,76.0
666.0,284.0,194.0,76.0
668.0,284.0,195.0,77.0
676.0,286.0,195.0,77.0
685.0,287.0,196.0,77.0
689.0,289.0,215.0,79.0
691.0,290.0,214.0,79.0
695.0,290.0,212.0,78.0
702.0,291.0,215.0,79.0
710.0,292.0,213.0,78.0
714.0,294.0,216.0,79.0
719.0,296.0,215.0,79.0
721.0,296.0,215.0,79.0
724.0,297.0,215.0,79.0
725.0,298.0,216.0,79.0
724.0,300.0,217.0,80.0
721.0,300.0,217.0,80.0
716.0,302.0,218.0,80.0
712.0,303.0,219.0,81.0
708.0,306.0,220.0,81.0
703.0,311.0,221.0,81.0
699.0,313.0,222.0,81.0
696.0,318.0,222.0,82.0
695.0,324.0,224.0,82.0
693.0,325.0,225.0,83.0
689.0,327.0,227.0,83.0
688.0,329.0,228.0,84.0
686.0,331.0,229.0,84.0
685.0,335.0,230.0,84.0
682.0,337.0,231.0,85.0
682.0,341.0,232.0,85.0
679.0,342.0,232.0,85.0
678.0,345.0,234.0,86.0
676.0,347.0,235.0,86.0
674.0,351.0,236.0,87.0
673.0,353.0,237.0,87.0
671.0,354.0,237.0,87.0
669.0,356.0,238.0,87.0
667.0,358.0,239.0,88.0
664.0,361.0,241.0,89.0
714.0,368.0,201.0,81.0
705.0,372.0,208.0,76.0
703.0,375.0,208.0,76.0
705.0,377.0,206.0,75.0
702.0,378.0,207.0,76.0
701.0,378.0,207.0,76.0
697.0,377.0,208.0,76.0
693.0,373.0,205.0,75.0
692.0,372.0,207.0,76.0
691.0,370.0,206.0,75.0
685.0,370.0,210.0,77.0
687.0,370.0,207.0,76.0
688.0,368.0,203.0,74.0
688.0,368.0,200.0,73.0
686.0,366.0,200.0,73.0
684.0,362.0,215.0,76.0
684.0,364.0,215.0,76.0
682.0,360.0,213.0,75.0
682.0,360.0,215.0,76.0
680.0,359.0,216.0,76.0
680.0,358.0,217.0,77.0
680.0,358.0,217.0,77.0
679.0,354.0,217.0,77.0
686.0,349.0,217.0,77.0
694.0,345.0,217.0,77.0
697.0,341.0,217.0,77.0
700.0,340.0,217.0,77.0
703.0,339.0,217.0,77.0
704.0,337.0,217.0,77.0
705.0,335.0,217.0,77.0
707.0,336.0,217.0,77.0
707.0,333.0,217.0,77.0
708.0,332.0,218.0,77.0
708.0,330.0,217.0,77.0
712.0,329.0,220.0,78.0
713.0,326.0,220.0,78.0
713.0,326.0,220.0,78.0
714.0,325.0,220.0,78.0
713.0,322.0,219.0,78.0
715.0,322.0,219.0,77.0
715.0,321.0,218.0,77.0
717.0,320.0,218.0,77.0
716.0,316.0,218.0,77.0
716.0,318.0,217.0,77.0
717.0,315.0,217.0,77.0
716.0,313.0,231.0,82.0
715.0,316.0,233.0,82.0
715.0,317.0,233.0,82.0
714.0,315.0,233.0,82.0
715.0,316.0,232.0,82.0
711.0,316.0,239.0,84.0
709.0,319.0,239.0,84.0
695.0,317.0,240.0,85.0
671.0,317.0,235.0,83.0
647.0,316.0,241.0,85.0
639.0,310.0,241.0,85.0
636.0,310.0,242.0,86.0
632.0,308.0,242.0,86.0
625.0,307.0,243.0,86.0
617.0,306.0,243.0,86.0
616.0,308.0,246.0,87.0
634.0,332.0,249.0,85.0
658.0,343.0,233.0,81.0
675.0,346.0,236.0,79.0
687.0,346.0,237.0,79.0
695.0,343.0,239.0,80.0
701.0,345.0,242.0,81.0
709.0,351.0,240.0,80.0
725.0,351.0,243.0,81.0
747.0,351.0,242.0,81.0
755.0,354.0,243.0,81.0
759.0,356.0,244.0,82.0
744.0,359.0,244.0,82.0
728.0,360.0,244.0,82.0
661.0,355.0,255.0,83.0
634.0,359.0,256.0,83.0
609.0,356.0,258.0,84.0
586.0,354.0,259.0,84.0
575.0,356.0,260.0,85.0
579.0,356.0,261.0,85.0
575.0,351.0,262.0,85.0
567.0,346.0,263.0,86.0
563.0,338.0,264.0,86.0
568.0,329.0,265.0,86.0
577.0,312.0,266.0,86.0
581.0,296.0,266.0,87.0
581.0,287.0,267.0,87.0
569.0,284.0,267.0,87.0
563.0,282.0,268.0,87.0
559.0,270.0,267.0,87.0
556.0,268.0,264.0,86.0
549.0,267.0,263.0,86.0
546.0,259.0,260.0,85.0
541.0,255.0,260.0,85.0
532.0,248.0,266.0,87.0
527.0,244.0,266.0,87.0
522.0,240.0,266.0,87.0
518.0,234.0,267.0,87.0
516.0,232.0,267.0,87.0
518.0,229.0,269.0,88.0
536.0,239.0,267.0,87.0
542.0,240.0,267.0,87.0
548.0,249.0,267.0,87.0
551.0,251.0,266.0,87.0
553.0,254.0,266.0,87.0
561.0,260.0,267.0,87.0
566.0,261.0,267.0,87.0
569.0,265.0,267.0,87.0
576.0,266.0,269.0,87.0
581.0,264.0,271.0,88.0
585.0,268.0,272.0,89.0
586.0,267.0,273.0,89.0
586.0,266.0,275.0,90.0
590.0,268.0,276.0,90.0
592.0,267.0,277.0,90.0
593.0,271.0,278.0,91.0
593.0,275.0,278.0,91.0
591.0,278.0,278.0,91.0
589.0,281.0,273.0,92.0
578.0,283.0,274.0,92.0
569.0,293.0,275.0,93.0
560.0,304.0,275.0,93.0
554.0,307.0,275.0,93.0
552.0,308.0,276.0,93.0
549.0,305.0,277.0,93.0
546.0,311.0,276.0,93.0
546.0,315.0,276.0,93.0
545.0,314.0,277.0,93.0
545.0,321.0,275.0,93.0
546.0,318.0,285.0,93.0
548.0,325.0,283.0,92.0
547.0,324.0,287.0,94.0
548.0,328.0,284.0,93.0
550.0,322.0,284.0,93.0
548.0,312.0,284.0,93.0
549.0,318.0,282.0,92.0
548.0,316.0,281.0,92.0
552.0,319.0,285.0,91.0
547.0,316.0,283.0,90.0
539.0,310.0,281.0,90.0
535.0,311.0,285.0,91.0
533.0,309.0,284.0,91.0
531.0,305.0,281.0,90.0
529.0,308.0,279.0,89.0
526.0,306.0,278.0,89.0
522.0,304.0,278.0,89.0
521.0,305.0,278.0,89.0
516.0,300.0,278.0,89.0
514.0,303.0,278.0,89.0
513.0,303.0,279.0,89.0
511.0,303.0,279.0,89.0
509.0,301.0,279.0,89.0
508.0,299.0,282.0,90.0
508.0,304.0,283.0,90.0
507.0,303.0,285.0,91.0
504.0,303.0,286.0,91.0
504.0,303.0,288.0,92.0
506.0,300.0,291.0,93.0
515.0,303.0,292.0,93.0
519.0,304.0,293.0,94.0
526.0,304.0,293.0,94.0
535.0,306.0,305.0,94.0
540.0,305.0,306.0,94.0
539.0,306.0,310.0,96.0
543.0,308.0,311.0,96.0
547.0,306.0,308.0,95.0
552.0,309.0,308.0,95.0
554.0,309.0,308.0,95.0
555.0,309.0,308.0,95.0
558.0,312.0,307.0,95.0
561.0,309.0,307.0,95.0
567.0,309.0,313.0,94.0
565.0,303.0,315.0,95.0
569.0,301.0,312.0,94.0
571.0,304.0,318.0,95.0
572.0,308.0,317.0,95.0
574.0,308.0,316.0,95.0
575.0,310.0,320.0,96.0
570.0,312.0,319.0,96.0
570.0,318.0,319.0,96.0
572.0,324.0,318.0,96.0
571.0,325.0,318.0,96.0
569.0,327.0,328.0,96.0
573.0,329.0,325.0,95.0
567.0,330.0,325.0,95.0
561.0,333.0,330.0,97.0
562.0,333.0,332.0,97.0
562.0,336.0,331.0,97.0
561.0,333.0,329.0,96.0
558.0,331.0,330.0,97.0
557.0,334.0,331.0,97.0
556.0,335.0,330.0,97.0
553.0,335.0,333.0,98.0
553.0,337.0,335.0,98.0
551.0,335.0,336.0,98.0
550.0,337.0,339.0,99.0
549.0,338.0,341.0,100.0
545.0,341.0,343.0,100.0
541.0,340.0,343.0,100.0
537.0,338.0,343.0,101.0
525.0,336.0,344.0,101.0
518.0,331.0,357.0,101.0
513.0,333.0,359.0,102.0
507.0,327.0,359.0,102.0
501.0,324.0,361.0,102.0
496.0,320.0,363.0,103.0
490.0,320.0,364.0,103.0
488.0,319.0,365.0,103.0
484.0,320.0,366.0,103.0
480.0,318.0,366.0,103.0
477.0,320.0,366.0,103.0
471.0,317.0,366.0,104.0
469.0,317.0,365.0,103.0
464.0,316.0,382.0,104.0
460.0,316.0,385.0,105.0
460.0,314.0,385.0,105.0
461.0,320.0,386.0,105.0
466.0,321.0,387.0,105.0
470.0,325.0,387.0,105.0
474.0,328.0,388.0,106.0
477.0,329.0,388.0,106.0
481.0,333.0,388.0,106.0
503.0,333.0,383.0,106.0
509.0,332.0,381.0,106.0
514.0,331.0,385.0,106.0
516.0,326.0,387.0,107.0
520.0,326.0,387.0,107.0
524.0,322.0,387.0,107.0
524.0,321.0,388.0,107.0
525.0,307.0,391.0,108.0
526.0,299.0,391.0,108.0
527.0,293.0,391.0,108.0
527.0,288.0,391.0,108.0
527.0,286.0,392.0,109.0
526.0,284.0,404.0,109.0
525.0,280.0,406.0,110.0
526.0,279.0,408.0,110.0
526.0,276.0,408.0,110.0
525.0,279.0,410.0,110.0
521.0,283.0,410.0,111.0
518.0,282.0,411.0,111.0
514.0,280.0,411.0,111.0
510.0,279.0,412.0,111.0
504.0,279.0,421.0,111.0
496.0,276.0,422.0,111.0
486.0,280.0,427.0,113.0
469.0,288.0,425.0,112.0
453.0,287.0,427.0,112.0
442.0,288.0,428.0,113.0
427.0,288.0,428.0,113.0
412.0,285.0,432.0,114.0
411.0,287.0,429.0,113.0
418.0,288.0,430.0,112.0
411.0,288.0,431.0,112.0
408.0,290.0,429.0,112.0
401.0,288.0,434.0,113.0
392.0,291.0,435.0,113.0
386.0,290.0,436.0,114.0
380.0,293.0,436.0,114.0
392.0,291.0,432.0,113.0
391.0,292.0,432.0,113.0
397.0,293.0,436.0,114.0
401.0,293.0,434.0,113.0
407.0,293.0,434.0,113.0
423.0,295.0,434.0,113.0
431.0,293.0,432.0,113.0
437.0,294.0,444.0,113.0
450.0,294.0,445.0,113.0
458.0,297.0,444.0,113.0
461.0,296.0,444.0,113.0
459.0,297.0,445.0,113.0
470.0,308.0,437.0,99.0
476.0,315.0,438.0,99.0
480.0,318.0,440.0,100.0
483.0,318.0,440.0,100.0
495.0,321.0,437.0,99.0
499.0,322.0,447.0,101.0
501.0,323.0,449.0,102.0
501.0,325.0,452.0,102.0
507.0,324.0,456.0,103.0
509.0,324.0,458.0,104.0
512.0,318.0,455.0,103.0
515.0,318.0,455.0,103.0
516.0,317.0,455.0,103.0
518.0,316.0,455.0,103.0
519.0,307.0,455.0,103.0
521.0,292.0,455.0,103.0
521.0,276.0,458.0,104.0
522.0,261.0,461.0,104.0
523.0,255.0,461.0,104.0
525.0,248.0,462.0,105.0
522.0,238.0,463.0,105.0
522.0,231.0,464.0,105.0
521.0,231.0,466.0,106.0
519.0,226.0,467.0,106.0
534.0,225.0,462.0,106.0
530.0,219.0,466.0,107.0
526.0,216.0,470.0,108.0
533.0,213.0,461.0,106.0
533.0,222.0,458.0,105.0
535.0,227.0,467.0,106.0
533.0,231.0,466.0,106.0
529.0,234.0,475.0,108.0
530.0,235.0,469.0,104.0
518.0,230.0,476.0,108.0
509.0,242.0,489.0,105.0
500.0,240.0,488.0,105.0
490.0,242.0,488.0,105.0
480.0,244.0,487.0,105.0
467.0,243.0,487.0,105.0
451.0,248.0,485.0,104.0
443.0,245.0,480.0,103.0
440.0,250.0,489.0,103.0
431.0,253.0,491.0,103.0
422.0,252.0,490.0,103.0
422.0,258.0,487.0,102.0
407.0,253.0,498.0,105.0
405.0,255.0,501.0,106.0
405.0,257.0,504.0,106.0
397.0,259.0,505.0,106.0
390.0,265.0,509.0,107.0
387.0,264.0,511.0,108.0
379.0,267.0,517.0,109.0
379.0,268.0,519.0,109.0
377.0,270.0,523.0,110.0
377.0,270.0,524.0,110.0
378.0,265.0,526.0,111.0
378.0,265.0,530.0,112.0
402.0,252.0,496.0,118.0
410.0,250.0,494.0,117.0
411.0,251.0,498.0,119.0
412.0,249.0,499.0,119.0
420.0,257.0,495.0,118.0
422.0,256.0,494.0,118.0
420.0,256.0,494.0,118.0
424.0,258.0,504.0,117.0
424.0,258.0,506.0,116.0
427.0,263.0,504.0,116.0
428.0,265.0,507.0,115.0
426.0,265.0,507.0,115.0
399.0,266.0,540.0,122.0
395.0,265.0,541.0,122.0
398.0,277.0,541.0,122.0
395.0,280.0,542.0,122.0
436.0,280.0,513.0,122.0
435.0,284.0,509.0,121.0
435.0,284.0,514.0,122.0
435.0,289.0,508.0,121.0
433.0,290.0,509.0,121.0
433.0,294.0,502.0,119.0
434.0,295.0,511.0,118.0
428.0,296.0,510.0,118.0
427.0,294.0,511.0,118.0
423.0,298.0,510.0,118.0
418.0,298.0,512.0,118.0
415.0,299.0,509.0,118.0
419.0,300.0,508.0,122.0
413.0,298.0,513.0,123.0
415.0,294.0,512.0,123.0
410.0,292.0,514.0,124.0
411.0,291.0,515.0,124.0
406.0,288.0,518.0,124.0
403.0,288.0,521.0,125.0
389.0,288.0,522.0,126.0
385.0,284.0,526.0,127.0
388.0,286.0,525.0,127.0
386.0,284.0,530.0,128.0
386.0,284.0,528.0,127.0
386.0,282.0,529.0,128.0
386.0,281.0,531.0,128.0
384.0,280.0,534.0,129.0
383.0,277.0,537.0,130.0
382.0,277.0,541.0,131.0
381.0,277.0,544.0,131.0
381.0,275.0,546.0,132.0
378.0,272.0,549.0,133.0
380.0,272.0,547.0,132.0
377.0,273.0,555.0,132.0
375.0,270.0,564.0,133.0
394.0,279.0,554.0,118.0
396.0,280.0,548.0,117.0
393.0,277.0,552.0,118.0
396.0,279.0,551.0,117.0
398.0,276.0,545.0,116.0
397.0,278.0,561.0,116.0
396.0,274.0,562.0,116.0
396.0,274.0,563.0,116.0
395.0,273.0,565.0,117.0
394.0,276.0,562.0,116.0
402.0,282.0,566.0,125.0
405.0,280.0,560.0,124.0
396.0,272.0,556.0,123.0
385.0,248.0,560.0,124.0
382.0,234.0,561.0,124.0
372.0,225.0,561.0,124.0
354.0,213.0,560.0,124.0
344.0,202.0,558.0,123.0
335.0,198.0,562.0,124.0
321.0,196.0,563.0,124.0
308.0,192.0,565.0,125.0
283.0,197.0,584.0,125.0
276.0,201.0,589.0,126.0
272.0,205.0,590.0,126.0
255.0,211.0,598.0,128.0
249.0,216.0,599.0,128.0
241.0,219.0,605.0,130.0
234.0,222.0,609.0,130.0
226.0,222.0,616.0,132.0
215.0,221.0,624.0,134.0
191.0,219.0,626.0,135.0
189.0,219.0,621.0,134.0
177.0,216.0,630.0,136.0
167.0,216.0,637.0,137.0
155.0,215.0,644.0,139.0
148.0,214.0,641.0,138.0
139.0,208.0,646.0,139.0
128.0,211.0,648.0,140.0
111.0,189.0,644.0,139.0
138.0,183.0,617.0,139.0
134.0,177.0,613.0,138.0
123.0,169.0,620.0,140.0
116.0,167.0,640.0,140.0
115.0,163.0,635.0,139.0
112.0,158.0,633.0,138.0
106.0,151.0,657.0,139.0
107.0,140.0,658.0,139.0
117.0,136.0,658.0,139.0
142.0,129.0,640.0,139.0
146.0,126.0,635.0,138.0
143.0,120.0,644.0,140.0
149.0,114.0,645.0,140.0
158.0,119.0,655.0,139.0
164.0,127.0,651.0,138.0
170.0,140.0,655.0,139.0
180.0,153.0,652.0,138.0
181.0,166.0,654.0,139.0
185.0,171.0,655.0,139.0
198.0,191.0,654.0,139.0
209.0,202.0,655.0,139.0
211.0,223.0,656.0,139.0
215.0,230.0,658.0,140.0
221.0,236.0,660.0,140.0
224.0,246.0,662.0,140.0
225.0,249.0,664.0,141.0
231.0,272.0,665.0,141.0
232.0,296.0,668.0,142.0
221.0,307.0,681.0,142.0
220.0,317.0,682.0,142.0
227.0,325.0,685.0,143.0
228.0,333.0,690.0,144.0
228.0,341.0,696.0,145.0
246.0,344.0,702.0,146.0
251.0,344.0,707.0,148.0
256.0,325.0,712.0,148.0
265.0,317.0,722.0,150.0
284.0,314.0,724.0,151.0
298.0,305.0,726.0,151.0
310.0,306.0,728.0,152.0
332.0,305.0,699.0,154.0
326.0,300.0,708.0,156.0
335.0,301.0,706.0,155.0
347.0,302.0,702.0,155.0
352.0,303.0,707.0,156.0
353.0,305.0,728.0,157.0
354.0,303.0,726.0,157.0
365.0,309.0,713.0,154.0
356.0,295.0,730.0,152.0
350.0,300.0,731.0,157.0
341.0,296.0,725.0,156.0
319.0,289.0,736.0,158.0
300.0,289.0,732.0,157.0
306.0,291.0,735.0,158.0
300.0,284.0,740.0,159.0
296.0,289.0,731.0,157.0
295.0,292.0,736.0,155.0
292.0,305.0,732.0,154.0
287.0,312.0,739.0,156.0
278.0,318.0,735.0,155.0
262.0,320.0,754.0,152.0
262.0,331.0,745.0,150.0
256.0,333.0,754.0,152.0
242.0,338.0,751.0,151.0
230.0,338.0,753.0,152.0
243.0,341.0,746.0,159.0
241.0,346.0,748.0,160.0
237.0,346.0,749.0,160.0
239.0,351.0,752.0,160.0
244.0,343.0,752.0,160.0
241.0,342.0,756.0,161.0
261.0,334.0,755.0,161.0
267.0,332.0,758.0,161.0
278.0,339.0,757.0,161.0
291.0,329.0,758.0,161.0
298.0,324.0,760.0,162.0
308.0,326.0,759.0,162.0
313.0,324.0,759.0,162.0
324.0,325.0,759.0,162.0
339.0,321.0,757.0,161.0
349.0,313.0,757.0,161.0
354.0,312.0,755.0,161.0
360.0,311.0,754.0,161.0
372.0,306.0,745.0,159.0
378.0,307.0,742.0,158.0
382.0,292.0,737.0,157.0
384.0,280.0,735.0,157.0
384.0,272.0,730.0,156.0
382.0,268.0,742.0,155.0
382.0,267.0,727.0,152.0
370.0,263.0,730.0,152.0
359.0,262.0,743.0,152.0
347.0,262.0,740.0,151.0
344.0,267.0,726.0,149.0
331.0,266.0,742.0,146.0
314.0,266.0,741.0,146.0
299.0,263.0,737.0,145.0
289.0,261.0,728.0,143.0
281.0,258.0,739.0,141.0
277.0,260.0,737.0,141.0
272.0,265.0,743.0,142.0
266.0,274.0,740.0,141.0
263.0,282.0,748.0,143.0
259.0,280.0,753.0,144.0
252.0,278.0,761.0,145.0
279.0,278.0,713.0,147.0
291.0,297.0,718.0,148.0
293.0,300.0,722.0,149.0
299.0,297.0,727.0,150.0
299.0,303.0,731.0,151.0
298.0,306.0,733.0,151.0
338.0,328.0,727.0,150.0
331.0,329.0,727.0,150.0
328.0,330.0,730.0,150.0
332.0,352.0,731.0,151.0
339.0,347.0,722.0,149.0
344.0,353.0,727.0,150.0
347.0,354.0,728.0,150.0
357.0,363.0,733.0,151.0
357.0,365.0,732.0,151.0
333.0,364.0,756.0,152.0
340.0,367.0,760.0,153.0
337.0,369.0,767.0,154.0
331.0,366.0,776.0,156.0
336.0,370.0,771.0,155.0
334.0,370.0,777.0,156.0
328.0,370.0,790.0,159.0
347.0,366.0,775.0,161.0
339.0,366.0,786.0,163.0
344.0,366.0,777.0,161.0
339.0,356.0,799.0,161.0
340.0,350.0,790.0,159.0
332.0,351.0,804.0,159.0
328.0,344.0,809.0,157.0
334.0,351.0,799.0,139.0
333.0,350.0,791.0,138.0
329.0,342.0,804.0,140.0
336.0,331.0,804.0,137.0
333.0,328.0,806.0,137.0
330.0,323.0,809.0,138.0
327.0,320.0,812.0,138.0
321.0,316.0,815.0,139.0
314.0,313.0,823.0,140.0
308.0,310.0,827.0,141.0
301.0,307.0,832.0,142.0
291.0,304.0,836.0,142.0
278.0,301.0,838.0,143.0
268.0,298.0,844.0,144.0
249.0,295.0,855.0,146.0
218.0,290.0,874.0,147.0
206.0,287.0,872.0,147.0
204.0,287.0,887.0,149.0
201.0,284.0,876.0,147.0
200.0,283.0,864.0,145.0
200.0,284.0,849.0,143.0
200.0,307.0,878.0,157.0
206.0,339.0,891.0,159.0
212.0,365.0,896.0,160.0
220.0,384.0,900.0,161.0
228.0,391.0,904.0,162.0
234.0,402.0,895.0,160.0
236.0,421.0,898.0,161.0
249.0,422.0,899.0,161.0
262.0,411.0,901.0,161.0
268.0,416.0,904.0,162.0
268.0,389.0,913.0,163.0
267.0,367.0,924.0,165.0
289.0,348.0,916.0,168.0
290.0,351.0,926.0,170.0
297.0,349.0,925.0,170.0
314.0,348.0,921.0,166.0
325.0,349.0,924.0,164.0
329.0,352.0,934.0,162.0
336.0,337.0,936.0,180.0
346.0,344.0,934.0,178.0
350.0,345.0,936.0,178.0
346.0,346.0,935.0,178.0
343.0,349.0,934.0,178.0
301.0,352.0,977.0,178.0
301.0,350.0,969.0,178.0
279.0,352.0,980.0,180.0
257.0,354.0,967.0,178.0
237.0,354.0,978.0,175.0
208.0,350.0,985.0,176.0
191.0,354.0,982.0,174.0
169.0,347.0,993.0,176.0
143.0,347.0,993.0,176.0
120.0,343.0,1009.0,176.0
103.0,343.0,1019.0,178.0
110.0,340.0,996.0,178.0
104.0,339.0,1001.0,179.0
91.0,340.0,1013.0,179.0
89.0,338.0,1016.0,180.0
84.0,339.0,1021.0,180.0
89.0,338.0,1022.0,181.0
77.0,336.0,1021.0,181.0
87.0,329.0,1017.0,181.0
86.0,325.0,1029.0,181.0
80.0,319.0,1040.0,183.0
79.0,316.0,1062.0,183.0
80.0,310.0,1062.0,183.0
81.0,309.0,1083.0,183.0
87.0,308.0,1099.0,183.0
92.0,305.0,1111.0,182.0
85.0,302.0,1111.0,182.0
83.0,299.0,1111.0,182.0
82.0,297.0,1139.0,182.0
161.0,300.0,1075.0,192.0
157.0,299.0,1072.0,191.0
170.0,297.0,1072.0,196.0
166.0,297.0,1089.0,196.0
173.0,296.0,1091.0,201.0
176.0,294.0,1092.0,201.0
191.0,306.0,1086.0,183.0
204.0,299.0,1069.0,228.0
198.0,290.0,1082.0,220.0
195.0,273.0,1085.0,248.0
205.0,262.0,1075.0,265.0
218.0,290.0,1059.0,245.0
210.0,281.0,1069.0,191.0
210.0,296.0,1067.0,174.0
211.0,314.0,1065.0,147.0
203.0,310.0,1061.0,146.0
192.0,308.0,1059.0,146.0
191.0,309.0,1053.0,145.0
183.0,307.0,1053.0,145.0
169.0,303.0,1054.0,146.0
163.0,302.0,1052.0,145.0
165.0,301.0,1044.0,144.0
157.0,300.0,1048.0,145.0
150.0,299.0,1043.0,144.0
150.0,297.0,1039.0,143.0
149.0,297.0,1036.0,143.0
135.0,298.0,1030.0,143.0
125.0,294.0,1041.0,145.0
134.0,299.0,1026.0,142.0
124.0,299.0,1021.0,142.0
123.0,306.0,1020.0,142.0
122.0,303.0,1021.0,142.0
120.0,312.0,1021.0,142.0
112.0,322.0,1032.0,143.0
112.0,326.0,1034.0,144.0
110.0,335.0,1036.0,144.0
110.0,338.0,1035.0,144.0
110.0,345.0,1036.0,144.0
110.0,346.0,1037.0,144.0
110.0,348.0,1038.0,144.0
123.0,352.0,1021.0,142.0
128.0,353.0,1039.0,142.0
133.0,355.0,1040.0,142.0
134.0,358.0,1035.0,142.0
171.0,360.0,1031.0,139.0
186.0,362.0,1012.0,136.0
194.0,361.0,1020.0,134.0
205.0,361.0,1023.0,134.0
219.0,352.0,1024.0,132.0
223.0,351.0,1026.0,134.0
241.0,354.0,1018.0,132.0
243.0,355.0,1015.0,124.0
249.0,349.0,1014.0,124.0
250.0,339.0,1016.0,124.0
259.0,328.0,999.0,122.0
283.0,322.0,985.0,120.0
288.0,317.0,982.0,120.0
293.0,311.0,977.0,119.0
297.0,302.0,980.0,119.0
302.0,302.0,978.0,119.0
305.0,300.0,976.0,119.0
307.0,299.0,975.0,118.0
307.0,299.0,979.0,119.0
299.0,309.0,980.0,119.0
292.0,310.0,988.0,120.0
277.0,320.0,991.0,120.0
265.0,324.0,995.0,121.0
263.0,332.0,968.0,121.0
261.0,340.0,968.0,121.0
261.0,345.0,961.0,120.0
259.0,357.0,945.0,118.0
249.0,364.0,942.0,128.0
247.0,363.0,942.0,128.0
248.0,363.0,938.0,134.0
246.0,366.0,939.0,134.0
235.0,366.0,953.0,132.0
240.0,369.0,951.0,132.0
243.0,371.0,951.0,132.0
252.0,371.0,951.0,132.0
274.0,373.0,942.0,128.0
289.0,373.0,946.0,129.0
301.0,373.0,948.0,127.0
315.0,372.0,934.0,125.0
315.0,368.0,951.0,123.0
314.0,369.0,956.0,125.0
327.0,368.0,966.0,126.0
333.0,373.0,978.0,128.0
353.0,383.0,964.0,128.0
369.0,403.0,938.0,130.0
385.0,425.0,917.0,127.0
388.0,428.0,907.0,123.0
390.0,430.0,895.0,123.0
378.0,442.0,892.0,123.0
387.0,441.0,889.0,122.0
379.0,444.0,900.0,122.0
380.0,419.0,900.0,134.0
372.0,417.0,905.0,135.0
366.0,418.0,910.0,135.0
363.0,416.0,918.0,136.0
361.0,403.0,920.0,136.0
351.0,392.0,930.0,136.0
341.0,394.0,937.0,140.0
359.0,392.0,925.0,141.0
351.0,388.0,935.0,143.0
343.0,379.0,933.0,143.0
349.0,388.0,931.0,133.0
350.0,387.0,934.0,133.0
354.0,380.0,934.0,135.0
346.0,374.0,935.0,136.0
339.0,376.0,943.0,136.0
327.0,371.0,951.0,138.0
299.0,376.0,981.0,140.0
282.0,375.0,997.0,142.0
265.0,370.0,1013.0,142.0
251.0,369.0,1029.0,144.0
272.0,358.0,1008.0,143.0
268.0,356.0,1012.0,144.0
262.0,357.0,1017.0,144.0
252.0,354.0,1028.0,146.0
246.0,355.0,1032.0,146.0
243.0,355.0,1036.0,147.0
237.0,356.0,1040.0,148.0
231.0,358.0,1046.0,148.0
235.0,374.0,1043.0,136.0
221.0,375.0,1057.0,138.0
214.0,373.0,1066.0,137.0
204.0,374.0,1071.0,138.0
187.0,379.0,1093.0,137.0
177.0,378.0,1104.0,142.0
182.0,378.0,1099.0,145.0
178.0,379.0,1105.0,146.0
175.0,380.0,1107.0,146.0
166.0,378.0,1119.0,148.0
149.0,377.0,1131.0,151.0
156.0,378.0,1124.0,148.0
150.0,377.0,1129.0,149.0
149.0,372.0,1132.0,146.0
148.0,371.0,1135.0,146.0
148.0,370.0,1137.0,147.0
148.0,366.0,1142.0,147.0
153.0,368.0,1129.0,146.0
176.0,364.0,1129.0,146.0
184.0,362.0,1147.0,148.0
204.0,360.0,1150.0,149.0
206.0,361.0,1157.0,149.0
195.0,364.0,1162.0,150.0
179.0,365.0,1170.0,151.0
167.0,353.0,1177.0,152.0
157.0,353.0,1186.0,153.0
138.0,345.0,1195.0,154.0
117.0,345.0,1207.0,156.0
104.0,345.0,1216.0,157.0
100.0,347.0,1221.0,158.0
96.0,347.0,1230.0,159.0
92.0,349.0,1241.0,160.0
89.0,353.0,1249.0,161.0
88.0,354.0,1255.0,162.0
85.0,354.0,1262.0,163.0
85.0,356.0,1268.0,164.0
90.0,358.0,1273.0,164.0
98.0,362.0,1279.0,165.0
107.0,361.0,1268.0,164.0
117.0,362.0,1251.0,162.0
122.0,361.0,1248.0,161.0
125.0,362.0,1246.0,161.0
126.0,357.0,1246.0,161.0
127.0,344.0,1241.0,160.0
126.0,339.0,1239.0,160.0
135.0,338.0,1220.0,158.0
140.0,337.0,1205.0,156.0
149.0,336.0,1182.0,153.0
155.0,335.0,1168.0,151.0
154.0,333.0,1161.0,150.0
150.0,334.0,1141.0,147.0
146.0,333.0,1130.0,146.0
161.0,340.0,1119.0,143.0
162.0,341.0,1114.0,140.0
153.0,344.0,1119.0,139.0
158.0,349.0,1108.0,136.0
160.0,355.0,1102.0,117.0
152.0,357.0,1100.0,117.0
145.0,358.0,1094.0,116.0
146.0,358.0,1094.0,115.0
141.0,358.0,1094.0,115.0
141.0,359.0,1088.0,113.0
141.0,359.0,1080.0,112.0
143.0,359.0,1072.0,111.0
144.0,361.0,1051.0,124.0
139.0,360.0,1058.0,125.0
143.0,361.0,1039.0,123.0
141.0,361.0,1028.0,121.0
146.0,361.0,1039.0,120.0
162.0,362.0,1029.0,117.0
171.0,363.0,1026.0,117.0
183.0,364.0,1008.0,115.0
196.0,364.0,994.0,112.0
204.0,368.0,985.0,111.0
216.0,372.0,976.0,110.0
216.0,373.0,967.0,108.0
221.0,376.0,962.0,107.0
231.0,378.0,954.0,107.0
239.0,378.0,946.0,106.0
249.0,380.0,932.0,104.0
257.0,381.0,922.0,103.0
261.0,381.0,918.0,102.0
264.0,382.0,918.0,103.0
266.0,381.0,921.0,103.0
271.0,385.0,926.0,103.0
274.0,383.0,929.0,104.0
268.0,380.0,944.0,104.0
268.0,385.0,946.0,104.0
260.0,383.0,956.0,105.0
262.0,384.0,959.0,106.0
280.0,389.0,945.0,96.0
276.0,381.0,958.0,97.0
282.0,384.0,968.0,96.0
288.0,389.0,956.0,95.0
289.0,383.0,970.0,96.0
296.0,385.0,981.0,102.0
300.0,382.0,984.0,102.0
304.0,377.0,982.0,102.0
307.0,380.0,980.0,102.0
310.0,380.0,981.0,102.0
313.0,383.0,981.0,102.0
316.0,381.0,977.0,102.0
315.0,378.0,979.0,102.0
314.0,379.0,981.0,102.0
312.0,380.0,983.0,102.0
297.0,382.0,987.0,103.0
289.0,383.0,992.0,103.0
287.0,386.0,995.0,103.0
279.0,389.0,1003.0,104.0
273.0,392.0,1008.0,111.0
261.0,394.0,1020.0,112.0
255.0,396.0,1025.0,113.0
255.0,398.0,1026.0,114.0
249.0,401.0,1029.0,114.0
241.0,401.0,1036.0,115.0
230.0,400.0,1044.0,116.0
223.0,401.0,1050.0,117.0
217.0,399.0,1058.0,118.0
213.0,399.0,1045.0,118.0
209.0,401.0,1049.0,118.0
204.0,398.0,1050.0,119.0
194.0,399.0,1051.0,119.0
178.0,400.0,1065.0,119.0
174.0,400.0,1067.0,119.0
162.0,399.0,1069.0,119.0
153.0,400.0,1073.0,120.0
145.0,399.0,1074.0,120.0
140.0,400.0,1074.0,120.0
136.0,401.0,1073.0,120.0
124.0,404.0,1086.0,103.0
116.0,404.0,1090.0,103.0
110.0,404.0,1096.0,103.0
97.0,403.0,1110.0,104.0
93.0,400.0,1113.0,105.0
88.0,395.0,1125.0,105.0
77.0,388.0,1141.0,106.0
65.0,384.0,1149.0,107.0
102.0,376.0,1128.0,107.0
110.0,372.0,1127.0,107.0
116.0,369.0,1124.0,107.0
123.0,366.0,1142.0,106.0
137.0,365.0,1144.0,106.0
142.0,362.0,1144.0,106.0
143.0,360.0,1144.0,106.0
145.0,357.0,1144.0,106.0
152.0,354.0,1144.0,106.0
156.0,351.0,1146.0,106.0
156.0,347.0,1149.0,107.0
157.0,344.0,1150.0,107.0
163.0,341.0,1143.0,106.0
162.0,336.0,1144.0,106.0
162.0,333.0,1120.0,106.0
166.0,331.0,1117.0,106.0
151.0,326.0,1133.0,106.0
152.0,326.0,1126.0,106.0
149.0,326.0,1126.0,106.0
143.0,328.0,1137.0,121.0
127.0,324.0,1158.0,111.0
123.0,335.0,1154.0,118.0
112.0,335.0,1168.0,112.0
108.0,330.0,1172.0,124.0
90.0,334.0,1191.0,124.0
87.0,334.0,1192.0,124.0
89.0,335.0,1192.0,124.0
81.0,334.0,1198.0,124.0
77.0,332.0,1201.0,124.0
56.0,331.0,1224.0,122.0
50.0,327.0,1233.0,121.0
47.0,323.0,1228.0,120.0
42.0,315.0,1222.0,119.0
39.0,309.0,1218.0,119.0
34.0,305.0,1206.0,118.0
31.0,302.0,1193.0,117.0
29.0,300.0,1194.0,116.0
25.0,298.0,1194.0,115.0
27.0,296.0,1185.0,113.0
29.0,295.0,1176.0,112.0
53.0,300.0,1146.0,110.0
50.0,311.0,1145.0,106.0
49.0,325.0,1145.0,105.0
49.0,328.0,1147.0,105.0
45.0,333.0,1153.0,106.0
46.0,341.0,1163.0,105.0
53.0,342.0,1161.0,105.0
53.0,343.0,1168.0,105.0
59.0,345.0,1176.0,105.0
70.0,347.0,1176.0,105.0
72.0,351.0,1174.0,105.0
71.0,354.0,1172.0,105.0
75.0,356.0,1190.0,104.0
77.0,358.0,1188.0,104.0
75.0,359.0,1197.0,105.0
80.0,361.0,1194.0,104.0
85.0,362.0,1188.0,104.0
85.0,364.0,1192.0,104.0
86.0,365.0,1202.0,105.0
88.0,366.0,1213.0,106.0
91.0,368.0,1221.0,107.0
93.0,367.0,1228.0,107.0
96.0,364.0,1235.0,108.0
98.0,364.0,1241.0,108.0
99.0,363.0,1251.0,109.0
102.0,364.0,1261.0,110.0
104.0,360.0,1266.0,111.0
104.0,360.0,1272.0,111.0
107.0,360.0,1277.0,112.0
109.0,360.0,1279.0,112.0
111.0,360.0,1282.0,112.0
112.0,361.0,1284.0,112.0
111.0,361.0,1281.0,112.0
101.0,362.0,1281.0,111.0
96.0,362.0,1177.0,111.0
85.0,359.0,1195.0,111.0
81.0,360.0,1198.0,111.0
89.0,359.0,1189.0,112.0
90.0,360.0,1190.0,112.0
83.0,360.0,1194.0,112.0
79.0,358.0,1197.0,112.0
70.0,359.0,1210.0,109.0
72.0,360.0,1202.0,108.0
72.0,359.0,1198.0,108.0
74.0,360.0,1204.0,107.0
76.0,359.0,1199.0,107.0
88.0,359.0,1190.0,108.0
90.0,359.0,1186.0,108.0
85.0,360.0,1196.0,106.0
87.0,360.0,1190.0,106.0
93.0,360.0,1190.0,104.0
94.0,358.0,1188.0,104.0
97.0,359.0,1188.0,104.0
98.0,359.0,1187.0,104.0
98.0,356.0,1186.0,104.0
100.0,358.0,1184.0,104.0
102.0,354.0,1180.0,103.0
91.0,355.0,1180.0,102.0
90.0,354.0,1193.0,102.0
83.0,352.0,1194.0,102.0
78.0,352.0,1198.0,103.0
66.0,348.0,1214.0,114.0
62.0,348.0,1216.0,114.0
58.0,348.0,1219.0,115.0
45.0,345.0,1235.0,128.0
41.0,345.0,1233.0,128.0
38.0,345.0,1242.0,129.0
34.0,344.0,1247.0,129.0
31.0,343.0,1250.0,130.0
29.0,343.0,1254.0,130.0
25.0,344.0,1259.0,130.0
19.0,342.0,1263.0,131.0
16.0,342.0,1267.0,131.0
12.0,341.0,1270.0,132.0
9.0,339.0,1272.0,132.0
10.0,340.0,1275.0,132.0
6.0,338.0,1277.0,132.0
7.0,339.0,1278.0,132.0
6.0,338.0,1279.0,133.0
9.0,339.0,1281.0,133.0
15.0,338.0,1268.0,131.0
16.0,339.0,1268.0,131.0
8.0,336.0,1267.0,130.0
10.0,340.0,1259.0,129.0
14.0,340.0,1258.0,129.0
16.0,333.0,1263.0,129.0
22.0,340.0,1248.0,128.0
21.0,336.0,1255.0,126.0
23.0,332.0,1252.0,126.0
23.0,337.0,1247.0,125.0
16.0,341.0,1266.0,126.0
30.0,340.0,1248.0,126.0
23.0,334.0,1243.0,126.0
5.0,332.0,1275.0,118.0
-2.0,323.0,1275.0,118.0
-1.0,329.0,1289.0,112.0
-8.0,325.0,1286.0,112.0
-13.0,322.0,1288.0,113.0
-29.0,321.0,1310.0,113.0
-38.0,317.0,1316.0,113.0
-43.0,317.0,1321.0,113.0
0.0,309.0,1280.0,120.0
-8.0,306.0,1286.0,119.0
-6.0,304.0,1284.0,107.0
-9.0,302.0,1291.0,107.0
-7.0,304.0,1293.0,104.0
-6.0,301.0,1290.0,103.0
-5.0,300.0,1286.0,103.0
-2.0,297.0,1255.0,102.0
-10.0,295.0,1252.0,102.0
-15.0,288.0,1245.0,109.0
-1.0,286.0,1227.0,109.0
15.0,286.0,1200.0,105.0
10.0,285.0,1199.0,105.0
5.0,283.0,1198.0,105.0
0.0,282.0,1198.0,105.0
-9.0,279.0,1196.0,105.0
-14.0,278.0,1196.0,105.0
-17.0,276.0,1194.0,105.0
-23.0,275.0,1193.0,104.0
-27.0,275.0,1192.0,104.0
-32.0,280.0,1191.0,104.0
-32.0,285.0,1189.0,104.0
-31.0,282.0,1189.0,104.0
-25.0,283.0,1188.0,104.0
-21.0,282.0,1186.0,104.0
-22.0,286.0,1184.0,104.0
-26.0,290.0,1186.0,104.0
-16.0,293.0,1186.0,102.0
3.0,301.0,1165.0,102.0
-2.0,302.0,1180.0,101.0
3.0,305.0,1171.0,100.0
3.0,308.0,1180.0,100.0
2.0,326.0,1186.0,99.0
3.0,328.0,1192.0,99.0
6.0,329.0,1190.0,99.0
-2.0,332.0,1204.0,98.0
4.0,335.0,1187.0,97.0
-4.0,335.0,1216.0,104.0
-1.0,339.0,1217.0,104.0
4.0,341.0,1218.0,104.0
1.0,348.0,1234.0,104.0
3.0,351.0,1240.0,104.0
-1.0,353.0,1252.0,104.0
2.0,355.0,1250.0,103.0
-1.0,356.0,1257.0,103.0
-2.0,359.0,1250.0,103.0
-4.0,360.0,1266.0,103.0
0.0,362.0,1251.0,103.0
0.0,365.0,1250.0,103.0
-2.0,366.0,1250.0,103.0
0.0,368.0,1248.0,103.0
2.0,370.0,1241.0,103.0
4.0,372.0,1239.0,103.0
1.0,377.0,1244.0,91.0
2.0,378.0,1245.0,91.0
4.0,379.0,1244.0,91.0
8.0,379.0,1242.0,91.0
0.0,385.0,1250.0,91.0
5.0,385.0,1246.0,91.0
2.0,388.0,1249.0,90.0
0.0,381.0,1253.0,90.0
4.0,373.0,1249.0,90.0
-2.0,374.0,1255.0,89.0
5.0,371.0,1249.0,89.0
10.0,365.0,1246.0,89.0
3.0,353.0,1254.0,99.0
7.0,353.0,1253.0,99.0
3.0,351.0,1260.0,97.0
2.0,348.0,1274.0,95.0
9.0,348.0,1270.0,95.0
4.0,346.0,1279.0,95.0
18.0,344.0,1270.0,95.0
23.0,344.0,1271.0,95.0
29.0,338.0,1266.0,94.0
30.0,336.0,1265.0,94.0
37.0,336.0,1258.0,94.0
44.0,334.0,1251.0,93.0
49.0,333.0,1244.0,93.0
53.0,333.0,1239.0,92.0
55.0,334.0,1225.0,91.0
53.0,333.0,1219.0,91.0
71.0,332.0,1214.0,91.0
64.0,333.0,1204.0,91.0
59.0,332.0,1215.0,90.0
56.0,334.0,1212.0,90.0
49.0,333.0,1215.0,90.0
45.0,334.0,1220.0,90.0
42.0,334.0,1209.0,91.0
39.0,333.0,1209.0,91.0
37.0,334.0,1202.0,91.0
37.0,333.0,1201.0,91.0
34.0,335.0,1196.0,89.0
36.0,333.0,1192.0,89.0
43.0,332.0,1180.0,88.0
28.0,332.0,1193.0,87.0
39.0,329.0,1172.0,86.0
35.0,330.0,1180.0,85.0
39.0,329.0,1176.0,85.0
48.0,332.0,1160.0,84.0
54.0,324.0,1166.0,91.0
56.0,323.0,1163.0,91.0
43.0,324.0,1180.0,92.0
62.0,324.0,1154.0,92.0
70.0,325.0,1150.0,92.0
77.0,325.0,1144.0,91.0
85.0,324.0,1135.0,90.0
96.0,326.0,1127.0,89.0
100.0,323.0,1130.0,89.0
106.0,323.0,1125.0,89.0
110.0,319.0,1128.0,88.0
110.0,321.0,1128.0,88.0
121.0,319.0,1111.0,88.0
99.0,310.0,1126.0,89.0
126.0,313.0,1087.0,81.0
129.0,311.0,1081.0,81.0
134.0,309.0,1071.0,80.0
135.0,307.0,1079.0,79.0
137.0,311.0,1070.0,78.0
143.0,348.0,1072.0,78.0
146.0,352.0,1069.0,78.0
150.0,362.0,1056.0,77.0
152.0,365.0,1062.0,81.0
153.0,349.0,1059.0,81.0
153.0,356.0,1055.0,80.0
157.0,358.0,1043.0,80.0
149.0,363.0,1049.0,102.0
141.0,363.0,1033.0,100.0
128.0,365.0,1039.0,99.0
127.0,375.0,1025.0,98.0
96.0,371.0,1038.0,93.0
89.0,368.0,1030.0,92.0
85.0,350.0,1026.0,92.0
82.0,354.0,1027.0,92.0
55.0,325.0,1045.0,94.0
55.0,316.0,1029.0,92.0
68.0,313.0,1015.0,91.0
67.0,305.0,1014.0,90.0
87.0,306.0,997.0,89.0
77.0,307.0,1001.0,88.0
84.0,319.0,1001.0,87.0
112.0,316.0,992.0,74.0
118.0,308.0,988.0,74.0
130.0,318.0,983.0,73.0
134.0,315.0,980.0,73.0
144.0,326.0,976.0,73.0
164.0,332.0,971.0,72.0
174.0,325.0,967.0,72.0
170.0,324.0,963.0,80.0
164.0,323.0,959.0,80.0
170.0,318.0,969.0,80.0
173.0,322.0,966.0,80.0
169.0,321.0,963.0,80.0
207.0,320.0,938.0,80.0
203.0,320.0,946.0,81.0
209.0,318.0,942.0,80.0
208.0,320.0,951.0,81.0
240.0,317.0,917.0,81.0
238.0,317.0,918.0,81.0
244.0,317.0,909.0,80.0
253.0,316.0,910.0,80.0
258.0,317.0,903.0,79.0
262.0,316.0,899.0,79.0
266.0,317.0,908.0,78.0
268.0,320.0,901.0,77.0
274.0,321.0,899.0,77.0
282.0,330.0,894.0,77.0
283.0,332.0,892.0,77.0
280.0,338.0,898.0,77.0
271.0,343.0,920.0,79.0
254.0,350.0,942.0,80.0
253.0,358.0,948.0,81.0
241.0,360.0,968.0,82.0
233.0,366.0,981.0,83.0
214.0,366.0,1001.0,84.0
198.0,366.0,1009.0,85.0
191.0,370.0,1011.0,85.0
171.0,365.0,1011.0,86.0
163.0,361.0,1012.0,86.0
163.0,362.0,1006.0,86.0
162.0,360.0,996.0,85.0
136.0,349.0,1017.0,94.0
128.0,348.0,1022.0,94.0
107.0,347.0,1029.0,95.0
112.0,346.0,1027.0,96.0
111.0,347.0,1022.0,96.0
95.0,347.0,1035.0,97.0
81.0,347.0,1047.0,98.0
103.0,347.0,1036.0,101.0
97.0,348.0,1041.0,102.0
91.0,348.0,1047.0,102.0
80.0,348.0,1059.0,103.0
78.0,348.0,1058.0,103.0
71.0,348.0,1067.0,104.0
72.0,348.0,1065.0,104.0
72.0,348.0,1062.0,104.0
67.0,349.0,1067.0,104.0
73.0,349.0,1058.0,103.0
59.0,348.0,1078.0,105.0
67.0,347.0,1086.0,106.0
74.0,345.0,1070.0,104.0
81.0,346.0,1055.0,103.0
85.0,348.0,1076.0,102.0
80.0,345.0,1082.0,103.0
79.0,342.0,1079.0,102.0
76.0,342.0,1098.0,102.0
75.0,341.0,1095.0,102.0
72.0,342.0,1098.0,102.0
49.0,337.0,1114.0,103.0
46.0,337.0,1133.0,103.0
41.0,337.0,1132.0,103.0
31.0,336.0,1138.0,103.0
13.0,334.0,1151.0,105.0
-5.0,335.0,1147.0,105.0
-13.0,333.0,1149.0,106.0
-32.0,331.0,1160.0,107.0
-38.0,331.0,1158.0,107.0
-46.0,329.0,1159.0,107.0
-53.0,327.0,1160.0,107.0
-59.0,326.0,1160.0,107.0
-67.0,324.0,1164.0,107.0
-77.0,320.0,1170.0,108.0
-91.0,318.0,1182.0,109.0
-96.0,319.0,1189.0,109.0
-94.0,312.0,1199.0,122.0
14.0,312.0,1110.0,123.0
33.0,311.0,1114.0,123.0
2.0,309.0,1168.0,124.0
4.0,308.0,1192.0,125.0
2.0,304.0,1219.0,126.0
4.0,300.0,1235.0,128.0
8.0,295.0,1256.0,147.0
12.0,288.0,1256.0,144.0
3.0,285.0,1281.0,147.0
-8.0,283.0,1307.0,150.0
-10.0,279.0,1318.0,151.0
-15.0,278.0,1330.0,152.0
-26.0,282.0,1341.0,154.0
-24.0,283.0,1329.0,152.0
-16.0,282.0,1317.0,151.0
-3.0,281.0,1290.0,148.0
5.0,279.0,1274.0,146.0
-1.0,281.0,1275.0,144.0
-15.0,276.0,1294.0,146.0
-12.0,293.0,1284.0,145.0
-26.0,293.0,1304.0,144.0
-43.0,305.0,1321.0,143.0
5.0,313.0,1275.0,135.0
-1.0,318.0,1265.0,134.0
-6.0,320.0,1260.0,133.0
-10.0,321.0,1253.0,133.0
-13.0,325.0,1248.0,132.0
-16.0,326.0,1243.0,132.0
-19.0,334.0,1239.0,131.0
-24.0,335.0,1236.0,131.0
-31.0,337.0,1238.0,131.0
-35.0,336.0,1239.0,131.0
-35.0,342.0,1244.0,132.0
-30.0,345.0,1242.0,132.0
-22.0,344.0,1243.0,132.0
-1.0,347.0,1241.0,131.0
4.0,348.0,1227.0,131.0
3.0,348.0,1278.0,131.0
2.0,350.0,1264.0,135.0
6.0,347.0,1263.0,134.0
19.0,350.0,1250.0,133.0
-1.0,351.0,1273.0,132.0
1.0,353.0,1272.0,131.0
9.0,356.0,1267.0,130.0
18.0,356.0,1259.0,130.0
21.0,362.0,1254.0,129.0
25.0,363.0,1248.0,129.0
30.0,361.0,1243.0,128.0
32.0,367.0,1237.0,127.0
34.0,366.0,1231.0,127.0
36.0,367.0,1225.0,126.0
34.0,367.0,1219.0,126.0
29.0,368.0,1213.0,125.0
29.0,369.0,1206.0,124.0
28.0,372.0,1199.0,123.0
25.0,365.0,1207.0,122.0
24.0,367.0,1192.0,121.0
25.0,367.0,1189.0,119.0
29.0,369.0,1181.0,114.0
29.0,376.0,1175.0,113.0
29.0,375.0,1163.0,112.0
26.0,379.0,1152.0,111.0
26.0,379.0,1139.0,110.0
30.0,380.0,1121.0,108.0
33.0,387.0,1108.0,107.0
33.0,387.0,1096.0,106.0
34.0,389.0,1110.0,105.0
33.0,390.0,1103.0,104.0
31.0,391.0,1101.0,104.0
24.0,394.0,1110.0,105.0
22.0,392.0,1108.0,105.0
26.0,394.0,1105.0,104.0
36.0,384.0,1103.0,104.0
59.0,386.0,1094.0,103.0
72.0,383.0,1087.0,103.0
79.0,377.0,1083.0,102.0
84.0,378.0,1083.0,102.0
97.0,370.0,1079.0,102.0
107.0,369.0,1077.0,102.0
112.0,367.0,1074.0,102.0
119.0,362.0,1071.0,101.0
127.0,359.0,1068.0,101.0
137.0,358.0,1064.0,101.0
144.0,359.0,1059.0,100.0
150.0,356.0,1054.0,100.0
155.0,359.0,1049.0,99.0
162.0,364.0,1044.0,99.0
160.0,358.0,1040.0,98.0
151.0,360.0,1035.0,98.0
151.0,361.0,1031.0,98.0
127.0,362.0,1049.0,97.0
116.0,361.0,1045.0,97.0
113.0,360.0,1040.0,96.0
114.0,363.0,1034.0,96.0
114.0,357.0,1028.0,95.0
115.0,360.0,1021.0,94.0
116.0,359.0,1012.0,94.0
115.0,353.0,1018.0,102.0
116.0,353.0,1005.0,101.0
119.0,352.0,999.0,100.0
120.0,355.0,987.0,99.0
121.0,353.0,993.0,113.0
122.0,355.0,987.0,112.0
125.0,358.0,972.0,111.0
127.0,356.0,979.0,109.0
128.0,358.0,973.0,108.0
127.0,357.0,968.0,108.0
129.0,359.0,975.0,107.0
128.0,359.0,970.0,106.0
128.0,357.0,967.0,106.0
128.0,363.0,965.0,106.0
130.0,358.0,962.0,106.0
131.0,359.0,959.0,105.0
133.0,358.0,957.0,105.0
136.0,361.0,954.0,105.0
135.0,358.0,951.0,104.0
137.0,359.0,946.0,104.0
144.0,357.0,939.0,103.0
146.0,357.0,937.0,103.0
147.0,357.0,938.0,103.0
149.0,356.0,937.0,103.0
151.0,356.0,938.0,103.0
155.0,355.0,932.0,102.0
165.0,355.0,929.0,102.0
176.0,354.0,926.0,102.0
182.0,353.0,921.0,101.0
187.0,352.0,918.0,101.0
191.0,352.0,912.0,100.0
199.0,348.0,908.0,100.0
204.0,350.0,904.0,99.0
208.0,348.0,900.0,99.0
212.0,350.0,896.0,98.0
213.0,348.0,892.0,98.0
214.0,348.0,889.0,98.0
211.0,346.0,887.0,97.0
206.0,350.0,882.0,97.0
197.0,351.0,876.0,96.0
188.0,351.0,870.0,95.0
172.0,360.0,870.0,95.0
165.0,358.0,866.0,95.0
165.0,364.0,856.0,94.0
161.0,357.0,861.0,101.0
158.0,365.0,857.0,101.0
165.0,368.0,847.0,98.0
181.0,398.0,865.0,107.0
203.0,404.0,850.0,102.0
227.0,383.0,846.0,101.0
243.0,383.0,836.0,100.0
247.0,380.0,843.0,100.0
256.0,364.0,836.0,99.0
263.0,385.0,847.0,109.0
255.0,392.0,844.0,109.0
227.0,400.0,842.0,108.0
194.0,385.0,831.0,107.0
172.0,387.0,812.0,104.0
161.0,392.0,808.0,103.0
143.0,401.0,813.0,104.0
142.0,425.0,817.0,110.0
125.0,450.0,823.0,111.0
112.0,448.0,828.0,112.0
97.0,454.0,847.0,114.0
87.0,447.0,847.0,114.0
99.0,436.0,846.0,115.0
100.0,424.0,851.0,116.0
106.0,416.0,846.0,115.0
115.0,401.0,878.0,109.0
123.0,390.0,880.0,109.0
133.0,385.0,880.0,109.0
138.0,380.0,885.0,110.0
144.0,373.0,889.0,110.0
161.0,366.0,888.0,110.0
159.0,358.0,899.0,112.0
161.0,349.0,901.0,112.0
165.0,348.0,909.0,113.0
167.0,336.0,918.0,114.0
166.0,347.0,928.0,115.0
157.0,352.0,945.0,117.0
156.0,343.0,951.0,118.0
148.0,356.0,971.0,120.0
136.0,351.0,981.0,122.0
117.0,339.0,1027.0,133.0
104.0,332.0,1044.0,135.0
84.0,369.0,1045.0,135.0
65.0,389.0,1054.0,137.0
50.0,354.0,1063.0,138.0
58.0,385.0,1081.0,135.0
45.0,389.0,1085.0,136.0
51.0,411.0,1074.0,134.0
51.0,407.0,1065.0,133.0
51.0,403.0,1053.0,132.0
50.0,430.0,1044.0,137.0
51.0,421.0,1037.0,136.0
39.0,427.0,1050.0,138.0
27.0,429.0,1066.0,140.0
63.0,420.0,1047.0,142.0
72.0,424.0,1055.0,145.0
74.0,411.0,1061.0,147.0
69.0,410.0,1077.0,143.0
67.0,400.0,1083.0,144.0
54.0,394.0,1092.0,145.0
70.0,390.0,1045.0,146.0
52.0,382.0,1059.0,148.0
-10.0,404.0,1061.0,148.0
-30.0,388.0,1070.0,150.0
-41.0,376.0,1071.0,150.0
-53.0,375.0,1080.0,151.0
-66.0,372.0,1085.0,152.0
-80.0,372.0,1091.0,152.0
-30.0,377.0,1087.0,152.0
17.0,422.0,1075.0,134.0
52.0,404.0,1068.0,133.0
100.0,385.0,1065.0,133.0
125.0,394.0,1060.0,132.0
130.0,339.0,1070.0,136.0
147.0,353.0,1065.0,135.0
163.0,352.0,1052.0,134.0
195.0,286.0,1052.0,140.0
221.0,295.0,1051.0,139.0
121.0,311.0,1050.0,135.0
73.0,329.0,1055.0,136.0
108.0,366.0,1048.0,133.0
113.0,330.0,1036.0,132.0
118.0,333.0,1028.0,130.0
129.0,389.0,1019.0,143.0
88.0,406.0,1015.0,142.0
88.0,405.0,1000.0,140.0
108.0,417.0,989.0,139.0
110.0,421.0,979.0,137.0
108.0,423.0,982.0,136.0
116.0,424.0,956.0,134.0
129.0,412.0,966.0,133.0
137.0,416.0,962.0,131.0
139.0,413.0,958.0,129.0
141.0,403.0,961.0,148.0
137.0,406.0,953.0,147.0
133.0,399.0,942.0,145.0
130.0,400.0,935.0,144.0
120.0,401.0,929.0,143.0
109.0,398.0,930.0,142.0
99.0,398.0,923.0,141.0
79.0,395.0,922.0,141.0
59.0,394.0,921.0,141.0
40.0,385.0,927.0,142.0
29.0,382.0,926.0,141.0
16.0,384.0,928.0,142.0
-2.0,378.0,930.0,142.0
10.0,376.0,914.0,140.0
8.0,377.0,913.0,140.0
22.0,370.0,910.0,139.0
26.0,373.0,906.0,139.0
33.0,366.0,908.0,139.0
63.0,375.0,902.0,138.0
71.0,379.0,894.0,137.0
78.0,376.0,886.0,136.0
89.0,374.0,879.0,135.0
109.0,383.0,872.0,134.0
122.0,385.0,867.0,133.0
128.0,385.0,860.0,132.0
138.0,397.0,852.0,130.0
154.0,392.0,845.0,129.0
157.0,403.0,852.0,129.0
159.0,402.0,846.0,128.0
166.0,402.0,838.0,127.0
167.0,417.0,840.0,122.0
168.0,409.0,838.0,122.0
171.0,413.0,836.0,121.0
177.0,410.0,842.0,121.0
181.0,409.0,837.0,120.0
202.0,407.0,816.0,119.0
206.0,389.0,810.0,118.0
206.0,390.0,812.0,118.0
210.0,387.0,808.0,118.0
215.0,384.0,801.0,117.0
220.0,386.0,793.0,124.0
224.0,378.0,788.0,123.0
237.0,372.0,796.0,130.0
240.0,368.0,790.0,129.0
243.0,367.0,789.0,129.0
246.0,366.0,784.0,128.0
249.0,360.0,778.0,127.0
250.0,363.0,775.0,127.0
253.0,357.0,771.0,126.0
251.0,361.0,767.0,125.0
243.0,363.0,763.0,125.0
202.0,381.0,785.0,128.0
188.0,385.0,786.0,128.0
170.0,397.0,785.0,128.0
156.0,406.0,786.0,128.0
145.0,404.0,784.0,128.0
135.0,408.0,783.0,128.0
127.0,411.0,779.0,127.0
118.0,406.0,778.0,127.0
111.0,411.0,759.0,127.0
105.0,407.0,753.0,126.0
100.0,408.0,753.0,126.0
99.0,394.0,751.0,126.0
103.0,393.0,751.0,126.0
110.0,391.0,746.0,125.0
121.0,392.0,742.0,124.0
141.0,370.0,737.0,123.0
148.0,369.0,734.0,123.0
159.0,369.0,728.0,122.0
169.0,365.0,723.0,121.0
170.0,364.0,720.0,120.0
171.0,359.0,731.0,120.0
176.0,362.0,727.0,119.0
176.0,359.0,730.0,120.0
179.0,358.0,723.0,119.0
180.0,356.0,717.0,118.0
184.0,357.0,711.0,117.0
185.0,353.0,706.0,116.0
184.0,357.0,714.0,115.0
187.0,353.0,707.0,114.0
199.0,352.0,698.0,114.0
198.0,352.0,695.0,114.0
200.0,351.0,694.0,113.0
201.0,353.0,688.0,112.0
200.0,348.0,683.0,112.0
202.0,357.0,687.0,105.0
203.0,355.0,683.0,104.0
207.0,357.0,674.0,103.0
207.0,354.0,679.0,104.0
210.0,354.0,676.0,103.0
212.0,352.0,674.0,103.0
215.0,347.0,671.0,103.0
217.0,347.0,669.0,102.0
221.0,345.0,665.0,102.0
229.0,343.0,662.0,101.0
239.0,345.0,660.0,101.0
251.0,341.0,659.0,101.0
256.0,342.0,660.0,101.0
264.0,339.0,658.0,101.0
277.0,347.0,657.0,100.0
284.0,351.0,656.0,100.0
285.0,348.0,664.0,101.0
288.0,351.0,664.0,102.0
292.0,348.0,665.0,102.0
297.0,352.0,663.0,101.0
300.0,347.0,658.0,101.0
305.0,349.0,658.0,101.0
307.0,341.0,657.0,100.0
313.0,340.0,656.0,100.0
316.0,343.0,654.0,100.0
316.0,336.0,653.0,100.0
320.0,341.0,651.0,100.0
322.0,337.0,649.0,99.0
321.0,338.0,648.0,99.0
320.0,337.0,645.0,99.0
312.0,334.0,644.0,98.0
319.0,334.0,631.0,98.0
310.0,333.0,629.0,98.0
301.0,332.0,625.0,97.0
300.0,328.0,622.0,97.0
289.0,334.0,622.0,97.0
282.0,326.0,617.0,97.0
276.0,319.0,615.0,107.0
273.0,313.0,611.0,107.0
271.0,316.0,613.0,107.0
275.0,317.0,606.0,106.0
274.0,312.0,601.0,106.0
272.0,317.0,599.0,106.0
271.0,308.0,597.0,106.0
274.0,310.0,591.0,106.0
273.0,310.0,592.0,105.0
241.0,310.0,619.0,105.0
274.0,308.0,586.0,105.0
281.0,320.0,583.0,105.0
280.0,329.0,585.0,105.0
248.0,328.0,618.0,105.0
283.0,330.0,581.0,105.0
284.0,336.0,580.0,106.0
280.0,332.0,600.0,116.0
278.0,333.0,601.0,116.0
278.0,340.0,600.0,116.0
266.0,338.0,615.0,117.0
281.0,345.0,591.0,115.0
274.0,347.0,597.0,115.0
262.0,351.0,609.0,116.0
275.0,353.0,595.0,117.0
272.0,353.0,598.0,117.0
270.0,360.0,598.0,118.0
275.0,359.0,594.0,118.0
276.0,365.0,593.0,118.0
278.0,364.0,587.0,119.0
275.0,368.0,590.0,119.0
274.0,366.0,588.0,119.0
280.0,367.0,584.0,119.0
276.0,369.0,586.0,120.0
262.0,370.0,632.0,120.0
283.0,367.0,573.0,108.0
283.0,350.0,584.0,108.0
293.0,362.0,565.0,95.0
296.0,361.0,565.0,107.0
300.0,362.0,563.0,107.0
304.0,362.0,566.0,105.0
307.0,359.0,564.0,105.0
315.0,362.0,558.0,106.0
316.0,361.0,559.0,106.0
322.0,363.0,554.0,105.0
330.0,359.0,552.0,108.0
332.0,358.0,549.0,107.0
336.0,359.0,546.0,107.0
326.0,357.0,563.0,110.0
343.0,356.0,545.0,110.0
345.0,357.0,540.0,109.0
350.0,354.0,542.0,111.0
352.0,354.0,539.0,110.0
352.0,349.0,538.0,110.0
349.0,354.0,558.0,110.0
347.0,349.0,559.0,110.0
343.0,357.0,532.0,109.0
337.0,347.0,531.0,109.0
331.0,342.0,532.0,109.0
319.0,344.0,530.0,111.0
307.0,330.0,529.0,114.0
295.0,333.0,530.0,114.0
290.0,332.0,535.0,115.0
283.0,332.0,546.0,118.0
287.0,335.0,525.0,113.0
282.0,332.0,523.0,113.0
276.0,333.0,534.0,117.0
272.0,333.0,536.0,117.0
275.0,332.0,530.0,116.0
277.0,335.0,530.0,116.0
276.0,331.0,531.0,116.0
275.0,335.0,532.0,116.0
279.0,330.0,534.0,117.0
283.0,333.0,533.0,117.0
287.0,328.0,533.0,117.0
299.0,322.0,519.0,117.0
306.0,332.0,519.0,117.0
305.0,322.0,521.0,118.0
303.0,321.0,527.0,119.0
324.0,323.0,501.0,115.0
328.0,323.0,500.0,115.0
331.0,327.0,498.0,114.0
336.0,324.0,494.0,113.0
337.0,327.0,495.0,114.0
340.0,326.0,485.0,111.0
344.0,328.0,482.0,111.0
344.0,328.0,499.0,110.0
345.0,328.0,499.0,110.0
345.0,329.0,499.0,110.0
349.0,329.0,493.0,109.0
353.0,330.0,487.0,107.0
350.0,318.0,486.0,107.0
350.0,325.0,485.0,107.0
349.0,324.0,483.0,106.0
346.0,324.0,483.0,106.0
348.0,329.0,481.0,106.0
351.0,336.0,482.0,106.0
351.0,350.0,481.0,106.0
350.0,347.0,480.0,106.0
349.0,355.0,479.0,105.0
346.0,357.0,479.0,105.0
345.0,361.0,479.0,105.0
342.0,361.0,482.0,106.0
337.0,364.0,486.0,107.0
333.0,368.0,489.0,108.0
327.0,368.0,489.0,108.0
324.0,367.0,491.0,108.0
331.0,373.0,469.0,101.0
331.0,372.0,467.0,101.0
327.0,373.0,470.0,101.0
328.0,374.0,462.0,99.0
329.0,373.0,458.0,99.0
323.0,370.0,465.0,100.0
326.0,370.0,455.0,98.0
326.0,371.0,454.0,98.0
324.0,366.0,452.0,97.0
322.0,366.0,450.0,97.0
312.0,382.0,455.0,96.0
309.0,382.0,454.0,96.0
307.0,374.0,450.0,95.0
302.0,323.0,450.0,95.0
302.0,321.0,447.0,94.0
351.0,416.0,455.0,97.0
382.0,447.0,450.0,99.0
405.0,449.0,447.0,98.0
425.0,448.0,446.0,98.0
451.0,478.0,447.0,100.0
472.0,474.0,446.0,100.0
493.0,470.0,443.0,99.0
506.0,437.0,440.0,98.0
518.0,418.0,443.0,99.0
534.0,403.0,441.0,99.0
545.0,363.0,441.0,99.0
561.0,387.0,425.0,95.0
571.0,393.0,438.0,98.0
577.0,411.0,442.0,99.0
584.0,403.0,439.0,98.0
583.0,400.0,437.0,98.0
576.0,401.0,434.0,97.0
573.0,395.0,431.0,96.0
561.0,406.0,429.0,96.0
543.0,403.0,426.0,95.0
530.0,405.0,436.0,95.0
517.0,408.0,433.0,94.0
503.0,409.0,431.0,94.0
489.0,412.0,427.0,93.0
486.0,409.0,424.0,92.0
479.0,413.0,420.0,92.0
476.0,410.0,426.0,93.0
483.0,407.0,414.0,90.0
483.0,408.0,423.0,92.0
486.0,406.0,424.0,92.0
492.0,406.0,405.0,88.0
489.0,400.0,421.0,92.0
488.0,397.0,419.0,91.0
488.0,396.0,418.0,91.0
489.0,398.0,416.0,91.0
488.0,395.0,414.0,90.0
487.0,396.0,412.0,90.0
487.0,395.0,411.0,90.0
486.0,392.0,410.0,89.0
486.0,396.0,408.0,89.0
488.0,390.0,407.0,89.0
486.0,395.0,406.0,88.0
488.0,389.0,404.0,88.0
486.0,387.0,403.0,88.0
486.0,390.0,401.0,87.0
487.0,385.0,399.0,87.0
486.0,386.0,398.0,87.0
486.0,377.0,397.0,86.0
487.0,375.0,395.0,86.0
487.0,378.0,393.0,86.0
485.0,369.0,392.0,85.0
486.0,373.0,391.0,85.0
485.0,365.0,389.0,85.0
486.0,370.0,387.0,84.0
487.0,371.0,386.0,84.0
487.0,367.0,384.0,84.0
486.0,368.0,382.0,83.0
487.0,367.0,381.0,83.0
485.0,368.0,379.0,83.0
482.0,365.0,378.0,82.0
481.0,369.0,376.0,82.0
473.0,359.0,392.0,82.0
468.0,348.0,391.0,82.0
463.0,351.0,389.0,81.0
462.0,344.0,390.0,82.0
460.0,350.0,387.0,81.0
454.0,346.0,390.0,82.0
454.0,346.0,388.0,81.0
452.0,345.0,388.0,81.0
452.0,343.0,383.0,80.0
455.0,343.0,372.0,78.0
454.0,341.0,383.0,80.0
461.0,342.0,381.0,80.0
470.0,338.0,379.0,79.0
476.0,342.0,377.0,79.0
483.0,337.0,376.0,79.0
493.0,346.0,374.0,78.0
498.0,339.0,372.0,78.0
504.0,339.0,370.0,77.0
513.0,338.0,368.0,77.0
517.0,331.0,378.0,77.0
518.0,335.0,376.0,77.0
521.0,328.0,375.0,76.0
521.0,329.0,374.0,76.0
519.0,327.0,371.0,76.0
516.0,342.0,373.0,76.0
510.0,344.0,374.0,76.0
506.0,350.0,374.0,76.0
504.0,352.0,374.0,76.0
503.0,354.0,374.0,76.0
504.0,365.0,368.0,75.0
502.0,362.0,372.0,76.0
501.0,366.0,373.0,76.0
500.0,366.0,368.0,75.0
501.0,370.0,372.0,76.0
500.0,359.0,370.0,75.0
500.0,351.0,368.0,75.0
501.0,353.0,369.0,75.0
500.0,340.0,367.0,75.0
501.0,341.0,366.0,74.0
502.0,339.0,365.0,74.0
505.0,335.0,364.0,74.0
506.0,336.0,363.0,74.0
513.0,335.0,361.0,74.0
514.0,333.0,360.0,73.0
520.0,332.0,359.0,73.0
523.0,332.0,358.0,73.0
525.0,330.0,356.0,73.0
532.0,331.0,355.0,72.0
536.0,337.0,354.0,72.0
537.0,329.0,353.0,72.0
541.0,340.0,352.0,72.0
542.0,330.0,351.0,72.0
544.0,342.0,351.0,71.0
547.0,346.0,359.0,83.0
548.0,341.0,358.0,83.0
550.0,348.0,358.0,83.0
553.0,346.0,356.0,82.0
552.0,349.0,356.0,82.0
555.0,347.0,354.0,82.0
556.0,347.0,356.0,82.0
557.0,348.0,356.0,82.0
557.0,350.0,360.0,83.0
566.0,313.0,355.0,82.0
565.0,304.0,356.0,82.0
571.0,306.0,356.0,82.0
575.0,286.0,356.0,82.0
586.0,287.0,355.0,82.0
590.0,291.0,354.0,82.0
611.0,294.0,353.0,82.0
631.0,291.0,354.0,82.0
645.0,301.0,353.0,82.0
665.0,301.0,353.0,82.0
682.0,303.0,352.0,81.0
687.0,304.0,352.0,81.0
689.0,304.0,351.0,81.0
694.0,305.0,351.0,81.0
691.0,311.0,351.0,81.0
680.0,317.0,350.0,81.0
674.0,321.0,348.0,81.0
666.0,333.0,348.0,80.0
661.0,338.0,345.0,80.0
642.0,347.0,344.0,80.0
630.0,354.0,344.0,79.0
613.0,379.0,343.0,79.0
606.0,383.0,342.0,79.0
602.0,381.0,342.0,79.0
593.0,381.0,341.0,79.0
588.0,379.0,341.0,79.0
584.0,378.0,340.0,79.0
577.0,376.0,340.0,79.0
573.0,372.0,340.0,79.0
567.0,359.0,340.0,79.0
560.0,359.0,341.0,79.0
555.0,357.0,341.0,79.0
552.0,354.0,342.0,79.0
547.0,354.0,342.0,79.0
542.0,344.0,342.0,79.0
540.0,348.0,342.0,79.0
534.0,338.0,342.0,79.0
531.0,334.0,343.0,79.0
527.0,339.0,344.0,80.0
523.0,330.0,344.0,80.0
519.0,334.0,345.0,80.0
516.0,328.0,346.0,80.0
512.0,334.0,347.0,80.0
510.0,335.0,347.0,80.0
506.0,329.0,348.0,81.0
504.0,341.0,348.0,80.0
500.0,335.0,350.0,81.0
499.0,337.0,351.0,81.0
502.0,333.0,351.0,81.0
502.0,339.0,351.0,81.0
505.0,339.0,351.0,81.0
510.0,332.0,352.0,81.0
512.0,340.0,352.0,81.0
521.0,323.0,338.0,82.0
527.0,330.0,337.0,82.0
537.0,306.0,337.0,82.0
538.0,305.0,336.0,82.0
552.0,297.0,336.0,81.0
550.0,296.0,337.0,82.0
553.0,282.0,333.0,81.0
550.0,274.0,335.0,81.0
546.0,275.0,336.0,81.0
543.0,277.0,333.0,81.0
538.0,286.0,335.0,81.0
536.0,292.0,333.0,81.0
536.0,306.0,333.0,81.0
