952.0,245.0,130.0,282.0
949.0,245.0,130.0,277.0
946.0,246.0,130.0,273.0
943.0,246.0,130.0,268.0
940.0,246.0,132.0,272.0
937.0,246.0,134.0,275.0
934.0,246.0,136.0,279.0
932.0,248.0,136.0,281.0
930.0,251.0,136.0,283.0
928.0,253.0,136.0,285.0
928.0,254.0,135.0,288.0
928.0,255.0,133.0,290.0
928.0,256.0,132.0,293.0
927.0,256.0,133.0,293.0
925.0,256.0,135.0,294.0
924.0,256.0,136.0,294.0
924.0,255.0,136.0,294.0
923.0,254.0,136.0,294.0
923.0,253.0,136.0,294.0
922.0,253.0,136.0,286.0
921.0,253.0,136.0,279.0
920.0,253.0,136.0,271.0
919.0,255.0,136.0,272.0
917.0,256.0,136.0,273.0
916.0,258.0,136.0,274.0
913.0,258.0,137.0,276.0
909.0,259.0,139.0,279.0
906.0,259.0,140.0,281.0
906.0,260.0,140.0,284.0
906.0,261.0,140.0,287.0
906.0,262.0,140.0,290.0
903.0,262.0,140.0,293.0
901.0,263.0,140.0,296.0
898.0,263.0,140.0,299.0
898.0,262.0,138.0,299.0
899.0,261.0,135.0,300.0
899.0,260.0,133.0,300.0
898.0,260.0,131.0,298.0
897.0,260.0,129.0,295.0
896.0,260.0,127.0,293.0
895.0,260.0,128.0,286.0
894.0,260.0,129.0,279.0
893.0,260.0,130.0,272.0
891.0,261.0,132.0,275.0
890.0,263.0,134.0,279.0
888.0,264.0,136.0,282.0
885.0,266.0,138.0,285.0
881.0,268.0,141.0,287.0
878.0,270.0,143.0,290.0
876.0,270.0,145.0,294.0
875.0,271.0,148.0,297.0
873.0,271.0,150.0,301.0
874.0,273.0,150.0,302.0
876.0,274.0,150.0,303.0
877.0,276.0,150.0,304.0
884.0,275.0,144.0,303.0
891.0,275.0,139.0,302.0
898.0,274.0,133.0,301.0
897.0,275.0,135.0,294.0
897.0,276.0,138.0,286.0
896.0,277.0,140.0,279.0
896.0,277.0,140.0,281.0
896.0,277.0,140.0,283.0
896.0,277.0,140.0,285.0
896.0,280.0,140.0,288.0
895.0,282.0,140.0,290.0
895.0,285.0,140.0,293.0
895.0,287.0,140.0,295.0
895.0,290.0,140.0,298.0
895.0,292.0,140.0,300.0
894.0,293.0,140.0,303.0
893.0,293.0,140.0,305.0
892.0,294.0,140.0,308.0
893.0,293.0,139.0,307.0
894.0,293.0,138.0,307.0
895.0,292.0,137.0,306.0
895.0,292.0,137.0,304.0
896.0,292.0,137.0,301.0
896.0,292.0,137.0,299.0
897.0,294.0,137.0,293.0
897.0,296.0,137.0,288.0
898.0,298.0,137.0,282.0
900.0,298.0,137.0,287.0
901.0,299.0,137.0,291.0
903.0,299.0,137.0,296.0
905.0,302.0,137.0,298.0
907.0,306.0,137.0,301.0
909.0,309.0,137.0,303.0
910.0,311.0,137.0,306.0
910.0,312.0,137.0,308.0
911.0,314.0,137.0,311.0
914.0,314.0,137.0,311.0
917.0,313.0,137.0,311.0
920.0,313.0,137.0,311.0
922.0,313.0,137.0,306.0
925.0,314.0,137.0,302.0
927.0,314.0,137.0,297.0
926.0,315.0,138.0,293.0
926.0,315.0,140.0,290.0
925.0,316.0,141.0,286.0
925.0,317.0,143.0,289.0
925.0,318.0,145.0,291.0
925.0,319.0,147.0,294.0
924.0,322.0,149.0,297.0
924.0,324.0,150.0,301.0
923.0,327.0,152.0,304.0
923.0,327.0,152.0,309.0
923.0,327.0,152.0,314.0
923.0,327.0,152.0,319.0
923.0,327.0,152.0,319.0
923.0,327.0,152.0,319.0
923.0,327.0,152.0,319.0
923.0,327.0,152.0,318.0
923.0,327.0,152.0,316.0
923.0,327.0,152.0,315.0
923.0,327.0,152.0,307.0
923.0,327.0,152.0,298.0
923.0,327.0,152.0,290.0
923.0,328.0,152.0,291.0
923.0,329.0,151.0,293.0
923.0,330.0,151.0,294.0
923.0,331.0,150.0,297.0
923.0,331.0,149.0,300.0
923.0,332.0,148.0,303.0
923.0,332.0,149.0,305.0
923.0,332.0,149.0,308.0
923.0,332.0,150.0,310.0
923.0,332.0,149.0,311.0
923.0,332.0,147.0,313.0
923.0,332.0,146.0,314.0
923.0,331.0,146.0,312.0
923.0,329.0,146.0,309.0
923.0,328.0,146.0,307.0
921.0,328.0,146.0,301.0
920.0,327.0,146.0,296.0
918.0,327.0,146.0,290.0
917.0,325.0,146.0,289.0
915.0,323.0,146.0,287.0
914.0,321.0,146.0,286.0
911.0,321.0,147.0,289.0
908.0,321.0,147.0,291.0
905.0,321.0,148.0,294.0
902.0,320.0,148.0,297.0
898.0,318.0,148.0,301.0
895.0,317.0,148.0,304.0
893.0,318.0,148.0,305.0
890.0,318.0,148.0,306.0
888.0,319.0,148.0,307.0
887.0,317.0,145.0,307.0
886.0,314.0,143.0,307.0
885.0,312.0,140.0,307.0
884.0,310.0,140.0,301.0
882.0,309.0,140.0,296.0
881.0,307.0,140.0,290.0
880.0,304.0,138.0,285.0
879.0,302.0,136.0,280.0
878.0,299.0,134.0,275.0
877.0,299.0,134.0,276.0
875.0,299.0,134.0,278.0
874.0,299.0,134.0,279.0
871.0,299.0,134.0,281.0
869.0,298.0,134.0,284.0
866.0,298.0,134.0,286.0
865.0,298.0,134.0,287.0
865.0,298.0,134.0,289.0
864.0,298.0,134.0,290.0
865.0,296.0,134.0,291.0
865.0,294.0,134.0,292.0
866.0,292.0,134.0,293.0
866.0,289.0,132.0,292.0
867.0,285.0,131.0,290.0
867.0,282.0,129.0,289.0
866.0,281.0,129.0,281.0
865.0,279.0,129.0,273.0
864.0,278.0,129.0,265.0
863.0,276.0,129.0,267.0
861.0,275.0,129.0,269.0
860.0,273.0,129.0,271.0
857.0,272.0,129.0,272.0
855.0,271.0,129.0,274.0
852.0,270.0,129.0,275.0
851.0,269.0,128.0,277.0
850.0,268.0,127.0,280.0
849.0,267.0,126.0,282.0
848.0,263.0,124.0,283.0
846.0,260.0,121.0,285.0
845.0,256.0,119.0,286.0
843.0,253.0,119.0,285.0
841.0,249.0,119.0,283.0
839.0,246.0,119.0,282.0
839.0,243.0,117.0,277.0
839.0,240.0,116.0,272.0
839.0,237.0,114.0,267.0
838.0,234.0,112.0,263.0
837.0,231.0,111.0,258.0
836.0,228.0,109.0,254.0
836.0,226.0,109.0,255.0
835.0,225.0,108.0,256.0
835.0,223.0,108.0,257.0
835.0,222.0,108.0,259.0
834.0,220.0,108.0,261.0
834.0,219.0,108.0,263.0
833.0,217.0,108.0,265.0
833.0,216.0,108.0,266.0
832.0,214.0,108.0,268.0
833.0,211.0,107.0,266.0
833.0,209.0,107.0,265.0
834.0,206.0,106.0,263.0
834.0,204.0,106.0,260.0
834.0,203.0,106.0,257.0
834.0,201.0,106.0,254.0
835.0,199.0,106.0,250.0
835.0,197.0,106.0,245.0
836.0,195.0,106.0,241.0
835.0,193.0,106.0,243.0
835.0,192.0,106.0,246.0
834.0,190.0,106.0,248.0
833.0,190.0,106.0,248.0
831.0,190.0,106.0,249.0
830.0,190.0,106.0,249.0
828.0,190.0,106.0,250.0
827.0,189.0,105.0,250.0
825.0,189.0,105.0,251.0
824.0,187.0,105.0,251.0
822.0,184.0,105.0,251.0
821.0,182.0,105.0,251.0
820.0,179.0,105.0,251.0
819.0,177.0,105.0,251.0
818.0,174.0,105.0,251.0
817.0,172.0,104.0,245.0
817.0,171.0,103.0,239.0
816.0,169.0,102.0,233.0
816.0,169.0,101.0,233.0
816.0,168.0,100.0,233.0
816.0,168.0,99.0,233.0
815.0,167.0,99.0,235.0
815.0,166.0,99.0,236.0
814.0,165.0,99.0,238.0
814.0,165.0,99.0,239.0
814.0,164.0,99.0,239.0
814.0,164.0,99.0,240.0
814.0,163.0,99.0,240.0
814.0,161.0,99.0,240.0
814.0,160.0,99.0,240.0
815.0,156.0,99.0,240.0
815.0,153.0,99.0,240.0
816.0,149.0,99.0,240.0
817.0,147.0,98.0,236.0
817.0,145.0,97.0,231.0
818.0,143.0,96.0,227.0
818.0,142.0,96.0,227.0
817.0,141.0,96.0,228.0
817.0,140.0,96.0,228.0
817.0,138.0,95.0,229.0
816.0,137.0,93.0,230.0
816.0,135.0,92.0,231.0
814.0,134.0,92.0,232.0
813.0,133.0,92.0,234.0
811.0,132.0,92.0,235.0
810.0,130.0,92.0,235.0
808.0,127.0,91.0,235.0
807.0,125.0,91.0,235.0
805.0,123.0,91.0,235.0
804.0,120.0,91.0,235.0
802.0,118.0,91.0,235.0
801.0,115.0,91.0,230.0
799.0,113.0,91.0,225.0
798.0,110.0,91.0,220.0
797.0,109.0,90.0,220.0
797.0,108.0,90.0,219.0
796.0,107.0,89.0,219.0
794.0,109.0,89.0,220.0
793.0,110.0,88.0,220.0
791.0,112.0,88.0,221.0
790.0,118.0,88.0,221.0
790.0,123.0,87.0,221.0
789.0,129.0,87.0,221.0
788.0,136.0,86.0,220.0
788.0,143.0,85.0,220.0
787.0,150.0,84.0,219.0
787.0,157.0,83.0,218.0
787.0,164.0,83.0,216.0
787.0,171.0,82.0,215.0
786.0,176.0,82.0,211.0
786.0,182.0,82.0,208.0
785.0,187.0,82.0,204.0
784.0,194.0,82.0,204.0
784.0,201.0,81.0,204.0
783.0,208.0,81.0,204.0
782.0,214.0,81.0,205.0
781.0,219.0,80.0,205.0
780.0,225.0,80.0,206.0
779.0,229.0,80.0,207.0
778.0,233.0,79.0,208.0
777.0,237.0,79.0,209.0
776.0,242.0,79.0,209.0
774.0,248.0,78.0,209.0
773.0,253.0,78.0,209.0
772.0,256.0,78.0,208.0
771.0,260.0,78.0,207.0
770.0,263.0,78.0,206.0
769.0,267.0,78.0,204.0
768.0,271.0,78.0,202.0
767.0,275.0,78.0,200.0
766.0,281.0,78.0,197.0
765.0,286.0,78.0,193.0
764.0,292.0,78.0,190.0
764.0,296.0,78.0,191.0
763.0,301.0,78.0,193.0
763.0,305.0,78.0,194.0
763.0,310.0,77.0,195.0
764.0,316.0,76.0,195.0
764.0,321.0,75.0,196.0
765.0,325.0,74.0,196.0
766.0,330.0,74.0,197.0
767.0,334.0,73.0,197.0
768.0,339.0,73.0,197.0
768.0,344.0,73.0,196.0
769.0,349.0,73.0,196.0
770.0,354.0,73.0,193.0
770.0,358.0,74.0,190.0
771.0,363.0,74.0,187.0
771.0,368.0,74.0,186.0
772.0,373.0,73.0,186.0
772.0,378.0,73.0,185.0
772.0,383.0,73.0,186.0
772.0,389.0,73.0,188.0
772.0,394.0,73.0,189.0
772.0,399.0,72.0,190.0
773.0,405.0,72.0,190.0
773.0,410.0,71.0,191.0
772.0,416.0,71.0,191.0
772.0,423.0,71.0,191.0
771.0,429.0,71.0,191.0
771.0,434.0,71.0,192.0
771.0,438.0,70.0,192.0
771.0,443.0,70.0,193.0
771.0,448.0,70.0,193.0
770.0,453.0,70.0,193.0
770.0,458.0,70.0,193.0
770.0,463.0,70.0,190.0
771.0,469.0,70.0,188.0
771.0,474.0,70.0,185.0
771.0,477.0,70.0,185.0
771.0,481.0,70.0,185.0
771.0,484.0,70.0,185.0
772.0,485.0,70.0,186.0
772.0,486.0,70.0,187.0
773.0,487.0,70.0,188.0
774.0,487.0,70.0,188.0
774.0,487.0,70.0,188.0
775.0,487.0,70.0,188.0
776.0,485.0,69.0,188.0
776.0,484.0,69.0,188.0
777.0,482.0,68.0,188.0
778.0,481.0,68.0,186.0
779.0,481.0,67.0,183.0
780.0,480.0,67.0,181.0
780.0,479.0,67.0,180.0
780.0,477.0,67.0,180.0
780.0,476.0,67.0,179.0
780.0,476.0,67.0,179.0
780.0,476.0,67.0,179.0
780.0,476.0,67.0,179.0
780.0,476.0,67.0,179.0
780.0,476.0,67.0,179.0
780.0,476.0,67.0,179.0
780.0,476.0,67.0,179.0
780.0,475.0,67.0,179.0
780.0,475.0,67.0,179.0
779.0,474.0,67.0,179.0
779.0,473.0,66.0,179.0
778.0,472.0,66.0,179.0
778.0,471.0,65.0,179.0
777.0,470.0,65.0,179.0
777.0,469.0,64.0,179.0
777.0,468.0,64.0,176.0
777.0,467.0,64.0,172.0
777.0,466.0,64.0,169.0
778.0,466.0,64.0,169.0
778.0,465.0,64.0,169.0
779.0,465.0,64.0,169.0
780.0,464.0,64.0,170.0
780.0,463.0,64.0,171.0
781.0,462.0,64.0,172.0
782.0,462.0,64.0,172.0
783.0,463.0,64.0,172.0
784.0,463.0,64.0,172.0
786.0,463.0,63.0,172.0
787.0,463.0,63.0,172.0
789.0,463.0,62.0,172.0
790.0,462.0,61.0,172.0
792.0,461.0,60.0,171.0
793.0,460.0,59.0,171.0
794.0,459.0,60.0,169.0
795.0,458.0,61.0,167.0
796.0,457.0,62.0,165.0
796.0,457.0,62.0,165.0
797.0,456.0,63.0,165.0
797.0,456.0,63.0,165.0
798.0,456.0,63.0,166.0
799.0,456.0,63.0,166.0
800.0,456.0,63.0,167.0
801.0,456.0,63.0,167.0
801.0,457.0,62.0,167.0
802.0,457.0,62.0,167.0
803.0,457.0,62.0,167.0
803.0,457.0,61.0,167.0
804.0,457.0,61.0,167.0
805.0,456.0,60.0,168.0
806.0,454.0,60.0,169.0
807.0,453.0,59.0,170.0
807.0,453.0,59.0,170.0
807.0,453.0,59.0,169.0
807.0,453.0,59.0,169.0
808.0,452.0,59.0,167.0
808.0,451.0,59.0,165.0
809.0,450.0,59.0,163.0
810.0,450.0,59.0,163.0
810.0,450.0,59.0,163.0
811.0,450.0,59.0,163.0
812.0,450.0,59.0,164.0
812.0,450.0,59.0,166.0
813.0,450.0,59.0,167.0
814.0,451.0,59.0,167.0
815.0,452.0,59.0,167.0
816.0,453.0,59.0,167.0
817.0,453.0,59.0,167.0
818.0,453.0,59.0,167.0
819.0,453.0,59.0,167.0
820.0,452.0,59.0,167.0
822.0,451.0,59.0,167.0
823.0,450.0,59.0,167.0
824.0,450.0,59.0,164.0
824.0,451.0,59.0,162.0
825.0,451.0,59.0,159.0
827.0,451.0,59.0,159.0
828.0,452.0,59.0,159.0
830.0,452.0,59.0,159.0
831.0,452.0,59.0,160.0
831.0,451.0,59.0,161.0
832.0,451.0,59.0,162.0
833.0,451.0,59.0,163.0
833.0,451.0,59.0,164.0
834.0,451.0,59.0,165.0
834.0,451.0,59.0,165.0
834.0,451.0,59.0,165.0
834.0,451.0,59.0,165.0
834.0,451.0,59.0,166.0
834.0,451.0,59.0,166.0
834.0,451.0,59.0,167.0
834.0,450.0,59.0,167.0
834.0,448.0,59.0,167.0
834.0,447.0,59.0,167.0
834.0,447.0,59.0,165.0
835.0,447.0,59.0,163.0
835.0,447.0,59.0,161.0
835.0,447.0,59.0,161.0
836.0,448.0,59.0,161.0
836.0,448.0,59.0,161.0
836.0,448.0,59.0,162.0
837.0,448.0,59.0,164.0
837.0,448.0,59.0,165.0
838.0,449.0,59.0,165.0
838.0,449.0,59.0,165.0
839.0,450.0,59.0,165.0
840.0,450.0,60.0,165.0
840.0,450.0,60.0,165.0
841.0,450.0,61.0,165.0
842.0,450.0,61.0,163.0
844.0,450.0,61.0,161.0
845.0,450.0,61.0,159.0
846.0,450.0,61.0,159.0
847.0,450.0,62.0,159.0
848.0,450.0,62.0,159.0
848.0,450.0,62.0,159.0
849.0,450.0,62.0,160.0
849.0,450.0,62.0,160.0
851.0,450.0,61.0,161.0
852.0,451.0,59.0,162.0
854.0,451.0,58.0,163.0
854.0,451.0,58.0,164.0
854.0,451.0,59.0,164.0
854.0,451.0,59.0,165.0
853.0,451.0,59.0,166.0
853.0,451.0,59.0,167.0
852.0,451.0,59.0,168.0
851.0,451.0,60.0,167.0
850.0,450.0,60.0,165.0
849.0,450.0,61.0,164.0
849.0,450.0,61.0,162.0
849.0,450.0,62.0,160.0
849.0,450.0,62.0,158.0
848.0,450.0,62.0,158.0
848.0,451.0,62.0,159.0
847.0,451.0,62.0,159.0
847.0,452.0,62.0,160.0
847.0,452.0,62.0,162.0
847.0,453.0,62.0,163.0
848.0,453.0,62.0,164.0
848.0,453.0,62.0,165.0
849.0,453.0,62.0,166.0
849.0,453.0,62.0,166.0
849.0,454.0,62.0,166.0
849.0,454.0,62.0,166.0
850.0,454.0,62.0,166.0
851.0,455.0,62.0,166.0
852.0,455.0,62.0,166.0
853.0,455.0,62.0,163.0
853.0,455.0,62.0,161.0
854.0,455.0,62.0,158.0
854.0,455.0,62.0,159.0
854.0,454.0,62.0,161.0
854.0,454.0,62.0,162.0
854.0,454.0,62.0,163.0
854.0,455.0,62.0,165.0
854.0,455.0,62.0,166.0
854.0,456.0,62.0,167.0
854.0,456.0,61.0,167.0
854.0,457.0,61.0,168.0
853.0,457.0,61.0,168.0
852.0,458.0,61.0,168.0
851.0,458.0,61.0,168.0
851.0,458.0,61.0,168.0
850.0,457.0,61.0,168.0
850.0,457.0,61.0,168.0
850.0,457.0,61.0,166.0
849.0,457.0,61.0,165.0
849.0,457.0,61.0,163.0
849.0,457.0,61.0,163.0
849.0,457.0,61.0,163.0
849.0,457.0,61.0,163.0
849.0,458.0,61.0,164.0
850.0,458.0,61.0,165.0
850.0,459.0,61.0,166.0
850.0,460.0,61.0,167.0
850.0,460.0,61.0,168.0
850.0,461.0,61.0,169.0
850.0,461.0,61.0,169.0
850.0,462.0,62.0,169.0
850.0,462.0,62.0,169.0
851.0,462.0,62.0,169.0
852.0,462.0,62.0,169.0
853.0,462.0,62.0,169.0
853.0,462.0,62.0,167.0
853.0,462.0,62.0,165.0
853.0,462.0,62.0,163.0
853.0,462.0,61.0,164.0
853.0,462.0,61.0,165.0
853.0,462.0,60.0,166.0
853.0,462.0,60.0,168.0
853.0,462.0,60.0,169.0
853.0,462.0,60.0,171.0
853.0,463.0,60.0,171.0
853.0,464.0,60.0,172.0
853.0,465.0,60.0,172.0
852.0,465.0,60.0,172.0
851.0,465.0,60.0,172.0
850.0,465.0,60.0,172.0
850.0,465.0,60.0,172.0
849.0,466.0,60.0,172.0
849.0,466.0,60.0,172.0
849.0,465.0,60.0,172.0
848.0,464.0,60.0,172.0
848.0,463.0,60.0,172.0
847.0,463.0,61.0,172.0
846.0,463.0,62.0,172.0
845.0,463.0,63.0,172.0
845.0,463.0,63.0,172.0
845.0,464.0,63.0,172.0
845.0,464.0,63.0,172.0
845.0,465.0,63.0,172.0
845.0,466.0,63.0,173.0
845.0,467.0,63.0,173.0
845.0,468.0,63.0,173.0
845.0,468.0,64.0,173.0
845.0,469.0,64.0,173.0
846.0,469.0,64.0,173.0
846.0,469.0,64.0,173.0
847.0,469.0,64.0,173.0
847.0,469.0,64.0,171.0
847.0,469.0,64.0,169.0
847.0,469.0,64.0,167.0
845.0,469.0,63.0,168.0
844.0,468.0,63.0,169.0
842.0,468.0,62.0,170.0
841.0,469.0,62.0,171.0
839.0,470.0,62.0,171.0
838.0,471.0,62.0,172.0
836.0,472.0,61.0,173.0
835.0,472.0,60.0,173.0
833.0,473.0,59.0,174.0
831.0,474.0,58.0,174.0
829.0,474.0,58.0,174.0
827.0,475.0,57.0,174.0
824.0,474.0,57.0,175.0
822.0,473.0,57.0,175.0
819.0,472.0,57.0,176.0
815.0,472.0,58.0,174.0
811.0,471.0,58.0,172.0
807.0,471.0,59.0,170.0
803.0,471.0,60.0,170.0
799.0,471.0,61.0,169.0
795.0,471.0,62.0,169.0
790.0,472.0,63.0,169.0
786.0,472.0,63.0,170.0
781.0,473.0,64.0,170.0
776.0,473.0,65.0,170.0
771.0,474.0,65.0,170.0
766.0,474.0,66.0,170.0
761.0,474.0,66.0,171.0
755.0,474.0,65.0,171.0
750.0,474.0,65.0,172.0
746.0,474.0,65.0,172.0
742.0,473.0,65.0,173.0
738.0,473.0,65.0,173.0
734.0,472.0,65.0,170.0
731.0,472.0,65.0,168.0
727.0,471.0,65.0,165.0
724.0,472.0,64.0,165.0
721.0,472.0,64.0,165.0
718.0,473.0,63.0,165.0
716.0,473.0,61.0,166.0
713.0,473.0,60.0,168.0
711.0,473.0,58.0,169.0
707.0,473.0,58.0,170.0
703.0,473.0,58.0,172.0
699.0,473.0,58.0,173.0
696.0,473.0,58.0,173.0
693.0,473.0,58.0,173.0
690.0,473.0,58.0,173.0
686.0,472.0,58.0,174.0
682.0,472.0,58.0,174.0
678.0,471.0,58.0,175.0
674.0,471.0,58.0,172.0
671.0,471.0,59.0,170.0
667.0,471.0,59.0,167.0
665.0,471.0,60.0,167.0
662.0,470.0,60.0,167.0
660.0,470.0,61.0,167.0
655.0,470.0,61.0,167.0
651.0,471.0,62.0,168.0
646.0,471.0,62.0,168.0
641.0,471.0,62.0,170.0
637.0,471.0,62.0,171.0
632.0,471.0,62.0,173.0
629.0,471.0,62.0,173.0
626.0,471.0,62.0,174.0
623.0,471.0,62.0,174.0
621.0,471.0,62.0,175.0
619.0,471.0,62.0,175.0
617.0,471.0,62.0,176.0
614.0,471.0,62.0,174.0
612.0,471.0,62.0,173.0
609.0,471.0,62.0,171.0
606.0,471.0,62.0,169.0
604.0,471.0,62.0,168.0
601.0,471.0,62.0,166.0
599.0,470.0,62.0,167.0
596.0,470.0,61.0,168.0
594.0,469.0,61.0,169.0
591.0,470.0,61.0,170.0
589.0,470.0,61.0,171.0
586.0,471.0,61.0,172.0
583.0,471.0,61.0,173.0
580.0,471.0,61.0,175.0
577.0,471.0,61.0,176.0
576.0,471.0,61.0,176.0
576.0,471.0,60.0,177.0
575.0,471.0,60.0,177.0
574.0,471.0,60.0,177.0
572.0,471.0,60.0,177.0
571.0,471.0,60.0,177.0
570.0,470.0,61.0,174.0
569.0,470.0,61.0,171.0
568.0,469.0,62.0,168.0
567.0,470.0,63.0,168.0
566.0,470.0,63.0,168.0
565.0,471.0,64.0,168.0
565.0,471.0,64.0,170.0
565.0,471.0,64.0,172.0
565.0,471.0,64.0,174.0
565.0,472.0,64.0,174.0
564.0,472.0,64.0,175.0
564.0,473.0,64.0,175.0
564.0,473.0,64.0,175.0
564.0,472.0,64.0,175.0
564.0,472.0,64.0,175.0
564.0,472.0,64.0,175.0
563.0,471.0,64.0,176.0
563.0,471.0,64.0,176.0
563.0,471.0,64.0,174.0
564.0,470.0,64.0,173.0
564.0,470.0,64.0,171.0
564.0,470.0,64.0,171.0
564.0,470.0,64.0,171.0
564.0,470.0,64.0,171.0
564.0,470.0,63.0,172.0
563.0,471.0,63.0,172.0
563.0,471.0,62.0,173.0
562.0,472.0,62.0,174.0
562.0,472.0,62.0,176.0
561.0,473.0,62.0,177.0
560.0,474.0,62.0,178.0
558.0,474.0,62.0,178.0
557.0,475.0,62.0,179.0
556.0,474.0,61.0,179.0
554.0,474.0,61.0,179.0
553.0,473.0,60.0,179.0
552.0,473.0,60.0,177.0
551.0,473.0,60.0,174.0
550.0,473.0,60.0,172.0
549.0,473.0,61.0,171.0
547.0,473.0,61.0,170.0
546.0,473.0,62.0,169.0
545.0,473.0,63.0,170.0
544.0,474.0,63.0,172.0
543.0,474.0,64.0,173.0
542.0,474.0,64.0,174.0
542.0,474.0,64.0,175.0
541.0,474.0,64.0,176.0
541.0,474.0,64.0,177.0
540.0,475.0,64.0,178.0
540.0,475.0,64.0,179.0
540.0,475.0,64.0,179.0
541.0,476.0,64.0,179.0
541.0,476.0,64.0,179.0
540.0,476.0,65.0,179.0
540.0,476.0,65.0,179.0
539.0,476.0,66.0,179.0
539.0,476.0,66.0,176.0
539.0,475.0,66.0,174.0
539.0,475.0,66.0,171.0
539.0,475.0,66.0,172.0
539.0,475.0,66.0,173.0
539.0,475.0,66.0,174.0
539.0,475.0,65.0,176.0
539.0,475.0,65.0,178.0
539.0,475.0,64.0,180.0
538.0,475.0,63.0,182.0
538.0,475.0,63.0,183.0
537.0,475.0,62.0,185.0
536.0,476.0,62.0,186.0
535.0,476.0,63.0,186.0
534.0,477.0,63.0,187.0
533.0,477.0,64.0,187.0
532.0,476.0,65.0,188.0
531.0,476.0,66.0,188.0
531.0,476.0,66.0,186.0
531.0,476.0,66.0,184.0
531.0,476.0,66.0,182.0
530.0,476.0,66.0,181.0
529.0,475.0,66.0,180.0
528.0,475.0,66.0,179.0
528.0,475.0,66.0,180.0
527.0,476.0,66.0,181.0
527.0,476.0,66.0,182.0
527.0,476.0,66.0,184.0
527.0,476.0,66.0,186.0
527.0,476.0,66.0,188.0
527.0,477.0,66.0,189.0
528.0,477.0,66.0,189.0
528.0,478.0,66.0,190.0
528.0,478.0,66.0,190.0
529.0,478.0,66.0,190.0
529.0,478.0,66.0,190.0
530.0,477.0,66.0,189.0
531.0,476.0,66.0,189.0
532.0,475.0,66.0,188.0
532.0,475.0,66.0,187.0
532.0,475.0,66.0,185.0
532.0,475.0,66.0,184.0
532.0,475.0,67.0,185.0
531.0,475.0,67.0,185.0
531.0,475.0,68.0,186.0
531.0,476.0,68.0,187.0
530.0,477.0,68.0,188.0
530.0,478.0,68.0,189.0
530.0,478.0,68.0,190.0
530.0,479.0,68.0,192.0
530.0,479.0,68.0,193.0
530.0,479.0,68.0,193.0
530.0,479.0,68.0,193.0
530.0,479.0,68.0,193.0
530.0,478.0,68.0,192.0
530.0,477.0,68.0,191.0
530.0,476.0,68.0,190.0
530.0,475.0,68.0,188.0
530.0,475.0,68.0,186.0
530.0,474.0,68.0,184.0
531.0,474.0,67.0,184.0
533.0,475.0,66.0,185.0
534.0,475.0,65.0,185.0
534.0,475.0,65.0,186.0
534.0,476.0,65.0,188.0
534.0,476.0,65.0,189.0
536.0,477.0,65.0,190.0
537.0,477.0,65.0,192.0
539.0,478.0,65.0,193.0
540.0,478.0,65.0,193.0
541.0,478.0,65.0,194.0
542.0,478.0,65.0,194.0
543.0,478.0,65.0,193.0
543.0,478.0,65.0,191.0
544.0,478.0,65.0,190.0
544.0,478.0,66.0,188.0
545.0,477.0,66.0,185.0
545.0,477.0,67.0,183.0
545.0,477.0,67.0,185.0
546.0,476.0,68.0,187.0
546.0,476.0,68.0,189.0
547.0,477.0,68.0,190.0
547.0,477.0,68.0,192.0
548.0,478.0,68.0,193.0
549.0,478.0,68.0,195.0
549.0,478.0,68.0,197.0
550.0,478.0,68.0,199.0
550.0,478.0,68.0,199.0
550.0,478.0,68.0,199.0
550.0,478.0,68.0,199.0
550.0,478.0,68.0,198.0
551.0,477.0,67.0,197.0
551.0,477.0,67.0,196.0
551.0,476.0,67.0,193.0
552.0,476.0,67.0,190.0
552.0,475.0,67.0,187.0
553.0,475.0,67.0,188.0
555.0,475.0,68.0,189.0
556.0,475.0,68.0,190.0
556.0,476.0,68.0,191.0
557.0,477.0,69.0,192.0
557.0,478.0,69.0,193.0
558.0,478.0,69.0,195.0
558.0,478.0,70.0,196.0
559.0,478.0,70.0,198.0
560.0,479.0,70.0,198.0
561.0,479.0,70.0,198.0
562.0,480.0,70.0,198.0
563.0,479.0,70.0,198.0
565.0,478.0,70.0,198.0
566.0,477.0,70.0,198.0
567.0,476.0,70.0,195.0
569.0,476.0,70.0,192.0
570.0,475.0,70.0,189.0
571.0,475.0,70.0,189.0
572.0,475.0,70.0,190.0
573.0,475.0,70.0,190.0
574.0,475.0,70.0,191.0
576.0,476.0,69.0,193.0
577.0,476.0,69.0,194.0
578.0,477.0,68.0,196.0
579.0,477.0,68.0,198.0
580.0,478.0,67.0,200.0
580.0,478.0,67.0,200.0
580.0,478.0,67.0,200.0
580.0,478.0,67.0,200.0
580.0,478.0,67.0,200.0
580.0,478.0,67.0,200.0
580.0,478.0,67.0,200.0
580.0,478.0,68.0,198.0
580.0,478.0,69.0,195.0
580.0,478.0,70.0,193.0
580.0,478.0,71.0,193.0
581.0,478.0,71.0,193.0
581.0,478.0,72.0,193.0
582.0,479.0,72.0,195.0
583.0,480.0,72.0,197.0
584.0,481.0,72.0,199.0
585.0,482.0,72.0,200.0
587.0,484.0,72.0,200.0
588.0,485.0,72.0,201.0
589.0,486.0,73.0,201.0
591.0,488.0,73.0,201.0
592.0,489.0,74.0,201.0
594.0,489.0,74.0,202.0
596.0,490.0,74.0,203.0
598.0,490.0,74.0,204.0
600.0,490.0,74.0,204.0
601.0,491.0,74.0,204.0
603.0,491.0,74.0,204.0
604.0,491.0,74.0,203.0
606.0,491.0,73.0,202.0
607.0,491.0,73.0,201.0
608.0,493.0,72.0,202.0
610.0,494.0,72.0,203.0
611.0,496.0,71.0,204.0
612.0,498.0,71.0,204.0
612.0,499.0,70.0,204.0
613.0,501.0,70.0,204.0
613.0,503.0,70.0,206.0
614.0,505.0,70.0,208.0
614.0,507.0,70.0,210.0
614.0,508.0,70.0,210.0
615.0,508.0,70.0,210.0
615.0,509.0,70.0,210.0
615.0,510.0,70.0,210.0
615.0,510.0,70.0,210.0
615.0,511.0,70.0,210.0
615.0,512.0,71.0,209.0
616.0,512.0,71.0,207.0
616.0,513.0,72.0,206.0
616.0,514.0,72.0,205.0
617.0,515.0,73.0,204.0
617.0,516.0,73.0,203.0
617.0,517.0,73.0,202.0
618.0,519.0,74.0,201.0
618.0,520.0,74.0,200.0
618.0,522.0,75.0,198.0
619.0,523.0,76.0,197.0
619.0,525.0,77.0,195.0
621.0,527.0,77.0,193.0
623.0,529.0,77.0,192.0
625.0,531.0,77.0,190.0
626.0,531.0,77.0,190.0
628.0,530.0,77.0,190.0
629.0,530.0,77.0,190.0
631.0,531.0,77.0,189.0
632.0,531.0,77.0,189.0
634.0,532.0,77.0,188.0
635.0,533.0,77.0,187.0
637.0,534.0,77.0,186.0
638.0,535.0,77.0,185.0
640.0,537.0,77.0,184.0
641.0,538.0,77.0,182.0
643.0,540.0,77.0,181.0
644.0,541.0,76.0,180.0
646.0,542.0,74.0,179.0
647.0,543.0,73.0,178.0
648.0,544.0,73.0,177.0
649.0,546.0,73.0,175.0
650.0,547.0,73.0,174.0
650.0,547.0,73.0,174.0
651.0,547.0,73.0,174.0
651.0,547.0,73.0,174.0
652.0,547.0,73.0,174.0
652.0,547.0,73.0,174.0
653.0,547.0,73.0,174.0
653.0,549.0,74.0,172.0
654.0,550.0,75.0,170.0
654.0,552.0,76.0,168.0
655.0,554.0,76.0,166.0
656.0,555.0,76.0,165.0
657.0,557.0,76.0,163.0
658.0,558.0,77.0,161.0
660.0,560.0,77.0,160.0
661.0,561.0,78.0,158.0
663.0,563.0,78.0,157.0
664.0,564.0,78.0,156.0
666.0,566.0,78.0,155.0
668.0,567.0,78.0,154.0
670.0,569.0,78.0,152.0
672.0,570.0,78.0,151.0
674.0,570.0,78.0,151.0
676.0,570.0,78.0,151.0
678.0,570.0,78.0,151.0
680.0,571.0,78.0,150.0
682.0,572.0,78.0,148.0
684.0,573.0,78.0,147.0
686.0,574.0,78.0,146.0
688.0,575.0,78.0,146.0
690.0,576.0,78.0,145.0
692.0,578.0,77.0,143.0
693.0,580.0,75.0,140.0
695.0,582.0,74.0,138.0
696.0,584.0,74.0,136.0
698.0,585.0,73.0,135.0
699.0,587.0,73.0,133.0
699.0,587.0,73.0,133.0
700.0,587.0,73.0,133.0
700.0,587.0,73.0,133.0
701.0,588.0,73.0,132.0
701.0,589.0,74.0,132.0
702.0,590.0,74.0,131.0
702.0,591.0,75.0,130.0
702.0,592.0,75.0,128.0
702.0,593.0,76.0,127.0
702.0,595.0,77.0,126.0
703.0,596.0,79.0,124.0
703.0,598.0,80.0,123.0
704.0,599.0,80.0,121.0
706.0,601.0,80.0,120.0
707.0,602.0,80.0,118.0
708.0,604.0,80.0,116.0
709.0,606.0,80.0,115.0
710.0,608.0,80.0,113.0
712.0,610.0,80.0,111.0
714.0,611.0,80.0,110.0
716.0,613.0,80.0,108.0
718.0,613.0,80.0,108.0
719.0,613.0,80.0,108.0
721.0,613.0,80.0,108.0
723.0,613.0,80.0,108.0
725.0,613.0,80.0,108.0
727.0,613.0,80.0,108.0
728.0,615.0,80.0,106.0
729.0,617.0,80.0,103.0
730.0,619.0,80.0,101.0
732.0,621.0,79.0,99.0
733.0,623.0,78.0,98.0
735.0,625.0,77.0,96.0
735.0,626.0,77.0,94.0
736.0,628.0,77.0,93.0
736.0,629.0,77.0,91.0
736.0,630.0,77.0,90.0
737.0,632.0,76.0,89.0
737.0,633.0,76.0,88.0
738.0,634.0,76.0,87.0
738.0,634.0,76.0,86.0
739.0,635.0,76.0,85.0
739.0,636.0,76.0,84.0
739.0,637.0,76.0,82.0
739.0,638.0,76.0,81.0
739.0,639.0,76.0,80.0
739.0,640.0,76.0,80.0
739.0,641.0,76.0,79.0
740.0,643.0,77.0,77.0
740.0,645.0,77.0,76.0
741.0,647.0,78.0,74.0
742.0,649.0,78.0,72.0
742.0,650.0,78.0,70.0
743.0,652.0,78.0,68.0
745.0,655.0,77.0,66.0
747.0,657.0,75.0,63.0
749.0,660.0,74.0,61.0
752.0,662.0,73.0,59.0
755.0,663.0,71.0,58.0
758.0,665.0,70.0,56.0
759.0,666.0,70.0,55.0
760.0,667.0,70.0,53.0
761.0,668.0,70.0,52.0
761.0,669.0,70.0,51.0
761.0,671.0,70.0,50.0
761.0,672.0,70.0,49.0
765.0,673.0,65.0,48.0
769.0,673.0,61.0,48.0
773.0,674.0,56.0,47.0
774.0,676.0,51.0,45.0
776.0,677.0,47.0,43.0
777.0,679.0,42.0,41.0
777.0,679.0,42.0,41.0
777.0,679.0,42.0,41.0
777.0,679.0,42.0,41.0
777.0,680.0,40.0,41.0
777.0,680.0,39.0,40.0
777.0,681.0,37.0,40.0
777.0,681.0,37.0,39.0
777.0,682.0,37.0,39.0
777.0,682.0,37.0,38.0
777.0,683.0,37.0,38.0
777.0,683.0,36.0,37.0
777.0,684.0,36.0,37.0
777.0,685.0,36.0,36.0
778.0,685.0,36.0,36.0
778.0,686.0,36.0,35.0
778.0,687.0,36.0,34.0
779.0,687.0,36.0,33.0
779.0,688.0,36.0,32.0
780.0,689.0,36.0,31.0
780.0,691.0,36.0,30.0
781.0,692.0,36.0,29.0
782.0,692.0,36.0,28.0
783.0,693.0,36.0,28.0
784.0,693.0,36.0,27.0
784.0,693.0,36.0,27.0
785.0,693.0,36.0,27.0
785.0,693.0,36.0,27.0
786.0,694.0,36.0,26.0
786.0,694.0,35.0,26.0
787.0,695.0,35.0,25.0
788.0,696.0,34.0,24.0
788.0,696.0,34.0,24.0
789.0,697.0,33.0,23.0
789.0,698.0,33.0,22.0
789.0,700.0,32.0,21.0
789.0,701.0,32.0,20.0
nan,nan,nan,nan
nan,nan,nan,nan
nan,nan,nan,nan
nan,nan,nan,nan
nan,nan,nan,nan
nan,nan,nan,nan
nan,nan,nan,nan
nan,nan,nan,nan
nan,nan,nan,nan
nan,nan,nan,nan
nan,nan,nan,nan
nan,nan,nan,nan
nan,nan,nan,nan
nan,nan,nan,nan
nan,nan,nan,nan
nan,nan,nan,nan
nan,nan,nan,nan
nan,nan,nan,nan
nan,nan,nan,nan
nan,nan,nan,nan
nan,nan,nan,nan
nan,nan,nan,nan
nan,nan,nan,nan
nan,nan,nan,nan
nan,nan,nan,nan
nan,nan,nan,nan
nan,nan,nan,nan
nan,nan,nan,nan
nan,nan,nan,nan
nan,nan,nan,nan
nan,nan,nan,nan
nan,nan,nan,nan
nan,nan,nan,nan
nan,nan,nan,nan
nan,nan,nan,nan
nan,nan,nan,nan
nan,nan,nan,nan
nan,nan,nan,nan
nan,nan,nan,nan
nan,nan,nan,nan
nan,nan,nan,nan
nan,nan,nan,nan
nan,nan,nan,nan
nan,nan,nan,nan
nan,nan,nan,nan
nan,nan,nan,nan
nan,nan,nan,nan
nan,nan,nan,nan
nan,nan,nan,nan
nan,nan,nan,nan
nan,nan,nan,nan
nan,nan,nan,nan
nan,nan,nan,nan
nan,nan,nan,nan
nan,nan,nan,nan
nan,nan,nan,nan
nan,nan,nan,nan
nan,nan,nan,nan
nan,nan,nan,nan
nan,nan,nan,nan
nan,nan,nan,nan
nan,nan,nan,nan
nan,nan,nan,nan
nan,nan,nan,nan
nan,nan,nan,nan
nan,nan,nan,nan
nan,nan,nan,nan
nan,nan,nan,nan
nan,nan,nan,nan
nan,nan,nan,nan
nan,nan,nan,nan
nan,nan,nan,nan
nan,nan,nan,nan
nan,nan,nan,nan
nan,nan,nan,nan
nan,nan,nan,nan
nan,nan,nan,nan
nan,nan,nan,nan
nan,nan,nan,nan
nan,nan,nan,nan
nan,nan,nan,nan
nan,nan,nan,nan
nan,nan,nan,nan
nan,nan,nan,nan
nan,nan,nan,nan
nan,nan,nan,nan
nan,nan,nan,nan
nan,nan,nan,nan
nan,nan,nan,nan
nan,nan,nan,nan
nan,nan,nan,nan
nan,nan,nan,nan
nan,nan,nan,nan
nan,nan,nan,nan
nan,nan,nan,nan
764.0,681.0,63.0,40.0
761.0,659.0,66.0,62.0
758.0,636.0,68.0,85.0
755.0,614.0,71.0,107.0
755.0,588.0,70.0,130.0
755.0,562.0,70.0,152.0
755.0,536.0,69.0,175.0
755.0,511.0,69.0,170.0
756.0,487.0,68.0,165.0
756.0,462.0,68.0,160.0
756.0,432.0,68.0,157.0
755.0,402.0,68.0,155.0
755.0,372.0,68.0,152.0
756.0,349.0,67.0,152.0
756.0,325.0,66.0,151.0
757.0,302.0,65.0,151.0
756.0,285.0,66.0,153.0
755.0,269.0,67.0,154.0
754.0,252.0,68.0,156.0
754.0,246.0,67.0,157.0
753.0,239.0,66.0,159.0
753.0,233.0,65.0,160.0
753.0,232.0,65.0,160.0
752.0,231.0,64.0,160.0
752.0,230.0,64.0,160.0
751.0,230.0,64.0,160.0
750.0,230.0,64.0,160.0
749.0,230.0,64.0,160.0
748.0,231.0,64.0,156.0
746.0,231.0,65.0,153.0
745.0,232.0,65.0,149.0
744.0,234.0,66.0,149.0
743.0,235.0,66.0,149.0
742.0,237.0,67.0,149.0
741.0,242.0,67.0,150.0
741.0,246.0,67.0,150.0
740.0,251.0,67.0,151.0
740.0,256.0,67.0,152.0
739.0,260.0,67.0,154.0
739.0,265.0,67.0,155.0
739.0,269.0,67.0,155.0
739.0,272.0,67.0,155.0
739.0,276.0,67.0,155.0
739.0,276.0,67.0,155.0
739.0,277.0,67.0,155.0
739.0,277.0,67.0,155.0
739.0,278.0,66.0,153.0
740.0,278.0,64.0,151.0
740.0,279.0,63.0,149.0
740.0,279.0,63.0,147.0
739.0,280.0,63.0,146.0
739.0,280.0,63.0,144.0
739.0,281.0,63.0,144.0
739.0,281.0,63.0,145.0
739.0,282.0,63.0,145.0
738.0,282.0,63.0,147.0
737.0,283.0,63.0,148.0
736.0,283.0,63.0,150.0
736.0,283.0,62.0,151.0
735.0,284.0,62.0,151.0
735.0,284.0,61.0,152.0
734.0,285.0,61.0,152.0
734.0,286.0,60.0,152.0
733.0,287.0,60.0,152.0
732.0,288.0,60.0,151.0
730.0,290.0,60.0,150.0
729.0,291.0,60.0,149.0
728.0,296.0,61.0,146.0
726.0,300.0,61.0,144.0
725.0,305.0,62.0,141.0
724.0,308.0,62.0,142.0
724.0,311.0,63.0,142.0
723.0,314.0,63.0,143.0
722.0,314.0,63.0,144.0
722.0,315.0,63.0,145.0
721.0,315.0,63.0,146.0
721.0,315.0,63.0,146.0
721.0,316.0,63.0,146.0
721.0,316.0,63.0,146.0
720.0,316.0,63.0,146.0
720.0,316.0,63.0,146.0
719.0,316.0,63.0,146.0
720.0,315.0,62.0,146.0
720.0,315.0,62.0,146.0
721.0,314.0,61.0,146.0
721.0,314.0,61.0,142.0
721.0,313.0,61.0,138.0
721.0,313.0,61.0,134.0
721.0,313.0,59.0,134.0
721.0,314.0,58.0,135.0
721.0,314.0,56.0,135.0
720.0,315.0,56.0,137.0
718.0,315.0,56.0,138.0
717.0,316.0,56.0,140.0
716.0,317.0,56.0,142.0
715.0,317.0,56.0,143.0
714.0,318.0,56.0,145.0
713.0,317.0,56.0,145.0
713.0,316.0,55.0,145.0
712.0,315.0,55.0,145.0
710.0,315.0,55.0,144.0
707.0,315.0,56.0,143.0
705.0,315.0,56.0,142.0
704.0,315.0,56.0,139.0
702.0,315.0,57.0,135.0
701.0,315.0,57.0,132.0
700.0,315.0,57.0,132.0
698.0,316.0,57.0,133.0
697.0,316.0,57.0,133.0
696.0,317.0,58.0,135.0
695.0,318.0,58.0,138.0
694.0,319.0,59.0,140.0
693.0,319.0,59.0,141.0
692.0,320.0,59.0,142.0
691.0,320.0,59.0,143.0
691.0,320.0,59.0,143.0
691.0,321.0,59.0,143.0
691.0,321.0,59.0,143.0
690.0,321.0,59.0,143.0
690.0,321.0,59.0,143.0
689.0,321.0,59.0,143.0
689.0,321.0,58.0,140.0
689.0,321.0,58.0,136.0
689.0,321.0,57.0,133.0
689.0,321.0,56.0,133.0
689.0,321.0,55.0,133.0
689.0,321.0,54.0,133.0
688.0,322.0,54.0,133.0
688.0,324.0,54.0,133.0
687.0,325.0,54.0,133.0
686.0,325.0,54.0,134.0
685.0,326.0,54.0,136.0
684.0,326.0,54.0,137.0
684.0,326.0,53.0,137.0
683.0,327.0,53.0,137.0
683.0,327.0,52.0,137.0
682.0,327.0,52.0,137.0
681.0,326.0,52.0,137.0
680.0,326.0,52.0,137.0
679.0,326.0,53.0,135.0
677.0,325.0,53.0,133.0
676.0,325.0,54.0,131.0
675.0,325.0,54.0,130.0
675.0,325.0,54.0,129.0
674.0,325.0,54.0,128.0
673.0,325.0,54.0,128.0
673.0,325.0,54.0,129.0
672.0,325.0,54.0,129.0
672.0,326.0,54.0,130.0
672.0,327.0,54.0,130.0
672.0,328.0,54.0,131.0
672.0,328.0,54.0,132.0
672.0,328.0,54.0,134.0
672.0,328.0,54.0,135.0
673.0,328.0,54.0,135.0
673.0,328.0,54.0,135.0
674.0,328.0,54.0,135.0
674.0,328.0,54.0,135.0
674.0,329.0,54.0,134.0
674.0,329.0,54.0,134.0
675.0,329.0,53.0,132.0
675.0,328.0,53.0,129.0
676.0,328.0,52.0,127.0
676.0,329.0,52.0,127.0
675.0,329.0,52.0,127.0
675.0,330.0,52.0,127.0
675.0,330.0,52.0,128.0
675.0,330.0,52.0,130.0
675.0,330.0,52.0,131.0
675.0,331.0,52.0,131.0
674.0,331.0,52.0,131.0
674.0,332.0,52.0,131.0
674.0,332.0,52.0,131.0
673.0,332.0,52.0,131.0
673.0,332.0,52.0,131.0
672.0,331.0,52.0,130.0
671.0,331.0,52.0,128.0
670.0,330.0,52.0,127.0
669.0,330.0,52.0,126.0
669.0,330.0,52.0,124.0
668.0,330.0,52.0,123.0
668.0,331.0,53.0,123.0
667.0,331.0,53.0,123.0
667.0,332.0,54.0,123.0
667.0,332.0,54.0,124.0
668.0,333.0,54.0,126.0
668.0,333.0,54.0,127.0
668.0,333.0,54.0,128.0
669.0,334.0,54.0,130.0
669.0,334.0,54.0,131.0
669.0,334.0,54.0,131.0
670.0,334.0,54.0,131.0
670.0,334.0,54.0,131.0
671.0,334.0,54.0,131.0
671.0,334.0,54.0,131.0
672.0,334.0,54.0,131.0
673.0,334.0,53.0,128.0
674.0,334.0,52.0,125.0
675.0,334.0,51.0,122.0
675.0,334.0,51.0,122.0
676.0,334.0,51.0,122.0
676.0,334.0,51.0,122.0
677.0,334.0,51.0,123.0
677.0,334.0,51.0,124.0
678.0,334.0,51.0,125.0
677.0,335.0,51.0,126.0
677.0,336.0,51.0,128.0
676.0,337.0,51.0,129.0
676.0,337.0,51.0,130.0
675.0,337.0,51.0,130.0
675.0,337.0,51.0,131.0
675.0,336.0,51.0,131.0
675.0,336.0,51.0,131.0
675.0,335.0,51.0,131.0
675.0,335.0,51.0,128.0
674.0,335.0,52.0,125.0
674.0,335.0,52.0,122.0
674.0,337.0,52.0,122.0
673.0,339.0,52.0,122.0
673.0,341.0,52.0,122.0
673.0,343.0,52.0,123.0
674.0,346.0,52.0,124.0
674.0,348.0,52.0,125.0
674.0,350.0,53.0,126.0
675.0,351.0,53.0,127.0
675.0,353.0,54.0,128.0
675.0,353.0,54.0,129.0
674.0,354.0,55.0,129.0
674.0,354.0,55.0,130.0
675.0,354.0,55.0,130.0
677.0,353.0,55.0,130.0
678.0,353.0,55.0,130.0
678.0,353.0,55.0,128.0
679.0,353.0,55.0,126.0
679.0,353.0,55.0,124.0
680.0,353.0,54.0,123.0
681.0,353.0,53.0,123.0
682.0,353.0,52.0,122.0
683.0,353.0,51.0,123.0
684.0,353.0,51.0,123.0
685.0,353.0,50.0,124.0
686.0,354.0,50.0,126.0
686.0,354.0,50.0,127.0
687.0,355.0,50.0,129.0
687.0,355.0,50.0,130.0
687.0,355.0,50.0,130.0
687.0,355.0,50.0,131.0
686.0,355.0,50.0,131.0
686.0,355.0,50.0,131.0
685.0,355.0,50.0,131.0
685.0,355.0,50.0,128.0
684.0,355.0,51.0,126.0
684.0,355.0,51.0,123.0
684.0,355.0,52.0,122.0
683.0,355.0,53.0,121.0
683.0,355.0,54.0,120.0
683.0,355.0,54.0,121.0
683.0,355.0,54.0,123.0
683.0,355.0,54.0,124.0
684.0,356.0,54.0,125.0
684.0,356.0,54.0,126.0
685.0,357.0,54.0,127.0
686.0,357.0,54.0,129.0
686.0,357.0,54.0,130.0
687.0,357.0,54.0,132.0
688.0,357.0,54.0,132.0
688.0,356.0,54.0,132.0
689.0,356.0,54.0,132.0
690.0,356.0,54.0,130.0
690.0,356.0,54.0,128.0
691.0,356.0,54.0,126.0
692.0,356.0,54.0,125.0
693.0,355.0,53.0,123.0
694.0,355.0,53.0,122.0
695.0,356.0,53.0,123.0
696.0,356.0,52.0,123.0
697.0,357.0,52.0,124.0
697.0,358.0,52.0,126.0
696.0,358.0,52.0,127.0
696.0,359.0,52.0,129.0
696.0,359.0,52.0,130.0
696.0,360.0,52.0,131.0
696.0,360.0,52.0,132.0
696.0,360.0,51.0,132.0
696.0,360.0,50.0,132.0
696.0,360.0,49.0,132.0
695.0,360.0,50.0,130.0
694.0,361.0,50.0,127.0
693.0,361.0,51.0,125.0
692.0,361.0,52.0,123.0
692.0,361.0,53.0,121.0
691.0,361.0,54.0,119.0
691.0,361.0,54.0,120.0
691.0,362.0,54.0,122.0
691.0,362.0,54.0,123.0
691.0,363.0,54.0,124.0
691.0,363.0,54.0,126.0
691.0,364.0,54.0,127.0
691.0,365.0,54.0,128.0
691.0,366.0,54.0,130.0
691.0,367.0,54.0,131.0
692.0,367.0,54.0,131.0
692.0,367.0,55.0,131.0
693.0,367.0,55.0,131.0
693.0,367.0,55.0,131.0
694.0,368.0,55.0,131.0
694.0,368.0,55.0,131.0
694.0,368.0,55.0,128.0
695.0,368.0,55.0,125.0
695.0,368.0,55.0,122.0
696.0,368.0,54.0,122.0
697.0,369.0,53.0,122.0
698.0,369.0,52.0,122.0
698.0,369.0,52.0,124.0
698.0,370.0,52.0,127.0
698.0,370.0,52.0,129.0
698.0,371.0,52.0,129.0
698.0,371.0,52.0,129.0
698.0,372.0,52.0,129.0
698.0,372.0,52.0,130.0
697.0,373.0,52.0,132.0
697.0,373.0,52.0,133.0
696.0,373.0,52.0,133.0
696.0,373.0,52.0,133.0
695.0,373.0,52.0,133.0
694.0,373.0,53.0,131.0
694.0,373.0,53.0,128.0
693.0,373.0,54.0,126.0
693.0,373.0,54.0,125.0
692.0,373.0,55.0,125.0
692.0,373.0,55.0,124.0
692.0,373.0,55.0,125.0
691.0,373.0,56.0,125.0
691.0,373.0,56.0,126.0
691.0,373.0,56.0,128.0
691.0,374.0,56.0,130.0
691.0,374.0,56.0,132.0
692.0,374.0,56.0,133.0
692.0,374.0,56.0,135.0
693.0,374.0,56.0,136.0
694.0,374.0,56.0,136.0
694.0,375.0,56.0,136.0
695.0,375.0,56.0,136.0
695.0,375.0,56.0,134.0
696.0,375.0,56.0,133.0
696.0,375.0,56.0,131.0
697.0,375.0,56.0,127.0
697.0,374.0,56.0,124.0
698.0,374.0,56.0,120.0
698.0,374.0,56.0,122.0
698.0,373.0,56.0,123.0
698.0,373.0,56.0,125.0
699.0,373.0,56.0,126.0
699.0,373.0,56.0,127.0
700.0,373.0,56.0,128.0
700.0,373.0,56.0,129.0
700.0,373.0,55.0,129.0
700.0,373.0,55.0,130.0
700.0,373.0,55.0,131.0
700.0,373.0,55.0,131.0
700.0,373.0,55.0,132.0
700.0,372.0,55.0,132.0
700.0,372.0,55.0,132.0
700.0,371.0,55.0,132.0
700.0,370.0,55.0,129.0
700.0,370.0,55.0,127.0
700.0,369.0,55.0,124.0
699.0,369.0,55.0,123.0
699.0,368.0,55.0,123.0
698.0,368.0,55.0,122.0
698.0,368.0,55.0,123.0
699.0,368.0,55.0,123.0
699.0,368.0,55.0,124.0
699.0,367.0,55.0,126.0
700.0,367.0,54.0,127.0
700.0,366.0,54.0,129.0
701.0,366.0,54.0,130.0
702.0,366.0,54.0,130.0
703.0,366.0,54.0,131.0
704.0,365.0,53.0,131.0
704.0,364.0,53.0,131.0
705.0,363.0,52.0,131.0
705.0,363.0,52.0,130.0
706.0,363.0,52.0,130.0
706.0,363.0,52.0,129.0
706.0,362.0,53.0,126.0
705.0,360.0,53.0,123.0
705.0,359.0,54.0,120.0
705.0,359.0,54.0,120.0
705.0,359.0,54.0,120.0
705.0,359.0,54.0,120.0
705.0,359.0,54.0,122.0
705.0,359.0,54.0,123.0
705.0,359.0,54.0,125.0
705.0,359.0,54.0,126.0
705.0,359.0,54.0,128.0
705.0,359.0,54.0,129.0
705.0,359.0,53.0,129.0
706.0,358.0,53.0,130.0
706.0,358.0,52.0,130.0
706.0,358.0,51.0,130.0
706.0,357.0,51.0,130.0
706.0,357.0,50.0,130.0
706.0,356.0,50.0,129.0
705.0,354.0,50.0,127.0
705.0,353.0,50.0,126.0
704.0,353.0,50.0,123.0
704.0,353.0,50.0,119.0
703.0,353.0,50.0,116.0
703.0,353.0,50.0,117.0
703.0,353.0,50.0,118.0
703.0,353.0,50.0,119.0
703.0,353.0,50.0,120.0
703.0,353.0,50.0,121.0
703.0,353.0,50.0,122.0
703.0,354.0,50.0,122.0
703.0,354.0,50.0,123.0
703.0,355.0,50.0,123.0
703.0,356.0,50.0,123.0
703.0,356.0,50.0,123.0
703.0,357.0,50.0,123.0
703.0,358.0,50.0,123.0
704.0,359.0,50.0,123.0
704.0,360.0,50.0,123.0
705.0,361.0,50.0,121.0
705.0,361.0,50.0,119.0
706.0,362.0,50.0,117.0
706.0,362.0,50.0,117.0
706.0,362.0,50.0,117.0
706.0,362.0,50.0,117.0
705.0,362.0,50.0,117.0
705.0,363.0,50.0,117.0
704.0,363.0,50.0,117.0
704.0,364.0,50.0,117.0
703.0,365.0,50.0,117.0
703.0,366.0,50.0,117.0
703.0,367.0,50.0,117.0
703.0,368.0,50.0,117.0
703.0,369.0,50.0,117.0
703.0,371.0,49.0,117.0
702.0,372.0,49.0,117.0
702.0,374.0,48.0,117.0
701.0,375.0,48.0,116.0
700.0,375.0,48.0,115.0
699.0,376.0,48.0,114.0
699.0,376.0,48.0,114.0
698.0,376.0,48.0,114.0
698.0,376.0,48.0,114.0
698.0,376.0,48.0,114.0
697.0,377.0,49.0,115.0
697.0,377.0,49.0,115.0
696.0,378.0,49.0,116.0
696.0,378.0,50.0,117.0
695.0,379.0,50.0,118.0
695.0,380.0,50.0,118.0
695.0,382.0,50.0,118.0
695.0,383.0,50.0,118.0
694.0,384.0,50.0,119.0
694.0,384.0,51.0,121.0
693.0,385.0,51.0,122.0
693.0,387.0,51.0,121.0
692.0,388.0,52.0,120.0
692.0,390.0,52.0,119.0
692.0,390.0,52.0,117.0
692.0,390.0,52.0,116.0
692.0,390.0,52.0,114.0
692.0,390.0,52.0,115.0
692.0,390.0,52.0,116.0
692.0,390.0,52.0,117.0
692.0,391.0,52.0,117.0
691.0,392.0,52.0,118.0
691.0,393.0,52.0,118.0
690.0,394.0,52.0,118.0
690.0,395.0,52.0,118.0
689.0,396.0,52.0,118.0
688.0,398.0,52.0,118.0
688.0,400.0,52.0,118.0
687.0,402.0,52.0,118.0
686.0,403.0,52.0,117.0
685.0,405.0,51.0,117.0
684.0,406.0,51.0,116.0
683.0,407.0,51.0,115.0
683.0,408.0,51.0,115.0
682.0,409.0,51.0,114.0
681.0,409.0,51.0,115.0
681.0,410.0,51.0,115.0
680.0,410.0,51.0,116.0
680.0,411.0,51.0,116.0
679.0,412.0,51.0,116.0
679.0,413.0,51.0,116.0
679.0,414.0,51.0,118.0
679.0,415.0,51.0,119.0
679.0,416.0,51.0,121.0
679.0,418.0,52.0,121.0
678.0,419.0,52.0,121.0
678.0,421.0,53.0,121.0
678.0,423.0,53.0,119.0
679.0,424.0,53.0,118.0
679.0,426.0,53.0,116.0
679.0,426.0,53.0,115.0
680.0,427.0,53.0,115.0
680.0,427.0,53.0,114.0
681.0,428.0,53.0,114.0
682.0,428.0,53.0,114.0
683.0,429.0,53.0,114.0
683.0,430.0,52.0,115.0
684.0,431.0,52.0,116.0
684.0,432.0,51.0,117.0
684.0,434.0,51.0,117.0
684.0,435.0,51.0,117.0
684.0,437.0,51.0,117.0
683.0,439.0,51.0,117.0
683.0,440.0,51.0,117.0
682.0,442.0,51.0,117.0
681.0,444.0,51.0,115.0
680.0,445.0,51.0,113.0
679.0,447.0,51.0,111.0
679.0,448.0,51.0,111.0
678.0,448.0,51.0,111.0
678.0,449.0,51.0,111.0
678.0,450.0,51.0,113.0
679.0,451.0,51.0,114.0
679.0,452.0,51.0,116.0
679.0,454.0,51.0,116.0
680.0,455.0,51.0,116.0
680.0,457.0,51.0,116.0
680.0,459.0,51.0,116.0
680.0,460.0,51.0,117.0
680.0,462.0,51.0,117.0
681.0,464.0,51.0,118.0
681.0,465.0,51.0,118.0
682.0,467.0,51.0,119.0
682.0,469.0,51.0,119.0
682.0,470.0,51.0,119.0
682.0,472.0,51.0,119.0
683.0,473.0,51.0,117.0
683.0,474.0,51.0,114.0
684.0,475.0,51.0,112.0
684.0,476.0,51.0,113.0
685.0,477.0,51.0,115.0
685.0,478.0,51.0,116.0
685.0,480.0,51.0,116.0
685.0,481.0,51.0,116.0
685.0,483.0,51.0,116.0
685.0,485.0,51.0,117.0
685.0,487.0,51.0,118.0
685.0,489.0,51.0,119.0
685.0,492.0,51.0,119.0
685.0,494.0,51.0,119.0
685.0,497.0,51.0,119.0
684.0,499.0,51.0,118.0
684.0,501.0,51.0,117.0
683.0,503.0,51.0,116.0
683.0,504.0,51.0,114.0
682.0,506.0,51.0,113.0
682.0,507.0,51.0,111.0
682.0,508.0,51.0,112.0
683.0,508.0,51.0,114.0
683.0,509.0,51.0,115.0
683.0,511.0,51.0,116.0
683.0,512.0,51.0,116.0
683.0,514.0,51.0,117.0
684.0,516.0,51.0,117.0
684.0,518.0,51.0,117.0
685.0,520.0,51.0,117.0
686.0,523.0,51.0,118.0
687.0,525.0,51.0,119.0
688.0,528.0,51.0,120.0
688.0,529.0,51.0,119.0
689.0,531.0,51.0,117.0
689.0,532.0,51.0,116.0
690.0,534.0,51.0,114.0
690.0,535.0,51.0,113.0
691.0,537.0,51.0,111.0
692.0,537.0,51.0,111.0
692.0,538.0,51.0,112.0
693.0,538.0,51.0,112.0
693.0,539.0,51.0,114.0
693.0,541.0,52.0,115.0
693.0,542.0,52.0,117.0
693.0,544.0,52.0,117.0
693.0,546.0,52.0,117.0
693.0,548.0,52.0,117.0
693.0,550.0,52.0,117.0
692.0,552.0,52.0,117.0
692.0,554.0,52.0,117.0
692.0,555.0,52.0,115.0
691.0,556.0,52.0,114.0
691.0,557.0,52.0,112.0
691.0,557.0,52.0,112.0
692.0,557.0,52.0,112.0
692.0,557.0,52.0,112.0
692.0,557.0,53.0,113.0
691.0,558.0,53.0,113.0
691.0,558.0,54.0,114.0
691.0,558.0,54.0,115.0
692.0,559.0,55.0,117.0
692.0,559.0,55.0,118.0
692.0,559.0,55.0,118.0
693.0,560.0,55.0,118.0
693.0,560.0,55.0,118.0
694.0,561.0,55.0,118.0
694.0,562.0,55.0,118.0
695.0,563.0,55.0,118.0
696.0,563.0,55.0,118.0
696.0,563.0,55.0,118.0
697.0,563.0,55.0,118.0
698.0,563.0,54.0,114.0
699.0,563.0,54.0,111.0
700.0,563.0,53.0,107.0
700.0,563.0,54.0,109.0
699.0,563.0,54.0,111.0
699.0,563.0,55.0,113.0
699.0,563.0,55.0,115.0
699.0,564.0,55.0,117.0
699.0,564.0,55.0,119.0
699.0,564.0,55.0,120.0
698.0,564.0,55.0,121.0
698.0,564.0,55.0,122.0
698.0,564.0,55.0,122.0
698.0,564.0,55.0,122.0
698.0,564.0,55.0,122.0
698.0,563.0,55.0,122.0
698.0,562.0,55.0,122.0
698.0,561.0,55.0,122.0
698.0,561.0,55.0,119.0
698.0,561.0,54.0,115.0
698.0,561.0,54.0,112.0
697.0,561.0,54.0,112.0
697.0,560.0,54.0,112.0
696.0,560.0,54.0,112.0
696.0,561.0,54.0,114.0
695.0,561.0,54.0,116.0
695.0,562.0,54.0,118.0
695.0,562.0,54.0,119.0
695.0,563.0,54.0,121.0
695.0,563.0,54.0,122.0
695.0,563.0,54.0,123.0
696.0,563.0,55.0,125.0
696.0,563.0,55.0,126.0
696.0,563.0,55.0,126.0
697.0,563.0,55.0,126.0
697.0,563.0,55.0,126.0
697.0,563.0,55.0,122.0
698.0,563.0,55.0,119.0
698.0,563.0,55.0,115.0
698.0,564.0,55.0,115.0
698.0,564.0,55.0,115.0
698.0,565.0,55.0,115.0
698.0,566.0,55.0,116.0
698.0,567.0,55.0,118.0
698.0,568.0,55.0,119.0
698.0,569.0,54.0,120.0
698.0,569.0,53.0,122.0
698.0,570.0,52.0,123.0
697.0,570.0,52.0,123.0
695.0,570.0,52.0,123.0
694.0,570.0,52.0,123.0
694.0,571.0,52.0,121.0
693.0,572.0,52.0,118.0
693.0,573.0,52.0,116.0
692.0,574.0,53.0,114.0
690.0,574.0,53.0,113.0
689.0,575.0,54.0,111.0
688.0,576.0,54.0,112.0
688.0,577.0,55.0,114.0
687.0,578.0,55.0,115.0
686.0,579.0,55.0,116.0
686.0,581.0,56.0,118.0
685.0,582.0,56.0,119.0
685.0,583.0,56.0,120.0
685.0,584.0,56.0,121.0
685.0,585.0,56.0,122.0
685.0,586.0,56.0,122.0
685.0,588.0,56.0,122.0
685.0,589.0,56.0,122.0
686.0,590.0,56.0,119.0
686.0,591.0,55.0,117.0
687.0,592.0,55.0,114.0
687.0,593.0,54.0,114.0
686.0,594.0,53.0,114.0
686.0,595.0,52.0,114.0
686.0,597.0,52.0,116.0
685.0,598.0,52.0,117.0
685.0,600.0,52.0,119.0
684.0,603.0,52.0,117.0
682.0,605.0,52.0,114.0
681.0,608.0,52.0,112.0
680.0,610.0,52.0,110.0
680.0,612.0,52.0,108.0
679.0,614.0,52.0,106.0
677.0,616.0,52.0,104.0
676.0,617.0,53.0,103.0
674.0,619.0,53.0,101.0
672.0,621.0,53.0,100.0
671.0,622.0,54.0,98.0
669.0,624.0,54.0,97.0
669.0,624.0,54.0,97.0
668.0,624.0,54.0,97.0
668.0,624.0,54.0,97.0
667.0,627.0,54.0,94.0
667.0,630.0,54.0,91.0
666.0,633.0,54.0,88.0
666.0,635.0,54.0,86.0
665.0,636.0,54.0,85.0
665.0,638.0,54.0,83.0
665.0,640.0,54.0,81.0
664.0,643.0,54.0,78.0
664.0,645.0,54.0,76.0
664.0,647.0,54.0,74.0
664.0,649.0,54.0,71.0
664.0,651.0,54.0,69.0
663.0,652.0,54.0,68.0
663.0,653.0,54.0,67.0
662.0,654.0,54.0,66.0
661.0,656.0,54.0,64.0
660.0,658.0,54.0,62.0
659.0,660.0,54.0,60.0
659.0,662.0,54.0,59.0
658.0,663.0,54.0,57.0
658.0,665.0,54.0,56.0
657.0,668.0,54.0,53.0
655.0,670.0,54.0,51.0
654.0,673.0,54.0,48.0
653.0,675.0,54.0,46.0
652.0,678.0,54.0,43.0
651.0,680.0,54.0,41.0
650.0,682.0,54.0,39.0
648.0,683.0,54.0,38.0
647.0,685.0,54.0,36.0
648.0,686.0,52.0,34.0
648.0,688.0,49.0,33.0
649.0,689.0,47.0,31.0
651.0,691.0,42.0,29.0
652.0,693.0,37.0,28.0
654.0,695.0,32.0,26.0
nan,nan,nan,nan
nan,nan,nan,nan
nan,nan,nan,nan
nan,nan,nan,nan
nan,nan,nan,nan
nan,nan,nan,nan
nan,nan,nan,nan
nan,nan,nan,nan
nan,nan,nan,nan
nan,nan,nan,nan
nan,nan,nan,nan
nan,nan,nan,nan
nan,nan,nan,nan
nan,nan,nan,nan
nan,nan,nan,nan
nan,nan,nan,nan
nan,nan,nan,nan
nan,nan,nan,nan
nan,nan,nan,nan
nan,nan,nan,nan
nan,nan,nan,nan
nan,nan,nan,nan
nan,nan,nan,nan
nan,nan,nan,nan
nan,nan,nan,nan
nan,nan,nan,nan
nan,nan,nan,nan
nan,nan,nan,nan
nan,nan,nan,nan
nan,nan,nan,nan
nan,nan,nan,nan
nan,nan,nan,nan
nan,nan,nan,nan
nan,nan,nan,nan
nan,nan,nan,nan
nan,nan,nan,nan
nan,nan,nan,nan
nan,nan,nan,nan
nan,nan,nan,nan
nan,nan,nan,nan
nan,nan,nan,nan
nan,nan,nan,nan
nan,nan,nan,nan
nan,nan,nan,nan
nan,nan,nan,nan
nan,nan,nan,nan
nan,nan,nan,nan
nan,nan,nan,nan
nan,nan,nan,nan
nan,nan,nan,nan
nan,nan,nan,nan
nan,nan,nan,nan
nan,nan,nan,nan
nan,nan,nan,nan
nan,nan,nan,nan
nan,nan,nan,nan
nan,nan,nan,nan
nan,nan,nan,nan
nan,nan,nan,nan
nan,nan,nan,nan
nan,nan,nan,nan
nan,nan,nan,nan
nan,nan,nan,nan
nan,nan,nan,nan
nan,nan,nan,nan
nan,nan,nan,nan
nan,nan,nan,nan
nan,nan,nan,nan
nan,nan,nan,nan
nan,nan,nan,nan
nan,nan,nan,nan
nan,nan,nan,nan
nan,nan,nan,nan
nan,nan,nan,nan
nan,nan,nan,nan
nan,nan,nan,nan
nan,nan,nan,nan
nan,nan,nan,nan
nan,nan,nan,nan
nan,nan,nan,nan
619.0,690.0,47.0,31.0
618.0,674.0,48.0,46.0
617.0,659.0,50.0,62.0
616.0,643.0,51.0,77.0
617.0,622.0,51.0,82.0
617.0,600.0,51.0,87.0
618.0,579.0,51.0,92.0
618.0,560.0,51.0,92.0
618.0,541.0,51.0,92.0
618.0,522.0,51.0,92.0
618.0,502.0,51.0,92.0
619.0,482.0,51.0,92.0
619.0,462.0,51.0,92.0
619.0,443.0,51.0,92.0
619.0,423.0,51.0,92.0
619.0,404.0,51.0,92.0
619.0,392.0,50.0,91.0
618.0,381.0,50.0,90.0
618.0,369.0,49.0,89.0
617.0,363.0,49.0,87.0
617.0,358.0,49.0,85.0
616.0,352.0,49.0,83.0
616.0,350.0,49.0,83.0
617.0,349.0,49.0,83.0
617.0,347.0,49.0,83.0
617.0,346.0,49.0,84.0
617.0,346.0,49.0,86.0
617.0,345.0,49.0,87.0
617.0,345.0,49.0,88.0
617.0,344.0,49.0,89.0
617.0,344.0,49.0,90.0
617.0,344.0,49.0,91.0
618.0,343.0,49.0,91.0
618.0,343.0,49.0,92.0
619.0,342.0,49.0,90.0
619.0,341.0,48.0,88.0
620.0,340.0,48.0,86.0
621.0,338.0,47.0,86.0
621.0,337.0,47.0,86.0
622.0,335.0,46.0,86.0
622.0,334.0,46.0,87.0
622.0,333.0,46.0,87.0
622.0,332.0,46.0,88.0
622.0,331.0,46.0,90.0
622.0,329.0,46.0,91.0
622.0,328.0,46.0,93.0
622.0,327.0,46.0,94.0
621.0,325.0,46.0,95.0
621.0,324.0,46.0,96.0
621.0,322.0,46.0,96.0
620.0,321.0,46.0,96.0
620.0,319.0,46.0,96.0
619.0,318.0,46.0,93.0
619.0,316.0,46.0,89.0
618.0,315.0,46.0,86.0
618.0,313.0,46.0,84.0
617.0,312.0,46.0,83.0
617.0,310.0,46.0,81.0
617.0,309.0,46.0,83.0
616.0,308.0,46.0,85.0
616.0,307.0,46.0,87.0
616.0,306.0,46.0,88.0
616.0,305.0,46.0,90.0
616.0,304.0,46.0,91.0
616.0,303.0,46.0,92.0
616.0,302.0,46.0,92.0
616.0,301.0,46.0,93.0
616.0,300.0,46.0,93.0
616.0,299.0,46.0,93.0
616.0,298.0,46.0,93.0
616.0,297.0,46.0,91.0
617.0,295.0,46.0,89.0
617.0,294.0,46.0,87.0
617.0,294.0,46.0,85.0
618.0,293.0,46.0,83.0
618.0,293.0,46.0,81.0
619.0,293.0,45.0,82.0
619.0,293.0,43.0,83.0
620.0,293.0,42.0,84.0
619.0,293.0,42.0,86.0
619.0,292.0,42.0,87.0
618.0,292.0,42.0,89.0
618.0,292.0,42.0,90.0
617.0,292.0,41.0,91.0
617.0,292.0,41.0,92.0
616.0,291.0,41.0,92.0
614.0,290.0,41.0,92.0
613.0,289.0,41.0,92.0
613.0,289.0,41.0,90.0
612.0,289.0,41.0,89.0
612.0,289.0,41.0,87.0
611.0,290.0,41.0,85.0
610.0,290.0,42.0,83.0
609.0,291.0,42.0,81.0
609.0,292.0,42.0,81.0
608.0,294.0,42.0,82.0
608.0,295.0,42.0,82.0
608.0,296.0,42.0,84.0
608.0,297.0,42.0,85.0
608.0,298.0,42.0,87.0
608.0,300.0,42.0,87.0
609.0,301.0,42.0,87.0
609.0,303.0,42.0,87.0
610.0,304.0,42.0,87.0
611.0,305.0,42.0,87.0
612.0,306.0,42.0,87.0
612.0,307.0,42.0,87.0
612.0,307.0,42.0,86.0
612.0,308.0,42.0,86.0
613.0,309.0,41.0,84.0
613.0,310.0,41.0,82.0
614.0,311.0,40.0,80.0
614.0,312.0,40.0,81.0
615.0,313.0,40.0,82.0
615.0,314.0,40.0,83.0
615.0,315.0,40.0,84.0
615.0,317.0,39.0,84.0
615.0,318.0,39.0,85.0
615.0,319.0,39.0,86.0
615.0,319.0,39.0,88.0
615.0,320.0,39.0,89.0
614.0,321.0,39.0,89.0
613.0,322.0,39.0,89.0
612.0,323.0,39.0,89.0
611.0,324.0,39.0,87.0
610.0,324.0,39.0,85.0
609.0,325.0,39.0,83.0
609.0,326.0,39.0,82.0
608.0,327.0,39.0,80.0
608.0,328.0,39.0,79.0
608.0,330.0,39.0,80.0
608.0,332.0,40.0,80.0
608.0,334.0,40.0,81.0
607.0,335.0,40.0,82.0
607.0,337.0,40.0,82.0
606.0,338.0,40.0,83.0
606.0,339.0,40.0,84.0
606.0,340.0,40.0,85.0
606.0,341.0,40.0,86.0
606.0,342.0,40.0,86.0
606.0,343.0,40.0,86.0
606.0,344.0,40.0,86.0
606.0,344.0,40.0,85.0
606.0,345.0,40.0,85.0
606.0,345.0,40.0,84.0
606.0,346.0,40.0,82.0
605.0,347.0,39.0,81.0
605.0,348.0,39.0,79.0
605.0,349.0,39.0,79.0
606.0,351.0,38.0,79.0
606.0,352.0,38.0,79.0
605.0,353.0,38.0,80.0
605.0,354.0,38.0,81.0
604.0,355.0,38.0,82.0
604.0,356.0,37.0,82.0
603.0,358.0,37.0,82.0
603.0,359.0,36.0,82.0
603.0,360.0,36.0,82.0
602.0,361.0,36.0,82.0
602.0,362.0,36.0,82.0
601.0,363.0,36.0,82.0
600.0,365.0,36.0,82.0
599.0,366.0,36.0,82.0
598.0,367.0,36.0,80.0
598.0,367.0,36.0,79.0
597.0,368.0,36.0,77.0
596.0,369.0,36.0,78.0
596.0,371.0,37.0,78.0
595.0,372.0,37.0,79.0
595.0,373.0,37.0,79.0
594.0,375.0,37.0,80.0
594.0,376.0,37.0,80.0
594.0,377.0,37.0,81.0
593.0,378.0,37.0,82.0
593.0,379.0,37.0,83.0
593.0,380.0,37.0,83.0
593.0,381.0,37.0,83.0
593.0,382.0,37.0,83.0
593.0,383.0,37.0,83.0
593.0,383.0,37.0,83.0
593.0,384.0,37.0,83.0
593.0,385.0,37.0,81.0
593.0,386.0,37.0,79.0
593.0,387.0,37.0,77.0
593.0,388.0,37.0,77.0
593.0,389.0,37.0,77.0
593.0,390.0,37.0,77.0
593.0,391.0,37.0,78.0
593.0,392.0,37.0,79.0
593.0,393.0,37.0,80.0
593.0,394.0,36.0,81.0
593.0,396.0,36.0,83.0
593.0,397.0,35.0,84.0
592.0,398.0,35.0,84.0
591.0,398.0,35.0,84.0
590.0,399.0,35.0,84.0
589.0,400.0,35.0,84.0
588.0,400.0,35.0,84.0
587.0,401.0,35.0,84.0
587.0,402.0,35.0,82.0
586.0,402.0,35.0,80.0
586.0,403.0,35.0,78.0
586.0,405.0,35.0,78.0
585.0,406.0,35.0,78.0
585.0,408.0,35.0,78.0
584.0,409.0,35.0,79.0
584.0,410.0,36.0,80.0
583.0,411.0,36.0,81.0
583.0,412.0,36.0,82.0
583.0,414.0,36.0,82.0
583.0,415.0,36.0,83.0
583.0,416.0,36.0,83.0
583.0,417.0,36.0,83.0
583.0,418.0,36.0,83.0
583.0,419.0,36.0,83.0
583.0,419.0,36.0,83.0
583.0,420.0,36.0,83.0
583.0,421.0,36.0,81.0
582.0,422.0,36.0,78.0
582.0,423.0,36.0,76.0
582.0,424.0,36.0,76.0
583.0,426.0,35.0,76.0
583.0,427.0,35.0,76.0
582.0,428.0,35.0,77.0
582.0,430.0,35.0,78.0
581.0,431.0,35.0,79.0
581.0,432.0,35.0,81.0
580.0,433.0,34.0,82.0
580.0,434.0,34.0,84.0
579.0,435.0,34.0,84.0
578.0,437.0,34.0,84.0
577.0,438.0,34.0,84.0
576.0,439.0,34.0,84.0
575.0,439.0,34.0,84.0
574.0,440.0,34.0,84.0
573.0,442.0,34.0,81.0
572.0,443.0,34.0,79.0
571.0,445.0,34.0,76.0
570.0,446.0,34.0,76.0
568.0,448.0,35.0,76.0
567.0,449.0,35.0,76.0
566.0,450.0,36.0,77.0
566.0,452.0,36.0,79.0
565.0,453.0,37.0,80.0
565.0,455.0,37.0,81.0
564.0,457.0,38.0,82.0
564.0,459.0,38.0,83.0
564.0,460.0,38.0,83.0
563.0,461.0,39.0,83.0
563.0,462.0,39.0,83.0
563.0,463.0,38.0,83.0
563.0,463.0,37.0,83.0
563.0,464.0,36.0,83.0
563.0,465.0,35.0,81.0
563.0,466.0,34.0,78.0
563.0,467.0,33.0,76.0
563.0,468.0,33.0,76.0
563.0,468.0,32.0,76.0
563.0,469.0,32.0,76.0
563.0,468.0,32.0,77.0
563.0,468.0,31.0,79.0
563.0,467.0,31.0,80.0
562.0,468.0,31.0,80.0
562.0,468.0,31.0,81.0
561.0,469.0,31.0,81.0
560.0,469.0,31.0,81.0
560.0,468.0,31.0,81.0
559.0,468.0,31.0,81.0
558.0,468.0,31.0,81.0
558.0,469.0,31.0,81.0
557.0,469.0,31.0,81.0
557.0,469.0,31.0,79.0
556.0,470.0,32.0,78.0
556.0,470.0,32.0,76.0
555.0,470.0,32.0,76.0
554.0,471.0,33.0,77.0
553.0,471.0,33.0,77.0
553.0,471.0,33.0,78.0
552.0,472.0,33.0,78.0
552.0,472.0,33.0,79.0
552.0,473.0,33.0,80.0
551.0,474.0,33.0,80.0
551.0,475.0,33.0,81.0
551.0,475.0,33.0,81.0
551.0,475.0,32.0,82.0
551.0,475.0,32.0,82.0
551.0,476.0,32.0,82.0
551.0,476.0,32.0,82.0
551.0,477.0,32.0,82.0
551.0,477.0,32.0,81.0
551.0,478.0,32.0,79.0
551.0,478.0,32.0,78.0
551.0,479.0,32.0,78.0
550.0,479.0,32.0,78.0
550.0,480.0,32.0,78.0
550.0,482.0,32.0,78.0
549.0,483.0,32.0,78.0
549.0,485.0,32.0,78.0
549.0,485.0,32.0,79.0
548.0,486.0,32.0,79.0
548.0,486.0,32.0,80.0
548.0,487.0,32.0,80.0
547.0,487.0,31.0,80.0
547.0,488.0,31.0,80.0
547.0,488.0,31.0,80.0
546.0,489.0,30.0,80.0
546.0,489.0,30.0,80.0
545.0,489.0,30.0,78.0
545.0,489.0,30.0,76.0
544.0,489.0,30.0,74.0
544.0,488.0,30.0,75.0
543.0,487.0,31.0,75.0
543.0,486.0,31.0,76.0
542.0,486.0,31.0,76.0
542.0,486.0,31.0,76.0
541.0,486.0,31.0,76.0
541.0,486.0,31.0,77.0
541.0,485.0,31.0,78.0
541.0,485.0,31.0,79.0
541.0,484.0,31.0,79.0
541.0,484.0,31.0,79.0
541.0,483.0,31.0,79.0
541.0,482.0,31.0,79.0
542.0,481.0,31.0,79.0
542.0,480.0,31.0,79.0
542.0,480.0,31.0,77.0
543.0,480.0,31.0,76.0
543.0,480.0,31.0,74.0
543.0,480.0,31.0,74.0
543.0,480.0,31.0,74.0
543.0,480.0,31.0,74.0
543.0,480.0,31.0,74.0
543.0,479.0,30.0,75.0
543.0,479.0,30.0,75.0
542.0,479.0,30.0,76.0
542.0,479.0,30.0,77.0
541.0,479.0,30.0,78.0
541.0,479.0,30.0,78.0
540.0,479.0,30.0,78.0
540.0,479.0,30.0,78.0
539.0,479.0,30.0,78.0
539.0,478.0,30.0,78.0
538.0,478.0,30.0,78.0
537.0,478.0,30.0,77.0
537.0,478.0,30.0,76.0
536.0,478.0,30.0,75.0
536.0,478.0,30.0,75.0
535.0,477.0,30.0,75.0
535.0,477.0,30.0,75.0
535.0,477.0,30.0,75.0
535.0,478.0,30.0,75.0
535.0,478.0,30.0,75.0
535.0,479.0,30.0,75.0
534.0,479.0,30.0,75.0
534.0,480.0,30.0,75.0
534.0,480.0,30.0,76.0
534.0,479.0,30.0,76.0
534.0,479.0,30.0,77.0
534.0,479.0,30.0,77.0
535.0,480.0,30.0,77.0
535.0,480.0,30.0,77.0
535.0,479.0,30.0,76.0
535.0,479.0,30.0,75.0
535.0,478.0,30.0,74.0
535.0,478.0,30.0,74.0
535.0,478.0,29.0,74.0
535.0,478.0,29.0,74.0
535.0,478.0,29.0,74.0
535.0,478.0,29.0,74.0
535.0,478.0,29.0,74.0
535.0,478.0,29.0,75.0
534.0,478.0,29.0,76.0
534.0,478.0,29.0,77.0
534.0,478.0,29.0,77.0
534.0,478.0,29.0,77.0
534.0,478.0,29.0,77.0
534.0,478.0,29.0,77.0
533.0,479.0,29.0,77.0
533.0,479.0,29.0,77.0
533.0,478.0,29.0,77.0
532.0,478.0,29.0,77.0
532.0,477.0,29.0,77.0
532.0,477.0,29.0,75.0
531.0,477.0,29.0,74.0
531.0,477.0,29.0,72.0
531.0,477.0,29.0,72.0
530.0,478.0,29.0,73.0
530.0,478.0,29.0,73.0
530.0,478.0,29.0,74.0
529.0,479.0,30.0,75.0
529.0,479.0,30.0,76.0
529.0,479.0,30.0,76.0
529.0,480.0,30.0,76.0
529.0,480.0,30.0,76.0
529.0,480.0,30.0,76.0
529.0,480.0,30.0,76.0
529.0,480.0,30.0,76.0
530.0,480.0,29.0,75.0
530.0,479.0,29.0,75.0
531.0,479.0,28.0,74.0
531.0,479.0,28.0,73.0
530.0,479.0,28.0,73.0
530.0,479.0,28.0,72.0
530.0,480.0,28.0,72.0
529.0,480.0,28.0,72.0
529.0,481.0,28.0,72.0
529.0,481.0,28.0,73.0
528.0,482.0,27.0,73.0
528.0,482.0,27.0,74.0
527.0,482.0,27.0,75.0
527.0,482.0,27.0,75.0
526.0,482.0,27.0,76.0
525.0,482.0,27.0,76.0
525.0,482.0,27.0,76.0
524.0,482.0,27.0,76.0
523.0,482.0,27.0,75.0
523.0,482.0,28.0,74.0
522.0,482.0,28.0,73.0
522.0,482.0,28.0,72.0
521.0,483.0,29.0,72.0
521.0,483.0,29.0,71.0
521.0,484.0,29.0,71.0
521.0,484.0,29.0,71.0
521.0,485.0,29.0,71.0
521.0,485.0,29.0,71.0
520.0,486.0,29.0,72.0
520.0,486.0,29.0,72.0
520.0,487.0,29.0,72.0
519.0,488.0,29.0,72.0
519.0,489.0,29.0,72.0
519.0,489.0,29.0,72.0
519.0,489.0,29.0,72.0
519.0,489.0,29.0,72.0
519.0,489.0,29.0,72.0
519.0,490.0,29.0,72.0
519.0,490.0,29.0,72.0
519.0,490.0,29.0,71.0
520.0,490.0,28.0,70.0
520.0,490.0,28.0,69.0
520.0,491.0,28.0,69.0
521.0,491.0,27.0,69.0
521.0,492.0,27.0,69.0
521.0,493.0,27.0,70.0
521.0,493.0,27.0,70.0
521.0,494.0,27.0,71.0
521.0,495.0,27.0,71.0
520.0,495.0,28.0,72.0
520.0,496.0,28.0,72.0
519.0,497.0,28.0,72.0
519.0,497.0,28.0,72.0
518.0,498.0,28.0,72.0
517.0,498.0,28.0,72.0
517.0,499.0,28.0,72.0
516.0,499.0,28.0,72.0
515.0,500.0,28.0,71.0
515.0,500.0,29.0,69.0
514.0,501.0,29.0,68.0
514.0,502.0,29.0,68.0
513.0,503.0,29.0,68.0
513.0,504.0,29.0,68.0
513.0,505.0,29.0,68.0
512.0,507.0,29.0,68.0
512.0,508.0,29.0,68.0
512.0,509.0,29.0,69.0
512.0,510.0,29.0,69.0
512.0,511.0,29.0,70.0
512.0,512.0,29.0,70.0
512.0,513.0,29.0,70.0
512.0,514.0,29.0,70.0
512.0,514.0,29.0,71.0
513.0,515.0,29.0,71.0
513.0,515.0,29.0,72.0
513.0,516.0,29.0,71.0
514.0,516.0,28.0,70.0
514.0,517.0,28.0,69.0
514.0,518.0,28.0,69.0
515.0,519.0,28.0,69.0
515.0,520.0,28.0,69.0
515.0,522.0,28.0,69.0
514.0,523.0,28.0,69.0
514.0,525.0,28.0,69.0
514.0,526.0,28.0,69.0
513.0,528.0,28.0,70.0
513.0,529.0,28.0,70.0
513.0,530.0,28.0,70.0
512.0,531.0,28.0,70.0
512.0,532.0,28.0,70.0
511.0,532.0,28.0,71.0
510.0,533.0,28.0,71.0
509.0,533.0,28.0,72.0
509.0,534.0,28.0,70.0
508.0,536.0,27.0,69.0
508.0,537.0,27.0,67.0
507.0,538.0,27.0,67.0
507.0,540.0,27.0,67.0
506.0,541.0,27.0,67.0
505.0,542.0,27.0,67.0
505.0,543.0,27.0,67.0
504.0,544.0,27.0,67.0
504.0,545.0,27.0,68.0
505.0,546.0,26.0,68.0
505.0,547.0,26.0,69.0
505.0,548.0,26.0,69.0
505.0,549.0,25.0,69.0
505.0,550.0,25.0,69.0
505.0,551.0,25.0,69.0
505.0,552.0,25.0,69.0
505.0,553.0,25.0,69.0
505.0,554.0,25.0,68.0
505.0,554.0,25.0,68.0
505.0,555.0,25.0,67.0
505.0,556.0,25.0,67.0
505.0,558.0,26.0,67.0
505.0,559.0,26.0,67.0
505.0,560.0,26.0,67.0
504.0,561.0,26.0,67.0
504.0,562.0,26.0,67.0
504.0,563.0,26.0,68.0
503.0,563.0,26.0,68.0
503.0,564.0,26.0,69.0
502.0,565.0,26.0,69.0
501.0,567.0,26.0,69.0
500.0,568.0,26.0,69.0
500.0,569.0,26.0,69.0
499.0,569.0,25.0,69.0
499.0,570.0,25.0,69.0
499.0,571.0,25.0,68.0
498.0,571.0,25.0,66.0
498.0,572.0,25.0,65.0
498.0,573.0,25.0,65.0
497.0,573.0,25.0,65.0
497.0,574.0,25.0,65.0
497.0,575.0,25.0,66.0
496.0,576.0,25.0,67.0
496.0,577.0,25.0,68.0
496.0,578.0,25.0,68.0
495.0,580.0,25.0,69.0
495.0,581.0,25.0,69.0
495.0,582.0,25.0,69.0
496.0,583.0,25.0,69.0
496.0,584.0,25.0,69.0
496.0,585.0,25.0,69.0
496.0,585.0,25.0,69.0
496.0,586.0,25.0,69.0
496.0,587.0,25.0,68.0
495.0,588.0,25.0,67.0
495.0,589.0,25.0,66.0
495.0,590.0,25.0,66.0
494.0,591.0,25.0,66.0
494.0,592.0,25.0,66.0
493.0,593.0,25.0,66.0
493.0,594.0,25.0,67.0
492.0,595.0,25.0,67.0
491.0,596.0,25.0,67.0
491.0,597.0,25.0,67.0
490.0,598.0,25.0,67.0
489.0,599.0,25.0,68.0
489.0,600.0,25.0,68.0
488.0,601.0,25.0,69.0
487.0,602.0,25.0,69.0
487.0,603.0,24.0,69.0
486.0,604.0,24.0,69.0
486.0,605.0,24.0,68.0
485.0,605.0,24.0,67.0
485.0,606.0,24.0,66.0
484.0,607.0,24.0,66.0
484.0,608.0,25.0,66.0
483.0,609.0,25.0,66.0
483.0,610.0,25.0,66.0
483.0,611.0,25.0,66.0
483.0,612.0,25.0,66.0
483.0,613.0,25.0,66.0
483.0,615.0,25.0,66.0
483.0,616.0,25.0,66.0
483.0,617.0,25.0,66.0
484.0,618.0,25.0,66.0
484.0,619.0,25.0,66.0
484.0,620.0,25.0,66.0
485.0,620.0,25.0,66.0
485.0,621.0,25.0,66.0
485.0,622.0,25.0,66.0
486.0,622.0,25.0,66.0
486.0,623.0,25.0,66.0
486.0,623.0,25.0,66.0
486.0,624.0,25.0,66.0
486.0,624.0,25.0,66.0
486.0,624.0,25.0,66.0
487.0,623.0,25.0,66.0
487.0,623.0,25.0,66.0
487.0,623.0,25.0,66.0
487.0,623.0,25.0,66.0
487.0,623.0,25.0,66.0
487.0,622.0,25.0,66.0
488.0,622.0,25.0,66.0
488.0,621.0,25.0,66.0
488.0,620.0,25.0,66.0
488.0,620.0,24.0,66.0
488.0,619.0,24.0,66.0
488.0,618.0,24.0,66.0
488.0,617.0,24.0,66.0
488.0,616.0,24.0,66.0
488.0,615.0,24.0,65.0
489.0,615.0,24.0,65.0
489.0,614.0,24.0,64.0
489.0,614.0,24.0,64.0
489.0,613.0,24.0,64.0
489.0,613.0,24.0,64.0
489.0,613.0,24.0,64.0
490.0,612.0,24.0,64.0
490.0,612.0,24.0,64.0
491.0,611.0,24.0,64.0
491.0,611.0,24.0,64.0
492.0,610.0,24.0,64.0
492.0,610.0,24.0,64.0
493.0,609.0,24.0,64.0
493.0,609.0,24.0,64.0
494.0,608.0,24.0,64.0
494.0,607.0,24.0,64.0
495.0,606.0,24.0,64.0
496.0,605.0,24.0,64.0
496.0,605.0,24.0,64.0
497.0,604.0,24.0,64.0
497.0,604.0,24.0,64.0
498.0,603.0,24.0,64.0
498.0,603.0,24.0,64.0
499.0,603.0,24.0,64.0
499.0,602.0,24.0,64.0
500.0,602.0,24.0,64.0
500.0,602.0,24.0,64.0
501.0,602.0,24.0,64.0
501.0,602.0,24.0,64.0
501.0,601.0,24.0,64.0
501.0,601.0,24.0,64.0
501.0,600.0,24.0,64.0
501.0,599.0,24.0,64.0
502.0,599.0,24.0,64.0
502.0,598.0,24.0,64.0
502.0,597.0,24.0,64.0
502.0,596.0,24.0,64.0
502.0,595.0,24.0,64.0
502.0,595.0,24.0,63.0
503.0,595.0,23.0,63.0
503.0,595.0,23.0,62.0
504.0,595.0,23.0,62.0
504.0,594.0,23.0,62.0
505.0,594.0,23.0,62.0
505.0,594.0,23.0,62.0
506.0,594.0,23.0,62.0
506.0,594.0,23.0,62.0
506.0,593.0,23.0,62.0
507.0,593.0,23.0,62.0
507.0,592.0,23.0,62.0
508.0,591.0,23.0,62.0
508.0,591.0,23.0,62.0
509.0,590.0,23.0,62.0
510.0,590.0,23.0,62.0
510.0,589.0,23.0,62.0
511.0,589.0,23.0,62.0
512.0,588.0,23.0,62.0
512.0,588.0,23.0,62.0
513.0,587.0,23.0,62.0
513.0,587.0,23.0,62.0
514.0,587.0,23.0,62.0
514.0,587.0,23.0,62.0
514.0,587.0,23.0,62.0
514.0,587.0,23.0,62.0
514.0,587.0,23.0,62.0
514.0,587.0,23.0,62.0
514.0,586.0,23.0,62.0
514.0,586.0,23.0,62.0
514.0,586.0,23.0,62.0
515.0,585.0,23.0,62.0
515.0,585.0,23.0,62.0
515.0,584.0,23.0,62.0
515.0,584.0,22.0,62.0
515.0,583.0,22.0,62.0
515.0,583.0,22.0,61.0
516.0,582.0,22.0,61.0
516.0,582.0,22.0,60.0
516.0,582.0,22.0,60.0
517.0,582.0,22.0,60.0
517.0,582.0,22.0,60.0
517.0,582.0,22.0,60.0
517.0,582.0,22.0,60.0
517.0,582.0,22.0,60.0
517.0,582.0,22.0,60.0
518.0,582.0,22.0,60.0
518.0,582.0,22.0,60.0
518.0,582.0,22.0,60.0
519.0,582.0,22.0,60.0
519.0,582.0,22.0,60.0
519.0,581.0,22.0,60.0
520.0,581.0,22.0,60.0
520.0,580.0,22.0,60.0
521.0,579.0,22.0,60.0
521.0,579.0,22.0,60.0
522.0,578.0,22.0,60.0
522.0,578.0,22.0,60.0
523.0,577.0,22.0,60.0
523.0,577.0,22.0,60.0
523.0,577.0,22.0,60.0
523.0,578.0,22.0,60.0
523.0,578.0,22.0,60.0
523.0,578.0,22.0,60.0
524.0,578.0,22.0,60.0
524.0,578.0,22.0,60.0
524.0,578.0,22.0,60.0
524.0,578.0,22.0,60.0
524.0,578.0,22.0,60.0
524.0,578.0,22.0,60.0
524.0,578.0,22.0,60.0
524.0,578.0,22.0,60.0
524.0,578.0,22.0,60.0
524.0,577.0,22.0,60.0
524.0,577.0,22.0,60.0
524.0,577.0,22.0,60.0
524.0,577.0,22.0,60.0
524.0,577.0,22.0,60.0
524.0,577.0,22.0,60.0
524.0,577.0,22.0,60.0
524.0,577.0,22.0,60.0
524.0,577.0,22.0,60.0
525.0,577.0,22.0,60.0
525.0,577.0,22.0,60.0
525.0,577.0,22.0,60.0
526.0,576.0,22.0,60.0
526.0,576.0,22.0,60.0
526.0,576.0,22.0,60.0
527.0,575.0,22.0,60.0
527.0,575.0,22.0,60.0
527.0,575.0,22.0,60.0
528.0,576.0,22.0,60.0
528.0,576.0,22.0,60.0
528.0,576.0,22.0,59.0
529.0,575.0,22.0,58.0
529.0,575.0,22.0,57.0
529.0,575.0,22.0,58.0
530.0,574.0,22.0,59.0
530.0,574.0,22.0,60.0
530.0,574.0,22.0,60.0
530.0,574.0,22.0,60.0
530.0,574.0,22.0,60.0
530.0,574.0,22.0,60.0
530.0,574.0,22.0,60.0
530.0,574.0,22.0,60.0
530.0,574.0,22.0,60.0
530.0,574.0,21.0,60.0
530.0,574.0,21.0,60.0
530.0,573.0,21.0,60.0
529.0,573.0,21.0,60.0
529.0,572.0,21.0,60.0
529.0,572.0,21.0,59.0
529.0,572.0,21.0,59.0
529.0,572.0,21.0,58.0
529.0,572.0,21.0,58.0
529.0,572.0,21.0,58.0
529.0,572.0,21.0,58.0
529.0,572.0,21.0,58.0
529.0,572.0,21.0,58.0
529.0,572.0,21.0,58.0
529.0,573.0,21.0,58.0
530.0,573.0,21.0,58.0
530.0,574.0,21.0,58.0
530.0,574.0,21.0,58.0
530.0,574.0,21.0,58.0
530.0,574.0,21.0,58.0
530.0,574.0,21.0,58.0
530.0,573.0,21.0,58.0
530.0,573.0,21.0,58.0
530.0,573.0,21.0,58.0
530.0,573.0,21.0,58.0
530.0,573.0,21.0,58.0
530.0,573.0,21.0,58.0
530.0,573.0,21.0,58.0
530.0,573.0,21.0,58.0
530.0,573.0,21.0,58.0
529.0,573.0,21.0,58.0
529.0,573.0,21.0,58.0
529.0,573.0,21.0,58.0
528.0,574.0,21.0,58.0
528.0,574.0,21.0,58.0
528.0,574.0,21.0,58.0
527.0,574.0,21.0,58.0
527.0,574.0,21.0,58.0
527.0,574.0,21.0,58.0
526.0,574.0,21.0,58.0
526.0,574.0,21.0,58.0
526.0,573.0,21.0,58.0
525.0,573.0,21.0,57.0
525.0,572.0,21.0,57.0
524.0,572.0,21.0,57.0
524.0,573.0,21.0,57.0
523.0,573.0,21.0,57.0
523.0,573.0,21.0,57.0
523.0,573.0,21.0,57.0
523.0,573.0,21.0,57.0
523.0,573.0,21.0,57.0
523.0,573.0,21.0,57.0
523.0,573.0,21.0,57.0
523.0,573.0,21.0,57.0
523.0,574.0,21.0,57.0
523.0,574.0,21.0,57.0
523.0,574.0,21.0,57.0
522.0,573.0,21.0,57.0
522.0,573.0,21.0,57.0
522.0,573.0,21.0,57.0
522.0,573.0,21.0,57.0
522.0,573.0,21.0,57.0
522.0,573.0,21.0,57.0
521.0,573.0,21.0,57.0
521.0,573.0,21.0,57.0
521.0,573.0,21.0,57.0
520.0,574.0,21.0,57.0
520.0,574.0,21.0,57.0
519.0,574.0,21.0,57.0
519.0,575.0,21.0,57.0
518.0,575.0,21.0,57.0
517.0,575.0,21.0,57.0
517.0,576.0,21.0,57.0
516.0,576.0,21.0,57.0
515.0,576.0,21.0,57.0
515.0,576.0,21.0,57.0
514.0,576.0,21.0,57.0
513.0,576.0,21.0,57.0
513.0,576.0,21.0,57.0
512.0,576.0,21.0,57.0
512.0,576.0,21.0,57.0
511.0,576.0,21.0,57.0
511.0,576.0,21.0,57.0
510.0,576.0,21.0,57.0
510.0,575.0,21.0,57.0
509.0,575.0,21.0,57.0
508.0,576.0,21.0,57.0
508.0,576.0,21.0,57.0
507.0,577.0,21.0,57.0
507.0,577.0,21.0,57.0
507.0,577.0,21.0,57.0
507.0,577.0,21.0,57.0
507.0,577.0,21.0,57.0
506.0,578.0,21.0,57.0
506.0,578.0,21.0,57.0
506.0,578.0,21.0,57.0
505.0,578.0,21.0,57.0
505.0,578.0,21.0,57.0
504.0,578.0,21.0,57.0
504.0,579.0,21.0,57.0
503.0,579.0,21.0,57.0
502.0,579.0,21.0,57.0
502.0,580.0,22.0,57.0
501.0,580.0,22.0,57.0
500.0,580.0,22.0,57.0
500.0,580.0,22.0,57.0
499.0,580.0,22.0,57.0
498.0,581.0,22.0,57.0
497.0,581.0,22.0,57.0
496.0,582.0,22.0,57.0
495.0,582.0,22.0,57.0
495.0,581.0,22.0,57.0
494.0,581.0,22.0,57.0
493.0,581.0,22.0,57.0
493.0,582.0,22.0,57.0
492.0,582.0,22.0,57.0
491.0,582.0,22.0,57.0
491.0,582.0,22.0,57.0
490.0,582.0,22.0,57.0
489.0,583.0,22.0,57.0
489.0,583.0,22.0,57.0
488.0,584.0,22.0,57.0
488.0,584.0,22.0,57.0
487.0,585.0,22.0,57.0
487.0,585.0,22.0,57.0
486.0,585.0,22.0,57.0
486.0,585.0,22.0,57.0
485.0,585.0,22.0,57.0
485.0,585.0,22.0,57.0
485.0,586.0,22.0,57.0
485.0,586.0,22.0,57.0
485.0,586.0,22.0,57.0
484.0,585.0,22.0,57.0
484.0,585.0,22.0,57.0
484.0,585.0,22.0,57.0
483.0,585.0,22.0,57.0
483.0,585.0,22.0,57.0
482.0,586.0,22.0,57.0
482.0,586.0,22.0,57.0
481.0,587.0,22.0,57.0
480.0,587.0,22.0,57.0
479.0,588.0,22.0,57.0
478.0,588.0,22.0,57.0
477.0,588.0,22.0,58.0
477.0,587.0,22.0,58.0
476.0,587.0,22.0,59.0
475.0,587.0,22.0,59.0
475.0,587.0,22.0,59.0
474.0,587.0,22.0,59.0
473.0,587.0,22.0,59.0
473.0,587.0,22.0,59.0
472.0,587.0,22.0,59.0
471.0,587.0,22.0,59.0
470.0,587.0,22.0,59.0
469.0,587.0,22.0,59.0
469.0,587.0,22.0,59.0
468.0,588.0,22.0,59.0
468.0,588.0,22.0,59.0
467.0,588.0,22.0,59.0
467.0,589.0,22.0,59.0
466.0,589.0,22.0,59.0
466.0,589.0,22.0,59.0
465.0,590.0,22.0,59.0
465.0,590.0,22.0,59.0
465.0,590.0,22.0,59.0
464.0,589.0,22.0,59.0
464.0,589.0,22.0,59.0
463.0,589.0,22.0,59.0
463.0,590.0,22.0,59.0
462.0,590.0,22.0,59.0
462.0,590.0,22.0,59.0
461.0,590.0,22.0,59.0
461.0,590.0,22.0,59.0
460.0,590.0,22.0,59.0
459.0,591.0,22.0,59.0
458.0,591.0,22.0,59.0
458.0,591.0,22.0,59.0
457.0,592.0,22.0,59.0
457.0,592.0,22.0,59.0
456.0,592.0,22.0,59.0
454.0,592.0,22.0,59.0
453.0,592.0,22.0,59.0
452.0,592.0,22.0,60.0
452.0,591.0,22.0,60.0
451.0,591.0,22.0,61.0
450.0,591.0,22.0,61.0
449.0,591.0,22.0,61.0
448.0,591.0,22.0,61.0
447.0,591.0,22.0,61.0
446.0,591.0,22.0,61.0
445.0,591.0,22.0,61.0
444.0,591.0,22.0,61.0
444.0,592.0,22.0,61.0
443.0,592.0,22.0,61.0
443.0,592.0,22.0,61.0
442.0,593.0,22.0,61.0
442.0,593.0,22.0,61.0
442.0,593.0,22.0,61.0
441.0,594.0,22.0,61.0
441.0,594.0,22.0,61.0
440.0,594.0,22.0,61.0
440.0,595.0,22.0,61.0
439.0,595.0,22.0,61.0
439.0,595.0,22.0,61.0
439.0,596.0,22.0,60.0
439.0,596.0,22.0,60.0
439.0,596.0,22.0,60.0
438.0,596.0,22.0,60.0
438.0,596.0,22.0,60.0
438.0,596.0,22.0,60.0
438.0,597.0,22.0,60.0
438.0,597.0,22.0,60.0
438.0,598.0,22.0,60.0
438.0,598.0,22.0,61.0
438.0,599.0,22.0,61.0
438.0,599.0,22.0,61.0
437.0,599.0,22.0,61.0
437.0,599.0,22.0,61.0
437.0,599.0,22.0,61.0
436.0,600.0,22.0,61.0
436.0,600.0,22.0,61.0
436.0,600.0,22.0,61.0
436.0,600.0,22.0,61.0
436.0,600.0,22.0,61.0
436.0,600.0,22.0,61.0
435.0,600.0,22.0,61.0
435.0,600.0,22.0,61.0
435.0,600.0,22.0,61.0
435.0,601.0,22.0,61.0
435.0,601.0,22.0,61.0
435.0,601.0,22.0,61.0
435.0,602.0,22.0,62.0
435.0,602.0,22.0,62.0
435.0,602.0,22.0,62.0
435.0,603.0,22.0,62.0
435.0,603.0,22.0,62.0
435.0,603.0,22.0,62.0
436.0,604.0,22.0,62.0
436.0,604.0,22.0,62.0
436.0,604.0,22.0,62.0
436.0,604.0,22.0,62.0
436.0,604.0,22.0,62.0
436.0,604.0,22.0,62.0
436.0,604.0,22.0,62.0
436.0,604.0,22.0,62.0
436.0,605.0,22.0,62.0
436.0,605.0,22.0,62.0
436.0,606.0,22.0,62.0
436.0,606.0,22.0,62.0
436.0,607.0,22.0,62.0
436.0,607.0,22.0,62.0
436.0,608.0,22.0,62.0
435.0,608.0,22.0,62.0
435.0,609.0,22.0,62.0
435.0,609.0,22.0,63.0
435.0,610.0,22.0,63.0
435.0,610.0,22.0,64.0
435.0,610.0,22.0,64.0
435.0,610.0,22.0,64.0
435.0,610.0,22.0,64.0
435.0,610.0,22.0,64.0
435.0,610.0,22.0,64.0
435.0,610.0,22.0,64.0
435.0,611.0,22.0,64.0
435.0,611.0,22.0,64.0
435.0,612.0,22.0,64.0
435.0,612.0,22.0,64.0
435.0,613.0,22.0,64.0
435.0,613.0,22.0,64.0
435.0,614.0,22.0,64.0
436.0,615.0,22.0,64.0
436.0,616.0,22.0,64.0
436.0,617.0,22.0,64.0
437.0,617.0,22.0,64.0
437.0,618.0,22.0,64.0
437.0,618.0,22.0,64.0
438.0,618.0,22.0,64.0
438.0,618.0,22.0,64.0
438.0,618.0,22.0,64.0
438.0,619.0,22.0,64.0
438.0,619.0,22.0,64.0
438.0,619.0,22.0,64.0
438.0,620.0,22.0,64.0
438.0,620.0,22.0,64.0
438.0,621.0,22.0,64.0
439.0,621.0,22.0,64.0
439.0,622.0,22.0,64.0
439.0,623.0,22.0,64.0
440.0,623.0,22.0,64.0
440.0,624.0,22.0,64.0
440.0,625.0,22.0,64.0
441.0,625.0,22.0,65.0
441.0,626.0,22.0,65.0
441.0,626.0,22.0,65.0
441.0,626.0,22.0,65.0
441.0,626.0,22.0,65.0
441.0,626.0,22.0,65.0
442.0,627.0,22.0,65.0
442.0,627.0,22.0,65.0
442.0,627.0,22.0,65.0
443.0,628.0,22.0,65.0
443.0,628.0,22.0,65.0
443.0,629.0,22.0,65.0
444.0,629.0,22.0,64.0
444.0,630.0,22.0,64.0
445.0,631.0,22.0,64.0
445.0,631.0,21.0,64.0
446.0,632.0,21.0,64.0
446.0,633.0,21.0,64.0
446.0,633.0,22.0,65.0
446.0,634.0,22.0,65.0
445.0,635.0,23.0,65.0
445.0,635.0,24.0,65.0
444.0,636.0,25.0,65.0
445.0,636.0,25.0,65.0
446.0,637.0,25.0,64.0
447.0,637.0,25.0,64.0
448.0,637.0,24.0,64.0
450.0,637.0,23.0,65.0
451.0,637.0,22.0,65.0
451.0,638.0,22.0,65.0
452.0,639.0,21.0,65.0
452.0,640.0,21.0,65.0
452.0,640.0,21.0,67.0
453.0,640.0,21.0,68.0
453.0,640.0,21.0,70.0
454.0,639.0,21.0,69.0
455.0,639.0,21.0,68.0
456.0,638.0,21.0,67.0
457.0,633.0,21.0,59.0
457.0,627.0,21.0,51.0
458.0,622.0,21.0,43.0
459.0,617.0,21.0,44.0
460.0,611.0,21.0,45.0
461.0,606.0,21.0,46.0
462.0,602.0,21.0,46.0
462.0,597.0,20.0,46.0
463.0,593.0,20.0,46.0
464.0,586.0,20.0,49.0
464.0,580.0,19.0,51.0
465.0,573.0,19.0,54.0
466.0,568.0,20.0,54.0
466.0,562.0,20.0,54.0
467.0,557.0,21.0,54.0
468.0,549.0,21.0,55.0
469.0,541.0,21.0,57.0
470.0,533.0,21.0,58.0
471.0,526.0,21.0,58.0
473.0,520.0,22.0,58.0
474.0,513.0,22.0,58.0
473.0,510.0,22.0,58.0
473.0,506.0,22.0,58.0
472.0,503.0,22.0,58.0
474.0,511.0,22.0,48.0
476.0,520.0,21.0,39.0
478.0,528.0,21.0,29.0
479.0,528.0,20.0,29.0
481.0,529.0,20.0,29.0
482.0,529.0,19.0,29.0
482.0,530.0,19.0,29.0
483.0,532.0,19.0,29.0
483.0,533.0,19.0,29.0
nan,nan,nan,nan
nan,nan,nan,nan
nan,nan,nan,nan
nan,nan,nan,nan
nan,nan,nan,nan
nan,nan,nan,nan
nan,nan,nan,nan
nan,nan,nan,nan
nan,nan,nan,nan
nan,nan,nan,nan
nan,nan,nan,nan
nan,nan,nan,nan
nan,nan,nan,nan
nan,nan,nan,nan
nan,nan,nan,nan
nan,nan,nan,nan
nan,nan,nan,nan
nan,nan,nan,nan
nan,nan,nan,nan
nan,nan,nan,nan
nan,nan,nan,nan
nan,nan,nan,nan
nan,nan,nan,nan
nan,nan,nan,nan
nan,nan,nan,nan
nan,nan,nan,nan
nan,nan,nan,nan
nan,nan,nan,nan
nan,nan,nan,nan
nan,nan,nan,nan
nan,nan,nan,nan
nan,nan,nan,nan
nan,nan,nan,nan
nan,nan,nan,nan
nan,nan,nan,nan
nan,nan,nan,nan
nan,nan,nan,nan
nan,nan,nan,nan
nan,nan,nan,nan
nan,nan,nan,nan
nan,nan,nan,nan
nan,nan,nan,nan
nan,nan,nan,nan
nan,nan,nan,nan
nan,nan,nan,nan
nan,nan,nan,nan
nan,nan,nan,nan
nan,nan,nan,nan
nan,nan,nan,nan
nan,nan,nan,nan
nan,nan,nan,nan
nan,nan,nan,nan
nan,nan,nan,nan
nan,nan,nan,nan
nan,nan,nan,nan
nan,nan,nan,nan
nan,nan,nan,nan
nan,nan,nan,nan
nan,nan,nan,nan
nan,nan,nan,nan
nan,nan,nan,nan
nan,nan,nan,nan
nan,nan,nan,nan
nan,nan,nan,nan
nan,nan,nan,nan
nan,nan,nan,nan
nan,nan,nan,nan
nan,nan,nan,nan
nan,nan,nan,nan
nan,nan,nan,nan
nan,nan,nan,nan
nan,nan,nan,nan
nan,nan,nan,nan
nan,nan,nan,nan
nan,nan,nan,nan
nan,nan,nan,nan
nan,nan,nan,nan
nan,nan,nan,nan
nan,nan,nan,nan
nan,nan,nan,nan
nan,nan,nan,nan
nan,nan,nan,nan
nan,nan,nan,nan
nan,nan,nan,nan
nan,nan,nan,nan
nan,nan,nan,nan
nan,nan,nan,nan
nan,nan,nan,nan
nan,nan,nan,nan
nan,nan,nan,nan
nan,nan,nan,nan
nan,nan,nan,nan
nan,nan,nan,nan
nan,nan,nan,nan
nan,nan,nan,nan
nan,nan,nan,nan
nan,nan,nan,nan
nan,nan,nan,nan
nan,nan,nan,nan
nan,nan,nan,nan
nan,nan,nan,nan
nan,nan,nan,nan
nan,nan,nan,nan
nan,nan,nan,nan
nan,nan,nan,nan
nan,nan,nan,nan
nan,nan,nan,nan
nan,nan,nan,nan
nan,nan,nan,nan
nan,nan,nan,nan
nan,nan,nan,nan
nan,nan,nan,nan
nan,nan,nan,nan
nan,nan,nan,nan
nan,nan,nan,nan
nan,nan,nan,nan
486.0,516.0,23.0,48.0
486.0,516.0,23.0,53.0
486.0,516.0,23.0,57.0
486.0,516.0,23.0,62.0
486.0,516.0,23.0,62.0
485.0,516.0,23.0,62.0
485.0,516.0,23.0,62.0
485.0,516.0,23.0,62.0
485.0,516.0,23.0,62.0
485.0,516.0,23.0,62.0
485.0,516.0,22.0,63.0
485.0,516.0,21.0,65.0
485.0,516.0,20.0,66.0
486.0,516.0,20.0,66.0
486.0,516.0,20.0,67.0
487.0,516.0,20.0,67.0
487.0,516.0,21.0,68.0
487.0,517.0,21.0,69.0
487.0,517.0,22.0,70.0
487.0,517.0,22.0,70.0
486.0,518.0,23.0,70.0
486.0,518.0,23.0,70.0
486.0,518.0,22.0,70.0
486.0,519.0,22.0,70.0
486.0,519.0,21.0,70.0
487.0,519.0,21.0,70.0
487.0,520.0,22.0,69.0
488.0,520.0,22.0,69.0
488.0,520.0,22.0,69.0
489.0,520.0,21.0,69.0
489.0,520.0,21.0,69.0
489.0,520.0,21.0,69.0
489.0,520.0,21.0,69.0
489.0,520.0,21.0,69.0
489.0,520.0,21.0,69.0
490.0,519.0,22.0,69.0
490.0,519.0,22.0,69.0
490.0,516.0,22.0,67.0
490.0,514.0,22.0,66.0
490.0,511.0,22.0,64.0
490.0,507.0,21.0,60.0
491.0,503.0,21.0,56.0
491.0,499.0,20.0,52.0
492.0,495.0,20.0,50.0
492.0,490.0,19.0,49.0
493.0,486.0,19.0,47.0
494.0,481.0,19.0,47.0
494.0,476.0,19.0,47.0
495.0,471.0,19.0,47.0
495.0,466.0,19.0,47.0
496.0,460.0,19.0,47.0
496.0,455.0,19.0,47.0
496.0,449.0,19.0,50.0
497.0,444.0,19.0,53.0
497.0,438.0,19.0,56.0
497.0,432.0,19.0,55.0
498.0,425.0,20.0,55.0
498.0,419.0,20.0,54.0
498.0,416.0,20.0,56.0
499.0,414.0,21.0,57.0
499.0,411.0,21.0,59.0
500.0,411.0,21.0,60.0
500.0,411.0,21.0,61.0
501.0,411.0,21.0,62.0
502.0,412.0,21.0,62.0
502.0,412.0,20.0,61.0
503.0,413.0,20.0,61.0
503.0,413.0,20.0,62.0
504.0,413.0,20.0,64.0
504.0,413.0,20.0,65.0
505.0,413.0,20.0,52.0
505.0,413.0,20.0,38.0
506.0,413.0,20.0,25.0
506.0,413.0,20.0,25.0
506.0,413.0,20.0,25.0
506.0,413.0,20.0,25.0
nan,nan,nan,nan
nan,nan,nan,nan
nan,nan,nan,nan
nan,nan,nan,nan
nan,nan,nan,nan
nan,nan,nan,nan
nan,nan,nan,nan
nan,nan,nan,nan
nan,nan,nan,nan
nan,nan,nan,nan
nan,nan,nan,nan
nan,nan,nan,nan
nan,nan,nan,nan
nan,nan,nan,nan
517.0,416.0,20.0,50.0
517.0,416.0,20.0,50.0
517.0,416.0,20.0,50.0
517.0,416.0,20.0,50.0
517.0,416.0,20.0,50.0
517.0,416.0,20.0,50.0
517.0,416.0,20.0,50.0
518.0,417.0,20.0,47.0
519.0,417.0,20.0,45.0
520.0,418.0,20.0,42.0
521.0,418.0,20.0,42.0
521.0,419.0,20.0,42.0
522.0,419.0,20.0,42.0
522.0,419.0,20.0,42.0
522.0,420.0,20.0,42.0
522.0,420.0,20.0,42.0
524.0,420.0,20.0,42.0
525.0,419.0,20.0,41.0
527.0,419.0,20.0,41.0
527.0,419.0,21.0,52.0
527.0,419.0,21.0,63.0
527.0,419.0,22.0,74.0
527.0,420.0,23.0,73.0
526.0,421.0,25.0,73.0
526.0,422.0,26.0,72.0
526.0,422.0,26.0,72.0
526.0,422.0,26.0,73.0
526.0,422.0,26.0,73.0
527.0,422.0,26.0,73.0
528.0,422.0,26.0,73.0
529.0,422.0,26.0,73.0
529.0,422.0,26.0,65.0
530.0,422.0,25.0,56.0
530.0,422.0,25.0,48.0
531.0,422.0,25.0,51.0
532.0,422.0,25.0,55.0
533.0,422.0,25.0,58.0
533.0,422.0,25.0,62.0
533.0,422.0,25.0,66.0
533.0,422.0,25.0,70.0
533.0,423.0,26.0,70.0
533.0,425.0,26.0,70.0
533.0,426.0,27.0,70.0
533.0,426.0,27.0,70.0
533.0,427.0,27.0,70.0
533.0,427.0,27.0,70.0
533.0,427.0,27.0,70.0
533.0,427.0,27.0,70.0
533.0,427.0,27.0,70.0
533.0,428.0,27.0,70.0
534.0,430.0,27.0,70.0
534.0,431.0,27.0,70.0
534.0,431.0,27.0,70.0
534.0,431.0,27.0,70.0
534.0,431.0,27.0,70.0
535.0,432.0,27.0,65.0
535.0,432.0,27.0,59.0
536.0,433.0,27.0,54.0
536.0,433.0,27.0,53.0
536.0,433.0,27.0,53.0
536.0,433.0,27.0,52.0
536.0,434.0,27.0,51.0
536.0,434.0,27.0,51.0
536.0,435.0,27.0,50.0
536.0,436.0,27.0,50.0
537.0,436.0,27.0,49.0
537.0,437.0,27.0,49.0
538.0,438.0,27.0,48.0
538.0,438.0,27.0,47.0
539.0,439.0,27.0,46.0
539.0,439.0,27.0,46.0
539.0,439.0,27.0,46.0
539.0,439.0,27.0,46.0
539.0,439.0,27.0,45.0
539.0,440.0,27.0,44.0
539.0,440.0,27.0,43.0
539.0,441.0,27.0,42.0
539.0,441.0,27.0,42.0
539.0,442.0,27.0,41.0
539.0,443.0,27.0,41.0
539.0,443.0,27.0,41.0
539.0,444.0,27.0,41.0
539.0,446.0,27.0,39.0
539.0,447.0,27.0,38.0
539.0,449.0,27.0,36.0
539.0,449.0,27.0,36.0
539.0,449.0,27.0,36.0
539.0,449.0,27.0,36.0
539.0,449.0,27.0,35.0
540.0,450.0,26.0,35.0
540.0,450.0,26.0,34.0
540.0,450.0,26.0,34.0
540.0,451.0,26.0,33.0
540.0,451.0,26.0,33.0
540.0,451.0,26.0,37.0
540.0,451.0,26.0,40.0
540.0,451.0,26.0,44.0
540.0,452.0,26.0,44.0
540.0,454.0,26.0,44.0
540.0,455.0,26.0,44.0
540.0,455.0,26.0,44.0
540.0,455.0,26.0,44.0
540.0,455.0,26.0,44.0
540.0,456.0,26.0,44.0
540.0,456.0,26.0,44.0
540.0,457.0,26.0,44.0
540.0,458.0,26.0,45.0
539.0,458.0,26.0,46.0
539.0,459.0,26.0,47.0
539.0,459.0,26.0,50.0
539.0,459.0,26.0,54.0
539.0,459.0,26.0,57.0
538.0,460.0,26.0,59.0
538.0,461.0,26.0,60.0
537.0,462.0,26.0,62.0
536.0,463.0,26.0,62.0
536.0,465.0,26.0,62.0
535.0,466.0,26.0,62.0
535.0,466.0,26.0,62.0
535.0,467.0,26.0,62.0
535.0,467.0,26.0,62.0
534.0,469.0,26.0,62.0
534.0,470.0,26.0,62.0
533.0,472.0,26.0,62.0
533.0,472.0,26.0,62.0
533.0,473.0,26.0,62.0
533.0,473.0,26.0,62.0
533.0,473.0,26.0,62.0
532.0,474.0,26.0,62.0
532.0,474.0,26.0,62.0
531.0,476.0,26.0,62.0
531.0,478.0,26.0,62.0
530.0,480.0,26.0,62.0
530.0,481.0,26.0,63.0
530.0,481.0,26.0,65.0
530.0,482.0,26.0,66.0
529.0,484.0,26.0,67.0
528.0,485.0,26.0,68.0
527.0,487.0,26.0,69.0
527.0,488.0,26.0,69.0
526.0,488.0,26.0,69.0
526.0,489.0,26.0,69.0
526.0,489.0,26.0,72.0
526.0,489.0,26.0,75.0
526.0,489.0,26.0,78.0
526.0,490.0,26.0,79.0
525.0,491.0,26.0,81.0
525.0,492.0,26.0,82.0
524.0,493.0,27.0,83.0
523.0,495.0,27.0,83.0
522.0,496.0,28.0,84.0
522.0,498.0,28.0,84.0
522.0,499.0,28.0,83.0
522.0,501.0,28.0,83.0
521.0,502.0,28.0,82.0
520.0,503.0,28.0,82.0
519.0,504.0,28.0,81.0
519.0,506.0,28.0,80.0
519.0,507.0,28.0,80.0
519.0,509.0,28.0,79.0
519.0,510.0,28.0,79.0
518.0,511.0,28.0,79.0
518.0,512.0,28.0,79.0
517.0,512.0,28.0,80.0
517.0,512.0,28.0,80.0
516.0,512.0,28.0,81.0
515.0,513.0,28.0,81.0
515.0,514.0,28.0,81.0
514.0,515.0,28.0,81.0
513.0,515.0,28.0,81.0
513.0,516.0,28.0,82.0
512.0,516.0,28.0,82.0
511.0,516.0,29.0,82.0
510.0,516.0,29.0,83.0
509.0,516.0,30.0,83.0
509.0,517.0,30.0,83.0
508.0,517.0,30.0,83.0
508.0,518.0,30.0,83.0
507.0,518.0,31.0,82.0
507.0,518.0,31.0,80.0
506.0,518.0,32.0,79.0
506.0,519.0,32.0,79.0
505.0,521.0,32.0,79.0
505.0,522.0,32.0,79.0
504.0,524.0,32.0,81.0
503.0,525.0,32.0,84.0
502.0,527.0,32.0,86.0
502.0,528.0,32.0,86.0
501.0,529.0,32.0,86.0
501.0,530.0,32.0,86.0
500.0,532.0,32.0,85.0
499.0,533.0,32.0,85.0
498.0,535.0,32.0,84.0
497.0,537.0,31.0,84.0
497.0,538.0,31.0,83.0
496.0,540.0,30.0,83.0
496.0,542.0,29.0,83.0
496.0,544.0,29.0,82.0
496.0,546.0,28.0,82.0
495.0,548.0,28.0,82.0
495.0,549.0,28.0,83.0
494.0,551.0,28.0,83.0
494.0,553.0,28.0,83.0
493.0,555.0,28.0,83.0
493.0,557.0,28.0,83.0
492.0,558.0,29.0,84.0
490.0,560.0,29.0,86.0
489.0,561.0,30.0,87.0
488.0,563.0,30.0,87.0
487.0,565.0,30.0,87.0
486.0,567.0,30.0,87.0
485.0,569.0,30.0,87.0
484.0,571.0,30.0,88.0
483.0,573.0,30.0,88.0
483.0,574.0,31.0,86.0
482.0,575.0,33.0,85.0
482.0,576.0,34.0,83.0
482.0,577.0,34.0,83.0
482.0,579.0,34.0,83.0
482.0,580.0,34.0,83.0
481.0,582.0,33.0,85.0
481.0,584.0,32.0,88.0
480.0,586.0,31.0,90.0
479.0,588.0,31.0,90.0
479.0,590.0,31.0,90.0
478.0,592.0,31.0,90.0
477.0,594.0,31.0,88.0
476.0,596.0,31.0,87.0
475.0,598.0,31.0,85.0
473.0,601.0,31.0,84.0
472.0,604.0,31.0,83.0
470.0,607.0,31.0,82.0
470.0,609.0,31.0,82.0
470.0,610.0,31.0,82.0
470.0,612.0,31.0,82.0
470.0,614.0,31.0,83.0
470.0,615.0,31.0,84.0
470.0,617.0,31.0,85.0
470.0,619.0,31.0,86.0
470.0,621.0,31.0,86.0
470.0,623.0,31.0,87.0
469.0,625.0,32.0,88.0
467.0,626.0,34.0,89.0
466.0,628.0,35.0,90.0
465.0,630.0,35.0,89.0
464.0,632.0,35.0,88.0
463.0,634.0,35.0,87.0
462.0,635.0,35.0,85.0
461.0,637.0,35.0,84.0
460.0,638.0,35.0,82.0
460.0,641.0,35.0,80.0
460.0,643.0,35.0,77.0
460.0,646.0,35.0,75.0
460.0,647.0,35.0,74.0
459.0,647.0,35.0,73.0
459.0,648.0,35.0,72.0
458.0,650.0,34.0,70.0
458.0,653.0,34.0,68.0
457.0,655.0,33.0,66.0
456.0,657.0,33.0,64.0
456.0,660.0,33.0,61.0
455.0,662.0,33.0,59.0
454.0,664.0,32.0,57.0
453.0,666.0,32.0,55.0
452.0,668.0,31.0,53.0
452.0,670.0,30.0,51.0
452.0,672.0,30.0,48.0
452.0,674.0,29.0,46.0
452.0,676.0,29.0,44.0
451.0,679.0,29.0,42.0
451.0,681.0,29.0,40.0
451.0,683.0,29.0,38.0
450.0,684.0,29.0,37.0
450.0,686.0,29.0,35.0
449.0,688.0,29.0,33.0
448.0,691.0,29.0,30.0
447.0,693.0,29.0,28.0
446.0,694.0,28.0,27.0
446.0,695.0,28.0,25.0
445.0,696.0,27.0,24.0
445.0,699.0,26.0,22.0
445.0,701.0,26.0,19.0
445.0,704.0,25.0,17.0
nan,nan,nan,nan
nan,nan,nan,nan
nan,nan,nan,nan
nan,nan,nan,nan
nan,nan,nan,nan
nan,nan,nan,nan
nan,nan,nan,nan
nan,nan,nan,nan
nan,nan,nan,nan
nan,nan,nan,nan
nan,nan,nan,nan
nan,nan,nan,nan
nan,nan,nan,nan
nan,nan,nan,nan
nan,nan,nan,nan
nan,nan,nan,nan
nan,nan,nan,nan
nan,nan,nan,nan
nan,nan,nan,nan
nan,nan,nan,nan
nan,nan,nan,nan
nan,nan,nan,nan
nan,nan,nan,nan
nan,nan,nan,nan
nan,nan,nan,nan
nan,nan,nan,nan
nan,nan,nan,nan
nan,nan,nan,nan
nan,nan,nan,nan
438.0,702.0,24.0,19.0
439.0,681.0,28.0,40.0
440.0,659.0,32.0,62.0
441.0,638.0,36.0,83.0
443.0,601.0,37.0,83.0
444.0,563.0,38.0,83.0
446.0,526.0,39.0,83.0
447.0,481.0,39.0,82.0
448.0,437.0,39.0,81.0
449.0,392.0,39.0,80.0
449.0,365.0,42.0,80.0
448.0,337.0,46.0,80.0
448.0,310.0,49.0,80.0
448.0,284.0,47.0,81.0
447.0,257.0,46.0,81.0
447.0,231.0,44.0,82.0
447.0,206.0,42.0,82.0
446.0,180.0,40.0,82.0
446.0,155.0,38.0,82.0
445.0,135.0,39.0,83.0
443.0,116.0,41.0,84.0
442.0,96.0,42.0,85.0
442.0,89.0,44.0,83.0
441.0,81.0,45.0,82.0
441.0,74.0,47.0,80.0
441.0,73.0,47.0,80.0
440.0,73.0,47.0,80.0
440.0,72.0,47.0,80.0
440.0,74.0,47.0,79.0
440.0,76.0,47.0,78.0
440.0,78.0,47.0,77.0
440.0,81.0,47.0,77.0
439.0,84.0,48.0,77.0
439.0,87.0,48.0,77.0
440.0,96.0,48.0,77.0
441.0,104.0,49.0,78.0
442.0,113.0,49.0,78.0
443.0,129.0,47.0,78.0
443.0,145.0,46.0,78.0
444.0,161.0,44.0,78.0
444.0,180.0,44.0,78.0
445.0,198.0,44.0,78.0
445.0,217.0,44.0,78.0
446.0,232.0,44.0,78.0
446.0,247.0,44.0,78.0
447.0,262.0,44.0,78.0
447.0,275.0,44.0,78.0
446.0,288.0,44.0,78.0
446.0,301.0,44.0,78.0
446.0,319.0,44.0,79.0
447.0,338.0,44.0,80.0
447.0,356.0,44.0,81.0
447.0,382.0,42.0,81.0
446.0,408.0,40.0,81.0
446.0,434.0,38.0,81.0
445.0,458.0,38.0,81.0
445.0,482.0,39.0,81.0
444.0,506.0,39.0,81.0
443.0,533.0,41.0,82.0
442.0,560.0,42.0,84.0
441.0,587.0,44.0,85.0
441.0,607.0,44.0,81.0
440.0,628.0,44.0,76.0
440.0,648.0,44.0,72.0
440.0,666.0,42.0,54.0
440.0,685.0,41.0,36.0
440.0,703.0,39.0,18.0
nan,nan,nan,nan
nan,nan,nan,nan
nan,nan,nan,nan
nan,nan,nan,nan
nan,nan,nan,nan
nan,nan,nan,nan
nan,nan,nan,nan
nan,nan,nan,nan
nan,nan,nan,nan
nan,nan,nan,nan
nan,nan,nan,nan
nan,nan,nan,nan
nan,nan,nan,nan
nan,nan,nan,nan
nan,nan,nan,nan
nan,nan,nan,nan
nan,nan,nan,nan
448.0,705.0,26.0,15.0
450.0,681.0,31.0,39.0
451.0,657.0,36.0,63.0
453.0,633.0,41.0,87.0
454.0,602.0,41.0,86.0
456.0,570.0,41.0,85.0
457.0,539.0,41.0,84.0
459.0,517.0,41.0,84.0
462.0,495.0,41.0,83.0
464.0,473.0,41.0,83.0
465.0,462.0,41.0,82.0
465.0,451.0,41.0,82.0
466.0,440.0,41.0,81.0
466.0,433.0,42.0,78.0
467.0,426.0,42.0,76.0
467.0,419.0,43.0,73.0
467.0,417.0,43.0,73.0
468.0,415.0,43.0,73.0
468.0,413.0,43.0,73.0
468.0,413.0,43.0,72.0
469.0,413.0,43.0,72.0
469.0,413.0,43.0,71.0
470.0,413.0,42.0,71.0
471.0,414.0,42.0,71.0
472.0,414.0,41.0,71.0
473.0,415.0,40.0,71.0
475.0,417.0,39.0,72.0
476.0,418.0,38.0,72.0
477.0,422.0,39.0,72.0
477.0,425.0,39.0,72.0
478.0,429.0,40.0,72.0
478.0,434.0,41.0,73.0
479.0,440.0,41.0,73.0
479.0,445.0,42.0,74.0
480.0,447.0,42.0,75.0
480.0,450.0,42.0,75.0
481.0,452.0,42.0,76.0
481.0,452.0,42.0,76.0
481.0,453.0,42.0,76.0
481.0,453.0,42.0,76.0
482.0,452.0,42.0,77.0
482.0,452.0,41.0,77.0
483.0,451.0,41.0,78.0
485.0,450.0,40.0,78.0
487.0,449.0,39.0,79.0
489.0,448.0,38.0,79.0
489.0,447.0,38.0,79.0
490.0,447.0,39.0,79.0
490.0,446.0,39.0,79.0
491.0,446.0,39.0,79.0
491.0,445.0,39.0,78.0
492.0,445.0,39.0,78.0
493.0,445.0,39.0,77.0
494.0,445.0,39.0,75.0
495.0,445.0,39.0,74.0
496.0,445.0,39.0,74.0
497.0,445.0,39.0,73.0
498.0,445.0,39.0,73.0
499.0,444.0,39.0,73.0
499.0,444.0,39.0,72.0
500.0,443.0,39.0,72.0
502.0,443.0,39.0,73.0
503.0,442.0,38.0,74.0
505.0,442.0,38.0,75.0
506.0,441.0,38.0,75.0
506.0,441.0,38.0,75.0
507.0,440.0,38.0,75.0
508.0,440.0,38.0,76.0
509.0,439.0,39.0,76.0
510.0,439.0,39.0,77.0
511.0,439.0,39.0,77.0
511.0,438.0,39.0,77.0
512.0,438.0,39.0,77.0
511.0,437.0,39.0,77.0
511.0,437.0,39.0,77.0
510.0,436.0,39.0,77.0
512.0,434.0,39.0,79.0
514.0,433.0,39.0,80.0
516.0,431.0,39.0,82.0
517.0,430.0,39.0,82.0
518.0,428.0,39.0,82.0
519.0,427.0,39.0,82.0
520.0,426.0,39.0,82.0
522.0,425.0,39.0,82.0
523.0,424.0,39.0,82.0
523.0,423.0,39.0,82.0
524.0,423.0,39.0,82.0
524.0,422.0,39.0,82.0
525.0,421.0,39.0,80.0
526.0,421.0,39.0,77.0
527.0,420.0,39.0,75.0
527.0,420.0,39.0,75.0
527.0,420.0,39.0,75.0
527.0,420.0,39.0,75.0
528.0,419.0,39.0,74.0
529.0,419.0,39.0,74.0
530.0,418.0,39.0,73.0
531.0,417.0,39.0,73.0
531.0,417.0,39.0,73.0
532.0,416.0,39.0,73.0
534.0,415.0,39.0,74.0
535.0,414.0,39.0,74.0
537.0,413.0,39.0,75.0
538.0,413.0,39.0,75.0
538.0,412.0,40.0,75.0
539.0,412.0,40.0,75.0
540.0,411.0,41.0,76.0
540.0,411.0,42.0,77.0
541.0,410.0,43.0,78.0
541.0,409.0,43.0,78.0
542.0,408.0,43.0,78.0
542.0,407.0,43.0,78.0
542.0,406.0,43.0,78.0
542.0,406.0,43.0,78.0
542.0,405.0,43.0,78.0
543.0,403.0,43.0,79.0
543.0,402.0,43.0,80.0
544.0,400.0,43.0,81.0
547.0,398.0,41.0,80.0
550.0,397.0,38.0,79.0
553.0,395.0,36.0,78.0
554.0,395.0,36.0,78.0
554.0,395.0,36.0,78.0
555.0,395.0,36.0,78.0
556.0,394.0,36.0,78.0
557.0,393.0,36.0,78.0
558.0,392.0,36.0,78.0
558.0,391.0,36.0,77.0
559.0,391.0,36.0,76.0
559.0,390.0,36.0,75.0
560.0,389.0,36.0,74.0
561.0,389.0,36.0,74.0
562.0,388.0,36.0,73.0
563.0,387.0,36.0,73.0
564.0,387.0,36.0,74.0
565.0,386.0,36.0,74.0
566.0,386.0,36.0,74.0
567.0,386.0,36.0,74.0
568.0,386.0,36.0,74.0
568.0,385.0,36.0,74.0
569.0,384.0,36.0,74.0
569.0,383.0,36.0,74.0
570.0,382.0,36.0,74.0
570.0,382.0,36.0,75.0
571.0,381.0,36.0,75.0
571.0,380.0,37.0,76.0
571.0,380.0,37.0,77.0
571.0,379.0,38.0,78.0
571.0,378.0,39.0,78.0
572.0,378.0,39.0,78.0
572.0,377.0,40.0,78.0
572.0,376.0,40.0,79.0
572.0,375.0,41.0,80.0
572.0,374.0,41.0,81.0
572.0,373.0,41.0,81.0
573.0,371.0,41.0,80.0
573.0,370.0,41.0,80.0
573.0,369.0,40.0,80.0
574.0,369.0,39.0,80.0
574.0,368.0,38.0,80.0
574.0,368.0,38.0,80.0
573.0,367.0,38.0,80.0
573.0,367.0,38.0,80.0
573.0,366.0,38.0,80.0
573.0,366.0,38.0,80.0
573.0,365.0,38.0,80.0
573.0,365.0,38.0,79.0
573.0,365.0,38.0,77.0
573.0,365.0,38.0,76.0
574.0,364.0,38.0,75.0
574.0,364.0,38.0,75.0
575.0,363.0,38.0,74.0
575.0,363.0,38.0,74.0
574.0,363.0,38.0,74.0
574.0,363.0,38.0,74.0
575.0,362.0,38.0,75.0
577.0,362.0,38.0,75.0
578.0,361.0,38.0,76.0
578.0,361.0,37.0,77.0
577.0,360.0,35.0,77.0
577.0,360.0,34.0,78.0
577.0,360.0,34.0,78.0
577.0,360.0,34.0,78.0
577.0,360.0,34.0,78.0
577.0,359.0,35.0,78.0
577.0,359.0,36.0,79.0
577.0,358.0,37.0,79.0
577.0,357.0,37.0,79.0
576.0,357.0,37.0,79.0
576.0,356.0,37.0,79.0
576.0,355.0,37.0,80.0
576.0,355.0,37.0,81.0
576.0,354.0,37.0,82.0
577.0,353.0,37.0,82.0
577.0,351.0,36.0,82.0
578.0,350.0,36.0,82.0
578.0,349.0,35.0,81.0
579.0,348.0,34.0,81.0
579.0,347.0,33.0,80.0
579.0,347.0,33.0,80.0
579.0,347.0,33.0,80.0
579.0,347.0,33.0,80.0
579.0,345.0,33.0,80.0
579.0,344.0,33.0,80.0
579.0,342.0,33.0,80.0
579.0,341.0,33.0,80.0
578.0,340.0,33.0,80.0
578.0,339.0,33.0,80.0
578.0,339.0,33.0,80.0
579.0,338.0,33.0,80.0
579.0,338.0,33.0,80.0
579.0,338.0,33.0,79.0
579.0,338.0,33.0,77.0
579.0,338.0,33.0,76.0
579.0,337.0,33.0,76.0
580.0,335.0,33.0,76.0
580.0,334.0,33.0,76.0
580.0,334.0,33.0,76.0
580.0,334.0,33.0,76.0
580.0,334.0,33.0,76.0
580.0,333.0,33.0,77.0
581.0,332.0,33.0,78.0
581.0,331.0,33.0,79.0
581.0,330.0,34.0,79.0
581.0,330.0,35.0,79.0
581.0,329.0,36.0,79.0
581.0,329.0,36.0,79.0
581.0,329.0,36.0,79.0
581.0,329.0,36.0,79.0
582.0,327.0,36.0,80.0
582.0,326.0,36.0,82.0
583.0,324.0,36.0,83.0
583.0,323.0,36.0,84.0
583.0,321.0,36.0,84.0
583.0,320.0,36.0,85.0
583.0,319.0,36.0,85.0
582.0,318.0,36.0,85.0
582.0,317.0,36.0,85.0
583.0,317.0,36.0,85.0
584.0,317.0,35.0,85.0
585.0,317.0,35.0,85.0
586.0,316.0,35.0,84.0
586.0,315.0,35.0,82.0
587.0,314.0,35.0,81.0
587.0,314.0,35.0,80.0
587.0,314.0,35.0,79.0
587.0,314.0,35.0,78.0
587.0,313.0,35.0,78.0
587.0,313.0,35.0,78.0
587.0,312.0,35.0,78.0
587.0,312.0,35.0,77.0
587.0,312.0,35.0,77.0
587.0,312.0,35.0,76.0
589.0,311.0,35.0,77.0
590.0,311.0,35.0,77.0
592.0,310.0,35.0,78.0
592.0,310.0,35.0,78.0
592.0,309.0,35.0,78.0
592.0,309.0,35.0,78.0
593.0,309.0,34.0,78.0
593.0,309.0,34.0,78.0
594.0,309.0,33.0,78.0
594.0,308.0,33.0,78.0
595.0,306.0,33.0,78.0
595.0,305.0,33.0,78.0
595.0,303.0,33.0,79.0
595.0,300.0,33.0,79.0
595.0,298.0,33.0,80.0
596.0,295.0,33.0,81.0
596.0,293.0,33.0,82.0
597.0,290.0,33.0,83.0
598.0,288.0,33.0,82.0
599.0,287.0,33.0,82.0
600.0,285.0,33.0,81.0
600.0,283.0,33.0,81.0
601.0,282.0,33.0,82.0
601.0,280.0,33.0,82.0
602.0,277.0,33.0,82.0
602.0,275.0,33.0,82.0
603.0,272.0,33.0,82.0
603.0,270.0,33.0,82.0
603.0,267.0,33.0,82.0
603.0,265.0,33.0,82.0
604.0,265.0,33.0,81.0
604.0,265.0,33.0,79.0
605.0,265.0,33.0,78.0
605.0,265.0,33.0,78.0
606.0,264.0,33.0,78.0
606.0,264.0,33.0,78.0
606.0,263.0,33.0,78.0
606.0,263.0,33.0,78.0
606.0,262.0,33.0,78.0
606.0,262.0,33.0,78.0
607.0,262.0,33.0,78.0
607.0,262.0,33.0,78.0
608.0,262.0,33.0,78.0
609.0,261.0,33.0,78.0
610.0,261.0,33.0,78.0
610.0,261.0,33.0,79.0
610.0,260.0,33.0,79.0
610.0,260.0,33.0,80.0
611.0,259.0,33.0,81.0
611.0,257.0,33.0,82.0
612.0,256.0,33.0,83.0
612.0,256.0,33.0,83.0
612.0,255.0,33.0,83.0
612.0,255.0,33.0,83.0
612.0,254.0,33.0,82.0
613.0,252.0,33.0,82.0
613.0,251.0,33.0,81.0
613.0,249.0,33.0,81.0
613.0,247.0,33.0,82.0
613.0,245.0,33.0,82.0
613.0,244.0,33.0,83.0
614.0,243.0,33.0,85.0
614.0,242.0,33.0,86.0
614.0,242.0,33.0,86.0
615.0,241.0,33.0,86.0
615.0,241.0,33.0,86.0
615.0,239.0,33.0,86.0
614.0,238.0,33.0,86.0
614.0,236.0,33.0,86.0
614.0,236.0,33.0,85.0
615.0,235.0,33.0,84.0
615.0,235.0,33.0,83.0
615.0,234.0,33.0,83.0
615.0,233.0,33.0,83.0
615.0,232.0,33.0,83.0
615.0,232.0,33.0,83.0
616.0,231.0,33.0,83.0
616.0,231.0,33.0,83.0
616.0,229.0,33.0,84.0
616.0,228.0,33.0,84.0
616.0,226.0,33.0,85.0
616.0,225.0,33.0,85.0
616.0,224.0,33.0,86.0
616.0,223.0,33.0,86.0
616.0,222.0,34.0,86.0
616.0,220.0,35.0,86.0
616.0,219.0,36.0,86.0
616.0,218.0,36.0,87.0
616.0,216.0,36.0,89.0
616.0,215.0,36.0,90.0
617.0,214.0,36.0,90.0
617.0,212.0,36.0,90.0
618.0,211.0,36.0,90.0
618.0,209.0,36.0,88.0
618.0,206.0,36.0,86.0
618.0,204.0,36.0,84.0
618.0,202.0,35.0,84.0
618.0,200.0,35.0,84.0
618.0,198.0,34.0,84.0
619.0,197.0,34.0,86.0
619.0,196.0,34.0,87.0
620.0,195.0,34.0,89.0
620.0,193.0,34.0,89.0
621.0,192.0,34.0,89.0
621.0,190.0,34.0,89.0
621.0,188.0,34.0,89.0
621.0,187.0,34.0,89.0
621.0,185.0,34.0,89.0
621.0,184.0,34.0,89.0
622.0,182.0,34.0,89.0
622.0,181.0,34.0,89.0
622.0,179.0,34.0,89.0
623.0,178.0,34.0,89.0
623.0,176.0,34.0,89.0
624.0,174.0,34.0,90.0
624.0,173.0,33.0,91.0
625.0,171.0,33.0,92.0
625.0,169.0,33.0,92.0
625.0,168.0,33.0,92.0
625.0,166.0,33.0,92.0
626.0,164.0,33.0,92.0
627.0,162.0,33.0,92.0
628.0,160.0,33.0,92.0
628.0,159.0,34.0,93.0
628.0,157.0,35.0,94.0
628.0,156.0,36.0,95.0
629.0,154.0,36.0,95.0
629.0,153.0,36.0,95.0
630.0,151.0,36.0,95.0
631.0,149.0,36.0,93.0
631.0,147.0,36.0,91.0
632.0,145.0,36.0,89.0
632.0,144.0,36.0,89.0
632.0,142.0,36.0,89.0
632.0,141.0,36.0,89.0
632.0,140.0,36.0,91.0
633.0,138.0,36.0,92.0
633.0,137.0,36.0,94.0
634.0,136.0,36.0,94.0
634.0,134.0,36.0,95.0
635.0,133.0,36.0,95.0
636.0,131.0,36.0,95.0
636.0,130.0,36.0,95.0
637.0,128.0,36.0,95.0
637.0,128.0,35.0,94.0
638.0,128.0,35.0,92.0
638.0,128.0,34.0,91.0
639.0,126.0,34.0,92.0
640.0,125.0,34.0,92.0
641.0,123.0,34.0,93.0
642.0,122.0,33.0,93.0
643.0,122.0,31.0,93.0
644.0,121.0,30.0,93.0
644.0,119.0,30.0,94.0
645.0,118.0,30.0,96.0
645.0,116.0,30.0,97.0
646.0,115.0,31.0,97.0
646.0,113.0,32.0,97.0
647.0,112.0,33.0,97.0
647.0,111.0,34.0,98.0
648.0,110.0,34.0,98.0
648.0,109.0,35.0,99.0
649.0,107.0,35.0,100.0
649.0,106.0,35.0,100.0
650.0,104.0,35.0,101.0
651.0,102.0,35.0,98.0
652.0,100.0,35.0,96.0
653.0,98.0,35.0,93.0
653.0,97.0,35.0,93.0
654.0,95.0,35.0,93.0
654.0,94.0,35.0,93.0
655.0,92.0,35.0,95.0
655.0,90.0,34.0,97.0
656.0,88.0,34.0,99.0
656.0,87.0,34.0,99.0
657.0,87.0,34.0,99.0
657.0,86.0,34.0,99.0
657.0,85.0,34.0,98.0
658.0,84.0,34.0,98.0
658.0,83.0,34.0,97.0
659.0,82.0,34.0,97.0
660.0,80.0,34.0,97.0
661.0,79.0,34.0,97.0
662.0,77.0,34.0,98.0
662.0,76.0,34.0,98.0
663.0,74.0,34.0,99.0
663.0,73.0,34.0,99.0
664.0,71.0,34.0,100.0
664.0,70.0,34.0,100.0
664.0,69.0,34.0,101.0
664.0,67.0,33.0,103.0
664.0,66.0,33.0,104.0
664.0,64.0,33.0,104.0
665.0,62.0,33.0,104.0
665.0,60.0,33.0,104.0
664.0,59.0,33.0,105.0
664.0,57.0,34.0,107.0
663.0,56.0,34.0,108.0
663.0,55.0,34.0,108.0
662.0,54.0,34.0,108.0
662.0,53.0,34.0,108.0
663.0,51.0,35.0,106.0
663.0,48.0,35.0,104.0
664.0,46.0,36.0,102.0
664.0,44.0,35.0,102.0
665.0,43.0,35.0,102.0
665.0,41.0,34.0,102.0
665.0,39.0,34.0,104.0
665.0,38.0,34.0,106.0
665.0,36.0,34.0,108.0
665.0,34.0,35.0,110.0
665.0,33.0,36.0,112.0
665.0,31.0,37.0,114.0
665.0,29.0,37.0,113.0
665.0,27.0,37.0,112.0
665.0,25.0,37.0,111.0
665.0,24.0,37.0,111.0
666.0,22.0,37.0,111.0
666.0,21.0,37.0,111.0
666.0,19.0,37.0,111.0
667.0,18.0,37.0,111.0
667.0,16.0,37.0,111.0
668.0,13.0,36.0,112.0
669.0,11.0,35.0,113.0
670.0,8.0,34.0,114.0
670.0,7.0,34.0,114.0
671.0,5.0,34.0,114.0
671.0,4.0,34.0,114.0
671.0,3.0,35.0,114.0
671.0,2.0,35.0,114.0
671.0,1.0,36.0,114.0
671.0,1.0,37.0,112.0
672.0,1.0,38.0,111.0
672.0,1.0,39.0,109.0
672.0,1.0,40.0,108.0
671.0,1.0,42.0,108.0
671.0,1.0,43.0,107.0
673.0,1.0,42.0,102.0
675.0,1.0,41.0,97.0
677.0,1.0,40.0,92.0
678.0,1.0,39.0,91.0
678.0,1.0,38.0,89.0
679.0,1.0,37.0,88.0
679.0,1.0,37.0,88.0
680.0,1.0,37.0,88.0
680.0,1.0,37.0,88.0
680.0,1.0,38.0,87.0
681.0,1.0,38.0,85.0
681.0,1.0,39.0,84.0
681.0,1.0,39.0,81.0
681.0,1.0,39.0,78.0
681.0,1.0,39.0,75.0
682.0,1.0,38.0,73.0
683.0,1.0,38.0,72.0
684.0,1.0,37.0,70.0
686.0,1.0,36.0,69.0
688.0,1.0,36.0,69.0
690.0,1.0,35.0,68.0
690.0,1.0,35.0,67.0
691.0,1.0,35.0,65.0
691.0,1.0,35.0,64.0
691.0,1.0,35.0,64.0
691.0,1.0,36.0,64.0
691.0,1.0,36.0,64.0
692.0,1.0,37.0,62.0
692.0,1.0,37.0,61.0
693.0,1.0,38.0,59.0
694.0,1.0,38.0,58.0
694.0,1.0,39.0,56.0
695.0,1.0,39.0,55.0
694.0,1.0,41.0,54.0
693.0,1.0,43.0,54.0
692.0,1.0,45.0,53.0
694.0,1.0,44.0,50.0
697.0,1.0,42.0,47.0
699.0,1.0,41.0,44.0
698.0,1.0,41.0,44.0
697.0,1.0,41.0,44.0
696.0,1.0,41.0,44.0
699.0,1.0,39.0,44.0
702.0,1.0,38.0,44.0
705.0,1.0,36.0,44.0
704.0,1.0,38.0,44.0
703.0,1.0,40.0,44.0
702.0,1.0,42.0,44.0
701.0,1.0,44.0,44.0
700.0,1.0,46.0,44.0
699.0,1.0,48.0,44.0
699.0,1.0,48.0,44.0
699.0,1.0,48.0,44.0
699.0,1.0,48.0,44.0
699.0,1.0,48.0,45.0
700.0,1.0,48.0,46.0
700.0,1.0,48.0,47.0
702.0,1.0,46.0,47.0
703.0,1.0,44.0,47.0
705.0,1.0,42.0,47.0
709.0,1.0,38.0,47.0
712.0,1.0,35.0,47.0
716.0,1.0,31.0,47.0
716.0,1.0,33.0,48.0
715.0,1.0,36.0,48.0
715.0,1.0,38.0,49.0
715.0,1.0,40.0,50.0
715.0,1.0,42.0,50.0
715.0,1.0,44.0,51.0
715.0,1.0,44.0,51.0
715.0,1.0,44.0,51.0
715.0,1.0,44.0,51.0
715.0,1.0,44.0,48.0
715.0,1.0,44.0,46.0
715.0,1.0,44.0,43.0
716.0,1.0,44.0,43.0
716.0,1.0,44.0,43.0
717.0,1.0,44.0,43.0
721.0,1.0,42.0,44.0
726.0,1.0,40.0,44.0
730.0,1.0,38.0,45.0
729.0,1.0,41.0,45.0
727.0,1.0,43.0,45.0
726.0,1.0,46.0,45.0
725.0,1.0,48.0,44.0
724.0,1.0,50.0,43.0
723.0,1.0,52.0,42.0
722.0,1.0,52.0,42.0
722.0,1.0,52.0,42.0
721.0,1.0,52.0,42.0
723.0,1.0,50.0,42.0
724.0,1.0,49.0,42.0
726.0,1.0,47.0,42.0
728.0,1.0,47.0,44.0
730.0,1.0,47.0,45.0
732.0,1.0,47.0,47.0
737.0,1.0,41.0,47.0
741.0,1.0,35.0,47.0
746.0,1.0,29.0,47.0
745.0,1.0,33.0,47.0
743.0,1.0,37.0,47.0
742.0,1.0,41.0,47.0
742.0,1.0,43.0,47.0
742.0,1.0,45.0,47.0
742.0,1.0,47.0,47.0
741.0,1.0,48.0,48.0
741.0,1.0,48.0,48.0
740.0,1.0,49.0,49.0
739.0,1.0,49.0,48.0
739.0,1.0,49.0,46.0
738.0,1.0,49.0,45.0
741.0,1.0,48.0,45.0
744.0,1.0,46.0,45.0
747.0,1.0,45.0,45.0
752.0,1.0,43.0,45.0
756.0,1.0,40.0,45.0
761.0,1.0,38.0,45.0
760.0,1.0,39.0,45.0
758.0,1.0,41.0,45.0
757.0,1.0,42.0,45.0
757.0,1.0,43.0,46.0
758.0,1.0,44.0,46.0
758.0,1.0,45.0,47.0
758.0,1.0,46.0,51.0
757.0,1.0,47.0,54.0
757.0,1.0,48.0,58.0
760.0,1.0,46.0,62.0
764.0,1.0,43.0,67.0
767.0,1.0,41.0,71.0
770.0,1.0,40.0,79.0
772.0,1.0,40.0,88.0
775.0,1.0,39.0,96.0
775.0,1.0,40.0,107.0
775.0,1.0,42.0,119.0
775.0,1.0,43.0,130.0
776.0,18.0,42.0,129.0
777.0,35.0,41.0,127.0
778.0,52.0,40.0,126.0
778.0,71.0,40.0,123.0
777.0,89.0,41.0,119.0
777.0,108.0,41.0,116.0
778.0,126.0,41.0,116.0
779.0,143.0,41.0,116.0
780.0,161.0,41.0,116.0
780.0,179.0,41.0,116.0
781.0,196.0,41.0,116.0
781.0,214.0,41.0,116.0
780.0,227.0,41.0,116.0
779.0,239.0,41.0,116.0
778.0,252.0,41.0,116.0
779.0,260.0,40.0,117.0
781.0,269.0,39.0,118.0
782.0,277.0,38.0,119.0
783.0,280.0,38.0,119.0
783.0,283.0,39.0,118.0
784.0,286.0,39.0,118.0
784.0,287.0,39.0,117.0
785.0,287.0,38.0,116.0
785.0,288.0,38.0,115.0
786.0,289.0,38.0,115.0
787.0,291.0,38.0,115.0
788.0,292.0,38.0,115.0
789.0,292.0,38.0,116.0
790.0,293.0,38.0,116.0
791.0,293.0,38.0,117.0
791.0,293.0,38.0,117.0
791.0,294.0,38.0,118.0
791.0,294.0,38.0,118.0
792.0,295.0,38.0,118.0
793.0,297.0,38.0,118.0
794.0,298.0,38.0,118.0
