556.0,253.0,22.0,16.0
556.0,253.0,22.0,16.0
556.0,254.0,22.0,16.0
556.0,254.0,22.0,16.0
556.0,254.0,22.0,16.0
556.0,254.0,22.0,16.0
556.0,254.0,22.0,16.0
556.0,254.0,22.0,16.0
556.0,254.0,22.0,16.0
556.0,254.0,22.0,16.0
556.0,254.0,22.0,16.0
556.0,254.0,22.0,16.0
556.0,254.0,22.0,16.0
556.0,254.0,22.0,16.0
556.0,254.0,22.0,16.0
556.0,254.0,22.0,16.0
556.0,254.0,22.0,16.0
556.0,255.0,22.0,16.0
556.0,255.0,22.0,16.0
556.0,255.0,22.0,16.0
555.0,255.0,22.0,16.0
555.0,255.0,22.0,16.0
555.0,255.0,22.0,16.0
555.0,255.0,22.0,16.0
555.0,255.0,22.0,16.0
555.0,255.0,22.0,16.0
555.0,256.0,22.0,16.0
555.0,256.0,22.0,16.0
555.0,256.0,22.0,16.0
554.0,256.0,22.0,16.0
554.0,256.0,22.0,16.0
554.0,256.0,22.0,16.0
553.0,257.0,22.0,16.0
553.0,257.0,22.0,16.0
553.0,257.0,22.0,16.0
553.0,257.0,22.0,16.0
553.0,257.0,22.0,16.0
553.0,257.0,23.0,16.0
552.0,257.0,23.0,16.0
552.0,257.0,24.0,16.0
552.0,256.0,24.0,17.0
551.0,256.0,23.0,17.0
551.0,255.0,23.0,18.0
551.0,256.0,24.0,17.0
551.0,257.0,26.0,17.0
551.0,258.0,27.0,16.0
551.0,258.0,25.0,16.0
551.0,259.0,24.0,16.0
551.0,259.0,22.0,16.0
551.0,259.0,22.0,16.0
550.0,260.0,23.0,15.0
550.0,260.0,23.0,15.0
550.0,259.0,24.0,15.0
551.0,259.0,26.0,16.0
551.0,258.0,27.0,16.0
551.0,258.0,27.0,16.0
551.0,258.0,27.0,16.0
551.0,258.0,27.0,16.0
551.0,259.0,26.0,16.0
552.0,259.0,25.0,16.0
552.0,260.0,24.0,16.0
553.0,260.0,24.0,17.0
554.0,259.0,23.0,19.0
555.0,259.0,23.0,20.0
556.0,260.0,23.0,19.0
556.0,261.0,24.0,19.0
557.0,262.0,24.0,18.0
558.0,262.0,25.0,19.0
558.0,261.0,25.0,20.0
559.0,261.0,26.0,21.0
559.0,261.0,26.0,21.0
560.0,262.0,26.0,21.0
560.0,262.0,26.0,21.0
562.0,262.0,26.0,21.0
565.0,262.0,25.0,21.0
567.0,262.0,25.0,21.0
569.0,263.0,25.0,21.0
570.0,264.0,26.0,20.0
572.0,265.0,26.0,20.0
573.0,265.0,26.0,20.0
574.0,266.0,26.0,20.0
575.0,266.0,26.0,20.0
576.0,266.0,26.0,20.0
578.0,266.0,26.0,20.0
579.0,266.0,26.0,20.0
580.0,266.0,26.0,20.0
580.0,267.0,26.0,20.0
581.0,267.0,26.0,20.0
581.0,267.0,26.0,20.0
582.0,267.0,27.0,20.0
582.0,267.0,27.0,20.0
583.0,267.0,28.0,20.0
583.0,267.0,29.0,21.0
584.0,267.0,30.0,21.0
584.0,267.0,31.0,21.0
584.0,268.0,32.0,21.0
584.0,268.0,33.0,21.0
585.0,268.0,34.0,21.0
586.0,269.0,34.0,21.0
587.0,269.0,35.0,21.0
587.0,269.0,36.0,21.0
588.0,270.0,36.0,21.0
588.0,270.0,37.0,21.0
589.0,270.0,38.0,21.0
589.0,270.0,38.0,21.0
590.0,270.0,39.0,21.0
591.0,270.0,40.0,21.0
591.0,271.0,41.0,21.0
592.0,271.0,42.0,21.0
594.0,271.0,43.0,21.0
595.0,272.0,43.0,21.0
597.0,272.0,44.0,21.0
598.0,272.0,44.0,22.0
600.0,272.0,44.0,22.0
601.0,272.0,44.0,23.0
603.0,272.0,45.0,23.0
605.0,273.0,45.0,23.0
607.0,273.0,46.0,23.0
608.0,273.0,47.0,23.0
610.0,274.0,49.0,23.0
611.0,274.0,50.0,23.0
613.0,274.0,51.0,24.0
615.0,274.0,53.0,26.0
617.0,274.0,54.0,27.0
620.0,275.0,54.0,27.0
623.0,275.0,54.0,26.0
626.0,276.0,54.0,26.0
628.0,276.0,54.0,26.0
631.0,277.0,55.0,26.0
633.0,277.0,55.0,26.0
636.0,278.0,56.0,26.0
638.0,278.0,56.0,26.0
641.0,279.0,57.0,26.0
643.0,279.0,58.0,26.0
646.0,278.0,58.0,26.0
648.0,278.0,59.0,26.0
650.0,279.0,59.0,26.0
653.0,279.0,59.0,26.0
655.0,280.0,59.0,26.0
657.0,280.0,59.0,26.0
660.0,281.0,60.0,27.0
662.0,281.0,60.0,27.0
664.0,281.0,60.0,27.0
665.0,282.0,60.0,27.0
667.0,282.0,60.0,27.0
669.0,283.0,60.0,27.0
671.0,283.0,61.0,28.0
673.0,284.0,61.0,28.0
674.0,284.0,61.0,28.0
676.0,285.0,61.0,28.0
677.0,285.0,61.0,28.0
678.0,285.0,61.0,29.0
680.0,285.0,60.0,31.0
681.0,285.0,60.0,32.0
682.0,286.0,59.0,32.0
684.0,287.0,59.0,32.0
685.0,288.0,58.0,32.0
685.0,288.0,59.0,33.0
684.0,288.0,59.0,35.0
684.0,288.0,60.0,36.0
684.0,288.0,59.0,37.0
684.0,288.0,58.0,37.0
684.0,288.0,57.0,38.0
684.0,289.0,55.0,38.0
684.0,290.0,54.0,38.0
684.0,291.0,52.0,38.0
683.0,291.0,51.0,38.0
682.0,292.0,50.0,38.0
681.0,292.0,49.0,38.0
680.0,293.0,49.0,38.0
678.0,295.0,49.0,38.0
677.0,296.0,49.0,38.0
675.0,297.0,49.0,38.0
674.0,298.0,49.0,38.0
672.0,299.0,49.0,38.0
670.0,300.0,51.0,39.0
667.0,301.0,54.0,40.0
665.0,302.0,56.0,41.0
660.0,302.0,59.0,43.0
656.0,301.0,63.0,45.0
651.0,301.0,66.0,47.0
648.0,302.0,69.0,49.0
644.0,302.0,72.0,50.0
641.0,303.0,75.0,52.0
637.0,304.0,79.0,52.0
632.0,306.0,82.0,52.0
628.0,307.0,86.0,52.0
624.0,307.0,88.0,54.0
620.0,308.0,89.0,55.0
616.0,308.0,91.0,57.0
611.0,309.0,94.0,58.0
607.0,311.0,96.0,58.0
602.0,312.0,99.0,59.0
598.0,313.0,100.0,60.0
594.0,313.0,101.0,60.0
590.0,314.0,102.0,61.0
586.0,315.0,104.0,61.0
582.0,315.0,106.0,61.0
578.0,316.0,108.0,61.0
574.0,317.0,110.0,62.0
570.0,319.0,112.0,63.0
566.0,320.0,114.0,64.0
561.0,320.0,116.0,65.0
556.0,319.0,119.0,66.0
551.0,319.0,121.0,67.0
547.0,319.0,122.0,67.0
542.0,318.0,122.0,68.0
538.0,318.0,123.0,68.0
534.0,319.0,124.0,68.0
529.0,319.0,126.0,67.0
525.0,320.0,127.0,67.0
523.0,320.0,125.0,68.0
522.0,321.0,122.0,69.0
520.0,321.0,120.0,70.0
515.0,321.0,121.0,71.0
510.0,322.0,123.0,71.0
505.0,322.0,124.0,72.0
503.0,322.0,124.0,72.0
500.0,321.0,124.0,72.0
498.0,321.0,124.0,72.0
497.0,321.0,124.0,74.0
495.0,321.0,123.0,77.0
494.0,321.0,123.0,79.0
495.0,320.0,122.0,80.0
495.0,319.0,121.0,82.0
496.0,318.0,120.0,83.0
496.0,316.0,120.0,86.0
497.0,315.0,120.0,88.0
497.0,313.0,120.0,91.0
498.0,311.0,119.0,91.0
499.0,310.0,118.0,92.0
500.0,308.0,117.0,92.0
503.0,304.0,114.0,95.0
506.0,301.0,112.0,99.0
509.0,297.0,109.0,102.0
512.0,297.0,109.0,103.0
514.0,296.0,109.0,105.0
517.0,296.0,109.0,106.0
518.0,294.0,113.0,108.0
519.0,293.0,118.0,109.0
520.0,291.0,122.0,111.0
520.0,289.0,125.0,113.0
520.0,286.0,129.0,116.0
520.0,284.0,132.0,118.0
521.0,283.0,141.0,120.0
521.0,283.0,150.0,122.0
522.0,282.0,159.0,124.0
525.0,280.0,164.0,129.0
528.0,277.0,169.0,133.0
531.0,275.0,174.0,138.0
534.0,274.0,186.0,140.0
537.0,273.0,199.0,141.0
540.0,272.0,211.0,143.0
545.0,268.0,214.0,149.0
551.0,265.0,217.0,154.0
556.0,261.0,220.0,160.0
559.0,264.0,229.0,160.0
563.0,266.0,237.0,159.0
566.0,269.0,246.0,159.0
564.0,266.0,256.0,169.0
562.0,264.0,266.0,178.0
560.0,261.0,276.0,188.0
555.0,265.0,284.0,190.0
551.0,270.0,292.0,192.0
546.0,274.0,300.0,194.0
533.0,275.0,313.0,202.0
520.0,277.0,327.0,210.0
507.0,278.0,340.0,218.0
482.0,286.0,357.0,223.0
458.0,295.0,375.0,229.0
433.0,303.0,392.0,234.0
408.0,314.0,408.0,236.0
384.0,324.0,425.0,238.0
359.0,335.0,441.0,240.0
335.0,347.0,460.0,242.0
312.0,358.0,479.0,243.0
288.0,370.0,498.0,245.0
269.0,383.0,520.0,248.0
250.0,396.0,541.0,251.0
231.0,409.0,563.0,254.0
218.0,416.0,579.0,265.0
204.0,422.0,595.0,276.0
191.0,429.0,611.0,287.0
189.0,438.0,623.0,279.0
186.0,447.0,635.0,272.0
184.0,456.0,647.0,264.0
190.0,455.0,650.0,265.0
197.0,455.0,654.0,266.0
203.0,454.0,657.0,267.0
213.0,448.0,655.0,272.0
223.0,443.0,654.0,278.0
233.0,437.0,652.0,283.0
241.0,427.0,652.0,293.0
249.0,417.0,653.0,303.0
257.0,407.0,653.0,313.0
267.0,397.0,646.0,323.0
277.0,386.0,638.0,334.0
287.0,376.0,631.0,344.0
293.0,362.0,629.0,358.0
298.0,348.0,626.0,372.0
304.0,334.0,624.0,386.0
313.0,327.0,614.0,393.0
323.0,321.0,604.0,399.0
332.0,314.0,594.0,406.0
339.0,312.0,586.0,408.0
345.0,311.0,579.0,410.0
352.0,309.0,571.0,412.0
356.0,306.0,561.0,410.0
361.0,302.0,550.0,409.0
365.0,299.0,540.0,407.0
364.0,297.0,535.0,407.0
364.0,295.0,531.0,406.0
363.0,293.0,526.0,406.0
366.0,291.0,513.0,396.0
368.0,290.0,500.0,386.0
371.0,288.0,487.0,376.0
368.0,287.0,480.0,371.0
365.0,285.0,474.0,367.0
362.0,284.0,467.0,362.0
364.0,285.0,449.0,352.0
366.0,286.0,430.0,341.0
368.0,287.0,412.0,331.0
366.0,287.0,398.0,321.0
365.0,288.0,383.0,310.0
363.0,288.0,369.0,300.0
356.0,284.0,362.0,295.0
350.0,281.0,355.0,291.0
343.0,277.0,348.0,286.0
343.0,272.0,330.0,280.0
343.0,267.0,311.0,275.0
343.0,262.0,293.0,269.0
344.0,258.0,281.0,257.0
346.0,254.0,268.0,246.0
347.0,250.0,256.0,234.0
350.0,245.0,240.0,225.0
352.0,240.0,225.0,217.0
355.0,235.0,209.0,208.0
358.0,230.0,205.0,199.0
361.0,226.0,201.0,191.0
364.0,221.0,197.0,182.0
373.0,218.0,187.0,171.0
381.0,214.0,176.0,159.0
390.0,211.0,166.0,148.0
400.0,204.0,158.0,145.0
411.0,198.0,151.0,143.0
421.0,191.0,143.0,140.0
429.0,186.0,141.0,133.0
436.0,181.0,138.0,126.0
444.0,176.0,136.0,119.0
452.0,172.0,134.0,115.0
459.0,168.0,132.0,111.0
467.0,164.0,130.0,107.0
471.0,163.0,129.0,104.0
476.0,163.0,127.0,102.0
480.0,162.0,126.0,99.0
486.0,164.0,123.0,97.0
493.0,166.0,120.0,95.0
499.0,168.0,117.0,93.0
502.0,172.0,115.0,91.0
505.0,177.0,114.0,88.0
508.0,181.0,112.0,86.0
511.0,185.0,110.0,84.0
515.0,189.0,108.0,82.0
518.0,193.0,106.0,80.0
519.0,192.0,107.0,78.0
520.0,192.0,109.0,76.0
521.0,191.0,110.0,74.0
523.0,193.0,109.0,72.0
524.0,194.0,108.0,70.0
526.0,196.0,107.0,68.0
523.0,195.0,109.0,68.0
521.0,194.0,111.0,69.0
518.0,193.0,113.0,69.0
519.0,192.0,113.0,69.0
519.0,192.0,112.0,69.0
520.0,191.0,112.0,69.0
520.0,191.0,111.0,68.0
519.0,191.0,110.0,67.0
519.0,191.0,109.0,66.0
518.0,190.0,109.0,66.0
518.0,188.0,109.0,66.0
517.0,187.0,109.0,66.0
516.0,187.0,109.0,66.0
515.0,186.0,109.0,66.0
514.0,186.0,109.0,66.0
514.0,186.0,108.0,64.0
514.0,186.0,107.0,63.0
514.0,186.0,106.0,61.0
513.0,187.0,105.0,59.0
512.0,188.0,103.0,58.0
511.0,189.0,102.0,56.0
512.0,191.0,101.0,54.0
513.0,192.0,99.0,53.0
514.0,194.0,98.0,51.0
516.0,196.0,96.0,50.0
517.0,197.0,93.0,50.0
519.0,199.0,91.0,49.0
523.0,201.0,87.0,50.0
527.0,203.0,84.0,50.0
531.0,205.0,80.0,51.0
535.0,209.0,78.0,50.0
538.0,214.0,76.0,48.0
542.0,218.0,74.0,47.0
548.0,222.0,71.0,47.0
553.0,227.0,69.0,46.0
559.0,231.0,66.0,46.0
564.0,234.0,64.0,45.0
568.0,236.0,63.0,43.0
573.0,239.0,61.0,42.0
578.0,240.0,59.0,42.0
583.0,241.0,58.0,42.0
588.0,242.0,56.0,42.0
591.0,243.0,56.0,42.0
595.0,244.0,56.0,42.0
598.0,245.0,56.0,42.0
600.0,244.0,55.0,42.0
603.0,244.0,54.0,42.0
605.0,243.0,53.0,42.0
607.0,242.0,53.0,41.0
608.0,242.0,53.0,41.0
610.0,241.0,53.0,40.0
611.0,239.0,53.0,40.0
612.0,238.0,53.0,40.0
613.0,236.0,53.0,40.0
613.0,236.0,53.0,39.0
613.0,236.0,53.0,38.0
613.0,236.0,53.0,37.0
613.0,235.0,53.0,37.0
612.0,235.0,53.0,37.0
612.0,234.0,53.0,37.0
614.0,234.0,51.0,36.0
615.0,234.0,49.0,34.0
617.0,234.0,47.0,33.0
617.0,233.0,47.0,33.0
616.0,232.0,47.0,33.0
616.0,231.0,47.0,33.0
614.0,231.0,47.0,33.0
613.0,230.0,47.0,33.0
611.0,230.0,47.0,33.0
610.0,230.0,47.0,33.0
608.0,230.0,48.0,33.0
607.0,230.0,48.0,33.0
604.0,230.0,49.0,33.0
602.0,229.0,49.0,33.0
599.0,229.0,50.0,33.0
597.0,229.0,51.0,33.0
595.0,228.0,52.0,33.0
593.0,228.0,53.0,33.0
591.0,227.0,53.0,33.0
588.0,227.0,54.0,33.0
586.0,226.0,54.0,33.0
585.0,226.0,55.0,33.0
585.0,226.0,55.0,33.0
584.0,226.0,56.0,33.0
584.0,226.0,56.0,32.0
584.0,226.0,56.0,31.0
584.0,226.0,56.0,30.0
584.0,226.0,56.0,30.0
584.0,226.0,56.0,30.0
584.0,226.0,56.0,30.0
584.0,226.0,56.0,29.0
584.0,226.0,56.0,28.0
584.0,226.0,56.0,27.0
585.0,225.0,55.0,27.0
585.0,225.0,55.0,27.0
586.0,224.0,54.0,27.0
586.0,224.0,53.0,27.0
586.0,224.0,52.0,26.0
586.0,224.0,51.0,26.0
585.0,224.0,50.0,26.0
585.0,223.0,49.0,26.0
584.0,223.0,48.0,26.0
583.0,223.0,47.0,26.0
583.0,222.0,45.0,25.0
582.0,222.0,44.0,25.0
582.0,221.0,43.0,25.0
583.0,219.0,41.0,25.0
583.0,218.0,40.0,25.0
583.0,216.0,39.0,25.0
583.0,214.0,38.0,25.0
583.0,212.0,37.0,25.0
584.0,210.0,36.0,25.0
585.0,209.0,36.0,25.0
586.0,207.0,35.0,25.0
587.0,206.0,35.0,25.0
588.0,206.0,34.0,25.0
589.0,205.0,34.0,25.0
590.0,204.0,34.0,25.0
591.0,204.0,34.0,25.0
592.0,203.0,34.0,25.0
594.0,202.0,35.0,25.0
596.0,201.0,35.0,25.0
598.0,200.0,36.0,25.0
600.0,198.0,36.0,25.0
603.0,197.0,36.0,25.0
605.0,195.0,36.0,25.0
607.0,194.0,37.0,25.0
608.0,194.0,38.0,25.0
610.0,193.0,39.0,25.0
613.0,191.0,39.0,25.0
616.0,190.0,39.0,25.0
619.0,188.0,39.0,25.0
622.0,187.0,39.0,25.0
624.0,186.0,39.0,25.0
627.0,185.0,39.0,25.0
630.0,183.0,38.0,25.0
633.0,182.0,37.0,24.0
636.0,180.0,36.0,24.0
637.0,178.0,36.0,24.0
638.0,177.0,36.0,24.0
639.0,175.0,36.0,24.0
640.0,174.0,35.0,24.0
642.0,173.0,35.0,24.0
643.0,172.0,34.0,24.0
645.0,170.0,33.0,24.0
646.0,169.0,33.0,24.0
648.0,167.0,32.0,24.0
649.0,165.0,32.0,24.0
649.0,164.0,32.0,24.0
650.0,162.0,32.0,24.0
651.0,160.0,32.0,23.0
651.0,158.0,32.0,23.0
652.0,156.0,32.0,22.0
652.0,155.0,32.0,22.0
652.0,154.0,32.0,22.0
652.0,153.0,32.0,22.0
651.0,152.0,32.0,22.0
651.0,152.0,33.0,22.0
650.0,151.0,33.0,22.0
649.0,151.0,33.0,22.0
648.0,151.0,34.0,22.0
647.0,151.0,34.0,22.0
646.0,152.0,35.0,22.0
644.0,152.0,35.0,22.0
643.0,153.0,36.0,22.0
641.0,153.0,36.0,22.0
638.0,154.0,37.0,22.0
636.0,154.0,37.0,22.0
634.0,154.0,38.0,22.0
632.0,154.0,38.0,22.0
630.0,154.0,39.0,22.0
628.0,154.0,39.0,22.0
626.0,155.0,39.0,22.0
624.0,155.0,39.0,22.0
622.0,155.0,39.0,22.0
620.0,154.0,39.0,22.0
618.0,154.0,39.0,22.0
616.0,154.0,38.0,22.0
615.0,155.0,37.0,22.0
613.0,155.0,36.0,22.0
612.0,155.0,34.0,22.0
612.0,156.0,33.0,22.0
611.0,156.0,31.0,22.0
610.0,156.0,30.0,21.0
609.0,156.0,30.0,21.0
608.0,156.0,29.0,20.0
607.0,156.0,29.0,20.0
607.0,157.0,29.0,20.0
606.0,157.0,29.0,20.0
606.0,157.0,28.0,20.0
605.0,157.0,27.0,20.0
605.0,157.0,26.0,20.0
605.0,157.0,27.0,20.0
604.0,158.0,27.0,20.0
604.0,158.0,28.0,20.0
604.0,158.0,29.0,20.0
603.0,158.0,29.0,20.0
603.0,158.0,30.0,20.0
603.0,158.0,32.0,20.0
603.0,158.0,33.0,20.0
603.0,158.0,35.0,20.0
604.0,159.0,36.0,20.0
606.0,159.0,36.0,20.0
607.0,160.0,37.0,20.0
609.0,160.0,37.0,20.0
612.0,161.0,36.0,20.0
614.0,161.0,36.0,20.0
616.0,161.0,37.0,20.0
617.0,162.0,37.0,20.0
619.0,162.0,38.0,20.0
622.0,162.0,37.0,20.0
625.0,163.0,36.0,20.0
628.0,163.0,35.0,20.0
630.0,164.0,34.0,20.0
632.0,164.0,34.0,19.0
634.0,165.0,33.0,19.0
636.0,165.0,32.0,19.0
638.0,166.0,32.0,19.0
640.0,166.0,31.0,19.0
641.0,166.0,31.0,19.0
642.0,167.0,31.0,19.0
643.0,167.0,31.0,19.0
644.0,167.0,31.0,19.0
645.0,168.0,31.0,20.0
646.0,168.0,31.0,20.0
646.0,168.0,31.0,20.0
647.0,169.0,31.0,20.0
647.0,169.0,31.0,20.0
648.0,169.0,31.0,20.0
648.0,170.0,31.0,20.0
649.0,170.0,31.0,20.0
648.0,170.0,32.0,20.0
648.0,171.0,33.0,21.0
647.0,171.0,34.0,21.0
646.0,171.0,35.0,21.0
645.0,171.0,35.0,21.0
644.0,171.0,36.0,21.0
643.0,172.0,36.0,21.0
643.0,172.0,36.0,21.0
642.0,173.0,36.0,21.0
640.0,173.0,37.0,21.0
638.0,174.0,37.0,21.0
636.0,174.0,38.0,21.0
634.0,174.0,39.0,21.0
631.0,174.0,40.0,21.0
629.0,174.0,41.0,21.0
627.0,174.0,41.0,21.0
624.0,175.0,42.0,22.0
622.0,175.0,42.0,22.0
620.0,175.0,42.0,22.0
617.0,175.0,42.0,22.0
615.0,175.0,42.0,22.0
612.0,175.0,42.0,22.0
610.0,174.0,42.0,22.0
607.0,174.0,42.0,22.0
604.0,175.0,42.0,22.0
602.0,175.0,42.0,22.0
599.0,176.0,42.0,22.0
597.0,176.0,41.0,22.0
594.0,175.0,41.0,22.0
592.0,175.0,40.0,22.0
591.0,175.0,39.0,22.0
589.0,176.0,37.0,22.0
588.0,176.0,36.0,22.0
588.0,176.0,35.0,22.0
587.0,177.0,34.0,21.0
587.0,177.0,33.0,21.0
586.0,177.0,33.0,21.0
585.0,178.0,33.0,21.0
584.0,178.0,33.0,21.0
583.0,178.0,32.0,21.0
582.0,177.0,32.0,21.0
581.0,177.0,31.0,21.0
580.0,175.0,31.0,21.0
580.0,173.0,31.0,21.0
579.0,171.0,31.0,21.0
579.0,170.0,31.0,21.0
579.0,169.0,31.0,21.0
579.0,168.0,31.0,21.0
579.0,168.0,31.0,21.0
580.0,167.0,31.0,21.0
580.0,167.0,31.0,21.0
580.0,167.0,31.0,21.0
581.0,168.0,31.0,21.0
581.0,168.0,31.0,21.0
582.0,168.0,32.0,21.0
582.0,169.0,33.0,21.0
583.0,169.0,34.0,21.0
584.0,169.0,34.0,21.0
585.0,169.0,34.0,22.0
586.0,169.0,34.0,22.0
587.0,169.0,35.0,22.0
588.0,168.0,37.0,22.0
589.0,168.0,38.0,22.0
590.0,168.0,39.0,23.0
592.0,169.0,39.0,23.0
593.0,169.0,40.0,24.0
595.0,170.0,40.0,24.0
598.0,170.0,40.0,24.0
600.0,171.0,40.0,24.0
602.0,171.0,40.0,24.0
604.0,172.0,40.0,24.0
606.0,172.0,40.0,24.0
608.0,172.0,40.0,24.0
610.0,173.0,40.0,24.0
612.0,173.0,40.0,24.0
612.0,173.0,42.0,24.0
613.0,174.0,43.0,24.0
613.0,174.0,45.0,24.0
615.0,175.0,44.0,24.0
616.0,175.0,44.0,24.0
618.0,176.0,43.0,24.0
619.0,177.0,43.0,24.0
620.0,177.0,43.0,24.0
621.0,178.0,43.0,24.0
623.0,179.0,43.0,24.0
625.0,179.0,42.0,24.0
627.0,180.0,42.0,24.0
629.0,181.0,41.0,24.0
631.0,181.0,41.0,24.0
633.0,182.0,40.0,24.0
635.0,183.0,40.0,24.0
637.0,184.0,39.0,24.0
639.0,185.0,39.0,24.0
642.0,186.0,38.0,24.0
644.0,186.0,37.0,24.0
647.0,187.0,36.0,24.0
648.0,187.0,35.0,24.0
650.0,188.0,35.0,24.0
651.0,188.0,34.0,24.0
652.0,188.0,34.0,24.0
653.0,189.0,34.0,24.0
654.0,189.0,34.0,24.0
656.0,190.0,34.0,24.0
657.0,191.0,33.0,24.0
659.0,192.0,33.0,24.0
659.0,192.0,33.0,24.0
660.0,192.0,33.0,25.0
660.0,192.0,33.0,25.0
659.0,192.0,34.0,26.0
659.0,193.0,36.0,26.0
658.0,193.0,37.0,27.0
658.0,194.0,38.0,27.0
657.0,194.0,39.0,27.0
657.0,195.0,40.0,27.0
656.0,195.0,40.0,27.0
654.0,196.0,41.0,27.0
653.0,196.0,41.0,27.0
652.0,197.0,41.0,27.0
650.0,198.0,41.0,26.0
649.0,199.0,41.0,26.0
647.0,200.0,42.0,26.0
644.0,200.0,44.0,26.0
642.0,201.0,45.0,26.0
640.0,202.0,45.0,26.0
638.0,202.0,45.0,26.0
636.0,203.0,45.0,26.0
633.0,204.0,45.0,26.0
630.0,204.0,45.0,26.0
627.0,205.0,45.0,26.0
624.0,206.0,46.0,26.0
620.0,207.0,46.0,26.0
617.0,208.0,47.0,26.0
613.0,208.0,47.0,26.0
610.0,207.0,47.0,26.0
606.0,207.0,47.0,26.0
602.0,205.0,47.0,26.0
599.0,203.0,47.0,26.0
595.0,201.0,47.0,26.0
591.0,196.0,47.0,27.0
586.0,192.0,47.0,27.0
582.0,187.0,47.0,28.0
579.0,183.0,47.0,29.0
575.0,178.0,46.0,29.0
572.0,174.0,46.0,30.0
568.0,171.0,46.0,30.0
564.0,167.0,46.0,29.0
560.0,164.0,46.0,29.0
556.0,162.0,46.0,28.0
551.0,160.0,46.0,28.0
547.0,158.0,46.0,27.0
545.0,158.0,46.0,27.0
543.0,159.0,45.0,27.0
541.0,159.0,45.0,27.0
538.0,160.0,45.0,27.0
536.0,162.0,44.0,27.0
533.0,163.0,44.0,27.0
530.0,164.0,44.0,27.0
526.0,165.0,44.0,27.0
523.0,166.0,44.0,27.0
520.0,166.0,44.0,27.0
516.0,167.0,43.0,28.0
513.0,167.0,43.0,28.0
510.0,167.0,42.0,28.0
508.0,168.0,42.0,29.0
505.0,168.0,41.0,29.0
503.0,169.0,41.0,29.0
500.0,170.0,41.0,29.0
498.0,171.0,41.0,29.0
495.0,171.0,41.0,29.0
491.0,172.0,42.0,29.0
488.0,172.0,42.0,29.0
487.0,172.0,41.0,30.0
485.0,173.0,41.0,31.0
484.0,173.0,40.0,32.0
482.0,173.0,40.0,32.0
481.0,174.0,40.0,32.0
479.0,174.0,40.0,32.0
477.0,175.0,39.0,31.0
476.0,176.0,39.0,29.0
474.0,177.0,38.0,28.0
473.0,178.0,38.0,29.0
471.0,179.0,38.0,30.0
470.0,180.0,38.0,31.0
468.0,181.0,39.0,31.0
467.0,181.0,39.0,31.0
465.0,182.0,40.0,31.0
465.0,182.0,40.0,31.0
464.0,183.0,40.0,31.0
464.0,183.0,40.0,31.0
462.0,184.0,41.0,31.0
461.0,186.0,43.0,32.0
459.0,187.0,44.0,32.0
459.0,188.0,44.0,32.0
458.0,189.0,44.0,32.0
458.0,190.0,44.0,32.0
457.0,191.0,44.0,32.0
457.0,191.0,45.0,32.0
456.0,192.0,45.0,32.0
456.0,192.0,45.0,33.0
456.0,192.0,44.0,33.0
456.0,192.0,44.0,34.0
455.0,194.0,44.0,34.0
454.0,195.0,44.0,34.0
453.0,197.0,44.0,34.0
452.0,199.0,44.0,34.0
452.0,200.0,45.0,34.0
451.0,202.0,45.0,34.0
450.0,204.0,46.0,34.0
449.0,206.0,46.0,34.0
448.0,208.0,47.0,34.0
447.0,210.0,47.0,34.0
447.0,213.0,47.0,34.0
446.0,215.0,47.0,34.0
445.0,217.0,47.0,34.0
445.0,219.0,47.0,34.0
444.0,221.0,47.0,34.0
443.0,222.0,48.0,34.0
442.0,222.0,49.0,35.0
441.0,223.0,50.0,35.0
440.0,225.0,50.0,35.0
440.0,227.0,50.0,35.0
439.0,229.0,50.0,35.0
438.0,230.0,50.0,35.0
437.0,232.0,50.0,35.0
436.0,233.0,50.0,35.0
435.0,235.0,50.0,35.0
435.0,236.0,50.0,35.0
434.0,238.0,50.0,35.0
434.0,240.0,50.0,36.0
433.0,242.0,51.0,37.0
433.0,244.0,51.0,38.0
431.0,245.0,51.0,38.0
430.0,247.0,52.0,38.0
428.0,248.0,52.0,38.0
427.0,251.0,52.0,39.0
427.0,253.0,53.0,39.0
426.0,256.0,53.0,40.0
425.0,257.0,53.0,41.0
424.0,259.0,54.0,42.0
423.0,260.0,54.0,43.0
422.0,262.0,54.0,43.0
422.0,265.0,55.0,43.0
421.0,267.0,55.0,43.0
421.0,269.0,56.0,44.0
421.0,270.0,58.0,45.0
421.0,272.0,59.0,46.0
423.0,274.0,59.0,46.0
424.0,277.0,59.0,46.0
426.0,279.0,59.0,46.0
428.0,282.0,59.0,46.0
431.0,284.0,59.0,46.0
433.0,287.0,59.0,46.0
436.0,289.0,59.0,46.0
440.0,291.0,59.0,46.0
443.0,293.0,59.0,46.0
446.0,294.0,59.0,47.0
448.0,295.0,59.0,47.0
451.0,296.0,59.0,48.0
454.0,297.0,59.0,48.0
456.0,299.0,60.0,49.0
459.0,300.0,60.0,49.0
461.0,301.0,60.0,50.0
464.0,302.0,60.0,50.0
466.0,303.0,60.0,51.0
469.0,304.0,60.0,51.0
472.0,304.0,60.0,52.0
475.0,305.0,60.0,52.0
477.0,306.0,60.0,53.0
480.0,307.0,61.0,53.0
482.0,308.0,61.0,54.0
485.0,309.0,61.0,54.0
487.0,310.0,61.0,54.0
490.0,311.0,61.0,54.0
490.0,312.0,61.0,55.0
489.0,313.0,61.0,55.0
489.0,314.0,61.0,56.0
488.0,315.0,61.0,57.0
486.0,315.0,61.0,58.0
485.0,316.0,61.0,59.0
484.0,316.0,61.0,59.0
482.0,317.0,61.0,60.0
481.0,317.0,61.0,60.0
479.0,316.0,61.0,61.0
478.0,316.0,61.0,61.0
476.0,315.0,61.0,62.0
475.0,313.0,61.0,63.0
473.0,312.0,61.0,64.0
472.0,310.0,61.0,65.0
471.0,308.0,61.0,66.0
471.0,305.0,61.0,67.0
470.0,303.0,61.0,68.0
471.0,301.0,61.0,68.0
471.0,299.0,61.0,68.0
472.0,297.0,61.0,68.0
473.0,294.0,61.0,69.0
474.0,290.0,61.0,70.0
475.0,287.0,61.0,71.0
476.0,284.0,61.0,72.0
478.0,280.0,62.0,72.0
479.0,277.0,62.0,73.0
480.0,274.0,62.0,73.0
481.0,272.0,62.0,73.0
482.0,269.0,62.0,73.0
483.0,266.0,62.0,73.0
484.0,264.0,62.0,73.0
485.0,261.0,62.0,73.0
487.0,258.0,62.0,73.0
488.0,256.0,62.0,73.0
490.0,253.0,62.0,73.0
491.0,250.0,62.0,73.0
493.0,246.0,63.0,73.0
494.0,243.0,63.0,73.0
495.0,240.0,64.0,73.0
497.0,238.0,64.0,73.0
498.0,235.0,65.0,73.0
499.0,233.0,65.0,73.0
501.0,230.0,65.0,74.0
502.0,228.0,65.0,74.0
504.0,224.0,66.0,76.0
506.0,219.0,68.0,79.0
508.0,215.0,69.0,81.0
509.0,212.0,70.0,84.0
511.0,210.0,70.0,87.0
512.0,207.0,71.0,90.0
515.0,205.0,70.0,88.0
518.0,204.0,69.0,86.0
521.0,202.0,68.0,84.0
522.0,201.0,70.0,84.0
522.0,199.0,72.0,84.0
523.0,198.0,74.0,84.0
528.0,197.0,72.0,84.0
533.0,195.0,70.0,84.0
538.0,194.0,68.0,84.0
539.0,195.0,71.0,82.0
540.0,196.0,73.0,81.0
541.0,197.0,76.0,79.0
545.0,195.0,75.0,79.0
549.0,194.0,75.0,79.0
553.0,192.0,74.0,79.0
558.0,192.0,74.0,78.0
562.0,191.0,73.0,77.0
567.0,191.0,73.0,76.0
572.0,190.0,73.0,76.0
577.0,188.0,72.0,76.0
582.0,187.0,72.0,76.0
585.0,186.0,73.0,77.0
589.0,184.0,73.0,78.0
592.0,183.0,74.0,79.0
595.0,181.0,75.0,80.0
598.0,180.0,76.0,80.0
601.0,178.0,77.0,81.0
604.0,178.0,77.0,79.0
607.0,178.0,76.0,76.0
610.0,178.0,76.0,74.0
612.0,177.0,75.0,73.0
614.0,175.0,74.0,71.0
616.0,174.0,73.0,70.0
618.0,172.0,73.0,71.0
620.0,170.0,74.0,72.0
622.0,168.0,74.0,73.0
624.0,169.0,73.0,72.0
626.0,169.0,72.0,71.0
628.0,170.0,71.0,70.0
630.0,171.0,71.0,70.0
631.0,171.0,70.0,70.0
633.0,172.0,70.0,70.0
635.0,174.0,70.0,69.0
638.0,177.0,70.0,68.0
640.0,179.0,70.0,67.0
643.0,180.0,68.0,67.0
645.0,181.0,66.0,67.0
648.0,182.0,64.0,67.0
650.0,184.0,65.0,66.0
652.0,186.0,67.0,64.0
654.0,188.0,68.0,63.0
656.0,190.0,67.0,63.0
657.0,191.0,65.0,63.0
659.0,193.0,64.0,63.0
662.0,196.0,64.0,61.0
666.0,200.0,64.0,60.0
669.0,203.0,64.0,58.0
670.0,204.0,64.0,61.0
672.0,206.0,64.0,63.0
673.0,207.0,64.0,66.0
675.0,210.0,64.0,65.0
677.0,212.0,64.0,65.0
679.0,215.0,64.0,64.0
679.0,219.0,64.0,62.0
680.0,223.0,64.0,59.0
680.0,227.0,64.0,57.0
683.0,229.0,63.0,57.0
685.0,232.0,61.0,56.0
688.0,234.0,60.0,56.0
689.0,237.0,59.0,55.0
691.0,240.0,58.0,54.0
692.0,243.0,57.0,53.0
693.0,245.0,57.0,53.0
693.0,246.0,57.0,53.0
694.0,248.0,57.0,53.0
696.0,251.0,56.0,53.0
697.0,254.0,54.0,53.0
699.0,257.0,53.0,53.0
700.0,259.0,53.0,53.0
701.0,262.0,53.0,53.0
702.0,264.0,53.0,53.0
703.0,265.0,53.0,53.0
704.0,267.0,53.0,53.0
705.0,268.0,53.0,53.0
706.0,269.0,53.0,52.0
706.0,269.0,53.0,52.0
707.0,270.0,53.0,51.0
708.0,270.0,53.0,51.0
710.0,270.0,53.0,51.0
711.0,270.0,53.0,51.0
714.0,270.0,51.0,50.0
716.0,270.0,50.0,50.0
719.0,270.0,48.0,49.0
720.0,270.0,48.0,49.0
722.0,270.0,48.0,49.0
723.0,270.0,48.0,49.0
723.0,270.0,48.0,49.0
724.0,271.0,49.0,49.0
724.0,271.0,49.0,49.0
726.0,270.0,49.0,49.0
727.0,270.0,49.0,48.0
729.0,269.0,49.0,48.0
731.0,269.0,49.0,48.0
732.0,269.0,49.0,48.0
734.0,269.0,49.0,48.0
736.0,269.0,49.0,48.0
737.0,269.0,49.0,48.0
739.0,269.0,49.0,48.0
741.0,269.0,49.0,48.0
743.0,270.0,49.0,48.0
745.0,270.0,49.0,48.0
746.0,270.0,49.0,48.0
747.0,271.0,49.0,48.0
748.0,271.0,49.0,48.0
749.0,271.0,49.0,48.0
751.0,271.0,49.0,48.0
752.0,271.0,49.0,48.0
754.0,272.0,49.0,48.0
756.0,272.0,49.0,48.0
758.0,273.0,49.0,48.0
760.0,273.0,49.0,47.0
762.0,274.0,49.0,47.0
764.0,274.0,49.0,46.0
767.0,274.0,48.0,46.0
769.0,275.0,47.0,47.0
772.0,275.0,46.0,47.0
774.0,275.0,47.0,46.0
776.0,276.0,47.0,46.0
778.0,276.0,48.0,45.0
780.0,276.0,48.0,45.0
782.0,277.0,48.0,45.0
784.0,277.0,48.0,45.0
786.0,278.0,48.0,45.0
787.0,278.0,48.0,45.0
789.0,279.0,48.0,45.0
791.0,279.0,48.0,45.0
794.0,280.0,48.0,45.0
796.0,280.0,48.0,45.0
798.0,281.0,48.0,45.0
801.0,281.0,48.0,45.0
803.0,282.0,48.0,45.0
805.0,283.0,48.0,45.0
808.0,284.0,48.0,45.0
810.0,285.0,48.0,45.0
812.0,285.0,49.0,45.0
814.0,286.0,49.0,45.0
816.0,286.0,50.0,45.0
819.0,287.0,50.0,46.0
822.0,287.0,51.0,47.0
825.0,288.0,51.0,48.0
828.0,290.0,51.0,48.0
831.0,292.0,52.0,48.0
834.0,294.0,52.0,48.0
837.0,295.0,52.0,48.0
841.0,297.0,52.0,48.0
844.0,298.0,52.0,48.0
847.0,300.0,52.0,48.0
849.0,301.0,52.0,48.0
852.0,303.0,52.0,48.0
855.0,305.0,53.0,48.0
858.0,306.0,53.0,48.0
861.0,308.0,54.0,48.0
864.0,309.0,54.0,48.0
867.0,311.0,54.0,48.0
870.0,312.0,54.0,48.0
872.0,313.0,54.0,48.0
875.0,314.0,54.0,48.0
877.0,315.0,54.0,48.0
880.0,315.0,54.0,48.0
882.0,316.0,54.0,48.0
885.0,316.0,54.0,48.0
888.0,316.0,53.0,48.0
891.0,317.0,52.0,48.0
894.0,317.0,51.0,48.0
897.0,318.0,50.0,48.0
901.0,318.0,50.0,48.0
904.0,319.0,49.0,48.0
906.0,320.0,49.0,48.0
908.0,320.0,49.0,48.0
910.0,321.0,49.0,48.0
913.0,322.0,49.0,48.0
915.0,322.0,49.0,48.0
918.0,323.0,49.0,48.0
920.0,324.0,49.0,48.0
923.0,325.0,48.0,48.0
925.0,326.0,48.0,48.0
926.0,326.0,49.0,49.0
928.0,327.0,51.0,49.0
929.0,327.0,52.0,50.0
930.0,327.0,53.0,50.0
931.0,327.0,55.0,50.0
932.0,327.0,56.0,50.0
933.0,327.0,58.0,50.0
933.0,328.0,59.0,50.0
934.0,328.0,61.0,50.0
936.0,329.0,62.0,50.0
937.0,329.0,62.0,50.0
939.0,330.0,63.0,50.0
938.0,330.0,66.0,51.0
937.0,331.0,68.0,52.0
936.0,331.0,71.0,53.0
936.0,331.0,73.0,53.0
935.0,331.0,74.0,53.0
935.0,331.0,76.0,53.0
935.0,331.0,77.0,53.0
934.0,331.0,78.0,53.0
934.0,331.0,79.0,53.0
931.0,331.0,83.0,54.0
928.0,330.0,88.0,54.0
925.0,330.0,92.0,55.0
926.0,330.0,91.0,55.0
926.0,330.0,90.0,55.0
927.0,330.0,89.0,55.0
925.0,329.0,92.0,57.0
923.0,328.0,95.0,58.0
921.0,327.0,98.0,60.0
919.0,328.0,99.0,59.0
918.0,328.0,101.0,57.0
916.0,329.0,102.0,56.0
914.0,329.0,103.0,57.0
913.0,328.0,103.0,59.0
911.0,328.0,104.0,60.0
911.0,329.0,106.0,58.0
910.0,330.0,109.0,56.0
910.0,331.0,111.0,54.0
909.0,331.0,110.0,55.0
907.0,332.0,110.0,56.0
906.0,332.0,109.0,57.0
905.0,334.0,109.0,56.0
903.0,336.0,110.0,55.0
902.0,338.0,110.0,54.0
901.0,339.0,110.0,53.0
901.0,339.0,110.0,52.0
900.0,340.0,110.0,51.0
899.0,342.0,111.0,50.0
899.0,345.0,111.0,48.0
898.0,347.0,112.0,47.0
896.0,347.0,114.0,49.0
893.0,347.0,116.0,50.0
891.0,347.0,118.0,52.0
892.0,349.0,115.0,52.0
894.0,350.0,113.0,51.0
895.0,352.0,110.0,51.0
893.0,354.0,112.0,51.0
892.0,356.0,114.0,51.0
890.0,358.0,116.0,51.0
890.0,359.0,115.0,52.0
891.0,359.0,115.0,52.0
891.0,360.0,114.0,53.0
890.0,361.0,115.0,53.0
889.0,362.0,116.0,53.0
888.0,363.0,117.0,53.0
886.0,365.0,118.0,54.0
885.0,366.0,120.0,55.0
883.0,368.0,121.0,56.0
883.0,370.0,120.0,56.0
883.0,372.0,119.0,57.0
883.0,374.0,118.0,57.0
884.0,375.0,117.0,58.0
886.0,377.0,117.0,59.0
887.0,378.0,116.0,60.0
884.0,380.0,116.0,60.0
881.0,382.0,117.0,60.0
878.0,384.0,117.0,60.0
876.0,384.0,113.0,60.0
873.0,384.0,108.0,60.0
871.0,384.0,104.0,60.0
862.0,383.0,104.0,63.0
853.0,381.0,103.0,65.0
844.0,380.0,103.0,68.0
832.0,382.0,101.0,68.0
820.0,384.0,98.0,68.0
808.0,386.0,96.0,68.0
791.0,386.0,95.0,70.0
774.0,386.0,93.0,71.0
757.0,386.0,92.0,73.0
740.0,385.0,88.0,75.0
724.0,385.0,84.0,76.0
707.0,384.0,80.0,78.0
684.0,387.0,81.0,77.0
661.0,389.0,81.0,77.0
638.0,392.0,82.0,76.0
619.0,394.0,81.0,78.0
600.0,395.0,80.0,81.0
581.0,397.0,79.0,83.0
564.0,401.0,78.0,83.0
546.0,404.0,77.0,82.0
529.0,408.0,76.0,82.0
517.0,410.0,73.0,84.0
506.0,411.0,69.0,86.0
494.0,413.0,66.0,88.0
483.0,415.0,65.0,88.0
473.0,418.0,65.0,88.0
462.0,420.0,64.0,88.0
451.0,422.0,64.0,89.0
440.0,425.0,64.0,91.0
429.0,427.0,64.0,92.0
421.0,429.0,64.0,93.0
414.0,430.0,64.0,93.0
406.0,432.0,64.0,94.0
400.0,431.0,64.0,96.0
395.0,430.0,64.0,98.0
389.0,429.0,64.0,100.0
384.0,426.0,66.0,99.0
379.0,422.0,67.0,99.0
374.0,419.0,69.0,98.0
369.0,416.0,70.0,99.0
364.0,414.0,71.0,101.0
359.0,411.0,72.0,102.0
355.0,406.0,73.0,101.0
352.0,402.0,73.0,100.0
348.0,397.0,74.0,99.0
345.0,391.0,76.0,100.0
341.0,386.0,78.0,101.0
338.0,380.0,80.0,102.0
334.0,373.0,84.0,103.0
330.0,365.0,87.0,105.0
326.0,358.0,91.0,106.0
323.0,353.0,94.0,107.0
320.0,348.0,96.0,108.0
317.0,343.0,99.0,109.0
315.0,340.0,99.0,110.0
312.0,336.0,98.0,112.0
310.0,333.0,98.0,113.0
305.0,337.0,100.0,111.0
299.0,340.0,102.0,109.0
294.0,344.0,104.0,107.0
289.0,344.0,106.0,108.0
283.0,344.0,108.0,110.0
278.0,344.0,110.0,111.0
272.0,346.0,113.0,111.0
266.0,349.0,115.0,111.0
260.0,351.0,118.0,111.0
254.0,349.0,121.0,114.0
248.0,347.0,123.0,116.0
242.0,345.0,126.0,119.0
236.0,345.0,127.0,118.0
229.0,344.0,128.0,118.0
223.0,344.0,129.0,117.0
215.0,343.0,133.0,115.0
208.0,341.0,137.0,112.0
200.0,340.0,141.0,110.0
194.0,338.0,142.0,110.0
189.0,337.0,142.0,110.0
183.0,335.0,143.0,110.0
176.0,334.0,146.0,110.0
170.0,333.0,148.0,111.0
163.0,332.0,151.0,111.0
160.0,332.0,153.0,111.0
156.0,331.0,154.0,111.0
153.0,331.0,156.0,111.0
155.0,331.0,158.0,111.0
157.0,330.0,161.0,111.0
159.0,330.0,163.0,111.0
166.0,329.0,162.0,110.0
174.0,328.0,161.0,109.0
181.0,327.0,160.0,108.0
186.0,328.0,160.0,106.0
190.0,329.0,160.0,103.0
195.0,330.0,160.0,101.0
201.0,329.0,160.0,103.0
206.0,329.0,161.0,105.0
212.0,328.0,161.0,107.0
215.0,326.0,162.0,107.0
219.0,325.0,162.0,106.0
222.0,323.0,163.0,106.0
222.0,322.0,166.0,105.0
223.0,320.0,168.0,103.0
223.0,319.0,171.0,102.0
226.0,317.0,170.0,102.0
229.0,316.0,170.0,103.0
232.0,314.0,169.0,103.0
234.0,312.0,169.0,101.0
236.0,311.0,170.0,100.0
238.0,309.0,170.0,98.0
240.0,307.0,171.0,97.0
242.0,306.0,171.0,95.0
244.0,304.0,172.0,94.0
246.0,302.0,172.0,96.0
247.0,299.0,171.0,98.0
249.0,297.0,171.0,100.0
247.0,297.0,174.0,97.0
245.0,298.0,177.0,93.0
243.0,298.0,180.0,90.0
246.0,296.0,179.0,91.0
250.0,294.0,179.0,93.0
253.0,292.0,178.0,94.0
254.0,292.0,177.0,93.0
256.0,292.0,177.0,92.0
257.0,292.0,176.0,91.0
258.0,292.0,175.0,91.0
259.0,291.0,174.0,90.0
260.0,291.0,173.0,90.0
262.0,291.0,174.0,90.0
265.0,291.0,175.0,90.0
267.0,291.0,176.0,90.0
268.0,293.0,177.0,88.0
270.0,294.0,178.0,85.0
271.0,296.0,179.0,83.0
275.0,295.0,178.0,83.0
280.0,294.0,177.0,84.0
284.0,293.0,176.0,84.0
287.0,292.0,177.0,84.0
290.0,290.0,178.0,83.0
293.0,289.0,179.0,83.0
298.0,286.0,179.0,83.0
304.0,284.0,179.0,84.0
309.0,281.0,179.0,84.0
315.0,280.0,177.0,83.0
321.0,280.0,175.0,83.0
327.0,279.0,173.0,82.0
331.0,277.0,173.0,82.0
336.0,276.0,173.0,82.0
340.0,274.0,173.0,82.0
343.0,272.0,176.0,82.0
345.0,270.0,178.0,81.0
348.0,268.0,181.0,81.0
354.0,266.0,177.0,82.0
360.0,264.0,172.0,82.0
366.0,262.0,168.0,83.0
366.0,262.0,172.0,82.0
367.0,261.0,176.0,80.0
367.0,261.0,180.0,79.0
371.0,259.0,179.0,80.0
375.0,258.0,177.0,80.0
379.0,256.0,176.0,81.0
380.0,256.0,176.0,78.0
381.0,255.0,176.0,74.0
382.0,255.0,176.0,71.0
383.0,253.0,175.0,73.0
385.0,251.0,175.0,76.0
386.0,249.0,174.0,78.0
387.0,247.0,172.0,80.0
389.0,245.0,170.0,81.0
390.0,243.0,168.0,83.0
388.0,243.0,169.0,79.0
386.0,244.0,169.0,75.0
384.0,244.0,170.0,71.0
384.0,244.0,172.0,73.0
383.0,243.0,174.0,74.0
383.0,243.0,176.0,76.0
382.0,243.0,176.0,74.0
381.0,244.0,176.0,73.0
380.0,244.0,176.0,71.0
378.0,242.0,174.0,74.0
376.0,239.0,173.0,77.0
374.0,237.0,171.0,80.0
373.0,236.0,171.0,81.0
372.0,236.0,171.0,83.0
371.0,235.0,171.0,84.0
369.0,237.0,170.0,80.0
368.0,239.0,169.0,77.0
366.0,241.0,168.0,73.0
363.0,241.0,169.0,73.0
360.0,240.0,170.0,74.0
357.0,240.0,171.0,74.0
354.0,240.0,171.0,73.0
352.0,240.0,171.0,72.0
349.0,240.0,171.0,71.0
345.0,241.0,173.0,71.0
340.0,242.0,175.0,72.0
336.0,243.0,177.0,72.0
336.0,242.0,173.0,74.0
337.0,241.0,168.0,75.0
337.0,240.0,164.0,77.0
332.0,240.0,165.0,76.0
327.0,240.0,165.0,74.0
322.0,240.0,166.0,73.0
318.0,241.0,165.0,74.0
314.0,241.0,165.0,76.0
310.0,242.0,164.0,77.0
303.0,242.0,168.0,78.0
296.0,242.0,172.0,78.0
289.0,242.0,176.0,79.0
287.0,242.0,173.0,76.0
285.0,242.0,170.0,74.0
283.0,242.0,167.0,71.0
279.0,241.0,167.0,72.0
276.0,240.0,166.0,72.0
272.0,239.0,166.0,73.0
266.0,239.0,169.0,73.0
260.0,238.0,171.0,74.0
254.0,238.0,174.0,74.0
250.0,238.0,173.0,75.0
247.0,237.0,171.0,75.0
243.0,237.0,170.0,76.0
239.0,236.0,171.0,76.0
234.0,234.0,173.0,77.0
230.0,233.0,174.0,77.0
226.0,234.0,173.0,75.0
221.0,236.0,172.0,73.0
217.0,237.0,171.0,71.0
210.0,234.0,171.0,73.0
202.0,231.0,170.0,75.0
195.0,228.0,170.0,77.0
188.0,226.0,169.0,78.0
181.0,223.0,167.0,78.0
174.0,221.0,166.0,79.0
166.0,221.0,168.0,77.0
159.0,221.0,169.0,76.0
151.0,221.0,171.0,74.0
145.0,219.0,173.0,75.0
138.0,216.0,174.0,77.0
132.0,214.0,176.0,78.0
125.0,213.0,175.0,77.0
117.0,211.0,174.0,75.0
110.0,210.0,173.0,74.0
101.0,207.0,173.0,76.0
92.0,205.0,174.0,79.0
83.0,202.0,174.0,81.0
79.0,201.0,173.0,81.0
74.0,201.0,172.0,80.0
70.0,200.0,171.0,80.0
64.0,198.0,172.0,80.0
59.0,196.0,173.0,79.0
53.0,194.0,174.0,79.0
52.0,195.0,173.0,76.0
50.0,196.0,172.0,74.0
49.0,197.0,171.0,71.0
44.0,196.0,174.0,73.0
40.0,196.0,177.0,74.0
35.0,195.0,180.0,76.0
39.0,194.0,176.0,77.0
43.0,193.0,173.0,78.0
47.0,192.0,169.0,79.0
50.0,190.0,168.0,80.0
52.0,187.0,168.0,81.0
55.0,185.0,167.0,82.0
60.0,183.0,167.0,79.0
66.0,181.0,166.0,76.0
71.0,179.0,166.0,73.0
79.0,176.0,166.0,74.0
86.0,172.0,167.0,75.0
94.0,169.0,167.0,76.0
103.0,166.0,168.0,74.0
112.0,163.0,169.0,73.0
121.0,160.0,170.0,71.0
132.0,155.0,165.0,73.0
143.0,150.0,161.0,75.0
154.0,145.0,156.0,77.0
159.0,143.0,156.0,78.0
163.0,142.0,156.0,80.0
168.0,140.0,156.0,81.0
169.0,142.0,157.0,80.0
171.0,144.0,159.0,78.0
172.0,146.0,160.0,77.0
174.0,146.0,160.0,78.0
175.0,147.0,160.0,79.0
177.0,147.0,160.0,80.0
181.0,148.0,159.0,77.0
184.0,150.0,157.0,75.0
188.0,151.0,156.0,72.0
189.0,151.0,155.0,74.0
189.0,151.0,155.0,75.0
190.0,151.0,154.0,77.0
192.0,153.0,155.0,76.0
195.0,155.0,156.0,76.0
197.0,157.0,157.0,75.0
200.0,156.0,156.0,76.0
204.0,156.0,155.0,78.0
207.0,155.0,154.0,79.0
210.0,157.0,153.0,79.0
214.0,159.0,153.0,78.0
217.0,161.0,152.0,78.0
220.0,162.0,154.0,79.0
223.0,162.0,155.0,79.0
226.0,163.0,157.0,80.0
229.0,166.0,158.0,80.0
233.0,169.0,158.0,79.0
236.0,172.0,159.0,79.0
238.0,174.0,159.0,78.0
241.0,175.0,158.0,78.0
243.0,177.0,158.0,77.0
246.0,179.0,158.0,79.0
249.0,181.0,158.0,80.0
252.0,183.0,158.0,82.0
253.0,186.0,161.0,81.0
253.0,190.0,163.0,80.0
254.0,193.0,166.0,79.0
257.0,196.0,166.0,78.0
261.0,200.0,166.0,78.0
264.0,203.0,166.0,77.0
267.0,206.0,165.0,78.0
271.0,209.0,165.0,78.0
274.0,212.0,164.0,79.0
277.0,215.0,165.0,79.0
279.0,219.0,167.0,80.0
282.0,222.0,168.0,80.0
285.0,226.0,170.0,80.0
288.0,229.0,171.0,81.0
291.0,233.0,173.0,81.0
296.0,237.0,172.0,81.0
300.0,240.0,172.0,81.0
305.0,244.0,171.0,81.0
310.0,248.0,173.0,80.0
314.0,253.0,176.0,78.0
319.0,257.0,178.0,77.0
323.0,262.0,178.0,76.0
327.0,266.0,177.0,75.0
331.0,271.0,177.0,74.0
338.0,275.0,176.0,74.0
344.0,278.0,175.0,74.0
351.0,282.0,174.0,74.0
357.0,285.0,175.0,76.0
362.0,288.0,176.0,78.0
368.0,291.0,177.0,80.0
375.0,295.0,177.0,79.0
382.0,300.0,177.0,77.0
389.0,304.0,177.0,76.0
397.0,307.0,178.0,77.0
405.0,309.0,178.0,78.0
413.0,312.0,179.0,79.0
421.0,314.0,178.0,79.0
430.0,315.0,178.0,78.0
438.0,317.0,177.0,78.0
446.0,318.0,178.0,81.0
455.0,320.0,178.0,83.0
463.0,321.0,179.0,86.0
472.0,323.0,178.0,85.0
482.0,324.0,177.0,85.0
491.0,326.0,176.0,84.0
498.0,325.0,178.0,86.0
505.0,325.0,180.0,87.0
512.0,324.0,182.0,89.0
522.0,323.0,182.0,90.0
531.0,322.0,181.0,92.0
541.0,321.0,181.0,93.0
548.0,318.0,179.0,95.0
554.0,315.0,178.0,97.0
561.0,312.0,176.0,99.0
568.0,309.0,175.0,100.0
574.0,306.0,175.0,100.0
581.0,303.0,174.0,101.0
590.0,297.0,173.0,103.0
598.0,292.0,171.0,104.0
607.0,286.0,170.0,106.0
613.0,281.0,171.0,105.0
618.0,275.0,172.0,103.0
624.0,270.0,173.0,102.0
631.0,262.0,167.0,104.0
639.0,255.0,162.0,107.0
646.0,247.0,156.0,109.0
651.0,240.0,154.0,109.0
655.0,234.0,151.0,110.0
660.0,227.0,149.0,110.0
663.0,219.0,147.0,109.0
665.0,211.0,146.0,108.0
668.0,203.0,144.0,107.0
670.0,194.0,142.0,105.0
671.0,186.0,139.0,103.0
673.0,177.0,137.0,101.0
674.0,168.0,134.0,101.0
675.0,158.0,131.0,101.0
676.0,149.0,128.0,101.0
674.0,140.0,126.0,100.0
671.0,131.0,123.0,100.0
669.0,122.0,121.0,99.0
667.0,114.0,119.0,97.0
666.0,107.0,117.0,95.0
664.0,99.0,115.0,93.0
669.0,92.0,112.0,92.0
674.0,84.0,110.0,91.0
679.0,77.0,107.0,90.0
687.0,69.0,105.0,88.0
695.0,61.0,102.0,86.0
703.0,53.0,100.0,84.0
709.0,46.0,100.0,84.0
714.0,39.0,99.0,84.0
720.0,32.0,99.0,84.0
726.0,28.0,97.0,83.0
731.0,24.0,96.0,81.0
737.0,20.0,94.0,80.0
740.0,19.0,94.0,80.0
743.0,18.0,94.0,80.0
746.0,17.0,94.0,80.0
748.0,22.0,91.0,79.0
751.0,28.0,89.0,77.0
753.0,33.0,86.0,76.0
753.0,43.0,84.0,74.0
753.0,53.0,82.0,71.0
753.0,63.0,80.0,69.0
749.0,72.0,78.0,69.0
744.0,82.0,75.0,69.0
740.0,91.0,73.0,69.0
733.0,100.0,70.0,67.0
725.0,109.0,67.0,65.0
718.0,118.0,64.0,63.0
709.0,126.0,63.0,62.0
700.0,133.0,62.0,60.0
691.0,141.0,61.0,59.0
680.0,149.0,62.0,59.0
670.0,156.0,62.0,58.0
659.0,164.0,63.0,58.0
649.0,170.0,60.0,57.0
640.0,177.0,57.0,55.0
630.0,183.0,54.0,54.0
619.0,190.0,55.0,55.0
607.0,196.0,56.0,56.0
596.0,203.0,57.0,57.0
587.0,207.0,55.0,54.0
577.0,212.0,53.0,50.0
568.0,216.0,51.0,47.0
562.0,214.0,50.0,48.0
557.0,213.0,49.0,50.0
551.0,211.0,48.0,51.0
544.0,211.0,49.0,51.0
538.0,211.0,51.0,52.0
531.0,211.0,52.0,52.0
528.0,211.0,50.0,53.0
526.0,211.0,49.0,53.0
523.0,211.0,47.0,54.0
521.0,211.0,47.0,53.0
520.0,211.0,46.0,53.0
518.0,211.0,46.0,52.0
516.0,212.0,46.0,50.0
513.0,213.0,46.0,48.0
511.0,214.0,46.0,46.0
508.0,214.0,46.0,47.0
506.0,213.0,47.0,47.0
503.0,213.0,47.0,48.0
504.0,214.0,45.0,46.0
506.0,216.0,43.0,44.0
507.0,217.0,41.0,42.0
507.0,216.0,43.0,43.0
507.0,216.0,45.0,45.0
507.0,215.0,47.0,46.0
508.0,215.0,46.0,44.0
508.0,216.0,45.0,43.0
509.0,216.0,44.0,41.0
509.0,216.0,45.0,42.0
509.0,217.0,47.0,43.0
509.0,217.0,48.0,44.0
510.0,219.0,47.0,43.0
510.0,221.0,45.0,42.0
511.0,223.0,44.0,41.0
512.0,224.0,44.0,42.0
513.0,225.0,45.0,42.0
514.0,226.0,45.0,43.0
514.0,228.0,46.0,42.0
514.0,231.0,46.0,42.0
514.0,233.0,47.0,41.0
515.0,235.0,46.0,43.0
516.0,237.0,45.0,44.0
517.0,239.0,44.0,46.0
516.0,241.0,45.0,45.0
515.0,244.0,46.0,44.0
514.0,246.0,47.0,43.0
515.0,248.0,47.0,42.0
516.0,250.0,46.0,42.0
517.0,252.0,46.0,41.0
517.0,252.0,47.0,41.0
518.0,253.0,47.0,41.0
518.0,253.0,48.0,41.0
518.0,254.0,48.0,41.0
517.0,255.0,47.0,42.0
517.0,256.0,47.0,42.0
516.0,256.0,48.0,42.0
515.0,256.0,49.0,43.0
514.0,256.0,50.0,43.0
514.0,257.0,50.0,43.0
513.0,258.0,49.0,44.0
513.0,259.0,49.0,44.0
514.0,260.0,48.0,46.0
516.0,260.0,47.0,47.0
517.0,261.0,46.0,49.0
516.0,263.0,47.0,48.0
515.0,266.0,48.0,47.0
514.0,268.0,49.0,46.0
513.0,269.0,49.0,46.0
512.0,269.0,48.0,47.0
511.0,270.0,48.0,47.0
510.0,273.0,48.0,47.0
509.0,275.0,49.0,47.0
508.0,278.0,49.0,47.0
508.0,279.0,49.0,48.0
507.0,280.0,48.0,48.0
507.0,281.0,48.0,49.0
507.0,282.0,48.0,50.0
506.0,282.0,47.0,50.0
506.0,283.0,47.0,51.0
504.0,286.0,48.0,51.0
503.0,288.0,50.0,52.0
501.0,291.0,51.0,52.0
501.0,294.0,51.0,51.0
501.0,296.0,50.0,50.0
501.0,299.0,50.0,49.0
500.0,301.0,49.0,49.0
500.0,304.0,49.0,48.0
499.0,306.0,48.0,48.0
498.0,307.0,49.0,51.0
498.0,308.0,50.0,53.0
497.0,309.0,51.0,56.0
497.0,311.0,50.0,54.0
496.0,314.0,50.0,51.0
496.0,316.0,49.0,49.0
495.0,318.0,50.0,51.0
493.0,319.0,50.0,52.0
492.0,321.0,51.0,54.0
491.0,323.0,52.0,54.0
490.0,325.0,52.0,54.0
489.0,327.0,53.0,54.0
489.0,328.0,53.0,55.0
488.0,329.0,53.0,57.0
488.0,330.0,53.0,58.0
487.0,333.0,52.0,57.0
486.0,335.0,52.0,57.0
485.0,338.0,51.0,56.0
484.0,340.0,52.0,57.0
483.0,341.0,53.0,58.0
482.0,343.0,54.0,59.0
482.0,345.0,53.0,58.0
481.0,348.0,51.0,58.0
481.0,350.0,50.0,57.0
481.0,352.0,50.0,58.0
481.0,354.0,50.0,59.0
481.0,356.0,50.0,60.0
480.0,357.0,51.0,61.0
478.0,357.0,52.0,63.0
477.0,358.0,53.0,64.0
477.0,360.0,53.0,63.0
476.0,362.0,54.0,63.0
476.0,364.0,54.0,62.0
475.0,366.0,54.0,62.0
475.0,368.0,54.0,61.0
474.0,370.0,54.0,61.0
473.0,371.0,55.0,62.0
472.0,372.0,56.0,62.0
471.0,373.0,57.0,63.0
472.0,374.0,57.0,64.0
472.0,376.0,56.0,65.0
473.0,377.0,56.0,66.0
472.0,378.0,57.0,65.0
471.0,379.0,57.0,65.0
470.0,380.0,58.0,64.0
471.0,380.0,57.0,64.0
472.0,381.0,55.0,64.0
473.0,381.0,54.0,64.0
472.0,381.0,55.0,66.0
471.0,380.0,57.0,68.0
470.0,380.0,58.0,70.0
470.0,381.0,59.0,69.0
469.0,381.0,60.0,68.0
469.0,382.0,61.0,67.0
470.0,380.0,60.0,68.0
470.0,377.0,60.0,68.0
471.0,375.0,59.0,69.0
471.0,375.0,60.0,69.0
470.0,376.0,60.0,68.0
470.0,376.0,61.0,68.0
471.0,376.0,61.0,67.0
472.0,377.0,61.0,67.0
473.0,377.0,61.0,66.0
473.0,376.0,61.0,67.0
473.0,375.0,61.0,67.0
473.0,374.0,61.0,68.0
474.0,374.0,62.0,66.0
474.0,375.0,63.0,65.0
475.0,375.0,64.0,63.0
476.0,373.0,65.0,63.0
478.0,372.0,65.0,64.0
479.0,370.0,66.0,64.0
480.0,369.0,66.0,64.0
481.0,367.0,66.0,63.0
482.0,366.0,66.0,63.0
482.0,365.0,67.0,63.0
483.0,363.0,68.0,64.0
483.0,362.0,69.0,64.0
485.0,362.0,69.0,64.0
486.0,361.0,68.0,64.0
488.0,361.0,68.0,64.0
489.0,360.0,68.0,63.0
490.0,360.0,69.0,63.0
491.0,359.0,69.0,62.0
494.0,358.0,67.0,62.0
497.0,356.0,66.0,61.0
500.0,355.0,64.0,61.0
501.0,355.0,64.0,60.0
502.0,356.0,64.0,60.0
503.0,356.0,64.0,59.0
505.0,354.0,65.0,60.0
506.0,353.0,65.0,61.0
508.0,351.0,66.0,62.0
509.0,350.0,66.0,62.0
510.0,349.0,67.0,63.0
511.0,348.0,67.0,63.0
513.0,347.0,65.0,63.0
515.0,345.0,64.0,62.0
517.0,344.0,62.0,62.0
519.0,343.0,62.0,62.0
522.0,341.0,62.0,63.0
524.0,340.0,62.0,63.0
526.0,339.0,62.0,63.0
527.0,338.0,61.0,63.0
529.0,337.0,61.0,63.0
531.0,335.0,61.0,62.0
532.0,334.0,60.0,62.0
534.0,332.0,60.0,61.0
538.0,332.0,59.0,59.0
542.0,331.0,57.0,56.0
546.0,331.0,56.0,54.0
547.0,330.0,57.0,55.0
548.0,328.0,58.0,57.0
549.0,327.0,59.0,58.0
550.0,326.0,58.0,56.0
552.0,325.0,58.0,55.0
553.0,324.0,57.0,53.0
555.0,322.0,58.0,53.0
558.0,321.0,58.0,53.0
560.0,319.0,59.0,53.0
563.0,318.0,59.0,52.0
567.0,317.0,60.0,52.0
570.0,316.0,60.0,51.0
573.0,314.0,59.0,50.0
576.0,313.0,59.0,50.0
579.0,311.0,58.0,49.0
582.0,309.0,58.0,50.0
584.0,308.0,59.0,51.0
587.0,306.0,59.0,52.0
588.0,304.0,59.0,52.0
590.0,302.0,58.0,52.0
591.0,300.0,58.0,52.0
594.0,298.0,57.0,51.0
596.0,295.0,55.0,49.0
599.0,293.0,54.0,48.0
601.0,293.0,53.0,46.0
602.0,293.0,51.0,45.0
604.0,293.0,50.0,43.0
606.0,291.0,50.0,45.0
608.0,289.0,51.0,46.0
610.0,287.0,51.0,48.0
611.0,284.0,51.0,49.0
613.0,280.0,50.0,51.0
614.0,277.0,50.0,52.0
616.0,276.0,49.0,51.0
619.0,274.0,48.0,49.0
621.0,273.0,47.0,48.0
622.0,272.0,48.0,47.0
623.0,270.0,48.0,45.0
624.0,269.0,49.0,44.0
626.0,266.0,47.0,45.0
628.0,262.0,45.0,47.0
630.0,259.0,43.0,48.0
630.0,257.0,43.0,47.0
631.0,256.0,44.0,45.0
631.0,254.0,44.0,44.0
634.0,251.0,43.0,45.0
637.0,247.0,42.0,47.0
640.0,244.0,41.0,48.0
640.0,244.0,42.0,46.0
640.0,243.0,42.0,43.0
640.0,243.0,43.0,41.0
641.0,241.0,42.0,42.0
643.0,238.0,41.0,43.0
644.0,236.0,40.0,44.0
644.0,233.0,39.0,44.0
645.0,231.0,39.0,43.0
645.0,228.0,38.0,43.0
646.0,226.0,38.0,43.0
648.0,223.0,38.0,42.0
649.0,221.0,38.0,42.0
650.0,220.0,38.0,41.0
650.0,218.0,37.0,41.0
651.0,217.0,37.0,40.0
651.0,215.0,37.0,39.0
651.0,212.0,38.0,39.0
651.0,210.0,38.0,38.0
651.0,207.0,38.0,38.0
652.0,205.0,37.0,38.0
652.0,202.0,37.0,38.0
653.0,201.0,35.0,37.0
654.0,199.0,33.0,37.0
655.0,198.0,31.0,36.0
655.0,196.0,32.0,35.0
656.0,194.0,32.0,35.0
656.0,192.0,33.0,34.0
654.0,191.0,34.0,34.0
653.0,189.0,35.0,34.0
651.0,188.0,36.0,34.0
651.0,185.0,35.0,35.0
652.0,182.0,35.0,36.0
652.0,179.0,34.0,37.0
652.0,177.0,34.0,37.0
652.0,174.0,34.0,38.0
652.0,172.0,34.0,38.0
652.0,171.0,34.0,37.0
653.0,171.0,33.0,35.0
653.0,170.0,33.0,34.0
653.0,170.0,32.0,33.0
654.0,170.0,32.0,33.0
654.0,170.0,31.0,32.0
654.0,170.0,30.0,31.0
655.0,170.0,30.0,29.0
655.0,170.0,29.0,28.0
655.0,169.0,29.0,28.0
655.0,168.0,29.0,28.0
655.0,167.0,29.0,28.0
656.0,167.0,29.0,28.0
656.0,167.0,29.0,28.0
657.0,167.0,29.0,28.0
657.0,167.0,29.0,28.0
657.0,166.0,29.0,28.0
657.0,166.0,29.0,28.0
657.0,166.0,29.0,28.0
658.0,167.0,28.0,27.0
658.0,167.0,28.0,27.0
659.0,167.0,27.0,27.0
659.0,167.0,26.0,26.0
660.0,167.0,25.0,26.0
660.0,167.0,25.0,26.0
661.0,167.0,26.0,26.0
661.0,167.0,26.0,26.0
662.0,167.0,26.0,26.0
662.0,166.0,25.0,25.0
663.0,166.0,25.0,25.0
663.0,166.0,25.0,25.0
663.0,165.0,25.0,24.0
663.0,165.0,25.0,24.0
663.0,165.0,25.0,24.0
664.0,165.0,25.0,24.0
664.0,165.0,25.0,24.0
665.0,165.0,24.0,24.0
666.0,164.0,23.0,24.0
667.0,164.0,22.0,24.0
667.0,164.0,22.0,24.0
668.0,164.0,22.0,24.0
668.0,164.0,22.0,24.0
668.0,164.0,22.0,24.0
669.0,164.0,22.0,23.0
669.0,164.0,22.0,23.0
669.0,164.0,22.0,22.0
669.0,163.0,22.0,22.0
669.0,163.0,22.0,21.0
670.0,163.0,22.0,21.0
670.0,163.0,22.0,21.0
671.0,163.0,22.0,21.0
671.0,163.0,22.0,21.0
672.0,164.0,22.0,21.0
672.0,164.0,22.0,21.0
672.0,164.0,22.0,21.0
673.0,165.0,22.0,20.0
673.0,165.0,22.0,20.0
673.0,166.0,23.0,20.0
674.0,166.0,23.0,20.0
674.0,167.0,24.0,20.0
674.0,167.0,23.0,20.0
675.0,167.0,23.0,20.0
675.0,167.0,22.0,20.0
675.0,167.0,22.0,20.0
676.0,168.0,22.0,20.0
676.0,168.0,22.0,20.0
676.0,168.0,22.0,20.0
676.0,169.0,22.0,20.0
676.0,169.0,22.0,20.0
677.0,169.0,21.0,20.0
677.0,169.0,21.0,20.0
678.0,169.0,20.0,20.0
678.0,168.0,20.0,20.0
679.0,167.0,20.0,20.0
679.0,166.0,20.0,20.0
680.0,165.0,20.0,20.0
680.0,165.0,20.0,20.0
681.0,164.0,20.0,20.0
681.0,163.0,20.0,20.0
682.0,161.0,20.0,20.0
682.0,160.0,20.0,20.0
682.0,160.0,20.0,20.0
683.0,159.0,20.0,20.0
683.0,159.0,20.0,20.0
