590.0,286.0,38.0,79.0
589.0,296.0,38.0,79.0
589.0,298.0,38.0,79.0
587.0,298.0,40.0,83.0
588.0,301.0,38.0,79.0
588.0,303.0,38.0,79.0
588.0,304.0,36.0,75.0
587.0,302.0,36.0,75.0
588.0,303.0,36.0,75.0
588.0,303.0,34.0,72.0
586.0,301.0,36.0,75.0
586.0,301.0,36.0,75.0
586.0,301.0,36.0,75.0
585.0,301.0,38.0,79.0
585.0,300.0,38.0,79.0
582.0,310.0,38.0,79.0
583.0,315.0,36.0,75.0
581.0,316.0,38.0,79.0
581.0,321.0,36.0,75.0
582.0,327.0,34.0,72.0
581.0,334.0,33.0,68.0
579.0,335.0,34.0,72.0
580.0,334.0,34.0,72.0
579.0,335.0,33.0,68.0
581.0,338.0,31.0,65.0
580.0,338.0,30.0,62.0
581.0,338.0,28.0,59.0
580.0,338.0,28.0,59.0
580.0,341.0,27.0,56.0
581.0,344.0,27.0,56.0
579.0,348.0,27.0,56.0
579.0,349.0,27.0,56.0
579.0,352.0,27.0,56.0
578.0,356.0,27.0,56.0
578.0,359.0,27.0,56.0
577.0,363.0,27.0,56.0
577.0,363.0,26.0,53.0
578.0,363.0,24.0,51.0
578.0,364.0,24.0,51.0
577.0,365.0,23.0,48.0
579.0,364.0,22.0,46.0
573.0,365.0,33.0,74.0
571.0,362.0,33.0,74.0
571.0,360.0,33.0,74.0
570.0,359.0,33.0,74.0
570.0,362.0,33.0,74.0
570.0,361.0,33.0,74.0
569.0,358.0,33.0,74.0
569.0,363.0,31.0,70.0
568.0,361.0,33.0,74.0
569.0,361.0,33.0,74.0
567.0,360.0,33.0,74.0
567.0,357.0,33.0,74.0
568.0,357.0,33.0,74.0
568.0,358.0,33.0,74.0
568.0,356.0,33.0,74.0
567.0,358.0,33.0,74.0
568.0,356.0,31.0,70.0
568.0,354.0,31.0,70.0
568.0,354.0,31.0,70.0
568.0,355.0,31.0,70.0
568.0,353.0,31.0,70.0
568.0,354.0,30.0,67.0
569.0,351.0,30.0,67.0
568.0,350.0,30.0,67.0
568.0,352.0,29.0,64.0
567.0,349.0,30.0,67.0
567.0,348.0,30.0,67.0
568.0,348.0,30.0,67.0
567.0,346.0,30.0,67.0
567.0,346.0,30.0,67.0
568.0,344.0,30.0,67.0
567.0,345.0,30.0,67.0
568.0,345.0,30.0,67.0
568.0,349.0,30.0,67.0
567.0,350.0,30.0,67.0
568.0,351.0,29.0,64.0
570.0,356.0,27.0,61.0
570.0,357.0,26.0,58.0
570.0,358.0,25.0,55.0
571.0,358.0,25.0,55.0
572.0,357.0,23.0,53.0
570.0,356.0,25.0,55.0
570.0,356.0,25.0,55.0
571.0,355.0,25.0,55.0
570.0,353.0,25.0,55.0
571.0,351.0,25.0,55.0
570.0,352.0,25.0,55.0
570.0,352.0,25.0,55.0
570.0,349.0,32.0,89.0
568.0,349.0,32.0,89.0
568.0,345.0,34.0,93.0
567.0,346.0,34.0,93.0
569.0,351.0,34.0,93.0
568.0,352.0,34.0,93.0
570.0,359.0,32.0,89.0
570.0,359.0,30.0,85.0
570.0,359.0,30.0,85.0
569.0,358.0,30.0,85.0
568.0,354.0,32.0,89.0
568.0,352.0,32.0,89.0
565.0,349.0,34.0,93.0
567.0,349.0,32.0,89.0
566.0,348.0,32.0,89.0
559.0,366.0,43.0,82.0
558.0,360.0,43.0,82.0
558.0,361.0,43.0,82.0
555.0,360.0,43.0,82.0
555.0,358.0,43.0,82.0
555.0,358.0,43.0,82.0
564.0,381.0,33.0,70.0
564.0,373.0,33.0,70.0
562.0,370.0,33.0,70.0
563.0,369.0,33.0,70.0
562.0,368.0,33.0,70.0
561.0,365.0,33.0,70.0
561.0,363.0,33.0,70.0
561.0,361.0,33.0,70.0
560.0,359.0,33.0,70.0
561.0,357.0,31.0,67.0
559.0,355.0,31.0,67.0
560.0,352.0,31.0,67.0
558.0,350.0,31.0,67.0
558.0,350.0,31.0,67.0
557.0,374.0,27.0,64.0
557.0,372.0,27.0,64.0
556.0,367.0,27.0,64.0
555.0,365.0,27.0,64.0
555.0,365.0,27.0,64.0
553.0,360.0,27.0,64.0
554.0,360.0,26.0,61.0
554.0,357.0,26.0,61.0
553.0,354.0,26.0,61.0
551.0,351.0,26.0,61.0
550.0,349.0,26.0,61.0
549.0,345.0,26.0,61.0
548.0,344.0,26.0,61.0
533.0,352.0,41.0,80.0
527.0,354.0,41.0,80.0
524.0,348.0,43.0,84.0
523.0,345.0,43.0,84.0
521.0,342.0,43.0,84.0
531.0,359.0,32.0,77.0
533.0,357.0,32.0,77.0
531.0,352.0,32.0,77.0
528.0,348.0,34.0,81.0
528.0,344.0,34.0,81.0
526.0,343.0,34.0,81.0
526.0,337.0,34.0,81.0
525.0,335.0,34.0,81.0
525.0,332.0,34.0,81.0
523.0,328.0,34.0,81.0
519.0,341.0,35.0,66.0
519.0,340.0,35.0,66.0
519.0,337.0,35.0,66.0
519.0,335.0,33.0,63.0
519.0,336.0,33.0,63.0
521.0,338.0,35.0,66.0
506.0,354.0,40.0,74.0
513.0,348.0,40.0,74.0
513.0,347.0,40.0,74.0
513.0,346.0,40.0,74.0
511.0,345.0,40.0,74.0
504.0,352.0,31.0,52.0
507.0,350.0,31.0,52.0
506.0,346.0,31.0,52.0
504.0,344.0,31.0,52.0
507.0,340.0,31.0,52.0
504.0,339.0,31.0,52.0
505.0,335.0,31.0,52.0
503.0,335.0,31.0,52.0
503.0,332.0,31.0,52.0
504.0,330.0,31.0,52.0
503.0,334.0,31.0,52.0
504.0,335.0,30.0,50.0
502.0,341.0,30.0,50.0
502.0,342.0,30.0,50.0
502.0,340.0,30.0,50.0
501.0,340.0,30.0,50.0
484.0,353.0,42.0,85.0
488.0,344.0,42.0,85.0
489.0,338.0,42.0,85.0
488.0,336.0,42.0,85.0
487.0,333.0,42.0,85.0
487.0,328.0,42.0,85.0
486.0,327.0,42.0,85.0
481.0,328.0,42.0,85.0
479.0,332.0,42.0,85.0
480.0,332.0,42.0,85.0
481.0,330.0,42.0,85.0
479.0,330.0,44.0,89.0
479.0,332.0,44.0,89.0
482.0,330.0,42.0,85.0
479.0,363.0,37.0,64.0
473.0,363.0,37.0,64.0
473.0,363.0,35.0,61.0
473.0,363.0,34.0,58.0
471.0,361.0,34.0,58.0
477.0,361.0,41.0,81.0
480.0,358.0,41.0,81.0
481.0,356.0,41.0,81.0
481.0,354.0,41.0,81.0
480.0,353.0,41.0,81.0
480.0,352.0,41.0,81.0
478.0,351.0,41.0,81.0
477.0,349.0,41.0,81.0
476.0,347.0,41.0,81.0
477.0,345.0,41.0,81.0
480.0,343.0,41.0,81.0
474.0,368.0,29.0,76.0
473.0,369.0,29.0,76.0
473.0,371.0,29.0,76.0
471.0,370.0,29.0,76.0
472.0,367.0,29.0,76.0
472.0,366.0,29.0,76.0
472.0,365.0,29.0,76.0
473.0,365.0,30.0,80.0
472.0,360.0,30.0,80.0
470.0,359.0,30.0,80.0
470.0,358.0,30.0,80.0
472.0,356.0,30.0,80.0
471.0,358.0,29.0,76.0
470.0,359.0,29.0,76.0
471.0,359.0,29.0,76.0
467.0,389.0,51.0,70.0
475.0,400.0,49.0,67.0
475.0,398.0,49.0,67.0
477.0,398.0,49.0,67.0
472.0,426.0,47.0,58.0
462.0,418.0,56.0,77.0
470.0,414.0,56.0,77.0
470.0,413.0,56.0,77.0
480.0,449.0,63.0,77.0
470.0,428.0,67.0,88.0
477.0,442.0,64.0,68.0
472.0,442.0,62.0,68.0
469.0,448.0,66.0,57.0
478.0,449.0,49.0,56.0
476.0,450.0,48.0,46.0
480.0,454.0,48.0,46.0
481.0,454.0,48.0,46.0
481.0,452.0,48.0,46.0
479.0,453.0,48.0,46.0
477.0,453.0,48.0,46.0
476.0,452.0,48.0,46.0
477.0,450.0,48.0,46.0
478.0,454.0,68.0,35.0
480.0,453.0,68.0,35.0
480.0,449.0,68.0,35.0
480.0,449.0,71.0,37.0
502.0,448.0,86.0,51.0
493.0,445.0,86.0,51.0
493.0,445.0,86.0,51.0
491.0,444.0,86.0,51.0
490.0,444.0,86.0,51.0
488.0,444.0,86.0,51.0
507.0,452.0,86.0,43.0
503.0,453.0,86.0,43.0
503.0,451.0,82.0,41.0
501.0,450.0,86.0,43.0
559.0,465.0,53.0,43.0
558.0,471.0,53.0,43.0
559.0,471.0,53.0,43.0
559.0,471.0,53.0,43.0
560.0,471.0,53.0,43.0
555.0,469.0,53.0,43.0
572.0,468.0,63.0,33.0
561.0,467.0,63.0,33.0
575.0,471.0,67.0,39.0
565.0,472.0,67.0,39.0
564.0,470.0,70.0,41.0
567.0,471.0,70.0,41.0
568.0,469.0,70.0,41.0
569.0,469.0,70.0,41.0
568.0,469.0,70.0,41.0
599.0,456.0,48.0,36.0
598.0,453.0,48.0,36.0
599.0,456.0,50.0,38.0
586.0,512.0,72.0,73.0
577.0,550.0,76.0,77.0
569.0,567.0,79.0,80.0
566.0,566.0,112.0,100.0
557.0,563.0,112.0,100.0
552.0,552.0,118.0,105.0
552.0,547.0,112.0,100.0
595.0,567.0,98.0,70.0
583.0,566.0,98.0,70.0
586.0,566.0,93.0,67.0
586.0,565.0,93.0,67.0
582.0,560.0,93.0,67.0
582.0,556.0,93.0,67.0
583.0,545.0,93.0,67.0
609.0,526.0,95.0,65.0
598.0,528.0,95.0,65.0
596.0,525.0,95.0,65.0
597.0,525.0,95.0,65.0
599.0,526.0,90.0,62.0
597.0,521.0,90.0,62.0
593.0,520.0,90.0,62.0
594.0,517.0,90.0,62.0
598.0,507.0,90.0,62.0
599.0,505.0,90.0,62.0
601.0,501.0,90.0,62.0
598.0,494.0,90.0,62.0
610.0,491.0,90.0,62.0
612.0,485.0,95.0,65.0
603.0,479.0,100.0,68.0
602.0,472.0,105.0,72.0
605.0,465.0,105.0,72.0
604.0,460.0,105.0,72.0
603.0,457.0,105.0,72.0
602.0,455.0,105.0,72.0
600.0,452.0,105.0,72.0
601.0,452.0,100.0,68.0
601.0,452.0,95.0,65.0
598.0,448.0,95.0,65.0
595.0,447.0,95.0,65.0
591.0,445.0,95.0,65.0
586.0,442.0,95.0,65.0
583.0,439.0,95.0,65.0
580.0,438.0,95.0,65.0
577.0,436.0,95.0,65.0
570.0,434.0,100.0,68.0
569.0,433.0,100.0,68.0
566.0,433.0,100.0,68.0
567.0,430.0,100.0,68.0
570.0,430.0,95.0,65.0
596.0,411.0,72.0,50.0
596.0,410.0,72.0,50.0
599.0,403.0,72.0,50.0
603.0,400.0,72.0,50.0
600.0,396.0,72.0,50.0
601.0,394.0,69.0,48.0
606.0,396.0,69.0,48.0
611.0,393.0,86.0,58.0
611.0,398.0,86.0,58.0
613.0,397.0,86.0,58.0
612.0,397.0,86.0,58.0
611.0,396.0,86.0,58.0
611.0,398.0,86.0,58.0
609.0,398.0,86.0,58.0
595.0,393.0,95.0,55.0
605.0,401.0,81.0,47.0
603.0,400.0,85.0,43.0
612.0,399.0,82.0,40.0
617.0,391.0,81.0,54.0
602.0,397.0,105.0,72.0
625.0,385.0,75.0,56.0
635.0,391.0,68.0,55.0
628.0,385.0,75.0,60.0
633.0,381.0,74.0,61.0
646.0,381.0,58.0,62.0
650.0,385.0,56.0,58.0
656.0,389.0,52.0,52.0
652.0,379.0,58.0,61.0
660.0,382.0,56.0,64.0
654.0,391.0,65.0,65.0
658.0,390.0,65.0,65.0
661.0,390.0,65.0,65.0
663.0,388.0,65.0,65.0
665.0,389.0,65.0,65.0
667.0,389.0,65.0,65.0
668.0,391.0,65.0,65.0
668.0,392.0,65.0,65.0
669.0,393.0,65.0,65.0
668.0,393.0,65.0,65.0
668.0,395.0,65.0,65.0
667.0,395.0,65.0,65.0
666.0,398.0,65.0,65.0
666.0,399.0,65.0,65.0
666.0,399.0,65.0,65.0
664.0,402.0,65.0,65.0
664.0,401.0,65.0,65.0
664.0,402.0,65.0,65.0
664.0,404.0,65.0,65.0
664.0,404.0,65.0,65.0
667.0,405.0,65.0,65.0
668.0,405.0,65.0,65.0
668.0,405.0,65.0,65.0
667.0,405.0,65.0,65.0
668.0,407.0,65.0,65.0
666.0,409.0,65.0,65.0
667.0,409.0,65.0,65.0
667.0,412.0,65.0,65.0
668.0,415.0,62.0,62.0
667.0,417.0,62.0,62.0
668.0,420.0,59.0,59.0
668.0,419.0,59.0,59.0
668.0,420.0,59.0,59.0
668.0,420.0,59.0,59.0
669.0,421.0,59.0,59.0
669.0,421.0,59.0,59.0
668.0,422.0,59.0,59.0
667.0,423.0,59.0,59.0
667.0,425.0,59.0,59.0
666.0,425.0,59.0,59.0
666.0,428.0,59.0,59.0
664.0,429.0,59.0,59.0
665.0,430.0,59.0,59.0
663.0,431.0,59.0,59.0
663.0,431.0,59.0,59.0
662.0,432.0,59.0,59.0
661.0,432.0,59.0,59.0
659.0,433.0,59.0,59.0
658.0,433.0,59.0,59.0
657.0,435.0,59.0,59.0
655.0,436.0,59.0,59.0
654.0,436.0,59.0,59.0
654.0,437.0,59.0,59.0
654.0,436.0,59.0,59.0
654.0,435.0,59.0,59.0
654.0,437.0,59.0,59.0
652.0,437.0,59.0,59.0
650.0,436.0,59.0,59.0
651.0,433.0,62.0,62.0
651.0,429.0,65.0,65.0
650.0,426.0,68.0,68.0
646.0,424.0,72.0,72.0
645.0,424.0,72.0,72.0
643.0,425.0,72.0,72.0
643.0,425.0,72.0,72.0
639.0,425.0,75.0,75.0
635.0,424.0,75.0,75.0
634.0,424.0,75.0,75.0
634.0,424.0,75.0,75.0
633.0,425.0,75.0,75.0
633.0,425.0,75.0,75.0
633.0,427.0,75.0,75.0
631.0,426.0,75.0,75.0
627.0,420.0,68.0,60.0
626.0,413.0,70.0,70.0
637.0,422.0,58.0,62.0
634.0,418.0,60.0,62.0
638.0,423.0,58.0,60.0
628.0,428.0,75.0,75.0
626.0,419.0,70.0,66.0
631.0,423.0,65.0,62.0
631.0,420.0,68.0,66.0
629.0,419.0,69.0,65.0
629.0,418.0,73.0,72.0
623.0,430.0,65.0,49.0
636.0,423.0,50.0,56.0
624.0,419.0,67.0,65.0
625.0,427.0,67.0,65.0
624.0,427.0,67.0,65.0
623.0,428.0,67.0,65.0
624.0,429.0,67.0,65.0
623.0,428.0,67.0,65.0
622.0,428.0,67.0,65.0
623.0,428.0,67.0,65.0
623.0,428.0,67.0,65.0
623.0,429.0,67.0,65.0
622.0,430.0,67.0,65.0
618.0,419.0,74.0,73.0
618.0,424.0,74.0,73.0
620.0,424.0,74.0,73.0
621.0,424.0,74.0,73.0
619.0,426.0,74.0,73.0
620.0,426.0,74.0,73.0
621.0,425.0,74.0,73.0
621.0,426.0,74.0,73.0
622.0,427.0,74.0,73.0
621.0,427.0,74.0,73.0
622.0,428.0,74.0,73.0
623.0,429.0,74.0,73.0
623.0,429.0,74.0,73.0
624.0,430.0,74.0,73.0
625.0,430.0,74.0,73.0
624.0,430.0,74.0,73.0
624.0,430.0,74.0,73.0
625.0,431.0,74.0,73.0
626.0,433.0,74.0,73.0
627.0,433.0,74.0,73.0
627.0,434.0,74.0,73.0
627.0,435.0,74.0,73.0
635.0,437.0,60.0,55.0
635.0,444.0,60.0,55.0
635.0,445.0,60.0,55.0
636.0,447.0,60.0,55.0
637.0,447.0,60.0,55.0
637.0,448.0,60.0,55.0
638.0,451.0,60.0,55.0
637.0,451.0,60.0,55.0
639.0,453.0,60.0,55.0
639.0,454.0,60.0,55.0
639.0,454.0,60.0,55.0
640.0,456.0,60.0,55.0
641.0,459.0,60.0,55.0
642.0,460.0,60.0,55.0
642.0,461.0,60.0,55.0
642.0,463.0,60.0,55.0
641.0,465.0,60.0,55.0
642.0,464.0,60.0,55.0
642.0,466.0,60.0,55.0
643.0,466.0,60.0,55.0
644.0,468.0,60.0,55.0
644.0,469.0,60.0,55.0
644.0,471.0,60.0,55.0
644.0,472.0,60.0,55.0
645.0,474.0,60.0,55.0
645.0,474.0,60.0,55.0
645.0,475.0,60.0,55.0
646.0,477.0,60.0,55.0
647.0,478.0,60.0,55.0
649.0,479.0,60.0,55.0
649.0,480.0,60.0,55.0
650.0,480.0,60.0,55.0
651.0,483.0,60.0,55.0
651.0,483.0,60.0,55.0
651.0,484.0,60.0,55.0
651.0,486.0,60.0,55.0
650.0,485.0,60.0,55.0
650.0,486.0,60.0,55.0
650.0,488.0,60.0,55.0
649.0,488.0,60.0,55.0
650.0,490.0,60.0,55.0
648.0,491.0,60.0,55.0
648.0,492.0,60.0,55.0
648.0,493.0,60.0,55.0
648.0,493.0,60.0,55.0
647.0,492.0,60.0,55.0
646.0,493.0,60.0,55.0
645.0,493.0,60.0,55.0
644.0,495.0,60.0,55.0
643.0,495.0,60.0,55.0
642.0,496.0,60.0,55.0
640.0,495.0,60.0,55.0
639.0,497.0,60.0,55.0
638.0,497.0,60.0,55.0
636.0,497.0,60.0,55.0
635.0,496.0,60.0,55.0
634.0,498.0,60.0,55.0
634.0,500.0,60.0,55.0
635.0,500.0,60.0,55.0
633.0,500.0,60.0,55.0
635.0,501.0,60.0,55.0
636.0,500.0,60.0,55.0
637.0,502.0,60.0,55.0
638.0,503.0,60.0,55.0
639.0,503.0,63.0,58.0
640.0,501.0,63.0,58.0
642.0,500.0,63.0,58.0
641.0,498.0,63.0,58.0
644.0,497.0,63.0,58.0
641.0,498.0,63.0,58.0
639.0,498.0,63.0,58.0
634.0,494.0,92.0,52.0
628.0,499.0,92.0,52.0
627.0,499.0,92.0,52.0
626.0,498.0,92.0,52.0
623.0,499.0,92.0,52.0
621.0,498.0,92.0,52.0
620.0,499.0,92.0,52.0
620.0,498.0,92.0,52.0
618.0,498.0,92.0,52.0
616.0,499.0,92.0,52.0
615.0,499.0,92.0,52.0
614.0,499.0,92.0,52.0
612.0,498.0,92.0,52.0
609.0,498.0,92.0,52.0
606.0,496.0,92.0,52.0
603.0,496.0,92.0,52.0
600.0,495.0,92.0,52.0
599.0,494.0,92.0,52.0
600.0,493.0,92.0,52.0
601.0,494.0,92.0,52.0
599.0,495.0,92.0,52.0
599.0,495.0,92.0,52.0
603.0,496.0,88.0,50.0
607.0,499.0,83.0,47.0
617.0,486.0,65.0,47.0
620.0,493.0,65.0,47.0
620.0,495.0,65.0,47.0
622.0,495.0,65.0,47.0
619.0,480.0,66.0,48.0
616.0,478.0,73.0,53.0
612.0,480.0,75.0,48.0
605.0,479.0,86.0,44.0
587.0,470.0,112.0,64.0
583.0,472.0,120.0,54.0
570.0,471.0,133.0,55.0
625.0,488.0,68.0,49.0
559.0,475.0,134.0,47.0
553.0,476.0,134.0,47.0
547.0,474.0,134.0,47.0
542.0,473.0,134.0,47.0
536.0,472.0,134.0,47.0
532.0,470.0,134.0,47.0
520.0,466.0,141.0,49.0
511.0,462.0,141.0,49.0
505.0,462.0,141.0,49.0
506.0,460.0,134.0,47.0
495.0,426.0,84.0,73.0
501.0,424.0,84.0,73.0
506.0,424.0,84.0,73.0
527.0,421.0,84.0,73.0
531.0,427.0,84.0,73.0
488.0,417.0,59.0,53.0
500.0,417.0,59.0,53.0
509.0,418.0,59.0,53.0
517.0,419.0,59.0,53.0
512.0,412.0,58.0,54.0
524.0,414.0,58.0,54.0
533.0,416.0,58.0,54.0
541.0,416.0,58.0,54.0
543.0,417.0,60.0,48.0
556.0,421.0,60.0,48.0
562.0,419.0,60.0,48.0
567.0,420.0,60.0,48.0
573.0,419.0,60.0,48.0
578.0,418.0,60.0,48.0
583.0,419.0,60.0,48.0
588.0,420.0,60.0,48.0
592.0,420.0,60.0,48.0
592.0,422.0,60.0,48.0
592.0,424.0,60.0,48.0
598.0,430.0,60.0,48.0
595.0,430.0,60.0,48.0
597.0,427.0,60.0,48.0
599.0,429.0,60.0,48.0
602.0,430.0,60.0,48.0
608.0,429.0,60.0,48.0
563.0,427.0,90.0,45.0
568.0,426.0,90.0,45.0
561.0,422.0,94.0,47.0
558.0,426.0,90.0,45.0
561.0,427.0,86.0,43.0
514.0,426.0,98.0,61.0
523.0,429.0,98.0,61.0
528.0,430.0,98.0,61.0
528.0,427.0,98.0,61.0
529.0,421.0,98.0,61.0
527.0,420.0,93.0,58.0
485.0,425.0,93.0,47.0
487.0,424.0,93.0,47.0
484.0,425.0,93.0,47.0
484.0,426.0,93.0,47.0
484.0,429.0,89.0,45.0
486.0,428.0,89.0,45.0
463.0,429.0,89.0,45.0
459.0,430.0,89.0,45.0
454.0,431.0,84.0,43.0
456.0,433.0,80.0,41.0
459.0,434.0,80.0,41.0
461.0,435.0,80.0,41.0
463.0,435.0,84.0,43.0
468.0,438.0,80.0,41.0
473.0,438.0,80.0,41.0
477.0,439.0,80.0,41.0
478.0,440.0,80.0,41.0
482.0,441.0,80.0,41.0
487.0,442.0,80.0,41.0
488.0,442.0,80.0,41.0
494.0,442.0,80.0,41.0
497.0,442.0,80.0,41.0
496.0,441.0,84.0,43.0
502.0,442.0,84.0,43.0
509.0,445.0,80.0,41.0
508.0,446.0,77.0,39.0
498.0,445.0,80.0,41.0
506.0,439.0,80.0,41.0
500.0,437.0,77.0,39.0
482.0,427.0,73.0,37.0
476.0,423.0,77.0,39.0
476.0,422.0,77.0,39.0
475.0,423.0,77.0,39.0
448.0,434.0,77.0,39.0
442.0,437.0,77.0,39.0
439.0,439.0,77.0,39.0
435.0,441.0,77.0,39.0
437.0,443.0,73.0,37.0
437.0,444.0,73.0,37.0
438.0,443.0,73.0,37.0
437.0,445.0,73.0,37.0
439.0,445.0,73.0,37.0
439.0,445.0,73.0,37.0
438.0,445.0,73.0,37.0
440.0,446.0,73.0,37.0
440.0,445.0,73.0,37.0
442.0,447.0,73.0,37.0
443.0,447.0,73.0,37.0
443.0,447.0,73.0,37.0
444.0,449.0,69.0,35.0
446.0,450.0,69.0,35.0
445.0,450.0,69.0,35.0
445.0,452.0,66.0,33.0
446.0,451.0,66.0,33.0
448.0,454.0,63.0,32.0
447.0,455.0,63.0,32.0
444.0,455.0,63.0,32.0
444.0,452.0,63.0,32.0
442.0,451.0,63.0,32.0
443.0,454.0,60.0,30.0
445.0,453.0,57.0,29.0
445.0,457.0,54.0,27.0
444.0,458.0,54.0,27.0
441.0,459.0,54.0,27.0
439.0,459.0,54.0,27.0
439.0,461.0,52.0,26.0
431.0,442.0,74.0,55.0
431.0,443.0,74.0,55.0
430.0,444.0,74.0,55.0
430.0,445.0,74.0,55.0
427.0,444.0,74.0,55.0
427.0,444.0,74.0,55.0
426.0,444.0,74.0,55.0
425.0,445.0,74.0,55.0
423.0,445.0,74.0,55.0
421.0,446.0,74.0,55.0
421.0,446.0,74.0,55.0
420.0,445.0,74.0,55.0
418.0,446.0,74.0,55.0
415.0,444.0,74.0,55.0
414.0,444.0,74.0,55.0
413.0,443.0,74.0,55.0
411.0,445.0,74.0,55.0
410.0,445.0,74.0,55.0
408.0,444.0,74.0,55.0
407.0,445.0,74.0,55.0
405.0,444.0,74.0,55.0
404.0,443.0,74.0,55.0
402.0,443.0,74.0,55.0
401.0,444.0,74.0,55.0
397.0,443.0,74.0,55.0
397.0,442.0,74.0,55.0
395.0,440.0,74.0,55.0
393.0,442.0,74.0,55.0
392.0,440.0,74.0,55.0
392.0,440.0,74.0,55.0
391.0,439.0,74.0,55.0
389.0,438.0,74.0,55.0
387.0,438.0,74.0,55.0
385.0,435.0,74.0,55.0
384.0,434.0,74.0,55.0
383.0,433.0,74.0,55.0
381.0,433.0,74.0,55.0
381.0,431.0,74.0,55.0
380.0,429.0,74.0,55.0
379.0,427.0,74.0,55.0
377.0,427.0,74.0,55.0
376.0,425.0,74.0,55.0
377.0,423.0,74.0,55.0
375.0,422.0,74.0,55.0
376.0,421.0,74.0,55.0
376.0,418.0,74.0,55.0
376.0,417.0,74.0,55.0
377.0,414.0,74.0,55.0
376.0,412.0,74.0,55.0
377.0,411.0,74.0,55.0
376.0,409.0,74.0,55.0
374.0,408.0,74.0,55.0
374.0,405.0,74.0,55.0
374.0,403.0,74.0,55.0
373.0,402.0,74.0,55.0
372.0,398.0,74.0,55.0
372.0,398.0,74.0,55.0
372.0,395.0,74.0,55.0
372.0,393.0,74.0,55.0
370.0,392.0,74.0,55.0
370.0,388.0,74.0,55.0
369.0,387.0,74.0,55.0
368.0,385.0,74.0,55.0
367.0,383.0,74.0,55.0
366.0,380.0,74.0,55.0
364.0,379.0,74.0,55.0
362.0,377.0,74.0,55.0
362.0,379.0,74.0,55.0
359.0,377.0,74.0,55.0
356.0,378.0,74.0,55.0
354.0,376.0,74.0,55.0
354.0,375.0,74.0,55.0
354.0,373.0,74.0,55.0
354.0,373.0,74.0,55.0
353.0,371.0,74.0,55.0
353.0,369.0,74.0,55.0
356.0,368.0,74.0,55.0
357.0,367.0,74.0,55.0
359.0,366.0,74.0,55.0
363.0,366.0,74.0,55.0
367.0,366.0,74.0,55.0
372.0,365.0,74.0,55.0
377.0,364.0,74.0,55.0
385.0,365.0,74.0,55.0
391.0,364.0,74.0,55.0
399.0,366.0,74.0,55.0
410.0,368.0,74.0,55.0
419.0,369.0,74.0,55.0
424.0,370.0,74.0,55.0
431.0,369.0,74.0,55.0
435.0,370.0,74.0,55.0
441.0,371.0,74.0,55.0
445.0,371.0,74.0,55.0
450.0,371.0,74.0,55.0
456.0,370.0,74.0,55.0
459.0,371.0,74.0,55.0
463.0,370.0,74.0,55.0
466.0,369.0,74.0,55.0
469.0,366.0,74.0,55.0
470.0,366.0,74.0,55.0
472.0,364.0,74.0,55.0
473.0,360.0,78.0,58.0
474.0,357.0,82.0,61.0
477.0,355.0,82.0,61.0
480.0,354.0,82.0,61.0
481.0,352.0,82.0,61.0
483.0,351.0,86.0,64.0
484.0,351.0,86.0,64.0
486.0,354.0,86.0,64.0
505.0,347.0,74.0,71.0
501.0,347.0,74.0,71.0
504.0,349.0,74.0,71.0
506.0,348.0,74.0,71.0
510.0,351.0,74.0,71.0
513.0,353.0,74.0,71.0
515.0,354.0,74.0,71.0
515.0,354.0,78.0,75.0
517.0,355.0,78.0,75.0
520.0,356.0,78.0,75.0
522.0,359.0,78.0,75.0
524.0,360.0,78.0,75.0
525.0,361.0,78.0,75.0
527.0,362.0,78.0,75.0
528.0,362.0,78.0,75.0
530.0,362.0,78.0,75.0
530.0,363.0,78.0,75.0
534.0,364.0,74.0,71.0
535.0,365.0,74.0,71.0
536.0,366.0,74.0,71.0
536.0,363.0,78.0,75.0
538.0,363.0,78.0,75.0
538.0,363.0,78.0,75.0
539.0,364.0,78.0,75.0
540.0,363.0,82.0,78.0
540.0,360.0,86.0,82.0
544.0,359.0,86.0,82.0
546.0,361.0,86.0,82.0
549.0,365.0,82.0,78.0
552.0,372.0,82.0,78.0
553.0,371.0,82.0,78.0
554.0,372.0,82.0,78.0
553.0,375.0,78.0,75.0
553.0,377.0,78.0,75.0
558.0,380.0,74.0,71.0
558.0,386.0,70.0,68.0
554.0,387.0,70.0,68.0
552.0,388.0,70.0,68.0
549.0,387.0,70.0,68.0
544.0,387.0,70.0,68.0
537.0,385.0,74.0,71.0
533.0,383.0,74.0,71.0
529.0,384.0,74.0,71.0
526.0,384.0,74.0,71.0
520.0,380.0,78.0,75.0
518.0,380.0,78.0,75.0
516.0,382.0,78.0,75.0
515.0,383.0,78.0,75.0
513.0,384.0,78.0,75.0
513.0,386.0,78.0,75.0
514.0,391.0,78.0,75.0
517.0,395.0,78.0,75.0
530.0,400.0,74.0,71.0
535.0,403.0,74.0,71.0
540.0,407.0,74.0,71.0
546.0,408.0,74.0,71.0
549.0,407.0,78.0,75.0
554.0,409.0,78.0,75.0
556.0,416.0,78.0,75.0
558.0,421.0,78.0,75.0
566.0,425.0,78.0,75.0
567.0,431.0,78.0,75.0
566.0,436.0,78.0,75.0
568.0,440.0,78.0,75.0
566.0,444.0,82.0,78.0
564.0,449.0,82.0,78.0
564.0,455.0,82.0,78.0
561.0,461.0,82.0,78.0
562.0,466.0,82.0,78.0
562.0,472.0,82.0,78.0
560.0,476.0,86.0,82.0
564.0,480.0,86.0,82.0
561.0,482.0,86.0,82.0
572.0,488.0,86.0,82.0
578.0,494.0,86.0,82.0
582.0,496.0,86.0,82.0
582.0,502.0,86.0,82.0
583.0,504.0,86.0,82.0
584.0,498.0,86.0,82.0
582.0,505.0,90.0,86.0
584.0,510.0,90.0,86.0
591.0,511.0,90.0,86.0
591.0,513.0,90.0,86.0
593.0,500.0,90.0,86.0
597.0,486.0,90.0,86.0
597.0,487.0,90.0,86.0
597.0,486.0,90.0,86.0
596.0,485.0,94.0,91.0
600.0,485.0,94.0,91.0
601.0,533.0,60.0,55.0
607.0,538.0,60.0,55.0
606.0,539.0,60.0,55.0
608.0,541.0,60.0,55.0
610.0,543.0,57.0,52.0
611.0,542.0,57.0,52.0
610.0,536.0,57.0,52.0
610.0,532.0,57.0,52.0
613.0,517.0,60.0,55.0
611.0,508.0,60.0,55.0
608.0,500.0,57.0,52.0
607.0,499.0,57.0,52.0
612.0,506.0,54.0,50.0
611.0,503.0,54.0,50.0
610.0,499.0,54.0,50.0
611.0,497.0,54.0,50.0
610.0,496.0,54.0,50.0
609.0,494.0,54.0,50.0
595.0,494.0,59.0,53.0
597.0,490.0,59.0,53.0
598.0,491.0,59.0,53.0
598.0,487.0,59.0,53.0
598.0,477.0,59.0,53.0
597.0,473.0,59.0,53.0
598.0,470.0,59.0,53.0
601.0,470.0,59.0,53.0
602.0,463.0,59.0,53.0
615.0,467.0,62.0,50.0
612.0,465.0,62.0,50.0
611.0,465.0,62.0,50.0
612.0,465.0,62.0,50.0
612.0,465.0,62.0,50.0
612.0,463.0,62.0,50.0
611.0,462.0,62.0,50.0
609.0,456.0,62.0,50.0
608.0,457.0,62.0,50.0
606.0,453.0,62.0,50.0
607.0,459.0,65.0,52.0
609.0,439.0,57.0,66.0
608.0,437.0,57.0,66.0
607.0,435.0,57.0,66.0
606.0,435.0,57.0,66.0
604.0,433.0,57.0,66.0
603.0,431.0,57.0,66.0
602.0,434.0,57.0,66.0
601.0,432.0,57.0,66.0
608.0,448.0,57.0,66.0
593.0,401.0,69.0,103.0
598.0,378.0,64.0,110.0
589.0,356.0,66.0,134.0
591.0,341.0,60.0,127.0
593.0,329.0,52.0,134.0
587.0,313.0,56.0,147.0
583.0,292.0,54.0,145.0
580.0,296.0,57.0,152.0
578.0,294.0,60.0,160.0
575.0,247.0,60.0,160.0
574.0,239.0,60.0,160.0
578.0,245.0,57.0,152.0
573.0,250.0,57.0,152.0
573.0,256.0,60.0,160.0
577.0,278.0,60.0,160.0
582.0,299.0,57.0,152.0
588.0,327.0,54.0,145.0
595.0,348.0,54.0,145.0
603.0,362.0,54.0,145.0
610.0,380.0,54.0,145.0
616.0,398.0,54.0,145.0
621.0,416.0,54.0,145.0
626.0,430.0,54.0,145.0
629.0,473.0,44.0,121.0
629.0,465.0,44.0,121.0
628.0,459.0,44.0,121.0
628.0,460.0,44.0,121.0
629.0,436.0,44.0,121.0
635.0,439.0,44.0,121.0
629.0,481.0,42.0,115.0
614.0,420.0,44.0,121.0
621.0,409.0,44.0,121.0
620.0,409.0,44.0,121.0
619.0,406.0,44.0,121.0
617.0,410.0,44.0,121.0
615.0,407.0,44.0,121.0
615.0,402.0,44.0,121.0
605.0,435.0,56.0,127.0
604.0,417.0,56.0,127.0
603.0,414.0,56.0,127.0
604.0,415.0,53.0,121.0
603.0,412.0,53.0,121.0
600.0,404.0,56.0,127.0
597.0,395.0,59.0,133.0
594.0,385.0,62.0,140.0
589.0,400.0,62.0,140.0
587.0,405.0,65.0,147.0
586.0,406.0,68.0,154.0
605.0,342.0,61.0,166.0
599.0,333.0,61.0,166.0
597.0,343.0,64.0,174.0
594.0,341.0,67.0,183.0
594.0,339.0,67.0,183.0
596.0,339.0,67.0,183.0
596.0,340.0,67.0,183.0
596.0,340.0,67.0,183.0
597.0,339.0,67.0,183.0
598.0,346.0,67.0,183.0
600.0,347.0,67.0,183.0
606.0,321.0,73.0,188.0
600.0,302.0,77.0,197.0
601.0,301.0,77.0,197.0
600.0,293.0,80.0,207.0
598.0,279.0,85.0,218.0
602.0,268.0,85.0,218.0
606.0,247.0,85.0,218.0
611.0,242.0,80.0,207.0
611.0,237.0,80.0,207.0
612.0,247.0,80.0,207.0
615.0,245.0,77.0,197.0
615.0,251.0,77.0,197.0
615.0,258.0,77.0,197.0
615.0,263.0,77.0,197.0
616.0,268.0,77.0,197.0
617.0,271.0,77.0,197.0
616.0,272.0,77.0,197.0
616.0,272.0,77.0,197.0
616.0,265.0,77.0,197.0
619.0,263.0,73.0,188.0
617.0,245.0,73.0,188.0
615.0,252.0,77.0,197.0
636.0,236.0,69.0,204.0
635.0,228.0,69.0,204.0
632.0,263.0,69.0,204.0
629.0,267.0,72.0,214.0
639.0,243.0,70.0,177.0
638.0,245.0,70.0,177.0
636.0,252.0,70.0,177.0
634.0,258.0,70.0,177.0
632.0,260.0,70.0,177.0
631.0,264.0,70.0,177.0
628.0,267.0,70.0,177.0
626.0,270.0,70.0,177.0
623.0,274.0,70.0,177.0
618.0,271.0,70.0,177.0
614.0,276.0,70.0,177.0
608.0,269.0,74.0,186.0
600.0,269.0,77.0,195.0
594.0,247.0,89.0,158.0
595.0,251.0,89.0,158.0
590.0,258.0,89.0,158.0
586.0,263.0,89.0,158.0
582.0,265.0,89.0,158.0
578.0,271.0,89.0,158.0
543.0,283.0,114.0,136.0
543.0,290.0,114.0,136.0
542.0,299.0,114.0,136.0
536.0,308.0,114.0,136.0
526.0,320.0,114.0,136.0
511.0,342.0,114.0,136.0
539.0,328.0,80.0,98.0
532.0,336.0,80.0,98.0
530.0,349.0,80.0,98.0
612.0,197.0,113.0,116.0
613.0,206.0,113.0,116.0
599.0,186.0,149.0,147.0
616.0,183.0,149.0,147.0
620.0,186.0,149.0,147.0
610.0,198.0,149.0,147.0
601.0,197.0,172.0,140.0
608.0,207.0,172.0,140.0
607.0,217.0,181.0,147.0
605.0,229.0,181.0,147.0
597.0,251.0,181.0,147.0
609.0,233.0,192.0,146.0
621.0,275.0,192.0,146.0
663.0,250.0,157.0,126.0
683.0,245.0,157.0,126.0
674.0,260.0,157.0,126.0
655.0,271.0,165.0,132.0
645.0,287.0,165.0,132.0
632.0,302.0,165.0,132.0
620.0,316.0,165.0,132.0
605.0,331.0,165.0,132.0
595.0,346.0,165.0,132.0
0
0
0
0
0
0
0
0
0
0
0
0
0
0
0
0
0
0
0
0
0
0
0
0
0
0
0
0
0
0
0
0
0
0
0
0
0
0
0
0
0
0
0
0
0
0
0
0
0
0
0
0
0
0
0
0
0
0
0
0
0
0
0
0
0
0
0
0
0
0
0
0
0
0
0
0
0
0
0
0
0
0
0
0
0
0
0
0
0
0
0
0
0
0
0
0
0
0
0
0
0
0
0
0
0
0
0
0
0
0
0
0
0
0
0
0
0
0
0
0
0
0
0
0
0
0
0
0
0
375.0,108.0,206.0,203.0
387.0,122.0,206.0,203.0
390.0,122.0,206.0,203.0
399.0,127.0,206.0,203.0
401.0,129.0,206.0,203.0
398.0,120.0,216.0,213.0
397.0,122.0,216.0,213.0
398.0,123.0,216.0,213.0
399.0,122.0,216.0,213.0
394.0,119.0,216.0,213.0
390.0,116.0,216.0,213.0
387.0,119.0,206.0,203.0
378.0,113.0,216.0,213.0
370.0,111.0,216.0,213.0
364.0,109.0,216.0,213.0
355.0,101.0,227.0,224.0
351.0,99.0,227.0,224.0
347.0,96.0,227.0,224.0
343.0,94.0,227.0,224.0
336.0,93.0,227.0,224.0
331.0,85.0,238.0,235.0
332.0,84.0,238.0,235.0
344.0,97.0,238.0,235.0
350.0,102.0,227.0,224.0
357.0,107.0,227.0,224.0
369.0,117.0,216.0,213.0
379.0,121.0,227.0,224.0
381.0,119.0,227.0,224.0
384.0,118.0,227.0,224.0
389.0,120.0,227.0,224.0
398.0,123.0,227.0,224.0
405.0,130.0,216.0,213.0
415.0,134.0,216.0,213.0
427.0,137.0,216.0,213.0
436.0,142.0,206.0,203.0
436.0,141.0,206.0,203.0
435.0,138.0,206.0,203.0
433.0,135.0,206.0,203.0
431.0,134.0,206.0,203.0
430.0,133.0,206.0,203.0
427.0,132.0,206.0,203.0
424.0,128.0,206.0,203.0
419.0,123.0,206.0,203.0
416.0,120.0,206.0,203.0
410.0,113.0,206.0,203.0
402.0,116.0,169.0,168.0
392.0,112.0,169.0,168.0
391.0,113.0,169.0,168.0
391.0,110.0,169.0,168.0
380.0,103.0,177.0,176.0
373.0,101.0,177.0,176.0
368.0,94.0,177.0,176.0
374.0,100.0,177.0,176.0
380.0,101.0,177.0,176.0
381.0,103.0,177.0,176.0
398.0,112.0,177.0,176.0
394.0,111.0,177.0,176.0
396.0,113.0,177.0,176.0
387.0,110.0,177.0,176.0
392.0,116.0,177.0,176.0
387.0,112.0,177.0,176.0
379.0,108.0,177.0,176.0
375.0,105.0,177.0,176.0
368.0,101.0,177.0,176.0
364.0,98.0,177.0,176.0
361.0,98.0,177.0,176.0
358.0,96.0,177.0,176.0
353.0,93.0,177.0,176.0
357.0,99.0,169.0,168.0
358.0,99.0,169.0,168.0
351.0,95.0,169.0,168.0
347.0,92.0,169.0,168.0
334.0,77.0,177.0,176.0
336.0,78.0,177.0,176.0
346.0,88.0,177.0,176.0
351.0,91.0,177.0,176.0
349.0,91.0,177.0,176.0
349.0,91.0,177.0,176.0
344.0,88.0,177.0,176.0
340.0,83.0,177.0,176.0
339.0,81.0,177.0,176.0
341.0,81.0,177.0,176.0
348.0,85.0,177.0,176.0
351.0,88.0,177.0,176.0
347.0,82.0,177.0,176.0
348.0,86.0,177.0,176.0
353.0,89.0,177.0,176.0
359.0,93.0,177.0,176.0
358.0,89.0,177.0,176.0
360.0,89.0,172.0,146.0
364.0,91.0,172.0,146.0
362.0,88.0,172.0,146.0
360.0,84.0,172.0,146.0
358.0,84.0,172.0,146.0
355.0,81.0,172.0,146.0
354.0,82.0,172.0,146.0
357.0,83.0,172.0,146.0
368.0,91.0,172.0,146.0
374.0,96.0,181.0,153.0
370.0,95.0,181.0,153.0
370.0,88.0,190.0,161.0
369.0,87.0,190.0,161.0
364.0,83.0,199.0,169.0
359.0,78.0,209.0,177.0
357.0,77.0,209.0,177.0
353.0,74.0,220.0,186.0
359.0,81.0,220.0,186.0
361.0,84.0,230.0,196.0
363.0,89.0,230.0,196.0
368.0,92.0,230.0,196.0
370.0,95.0,230.0,196.0
368.0,95.0,230.0,196.0
382.0,106.0,230.0,196.0
462.0,94.0,135.0,178.0
458.0,107.0,142.0,187.0
453.0,109.0,149.0,196.0
463.0,117.0,149.0,196.0
465.0,121.0,149.0,196.0
473.0,132.0,149.0,196.0
479.0,140.0,149.0,196.0
477.0,140.0,149.0,196.0
474.0,145.0,149.0,196.0
478.0,156.0,149.0,196.0
480.0,161.0,156.0,206.0
486.0,166.0,156.0,206.0
476.0,164.0,156.0,206.0
472.0,154.0,156.0,206.0
468.0,153.0,156.0,206.0
539.0,251.0,106.0,120.0
520.0,236.0,121.0,135.0
549.0,270.0,105.0,103.0
541.0,256.0,129.0,127.0
552.0,265.0,134.0,136.0
586.0,299.0,89.0,101.0
554.0,276.0,123.0,121.0
550.0,285.0,123.0,121.0
557.0,293.0,117.0,115.0
560.0,294.0,117.0,115.0
561.0,294.0,117.0,115.0
590.0,297.0,84.0,88.0
584.0,302.0,84.0,88.0
581.0,297.0,84.0,88.0
578.0,296.0,84.0,88.0
574.0,295.0,84.0,88.0
568.0,290.0,84.0,88.0
565.0,286.0,84.0,88.0
565.0,284.0,84.0,88.0
561.0,283.0,88.0,92.0
559.0,283.0,88.0,92.0
544.0,277.0,88.0,92.0
543.0,273.0,88.0,92.0
546.0,276.0,88.0,92.0
550.0,279.0,88.0,92.0
550.0,283.0,88.0,92.0
546.0,282.0,88.0,92.0
543.0,282.0,88.0,92.0
539.0,280.0,88.0,92.0
533.0,277.0,88.0,92.0
529.0,276.0,88.0,92.0
523.0,273.0,88.0,92.0
520.0,269.0,88.0,92.0
516.0,267.0,88.0,92.0
514.0,267.0,88.0,92.0
512.0,268.0,88.0,92.0
509.0,267.0,88.0,92.0
504.0,266.0,93.0,97.0
505.0,277.0,93.0,97.0
506.0,276.0,97.0,102.0
507.0,280.0,97.0,102.0
507.0,283.0,93.0,97.0
504.0,288.0,93.0,97.0
502.0,291.0,93.0,97.0
499.0,292.0,93.0,97.0
493.0,290.0,97.0,102.0
491.0,293.0,97.0,102.0
495.0,299.0,97.0,102.0
496.0,302.0,97.0,102.0
499.0,306.0,93.0,97.0
500.0,313.0,88.0,92.0
495.0,314.0,88.0,92.0
489.0,312.0,88.0,92.0
482.0,311.0,88.0,92.0
476.0,310.0,88.0,92.0
472.0,308.0,84.0,88.0
467.0,306.0,84.0,88.0
461.0,304.0,84.0,88.0
458.0,302.0,84.0,88.0
450.0,299.0,84.0,88.0
451.0,299.0,84.0,88.0
452.0,299.0,84.0,88.0
453.0,298.0,84.0,88.0
450.0,292.0,84.0,88.0
441.0,287.0,84.0,88.0
438.0,288.0,84.0,88.0
460.0,302.0,80.0,84.0
473.0,307.0,80.0,84.0
475.0,306.0,84.0,88.0
476.0,303.0,84.0,88.0
474.0,301.0,84.0,88.0
472.0,300.0,84.0,88.0
465.0,296.0,88.0,92.0
460.0,291.0,88.0,92.0
457.0,289.0,88.0,92.0
449.0,286.0,88.0,92.0
443.0,283.0,88.0,92.0
435.0,281.0,88.0,92.0
431.0,281.0,88.0,92.0
430.0,281.0,88.0,92.0
430.0,282.0,84.0,88.0
426.0,280.0,84.0,88.0
433.0,286.0,84.0,88.0
448.0,302.0,84.0,88.0
450.0,305.0,88.0,92.0
441.0,295.0,93.0,97.0
439.0,292.0,93.0,97.0
439.0,288.0,97.0,102.0
441.0,288.0,97.0,102.0
439.0,287.0,132.0,112.0
440.0,291.0,132.0,112.0
438.0,289.0,132.0,112.0
438.0,290.0,132.0,112.0
439.0,293.0,132.0,112.0
435.0,291.0,132.0,112.0
429.0,289.0,132.0,112.0
421.0,284.0,139.0,118.0
415.0,282.0,139.0,118.0
408.0,283.0,139.0,118.0
403.0,280.0,139.0,118.0
398.0,280.0,139.0,118.0
395.0,279.0,139.0,118.0
394.0,276.0,139.0,118.0
395.0,277.0,139.0,118.0
399.0,279.0,132.0,112.0
401.0,281.0,132.0,112.0
402.0,280.0,132.0,112.0
400.0,279.0,132.0,112.0
401.0,278.0,132.0,112.0
401.0,276.0,132.0,112.0
402.0,272.0,139.0,118.0
406.0,272.0,139.0,118.0
408.0,269.0,139.0,118.0
406.0,263.0,139.0,118.0
409.0,261.0,139.0,118.0
411.0,256.0,139.0,118.0
415.0,253.0,139.0,118.0
422.0,252.0,139.0,118.0
428.0,254.0,139.0,118.0
435.0,252.0,139.0,118.0
439.0,247.0,139.0,118.0
442.0,245.0,139.0,118.0
444.0,238.0,139.0,118.0
446.0,236.0,139.0,118.0
447.0,232.0,139.0,118.0
447.0,226.0,139.0,118.0
450.0,225.0,139.0,118.0
451.0,222.0,139.0,118.0
452.0,221.0,139.0,118.0
450.0,216.0,139.0,118.0
447.0,214.0,139.0,118.0
445.0,211.0,139.0,118.0
448.0,213.0,132.0,112.0
444.0,210.0,132.0,112.0
441.0,209.0,132.0,112.0
438.0,206.0,132.0,112.0
442.0,206.0,132.0,112.0
445.0,208.0,132.0,112.0
447.0,208.0,132.0,112.0
446.0,205.0,132.0,112.0
446.0,206.0,132.0,112.0
446.0,204.0,132.0,112.0
442.0,203.0,132.0,112.0
440.0,204.0,132.0,112.0
429.0,197.0,139.0,118.0
422.0,200.0,139.0,118.0
415.0,197.0,139.0,118.0
405.0,196.0,139.0,118.0
396.0,195.0,139.0,118.0
388.0,194.0,139.0,118.0
378.0,191.0,139.0,118.0
370.0,189.0,139.0,118.0
362.0,189.0,139.0,118.0
355.0,189.0,139.0,118.0
357.0,188.0,146.0,123.0
364.0,194.0,146.0,123.0
363.0,194.0,146.0,123.0
369.0,196.0,146.0,123.0
377.0,202.0,146.0,123.0
379.0,204.0,146.0,123.0
379.0,202.0,146.0,123.0
384.0,204.0,146.0,123.0
388.0,202.0,146.0,123.0
388.0,202.0,146.0,123.0
388.0,201.0,146.0,123.0
388.0,160.0,156.0,110.0
401.0,166.0,156.0,110.0
401.0,163.0,156.0,110.0
396.0,155.0,164.0,115.0
400.0,157.0,156.0,110.0
400.0,155.0,149.0,105.0
400.0,154.0,149.0,105.0
404.0,154.0,141.0,100.0
409.0,158.0,141.0,100.0
413.0,157.0,141.0,100.0
425.0,163.0,141.0,100.0
430.0,164.0,141.0,100.0
431.0,163.0,141.0,100.0
428.0,161.0,149.0,105.0
425.0,160.0,149.0,105.0
425.0,161.0,149.0,105.0
426.0,162.0,149.0,105.0
425.0,164.0,149.0,105.0
445.0,195.0,122.0,92.0
444.0,192.0,122.0,92.0
455.0,198.0,122.0,92.0
464.0,201.0,128.0,104.0
476.0,210.0,128.0,104.0
471.0,204.0,134.0,109.0
471.0,212.0,134.0,109.0
470.0,212.0,134.0,109.0
463.0,210.0,141.0,115.0
455.0,208.0,148.0,120.0
446.0,206.0,156.0,126.0
440.0,209.0,145.0,95.0
447.0,215.0,145.0,95.0
444.0,216.0,145.0,95.0
434.0,215.0,145.0,95.0
427.0,214.0,145.0,95.0
415.0,204.0,135.0,106.0
421.0,207.0,135.0,106.0
416.0,207.0,135.0,106.0
412.0,206.0,135.0,106.0
411.0,206.0,135.0,106.0
414.0,205.0,135.0,106.0
414.0,206.0,135.0,106.0
414.0,205.0,135.0,106.0
415.0,206.0,135.0,106.0
418.0,209.0,135.0,106.0
425.0,205.0,142.0,111.0
431.0,202.0,142.0,111.0
442.0,208.0,142.0,111.0
447.0,209.0,149.0,117.0
450.0,206.0,149.0,117.0
451.0,202.0,149.0,117.0
451.0,198.0,149.0,117.0
449.0,196.0,149.0,117.0
452.0,203.0,149.0,117.0
467.0,212.0,149.0,117.0
476.0,215.0,149.0,117.0
487.0,226.0,149.0,117.0
494.0,228.0,149.0,117.0
501.0,230.0,142.0,111.0
497.0,226.0,142.0,111.0
506.0,230.0,149.0,117.0
527.0,245.0,149.0,117.0
537.0,248.0,149.0,117.0
550.0,255.0,142.0,111.0
557.0,258.0,135.0,106.0
564.0,261.0,129.0,101.0
560.0,256.0,135.0,106.0
567.0,262.0,135.0,106.0
576.0,267.0,135.0,106.0
580.0,264.0,135.0,106.0
583.0,263.0,135.0,106.0
588.0,263.0,129.0,101.0
584.0,257.0,129.0,101.0
584.0,257.0,129.0,101.0
593.0,264.0,129.0,101.0
599.0,267.0,135.0,106.0
596.0,262.0,135.0,106.0
595.0,262.0,135.0,106.0
596.0,262.0,135.0,106.0
598.0,263.0,135.0,106.0
597.0,263.0,135.0,106.0
598.0,262.0,135.0,106.0
609.0,273.0,135.0,106.0
613.0,276.0,135.0,106.0
610.0,278.0,135.0,106.0
610.0,277.0,135.0,106.0
609.0,277.0,129.0,101.0
612.0,278.0,129.0,101.0
611.0,279.0,135.0,106.0
615.0,281.0,135.0,106.0
627.0,290.0,135.0,106.0
625.0,291.0,135.0,106.0
626.0,290.0,129.0,101.0
617.0,281.0,129.0,101.0
616.0,277.0,129.0,101.0
614.0,276.0,129.0,101.0
617.0,277.0,122.0,96.0
613.0,276.0,122.0,96.0
609.0,274.0,122.0,96.0
602.0,270.0,122.0,96.0
600.0,269.0,117.0,92.0
594.0,267.0,117.0,92.0
587.0,264.0,117.0,92.0
582.0,262.0,117.0,92.0
580.0,265.0,111.0,87.0
576.0,265.0,111.0,87.0
549.0,235.0,124.0,120.0
556.0,245.0,124.0,120.0
556.0,246.0,124.0,120.0
550.0,245.0,124.0,120.0
542.0,240.0,130.0,126.0
543.0,242.0,130.0,126.0
541.0,243.0,130.0,126.0
530.0,235.0,137.0,132.0
526.0,236.0,137.0,132.0
518.0,234.0,144.0,139.0
517.0,239.0,144.0,139.0
512.0,240.0,144.0,139.0
505.0,242.0,144.0,139.0
499.0,242.0,144.0,139.0
490.0,242.0,144.0,139.0
486.0,248.0,144.0,139.0
484.0,254.0,137.0,132.0
475.0,253.0,137.0,132.0
469.0,252.0,137.0,132.0
463.0,252.0,137.0,132.0
464.0,272.0,118.0,57.0
464.0,274.0,118.0,57.0
463.0,278.0,118.0,57.0
467.0,280.0,118.0,57.0
468.0,282.0,118.0,57.0
471.0,281.0,124.0,60.0
480.0,281.0,124.0,60.0
482.0,279.0,130.0,63.0
489.0,276.0,130.0,63.0
501.0,278.0,124.0,60.0
506.0,278.0,130.0,63.0
510.0,279.0,130.0,63.0
511.0,278.0,130.0,63.0
511.0,276.0,130.0,63.0
512.0,274.0,130.0,63.0
511.0,273.0,137.0,66.0
513.0,274.0,137.0,66.0
512.0,275.0,137.0,66.0
516.0,277.0,137.0,66.0
519.0,281.0,137.0,66.0
523.0,284.0,137.0,66.0
521.0,286.0,143.0,69.0
516.0,282.0,151.0,73.0
514.0,278.0,158.0,76.0
513.0,277.0,158.0,76.0
513.0,279.0,151.0,73.0
511.0,280.0,151.0,73.0
513.0,282.0,143.0,69.0
513.0,282.0,143.0,69.0
512.0,281.0,143.0,69.0
507.0,279.0,151.0,73.0
507.0,276.0,151.0,73.0
508.0,277.0,151.0,73.0
512.0,275.0,151.0,73.0
516.0,275.0,151.0,73.0
525.0,279.0,143.0,69.0
530.0,280.0,137.0,66.0
530.0,280.0,137.0,66.0
536.0,283.0,130.0,63.0
541.0,286.0,124.0,60.0
545.0,288.0,118.0,57.0
551.0,293.0,112.0,54.0
563.0,282.0,87.0,80.0
575.0,292.0,87.0,80.0
581.0,298.0,83.0,76.0
590.0,304.0,83.0,76.0
598.0,310.0,83.0,76.0
609.0,320.0,79.0,73.0
612.0,324.0,79.0,73.0
615.0,325.0,83.0,76.0
616.0,317.0,83.0,76.0
617.0,316.0,83.0,76.0
627.0,335.0,83.0,76.0
637.0,350.0,83.0,76.0
638.0,351.0,83.0,76.0
640.0,352.0,79.0,73.0
637.0,350.0,79.0,73.0
636.0,350.0,79.0,73.0
633.0,349.0,79.0,73.0
631.0,349.0,79.0,73.0
631.0,349.0,79.0,73.0
630.0,349.0,83.0,76.0
632.0,349.0,83.0,76.0
631.0,347.0,83.0,76.0
629.0,346.0,83.0,76.0
630.0,343.0,83.0,76.0
628.0,340.0,87.0,80.0
627.0,338.0,87.0,80.0
623.0,334.0,91.0,84.0
624.0,333.0,91.0,84.0
625.0,331.0,91.0,84.0
626.0,330.0,91.0,84.0
627.0,328.0,91.0,84.0
637.0,331.0,87.0,80.0
640.0,329.0,87.0,80.0
640.0,332.0,87.0,80.0
638.0,330.0,87.0,80.0
637.0,329.0,87.0,80.0
637.0,325.0,87.0,80.0
635.0,322.0,83.0,76.0
631.0,315.0,79.0,73.0
626.0,309.0,79.0,73.0
619.0,304.0,83.0,76.0
611.0,299.0,83.0,76.0
603.0,291.0,87.0,80.0
608.0,292.0,87.0,80.0
602.0,290.0,87.0,80.0
590.0,283.0,91.0,84.0
582.0,280.0,91.0,84.0
572.0,278.0,91.0,84.0
563.0,275.0,91.0,84.0
555.0,275.0,91.0,84.0
547.0,272.0,91.0,84.0
537.0,271.0,91.0,84.0
531.0,270.0,87.0,80.0
523.0,266.0,83.0,76.0
550.0,278.0,83.0,76.0
557.0,281.0,79.0,73.0
548.0,274.0,79.0,73.0
538.0,272.0,79.0,73.0
530.0,269.0,79.0,73.0
517.0,264.0,79.0,73.0
508.0,256.0,79.0,73.0
501.0,253.0,79.0,73.0
500.0,254.0,79.0,73.0
511.0,262.0,79.0,73.0
503.0,263.0,83.0,76.0
459.0,235.0,85.0,98.0
465.0,237.0,85.0,98.0
458.0,236.0,85.0,98.0
450.0,236.0,85.0,98.0
441.0,236.0,85.0,98.0
436.0,233.0,85.0,98.0
427.0,230.0,85.0,98.0
419.0,225.0,89.0,103.0
409.0,222.0,94.0,108.0
407.0,220.0,94.0,108.0
401.0,218.0,94.0,108.0
399.0,214.0,94.0,108.0
399.0,213.0,89.0,103.0
399.0,208.0,89.0,103.0
400.0,205.0,89.0,103.0
400.0,202.0,89.0,103.0
401.0,199.0,89.0,103.0
403.0,197.0,89.0,103.0
410.0,197.0,89.0,103.0
415.0,197.0,89.0,103.0
424.0,198.0,89.0,103.0
433.0,200.0,89.0,103.0
440.0,204.0,89.0,103.0
448.0,206.0,89.0,103.0
456.0,208.0,89.0,103.0
464.0,209.0,89.0,103.0
472.0,211.0,89.0,103.0
480.0,212.0,89.0,103.0
487.0,212.0,89.0,103.0
490.0,211.0,94.0,108.0
496.0,210.0,94.0,108.0
502.0,209.0,94.0,108.0
509.0,210.0,94.0,108.0
513.0,210.0,94.0,108.0
517.0,212.0,94.0,108.0
519.0,213.0,94.0,108.0
523.0,212.0,94.0,108.0
527.0,215.0,94.0,108.0
528.0,217.0,94.0,108.0
528.0,219.0,94.0,108.0
528.0,221.0,94.0,108.0
527.0,223.0,94.0,108.0
525.0,224.0,94.0,108.0
522.0,228.0,94.0,108.0
520.0,229.0,94.0,108.0
517.0,233.0,94.0,108.0
513.0,236.0,94.0,108.0
510.0,239.0,94.0,108.0
507.0,240.0,94.0,108.0
504.0,243.0,94.0,108.0
503.0,243.0,94.0,108.0
475.0,253.0,103.0,91.0
478.0,253.0,103.0,91.0
476.0,253.0,103.0,91.0
471.0,254.0,103.0,91.0
468.0,254.0,103.0,91.0
464.0,253.0,103.0,91.0
461.0,253.0,103.0,91.0
456.0,252.0,103.0,91.0
452.0,251.0,103.0,91.0
448.0,250.0,103.0,91.0
445.0,250.0,103.0,91.0
441.0,251.0,103.0,91.0
439.0,251.0,103.0,91.0
435.0,252.0,103.0,91.0
431.0,252.0,103.0,91.0
426.0,253.0,103.0,91.0
421.0,253.0,103.0,91.0
416.0,253.0,103.0,91.0
410.0,255.0,103.0,91.0
405.0,255.0,103.0,91.0
400.0,257.0,103.0,91.0
395.0,257.0,103.0,91.0
388.0,259.0,103.0,91.0
384.0,258.0,103.0,91.0
380.0,258.0,103.0,91.0
376.0,257.0,103.0,91.0
373.0,256.0,103.0,91.0
369.0,255.0,103.0,91.0
362.0,253.0,103.0,91.0
358.0,252.0,103.0,91.0
352.0,248.0,108.0,96.0
347.0,247.0,108.0,96.0
339.0,246.0,108.0,96.0
333.0,247.0,108.0,96.0
325.0,246.0,108.0,96.0
321.0,243.0,108.0,96.0
314.0,243.0,108.0,96.0
309.0,242.0,108.0,96.0
303.0,243.0,108.0,96.0
299.0,241.0,108.0,96.0
296.0,241.0,108.0,96.0
292.0,239.0,108.0,96.0
289.0,237.0,108.0,96.0
285.0,235.0,108.0,96.0
281.0,233.0,108.0,96.0
277.0,229.0,114.0,100.0
275.0,227.0,114.0,100.0
274.0,226.0,114.0,100.0
273.0,223.0,114.0,100.0
272.0,222.0,114.0,100.0
274.0,218.0,114.0,100.0
274.0,218.0,114.0,100.0
276.0,216.0,114.0,100.0
242.0,220.0,137.0,106.0
249.0,219.0,137.0,106.0
249.0,218.0,144.0,111.0
254.0,221.0,144.0,111.0
260.0,224.0,144.0,111.0
266.0,228.0,144.0,111.0
274.0,232.0,144.0,111.0
282.0,236.0,144.0,111.0
291.0,238.0,144.0,111.0
302.0,243.0,144.0,111.0
311.0,247.0,144.0,111.0
322.0,249.0,144.0,111.0
334.0,252.0,144.0,111.0
345.0,256.0,144.0,111.0
357.0,258.0,144.0,111.0
369.0,261.0,144.0,111.0
385.0,265.0,137.0,106.0
397.0,267.0,137.0,106.0
410.0,268.0,137.0,106.0
420.0,268.0,137.0,106.0
433.0,267.0,137.0,106.0
443.0,267.0,137.0,106.0
455.0,267.0,137.0,106.0
464.0,266.0,137.0,106.0
475.0,267.0,137.0,106.0
486.0,268.0,137.0,106.0
497.0,268.0,137.0,106.0
510.0,269.0,137.0,106.0
523.0,269.0,137.0,106.0
534.0,270.0,137.0,106.0
548.0,268.0,137.0,106.0
567.0,265.0,137.0,106.0
580.0,264.0,137.0,106.0
590.0,263.0,137.0,106.0
599.0,263.0,137.0,106.0
607.0,263.0,137.0,106.0
613.0,261.0,137.0,106.0
621.0,261.0,137.0,106.0
628.0,261.0,137.0,106.0
636.0,260.0,137.0,106.0
644.0,260.0,137.0,106.0
652.0,262.0,137.0,106.0
660.0,263.0,137.0,106.0
667.0,262.0,137.0,106.0
673.0,261.0,137.0,106.0
680.0,262.0,137.0,106.0
684.0,259.0,137.0,106.0
689.0,258.0,137.0,106.0
692.0,254.0,137.0,106.0
687.0,248.0,137.0,106.0
689.0,246.0,137.0,106.0
692.0,246.0,137.0,106.0
688.0,243.0,144.0,111.0
713.0,242.0,144.0,111.0
714.0,239.0,144.0,111.0
709.0,237.0,144.0,111.0
738.0,210.0,146.0,125.0
730.0,205.0,146.0,125.0
725.0,203.0,146.0,125.0
719.0,200.0,146.0,125.0
712.0,197.0,146.0,125.0
705.0,193.0,146.0,125.0
701.0,192.0,146.0,125.0
696.0,188.0,146.0,125.0
691.0,186.0,146.0,125.0
681.0,177.0,153.0,131.0
661.0,170.0,161.0,138.0
650.0,167.0,161.0,138.0
647.0,168.0,161.0,138.0
651.0,173.0,161.0,138.0
653.0,175.0,161.0,138.0
650.0,176.0,161.0,138.0
697.0,213.0,159.0,99.0
693.0,213.0,159.0,99.0
687.0,212.0,159.0,99.0
679.0,212.0,159.0,99.0
669.0,212.0,159.0,99.0
661.0,211.0,159.0,99.0
654.0,210.0,159.0,99.0
652.0,210.0,159.0,99.0
643.0,207.0,167.0,104.0
632.0,203.0,175.0,109.0
629.0,199.0,175.0,109.0
625.0,195.0,175.0,109.0
621.0,193.0,184.0,115.0
622.0,193.0,184.0,115.0
624.0,198.0,175.0,109.0
624.0,200.0,175.0,109.0
622.0,202.0,167.0,104.0
622.0,204.0,159.0,99.0
620.0,205.0,159.0,99.0
615.0,205.0,159.0,99.0
605.0,201.0,167.0,104.0
600.0,199.0,167.0,104.0
593.0,197.0,167.0,104.0
585.0,190.0,175.0,109.0
584.0,188.0,175.0,109.0
585.0,187.0,175.0,109.0
591.0,191.0,167.0,104.0
593.0,193.0,159.0,99.0
590.0,193.0,151.0,94.0
579.0,189.0,159.0,99.0
565.0,186.0,159.0,99.0
558.0,186.0,159.0,99.0
552.0,186.0,159.0,99.0
541.0,185.0,159.0,99.0
531.0,184.0,159.0,99.0
525.0,184.0,151.0,94.0
517.0,184.0,151.0,94.0
512.0,186.0,151.0,94.0
511.0,187.0,151.0,94.0
508.0,186.0,151.0,94.0
506.0,185.0,159.0,99.0
508.0,187.0,159.0,99.0
508.0,188.0,159.0,99.0
505.0,185.0,167.0,104.0
510.0,185.0,175.0,109.0
517.0,186.0,175.0,109.0
528.0,193.0,167.0,104.0
532.0,197.0,167.0,104.0
537.0,202.0,159.0,99.0
540.0,207.0,159.0,99.0
543.0,211.0,159.0,99.0
545.0,213.0,159.0,99.0
566.0,217.0,159.0,99.0
580.0,219.0,159.0,99.0
585.0,223.0,167.0,104.0
594.0,230.0,167.0,104.0
599.0,233.0,167.0,104.0
600.0,234.0,167.0,104.0
603.0,234.0,175.0,109.0
609.0,235.0,175.0,109.0
631.0,249.0,175.0,109.0
633.0,252.0,175.0,109.0
644.0,252.0,175.0,109.0
651.0,257.0,167.0,104.0
663.0,261.0,167.0,104.0
663.0,259.0,167.0,104.0
657.0,258.0,175.0,109.0
661.0,262.0,175.0,109.0
699.0,271.0,167.0,104.0
713.0,273.0,167.0,104.0
727.0,278.0,159.0,99.0
729.0,276.0,167.0,104.0
725.0,270.0,175.0,109.0
731.0,267.0,175.0,109.0
741.0,266.0,175.0,109.0
749.0,266.0,175.0,109.0
757.0,269.0,167.0,104.0
761.0,269.0,159.0,99.0
757.0,267.0,159.0,99.0
756.0,266.0,159.0,99.0
754.0,263.0,159.0,99.0
755.0,263.0,159.0,99.0
756.0,264.0,159.0,99.0
750.0,260.0,159.0,99.0
747.0,257.0,159.0,99.0
741.0,254.0,159.0,99.0
728.0,251.0,159.0,99.0
716.0,250.0,159.0,99.0
705.0,248.0,159.0,99.0
690.0,245.0,159.0,99.0
678.0,241.0,159.0,99.0
667.0,239.0,159.0,99.0
656.0,238.0,159.0,99.0
644.0,235.0,159.0,99.0
636.0,234.0,159.0,99.0
630.0,233.0,159.0,99.0
625.0,231.0,159.0,99.0
623.0,229.0,159.0,99.0
622.0,226.0,159.0,99.0
625.0,226.0,159.0,99.0
626.0,227.0,151.0,94.0
626.0,228.0,151.0,94.0
625.0,226.0,151.0,94.0
623.0,224.0,159.0,99.0
620.0,227.0,159.0,99.0
611.0,226.0,159.0,99.0
602.0,224.0,159.0,99.0
596.0,225.0,159.0,99.0
588.0,224.0,159.0,99.0
585.0,224.0,159.0,99.0
587.0,225.0,151.0,94.0
590.0,227.0,151.0,94.0
590.0,223.0,151.0,94.0
591.0,222.0,151.0,94.0
593.0,220.0,151.0,94.0
598.0,216.0,151.0,94.0
595.0,212.0,159.0,99.0
597.0,208.0,159.0,99.0
598.0,208.0,159.0,99.0
600.0,204.0,159.0,99.0
600.0,205.0,159.0,99.0
602.0,203.0,159.0,99.0
604.0,200.0,159.0,99.0
605.0,197.0,159.0,99.0
603.0,194.0,159.0,99.0
602.0,192.0,159.0,99.0
601.0,190.0,159.0,99.0
600.0,186.0,159.0,99.0
600.0,184.0,159.0,99.0
605.0,180.0,159.0,99.0
573.0,168.0,150.0,117.0
576.0,175.0,150.0,117.0
580.0,173.0,150.0,117.0
583.0,166.0,150.0,117.0
587.0,164.0,150.0,117.0
585.0,163.0,158.0,123.0
587.0,163.0,158.0,123.0
590.0,162.0,158.0,123.0
587.0,163.0,165.0,129.0
585.0,165.0,165.0,129.0
586.0,167.0,165.0,129.0
583.0,170.0,165.0,129.0
582.0,171.0,165.0,129.0
578.0,173.0,165.0,129.0
574.0,174.0,165.0,129.0
573.0,177.0,165.0,129.0
569.0,178.0,165.0,129.0
583.0,181.0,165.0,129.0
591.0,185.0,165.0,129.0
594.0,188.0,165.0,129.0
604.0,197.0,158.0,123.0
625.0,206.0,158.0,123.0
637.0,213.0,158.0,123.0
643.0,211.0,158.0,123.0
650.0,214.0,158.0,123.0
654.0,216.0,165.0,129.0
661.0,214.0,165.0,129.0
663.0,216.0,165.0,129.0
670.0,220.0,165.0,129.0
669.0,221.0,165.0,129.0
664.0,225.0,165.0,129.0
659.0,228.0,165.0,129.0
650.0,229.0,165.0,129.0
638.0,232.0,165.0,129.0
631.0,238.0,158.0,123.0
617.0,240.0,158.0,123.0
606.0,241.0,158.0,123.0
594.0,242.0,158.0,123.0
586.0,245.0,158.0,123.0
577.0,244.0,158.0,123.0
571.0,243.0,158.0,123.0
570.0,245.0,158.0,123.0
566.0,245.0,158.0,123.0
566.0,247.0,158.0,123.0
568.0,247.0,158.0,123.0
567.0,250.0,158.0,123.0
572.0,253.0,158.0,123.0
572.0,254.0,158.0,123.0
569.0,255.0,158.0,123.0
564.0,254.0,158.0,123.0
555.0,255.0,158.0,123.0
542.0,254.0,158.0,123.0
531.0,254.0,158.0,123.0
518.0,254.0,158.0,123.0
504.0,253.0,158.0,123.0
493.0,254.0,158.0,123.0
484.0,252.0,158.0,123.0
477.0,253.0,158.0,123.0
469.0,248.0,165.0,129.0
464.0,247.0,165.0,129.0
463.0,247.0,165.0,129.0
463.0,250.0,165.0,129.0
461.0,250.0,165.0,129.0
462.0,253.0,165.0,129.0
460.0,255.0,165.0,129.0
457.0,254.0,165.0,129.0
460.0,257.0,165.0,129.0
461.0,260.0,165.0,129.0
470.0,263.0,165.0,129.0
471.0,264.0,165.0,129.0
476.0,268.0,165.0,129.0
474.0,272.0,165.0,129.0
479.0,275.0,165.0,129.0
479.0,278.0,165.0,129.0
475.0,279.0,165.0,129.0
473.0,281.0,165.0,129.0
471.0,286.0,165.0,129.0
478.0,292.0,165.0,129.0
488.0,295.0,174.0,135.0
499.0,304.0,174.0,135.0
505.0,306.0,174.0,135.0
514.0,310.0,174.0,135.0
525.0,316.0,174.0,135.0
531.0,322.0,174.0,135.0
538.0,326.0,174.0,135.0
539.0,327.0,174.0,135.0
542.0,328.0,174.0,135.0
553.0,330.0,165.0,129.0
562.0,333.0,165.0,129.0
567.0,335.0,165.0,129.0
572.0,336.0,165.0,129.0
571.0,337.0,165.0,129.0
573.0,337.0,165.0,129.0
579.0,340.0,165.0,129.0
578.0,342.0,165.0,129.0
576.0,341.0,165.0,129.0
572.0,342.0,165.0,129.0
573.0,344.0,165.0,129.0
563.0,344.0,165.0,129.0
555.0,342.0,174.0,135.0
546.0,341.0,174.0,135.0
541.0,342.0,174.0,135.0
531.0,343.0,174.0,135.0
523.0,348.0,165.0,129.0
505.0,347.0,165.0,129.0
488.0,344.0,165.0,129.0
474.0,348.0,158.0,123.0
455.0,345.0,158.0,123.0
438.0,343.0,158.0,123.0
420.0,340.0,158.0,123.0
401.0,337.0,158.0,123.0
386.0,333.0,158.0,123.0
371.0,330.0,158.0,123.0
357.0,325.0,158.0,123.0
344.0,321.0,158.0,123.0
332.0,315.0,158.0,123.0
329.0,316.0,158.0,123.0
323.0,315.0,158.0,123.0
322.0,314.0,158.0,123.0
314.0,314.0,158.0,123.0
309.0,312.0,158.0,123.0
312.0,312.0,158.0,123.0
315.0,312.0,158.0,123.0
326.0,313.0,158.0,123.0
334.0,314.0,158.0,123.0
335.0,312.0,158.0,123.0
338.0,312.0,165.0,129.0
331.0,310.0,165.0,129.0
334.0,308.0,174.0,135.0
348.0,310.0,174.0,135.0
364.0,310.0,174.0,135.0
378.0,314.0,165.0,129.0
391.0,316.0,158.0,123.0
407.0,317.0,150.0,117.0
415.0,314.0,150.0,117.0
425.0,310.0,150.0,117.0
434.0,309.0,150.0,117.0
446.0,306.0,150.0,117.0
446.0,300.0,150.0,117.0
446.0,299.0,150.0,117.0
450.0,297.0,150.0,117.0
451.0,298.0,150.0,117.0
448.0,298.0,150.0,117.0
444.0,297.0,150.0,117.0
434.0,295.0,150.0,117.0
422.0,293.0,150.0,117.0
411.0,292.0,150.0,117.0
396.0,293.0,150.0,117.0
384.0,293.0,150.0,117.0
372.0,292.0,150.0,117.0
365.0,291.0,150.0,117.0
359.0,292.0,150.0,117.0
354.0,292.0,150.0,117.0
352.0,291.0,150.0,117.0
348.0,290.0,150.0,117.0
338.0,285.0,158.0,123.0
340.0,284.0,158.0,123.0
339.0,281.0,165.0,129.0
343.0,279.0,174.0,135.0
350.0,282.0,174.0,135.0
356.0,283.0,174.0,135.0
358.0,284.0,174.0,135.0
368.0,284.0,174.0,135.0
359.0,283.0,174.0,135.0
378.0,283.0,174.0,135.0
391.0,287.0,174.0,135.0
398.0,287.0,174.0,135.0
404.0,288.0,174.0,135.0
409.0,288.0,174.0,135.0
411.0,285.0,174.0,135.0
414.0,286.0,174.0,135.0
419.0,283.0,174.0,135.0
429.0,280.0,182.0,142.0
437.0,279.0,182.0,142.0
443.0,279.0,182.0,142.0
451.0,278.0,182.0,142.0
457.0,279.0,174.0,135.0
457.0,276.0,174.0,135.0
458.0,272.0,174.0,135.0
458.0,267.0,174.0,135.0
458.0,260.0,182.0,142.0
463.0,260.0,182.0,142.0
474.0,265.0,174.0,135.0
476.0,263.0,174.0,135.0
476.0,263.0,174.0,135.0
475.0,264.0,174.0,135.0
484.0,267.0,174.0,135.0
480.0,268.0,174.0,135.0
479.0,271.0,174.0,135.0
479.0,274.0,174.0,135.0
478.0,279.0,174.0,135.0
477.0,282.0,174.0,135.0
473.0,282.0,174.0,135.0
473.0,285.0,174.0,135.0
470.0,287.0,174.0,135.0
464.0,289.0,174.0,135.0
469.0,294.0,174.0,135.0
472.0,298.0,174.0,135.0
471.0,300.0,174.0,135.0
465.0,302.0,174.0,135.0
466.0,307.0,165.0,129.0
457.0,306.0,165.0,129.0
445.0,307.0,165.0,129.0
431.0,308.0,165.0,129.0
415.0,308.0,165.0,129.0
395.0,308.0,165.0,129.0
379.0,307.0,165.0,129.0
362.0,305.0,165.0,129.0
344.0,304.0,165.0,129.0
328.0,303.0,165.0,129.0
314.0,303.0,165.0,129.0
301.0,304.0,165.0,129.0
293.0,308.0,158.0,123.0
284.0,307.0,158.0,123.0
281.0,307.0,158.0,123.0
278.0,304.0,158.0,123.0
271.0,300.0,165.0,129.0
266.0,296.0,165.0,129.0
263.0,296.0,165.0,129.0
274.0,293.0,165.0,129.0
286.0,292.0,165.0,129.0
292.0,291.0,165.0,129.0
293.0,288.0,165.0,129.0
293.0,287.0,165.0,129.0
288.0,283.0,174.0,135.0
293.0,283.0,174.0,135.0
295.0,285.0,174.0,135.0
299.0,290.0,165.0,129.0
293.0,291.0,165.0,129.0
287.0,290.0,165.0,129.0
278.0,292.0,165.0,129.0
265.0,291.0,165.0,129.0
251.0,292.0,165.0,129.0
237.0,291.0,165.0,129.0
222.0,290.0,165.0,129.0
207.0,287.0,165.0,129.0
192.0,285.0,165.0,129.0
182.0,283.0,165.0,129.0
169.0,281.0,165.0,129.0
158.0,274.0,174.0,135.0
163.0,269.0,182.0,142.0
166.0,268.0,182.0,142.0
167.0,267.0,182.0,142.0
169.0,267.0,182.0,142.0
176.0,271.0,182.0,142.0
180.0,273.0,174.0,135.0
179.0,273.0,174.0,135.0
182.0,273.0,174.0,135.0
183.0,274.0,174.0,135.0
183.0,272.0,174.0,135.0
186.0,272.0,174.0,135.0
191.0,270.0,174.0,135.0
204.0,274.0,174.0,135.0
221.0,274.0,174.0,135.0
243.0,276.0,165.0,129.0
248.0,277.0,165.0,129.0
254.0,276.0,165.0,129.0
258.0,274.0,165.0,129.0
258.0,271.0,165.0,129.0
259.0,267.0,165.0,129.0
268.0,268.0,165.0,129.0
267.0,263.0,165.0,129.0
265.0,260.0,165.0,129.0
261.0,258.0,165.0,129.0
248.0,257.0,158.0,98.0
240.0,263.0,158.0,98.0
234.0,262.0,158.0,98.0
226.0,260.0,158.0,98.0
218.0,258.0,158.0,98.0
210.0,256.0,158.0,98.0
208.0,260.0,150.0,93.0
200.0,261.0,150.0,93.0
189.0,259.0,150.0,93.0
179.0,262.0,150.0,93.0
176.0,263.0,150.0,93.0
174.0,266.0,150.0,93.0
176.0,268.0,150.0,93.0
182.0,266.0,158.0,98.0
198.0,264.0,166.0,103.0
206.0,265.0,166.0,103.0
208.0,265.0,174.0,108.0
217.0,265.0,174.0,108.0
240.0,266.0,174.0,108.0
261.0,266.0,174.0,108.0
274.0,265.0,174.0,108.0
283.0,264.0,174.0,108.0
289.0,262.0,174.0,108.0
293.0,259.0,174.0,108.0
299.0,258.0,174.0,108.0
298.0,255.0,174.0,108.0
301.0,251.0,174.0,108.0
302.0,250.0,174.0,108.0
301.0,246.0,174.0,108.0
303.0,243.0,174.0,108.0
304.0,241.0,174.0,108.0
308.0,239.0,174.0,108.0
326.0,237.0,174.0,108.0
333.0,229.0,183.0,113.0
336.0,227.0,183.0,113.0
343.0,221.0,183.0,113.0
352.0,219.0,183.0,113.0
363.0,215.0,183.0,113.0
374.0,210.0,183.0,113.0
385.0,207.0,183.0,113.0
425.0,208.0,165.0,94.0
443.0,204.0,168.0,102.0
435.0,191.0,185.0,110.0
452.0,194.0,176.0,102.0
456.0,194.0,183.0,101.0
470.0,187.0,192.0,101.0
501.0,184.0,184.0,119.0
500.0,183.0,182.0,110.0
514.0,184.0,183.0,120.0
518.0,187.0,187.0,113.0
525.0,183.0,177.0,106.0
527.0,185.0,177.0,106.0
537.0,184.0,177.0,106.0
541.0,181.0,186.0,111.0
539.0,184.0,186.0,111.0
537.0,183.0,186.0,111.0
532.0,182.0,195.0,117.0
537.0,183.0,195.0,117.0
543.0,188.0,186.0,111.0
533.0,185.0,186.0,111.0
535.0,188.0,177.0,106.0
546.0,191.0,177.0,106.0
549.0,195.0,177.0,106.0
550.0,195.0,177.0,106.0
546.0,194.0,177.0,106.0
548.0,194.0,177.0,106.0
543.0,195.0,177.0,106.0
538.0,195.0,177.0,106.0
528.0,194.0,177.0,106.0
516.0,194.0,186.0,111.0
517.0,198.0,186.0,111.0
515.0,199.0,186.0,111.0
507.0,199.0,195.0,117.0
499.0,200.0,195.0,117.0
490.0,201.0,195.0,117.0
481.0,203.0,195.0,117.0
470.0,200.0,205.0,123.0
461.0,203.0,205.0,123.0
455.0,207.0,205.0,123.0
444.0,209.0,205.0,123.0
426.0,210.0,205.0,123.0
419.0,216.0,195.0,117.0
398.0,213.0,205.0,123.0
384.0,215.0,205.0,123.0
382.0,218.0,195.0,117.0
382.0,223.0,186.0,111.0
372.0,223.0,186.0,111.0
362.0,226.0,186.0,111.0
352.0,228.0,186.0,111.0
344.0,229.0,186.0,111.0
336.0,226.0,195.0,117.0
327.0,225.0,195.0,117.0
324.0,228.0,186.0,111.0
320.0,228.0,186.0,111.0
321.0,230.0,186.0,111.0
320.0,230.0,186.0,111.0
321.0,232.0,186.0,111.0
320.0,228.0,195.0,117.0
324.0,229.0,195.0,117.0
329.0,228.0,195.0,117.0
330.0,229.0,195.0,117.0
337.0,232.0,195.0,117.0
347.0,234.0,195.0,117.0
358.0,237.0,195.0,117.0
364.0,241.0,186.0,111.0
367.0,243.0,186.0,111.0
365.0,241.0,186.0,111.0
361.0,241.0,186.0,111.0
360.0,243.0,177.0,106.0
353.0,242.0,177.0,106.0
349.0,242.0,177.0,106.0
342.0,241.0,177.0,106.0
335.0,240.0,177.0,106.0
331.0,237.0,177.0,106.0
325.0,236.0,177.0,106.0
321.0,235.0,177.0,106.0
315.0,235.0,177.0,106.0
310.0,233.0,177.0,106.0
307.0,233.0,177.0,106.0
307.0,232.0,177.0,106.0
320.0,233.0,177.0,106.0
322.0,234.0,177.0,106.0
324.0,234.0,177.0,106.0
323.0,233.0,177.0,106.0
327.0,228.0,186.0,111.0
328.0,228.0,186.0,111.0
338.0,228.0,186.0,111.0
358.0,230.0,177.0,106.0
366.0,228.0,177.0,106.0
373.0,229.0,177.0,106.0
381.0,226.0,177.0,106.0
386.0,222.0,177.0,106.0
385.0,221.0,177.0,106.0
393.0,219.0,177.0,106.0
399.0,219.0,177.0,106.0
401.0,215.0,186.0,111.0
404.0,217.0,186.0,111.0
408.0,218.0,186.0,111.0
409.0,215.0,186.0,111.0
406.0,214.0,186.0,111.0
420.0,220.0,177.0,106.0
425.0,220.0,177.0,106.0
425.0,221.0,177.0,106.0
433.0,220.0,177.0,106.0
444.0,226.0,169.0,101.0
447.0,223.0,177.0,106.0
446.0,220.0,186.0,111.0
446.0,218.0,186.0,111.0
437.0,217.0,186.0,111.0
441.0,218.0,186.0,111.0
454.0,215.0,195.0,117.0
462.0,216.0,195.0,117.0
461.0,213.0,195.0,117.0
459.0,212.0,195.0,117.0
455.0,213.0,195.0,117.0
441.0,211.0,195.0,117.0
436.0,211.0,195.0,117.0
430.0,211.0,195.0,117.0
419.0,210.0,195.0,117.0
412.0,210.0,195.0,117.0
416.0,216.0,186.0,111.0
406.0,217.0,186.0,111.0
405.0,220.0,186.0,111.0
399.0,221.0,186.0,111.0
395.0,224.0,186.0,111.0
399.0,227.0,186.0,111.0
402.0,227.0,186.0,111.0
404.0,231.0,186.0,111.0
403.0,232.0,186.0,111.0
397.0,231.0,195.0,117.0
397.0,234.0,195.0,117.0
409.0,238.0,195.0,117.0
417.0,241.0,195.0,117.0
420.0,242.0,195.0,117.0
418.0,244.0,195.0,117.0
418.0,244.0,195.0,117.0
416.0,245.0,195.0,117.0
412.0,246.0,195.0,117.0
406.0,245.0,195.0,117.0
405.0,247.0,195.0,117.0
401.0,246.0,195.0,117.0
402.0,245.0,195.0,117.0
401.0,244.0,195.0,117.0
401.0,244.0,195.0,117.0
401.0,242.0,195.0,117.0
402.0,245.0,186.0,111.0
398.0,245.0,186.0,111.0
399.0,245.0,186.0,111.0
406.0,245.0,186.0,111.0
416.0,246.0,186.0,111.0
410.0,244.0,186.0,111.0
407.0,242.0,195.0,117.0
412.0,244.0,195.0,117.0
426.0,248.0,195.0,117.0
428.0,251.0,195.0,117.0
427.0,257.0,195.0,117.0
422.0,263.0,195.0,117.0
419.0,274.0,186.0,111.0
415.0,279.0,186.0,111.0
405.0,284.0,195.0,117.0
408.0,291.0,195.0,117.0
413.0,301.0,195.0,117.0
413.0,306.0,195.0,117.0
410.0,309.0,195.0,117.0
410.0,313.0,195.0,117.0
412.0,318.0,195.0,117.0
408.0,321.0,195.0,117.0
406.0,325.0,195.0,117.0
414.0,327.0,195.0,117.0
420.0,329.0,195.0,117.0
420.0,328.0,195.0,117.0
429.0,328.0,195.0,117.0
435.0,329.0,195.0,117.0
443.0,335.0,195.0,117.0
442.0,331.0,195.0,117.0
441.0,332.0,195.0,117.0
441.0,332.0,195.0,117.0
445.0,337.0,195.0,117.0
446.0,338.0,195.0,117.0
448.0,338.0,195.0,117.0
448.0,337.0,195.0,117.0
450.0,336.0,195.0,117.0
449.0,337.0,195.0,117.0
455.0,339.0,195.0,117.0
503.0,340.0,151.0,114.0
497.0,339.0,151.0,114.0
499.0,339.0,151.0,114.0
502.0,336.0,151.0,114.0
503.0,334.0,151.0,114.0
505.0,331.0,151.0,114.0
510.0,328.0,151.0,114.0
512.0,328.0,151.0,114.0
514.0,326.0,151.0,114.0
520.0,325.0,151.0,114.0
538.0,323.0,151.0,114.0
547.0,320.0,151.0,114.0
555.0,320.0,144.0,109.0
560.0,318.0,144.0,109.0
563.0,315.0,144.0,109.0
561.0,314.0,144.0,109.0
557.0,312.0,144.0,109.0
557.0,311.0,144.0,109.0
556.0,310.0,144.0,109.0
550.0,308.0,151.0,114.0
547.0,306.0,151.0,114.0
546.0,305.0,151.0,114.0
547.0,303.0,151.0,114.0
539.0,297.0,159.0,120.0
537.0,298.0,159.0,120.0
549.0,294.0,166.0,126.0
556.0,293.0,166.0,126.0
558.0,290.0,166.0,126.0
558.0,292.0,159.0,120.0
553.0,289.0,159.0,120.0
548.0,289.0,159.0,120.0
549.0,289.0,159.0,120.0
542.0,282.0,166.0,126.0
536.0,290.0,159.0,120.0
533.0,288.0,159.0,120.0
536.0,288.0,159.0,120.0
547.0,291.0,151.0,114.0
547.0,290.0,151.0,114.0
551.0,289.0,151.0,114.0
555.0,291.0,144.0,109.0
557.0,289.0,144.0,109.0
555.0,289.0,144.0,109.0
555.0,289.0,144.0,109.0
558.0,284.0,151.0,114.0
560.0,285.0,151.0,114.0
562.0,282.0,151.0,114.0
567.0,282.0,151.0,114.0
574.0,281.0,151.0,114.0
588.0,281.0,151.0,114.0
595.0,281.0,151.0,114.0
599.0,279.0,159.0,120.0
607.0,280.0,159.0,120.0
610.0,282.0,159.0,120.0
614.0,284.0,159.0,120.0
615.0,286.0,159.0,120.0
615.0,287.0,159.0,120.0
617.0,288.0,159.0,120.0
618.0,288.0,159.0,120.0
619.0,290.0,159.0,120.0
617.0,291.0,159.0,120.0
616.0,293.0,159.0,120.0
617.0,292.0,159.0,120.0
616.0,292.0,159.0,120.0
613.0,291.0,159.0,120.0
613.0,291.0,159.0,120.0
610.0,291.0,159.0,120.0
614.0,296.0,151.0,114.0
619.0,295.0,151.0,114.0
623.0,299.0,144.0,109.0
623.0,299.0,144.0,109.0
625.0,299.0,144.0,109.0
632.0,303.0,137.0,103.0
629.0,304.0,137.0,103.0
628.0,303.0,137.0,103.0
627.0,304.0,137.0,103.0
634.0,304.0,137.0,103.0
635.0,304.0,137.0,103.0
633.0,308.0,130.0,98.0
628.0,310.0,130.0,98.0
621.0,310.0,130.0,98.0
616.0,311.0,130.0,98.0
612.0,310.0,130.0,98.0
609.0,310.0,130.0,98.0
605.0,310.0,130.0,98.0
602.0,308.0,130.0,98.0
604.0,310.0,130.0,98.0
601.0,309.0,130.0,98.0
601.0,310.0,130.0,98.0
604.0,305.0,137.0,103.0
611.0,300.0,144.0,109.0
625.0,301.0,144.0,109.0
634.0,300.0,144.0,109.0
635.0,301.0,144.0,109.0
632.0,303.0,144.0,109.0
628.0,305.0,137.0,103.0
632.0,306.0,137.0,103.0
634.0,308.0,137.0,103.0
629.0,308.0,137.0,103.0
623.0,309.0,137.0,103.0
618.0,311.0,137.0,103.0
611.0,312.0,137.0,103.0
607.0,312.0,137.0,103.0
602.0,309.0,144.0,109.0
601.0,312.0,144.0,109.0
598.0,315.0,144.0,109.0
594.0,316.0,144.0,109.0
592.0,318.0,144.0,109.0
588.0,319.0,144.0,109.0
589.0,321.0,144.0,109.0
582.0,320.0,151.0,114.0
581.0,321.0,151.0,114.0
582.0,323.0,144.0,109.0
581.0,319.0,144.0,109.0
579.0,318.0,144.0,109.0
575.0,315.0,151.0,114.0
578.0,313.0,151.0,114.0
580.0,315.0,151.0,114.0
585.0,317.0,151.0,114.0
585.0,317.0,151.0,114.0
583.0,318.0,151.0,114.0
578.0,319.0,151.0,114.0
572.0,318.0,151.0,114.0
567.0,319.0,151.0,114.0
564.0,318.0,151.0,114.0
560.0,321.0,151.0,114.0
557.0,322.0,151.0,114.0
553.0,323.0,151.0,114.0
549.0,323.0,151.0,114.0
545.0,324.0,151.0,114.0
541.0,324.0,151.0,114.0
538.0,327.0,151.0,114.0
536.0,328.0,151.0,114.0
534.0,327.0,151.0,114.0
536.0,329.0,151.0,114.0
537.0,329.0,144.0,109.0
534.0,329.0,144.0,109.0
534.0,332.0,144.0,109.0
536.0,332.0,144.0,109.0
538.0,333.0,144.0,109.0
539.0,336.0,144.0,109.0
538.0,334.0,151.0,114.0
544.0,338.0,151.0,114.0
542.0,339.0,151.0,114.0
534.0,336.0,159.0,120.0
533.0,338.0,159.0,120.0
531.0,340.0,159.0,120.0
529.0,341.0,159.0,120.0
526.0,340.0,159.0,120.0
526.0,341.0,159.0,120.0
530.0,341.0,159.0,120.0
534.0,343.0,159.0,120.0
536.0,341.0,159.0,120.0
538.0,344.0,159.0,120.0
539.0,345.0,159.0,120.0
543.0,347.0,159.0,120.0
549.0,348.0,159.0,120.0
560.0,345.0,159.0,120.0
556.0,341.0,166.0,126.0
554.0,340.0,166.0,126.0
550.0,340.0,166.0,126.0
549.0,341.0,166.0,126.0
546.0,341.0,166.0,126.0
546.0,342.0,166.0,126.0
547.0,343.0,166.0,126.0
555.0,349.0,159.0,120.0
565.0,348.0,159.0,120.0
569.0,350.0,159.0,120.0
569.0,349.0,159.0,120.0
571.0,350.0,159.0,120.0
570.0,349.0,166.0,126.0
571.0,353.0,159.0,120.0
570.0,350.0,166.0,126.0
565.0,349.0,166.0,126.0
567.0,351.0,166.0,126.0
574.0,350.0,166.0,126.0
580.0,351.0,166.0,126.0
583.0,352.0,166.0,126.0
593.0,358.0,166.0,126.0
600.0,360.0,166.0,126.0
601.0,360.0,166.0,126.0
602.0,362.0,166.0,126.0
600.0,360.0,166.0,126.0
599.0,358.0,166.0,126.0
601.0,360.0,166.0,126.0
603.0,358.0,166.0,126.0
599.0,356.0,166.0,126.0
603.0,358.0,166.0,126.0
600.0,359.0,166.0,126.0
