221.0,512.0,75.0,85.0
222.0,511.0,75.0,86.0
222.0,511.0,76.0,86.0
223.0,511.0,76.0,86.0
222.0,510.0,78.0,89.0
224.0,511.0,76.0,87.0
228.0,515.0,75.0,85.0
229.0,515.0,74.0,84.0
229.0,514.0,75.0,85.0
229.0,514.0,76.0,86.0
229.0,514.0,76.0,86.0
229.0,514.0,76.0,86.0
232.0,514.0,75.0,85.0
233.0,513.0,75.0,85.0
234.0,513.0,75.0,85.0
235.0,512.0,75.0,85.0
227.0,509.0,83.0,87.0
227.0,509.0,83.0,87.0
229.0,508.0,83.0,87.0
230.0,508.0,83.0,87.0
231.0,507.0,83.0,87.0
232.0,507.0,82.0,86.0
234.0,507.0,82.0,85.0
234.0,507.0,82.0,86.0
235.0,505.0,83.0,87.0
237.0,505.0,83.0,87.0
237.0,505.0,83.0,87.0
239.0,503.0,83.0,87.0
240.0,502.0,83.0,88.0
241.0,502.0,83.0,87.0
244.0,499.0,82.0,86.0
245.0,498.0,82.0,86.0
247.0,497.0,81.0,85.0
249.0,496.0,80.0,84.0
251.0,495.0,80.0,84.0
251.0,495.0,80.0,84.0
253.0,494.0,78.0,82.0
254.0,493.0,78.0,82.0
255.0,492.0,78.0,82.0
256.0,491.0,78.0,82.0
257.0,490.0,78.0,82.0
257.0,490.0,78.0,82.0
259.0,487.0,76.0,80.0
261.0,485.0,75.0,79.0
261.0,483.0,75.0,78.0
262.0,482.0,75.0,78.0
263.0,481.0,75.0,78.0
263.0,481.0,75.0,78.0
264.0,477.0,75.0,79.0
264.0,476.0,75.0,79.0
264.0,475.0,75.0,79.0
264.0,473.0,75.0,79.0
264.0,472.0,75.0,79.0
264.0,472.0,75.0,79.0
265.0,469.0,75.0,79.0
265.0,468.0,75.0,79.0
265.0,467.0,75.0,79.0
265.0,466.0,76.0,79.0
265.0,465.0,76.0,80.0
265.0,465.0,76.0,80.0
265.0,461.0,78.0,82.0
265.0,460.0,78.0,82.0
265.0,459.0,79.0,82.0
265.0,457.0,79.0,83.0
264.0,456.0,79.0,83.0
264.0,456.0,79.0,83.0
264.0,452.0,78.0,82.0
264.0,451.0,78.0,82.0
264.0,450.0,78.0,82.0
263.0,448.0,78.0,82.0
263.0,447.0,78.0,82.0
263.0,447.0,78.0,82.0
263.0,445.0,78.0,82.0
263.0,444.0,78.0,81.0
263.0,444.0,77.0,81.0
263.0,443.0,76.0,80.0
262.0,442.0,76.0,80.0
262.0,442.0,76.0,80.0
261.0,441.0,76.0,80.0
261.0,440.0,76.0,80.0
260.0,439.0,76.0,80.0
260.0,439.0,77.0,80.0
259.0,437.0,78.0,81.0
259.0,437.0,78.0,81.0
257.0,435.0,80.0,84.0
256.0,434.0,81.0,85.0
256.0,434.0,81.0,85.0
256.0,433.0,82.0,85.0
256.0,432.0,81.0,85.0
256.0,432.0,81.0,85.0
255.0,430.0,83.0,87.0
254.0,430.0,83.0,87.0
254.0,428.0,84.0,88.0
254.0,427.0,85.0,89.0
254.0,427.0,86.0,90.0
254.0,427.0,86.0,90.0
255.0,426.0,88.0,92.0
255.0,425.0,88.0,92.0
256.0,425.0,88.0,92.0
257.0,424.0,88.0,92.0
258.0,423.0,87.0,91.0
258.0,423.0,87.0,91.0
260.0,421.0,86.0,90.0
260.0,420.0,86.0,90.0
260.0,419.0,85.0,89.0
260.0,418.0,85.0,90.0
260.0,416.0,86.0,90.0
260.0,416.0,86.0,90.0
261.0,414.0,87.0,91.0
261.0,412.0,86.0,91.0
261.0,411.0,87.0,91.0
261.0,409.0,87.0,92.0
262.0,408.0,87.0,92.0
262.0,408.0,87.0,92.0
262.0,405.0,87.0,91.0
263.0,404.0,86.0,90.0
263.0,403.0,86.0,90.0
264.0,402.0,86.0,90.0
264.0,400.0,87.0,91.0
264.0,400.0,87.0,91.0
264.0,397.0,91.0,95.0
265.0,396.0,93.0,97.0
265.0,395.0,95.0,100.0
265.0,393.0,97.0,102.0
265.0,392.0,98.0,103.0
265.0,392.0,98.0,103.0
265.0,390.0,101.0,106.0
266.0,389.0,102.0,107.0
267.0,388.0,102.0,107.0
267.0,388.0,103.0,108.0
268.0,387.0,103.0,108.0
268.0,387.0,103.0,108.0
271.0,387.0,102.0,107.0
272.0,386.0,102.0,107.0
273.0,386.0,103.0,108.0
273.0,385.0,93.0,91.0
274.0,385.0,94.0,92.0
274.0,385.0,93.0,91.0
275.0,384.0,95.0,93.0
274.0,383.0,97.0,95.0
274.0,382.0,98.0,96.0
275.0,382.0,98.0,96.0
281.0,385.0,92.0,90.0
280.0,385.0,94.0,92.0
283.0,386.0,93.0,91.0
283.0,385.0,95.0,93.0
281.0,382.0,98.0,96.0
286.0,385.0,95.0,92.0
287.0,385.0,95.0,93.0
287.0,385.0,95.0,93.0
288.0,385.0,96.0,94.0
289.0,385.0,97.0,95.0
290.0,385.0,97.0,95.0
291.0,385.0,97.0,95.0
292.0,385.0,97.0,95.0
292.0,385.0,97.0,95.0
294.0,386.0,97.0,95.0
296.0,386.0,97.0,95.0
297.0,387.0,97.0,95.0
299.0,387.0,96.0,94.0
300.0,388.0,96.0,94.0
300.0,388.0,96.0,94.0
304.0,389.0,95.0,93.0
305.0,390.0,95.0,93.0
306.0,390.0,95.0,93.0
308.0,391.0,95.0,93.0
309.0,392.0,94.0,92.0
309.0,392.0,94.0,92.0
313.0,394.0,94.0,92.0
315.0,396.0,94.0,92.0
316.0,397.0,94.0,92.0
318.0,398.0,93.0,91.0
321.0,399.0,93.0,91.0
321.0,399.0,93.0,91.0
325.0,401.0,92.0,90.0
326.0,402.0,92.0,90.0
328.0,403.0,92.0,90.0
330.0,404.0,92.0,90.0
332.0,405.0,92.0,90.0
332.0,405.0,92.0,90.0
336.0,407.0,92.0,90.0
338.0,408.0,92.0,90.0
340.0,410.0,92.0,90.0
342.0,411.0,91.0,89.0
344.0,412.0,91.0,89.0
344.0,412.0,91.0,89.0
347.0,415.0,92.0,90.0
348.0,416.0,92.0,90.0
348.0,417.0,92.0,90.0
349.0,419.0,91.0,89.0
349.0,421.0,90.0,88.0
349.0,421.0,90.0,88.0
348.0,424.0,90.0,88.0
348.0,425.0,90.0,88.0
347.0,427.0,90.0,88.0
348.0,429.0,90.0,88.0
348.0,432.0,90.0,88.0
348.0,432.0,90.0,88.0
349.0,435.0,90.0,88.0
350.0,437.0,90.0,88.0
351.0,438.0,90.0,88.0
352.0,440.0,89.0,87.0
354.0,442.0,89.0,87.0
354.0,442.0,89.0,87.0
357.0,446.0,87.0,85.0
359.0,448.0,86.0,84.0
361.0,450.0,86.0,84.0
362.0,451.0,86.0,84.0
364.0,453.0,86.0,84.0
364.0,453.0,86.0,84.0
366.0,457.0,85.0,83.0
367.0,459.0,85.0,83.0
368.0,461.0,84.0,82.0
368.0,463.0,85.0,83.0
368.0,465.0,85.0,84.0
368.0,465.0,85.0,83.0
369.0,469.0,86.0,84.0
370.0,470.0,85.0,83.0
371.0,471.0,85.0,83.0
372.0,473.0,83.0,81.0
372.0,474.0,82.0,80.0
372.0,474.0,82.0,80.0
374.0,479.0,79.0,77.0
374.0,481.0,79.0,77.0
374.0,483.0,79.0,78.0
375.0,484.0,79.0,77.0
376.0,486.0,79.0,78.0
376.0,486.0,79.0,78.0
378.0,489.0,79.0,77.0
379.0,491.0,78.0,76.0
380.0,493.0,77.0,75.0
382.0,496.0,75.0,73.0
383.0,498.0,73.0,72.0
383.0,498.0,73.0,72.0
386.0,501.0,71.0,70.0
387.0,503.0,70.0,68.0
388.0,505.0,68.0,67.0
389.0,507.0,67.0,65.0
390.0,509.0,66.0,64.0
390.0,509.0,66.0,64.0
392.0,512.0,63.0,61.0
394.0,514.0,62.0,60.0
395.0,516.0,60.0,59.0
396.0,518.0,59.0,58.0
391.0,521.0,97.0,61.0
391.0,521.0,97.0,61.0
393.0,523.0,96.0,60.0
394.0,524.0,95.0,59.0
394.0,525.0,94.0,59.0
394.0,525.0,93.0,59.0
395.0,525.0,93.0,59.0
394.0,524.0,94.0,59.0
395.0,525.0,94.0,59.0
396.0,524.0,94.0,59.0
396.0,524.0,93.0,59.0
396.0,524.0,93.0,58.0
397.0,524.0,92.0,58.0
397.0,524.0,92.0,58.0
398.0,524.0,92.0,58.0
398.0,524.0,91.0,57.0
398.0,523.0,91.0,57.0
399.0,523.0,90.0,57.0
399.0,523.0,90.0,56.0
399.0,523.0,90.0,56.0
401.0,523.0,86.0,54.0
401.0,522.0,86.0,54.0
402.0,521.0,84.0,53.0
403.0,521.0,83.0,52.0
403.0,520.0,82.0,52.0
403.0,520.0,82.0,52.0
403.0,518.0,80.0,50.0
404.0,518.0,79.0,50.0
404.0,516.0,79.0,77.0
404.0,515.0,79.0,77.0
404.0,513.0,80.0,77.0
404.0,513.0,80.0,78.0
404.0,512.0,80.0,78.0
404.0,510.0,80.0,78.0
404.0,509.0,81.0,79.0
403.0,507.0,81.0,79.0
402.0,506.0,82.0,79.0
402.0,506.0,82.0,79.0
401.0,503.0,82.0,79.0
401.0,502.0,82.0,80.0
400.0,501.0,83.0,80.0
400.0,500.0,83.0,81.0
401.0,499.0,83.0,81.0
401.0,499.0,83.0,81.0
401.0,497.0,84.0,82.0
401.0,496.0,85.0,82.0
401.0,496.0,85.0,83.0
401.0,495.0,86.0,84.0
401.0,493.0,87.0,84.0
401.0,493.0,87.0,84.0
401.0,491.0,89.0,86.0
401.0,491.0,89.0,87.0
400.0,489.0,90.0,88.0
400.0,488.0,91.0,89.0
399.0,488.0,91.0,89.0
399.0,488.0,91.0,89.0
397.0,487.0,92.0,89.0
397.0,486.0,92.0,90.0
396.0,486.0,91.0,89.0
398.0,487.0,89.0,86.0
400.0,487.0,87.0,85.0
400.0,487.0,87.0,85.0
401.0,484.0,89.0,87.0
402.0,483.0,89.0,87.0
403.0,482.0,89.0,87.0
405.0,482.0,86.0,84.0
406.0,482.0,82.0,80.0
406.0,482.0,82.0,80.0
411.0,483.0,73.0,71.0
412.0,483.0,71.0,69.0
413.0,483.0,70.0,68.0
413.0,483.0,70.0,69.0
414.0,482.0,73.0,71.0
414.0,482.0,73.0,71.0
413.0,482.0,78.0,76.0
415.0,483.0,75.0,73.0
419.0,485.0,69.0,67.0
421.0,487.0,65.0,64.0
423.0,488.0,63.0,62.0
423.0,488.0,63.0,62.0
425.0,492.0,56.0,54.0
426.0,495.0,53.0,51.0
426.0,497.0,52.0,50.0
426.0,500.0,52.0,50.0
425.0,494.0,61.0,59.0
425.0,494.0,61.0,59.0
425.0,494.0,61.0,59.0
425.0,494.0,61.0,59.0
437.0,496.0,54.0,53.0
443.0,503.0,48.0,47.0
446.0,501.0,50.0,49.0
446.0,501.0,50.0,49.0
446.0,501.0,50.0,49.0
440.0,494.0,55.0,54.0
440.0,494.0,55.0,54.0
440.0,494.0,55.0,54.0
440.0,494.0,55.0,54.0
440.0,494.0,55.0,54.0
440.0,494.0,55.0,54.0
440.0,494.0,55.0,54.0
440.0,494.0,55.0,54.0
440.0,494.0,55.0,54.0
440.0,494.0,55.0,54.0
440.0,494.0,55.0,54.0
440.0,494.0,55.0,54.0
440.0,494.0,55.0,54.0
440.0,494.0,55.0,54.0
440.0,494.0,55.0,54.0
440.0,494.0,55.0,54.0
440.0,494.0,55.0,54.0
440.0,494.0,55.0,54.0
440.0,494.0,55.0,54.0
440.0,494.0,55.0,54.0
440.0,494.0,55.0,54.0
440.0,494.0,55.0,54.0
440.0,494.0,55.0,54.0
440.0,494.0,55.0,54.0
440.0,494.0,55.0,54.0
440.0,494.0,55.0,54.0
440.0,494.0,55.0,54.0
440.0,494.0,55.0,54.0
440.0,494.0,55.0,54.0
440.0,494.0,55.0,54.0
440.0,494.0,55.0,54.0
440.0,494.0,55.0,54.0
440.0,494.0,55.0,54.0
440.0,494.0,55.0,54.0
440.0,494.0,55.0,54.0
440.0,494.0,55.0,54.0
440.0,494.0,55.0,54.0
440.0,494.0,55.0,54.0
440.0,494.0,55.0,54.0
440.0,494.0,55.0,54.0
440.0,494.0,55.0,54.0
440.0,494.0,55.0,54.0
433.0,486.0,75.0,78.0
433.0,487.0,75.0,78.0
433.0,487.0,76.0,79.0
431.0,487.0,78.0,81.0
431.0,486.0,78.0,81.0
432.0,487.0,81.0,84.0
432.0,487.0,81.0,84.0
433.0,486.0,82.0,86.0
433.0,486.0,83.0,86.0
433.0,486.0,83.0,87.0
433.0,486.0,83.0,87.0
434.0,487.0,84.0,88.0
434.0,486.0,85.0,88.0
434.0,486.0,86.0,89.0
433.0,486.0,88.0,91.0
433.0,486.0,88.0,92.0
433.0,486.0,88.0,92.0
431.0,487.0,91.0,94.0
431.0,487.0,92.0,96.0
430.0,487.0,92.0,96.0
429.0,487.0,93.0,97.0
417.0,487.0,105.0,98.0
417.0,487.0,105.0,98.0
415.0,486.0,107.0,100.0
413.0,486.0,108.0,101.0
410.0,485.0,110.0,103.0
407.0,483.0,114.0,107.0
405.0,482.0,117.0,109.0
405.0,482.0,117.0,109.0
402.0,481.0,118.0,110.0
402.0,482.0,117.0,109.0
400.0,482.0,117.0,109.0
398.0,483.0,116.0,108.0
397.0,483.0,116.0,108.0
397.0,483.0,116.0,108.0
394.0,482.0,116.0,108.0
402.0,497.0,123.0,84.0
401.0,496.0,124.0,84.0
399.0,496.0,124.0,85.0
397.0,495.0,126.0,86.0
398.0,496.0,125.0,85.0
396.0,496.0,124.0,85.0
395.0,496.0,123.0,84.0
395.0,496.0,122.0,83.0
394.0,496.0,122.0,84.0
393.0,496.0,122.0,83.0
393.0,496.0,122.0,83.0
392.0,497.0,122.0,83.0
391.0,497.0,121.0,83.0
390.0,497.0,122.0,84.0
389.0,497.0,123.0,84.0
388.0,497.0,124.0,84.0
388.0,497.0,123.0,84.0
386.0,496.0,126.0,86.0
385.0,495.0,127.0,87.0
383.0,494.0,129.0,88.0
382.0,494.0,130.0,89.0
382.0,493.0,131.0,89.0
382.0,493.0,131.0,89.0
380.0,493.0,132.0,90.0
379.0,492.0,133.0,91.0
378.0,492.0,133.0,91.0
377.0,491.0,133.0,91.0
376.0,490.0,134.0,91.0
376.0,490.0,134.0,91.0
375.0,489.0,135.0,92.0
374.0,489.0,135.0,92.0
374.0,489.0,135.0,92.0
373.0,488.0,136.0,93.0
373.0,487.0,136.0,93.0
373.0,487.0,136.0,93.0
370.0,485.0,138.0,94.0
369.0,484.0,139.0,95.0
382.0,488.0,117.0,74.0
381.0,488.0,117.0,74.0
380.0,488.0,117.0,74.0
380.0,488.0,117.0,74.0
379.0,486.0,118.0,74.0
379.0,485.0,117.0,74.0
378.0,485.0,116.0,74.0
378.0,484.0,115.0,73.0
377.0,484.0,115.0,73.0
377.0,484.0,115.0,73.0
376.0,483.0,115.0,73.0
375.0,483.0,115.0,72.0
374.0,482.0,115.0,72.0
374.0,482.0,114.0,72.0
372.0,481.0,115.0,73.0
373.0,481.0,115.0,73.0
370.0,479.0,116.0,73.0
370.0,478.0,115.0,73.0
369.0,477.0,116.0,73.0
368.0,476.0,114.0,72.0
368.0,475.0,114.0,72.0
368.0,475.0,114.0,72.0
367.0,474.0,115.0,73.0
366.0,473.0,116.0,73.0
365.0,472.0,116.0,73.0
366.0,472.0,115.0,73.0
365.0,471.0,115.0,73.0
365.0,471.0,115.0,73.0
363.0,470.0,114.0,72.0
362.0,469.0,114.0,72.0
361.0,469.0,114.0,72.0
361.0,468.0,114.0,72.0
354.0,468.0,120.0,72.0
354.0,468.0,120.0,72.0
352.0,467.0,121.0,72.0
351.0,466.0,120.0,72.0
350.0,466.0,121.0,72.0
349.0,465.0,120.0,72.0
349.0,464.0,120.0,72.0
349.0,464.0,120.0,72.0
347.0,464.0,121.0,73.0
347.0,463.0,119.0,72.0
346.0,463.0,119.0,71.0
346.0,462.0,119.0,72.0
344.0,461.0,119.0,71.0
344.0,461.0,119.0,71.0
344.0,461.0,119.0,71.0
344.0,460.0,119.0,71.0
343.0,460.0,119.0,71.0
342.0,460.0,119.0,72.0
342.0,460.0,120.0,72.0
342.0,460.0,120.0,72.0
341.0,459.0,119.0,71.0
341.0,459.0,119.0,71.0
342.0,459.0,118.0,71.0
342.0,459.0,118.0,71.0
342.0,458.0,117.0,70.0
342.0,458.0,117.0,70.0
342.0,458.0,116.0,70.0
342.0,458.0,116.0,70.0
341.0,458.0,117.0,70.0
341.0,458.0,117.0,70.0
341.0,458.0,117.0,70.0
341.0,458.0,117.0,70.0
341.0,458.0,116.0,70.0
341.0,458.0,116.0,70.0
341.0,458.0,116.0,69.0
341.0,458.0,115.0,69.0
340.0,458.0,115.0,69.0
340.0,458.0,115.0,69.0
340.0,458.0,115.0,69.0
339.0,459.0,115.0,69.0
339.0,459.0,114.0,69.0
339.0,459.0,114.0,68.0
339.0,458.0,114.0,68.0
339.0,458.0,114.0,68.0
340.0,458.0,113.0,68.0
340.0,458.0,113.0,68.0
340.0,457.0,112.0,67.0
339.0,457.0,112.0,67.0
339.0,457.0,112.0,67.0
339.0,457.0,112.0,67.0
338.0,457.0,112.0,67.0
338.0,456.0,111.0,67.0
338.0,456.0,111.0,67.0
338.0,456.0,111.0,67.0
338.0,456.0,111.0,66.0
338.0,456.0,111.0,66.0
338.0,454.0,110.0,66.0
338.0,454.0,109.0,66.0
338.0,453.0,109.0,66.0
339.0,453.0,109.0,65.0
339.0,452.0,109.0,65.0
339.0,452.0,109.0,65.0
340.0,451.0,108.0,65.0
340.0,451.0,108.0,65.0
340.0,450.0,107.0,64.0
340.0,450.0,107.0,64.0
341.0,450.0,106.0,64.0
341.0,450.0,106.0,64.0
341.0,449.0,106.0,63.0
333.0,447.0,117.0,63.0
333.0,447.0,117.0,63.0
334.0,446.0,116.0,63.0
335.0,446.0,116.0,62.0
335.0,446.0,116.0,62.0
336.0,445.0,114.0,61.0
337.0,445.0,113.0,61.0
338.0,445.0,113.0,61.0
338.0,445.0,112.0,60.0
338.0,445.0,112.0,60.0
338.0,445.0,112.0,60.0
339.0,444.0,110.0,59.0
340.0,444.0,109.0,59.0
339.0,444.0,108.0,58.0
340.0,445.0,108.0,58.0
340.0,444.0,108.0,58.0
340.0,444.0,108.0,58.0
340.0,444.0,105.0,57.0
341.0,444.0,104.0,56.0
341.0,441.0,99.0,64.0
342.0,441.0,98.0,63.0
344.0,441.0,96.0,62.0
344.0,441.0,95.0,61.0
347.0,443.0,88.0,57.0
347.0,444.0,86.0,56.0
348.0,444.0,85.0,55.0
348.0,444.0,84.0,54.0
348.0,444.0,84.0,54.0
348.0,445.0,82.0,53.0
347.0,445.0,85.0,55.0
347.0,445.0,86.0,55.0
348.0,446.0,78.0,51.0
347.0,445.0,85.0,55.0
348.0,446.0,80.0,51.0
346.0,437.0,79.0,71.0
348.0,438.0,76.0,68.0
346.0,438.0,78.0,70.0
344.0,438.0,80.0,72.0
342.0,437.0,80.0,72.0
342.0,438.0,78.0,70.0
341.0,438.0,78.0,71.0
343.0,440.0,75.0,68.0
343.0,441.0,74.0,66.0
344.0,442.0,72.0,65.0
344.0,443.0,72.0,65.0
344.0,443.0,72.0,65.0
344.0,443.0,72.0,65.0
345.0,444.0,72.0,65.0
345.0,445.0,72.0,64.0
346.0,446.0,72.0,65.0
346.0,446.0,72.0,65.0
347.0,447.0,72.0,64.0
347.0,447.0,72.0,64.0
348.0,448.0,71.0,64.0
349.0,449.0,71.0,64.0
349.0,449.0,71.0,64.0
350.0,450.0,71.0,64.0
350.0,450.0,71.0,63.0
350.0,450.0,71.0,63.0
352.0,452.0,71.0,64.0
352.0,452.0,71.0,63.0
353.0,453.0,70.0,63.0
354.0,454.0,70.0,63.0
354.0,454.0,71.0,63.0
357.0,454.0,52.0,60.0
359.0,455.0,52.0,59.0
359.0,456.0,52.0,60.0
360.0,458.0,53.0,61.0
359.0,458.0,54.0,63.0
357.0,457.0,58.0,67.0
357.0,457.0,58.0,67.0
358.0,458.0,59.0,68.0
358.0,458.0,58.0,67.0
358.0,459.0,59.0,68.0
359.0,460.0,59.0,68.0
359.0,459.0,60.0,69.0
360.0,460.0,59.0,68.0
358.0,464.0,61.0,71.0
361.0,463.0,59.0,68.0
365.0,465.0,58.0,67.0
367.0,466.0,57.0,66.0
371.0,470.0,54.0,62.0
371.0,470.0,54.0,62.0
373.0,471.0,54.0,62.0
374.0,472.0,54.0,63.0
374.0,473.0,54.0,63.0
375.0,473.0,54.0,63.0
351.0,471.0,82.0,71.0
351.0,471.0,82.0,71.0
352.0,472.0,82.0,71.0
352.0,472.0,82.0,71.0
352.0,472.0,84.0,73.0
353.0,473.0,82.0,71.0
354.0,474.0,82.0,71.0
354.0,474.0,82.0,71.0
354.0,474.0,86.0,74.0
354.0,473.0,87.0,75.0
354.0,472.0,89.0,77.0
354.0,472.0,90.0,78.0
354.0,471.0,92.0,80.0
354.0,471.0,92.0,80.0
354.0,472.0,93.0,80.0
355.0,472.0,93.0,80.0
355.0,472.0,93.0,81.0
356.0,472.0,93.0,81.0
356.0,472.0,93.0,81.0
356.0,472.0,93.0,81.0
349.0,471.0,92.0,81.0
349.0,470.0,93.0,82.0
349.0,469.0,94.0,83.0
350.0,468.0,96.0,84.0
351.0,466.0,99.0,87.0
351.0,466.0,99.0,87.0
352.0,465.0,100.0,88.0
355.0,466.0,97.0,85.0
355.0,464.0,97.0,86.0
356.0,463.0,97.0,86.0
357.0,462.0,97.0,86.0
357.0,462.0,97.0,86.0
335.0,463.0,113.0,75.0
335.0,461.0,114.0,76.0
336.0,460.0,115.0,76.0
338.0,459.0,115.0,77.0
339.0,458.0,115.0,77.0
339.0,458.0,115.0,77.0
344.0,456.0,114.0,76.0
346.0,456.0,113.0,75.0
347.0,455.0,113.0,75.0
348.0,455.0,112.0,74.0
351.0,454.0,110.0,73.0
353.0,454.0,109.0,72.0
356.0,453.0,108.0,72.0
357.0,452.0,109.0,72.0
358.0,450.0,109.0,72.0
359.0,449.0,110.0,73.0
361.0,448.0,111.0,73.0
361.0,448.0,111.0,73.0
363.0,445.0,111.0,74.0
365.0,444.0,111.0,74.0
366.0,444.0,111.0,74.0
367.0,443.0,110.0,73.0
369.0,442.0,110.0,73.0
369.0,442.0,110.0,73.0
371.0,440.0,112.0,74.0
372.0,439.0,112.0,74.0
373.0,438.0,112.0,75.0
374.0,437.0,113.0,75.0
375.0,436.0,113.0,75.0
375.0,436.0,113.0,75.0
377.0,434.0,113.0,75.0
379.0,434.0,113.0,75.0
381.0,433.0,112.0,75.0
382.0,433.0,112.0,75.0
383.0,433.0,113.0,75.0
383.0,433.0,113.0,75.0
386.0,432.0,113.0,75.0
387.0,432.0,113.0,75.0
389.0,433.0,112.0,75.0
392.0,430.0,113.0,75.0
394.0,433.0,111.0,74.0
394.0,433.0,111.0,74.0
398.0,432.0,111.0,74.0
400.0,432.0,111.0,74.0
402.0,432.0,111.0,74.0
403.0,432.0,112.0,74.0
404.0,433.0,113.0,75.0
404.0,433.0,113.0,75.0
409.0,435.0,113.0,75.0
411.0,435.0,113.0,75.0
415.0,435.0,112.0,74.0
418.0,436.0,111.0,74.0
419.0,436.0,112.0,75.0
419.0,436.0,112.0,75.0
424.0,435.0,111.0,74.0
425.0,435.0,113.0,75.0
427.0,434.0,112.0,75.0
429.0,434.0,111.0,74.0
432.0,434.0,110.0,73.0
432.0,434.0,110.0,73.0
434.0,434.0,111.0,74.0
435.0,434.0,112.0,74.0
435.0,434.0,114.0,75.0
436.0,434.0,114.0,76.0
437.0,434.0,115.0,76.0
437.0,434.0,115.0,76.0
441.0,433.0,115.0,76.0
440.0,432.0,116.0,77.0
441.0,432.0,117.0,78.0
442.0,431.0,118.0,79.0
445.0,430.0,117.0,77.0
445.0,430.0,117.0,77.0
449.0,431.0,112.0,74.0
448.0,431.0,113.0,75.0
449.0,431.0,114.0,75.0
459.0,436.0,115.0,73.0
460.0,436.0,116.0,74.0
460.0,436.0,116.0,73.0
462.0,437.0,117.0,74.0
463.0,437.0,119.0,75.0
466.0,438.0,117.0,74.0
467.0,439.0,117.0,75.0
469.0,440.0,117.0,74.0
469.0,440.0,117.0,75.0
473.0,443.0,117.0,74.0
477.0,445.0,115.0,73.0
479.0,447.0,115.0,73.0
482.0,449.0,114.0,72.0
483.0,451.0,114.0,72.0
483.0,451.0,114.0,72.0
487.0,454.0,115.0,73.0
489.0,456.0,115.0,73.0
490.0,458.0,115.0,73.0
493.0,460.0,115.0,73.0
495.0,463.0,114.0,73.0
495.0,463.0,114.0,73.0
501.0,468.0,113.0,72.0
504.0,470.0,112.0,71.0
507.0,473.0,112.0,71.0
509.0,476.0,111.0,71.0
512.0,479.0,111.0,70.0
512.0,479.0,111.0,70.0
518.0,485.0,111.0,70.0
521.0,487.0,111.0,70.0
524.0,489.0,111.0,71.0
527.0,492.0,110.0,70.0
531.0,495.0,110.0,70.0
531.0,495.0,110.0,70.0
539.0,500.0,108.0,69.0
543.0,502.0,107.0,68.0
548.0,505.0,105.0,67.0
552.0,507.0,104.0,66.0
557.0,509.0,102.0,65.0
557.0,509.0,102.0,65.0
565.0,513.0,102.0,65.0
568.0,514.0,102.0,65.0
572.0,516.0,102.0,65.0
574.0,517.0,102.0,65.0
577.0,519.0,102.0,65.0
577.0,519.0,102.0,65.0
584.0,521.0,101.0,64.0
586.0,521.0,101.0,64.0
589.0,523.0,100.0,64.0
593.0,524.0,99.0,63.0
596.0,524.0,99.0,63.0
596.0,524.0,99.0,63.0
601.0,525.0,100.0,63.0
603.0,526.0,100.0,63.0
605.0,526.0,100.0,64.0
607.0,527.0,101.0,64.0
609.0,527.0,102.0,65.0
609.0,527.0,102.0,65.0
615.0,529.0,101.0,64.0
617.0,530.0,101.0,64.0
620.0,531.0,100.0,63.0
624.0,531.0,99.0,63.0
627.0,532.0,99.0,63.0
627.0,532.0,99.0,63.0
633.0,534.0,100.0,63.0
635.0,535.0,101.0,64.0
638.0,535.0,102.0,65.0
641.0,536.0,103.0,66.0
645.0,537.0,103.0,66.0
645.0,537.0,103.0,66.0
655.0,540.0,102.0,65.0
660.0,541.0,101.0,64.0
666.0,543.0,99.0,63.0
670.0,544.0,100.0,63.0
675.0,546.0,99.0,63.0
675.0,546.0,99.0,63.0
683.0,547.0,100.0,64.0
685.0,551.0,103.0,65.0
689.0,552.0,105.0,66.0
694.0,553.0,104.0,66.0
698.0,554.0,103.0,65.0
698.0,554.0,103.0,65.0
707.0,557.0,101.0,64.0
711.0,558.0,100.0,63.0
714.0,559.0,100.0,63.0
718.0,560.0,99.0,63.0
722.0,561.0,99.0,63.0
722.0,561.0,99.0,63.0
727.0,563.0,99.0,63.0
731.0,563.0,98.0,62.0
733.0,563.0,97.0,62.0
735.0,563.0,97.0,61.0
739.0,563.0,96.0,61.0
739.0,563.0,96.0,61.0
743.0,561.0,95.0,60.0
746.0,560.0,93.0,59.0
747.0,559.0,93.0,59.0
749.0,560.0,92.0,58.0
751.0,559.0,91.0,58.0
751.0,559.0,91.0,58.0
754.0,555.0,89.0,57.0
756.0,555.0,88.0,56.0
757.0,553.0,87.0,55.0
757.0,552.0,86.0,55.0
758.0,551.0,85.0,54.0
758.0,551.0,85.0,54.0
760.0,550.0,84.0,53.0
760.0,548.0,85.0,54.0
760.0,549.0,85.0,54.0
762.0,549.0,84.0,53.0
762.0,549.0,83.0,52.0
762.0,549.0,83.0,52.0
764.0,550.0,81.0,51.0
766.0,551.0,80.0,51.0
765.0,552.0,81.0,52.0
768.0,553.0,80.0,51.0
770.0,556.0,80.0,51.0
770.0,556.0,80.0,51.0
779.0,568.0,80.0,51.0
783.0,574.0,79.0,50.0
786.0,577.0,80.0,51.0
788.0,579.0,81.0,51.0
793.0,582.0,79.0,50.0
793.0,582.0,79.0,50.0
801.0,589.0,80.0,51.0
805.0,592.0,79.0,50.0
809.0,595.0,77.0,49.0
813.0,599.0,77.0,49.0
817.0,602.0,77.0,49.0
817.0,602.0,77.0,49.0
820.0,609.0,82.0,52.0
826.0,612.0,81.0,51.0
832.0,616.0,77.0,49.0
834.0,617.0,78.0,49.0
837.0,618.0,75.0,47.0
837.0,618.0,75.0,47.0
844.0,619.0,71.0,45.0
846.0,619.0,71.0,45.0
848.0,619.0,72.0,46.0
849.0,619.0,73.0,46.0
852.0,618.0,71.0,45.0
852.0,618.0,71.0,45.0
847.0,611.0,81.0,73.0
848.0,608.0,81.0,73.0
850.0,606.0,81.0,73.0
850.0,605.0,80.0,72.0
851.0,603.0,81.0,73.0
851.0,603.0,80.0,72.0
853.0,599.0,81.0,73.0
853.0,598.0,81.0,73.0
854.0,596.0,81.0,73.0
854.0,595.0,82.0,74.0
854.0,593.0,83.0,75.0
854.0,593.0,83.0,75.0
854.0,591.0,84.0,76.0
854.0,589.0,84.0,76.0
854.0,587.0,85.0,77.0
854.0,586.0,85.0,77.0
854.0,584.0,86.0,77.0
854.0,584.0,86.0,77.0
854.0,579.0,87.0,78.0
854.0,579.0,87.0,79.0
853.0,577.0,87.0,79.0
854.0,575.0,88.0,79.0
854.0,574.0,88.0,79.0
854.0,574.0,88.0,79.0
853.0,571.0,89.0,80.0
853.0,569.0,91.0,82.0
854.0,568.0,92.0,82.0
853.0,567.0,92.0,83.0
853.0,566.0,93.0,84.0
853.0,566.0,93.0,84.0
852.0,563.0,95.0,86.0
851.0,562.0,96.0,87.0
850.0,560.0,97.0,87.0
850.0,559.0,98.0,88.0
849.0,559.0,97.0,88.0
849.0,559.0,97.0,88.0
849.0,557.0,96.0,87.0
848.0,557.0,97.0,88.0
849.0,556.0,99.0,89.0
849.0,555.0,100.0,90.0
848.0,555.0,102.0,92.0
848.0,555.0,102.0,92.0
847.0,556.0,102.0,92.0
836.0,562.0,117.0,73.0
835.0,563.0,117.0,73.0
834.0,563.0,117.0,73.0
833.0,563.0,116.0,73.0
834.0,563.0,116.0,73.0
833.0,564.0,116.0,72.0
832.0,564.0,116.0,72.0
832.0,563.0,119.0,74.0
831.0,563.0,120.0,75.0
830.0,563.0,122.0,76.0
832.0,564.0,117.0,73.0
828.0,564.0,123.0,77.0
827.0,564.0,124.0,77.0
826.0,565.0,124.0,77.0
825.0,566.0,124.0,77.0
823.0,566.0,127.0,79.0
823.0,567.0,125.0,78.0
823.0,568.0,121.0,75.0
822.0,567.0,123.0,77.0
825.0,567.0,118.0,73.0
826.0,568.0,116.0,72.0
827.0,568.0,115.0,71.0
827.0,568.0,115.0,72.0
825.0,568.0,115.0,72.0
823.0,568.0,115.0,72.0
822.0,568.0,115.0,72.0
820.0,568.0,115.0,72.0
820.0,569.0,115.0,72.0
820.0,569.0,115.0,72.0
818.0,568.0,115.0,71.0
817.0,568.0,114.0,71.0
816.0,568.0,113.0,71.0
802.0,568.0,128.0,77.0
801.0,567.0,128.0,77.0
801.0,567.0,128.0,77.0
798.0,567.0,127.0,76.0
796.0,566.0,127.0,76.0
793.0,567.0,129.0,77.0
790.0,566.0,129.0,78.0
789.0,565.0,129.0,78.0
788.0,566.0,128.0,77.0
785.0,566.0,127.0,76.0
782.0,565.0,129.0,78.0
779.0,564.0,133.0,80.0
778.0,564.0,130.0,78.0
774.0,564.0,131.0,79.0
774.0,564.0,133.0,80.0
771.0,564.0,131.0,79.0
768.0,563.0,130.0,78.0
767.0,563.0,129.0,78.0
766.0,563.0,128.0,77.0
764.0,562.0,128.0,77.0
764.0,562.0,128.0,77.0
761.0,560.0,128.0,77.0
759.0,559.0,128.0,77.0
759.0,558.0,128.0,77.0
757.0,557.0,128.0,77.0
755.0,556.0,128.0,77.0
755.0,556.0,128.0,77.0
753.0,555.0,127.0,76.0
752.0,555.0,126.0,76.0
751.0,554.0,126.0,76.0
750.0,554.0,127.0,76.0
749.0,553.0,128.0,77.0
749.0,553.0,128.0,77.0
747.0,551.0,130.0,78.0
746.0,550.0,131.0,79.0
744.0,550.0,131.0,79.0
743.0,549.0,130.0,78.0
741.0,548.0,130.0,78.0
741.0,548.0,130.0,78.0
738.0,548.0,128.0,77.0
737.0,548.0,128.0,77.0
735.0,547.0,128.0,77.0
734.0,546.0,128.0,77.0
733.0,546.0,128.0,77.0
733.0,546.0,128.0,77.0
730.0,544.0,129.0,78.0
729.0,544.0,128.0,77.0
728.0,544.0,126.0,76.0
728.0,544.0,125.0,75.0
727.0,544.0,123.0,74.0
727.0,544.0,123.0,74.0
727.0,543.0,119.0,71.0
727.0,543.0,118.0,71.0
726.0,542.0,118.0,71.0
725.0,541.0,118.0,71.0
724.0,540.0,119.0,72.0
724.0,540.0,119.0,72.0
718.0,539.0,122.0,73.0
715.0,538.0,122.0,74.0
713.0,538.0,121.0,73.0
713.0,538.0,117.0,70.0
712.0,538.0,115.0,69.0
712.0,538.0,115.0,69.0
714.0,537.0,107.0,64.0
715.0,537.0,103.0,62.0
715.0,537.0,102.0,61.0
714.0,536.0,104.0,63.0
741.0,531.0,77.0,76.0
741.0,531.0,77.0,76.0
743.0,529.0,77.0,76.0
742.0,526.0,82.0,81.0
745.0,527.0,78.0,77.0
746.0,526.0,79.0,78.0
746.0,525.0,80.0,79.0
746.0,525.0,80.0,79.0
746.0,524.0,81.0,80.0
748.0,523.0,81.0,80.0
749.0,523.0,83.0,82.0
750.0,522.0,85.0,83.0
751.0,522.0,87.0,85.0
751.0,522.0,87.0,85.0
751.0,521.0,92.0,91.0
751.0,520.0,94.0,93.0
732.0,526.0,95.0,73.0
732.0,525.0,97.0,74.0
732.0,523.0,97.0,75.0
732.0,523.0,97.0,75.0
732.0,522.0,99.0,76.0
733.0,520.0,100.0,77.0
733.0,519.0,101.0,78.0
735.0,519.0,100.0,77.0
736.0,518.0,99.0,76.0
736.0,518.0,99.0,76.0
739.0,516.0,99.0,76.0
740.0,515.0,100.0,77.0
741.0,514.0,101.0,77.0
743.0,514.0,101.0,78.0
744.0,512.0,102.0,78.0
744.0,512.0,102.0,78.0
747.0,509.0,101.0,78.0
748.0,508.0,101.0,77.0
750.0,507.0,99.0,76.0
752.0,506.0,98.0,76.0
754.0,505.0,97.0,74.0
754.0,505.0,97.0,74.0
760.0,503.0,92.0,71.0
763.0,502.0,90.0,69.0
765.0,502.0,88.0,68.0
768.0,501.0,86.0,66.0
770.0,501.0,85.0,65.0
770.0,501.0,85.0,65.0
773.0,499.0,84.0,65.0
773.0,498.0,84.0,65.0
775.0,497.0,83.0,64.0
776.0,496.0,84.0,64.0
777.0,496.0,84.0,64.0
777.0,496.0,84.0,64.0
781.0,495.0,80.0,61.0
780.0,493.0,80.0,62.0
782.0,493.0,78.0,60.0
785.0,492.0,74.0,57.0
785.0,492.0,74.0,57.0
785.0,492.0,74.0,57.0
788.0,491.0,73.0,56.0
790.0,490.0,72.0,55.0
787.0,490.0,70.0,53.0
790.0,491.0,68.0,51.0
789.0,489.0,70.0,53.0
789.0,489.0,69.0,52.0
789.0,488.0,70.0,53.0
790.0,488.0,69.0,52.0
791.0,488.0,69.0,52.0
791.0,488.0,68.0,52.0
793.0,488.0,68.0,51.0
793.0,488.0,68.0,51.0
795.0,488.0,66.0,50.0
797.0,489.0,65.0,49.0
798.0,489.0,64.0,49.0
800.0,489.0,63.0,48.0
802.0,489.0,62.0,47.0
0
0
0
0
0
0
0
0
0
0
0
0
0
0
0
0
0
0
0
0
0
0
0
0
0
0
0
0
0
0
0
0
0
0
0
0
0
0
0
0
0
0
0
0
0
0
0
0
0
0
0
0
0
0
0
0
0
0
0
0
0
0
0
0
0
0
0
0
0
0
0
0
0
0
0
0
0
0
0
0
0
0
0
0
0
0
0
0
0
0
0
0
0
0
0
0
0
0
0
0
0
0
0
0
0
0
0
0
0
0
0
0
0
0
0
0
0
0
0
0
0
0
0
0
0
0
570.0,453.0,92.0,71.0
567.0,454.0,93.0,72.0
566.0,455.0,93.0,71.0
564.0,455.0,93.0,72.0
562.0,456.0,94.0,72.0
560.0,456.0,95.0,73.0
561.0,456.0,104.0,73.0
559.0,457.0,104.0,73.0
558.0,457.0,104.0,73.0
557.0,458.0,103.0,72.0
556.0,458.0,103.0,73.0
554.0,459.0,104.0,73.0
554.0,459.0,104.0,73.0
549.0,459.0,107.0,75.0
548.0,460.0,107.0,75.0
546.0,459.0,108.0,76.0
545.0,459.0,108.0,76.0
544.0,460.0,106.0,75.0
542.0,459.0,113.0,79.0
542.0,460.0,110.0,77.0
541.0,462.0,106.0,74.0
539.0,462.0,109.0,76.0
536.0,462.0,109.0,77.0
534.0,461.0,110.0,77.0
532.0,461.0,112.0,78.0
528.0,462.0,112.0,78.0
526.0,462.0,112.0,78.0
525.0,461.0,112.0,78.0
523.0,461.0,111.0,78.0
522.0,462.0,111.0,78.0
522.0,462.0,111.0,78.0
519.0,463.0,111.0,78.0
516.0,463.0,111.0,78.0
514.0,464.0,111.0,78.0
511.0,465.0,111.0,78.0
508.0,465.0,111.0,78.0
508.0,465.0,111.0,78.0
504.0,466.0,110.0,78.0
502.0,467.0,110.0,77.0
499.0,468.0,111.0,78.0
496.0,469.0,111.0,78.0
492.0,470.0,112.0,79.0
492.0,470.0,112.0,79.0
483.0,472.0,112.0,78.0
479.0,474.0,112.0,79.0
475.0,475.0,111.0,78.0
472.0,476.0,111.0,78.0
469.0,477.0,111.0,78.0
469.0,477.0,111.0,78.0
461.0,479.0,111.0,78.0
457.0,481.0,111.0,78.0
453.0,482.0,111.0,78.0
449.0,483.0,110.0,77.0
445.0,485.0,109.0,77.0
445.0,485.0,109.0,77.0
437.0,487.0,110.0,77.0
433.0,488.0,110.0,77.0
429.0,490.0,111.0,78.0
425.0,492.0,112.0,79.0
422.0,494.0,111.0,78.0
422.0,494.0,111.0,78.0
415.0,498.0,110.0,77.0
411.0,500.0,108.0,76.0
408.0,502.0,108.0,76.0
405.0,504.0,108.0,76.0
401.0,506.0,108.0,76.0
401.0,506.0,108.0,76.0
394.0,509.0,110.0,77.0
392.0,512.0,109.0,77.0
389.0,513.0,108.0,76.0
386.0,516.0,107.0,75.0
383.0,517.0,106.0,75.0
383.0,517.0,106.0,75.0
376.0,520.0,106.0,75.0
373.0,521.0,106.0,75.0
370.0,522.0,106.0,74.0
366.0,523.0,106.0,75.0
363.0,524.0,107.0,75.0
378.0,530.0,92.0,69.0
372.0,532.0,92.0,69.0
369.0,533.0,91.0,68.0
366.0,534.0,91.0,69.0
362.0,535.0,91.0,68.0
359.0,535.0,91.0,68.0
359.0,535.0,91.0,68.0
354.0,535.0,92.0,69.0
351.0,535.0,94.0,70.0
348.0,534.0,95.0,71.0
345.0,534.0,95.0,71.0
341.0,535.0,95.0,72.0
341.0,535.0,95.0,72.0
335.0,535.0,96.0,72.0
331.0,536.0,96.0,72.0
328.0,536.0,96.0,72.0
325.0,536.0,96.0,72.0
322.0,536.0,96.0,72.0
322.0,536.0,96.0,72.0
316.0,535.0,96.0,72.0
313.0,534.0,97.0,73.0
310.0,533.0,97.0,73.0
307.0,533.0,98.0,73.0
303.0,532.0,98.0,73.0
303.0,532.0,98.0,73.0
288.0,532.0,106.0,72.0
284.0,532.0,106.0,72.0
280.0,531.0,106.0,72.0
277.0,531.0,106.0,72.0
274.0,531.0,105.0,72.0
274.0,530.0,106.0,72.0
267.0,530.0,105.0,71.0
263.0,530.0,104.0,71.0
260.0,529.0,104.0,71.0
255.0,528.0,105.0,72.0
251.0,528.0,105.0,72.0
252.0,528.0,105.0,72.0
243.0,526.0,107.0,73.0
239.0,525.0,107.0,73.0
234.0,525.0,107.0,73.0
231.0,524.0,107.0,72.0
227.0,523.0,106.0,72.0
227.0,523.0,106.0,72.0
220.0,522.0,105.0,71.0
216.0,521.0,105.0,71.0
214.0,520.0,102.0,69.0
209.0,519.0,104.0,70.0
202.0,519.0,109.0,74.0
204.0,519.0,106.0,72.0
195.0,518.0,106.0,72.0
190.0,517.0,106.0,72.0
186.0,517.0,106.0,72.0
183.0,516.0,106.0,72.0
179.0,516.0,106.0,72.0
179.0,516.0,106.0,72.0
172.0,515.0,106.0,72.0
169.0,514.0,106.0,72.0
165.0,513.0,106.0,72.0
162.0,513.0,106.0,72.0
158.0,512.0,106.0,72.0
158.0,512.0,106.0,72.0
152.0,511.0,106.0,72.0
149.0,511.0,106.0,72.0
146.0,510.0,106.0,72.0
143.0,509.0,105.0,72.0
140.0,509.0,105.0,71.0
140.0,509.0,105.0,71.0
135.0,508.0,105.0,71.0
132.0,508.0,104.0,71.0
130.0,508.0,103.0,70.0
128.0,507.0,102.0,69.0
126.0,506.0,102.0,69.0
126.0,506.0,102.0,69.0
123.0,505.0,98.0,67.0
122.0,504.0,97.0,66.0
121.0,504.0,95.0,64.0
120.0,504.0,92.0,63.0
119.0,503.0,90.0,61.0
119.0,503.0,90.0,61.0
116.0,502.0,86.0,59.0
115.0,501.0,84.0,57.0
114.0,500.0,82.0,55.0
114.0,499.0,79.0,53.0
113.0,498.0,78.0,53.0
113.0,498.0,78.0,53.0
112.0,495.0,74.0,51.0
112.0,494.0,72.0,49.0
99.0,482.0,72.0,76.0
98.0,481.0,72.0,76.0
98.0,480.0,71.0,75.0
98.0,480.0,71.0,75.0
97.0,478.0,71.0,75.0
96.0,477.0,71.0,75.0
97.0,476.0,71.0,75.0
95.0,473.0,72.0,76.0
95.0,472.0,72.0,76.0
95.0,472.0,72.0,76.0
95.0,461.0,72.0,83.0
95.0,460.0,72.0,83.0
95.0,458.0,72.0,83.0
95.0,457.0,72.0,83.0
95.0,455.0,72.0,83.0
95.0,455.0,72.0,83.0
95.0,453.0,72.0,83.0
96.0,451.0,72.0,83.0
97.0,450.0,71.0,82.0
98.0,449.0,71.0,82.0
98.0,448.0,70.0,80.0
98.0,448.0,70.0,80.0
101.0,444.0,71.0,82.0
102.0,442.0,72.0,83.0
103.0,441.0,72.0,83.0
104.0,439.0,72.0,83.0
105.0,438.0,72.0,83.0
105.0,438.0,72.0,83.0
107.0,436.0,71.0,82.0
108.0,435.0,71.0,82.0
108.0,435.0,71.0,81.0
109.0,433.0,70.0,81.0
110.0,435.0,69.0,79.0
110.0,435.0,69.0,79.0
112.0,429.0,69.0,80.0
113.0,426.0,69.0,80.0
114.0,423.0,70.0,80.0
115.0,422.0,69.0,79.0
117.0,421.0,69.0,79.0
117.0,421.0,69.0,79.0
118.0,418.0,68.0,79.0
119.0,416.0,69.0,80.0
120.0,414.0,70.0,81.0
121.0,412.0,71.0,81.0
123.0,411.0,71.0,81.0
123.0,411.0,71.0,81.0
124.0,406.0,72.0,83.0
125.0,404.0,73.0,84.0
125.0,398.0,77.0,88.0
125.0,394.0,79.0,92.0
126.0,409.0,77.0,82.0
126.0,409.0,77.0,82.0
128.0,406.0,78.0,83.0
130.0,405.0,78.0,83.0
132.0,403.0,78.0,83.0
135.0,402.0,78.0,83.0
120.0,404.0,95.0,79.0
120.0,404.0,95.0,79.0
123.0,401.0,96.0,80.0
125.0,400.0,96.0,80.0
127.0,399.0,97.0,81.0
129.0,398.0,98.0,81.0
132.0,398.0,97.0,81.0
131.0,397.0,98.0,82.0
141.0,397.0,93.0,78.0
143.0,396.0,94.0,78.0
145.0,396.0,94.0,78.0
147.0,395.0,94.0,78.0
149.0,394.0,95.0,79.0
134.0,389.0,110.0,84.0
138.0,387.0,111.0,85.0
139.0,386.0,111.0,85.0
141.0,385.0,112.0,85.0
143.0,384.0,112.0,85.0
146.0,384.0,111.0,85.0
146.0,384.0,111.0,85.0
151.0,382.0,111.0,85.0
153.0,380.0,111.0,85.0
140.0,371.0,119.0,97.0
142.0,370.0,119.0,97.0
145.0,370.0,119.0,97.0
145.0,370.0,119.0,97.0
149.0,369.0,119.0,97.0
151.0,368.0,120.0,98.0
155.0,369.0,117.0,96.0
156.0,367.0,119.0,97.0
160.0,367.0,116.0,95.0
160.0,367.0,118.0,96.0
164.0,376.0,118.0,78.0
166.0,375.0,118.0,78.0
168.0,375.0,118.0,78.0
170.0,375.0,118.0,78.0
173.0,376.0,116.0,76.0
173.0,376.0,116.0,76.0
178.0,375.0,114.0,75.0
180.0,376.0,112.0,74.0
184.0,377.0,111.0,74.0
185.0,377.0,111.0,74.0
189.0,378.0,110.0,73.0
189.0,378.0,110.0,73.0
194.0,379.0,108.0,72.0
193.0,378.0,111.0,73.0
196.0,379.0,110.0,73.0
198.0,379.0,110.0,72.0
200.0,379.0,110.0,72.0
200.0,379.0,110.0,72.0
208.0,380.0,106.0,70.0
213.0,382.0,102.0,68.0
217.0,383.0,98.0,65.0
220.0,384.0,95.0,63.0
224.0,385.0,93.0,61.0
224.0,385.0,93.0,61.0
227.0,385.0,92.0,61.0
230.0,386.0,91.0,60.0
232.0,386.0,90.0,59.0
234.0,386.0,89.0,59.0
225.0,376.0,88.0,71.0
225.0,376.0,88.0,71.0
229.0,376.0,87.0,70.0
231.0,375.0,87.0,70.0
234.0,376.0,87.0,70.0
238.0,376.0,86.0,69.0
242.0,376.0,84.0,68.0
242.0,376.0,84.0,68.0
250.0,377.0,81.0,65.0
253.0,377.0,79.0,64.0
257.0,377.0,77.0,62.0
259.0,377.0,76.0,62.0
261.0,376.0,76.0,62.0
261.0,376.0,76.0,62.0
270.0,370.0,65.0,76.0
272.0,370.0,65.0,76.0
273.0,369.0,65.0,77.0
275.0,369.0,66.0,77.0
278.0,370.0,64.0,75.0
276.0,368.0,66.0,77.0
282.0,371.0,64.0,75.0
284.0,370.0,64.0,75.0
286.0,370.0,65.0,76.0
287.0,369.0,66.0,77.0
289.0,378.0,68.0,69.0
289.0,378.0,68.0,69.0
292.0,379.0,68.0,69.0
293.0,379.0,69.0,70.0
293.0,379.0,69.0,70.0
295.0,380.0,69.0,70.0
296.0,380.0,69.0,70.0
296.0,380.0,69.0,70.0
292.0,382.0,76.0,70.0
293.0,383.0,76.0,70.0
294.0,384.0,76.0,70.0
295.0,385.0,75.0,69.0
297.0,386.0,75.0,69.0
298.0,388.0,73.0,67.0
299.0,388.0,74.0,68.0
299.0,388.0,74.0,69.0
299.0,389.0,75.0,69.0
300.0,389.0,75.0,69.0
299.0,389.0,76.0,70.0
299.0,389.0,76.0,70.0
299.0,390.0,77.0,71.0
299.0,391.0,77.0,71.0
299.0,391.0,77.0,71.0
298.0,392.0,78.0,72.0
298.0,392.0,79.0,72.0
298.0,392.0,78.0,72.0
298.0,394.0,78.0,72.0
297.0,395.0,78.0,71.0
297.0,396.0,77.0,71.0
296.0,396.0,78.0,71.0
296.0,397.0,77.0,71.0
296.0,397.0,77.0,71.0
296.0,398.0,79.0,72.0
296.0,399.0,79.0,73.0
296.0,400.0,79.0,73.0
296.0,400.0,79.0,73.0
295.0,401.0,79.0,73.0
295.0,401.0,79.0,73.0
294.0,402.0,79.0,72.0
294.0,403.0,79.0,73.0
293.0,403.0,79.0,73.0
293.0,404.0,78.0,72.0
292.0,405.0,79.0,72.0
292.0,405.0,79.0,72.0
292.0,406.0,78.0,72.0
292.0,407.0,78.0,72.0
292.0,408.0,78.0,71.0
292.0,408.0,77.0,71.0
292.0,408.0,77.0,71.0
292.0,408.0,77.0,71.0
291.0,410.0,77.0,71.0
291.0,411.0,76.0,70.0
290.0,411.0,76.0,70.0
290.0,412.0,76.0,70.0
289.0,413.0,76.0,70.0
289.0,413.0,76.0,70.0
289.0,414.0,75.0,69.0
288.0,415.0,75.0,69.0
288.0,415.0,75.0,69.0
287.0,416.0,75.0,69.0
287.0,416.0,77.0,71.0
287.0,416.0,77.0,71.0
285.0,417.0,78.0,72.0
285.0,418.0,78.0,72.0
284.0,419.0,79.0,73.0
283.0,419.0,79.0,73.0
282.0,420.0,79.0,73.0
282.0,420.0,79.0,73.0
281.0,422.0,79.0,73.0
280.0,423.0,79.0,73.0
279.0,425.0,79.0,73.0
278.0,425.0,79.0,73.0
278.0,426.0,79.0,72.0
278.0,426.0,79.0,72.0
276.0,428.0,78.0,72.0
276.0,429.0,78.0,72.0
275.0,430.0,78.0,71.0
268.0,431.0,70.0,69.0
267.0,431.0,70.0,69.0
267.0,431.0,70.0,69.0
264.0,432.0,72.0,70.0
263.0,434.0,71.0,70.0
263.0,435.0,70.0,69.0
262.0,436.0,71.0,70.0
261.0,438.0,68.0,67.0
261.0,438.0,67.0,66.0
258.0,439.0,69.0,68.0
258.0,441.0,66.0,65.0
257.0,441.0,67.0,66.0
255.0,442.0,67.0,66.0
253.0,443.0,67.0,66.0
254.0,443.0,66.0,65.0
252.0,444.0,66.0,65.0
251.0,445.0,65.0,64.0
251.0,446.0,65.0,64.0
251.0,447.0,65.0,64.0
250.0,448.0,65.0,64.0
250.0,448.0,65.0,64.0
248.0,449.0,65.0,64.0
248.0,449.0,64.0,64.0
247.0,448.0,66.0,65.0
247.0,448.0,66.0,66.0
246.0,447.0,69.0,68.0
246.0,448.0,68.0,67.0
244.0,448.0,70.0,69.0
243.0,448.0,70.0,69.0
242.0,448.0,70.0,69.0
241.0,448.0,71.0,70.0
241.0,448.0,72.0,71.0
240.0,448.0,72.0,71.0
239.0,449.0,72.0,71.0
245.0,454.0,66.0,65.0
242.0,454.0,67.0,66.0
242.0,454.0,68.0,68.0
241.0,453.0,70.0,69.0
241.0,453.0,70.0,69.0
239.0,452.0,72.0,71.0
238.0,453.0,72.0,71.0
237.0,453.0,73.0,72.0
236.0,453.0,73.0,72.0
235.0,453.0,74.0,73.0
235.0,453.0,74.0,73.0
232.0,454.0,74.0,73.0
231.0,454.0,74.0,73.0
230.0,454.0,74.0,73.0
218.0,460.0,97.0,64.0
218.0,459.0,97.0,64.0
218.0,459.0,97.0,64.0
216.0,459.0,97.0,64.0
215.0,459.0,98.0,65.0
214.0,459.0,99.0,65.0
214.0,459.0,99.0,65.0
213.0,459.0,100.0,66.0
213.0,459.0,101.0,66.0
210.0,459.0,103.0,68.0
209.0,460.0,103.0,68.0
207.0,460.0,103.0,68.0
206.0,460.0,103.0,68.0
206.0,461.0,103.0,68.0
206.0,461.0,104.0,68.0
204.0,463.0,104.0,69.0
203.0,463.0,102.0,68.0
202.0,464.0,103.0,68.0
203.0,466.0,102.0,67.0
201.0,467.0,106.0,70.0
202.0,467.0,103.0,68.0
200.0,469.0,103.0,68.0
200.0,470.0,103.0,68.0
199.0,471.0,103.0,68.0
198.0,472.0,104.0,68.0
198.0,474.0,104.0,68.0
198.0,474.0,104.0,68.0
196.0,476.0,104.0,69.0
195.0,477.0,104.0,68.0
194.0,478.0,104.0,68.0
193.0,480.0,103.0,68.0
192.0,481.0,103.0,68.0
192.0,481.0,103.0,68.0
190.0,483.0,103.0,68.0
188.0,484.0,103.0,68.0
187.0,485.0,103.0,68.0
186.0,486.0,103.0,68.0
185.0,487.0,103.0,68.0
185.0,487.0,103.0,68.0
182.0,488.0,103.0,68.0
180.0,489.0,103.0,68.0
179.0,489.0,102.0,68.0
178.0,490.0,101.0,67.0
177.0,491.0,100.0,66.0
169.0,488.0,92.0,67.0
166.0,489.0,90.0,65.0
165.0,489.0,89.0,65.0
164.0,489.0,90.0,65.0
163.0,490.0,87.0,63.0
162.0,489.0,86.0,63.0
161.0,489.0,88.0,64.0
160.0,488.0,88.0,64.0
159.0,487.0,87.0,63.0
161.0,490.0,78.0,57.0
160.0,490.0,77.0,56.0
160.0,489.0,76.0,55.0
160.0,489.0,75.0,55.0
160.0,489.0,72.0,52.0
159.0,489.0,71.0,52.0
159.0,489.0,70.0,51.0
159.0,489.0,68.0,50.0
158.0,488.0,69.0,51.0
158.0,488.0,70.0,51.0
157.0,487.0,67.0,49.0
156.0,486.0,69.0,50.0
156.0,487.0,66.0,48.0
157.0,487.0,65.0,48.0
156.0,486.0,64.0,47.0
155.0,486.0,65.0,47.0
157.0,485.0,67.0,49.0
157.0,484.0,65.0,48.0
156.0,483.0,64.0,47.0
156.0,484.0,68.0,49.0
155.0,484.0,66.0,48.0
155.0,484.0,67.0,48.0
153.0,482.0,69.0,50.0
140.0,462.0,49.0,81.0
139.0,461.0,49.0,81.0
138.0,461.0,49.0,82.0
137.0,460.0,50.0,82.0
137.0,460.0,50.0,82.0
136.0,458.0,50.0,82.0
135.0,458.0,49.0,81.0
134.0,456.0,50.0,83.0
133.0,453.0,52.0,86.0
133.0,454.0,51.0,84.0
133.0,454.0,51.0,84.0
134.0,455.0,50.0,82.0
134.0,454.0,50.0,82.0
133.0,453.0,50.0,82.0
134.0,453.0,49.0,82.0
133.0,450.0,51.0,84.0
133.0,450.0,51.0,84.0
134.0,448.0,51.0,84.0
134.0,447.0,50.0,83.0
136.0,448.0,49.0,81.0
137.0,447.0,49.0,80.0
138.0,446.0,49.0,80.0
138.0,446.0,49.0,80.0
139.0,443.0,49.0,80.0
141.0,442.0,49.0,80.0
128.0,431.0,57.0,90.0
129.0,430.0,58.0,91.0
130.0,429.0,58.0,92.0
129.0,430.0,58.0,91.0
134.0,429.0,58.0,92.0
133.0,426.0,61.0,97.0
136.0,428.0,59.0,93.0
137.0,425.0,62.0,98.0
140.0,428.0,60.0,95.0
140.0,428.0,60.0,95.0
141.0,425.0,62.0,98.0
143.0,425.0,62.0,98.0
144.0,425.0,62.0,98.0
145.0,425.0,62.0,98.0
145.0,429.0,58.0,91.0
145.0,429.0,58.0,91.0
147.0,429.0,58.0,92.0
148.0,429.0,58.0,92.0
149.0,429.0,58.0,92.0
218.0,532.0,73.0,90.0
217.0,532.0,74.0,91.0
217.0,532.0,74.0,91.0
217.0,532.0,74.0,91.0
217.0,543.0,66.0,68.0
217.0,544.0,67.0,69.0
217.0,544.0,67.0,69.0
217.0,544.0,68.0,70.0
217.0,544.0,68.0,70.0
217.0,544.0,68.0,70.0
218.0,544.0,68.0,70.0
219.0,544.0,69.0,71.0
220.0,543.0,72.0,74.0
225.0,544.0,72.0,74.0
225.0,543.0,72.0,74.0
226.0,543.0,72.0,74.0
227.0,543.0,72.0,75.0
228.0,543.0,73.0,75.0
229.0,543.0,73.0,75.0
231.0,544.0,73.0,75.0
231.0,544.0,73.0,75.0
232.0,544.0,73.0,75.0
234.0,544.0,73.0,75.0
235.0,543.0,73.0,76.0
237.0,543.0,74.0,76.0
190.0,531.0,125.0,87.0
190.0,531.0,125.0,87.0
191.0,531.0,125.0,87.0
192.0,531.0,126.0,88.0
194.0,531.0,125.0,87.0
195.0,531.0,125.0,87.0
198.0,531.0,127.0,88.0
198.0,531.0,127.0,88.0
199.0,531.0,127.0,88.0
202.0,531.0,125.0,87.0
204.0,531.0,126.0,87.0
206.0,532.0,125.0,87.0
211.0,532.0,125.0,87.0
211.0,532.0,125.0,87.0
212.0,533.0,125.0,87.0
214.0,533.0,125.0,87.0
216.0,533.0,125.0,87.0
218.0,534.0,125.0,87.0
220.0,534.0,126.0,88.0
220.0,534.0,126.0,88.0
221.0,533.0,127.0,88.0
222.0,532.0,127.0,88.0
223.0,532.0,127.0,88.0
224.0,532.0,127.0,89.0
227.0,531.0,127.0,88.0
227.0,531.0,127.0,88.0
228.0,531.0,127.0,88.0
228.0,531.0,127.0,88.0
229.0,531.0,127.0,88.0
230.0,531.0,126.0,88.0
230.0,531.0,127.0,89.0
230.0,531.0,127.0,89.0
232.0,531.0,127.0,88.0
233.0,532.0,128.0,89.0
234.0,532.0,128.0,89.0
235.0,531.0,128.0,89.0
238.0,530.0,127.0,88.0
238.0,530.0,127.0,88.0
238.0,530.0,127.0,88.0
240.0,531.0,124.0,86.0
240.0,531.0,122.0,85.0
240.0,531.0,121.0,84.0
239.0,530.0,123.0,85.0
239.0,530.0,123.0,85.0
239.0,529.0,122.0,85.0
240.0,529.0,122.0,85.0
241.0,530.0,120.0,84.0
242.0,530.0,119.0,83.0
244.0,530.0,118.0,82.0
244.0,530.0,118.0,82.0
245.0,529.0,117.0,81.0
245.0,528.0,117.0,81.0
246.0,528.0,116.0,80.0
247.0,528.0,114.0,80.0
246.0,526.0,115.0,80.0
246.0,526.0,115.0,80.0
246.0,525.0,115.0,80.0
247.0,525.0,115.0,80.0
247.0,524.0,116.0,81.0
247.0,523.0,117.0,81.0
246.0,521.0,119.0,83.0
246.0,521.0,119.0,83.0
246.0,521.0,119.0,83.0
245.0,520.0,119.0,83.0
269.0,535.0,94.0,67.0
267.0,534.0,94.0,67.0
265.0,532.0,95.0,68.0
266.0,532.0,95.0,68.0
266.0,531.0,93.0,66.0
266.0,530.0,93.0,66.0
265.0,530.0,91.0,65.0
265.0,529.0,89.0,63.0
263.0,530.0,84.0,60.0
263.0,530.0,84.0,60.0
260.0,530.0,82.0,59.0
259.0,531.0,79.0,56.0
257.0,531.0,78.0,56.0
256.0,531.0,76.0,55.0
260.0,520.0,87.0,68.0
260.0,520.0,87.0,68.0
259.0,520.0,87.0,68.0
253.0,516.0,93.0,72.0
248.0,513.0,98.0,77.0
245.0,512.0,100.0,78.0
239.0,511.0,115.0,79.0
239.0,511.0,115.0,79.0
282.0,509.0,73.0,49.0
280.0,507.0,75.0,49.0
275.0,505.0,82.0,48.0
279.0,503.0,77.0,50.0
273.0,498.0,86.0,59.0
283.0,498.0,76.0,50.0
279.0,497.0,79.0,52.0
278.0,493.0,82.0,57.0
280.0,492.0,81.0,58.0
273.0,491.0,87.0,65.0
277.0,488.0,84.0,73.0
277.0,488.0,84.0,73.0
278.0,487.0,84.0,73.0
260.0,484.0,99.0,73.0
259.0,485.0,102.0,73.0
255.0,479.0,107.0,82.0
253.0,483.0,100.0,69.0
257.0,482.0,96.0,77.0
258.0,486.0,94.0,73.0
255.0,485.0,98.0,73.0
255.0,485.0,99.0,70.0
258.0,481.0,94.0,74.0
254.0,479.0,101.0,75.0
256.0,482.0,102.0,77.0
259.0,476.0,94.0,80.0
261.0,478.0,94.0,73.0
257.0,472.0,97.0,80.0
255.0,472.0,100.0,77.0
254.0,475.0,99.0,77.0
281.0,471.0,73.0,82.0
281.0,465.0,78.0,84.0
283.0,465.0,74.0,78.0
274.0,465.0,83.0,80.0
275.0,465.0,84.0,81.0
275.0,464.0,85.0,82.0
275.0,464.0,85.0,82.0
277.0,465.0,83.0,80.0
277.0,465.0,83.0,80.0
278.0,465.0,83.0,80.0
279.0,465.0,83.0,80.0
280.0,466.0,83.0,80.0
280.0,466.0,83.0,80.0
280.0,466.0,84.0,81.0
281.0,466.0,84.0,81.0
281.0,453.0,85.0,95.0
281.0,453.0,85.0,96.0
282.0,454.0,87.0,97.0
282.0,454.0,87.0,97.0
283.0,454.0,86.0,92.0
284.0,454.0,87.0,93.0
284.0,454.0,88.0,94.0
285.0,454.0,89.0,95.0
290.0,454.0,88.0,94.0
290.0,454.0,88.0,94.0
292.0,453.0,86.0,92.0
293.0,450.0,85.0,91.0
294.0,449.0,84.0,90.0
295.0,448.0,85.0,91.0
298.0,445.0,84.0,90.0
298.0,445.0,84.0,90.0
300.0,445.0,83.0,89.0
302.0,444.0,82.0,88.0
303.0,443.0,81.0,87.0
304.0,441.0,80.0,86.0
313.0,453.0,73.0,68.0
313.0,453.0,73.0,68.0
314.0,452.0,73.0,68.0
316.0,451.0,72.0,67.0
317.0,450.0,72.0,67.0
318.0,450.0,71.0,66.0
322.0,444.0,69.0,64.0
322.0,447.0,70.0,65.0
322.0,444.0,71.0,66.0
322.0,444.0,71.0,66.0
322.0,440.0,70.0,66.0
322.0,436.0,70.0,65.0
322.0,430.0,69.0,64.0
322.0,440.0,69.0,74.0
323.0,437.0,69.0,73.0
322.0,433.0,70.0,75.0
322.0,431.0,70.0,75.0
321.0,428.0,72.0,77.0
316.0,408.0,81.0,95.0
316.0,408.0,81.0,95.0
314.0,402.0,84.0,99.0
312.0,397.0,83.0,97.0
310.0,391.0,88.0,103.0
311.0,387.0,83.0,97.0
317.0,386.0,87.0,104.0
317.0,386.0,87.0,104.0
316.0,382.0,88.0,105.0
314.0,378.0,89.0,106.0
313.0,374.0,90.0,108.0
312.0,370.0,91.0,109.0
310.0,363.0,93.0,111.0
310.0,363.0,93.0,111.0
309.0,360.0,93.0,112.0
309.0,356.0,94.0,112.0
308.0,354.0,94.0,113.0
307.0,350.0,96.0,114.0
302.0,341.0,97.0,116.0
302.0,341.0,97.0,116.0
301.0,336.0,97.0,116.0
299.0,332.0,98.0,117.0
298.0,328.0,98.0,117.0
296.0,324.0,99.0,118.0
292.0,318.0,101.0,121.0
292.0,318.0,101.0,121.0
290.0,315.0,101.0,121.0
288.0,313.0,101.0,121.0
286.0,310.0,102.0,122.0
284.0,308.0,102.0,122.0
280.0,302.0,104.0,124.0
280.0,314.0,127.0,104.0
278.0,311.0,128.0,105.0
277.0,309.0,128.0,105.0
275.0,307.0,128.0,105.0
273.0,305.0,129.0,106.0
269.0,302.0,130.0,107.0
269.0,302.0,130.0,107.0
266.0,301.0,131.0,108.0
258.0,301.0,131.0,90.0
256.0,300.0,131.0,90.0
253.0,298.0,133.0,91.0
249.0,297.0,132.0,91.0
249.0,297.0,132.0,91.0
247.0,296.0,131.0,90.0
245.0,296.0,130.0,90.0
244.0,296.0,129.0,88.0
239.0,295.0,128.0,88.0
235.0,296.0,130.0,89.0
235.0,296.0,130.0,89.0
212.0,293.0,139.0,87.0
209.0,294.0,138.0,87.0
206.0,296.0,136.0,85.0
204.0,297.0,134.0,84.0
198.0,299.0,135.0,85.0
198.0,299.0,135.0,85.0
194.0,300.0,137.0,86.0
191.0,301.0,139.0,87.0
187.0,302.0,140.0,88.0
185.0,303.0,139.0,87.0
179.0,306.0,136.0,85.0
179.0,306.0,136.0,85.0
176.0,308.0,135.0,84.0
174.0,310.0,134.0,84.0
171.0,310.0,134.0,84.0
169.0,311.0,133.0,83.0
164.0,312.0,135.0,84.0
164.0,312.0,135.0,84.0
162.0,313.0,136.0,85.0
159.0,314.0,136.0,85.0
156.0,314.0,137.0,86.0
154.0,316.0,136.0,85.0
149.0,318.0,132.0,83.0
149.0,318.0,132.0,83.0
147.0,318.0,134.0,84.0
145.0,318.0,134.0,84.0
143.0,318.0,135.0,84.0
141.0,318.0,136.0,85.0
136.0,318.0,140.0,87.0
136.0,318.0,140.0,87.0
134.0,319.0,140.0,88.0
132.0,320.0,140.0,88.0
129.0,320.0,140.0,88.0
127.0,322.0,140.0,88.0
123.0,322.0,140.0,88.0
123.0,322.0,140.0,88.0
120.0,322.0,141.0,88.0
118.0,322.0,143.0,89.0
115.0,322.0,144.0,90.0
113.0,322.0,145.0,91.0
108.0,323.0,147.0,92.0
108.0,323.0,147.0,92.0
106.0,323.0,147.0,92.0
104.0,324.0,147.0,92.0
101.0,325.0,147.0,92.0
98.0,325.0,149.0,93.0
94.0,324.0,151.0,95.0
94.0,324.0,151.0,95.0
92.0,324.0,153.0,96.0
90.0,323.0,154.0,96.0
89.0,323.0,156.0,98.0
89.0,322.0,158.0,99.0
87.0,322.0,160.0,100.0
87.0,322.0,160.0,100.0
86.0,322.0,160.0,100.0
85.0,322.0,160.0,100.0
85.0,322.0,161.0,101.0
84.0,322.0,161.0,101.0
83.0,321.0,164.0,102.0
83.0,321.0,164.0,102.0
83.0,321.0,164.0,102.0
104.0,316.0,84.0,120.0
103.0,315.0,85.0,122.0
102.0,317.0,85.0,122.0
100.0,318.0,86.0,123.0
101.0,319.0,86.0,123.0
100.0,320.0,86.0,123.0
100.0,321.0,85.0,122.0
99.0,322.0,86.0,122.0
99.0,322.0,86.0,122.0
97.0,323.0,87.0,124.0
97.0,323.0,87.0,124.0
96.0,324.0,87.0,125.0
96.0,324.0,87.0,125.0
96.0,326.0,87.0,124.0
96.0,328.0,87.0,124.0
96.0,331.0,86.0,123.0
96.0,331.0,86.0,123.0
96.0,332.0,86.0,123.0
96.0,333.0,86.0,123.0
96.0,335.0,86.0,123.0
96.0,335.0,86.0,123.0
96.0,337.0,86.0,122.0
96.0,338.0,86.0,122.0
96.0,339.0,85.0,121.0
97.0,340.0,85.0,121.0
97.0,342.0,84.0,120.0
97.0,342.0,84.0,120.0
96.0,343.0,85.0,121.0
96.0,343.0,85.0,121.0
96.0,343.0,85.0,122.0
96.0,343.0,86.0,122.0
95.0,344.0,86.0,123.0
95.0,345.0,85.0,122.0
95.0,348.0,85.0,121.0
95.0,348.0,85.0,121.0
95.0,349.0,85.0,121.0
96.0,350.0,84.0,120.0
96.0,351.0,84.0,120.0
96.0,351.0,84.0,121.0
95.0,351.0,86.0,123.0
95.0,351.0,86.0,123.0
94.0,354.0,86.0,122.0
94.0,355.0,85.0,122.0
94.0,357.0,85.0,122.0
93.0,358.0,85.0,122.0
94.0,362.0,85.0,121.0
94.0,362.0,85.0,121.0
94.0,363.0,85.0,121.0
93.0,364.0,85.0,121.0
93.0,366.0,84.0,121.0
93.0,367.0,84.0,121.0
93.0,370.0,85.0,121.0
93.0,370.0,85.0,121.0
93.0,372.0,85.0,121.0
93.0,374.0,85.0,121.0
93.0,376.0,85.0,121.0
93.0,378.0,85.0,121.0
91.0,379.0,86.0,122.0
91.0,379.0,86.0,122.0
91.0,380.0,86.0,122.0
91.0,382.0,86.0,123.0
90.0,383.0,86.0,122.0
90.0,386.0,85.0,121.0
90.0,390.0,84.0,120.0
90.0,390.0,84.0,120.0
90.0,391.0,84.0,120.0
90.0,393.0,84.0,120.0
89.0,395.0,84.0,120.0
89.0,396.0,84.0,120.0
88.0,398.0,85.0,121.0
88.0,398.0,85.0,121.0
87.0,400.0,85.0,121.0
87.0,402.0,84.0,120.0
86.0,403.0,85.0,121.0
85.0,403.0,85.0,121.0
84.0,406.0,85.0,121.0
84.0,406.0,85.0,121.0
84.0,407.0,85.0,121.0
83.0,406.0,86.0,123.0
82.0,406.0,87.0,124.0
80.0,406.0,87.0,124.0
80.0,409.0,86.0,123.0
79.0,409.0,86.0,123.0
79.0,410.0,86.0,123.0
78.0,411.0,86.0,123.0
78.0,412.0,87.0,124.0
78.0,413.0,86.0,123.0
77.0,415.0,87.0,124.0
77.0,415.0,87.0,124.0
76.0,417.0,86.0,123.0
76.0,417.0,87.0,136.0
76.0,418.0,87.0,136.0
76.0,419.0,87.0,136.0
75.0,421.0,87.0,136.0
75.0,421.0,87.0,136.0
75.0,422.0,87.0,136.0
74.0,423.0,86.0,135.0
74.0,424.0,86.0,135.0
74.0,425.0,87.0,135.0
74.0,427.0,85.0,134.0
74.0,427.0,85.0,134.0
74.0,428.0,85.0,133.0
74.0,429.0,85.0,133.0
74.0,429.0,85.0,132.0
74.0,430.0,85.0,133.0
75.0,432.0,85.0,132.0
75.0,432.0,85.0,132.0
75.0,432.0,84.0,132.0
75.0,433.0,84.0,132.0
75.0,433.0,84.0,131.0
76.0,434.0,84.0,131.0
76.0,436.0,83.0,129.0
76.0,436.0,83.0,129.0
77.0,437.0,82.0,129.0
77.0,437.0,82.0,128.0
77.0,438.0,82.0,128.0
77.0,439.0,82.0,127.0
77.0,438.0,82.0,128.0
77.0,438.0,82.0,128.0
77.0,438.0,82.0,128.0
78.0,439.0,81.0,127.0
78.0,439.0,82.0,128.0
78.0,440.0,81.0,127.0
78.0,440.0,81.0,126.0
78.0,440.0,81.0,126.0
79.0,441.0,80.0,125.0
79.0,441.0,80.0,125.0
80.0,442.0,79.0,124.0
80.0,441.0,79.0,124.0
81.0,440.0,79.0,124.0
81.0,440.0,79.0,124.0
81.0,439.0,80.0,125.0
81.0,439.0,80.0,126.0
82.0,439.0,80.0,126.0
82.0,439.0,80.0,126.0
84.0,438.0,80.0,125.0
84.0,438.0,80.0,125.0
84.0,438.0,80.0,125.0
85.0,438.0,81.0,126.0
85.0,439.0,80.0,125.0
86.0,439.0,80.0,124.0
86.0,440.0,78.0,121.0
86.0,440.0,78.0,121.0
86.0,441.0,78.0,121.0
85.0,441.0,76.0,119.0
86.0,442.0,75.0,117.0
86.0,443.0,75.0,116.0
86.0,443.0,73.0,115.0
86.0,443.0,73.0,115.0
86.0,444.0,73.0,115.0
86.0,444.0,73.0,114.0
87.0,444.0,73.0,114.0
87.0,444.0,73.0,114.0
87.0,444.0,73.0,114.0
87.0,444.0,73.0,114.0
87.0,444.0,73.0,114.0
87.0,444.0,72.0,113.0
87.0,444.0,73.0,113.0
88.0,444.0,72.0,113.0
89.0,444.0,70.0,97.0
89.0,444.0,70.0,97.0
89.0,444.0,70.0,97.0
89.0,443.0,70.0,97.0
90.0,443.0,70.0,97.0
90.0,443.0,70.0,98.0
91.0,442.0,69.0,96.0
91.0,442.0,69.0,96.0
92.0,441.0,69.0,96.0
93.0,440.0,68.0,95.0
94.0,440.0,67.0,93.0
95.0,439.0,68.0,94.0
95.0,437.0,69.0,95.0
95.0,437.0,69.0,95.0
95.0,436.0,68.0,94.0
95.0,435.0,69.0,96.0
95.0,434.0,69.0,96.0
96.0,434.0,69.0,95.0
97.0,433.0,69.0,95.0
97.0,433.0,69.0,95.0
96.0,432.0,69.0,95.0
96.0,431.0,69.0,95.0
96.0,431.0,69.0,95.0
96.0,430.0,69.0,95.0
96.0,430.0,68.0,95.0
96.0,430.0,68.0,95.0
96.0,429.0,68.0,94.0
97.0,429.0,68.0,94.0
97.0,429.0,67.0,93.0
98.0,428.0,67.0,93.0
98.0,428.0,66.0,92.0
98.0,428.0,66.0,92.0
99.0,427.0,66.0,91.0
99.0,427.0,66.0,91.0
99.0,425.0,66.0,92.0
99.0,425.0,66.0,91.0
99.0,424.0,65.0,91.0
99.0,424.0,65.0,91.0
99.0,422.0,65.0,90.0
100.0,420.0,65.0,90.0
100.0,420.0,65.0,90.0
100.0,418.0,65.0,90.0
101.0,417.0,66.0,92.0
101.0,417.0,66.0,92.0
103.0,414.0,65.0,89.0
103.0,413.0,64.0,89.0
104.0,412.0,64.0,89.0
105.0,411.0,63.0,88.0
106.0,409.0,63.0,87.0
106.0,409.0,63.0,87.0
106.0,407.0,64.0,88.0
107.0,406.0,63.0,87.0
107.0,405.0,62.0,86.0
107.0,404.0,62.0,85.0
107.0,403.0,62.0,86.0
107.0,403.0,62.0,86.0
106.0,401.0,64.0,88.0
106.0,401.0,64.0,89.0
106.0,400.0,64.0,89.0
106.0,399.0,65.0,90.0
106.0,398.0,66.0,91.0
106.0,398.0,66.0,91.0
105.0,397.0,69.0,95.0
105.0,396.0,69.0,95.0
106.0,396.0,68.0,94.0
106.0,396.0,67.0,93.0
106.0,396.0,66.0,91.0
106.0,396.0,66.0,92.0
107.0,396.0,64.0,89.0
108.0,396.0,61.0,85.0
109.0,396.0,58.0,80.0
109.0,396.0,55.0,76.0
109.0,396.0,53.0,74.0
109.0,396.0,53.0,74.0
108.0,399.0,52.0,73.0
106.0,398.0,55.0,76.0
106.0,398.0,56.0,78.0
105.0,398.0,58.0,80.0
104.0,399.0,57.0,78.0
104.0,399.0,57.0,79.0
105.0,394.0,65.0,90.0
105.0,394.0,65.0,90.0
105.0,394.0,63.0,87.0
104.0,392.0,64.0,89.0
103.0,390.0,65.0,90.0
103.0,390.0,65.0,90.0
104.0,389.0,66.0,91.0
104.0,388.0,67.0,92.0
102.0,387.0,67.0,93.0
112.0,393.0,65.0,86.0
112.0,392.0,65.0,87.0
112.0,392.0,66.0,87.0
111.0,390.0,67.0,89.0
111.0,389.0,67.0,88.0
112.0,390.0,66.0,87.0
113.0,389.0,67.0,88.0
113.0,388.0,66.0,88.0
113.0,388.0,66.0,88.0
115.0,387.0,66.0,87.0
115.0,386.0,66.0,88.0
115.0,385.0,66.0,88.0
116.0,384.0,66.0,88.0
116.0,384.0,66.0,88.0
116.0,384.0,66.0,88.0
115.0,381.0,69.0,91.0
116.0,380.0,69.0,91.0
116.0,379.0,70.0,93.0
117.0,378.0,71.0,93.0
119.0,378.0,71.0,94.0
119.0,378.0,71.0,94.0
122.0,377.0,70.0,93.0
123.0,376.0,70.0,92.0
124.0,375.0,69.0,91.0
125.0,374.0,69.0,91.0
126.0,373.0,68.0,90.0
126.0,373.0,68.0,90.0
127.0,372.0,67.0,89.0
127.0,371.0,67.0,88.0
131.0,373.0,65.0,86.0
130.0,372.0,66.0,87.0
130.0,371.0,66.0,87.0
130.0,371.0,66.0,87.0
131.0,369.0,66.0,88.0
131.0,368.0,67.0,88.0
131.0,367.0,67.0,89.0
131.0,367.0,67.0,89.0
131.0,366.0,68.0,90.0
131.0,366.0,68.0,90.0
132.0,365.0,68.0,89.0
133.0,364.0,67.0,89.0
134.0,364.0,67.0,89.0
135.0,364.0,67.0,88.0
135.0,364.0,67.0,88.0
135.0,364.0,67.0,88.0
138.0,364.0,66.0,87.0
139.0,364.0,66.0,87.0
139.0,364.0,66.0,87.0
139.0,364.0,66.0,87.0
140.0,364.0,66.0,87.0
140.0,364.0,66.0,87.0
141.0,363.0,66.0,87.0
141.0,362.0,66.0,88.0
141.0,362.0,67.0,88.0
142.0,362.0,67.0,88.0
143.0,361.0,67.0,88.0
143.0,361.0,67.0,88.0
144.0,361.0,66.0,88.0
145.0,360.0,67.0,88.0
146.0,360.0,67.0,89.0
146.0,360.0,67.0,88.0
147.0,360.0,67.0,88.0
147.0,360.0,67.0,88.0
147.0,358.0,67.0,89.0
146.0,357.0,68.0,90.0
146.0,356.0,69.0,91.0
146.0,355.0,69.0,92.0
146.0,354.0,70.0,92.0
146.0,354.0,70.0,92.0
148.0,353.0,70.0,93.0
149.0,353.0,70.0,93.0
151.0,354.0,70.0,92.0
152.0,354.0,70.0,92.0
154.0,354.0,69.0,91.0
154.0,354.0,69.0,91.0
157.0,355.0,67.0,88.0
158.0,355.0,66.0,87.0
158.0,355.0,65.0,86.0
160.0,355.0,65.0,85.0
161.0,355.0,64.0,85.0
161.0,355.0,64.0,85.0
163.0,354.0,64.0,84.0
165.0,355.0,62.0,82.0
168.0,355.0,60.0,80.0
171.0,356.0,59.0,78.0
174.0,357.0,58.0,77.0
174.0,357.0,58.0,77.0
179.0,360.0,56.0,74.0
180.0,360.0,56.0,74.0
181.0,361.0,55.0,73.0
182.0,361.0,56.0,74.0
186.0,362.0,55.0,72.0
186.0,362.0,55.0,72.0
187.0,359.0,58.0,76.0
188.0,359.0,58.0,77.0
189.0,359.0,59.0,78.0
189.0,360.0,59.0,79.0
189.0,360.0,61.0,80.0
168.0,347.0,61.0,80.0
168.0,346.0,62.0,81.0
167.0,346.0,62.0,81.0
166.0,346.0,62.0,81.0
165.0,345.0,62.0,81.0
164.0,345.0,63.0,82.0
164.0,345.0,63.0,82.0
163.0,344.0,63.0,82.0
162.0,344.0,62.0,82.0
161.0,343.0,63.0,82.0
160.0,342.0,62.0,82.0
158.0,341.0,63.0,83.0
158.0,341.0,63.0,83.0
154.0,342.0,59.0,77.0
154.0,342.0,59.0,77.0
152.0,341.0,57.0,75.0
151.0,343.0,54.0,71.0
149.0,342.0,54.0,70.0
149.0,342.0,54.0,70.0
147.0,341.0,54.0,71.0
146.0,341.0,54.0,70.0
145.0,340.0,54.0,70.0
144.0,339.0,54.0,71.0
143.0,338.0,54.0,71.0
143.0,338.0,54.0,71.0
141.0,335.0,54.0,71.0
141.0,335.0,54.0,71.0
140.0,334.0,54.0,70.0
140.0,331.0,63.0,82.0
140.0,330.0,63.0,82.0
140.0,330.0,63.0,82.0
140.0,330.0,62.0,81.0
140.0,329.0,61.0,80.0
139.0,328.0,63.0,81.0
137.0,325.0,64.0,84.0
136.0,324.0,65.0,85.0
136.0,323.0,65.0,85.0
136.0,321.0,66.0,86.0
136.0,320.0,66.0,86.0
135.0,319.0,66.0,86.0
135.0,318.0,66.0,86.0
134.0,317.0,67.0,87.0
134.0,317.0,67.0,87.0
133.0,314.0,68.0,88.0
132.0,313.0,68.0,88.0
132.0,323.0,85.0,74.0
132.0,322.0,86.0,75.0
131.0,321.0,87.0,76.0
131.0,321.0,87.0,76.0
133.0,319.0,87.0,76.0
133.0,318.0,88.0,76.0
131.0,317.0,91.0,79.0
135.0,317.0,87.0,76.0
135.0,316.0,88.0,77.0
135.0,316.0,88.0,76.0
136.0,314.0,88.0,77.0
137.0,313.0,89.0,77.0
137.0,312.0,90.0,78.0
137.0,311.0,90.0,79.0
138.0,310.0,90.0,78.0
138.0,310.0,90.0,78.0
141.0,309.0,89.0,77.0
142.0,309.0,88.0,76.0
143.0,308.0,88.0,76.0
143.0,306.0,89.0,78.0
143.0,305.0,90.0,78.0
142.0,305.0,90.0,78.0
141.0,300.0,96.0,84.0
143.0,300.0,95.0,83.0
149.0,300.0,91.0,79.0
150.0,299.0,91.0,79.0
151.0,298.0,91.0,79.0
151.0,298.0,91.0,79.0
154.0,297.0,91.0,79.0
155.0,297.0,91.0,79.0
156.0,296.0,91.0,79.0
157.0,294.0,91.0,80.0
159.0,294.0,91.0,80.0
159.0,294.0,91.0,79.0
162.0,294.0,90.0,79.0
163.0,294.0,90.0,78.0
165.0,294.0,90.0,78.0
166.0,294.0,90.0,78.0
167.0,293.0,90.0,78.0
167.0,293.0,89.0,78.0
170.0,294.0,88.0,77.0
171.0,293.0,88.0,77.0
172.0,293.0,89.0,77.0
170.0,292.0,92.0,80.0
172.0,292.0,92.0,80.0
172.0,292.0,92.0,80.0
175.0,292.0,92.0,80.0
177.0,293.0,91.0,79.0
180.0,293.0,90.0,78.0
181.0,293.0,90.0,78.0
183.0,294.0,89.0,77.0
183.0,294.0,89.0,77.0
189.0,296.0,86.0,74.0
190.0,296.0,86.0,75.0
190.0,296.0,87.0,76.0
191.0,296.0,87.0,76.0
192.0,296.0,87.0,76.0
192.0,296.0,87.0,76.0
195.0,298.0,87.0,76.0
197.0,298.0,86.0,75.0
198.0,299.0,86.0,75.0
199.0,298.0,87.0,75.0
199.0,298.0,87.0,75.0
199.0,298.0,87.0,75.0
201.0,298.0,87.0,76.0
201.0,297.0,89.0,77.0
201.0,297.0,90.0,78.0
201.0,295.0,92.0,80.0
201.0,295.0,93.0,81.0
201.0,295.0,93.0,81.0
201.0,294.0,95.0,83.0
202.0,295.0,95.0,83.0
204.0,295.0,96.0,83.0
205.0,297.0,96.0,83.0
207.0,297.0,96.0,83.0
207.0,297.0,96.0,83.0
210.0,299.0,97.0,95.0
211.0,300.0,98.0,96.0
212.0,300.0,98.0,96.0
213.0,302.0,98.0,96.0
215.0,303.0,97.0,95.0
215.0,303.0,97.0,95.0
217.0,306.0,96.0,94.0
218.0,307.0,95.0,94.0
219.0,308.0,96.0,94.0
220.0,309.0,95.0,93.0
221.0,311.0,95.0,93.0
221.0,311.0,95.0,93.0
223.0,314.0,93.0,91.0
224.0,316.0,93.0,91.0
225.0,317.0,93.0,91.0
225.0,319.0,93.0,91.0
225.0,319.0,93.0,91.0
225.0,319.0,93.0,91.0
226.0,322.0,92.0,90.0
228.0,323.0,92.0,90.0
228.0,325.0,91.0,89.0
230.0,327.0,91.0,89.0
231.0,328.0,90.0,88.0
231.0,328.0,90.0,88.0
233.0,332.0,88.0,87.0
235.0,334.0,88.0,86.0
236.0,336.0,87.0,85.0
237.0,337.0,86.0,84.0
238.0,339.0,85.0,84.0
238.0,339.0,85.0,84.0
241.0,342.0,84.0,82.0
242.0,343.0,84.0,82.0
243.0,344.0,83.0,81.0
244.0,345.0,83.0,81.0
245.0,346.0,82.0,81.0
245.0,346.0,82.0,81.0
248.0,347.0,81.0,80.0
248.0,347.0,81.0,79.0
249.0,348.0,80.0,79.0
250.0,348.0,80.0,78.0
251.0,348.0,78.0,77.0
251.0,348.0,78.0,77.0
254.0,348.0,75.0,74.0
256.0,347.0,73.0,72.0
259.0,361.0,78.0,64.0
260.0,361.0,77.0,63.0
260.0,361.0,76.0,62.0
260.0,361.0,76.0,62.0
261.0,360.0,74.0,60.0
261.0,358.0,74.0,60.0
262.0,357.0,72.0,59.0
262.0,356.0,72.0,59.0
263.0,354.0,71.0,58.0
263.0,354.0,71.0,58.0
264.0,352.0,68.0,56.0
264.0,351.0,67.0,55.0
265.0,349.0,66.0,54.0
266.0,348.0,65.0,53.0
266.0,347.0,64.0,53.0
266.0,347.0,64.0,53.0
266.0,344.0,63.0,52.0
267.0,342.0,62.0,51.0
268.0,341.0,61.0,50.0
268.0,340.0,59.0,49.0
269.0,337.0,56.0,46.0
269.0,337.0,56.0,46.0
268.0,334.0,54.0,45.0
268.0,333.0,53.0,44.0
269.0,332.0,53.0,44.0
275.0,334.0,60.0,63.0
275.0,333.0,60.0,63.0
275.0,333.0,60.0,63.0
275.0,331.0,60.0,63.0
274.0,330.0,60.0,63.0
274.0,330.0,59.0,62.0
275.0,329.0,59.0,62.0
275.0,328.0,58.0,61.0
275.0,328.0,58.0,61.0
275.0,327.0,57.0,60.0
274.0,328.0,58.0,61.0
274.0,328.0,59.0,62.0
274.0,327.0,60.0,63.0
274.0,327.0,60.0,63.0
274.0,327.0,60.0,63.0
275.0,326.0,60.0,63.0
275.0,325.0,60.0,63.0
275.0,325.0,61.0,64.0
274.0,325.0,62.0,65.0
275.0,325.0,61.0,64.0
275.0,325.0,61.0,64.0
277.0,326.0,61.0,64.0
277.0,326.0,61.0,64.0
277.0,326.0,63.0,66.0
278.0,326.0,63.0,66.0
278.0,326.0,63.0,66.0
278.0,326.0,63.0,66.0
279.0,327.0,64.0,67.0
279.0,328.0,64.0,68.0
280.0,328.0,65.0,68.0
280.0,328.0,65.0,69.0
281.0,328.0,65.0,68.0
281.0,328.0,65.0,68.0
282.0,328.0,66.0,69.0
291.0,319.0,58.0,71.0
292.0,320.0,58.0,71.0
292.0,320.0,59.0,72.0
294.0,321.0,59.0,72.0
294.0,321.0,59.0,72.0
296.0,322.0,58.0,71.0
297.0,322.0,58.0,71.0
297.0,322.0,58.0,72.0
298.0,323.0,58.0,71.0
298.0,323.0,57.0,70.0
298.0,323.0,57.0,70.0
298.0,324.0,55.0,68.0
298.0,324.0,54.0,66.0
299.0,324.0,53.0,65.0
301.0,324.0,68.0,76.0
302.0,324.0,68.0,76.0
302.0,324.0,68.0,76.0
309.0,325.0,68.0,75.0
311.0,325.0,69.0,77.0
310.0,324.0,72.0,81.0
305.0,325.0,68.0,76.0
306.0,325.0,69.0,77.0
306.0,325.0,81.0,72.0
309.0,326.0,84.0,74.0
311.0,326.0,85.0,75.0
314.0,328.0,86.0,76.0
317.0,329.0,85.0,75.0
318.0,330.0,86.0,77.0
318.0,331.0,86.0,76.0
322.0,333.0,87.0,78.0
324.0,334.0,88.0,78.0
326.0,335.0,88.0,79.0
328.0,336.0,89.0,79.0
328.0,336.0,89.0,79.0
328.0,336.0,89.0,79.0
333.0,338.0,89.0,79.0
336.0,339.0,89.0,79.0
339.0,341.0,87.0,78.0
341.0,343.0,87.0,77.0
343.0,345.0,86.0,76.0
320.0,343.0,103.0,78.0
326.0,347.0,101.0,76.0
328.0,350.0,100.0,76.0
328.0,352.0,103.0,78.0
331.0,354.0,103.0,78.0
333.0,355.0,102.0,78.0
333.0,355.0,102.0,78.0
338.0,358.0,102.0,77.0
342.0,360.0,101.0,76.0
345.0,363.0,98.0,74.0
348.0,366.0,96.0,73.0
366.0,363.0,77.0,92.0
366.0,363.0,77.0,92.0
371.0,370.0,75.0,90.0
370.0,373.0,78.0,93.0
371.0,376.0,78.0,93.0
372.0,380.0,78.0,94.0
374.0,383.0,78.0,93.0
374.0,383.0,78.0,93.0
379.0,391.0,79.0,94.0
380.0,393.0,79.0,94.0
382.0,397.0,77.0,92.0
385.0,400.0,74.0,89.0
387.0,404.0,73.0,87.0
387.0,404.0,73.0,87.0
388.0,413.0,73.0,87.0
389.0,416.0,73.0,87.0
389.0,420.0,72.0,86.0
390.0,424.0,71.0,85.0
391.0,429.0,71.0,85.0
391.0,429.0,71.0,85.0
391.0,435.0,72.0,86.0
392.0,439.0,73.0,87.0
392.0,441.0,73.0,88.0
391.0,444.0,74.0,88.0
391.0,447.0,74.0,89.0
391.0,447.0,74.0,89.0
390.0,453.0,75.0,90.0
390.0,455.0,76.0,91.0
389.0,472.0,76.0,78.0
540.0,494.0,115.0,70.0
536.0,493.0,115.0,70.0
536.0,493.0,115.0,70.0
532.0,492.0,115.0,70.0
528.0,492.0,114.0,70.0
525.0,491.0,112.0,68.0
521.0,490.0,108.0,66.0
519.0,489.0,108.0,66.0
519.0,489.0,108.0,66.0
515.0,488.0,110.0,67.0
508.0,487.0,113.0,69.0
505.0,486.0,114.0,70.0
503.0,485.0,113.0,69.0
503.0,484.0,114.0,69.0
503.0,484.0,114.0,69.0
501.0,482.0,114.0,69.0
498.0,481.0,114.0,69.0
495.0,481.0,113.0,69.0
493.0,480.0,109.0,67.0
522.0,478.0,53.0,67.0
522.0,478.0,53.0,67.0
522.0,479.0,51.0,64.0
522.0,478.0,51.0,65.0
521.0,479.0,51.0,64.0
519.0,480.0,50.0,64.0
519.0,480.0,50.0,64.0
519.0,480.0,50.0,64.0
520.0,480.0,52.0,65.0
521.0,480.0,52.0,65.0
521.0,480.0,52.0,65.0
521.0,480.0,50.0,63.0
520.0,481.0,50.0,64.0
520.0,481.0,50.0,64.0
520.0,482.0,51.0,64.0
521.0,483.0,50.0,63.0
521.0,485.0,50.0,63.0
525.0,487.0,51.0,65.0
525.0,488.0,52.0,65.0
525.0,488.0,52.0,65.0
526.0,489.0,51.0,64.0
527.0,489.0,50.0,63.0
528.0,490.0,50.0,64.0
529.0,490.0,51.0,64.0
531.0,491.0,51.0,64.0
531.0,491.0,51.0,64.0
533.0,492.0,50.0,64.0
533.0,493.0,50.0,64.0
537.0,494.0,50.0,63.0
536.0,496.0,51.0,65.0
536.0,497.0,50.0,64.0
536.0,497.0,50.0,63.0
536.0,498.0,50.0,63.0
536.0,497.0,51.0,65.0
537.0,497.0,52.0,65.0
540.0,497.0,49.0,62.0
541.0,498.0,49.0,61.0
541.0,498.0,49.0,61.0
542.0,498.0,48.0,61.0
541.0,499.0,49.0,62.0
538.0,489.0,54.0,60.0
539.0,490.0,53.0,59.0
540.0,490.0,52.0,58.0
539.0,489.0,53.0,59.0
540.0,490.0,52.0,58.0
540.0,489.0,54.0,60.0
538.0,488.0,57.0,63.0
545.0,490.0,52.0,58.0
545.0,490.0,52.0,58.0
539.0,486.0,55.0,50.0
539.0,486.0,55.0,50.0
538.0,486.0,55.0,50.0
536.0,485.0,57.0,52.0
538.0,484.0,57.0,51.0
541.0,485.0,53.0,48.0
541.0,485.0,52.0,48.0
542.0,483.0,53.0,49.0
542.0,482.0,56.0,51.0
541.0,482.0,56.0,51.0
536.0,482.0,64.0,58.0
532.0,481.0,67.0,61.0
532.0,481.0,68.0,61.0
529.0,481.0,68.0,62.0
531.0,479.0,61.0,55.0
535.0,478.0,54.0,49.0
0
0
0
0
0
0
0
0
0
0
0
0
0
0
0
0
0
474.0,460.0,76.0,69.0
475.0,458.0,82.0,74.0
475.0,458.0,80.0,72.0
475.0,458.0,76.0,72.0
476.0,459.0,72.0,68.0
479.0,456.0,82.0,78.0
456.0,445.0,85.0,75.0
464.0,446.0,86.0,76.0
467.0,447.0,82.0,72.0
0
0
0
0
0
0
0
0
0
0
0
0
0
0
406.0,405.0,78.0,55.0
404.0,403.0,79.0,56.0
400.0,397.0,78.0,55.0
399.0,395.0,78.0,55.0
399.0,395.0,78.0,55.0
397.0,393.0,77.0,54.0
394.0,392.0,78.0,55.0
391.0,390.0,80.0,56.0
383.0,386.0,84.0,59.0
380.0,384.0,85.0,60.0
380.0,384.0,85.0,60.0
378.0,381.0,86.0,76.0
376.0,379.0,86.0,76.0
375.0,377.0,85.0,75.0
371.0,374.0,84.0,75.0
368.0,372.0,85.0,75.0
368.0,372.0,85.0,75.0
365.0,369.0,85.0,75.0
360.0,367.0,87.0,77.0
356.0,364.0,87.0,77.0
351.0,360.0,88.0,78.0
350.0,358.0,87.0,77.0
350.0,358.0,87.0,77.0
348.0,357.0,87.0,77.0
345.0,355.0,87.0,77.0
343.0,353.0,86.0,76.0
339.0,351.0,85.0,75.0
339.0,350.0,84.0,74.0
339.0,350.0,84.0,74.0
339.0,348.0,82.0,72.0
339.0,348.0,80.0,71.0
338.0,347.0,78.0,69.0
337.0,345.0,74.0,65.0
335.0,344.0,72.0,64.0
335.0,344.0,72.0,64.0
334.0,343.0,70.0,62.0
333.0,343.0,67.0,60.0
331.0,342.0,67.0,59.0
328.0,341.0,64.0,57.0
327.0,340.0,63.0,55.0
320.0,338.0,62.0,66.0
319.0,338.0,60.0,64.0
314.0,335.0,61.0,65.0
312.0,334.0,60.0,64.0
307.0,333.0,59.0,63.0
306.0,333.0,58.0,62.0
306.0,333.0,58.0,62.0
303.0,332.0,59.0,62.0
301.0,332.0,59.0,62.0
300.0,331.0,59.0,63.0
296.0,329.0,59.0,63.0
294.0,328.0,60.0,64.0
294.0,328.0,60.0,64.0
291.0,326.0,61.0,65.0
288.0,325.0,62.0,66.0
284.0,323.0,65.0,69.0
279.0,321.0,71.0,76.0
278.0,320.0,72.0,77.0
278.0,320.0,72.0,77.0
276.0,319.0,74.0,79.0
275.0,318.0,75.0,80.0
275.0,317.0,75.0,80.0
272.0,314.0,76.0,80.0
272.0,313.0,76.0,81.0
272.0,313.0,76.0,81.0
251.0,317.0,104.0,65.0
250.0,315.0,107.0,67.0
247.0,312.0,115.0,72.0
248.0,307.0,116.0,72.0
249.0,306.0,115.0,72.0
249.0,306.0,115.0,72.0
251.0,304.0,114.0,71.0
253.0,302.0,114.0,71.0
254.0,300.0,115.0,72.0
257.0,295.0,121.0,76.0
259.0,293.0,121.0,75.0
259.0,293.0,121.0,75.0
263.0,291.0,119.0,74.0
266.0,289.0,117.0,73.0
269.0,287.0,115.0,72.0
275.0,284.0,114.0,71.0
277.0,282.0,114.0,71.0
277.0,282.0,114.0,71.0
280.0,282.0,114.0,71.0
283.0,280.0,114.0,71.0
285.0,280.0,113.0,71.0
292.0,278.0,115.0,72.0
294.0,277.0,116.0,72.0
294.0,277.0,116.0,72.0
296.0,277.0,116.0,73.0
301.0,276.0,114.0,71.0
303.0,275.0,115.0,72.0
309.0,273.0,117.0,73.0
337.0,272.0,73.0,75.0
337.0,272.0,73.0,75.0
339.0,272.0,73.0,75.0
342.0,272.0,73.0,75.0
342.0,270.0,75.0,77.0
350.0,273.0,78.0,80.0
360.0,278.0,73.0,75.0
359.0,277.0,74.0,76.0
362.0,278.0,75.0,77.0
364.0,280.0,74.0,77.0
364.0,280.0,76.0,78.0
364.0,280.0,80.0,82.0
366.0,281.0,81.0,83.0
366.0,281.0,81.0,83.0
363.0,271.0,89.0,96.0
363.0,268.0,95.0,103.0
363.0,269.0,95.0,102.0
374.0,276.0,91.0,98.0
375.0,277.0,91.0,99.0
376.0,278.0,90.0,97.0
378.0,279.0,91.0,98.0
379.0,281.0,92.0,99.0
381.0,284.0,92.0,100.0
386.0,287.0,92.0,100.0
390.0,289.0,91.0,98.0
390.0,289.0,91.0,98.0
393.0,290.0,89.0,96.0
397.0,292.0,88.0,95.0
401.0,293.0,86.0,93.0
410.0,296.0,82.0,88.0
414.0,298.0,80.0,86.0
414.0,298.0,80.0,86.0
418.0,299.0,78.0,84.0
421.0,301.0,77.0,83.0
425.0,303.0,75.0,81.0
434.0,305.0,73.0,79.0
440.0,306.0,70.0,75.0
432.0,306.0,95.0,95.0
435.0,305.0,96.0,96.0
440.0,305.0,95.0,95.0
444.0,305.0,94.0,94.0
452.0,306.0,92.0,92.0
455.0,306.0,91.0,91.0
455.0,306.0,91.0,91.0
458.0,306.0,91.0,91.0
461.0,305.0,94.0,94.0
461.0,304.0,100.0,100.0
462.0,302.0,114.0,114.0
465.0,302.0,116.0,116.0
465.0,302.0,116.0,116.0
446.0,309.0,140.0,111.0
448.0,309.0,142.0,112.0
452.0,309.0,143.0,114.0
459.0,310.0,146.0,116.0
463.0,310.0,148.0,117.0
463.0,310.0,148.0,117.0
467.0,311.0,149.0,118.0
471.0,311.0,150.0,119.0
476.0,311.0,150.0,119.0
484.0,311.0,149.0,118.0
488.0,311.0,150.0,119.0
488.0,311.0,150.0,119.0
491.0,312.0,151.0,120.0
496.0,312.0,151.0,120.0
500.0,313.0,153.0,121.0
514.0,316.0,149.0,118.0
521.0,317.0,146.0,115.0
521.0,317.0,146.0,115.0
526.0,317.0,145.0,115.0
498.0,325.0,159.0,113.0
503.0,325.0,159.0,113.0
511.0,326.0,160.0,114.0
515.0,326.0,161.0,115.0
515.0,326.0,162.0,115.0
525.0,327.0,156.0,111.0
530.0,328.0,156.0,111.0
536.0,329.0,155.0,110.0
548.0,333.0,152.0,108.0
553.0,335.0,149.0,106.0
553.0,335.0,149.0,106.0
557.0,337.0,148.0,105.0
561.0,339.0,146.0,104.0
564.0,341.0,146.0,104.0
572.0,346.0,145.0,103.0
576.0,348.0,144.0,102.0
576.0,348.0,144.0,102.0
579.0,350.0,144.0,102.0
582.0,352.0,144.0,102.0
585.0,354.0,144.0,103.0
591.0,360.0,144.0,102.0
594.0,362.0,144.0,102.0
594.0,362.0,144.0,102.0
597.0,366.0,143.0,102.0
600.0,369.0,143.0,102.0
603.0,372.0,143.0,101.0
609.0,379.0,148.0,84.0
612.0,382.0,148.0,84.0
612.0,382.0,148.0,84.0
615.0,385.0,148.0,84.0
618.0,388.0,146.0,83.0
621.0,390.0,148.0,84.0
629.0,395.0,148.0,84.0
633.0,397.0,148.0,84.0
633.0,397.0,148.0,84.0
638.0,399.0,147.0,83.0
642.0,401.0,146.0,83.0
647.0,402.0,145.0,82.0
654.0,404.0,145.0,83.0
654.0,402.0,147.0,83.0
654.0,402.0,147.0,84.0
655.0,399.0,161.0,91.0
658.0,399.0,161.0,91.0
664.0,400.0,158.0,90.0
673.0,401.0,157.0,89.0
678.0,401.0,157.0,89.0
678.0,401.0,157.0,89.0
683.0,402.0,156.0,89.0
687.0,402.0,156.0,89.0
691.0,401.0,156.0,89.0
698.0,401.0,158.0,90.0
702.0,400.0,159.0,90.0
702.0,400.0,159.0,90.0
707.0,400.0,158.0,90.0
720.0,403.0,133.0,85.0
724.0,402.0,133.0,85.0
734.0,400.0,133.0,85.0
740.0,398.0,132.0,84.0
740.0,398.0,132.0,84.0
745.0,397.0,131.0,84.0
751.0,395.0,130.0,83.0
756.0,393.0,130.0,83.0
766.0,388.0,129.0,82.0
772.0,386.0,129.0,82.0
772.0,386.0,129.0,82.0
779.0,384.0,126.0,81.0
787.0,382.0,123.0,79.0
795.0,381.0,121.0,77.0
808.0,376.0,116.0,74.0
812.0,372.0,116.0,74.0
812.0,372.0,116.0,74.0
816.0,368.0,116.0,74.0
820.0,364.0,118.0,76.0
825.0,361.0,123.0,79.0
840.0,353.0,126.0,81.0
846.0,351.0,122.0,78.0
846.0,351.0,122.0,78.0
852.0,348.0,114.0,73.0
856.0,345.0,111.0,71.0
859.0,343.0,107.0,68.0
866.0,325.0,72.0,89.0
879.0,323.0,59.0,87.0
872.0,320.0,67.0,93.0
886.0,317.0,51.0,88.0
887.0,312.0,51.0,85.0
888.0,306.0,55.0,90.0
881.0,295.0,63.0,94.0
879.0,294.0,67.0,88.0
878.0,287.0,66.0,91.0
882.0,288.0,62.0,85.0
874.0,279.0,64.0,92.0
877.0,276.0,62.0,88.0
865.0,263.0,76.0,90.0
865.0,261.0,73.0,90.0
865.0,261.0,73.0,90.0
862.0,255.0,77.0,95.0
863.0,250.0,79.0,98.0
857.0,246.0,85.0,105.0
847.0,252.0,91.0,75.0
846.0,250.0,92.0,76.0
846.0,250.0,92.0,76.0
845.0,248.0,98.0,81.0
838.0,248.0,85.0,46.0
837.0,246.0,81.0,44.0
837.0,246.0,81.0,44.0
836.0,238.0,71.0,38.0
836.0,238.0,71.0,38.0
0
0
0
0
0
0
0
0
0
0
0
0
740.0,215.0,96.0,51.0
735.0,215.0,94.0,50.0
728.0,217.0,98.0,52.0
715.0,201.0,100.0,72.0
711.0,204.0,96.0,69.0
711.0,204.0,96.0,69.0
707.0,201.0,98.0,70.0
702.0,198.0,101.0,73.0
696.0,195.0,78.0,94.0
687.0,200.0,80.0,97.0
682.0,204.0,78.0,95.0
682.0,192.0,61.0,106.0
679.0,195.0,61.0,105.0
675.0,197.0,61.0,105.0
672.0,198.0,61.0,107.0
671.0,204.0,60.0,105.0
631.0,199.0,98.0,118.0
631.0,199.0,98.0,118.0
627.0,201.0,99.0,119.0
628.0,203.0,98.0,119.0
626.0,205.0,99.0,119.0
630.0,217.0,92.0,111.0
630.0,221.0,91.0,109.0
630.0,221.0,91.0,109.0
630.0,223.0,90.0,109.0
632.0,225.0,90.0,108.0
632.0,227.0,90.0,108.0
606.0,244.0,128.0,94.0
606.0,246.0,130.0,95.0
606.0,246.0,129.0,95.0
607.0,248.0,130.0,95.0
609.0,250.0,131.0,96.0
612.0,252.0,130.0,96.0
620.0,258.0,127.0,93.0
623.0,261.0,126.0,92.0
623.0,261.0,126.0,92.0
626.0,264.0,125.0,92.0
629.0,266.0,125.0,92.0
609.0,277.0,135.0,93.0
614.0,280.0,135.0,93.0
616.0,282.0,135.0,93.0
617.0,282.0,135.0,93.0
619.0,283.0,137.0,94.0
620.0,286.0,139.0,96.0
624.0,288.0,138.0,95.0
629.0,295.0,133.0,91.0
632.0,297.0,132.0,91.0
632.0,297.0,132.0,91.0
635.0,299.0,132.0,91.0
637.0,300.0,132.0,91.0
639.0,302.0,131.0,90.0
642.0,304.0,130.0,90.0
644.0,306.0,128.0,88.0
644.0,306.0,128.0,88.0
649.0,308.0,124.0,85.0
653.0,310.0,123.0,85.0
659.0,313.0,118.0,81.0
667.0,318.0,111.0,77.0
648.0,322.0,117.0,74.0
648.0,322.0,117.0,74.0
651.0,325.0,114.0,72.0
654.0,327.0,112.0,71.0
656.0,329.0,110.0,70.0
660.0,330.0,111.0,70.0
664.0,330.0,113.0,72.0
663.0,331.0,113.0,71.0
670.0,332.0,108.0,68.0
683.0,333.0,79.0,78.0
689.0,337.0,75.0,74.0
689.0,338.0,76.0,75.0
689.0,338.0,75.0,74.0
689.0,338.0,75.0,74.0
690.0,338.0,75.0,74.0
690.0,338.0,78.0,77.0
701.0,338.0,71.0,76.0
698.0,338.0,76.0,81.0
697.0,338.0,75.0,80.0
697.0,338.0,75.0,80.0
696.0,338.0,74.0,79.0
694.0,338.0,73.0,79.0
693.0,338.0,72.0,77.0
687.0,338.0,73.0,79.0
683.0,337.0,79.0,84.0
683.0,337.0,79.0,84.0
678.0,337.0,83.0,89.0
674.0,336.0,85.0,91.0
671.0,335.0,84.0,90.0
664.0,334.0,80.0,86.0
661.0,334.0,79.0,84.0
661.0,334.0,79.0,84.0
656.0,333.0,78.0,84.0
652.0,333.0,79.0,85.0
647.0,334.0,80.0,86.0
638.0,335.0,80.0,86.0
634.0,335.0,80.0,86.0
634.0,335.0,80.0,86.0
630.0,335.0,80.0,86.0
628.0,335.0,80.0,85.0
635.0,340.0,93.0,64.0
633.0,342.0,89.0,61.0
630.0,341.0,91.0,63.0
630.0,341.0,91.0,63.0
630.0,342.0,90.0,62.0
630.0,343.0,88.0,61.0
630.0,343.0,89.0,61.0
628.0,341.0,94.0,64.0
625.0,342.0,96.0,66.0
625.0,342.0,96.0,66.0
624.0,344.0,93.0,64.0
622.0,346.0,92.0,64.0
620.0,348.0,91.0,63.0
617.0,353.0,88.0,60.0
615.0,355.0,86.0,59.0
0
0
0
0
0
0
0
0
0
0
0
0
0
0
0
0
0
0
0
0
0
0
0
0
0
0
652.0,323.0,61.0,80.0
653.0,323.0,61.0,80.0
656.0,324.0,60.0,79.0
657.0,324.0,61.0,80.0
656.0,324.0,61.0,80.0
657.0,324.0,64.0,84.0
658.0,323.0,62.0,81.0
659.0,324.0,62.0,81.0
660.0,324.0,63.0,82.0
660.0,324.0,62.0,82.0
663.0,326.0,62.0,82.0
667.0,327.0,60.0,79.0
666.0,328.0,59.0,77.0
667.0,328.0,58.0,77.0
669.0,329.0,58.0,76.0
670.0,329.0,59.0,77.0
670.0,329.0,59.0,77.0
671.0,330.0,59.0,77.0
672.0,330.0,59.0,77.0
673.0,330.0,59.0,78.0
676.0,331.0,59.0,78.0
677.0,331.0,59.0,77.0
677.0,331.0,59.0,77.0
678.0,331.0,59.0,77.0
679.0,331.0,81.0,77.0
680.0,331.0,82.0,78.0
683.0,330.0,83.0,79.0
685.0,330.0,83.0,79.0
685.0,330.0,83.0,79.0
687.0,330.0,83.0,79.0
688.0,330.0,84.0,80.0
690.0,330.0,84.0,80.0
695.0,331.0,83.0,79.0
697.0,331.0,83.0,79.0
698.0,332.0,82.0,78.0
703.0,333.0,78.0,74.0
707.0,334.0,77.0,73.0
707.0,334.0,79.0,75.0
714.0,335.0,76.0,72.0
716.0,335.0,77.0,73.0
716.0,335.0,76.0,72.0
718.0,335.0,77.0,74.0
721.0,335.0,79.0,75.0
723.0,335.0,79.0,75.0
727.0,334.0,81.0,77.0
728.0,333.0,81.0,77.0
729.0,335.0,80.0,76.0
730.0,335.0,80.0,76.0
732.0,335.0,81.0,77.0
733.0,336.0,81.0,77.0
737.0,337.0,80.0,76.0
739.0,338.0,78.0,75.0
739.0,338.0,78.0,75.0
740.0,339.0,78.0,75.0
741.0,340.0,78.0,74.0
742.0,341.0,79.0,75.0
744.0,342.0,81.0,77.0
0
0
0
0
0
0
0
0
0
0
0
0
0
0
0
0
0
0
0
0
0
0
0
0
0
780.0,352.0,89.0,62.0
776.0,350.0,94.0,66.0
774.0,349.0,99.0,69.0
772.0,348.0,103.0,72.0
778.0,349.0,100.0,69.0
778.0,349.0,100.0,70.0
779.0,349.0,100.0,70.0
779.0,349.0,100.0,70.0
780.0,349.0,100.0,70.0
769.0,349.0,112.0,71.0
771.0,349.0,112.0,71.0
773.0,349.0,111.0,70.0
773.0,349.0,111.0,70.0
774.0,349.0,111.0,71.0
775.0,349.0,111.0,70.0
777.0,349.0,111.0,70.0
779.0,350.0,110.0,70.0
781.0,350.0,110.0,70.0
781.0,349.0,110.0,70.0
783.0,350.0,109.0,69.0
784.0,350.0,109.0,69.0
786.0,351.0,108.0,68.0
790.0,351.0,106.0,67.0
791.0,352.0,105.0,66.0
791.0,352.0,105.0,66.0
791.0,351.0,105.0,67.0
794.0,352.0,103.0,65.0
796.0,352.0,101.0,64.0
799.0,353.0,99.0,63.0
801.0,353.0,99.0,63.0
801.0,353.0,99.0,63.0
803.0,353.0,97.0,62.0
805.0,353.0,96.0,61.0
807.0,353.0,95.0,60.0
812.0,353.0,92.0,59.0
815.0,354.0,90.0,57.0
815.0,354.0,90.0,57.0
818.0,354.0,88.0,56.0
819.0,354.0,87.0,55.0
823.0,354.0,85.0,54.0
828.0,355.0,94.0,65.0
830.0,355.0,93.0,64.0
830.0,355.0,93.0,64.0
832.0,356.0,90.0,63.0
833.0,356.0,90.0,62.0
833.0,356.0,91.0,63.0
832.0,354.0,95.0,66.0
835.0,355.0,93.0,64.0
835.0,355.0,93.0,64.0
835.0,354.0,93.0,64.0
836.0,354.0,92.0,64.0
864.0,354.0,65.0,56.0
866.0,354.0,64.0,55.0
865.0,353.0,65.0,56.0
865.0,353.0,65.0,56.0
866.0,354.0,64.0,55.0
865.0,354.0,64.0,56.0
866.0,354.0,64.0,55.0
865.0,354.0,66.0,57.0
865.0,354.0,66.0,57.0
865.0,354.0,66.0,57.0
864.0,354.0,66.0,57.0
864.0,354.0,66.0,57.0
875.0,350.0,46.0,62.0
875.0,350.0,46.0,62.0
874.0,350.0,46.0,62.0
874.0,350.0,46.0,62.0
873.0,349.0,46.0,62.0
873.0,349.0,46.0,62.0
873.0,349.0,46.0,62.0
872.0,349.0,46.0,62.0
872.0,350.0,45.0,61.0
872.0,350.0,45.0,61.0
872.0,349.0,46.0,63.0
871.0,352.0,42.0,57.0
870.0,352.0,43.0,58.0
869.0,352.0,43.0,58.0
868.0,352.0,44.0,59.0
868.0,352.0,44.0,59.0
867.0,351.0,44.0,60.0
867.0,352.0,45.0,60.0
866.0,352.0,46.0,62.0
866.0,352.0,45.0,60.0
866.0,352.0,45.0,60.0
866.0,352.0,45.0,60.0
866.0,352.0,45.0,60.0
865.0,351.0,45.0,60.0
865.0,351.0,45.0,61.0
865.0,351.0,43.0,58.0
865.0,351.0,43.0,58.0
865.0,351.0,43.0,58.0
865.0,351.0,43.0,58.0
865.0,351.0,43.0,58.0
865.0,351.0,43.0,57.0
865.0,351.0,42.0,57.0
864.0,351.0,42.0,57.0
864.0,351.0,42.0,57.0
863.0,351.0,43.0,58.0
862.0,351.0,42.0,57.0
862.0,352.0,42.0,57.0
862.0,352.0,42.0,56.0
862.0,352.0,41.0,56.0
862.0,352.0,41.0,56.0
862.0,352.0,41.0,56.0
861.0,352.0,41.0,56.0
862.0,350.0,50.0,68.0
860.0,349.0,50.0,69.0
859.0,350.0,50.0,69.0
855.0,349.0,56.0,68.0
854.0,349.0,56.0,68.0
854.0,349.0,56.0,68.0
853.0,349.0,56.0,68.0
852.0,350.0,55.0,67.0
850.0,350.0,56.0,68.0
850.0,351.0,55.0,67.0
849.0,350.0,56.0,68.0
841.0,351.0,78.0,70.0
840.0,351.0,78.0,70.0
837.0,352.0,79.0,71.0
835.0,352.0,79.0,71.0
835.0,352.0,79.0,71.0
834.0,352.0,79.0,71.0
833.0,353.0,79.0,71.0
832.0,354.0,79.0,71.0
829.0,355.0,82.0,73.0
828.0,355.0,82.0,73.0
828.0,355.0,82.0,73.0
826.0,354.0,84.0,75.0
825.0,354.0,83.0,75.0
823.0,354.0,83.0,75.0
820.0,355.0,81.0,73.0
818.0,355.0,81.0,73.0
819.0,355.0,80.0,72.0
816.0,355.0,82.0,73.0
815.0,355.0,79.0,71.0
814.0,356.0,79.0,71.0
811.0,357.0,79.0,71.0
810.0,357.0,78.0,70.0
810.0,357.0,78.0,70.0
808.0,357.0,79.0,71.0
807.0,357.0,78.0,70.0
805.0,357.0,79.0,71.0
803.0,357.0,78.0,70.0
802.0,357.0,78.0,70.0
802.0,357.0,78.0,70.0
802.0,357.0,77.0,69.0
801.0,357.0,76.0,68.0
801.0,358.0,74.0,67.0
800.0,360.0,72.0,64.0
800.0,360.0,71.0,64.0
799.0,360.0,72.0,65.0
798.0,360.0,72.0,64.0
797.0,361.0,72.0,64.0
803.0,369.0,66.0,56.0
801.0,370.0,66.0,56.0
800.0,370.0,65.0,56.0
800.0,370.0,65.0,55.0
800.0,370.0,65.0,56.0
800.0,370.0,65.0,55.0
801.0,371.0,63.0,54.0
796.0,371.0,64.0,55.0
795.0,372.0,62.0,53.0
796.0,372.0,62.0,53.0
793.0,373.0,62.0,53.0
792.0,374.0,62.0,53.0
792.0,375.0,62.0,53.0
790.0,376.0,63.0,53.0
790.0,376.0,63.0,53.0
790.0,371.0,63.0,58.0
789.0,371.0,63.0,58.0
789.0,371.0,63.0,58.0
789.0,371.0,63.0,58.0
790.0,370.0,66.0,61.0
790.0,370.0,55.0,61.0
790.0,370.0,55.0,61.0
790.0,370.0,56.0,62.0
790.0,370.0,57.0,63.0
793.0,372.0,55.0,61.0
793.0,372.0,59.0,65.0
796.0,374.0,56.0,62.0
797.0,375.0,54.0,60.0
798.0,376.0,55.0,61.0
799.0,377.0,55.0,61.0
792.0,382.0,62.0,67.0
794.0,384.0,62.0,67.0
795.0,385.0,62.0,67.0
794.0,385.0,63.0,68.0
795.0,386.0,63.0,68.0
796.0,387.0,63.0,68.0
797.0,388.0,63.0,68.0
799.0,390.0,62.0,67.0
799.0,391.0,62.0,67.0
799.0,391.0,62.0,67.0
799.0,392.0,62.0,67.0
801.0,393.0,62.0,67.0
801.0,396.0,62.0,67.0
795.0,394.0,71.0,70.0
796.0,396.0,71.0,70.0
796.0,396.0,71.0,70.0
797.0,397.0,72.0,71.0
798.0,398.0,72.0,63.0
799.0,399.0,72.0,63.0
800.0,399.0,72.0,63.0
799.0,400.0,70.0,62.0
799.0,400.0,70.0,62.0
811.0,402.0,59.0,60.0
813.0,404.0,57.0,58.0
813.0,405.0,61.0,70.0
815.0,408.0,61.0,70.0
816.0,409.0,61.0,70.0
816.0,409.0,61.0,70.0
817.0,409.0,62.0,71.0
817.0,410.0,62.0,71.0
818.0,410.0,62.0,71.0
818.0,412.0,61.0,70.0
818.0,412.0,62.0,71.0
818.0,412.0,62.0,71.0
820.0,413.0,61.0,70.0
819.0,412.0,62.0,71.0
820.0,414.0,61.0,70.0
836.0,415.0,46.0,66.0
837.0,416.0,46.0,66.0
837.0,416.0,46.0,66.0
838.0,417.0,46.0,66.0
840.0,417.0,45.0,65.0
840.0,418.0,45.0,65.0
844.0,421.0,46.0,66.0
844.0,421.0,46.0,67.0
844.0,421.0,46.0,67.0
847.0,423.0,44.0,64.0
838.0,424.0,62.0,62.0
838.0,424.0,62.0,62.0
838.0,421.0,61.0,61.0
839.0,421.0,61.0,61.0
839.0,432.0,61.0,50.0
839.0,431.0,62.0,51.0
838.0,430.0,63.0,52.0
837.0,429.0,64.0,53.0
836.0,429.0,56.0,46.0
834.0,427.0,56.0,46.0
834.0,427.0,56.0,46.0
833.0,426.0,82.0,63.0
832.0,425.0,83.0,64.0
831.0,424.0,83.0,64.0
829.0,423.0,85.0,66.0
829.0,423.0,82.0,63.0
829.0,423.0,82.0,63.0
828.0,422.0,82.0,63.0
827.0,422.0,83.0,64.0
826.0,421.0,91.0,60.0
825.0,420.0,92.0,60.0
822.0,419.0,94.0,62.0
822.0,419.0,94.0,62.0
820.0,420.0,92.0,60.0
818.0,420.0,92.0,60.0
818.0,419.0,94.0,62.0
813.0,418.0,98.0,65.0
811.0,420.0,93.0,61.0
811.0,420.0,126.0,67.0
809.0,420.0,127.0,67.0
807.0,421.0,126.0,67.0
804.0,421.0,128.0,68.0
799.0,421.0,129.0,69.0
797.0,420.0,129.0,69.0
796.0,420.0,130.0,69.0
794.0,420.0,131.0,69.0
792.0,419.0,131.0,69.0
791.0,420.0,130.0,69.0
789.0,422.0,127.0,68.0
787.0,423.0,127.0,68.0
787.0,423.0,127.0,67.0
786.0,424.0,126.0,67.0
784.0,424.0,126.0,67.0
783.0,425.0,126.0,67.0
780.0,426.0,127.0,67.0
779.0,427.0,127.0,67.0
779.0,427.0,127.0,67.0
778.0,428.0,126.0,67.0
778.0,429.0,125.0,67.0
777.0,429.0,125.0,66.0
776.0,431.0,124.0,66.0
775.0,432.0,124.0,66.0
775.0,432.0,124.0,66.0
774.0,433.0,125.0,66.0
772.0,435.0,125.0,66.0
771.0,435.0,126.0,67.0
768.0,437.0,127.0,68.0
767.0,438.0,127.0,68.0
767.0,438.0,127.0,68.0
766.0,439.0,128.0,68.0
766.0,440.0,127.0,68.0
764.0,440.0,128.0,68.0
759.0,442.0,130.0,69.0
758.0,444.0,129.0,68.0
758.0,444.0,129.0,68.0
756.0,445.0,127.0,68.0
755.0,446.0,126.0,67.0
754.0,447.0,125.0,67.0
751.0,449.0,124.0,66.0
750.0,450.0,125.0,66.0
750.0,450.0,125.0,66.0
748.0,451.0,126.0,67.0
745.0,452.0,127.0,68.0
742.0,453.0,127.0,68.0
743.0,456.0,118.0,63.0
742.0,457.0,116.0,62.0
742.0,457.0,116.0,62.0
741.0,458.0,115.0,61.0
741.0,459.0,114.0,61.0
740.0,460.0,113.0,60.0
752.0,457.0,99.0,63.0
751.0,458.0,98.0,63.0
751.0,458.0,98.0,63.0
747.0,458.0,99.0,63.0
745.0,460.0,98.0,63.0
743.0,460.0,96.0,61.0
742.0,460.0,96.0,61.0
742.0,459.0,97.0,62.0
742.0,459.0,97.0,62.0
741.0,459.0,97.0,62.0
751.0,456.0,92.0,68.0
751.0,456.0,92.0,68.0
749.0,455.0,92.0,68.0
750.0,454.0,90.0,67.0
749.0,456.0,88.0,65.0
747.0,456.0,87.0,64.0
746.0,457.0,85.0,63.0
745.0,456.0,86.0,63.0
741.0,453.0,91.0,67.0
739.0,453.0,96.0,71.0
741.0,453.0,91.0,67.0
739.0,452.0,93.0,69.0
738.0,452.0,91.0,67.0
737.0,453.0,88.0,65.0
734.0,455.0,86.0,64.0
734.0,454.0,85.0,63.0
734.0,454.0,85.0,63.0
744.0,448.0,73.0,77.0
743.0,447.0,73.0,77.0
743.0,447.0,74.0,78.0
742.0,445.0,73.0,77.0
741.0,445.0,73.0,77.0
741.0,445.0,73.0,77.0
739.0,444.0,74.0,78.0
738.0,444.0,73.0,78.0
738.0,445.0,73.0,77.0
738.0,444.0,73.0,76.0
738.0,443.0,73.0,77.0
738.0,443.0,73.0,77.0
737.0,443.0,73.0,77.0
738.0,443.0,73.0,77.0
737.0,442.0,73.0,77.0
736.0,442.0,71.0,75.0
736.0,444.0,67.0,71.0
736.0,444.0,67.0,71.0
741.0,432.0,66.0,79.0
740.0,431.0,66.0,79.0
741.0,431.0,65.0,78.0
742.0,428.0,67.0,80.0
740.0,426.0,70.0,84.0
740.0,426.0,70.0,83.0
739.0,427.0,69.0,82.0
741.0,428.0,63.0,75.0
741.0,427.0,65.0,78.0
742.0,425.0,69.0,83.0
743.0,424.0,71.0,85.0
743.0,424.0,71.0,85.0
744.0,423.0,73.0,87.0
745.0,422.0,73.0,88.0
746.0,420.0,75.0,89.0
747.0,419.0,77.0,92.0
748.0,418.0,79.0,94.0
748.0,418.0,79.0,94.0
748.0,417.0,80.0,96.0
748.0,416.0,81.0,98.0
748.0,416.0,83.0,100.0
747.0,416.0,83.0,60.0
747.0,416.0,84.0,61.0
747.0,416.0,84.0,61.0
748.0,415.0,86.0,62.0
749.0,414.0,88.0,63.0
750.0,413.0,89.0,64.0
756.0,415.0,89.0,64.0
759.0,416.0,89.0,65.0
759.0,416.0,89.0,65.0
761.0,416.0,90.0,65.0
763.0,416.0,90.0,65.0
765.0,416.0,90.0,65.0
770.0,417.0,90.0,65.0
773.0,417.0,89.0,64.0
773.0,417.0,89.0,64.0
775.0,418.0,88.0,64.0
777.0,419.0,88.0,64.0
780.0,419.0,88.0,64.0
784.0,421.0,94.0,53.0
787.0,422.0,94.0,53.0
787.0,422.0,94.0,53.0
789.0,422.0,93.0,53.0
791.0,423.0,93.0,52.0
794.0,424.0,92.0,52.0
799.0,425.0,91.0,52.0
802.0,427.0,91.0,51.0
802.0,427.0,91.0,51.0
804.0,427.0,91.0,64.0
806.0,428.0,90.0,63.0
808.0,428.0,89.0,62.0
811.0,429.0,89.0,63.0
816.0,430.0,84.0,59.0
816.0,430.0,84.0,59.0
817.0,430.0,84.0,59.0
819.0,431.0,84.0,59.0
822.0,432.0,80.0,56.0
826.0,433.0,79.0,55.0
830.0,435.0,74.0,52.0
830.0,435.0,74.0,52.0
833.0,435.0,72.0,51.0
835.0,436.0,70.0,49.0
837.0,436.0,68.0,48.0
835.0,425.0,76.0,72.0
838.0,425.0,75.0,71.0
838.0,425.0,75.0,71.0
840.0,426.0,73.0,69.0
840.0,426.0,75.0,71.0
841.0,426.0,75.0,71.0
844.0,426.0,74.0,70.0
847.0,426.0,71.0,67.0
847.0,426.0,71.0,67.0
850.0,427.0,75.0,71.0
858.0,428.0,69.0,65.0
858.0,427.0,69.0,65.0
867.0,429.0,59.0,56.0
867.0,429.0,60.0,57.0
867.0,429.0,60.0,71.0
867.0,429.0,60.0,71.0
868.0,429.0,59.0,70.0
866.0,429.0,61.0,72.0
867.0,432.0,58.0,69.0
866.0,432.0,58.0,68.0
866.0,432.0,58.0,68.0
866.0,433.0,57.0,67.0
866.0,433.0,57.0,68.0
865.0,432.0,57.0,67.0
861.0,432.0,57.0,68.0
861.0,432.0,68.0,67.0
861.0,432.0,68.0,67.0
860.0,432.0,67.0,66.0
859.0,433.0,65.0,64.0
858.0,434.0,63.0,62.0
857.0,435.0,63.0,62.0
857.0,435.0,63.0,62.0
857.0,435.0,63.0,62.0
855.0,436.0,60.0,59.0
854.0,436.0,61.0,60.0
853.0,436.0,61.0,61.0
850.0,437.0,59.0,59.0
849.0,438.0,60.0,59.0
849.0,438.0,60.0,59.0
847.0,438.0,60.0,59.0
846.0,438.0,60.0,59.0
845.0,437.0,92.0,67.0
844.0,438.0,92.0,67.0
843.0,438.0,94.0,68.0
843.0,438.0,94.0,68.0
845.0,438.0,92.0,67.0
846.0,439.0,91.0,66.0
849.0,439.0,90.0,66.0
850.0,440.0,89.0,64.0
850.0,441.0,88.0,64.0
850.0,441.0,88.0,64.0
849.0,442.0,89.0,65.0
848.0,442.0,89.0,65.0
849.0,443.0,88.0,64.0
846.0,454.0,93.0,57.0
846.0,455.0,93.0,57.0
846.0,455.0,93.0,57.0
845.0,455.0,94.0,57.0
845.0,454.0,94.0,58.0
844.0,456.0,93.0,57.0
844.0,460.0,90.0,55.0
843.0,461.0,90.0,55.0
839.0,459.0,94.0,58.0
838.0,460.0,93.0,57.0
839.0,460.0,92.0,56.0
839.0,463.0,90.0,55.0
837.0,463.0,90.0,55.0
837.0,463.0,91.0,56.0
837.0,463.0,91.0,56.0
836.0,463.0,91.0,56.0
834.0,463.0,92.0,56.0
832.0,463.0,92.0,56.0
830.0,464.0,91.0,56.0
828.0,464.0,91.0,56.0
828.0,464.0,91.0,56.0
828.0,464.0,90.0,55.0
827.0,464.0,89.0,55.0
826.0,463.0,89.0,55.0
824.0,462.0,89.0,54.0
823.0,462.0,88.0,54.0
823.0,462.0,88.0,54.0
822.0,461.0,88.0,54.0
821.0,461.0,88.0,54.0
820.0,461.0,88.0,54.0
817.0,461.0,88.0,54.0
816.0,460.0,88.0,54.0
811.0,454.0,98.0,67.0
810.0,454.0,97.0,67.0
810.0,454.0,97.0,66.0
810.0,455.0,96.0,66.0
809.0,456.0,95.0,65.0
808.0,457.0,95.0,65.0
809.0,456.0,93.0,64.0
809.0,456.0,93.0,63.0
808.0,457.0,93.0,64.0
808.0,458.0,92.0,63.0
807.0,459.0,90.0,62.0
807.0,459.0,90.0,61.0
807.0,459.0,90.0,61.0
806.0,460.0,90.0,61.0
805.0,460.0,90.0,61.0
801.0,456.0,93.0,66.0
798.0,454.0,95.0,68.0
798.0,453.0,95.0,67.0
798.0,453.0,95.0,67.0
797.0,452.0,96.0,68.0
796.0,452.0,97.0,69.0
794.0,451.0,98.0,70.0
791.0,450.0,102.0,72.0
788.0,448.0,105.0,74.0
788.0,448.0,105.0,74.0
786.0,447.0,109.0,77.0
783.0,445.0,111.0,79.0
780.0,445.0,100.0,74.0
774.0,444.0,102.0,76.0
771.0,444.0,102.0,75.0
771.0,444.0,102.0,75.0
769.0,444.0,101.0,75.0
766.0,444.0,102.0,76.0
0
0
0
0
0
0
0
0
0
0
0
0
0
0
0
0
0
0
0
0
0
0
0
0
0
0
0
0
0
0
0
0
0
0
0
0
0
0
0
0
0
0
0
0
0
0
0
0
0
0
0
0
0
0
0
0
0
0
0
0
0
0
0
0
0
0
0
0
0
0
0
0
0
0
0
800.0,448.0,53.0,65.0
801.0,449.0,53.0,65.0
802.0,450.0,53.0,65.0
803.0,451.0,53.0,65.0
804.0,454.0,53.0,65.0
805.0,455.0,53.0,66.0
806.0,456.0,53.0,65.0
806.0,457.0,54.0,66.0
807.0,458.0,54.0,67.0
809.0,459.0,54.0,66.0
811.0,461.0,54.0,66.0
812.0,462.0,54.0,66.0
811.0,462.0,54.0,67.0
812.0,463.0,54.0,67.0
812.0,463.0,55.0,67.0
814.0,464.0,55.0,67.0
815.0,466.0,55.0,68.0
816.0,467.0,55.0,68.0
816.0,467.0,55.0,68.0
817.0,468.0,55.0,68.0
817.0,470.0,55.0,68.0
816.0,470.0,56.0,69.0
815.0,471.0,58.0,71.0
815.0,472.0,58.0,71.0
815.0,472.0,58.0,71.0
815.0,472.0,58.0,71.0
815.0,472.0,59.0,72.0
815.0,473.0,59.0,72.0
815.0,474.0,59.0,73.0
815.0,476.0,59.0,73.0
815.0,476.0,59.0,73.0
815.0,476.0,59.0,73.0
815.0,477.0,59.0,73.0
816.0,478.0,74.0,72.0
817.0,480.0,74.0,72.0
818.0,481.0,73.0,71.0
818.0,481.0,73.0,71.0
818.0,482.0,73.0,71.0
819.0,482.0,73.0,71.0
822.0,486.0,70.0,68.0
822.0,485.0,72.0,70.0
822.0,486.0,73.0,71.0
822.0,486.0,73.0,71.0
823.0,487.0,74.0,72.0
823.0,487.0,73.0,71.0
824.0,488.0,72.0,70.0
825.0,488.0,74.0,72.0
828.0,491.0,67.0,65.0
828.0,491.0,67.0,65.0
829.0,492.0,67.0,65.0
830.0,492.0,67.0,65.0
831.0,493.0,67.0,65.0
833.0,494.0,66.0,65.0
834.0,495.0,66.0,64.0
834.0,495.0,67.0,65.0
834.0,495.0,67.0,65.0
834.0,496.0,67.0,65.0
835.0,496.0,67.0,65.0
837.0,496.0,67.0,66.0
838.0,497.0,66.0,64.0
838.0,496.0,67.0,66.0
839.0,496.0,66.0,64.0
841.0,497.0,65.0,63.0
843.0,499.0,61.0,60.0
844.0,500.0,61.0,60.0
843.0,500.0,62.0,60.0
839.0,504.0,72.0,67.0
838.0,504.0,73.0,68.0
836.0,503.0,76.0,71.0
837.0,503.0,75.0,69.0
832.0,502.0,76.0,71.0
833.0,501.0,76.0,71.0
833.0,501.0,76.0,71.0
833.0,501.0,76.0,71.0
833.0,501.0,76.0,70.0
832.0,499.0,77.0,72.0
832.0,498.0,77.0,72.0
831.0,497.0,78.0,73.0
831.0,497.0,78.0,73.0
830.0,496.0,80.0,74.0
829.0,494.0,81.0,76.0
828.0,493.0,83.0,77.0
828.0,492.0,84.0,78.0
829.0,492.0,84.0,78.0
829.0,492.0,84.0,78.0
830.0,492.0,84.0,78.0
830.0,491.0,84.0,79.0
831.0,490.0,85.0,79.0
831.0,488.0,85.0,79.0
832.0,486.0,85.0,79.0
835.0,498.0,92.0,67.0
838.0,498.0,90.0,65.0
834.0,495.0,95.0,69.0
833.0,493.0,97.0,70.0
833.0,488.0,97.0,71.0
833.0,487.0,97.0,71.0
833.0,487.0,97.0,71.0
834.0,485.0,97.0,71.0
835.0,483.0,97.0,70.0
836.0,481.0,96.0,70.0
837.0,477.0,97.0,70.0
837.0,476.0,97.0,70.0
837.0,476.0,97.0,70.0
838.0,474.0,97.0,70.0
838.0,472.0,97.0,70.0
838.0,470.0,96.0,70.0
839.0,467.0,97.0,71.0
838.0,465.0,98.0,71.0
838.0,465.0,98.0,71.0
838.0,463.0,98.0,72.0
837.0,461.0,99.0,72.0
837.0,459.0,100.0,73.0
839.0,457.0,98.0,71.0
842.0,457.0,95.0,69.0
842.0,457.0,95.0,69.0
844.0,456.0,92.0,67.0
844.0,455.0,91.0,66.0
845.0,453.0,90.0,66.0
846.0,451.0,90.0,65.0
846.0,449.0,89.0,65.0
846.0,449.0,89.0,65.0
847.0,447.0,89.0,65.0
847.0,446.0,89.0,65.0
848.0,445.0,89.0,65.0
848.0,442.0,90.0,65.0
849.0,441.0,89.0,65.0
849.0,441.0,89.0,65.0
850.0,441.0,88.0,64.0
850.0,440.0,88.0,64.0
850.0,440.0,89.0,65.0
849.0,437.0,91.0,66.0
849.0,436.0,92.0,67.0
849.0,436.0,92.0,67.0
847.0,435.0,95.0,69.0
845.0,433.0,97.0,71.0
844.0,432.0,99.0,72.0
843.0,430.0,100.0,73.0
842.0,430.0,100.0,73.0
842.0,430.0,100.0,73.0
841.0,429.0,101.0,73.0
841.0,428.0,101.0,74.0
840.0,427.0,102.0,75.0
836.0,426.0,106.0,77.0
834.0,425.0,106.0,77.0
834.0,425.0,106.0,77.0
833.0,424.0,106.0,77.0
832.0,424.0,105.0,77.0
838.0,425.0,112.0,67.0
836.0,424.0,111.0,67.0
835.0,423.0,111.0,67.0
835.0,423.0,111.0,66.0
834.0,422.0,111.0,66.0
832.0,421.0,113.0,68.0
832.0,421.0,112.0,67.0
828.0,420.0,111.0,66.0
828.0,420.0,109.0,65.0
828.0,420.0,109.0,65.0
826.0,420.0,108.0,65.0
825.0,419.0,108.0,64.0
824.0,419.0,108.0,64.0
820.0,417.0,109.0,65.0
818.0,418.0,109.0,65.0
818.0,418.0,109.0,65.0
815.0,418.0,109.0,65.0
814.0,418.0,107.0,64.0
812.0,418.0,105.0,63.0
808.0,418.0,104.0,62.0
806.0,418.0,104.0,62.0
806.0,418.0,104.0,62.0
804.0,418.0,105.0,63.0
801.0,418.0,106.0,63.0
798.0,419.0,105.0,63.0
793.0,420.0,103.0,61.0
790.0,421.0,102.0,61.0
790.0,421.0,102.0,61.0
788.0,421.0,102.0,61.0
785.0,421.0,101.0,61.0
782.0,422.0,101.0,61.0
777.0,423.0,101.0,61.0
774.0,423.0,102.0,61.0
774.0,423.0,102.0,61.0
772.0,424.0,101.0,60.0
769.0,424.0,101.0,60.0
766.0,425.0,101.0,60.0
761.0,427.0,99.0,59.0
759.0,427.0,100.0,60.0
759.0,427.0,100.0,60.0
757.0,428.0,100.0,60.0
755.0,429.0,100.0,60.0
753.0,430.0,101.0,60.0
749.0,432.0,100.0,60.0
747.0,433.0,100.0,60.0
747.0,433.0,100.0,60.0
745.0,434.0,100.0,60.0
743.0,435.0,100.0,60.0
741.0,437.0,99.0,59.0
737.0,439.0,99.0,59.0
736.0,440.0,99.0,59.0
736.0,440.0,99.0,59.0
734.0,440.0,100.0,60.0
733.0,440.0,100.0,60.0
732.0,440.0,101.0,60.0
729.0,440.0,103.0,62.0
727.0,440.0,104.0,62.0
727.0,440.0,104.0,62.0
726.0,441.0,105.0,63.0
724.0,442.0,105.0,63.0
723.0,443.0,105.0,63.0
720.0,444.0,106.0,64.0
720.0,444.0,106.0,63.0
720.0,444.0,106.0,63.0
718.0,445.0,106.0,63.0
718.0,446.0,105.0,63.0
717.0,447.0,105.0,63.0
715.0,449.0,105.0,63.0
714.0,449.0,105.0,63.0
714.0,449.0,105.0,63.0
712.0,450.0,105.0,63.0
711.0,451.0,105.0,63.0
710.0,451.0,104.0,62.0
709.0,451.0,103.0,61.0
711.0,451.0,99.0,59.0
711.0,451.0,99.0,59.0
713.0,452.0,96.0,57.0
714.0,452.0,93.0,56.0
716.0,453.0,89.0,53.0
721.0,453.0,83.0,50.0
724.0,454.0,81.0,48.0
724.0,454.0,81.0,48.0
726.0,454.0,78.0,47.0
727.0,455.0,77.0,46.0
728.0,456.0,76.0,45.0
730.0,457.0,75.0,45.0
731.0,457.0,75.0,45.0
731.0,457.0,75.0,45.0
733.0,457.0,74.0,44.0
728.0,450.0,93.0,70.0
730.0,451.0,93.0,70.0
733.0,452.0,93.0,70.0
734.0,453.0,93.0,70.0
734.0,453.0,94.0,70.0
736.0,454.0,92.0,69.0
737.0,455.0,91.0,69.0
738.0,455.0,90.0,68.0
740.0,456.0,91.0,68.0
741.0,457.0,91.0,69.0
741.0,457.0,91.0,69.0
742.0,457.0,91.0,69.0
743.0,458.0,92.0,69.0
744.0,458.0,92.0,69.0
745.0,459.0,91.0,69.0
746.0,460.0,91.0,69.0
746.0,460.0,91.0,69.0
746.0,460.0,91.0,69.0
746.0,460.0,91.0,69.0
746.0,460.0,91.0,69.0
747.0,460.0,91.0,69.0
747.0,460.0,92.0,69.0
747.0,460.0,92.0,69.0
747.0,460.0,92.0,69.0
747.0,459.0,92.0,69.0
747.0,459.0,93.0,70.0
749.0,460.0,93.0,70.0
750.0,461.0,92.0,69.0
750.0,461.0,92.0,69.0
750.0,462.0,91.0,69.0
751.0,463.0,90.0,68.0
751.0,464.0,89.0,67.0
751.0,459.0,95.0,72.0
750.0,458.0,97.0,73.0
750.0,458.0,97.0,73.0
750.0,456.0,99.0,74.0
750.0,455.0,99.0,75.0
739.0,455.0,95.0,75.0
739.0,455.0,93.0,73.0
739.0,455.0,92.0,72.0
739.0,455.0,93.0,73.0
738.0,455.0,93.0,74.0
737.0,454.0,93.0,74.0
736.0,453.0,94.0,75.0
734.0,451.0,97.0,76.0
733.0,450.0,96.0,76.0
733.0,450.0,96.0,76.0
733.0,450.0,95.0,75.0
733.0,451.0,94.0,74.0
733.0,451.0,93.0,73.0
733.0,451.0,91.0,72.0
733.0,451.0,91.0,72.0
733.0,451.0,91.0,72.0
732.0,451.0,91.0,72.0
731.0,451.0,91.0,72.0
730.0,450.0,91.0,72.0
728.0,449.0,92.0,73.0
727.0,449.0,92.0,73.0
727.0,449.0,92.0,73.0
726.0,449.0,92.0,73.0
726.0,450.0,92.0,73.0
726.0,450.0,91.0,72.0
724.0,451.0,92.0,72.0
723.0,451.0,92.0,72.0
723.0,451.0,92.0,72.0
722.0,452.0,91.0,72.0
722.0,452.0,91.0,72.0
721.0,452.0,92.0,72.0
719.0,453.0,92.0,73.0
719.0,454.0,92.0,72.0
719.0,454.0,92.0,72.0
719.0,455.0,91.0,72.0
719.0,456.0,90.0,71.0
719.0,457.0,89.0,71.0
718.0,459.0,90.0,71.0
717.0,459.0,90.0,71.0
717.0,459.0,90.0,71.0
714.0,459.0,91.0,72.0
711.0,461.0,91.0,71.0
709.0,462.0,89.0,71.0
705.0,465.0,88.0,70.0
703.0,466.0,101.0,65.0
703.0,466.0,101.0,65.0
702.0,467.0,100.0,65.0
699.0,468.0,102.0,65.0
698.0,469.0,102.0,66.0
706.0,473.0,88.0,57.0
704.0,474.0,89.0,57.0
704.0,474.0,89.0,57.0
708.0,475.0,83.0,54.0
713.0,478.0,75.0,48.0
713.0,478.0,75.0,48.0
714.0,481.0,71.0,46.0
712.0,482.0,74.0,47.0
712.0,482.0,73.0,47.0
709.0,480.0,76.0,49.0
708.0,483.0,75.0,48.0
694.0,494.0,99.0,56.0
694.0,498.0,97.0,55.0
693.0,500.0,97.0,55.0
693.0,500.0,97.0,55.0
693.0,501.0,98.0,55.0
691.0,502.0,100.0,56.0
690.0,504.0,99.0,56.0
689.0,507.0,98.0,55.0
689.0,508.0,97.0,55.0
689.0,493.0,99.0,70.0
689.0,494.0,100.0,70.0
689.0,496.0,98.0,69.0
689.0,497.0,98.0,69.0
687.0,500.0,99.0,70.0
687.0,501.0,100.0,71.0
687.0,501.0,100.0,71.0
685.0,503.0,101.0,71.0
685.0,504.0,102.0,72.0
684.0,506.0,101.0,71.0
683.0,510.0,100.0,71.0
683.0,511.0,99.0,70.0
683.0,511.0,99.0,70.0
683.0,512.0,99.0,70.0
682.0,513.0,99.0,70.0
682.0,513.0,99.0,70.0
680.0,515.0,100.0,70.0
680.0,516.0,100.0,71.0
680.0,516.0,100.0,71.0
679.0,517.0,99.0,70.0
679.0,518.0,100.0,70.0
678.0,519.0,99.0,70.0
677.0,522.0,96.0,68.0
677.0,523.0,93.0,66.0
677.0,523.0,93.0,66.0
677.0,524.0,91.0,64.0
677.0,524.0,90.0,63.0
676.0,525.0,87.0,62.0
675.0,525.0,85.0,60.0
675.0,525.0,84.0,59.0
675.0,525.0,84.0,59.0
674.0,525.0,83.0,59.0
674.0,525.0,83.0,58.0
673.0,525.0,82.0,58.0
670.0,523.0,86.0,61.0
669.0,523.0,85.0,60.0
669.0,523.0,85.0,60.0
669.0,524.0,82.0,58.0
669.0,524.0,79.0,56.0
669.0,525.0,77.0,54.0
673.0,525.0,71.0,50.0
674.0,523.0,69.0,49.0
674.0,523.0,69.0,49.0
676.0,523.0,67.0,47.0
680.0,520.0,63.0,44.0
684.0,521.0,56.0,40.0
677.0,513.0,62.0,43.0
679.0,512.0,61.0,42.0
679.0,512.0,60.0,42.0
679.0,509.0,65.0,45.0
681.0,508.0,65.0,45.0
681.0,507.0,67.0,46.0
681.0,505.0,68.0,47.0
682.0,504.0,68.0,47.0
682.0,504.0,68.0,47.0
683.0,502.0,67.0,46.0
0
0
0
0
0
0
0
0
0
0
0
0
0
0
0
0
0
0
0
0
0
0
0
0
0
0
0
0
0
0
0
0
0
0
0
700.0,476.0,50.0,69.0
701.0,476.0,51.0,70.0
702.0,476.0,51.0,70.0
707.0,481.0,47.0,69.0
708.0,482.0,46.0,67.0
708.0,482.0,46.0,68.0
710.0,483.0,45.0,65.0
712.0,483.0,45.0,66.0
714.0,482.0,46.0,68.0
719.0,480.0,49.0,72.0
722.0,479.0,50.0,73.0
722.0,479.0,50.0,73.0
725.0,480.0,50.0,73.0
729.0,480.0,49.0,73.0
733.0,481.0,48.0,70.0
739.0,483.0,46.0,68.0
741.0,483.0,46.0,67.0
741.0,483.0,46.0,67.0
744.0,482.0,46.0,67.0
746.0,482.0,45.0,67.0
733.0,481.0,60.0,67.0
738.0,481.0,61.0,68.0
732.0,480.0,62.0,64.0
732.0,480.0,62.0,64.0
733.0,479.0,64.0,66.0
734.0,479.0,64.0,66.0
733.0,480.0,65.0,67.0
734.0,480.0,66.0,68.0
735.0,479.0,67.0,69.0
735.0,480.0,67.0,61.0
736.0,479.0,68.0,62.0
737.0,479.0,68.0,62.0
737.0,477.0,70.0,64.0
739.0,478.0,66.0,60.0
739.0,477.0,66.0,60.0
739.0,477.0,66.0,60.0
739.0,477.0,66.0,60.0
739.0,477.0,66.0,60.0
739.0,477.0,67.0,61.0
740.0,475.0,67.0,61.0
741.0,474.0,68.0,62.0
741.0,475.0,68.0,62.0
742.0,473.0,69.0,63.0
742.0,474.0,67.0,61.0
741.0,474.0,64.0,58.0
741.0,474.0,63.0,58.0
741.0,473.0,64.0,59.0
741.0,473.0,64.0,59.0
0
0
0
0
0
0
0
0
0
0
0
0
0
0
0
0
0
0
0
0
0
0
0
0
0
0
0
0
0
0
0
759.0,451.0,84.0,59.0
760.0,451.0,82.0,58.0
764.0,452.0,76.0,53.0
759.0,452.0,85.0,60.0
759.0,452.0,85.0,60.0
758.0,452.0,85.0,59.0
757.0,451.0,86.0,60.0
756.0,451.0,87.0,61.0
754.0,451.0,91.0,64.0
754.0,451.0,90.0,63.0
754.0,451.0,90.0,63.0
755.0,451.0,87.0,61.0
756.0,452.0,85.0,60.0
757.0,452.0,83.0,59.0
758.0,453.0,80.0,56.0
752.0,454.0,84.0,59.0
752.0,454.0,84.0,59.0
753.0,454.0,83.0,58.0
752.0,454.0,85.0,60.0
754.0,454.0,84.0,59.0
757.0,454.0,81.0,57.0
759.0,455.0,78.0,55.0
759.0,455.0,78.0,55.0
760.0,456.0,76.0,53.0
762.0,457.0,48.0,50.0
763.0,450.0,41.0,62.0
765.0,453.0,44.0,65.0
775.0,457.0,35.0,55.0
772.0,457.0,45.0,54.0
771.0,450.0,48.0,64.0
778.0,449.0,37.0,62.0
783.0,454.0,35.0,56.0
785.0,456.0,38.0,45.0
787.0,453.0,33.0,40.0
787.0,453.0,33.0,38.0
791.0,455.0,33.0,38.0
791.0,455.0,36.0,37.0
