609.0,329.0,86.0,85.0
607.0,332.0,86.0,85.0
605.0,336.0,86.0,85.0
603.0,333.0,86.0,85.0
598.0,330.0,86.0,85.0
588.0,325.0,86.0,85.0
582.0,322.0,86.0,85.0
575.0,321.0,90.0,89.0
569.0,319.0,90.0,89.0
560.0,319.0,90.0,89.0
555.0,319.0,90.0,89.0
559.0,321.0,90.0,89.0
564.0,320.0,90.0,89.0
562.0,312.0,90.0,89.0
558.0,312.0,90.0,89.0
556.0,317.0,86.0,85.0
555.0,319.0,86.0,85.0
562.0,324.0,82.0,81.0
572.0,325.0,82.0,81.0
576.0,342.0,82.0,81.0
572.0,349.0,82.0,81.0
574.0,350.0,82.0,81.0
581.0,345.0,82.0,81.0
588.0,344.0,82.0,81.0
591.0,351.0,82.0,81.0
597.0,367.0,82.0,81.0
598.0,371.0,82.0,81.0
595.0,374.0,82.0,81.0
595.0,374.0,82.0,81.0
596.0,371.0,82.0,81.0
602.0,367.0,78.0,77.0
600.0,357.0,78.0,77.0
598.0,353.0,78.0,77.0
593.0,345.0,78.0,77.0
587.0,339.0,78.0,77.0
580.0,340.0,78.0,77.0
585.0,346.0,78.0,77.0
598.0,353.0,74.0,73.0
595.0,351.0,74.0,73.0
592.0,347.0,74.0,73.0
595.0,343.0,74.0,73.0
596.0,340.0,74.0,73.0
592.0,337.0,74.0,73.0
585.0,335.0,74.0,73.0
592.0,329.0,74.0,73.0
599.0,326.0,74.0,73.0
597.0,324.0,74.0,73.0
588.0,320.0,71.0,70.0
583.0,309.0,71.0,70.0
585.0,302.0,71.0,70.0
584.0,296.0,71.0,70.0
576.0,294.0,71.0,70.0
569.0,293.0,71.0,70.0
565.0,293.0,71.0,70.0
562.0,293.0,71.0,70.0
559.0,290.0,71.0,70.0
558.0,279.0,71.0,70.0
552.0,277.0,71.0,70.0
552.0,277.0,71.0,70.0
552.0,287.0,71.0,70.0
558.0,293.0,71.0,70.0
558.0,298.0,71.0,70.0
557.0,298.0,71.0,70.0
559.0,297.0,71.0,70.0
563.0,292.0,71.0,70.0
572.0,286.0,71.0,70.0
575.0,280.0,71.0,70.0
572.0,280.0,71.0,70.0
564.0,291.0,71.0,70.0
575.0,298.0,71.0,70.0
589.0,302.0,71.0,70.0
592.0,308.0,71.0,70.0
590.0,310.0,71.0,70.0
591.0,313.0,67.0,67.0
601.0,322.0,67.0,67.0
598.0,321.0,67.0,67.0
596.0,321.0,67.0,67.0
596.0,321.0,67.0,67.0
602.0,322.0,67.0,67.0
609.0,323.0,67.0,67.0
614.0,321.0,67.0,67.0
618.0,318.0,67.0,67.0
619.0,315.0,67.0,67.0
616.0,314.0,67.0,67.0
609.0,311.0,67.0,67.0
603.0,307.0,67.0,67.0
602.0,302.0,67.0,67.0
612.0,300.0,67.0,67.0
621.0,305.0,67.0,67.0
627.0,307.0,67.0,67.0
624.0,312.0,67.0,67.0
615.0,315.0,67.0,67.0
602.0,310.0,67.0,67.0
596.0,293.0,67.0,67.0
601.0,290.0,67.0,67.0
609.0,292.0,67.0,67.0
609.0,295.0,67.0,67.0
602.0,303.0,67.0,67.0
591.0,314.0,67.0,67.0
598.0,333.0,58.0,69.0
611.0,337.0,58.0,69.0
621.0,332.0,59.0,70.0
616.0,323.0,59.0,70.0
604.0,314.0,59.0,70.0
590.0,312.0,58.0,69.0
600.0,317.0,57.0,68.0
608.0,316.0,58.0,69.0
616.0,317.0,58.0,69.0
611.0,324.0,61.0,72.0
613.0,334.0,61.0,73.0
615.0,345.0,61.0,72.0
612.0,347.0,56.0,67.0
605.0,341.0,56.0,66.0
588.0,330.0,58.0,69.0
584.0,324.0,54.0,64.0
578.0,329.0,55.0,66.0
595.0,323.0,56.0,66.0
612.0,343.0,55.0,66.0
611.0,342.0,55.0,66.0
602.0,355.0,56.0,66.0
605.0,351.0,56.0,67.0
599.0,349.0,57.0,67.0
598.0,349.0,56.0,67.0
598.0,352.0,57.0,68.0
604.0,353.0,57.0,68.0
608.0,352.0,58.0,68.0
608.0,352.0,58.0,68.0
612.0,360.0,57.0,68.0
619.0,362.0,57.0,68.0
618.0,355.0,57.0,67.0
608.0,348.0,56.0,67.0
608.0,341.0,57.0,67.0
607.0,335.0,60.0,72.0
608.0,330.0,59.0,70.0
606.0,323.0,58.0,69.0
601.0,322.0,58.0,69.0
613.0,322.0,59.0,70.0
624.0,318.0,59.0,70.0
627.0,314.0,60.0,71.0
625.0,318.0,59.0,70.0
620.0,316.0,60.0,71.0
618.0,314.0,60.0,71.0
630.0,320.0,59.0,70.0
634.0,320.0,60.0,71.0
629.0,325.0,60.0,71.0
625.0,329.0,60.0,72.0
628.0,324.0,60.0,72.0
630.0,324.0,60.0,72.0
630.0,317.0,61.0,72.0
639.0,316.0,60.0,71.0
640.0,315.0,61.0,72.0
641.0,316.0,60.0,72.0
643.0,328.0,61.0,72.0
651.0,335.0,61.0,73.0
657.0,337.0,62.0,73.0
652.0,329.0,63.0,75.0
637.0,332.0,63.0,75.0
632.0,338.0,63.0,75.0
634.0,342.0,63.0,75.0
639.0,348.0,62.0,74.0
637.0,345.0,63.0,75.0
610.0,335.0,64.0,76.0
600.0,324.0,64.0,77.0
602.0,319.0,64.0,76.0
608.0,321.0,65.0,78.0
618.0,313.0,63.0,75.0
609.0,316.0,66.0,78.0
616.0,315.0,65.0,77.0
620.0,317.0,64.0,76.0
624.0,332.0,64.0,77.0
630.0,319.0,65.0,78.0
626.0,320.0,65.0,77.0
617.0,308.0,67.0,79.0
620.0,307.0,66.0,78.0
625.0,312.0,67.0,80.0
637.0,306.0,67.0,80.0
636.0,312.0,68.0,80.0
633.0,319.0,66.0,79.0
622.0,324.0,67.0,80.0
623.0,323.0,68.0,81.0
626.0,316.0,67.0,80.0
620.0,313.0,68.0,81.0
615.0,312.0,69.0,82.0
619.0,317.0,69.0,82.0
625.0,322.0,69.0,82.0
630.0,314.0,69.0,82.0
618.0,301.0,71.0,84.0
600.0,291.0,72.0,85.0
586.0,283.0,72.0,86.0
583.0,284.0,73.0,87.0
593.0,287.0,73.0,87.0
614.0,294.0,74.0,89.0
612.0,306.0,75.0,89.0
610.0,304.0,75.0,89.0
606.0,310.0,75.0,90.0
632.0,311.0,68.0,87.0
639.0,300.0,68.0,87.0
641.0,304.0,68.0,87.0
632.0,308.0,68.0,87.0
632.0,310.0,68.0,87.0
630.0,323.0,68.0,87.0
628.0,335.0,68.0,87.0
630.0,343.0,68.0,87.0
630.0,345.0,71.0,91.0
622.0,329.0,71.0,91.0
614.0,327.0,71.0,91.0
623.0,336.0,68.0,87.0
627.0,343.0,68.0,87.0
636.0,357.0,68.0,87.0
636.0,362.0,68.0,87.0
617.0,349.0,68.0,87.0
609.0,340.0,68.0,87.0
617.0,342.0,68.0,87.0
631.0,347.0,68.0,87.0
645.0,352.0,68.0,87.0
649.0,356.0,68.0,87.0
642.0,366.0,71.0,91.0
647.0,364.0,71.0,91.0
638.0,373.0,75.0,96.0
647.0,365.0,75.0,96.0
641.0,366.0,75.0,96.0
644.0,362.0,75.0,96.0
653.0,346.0,75.0,96.0
647.0,353.0,75.0,96.0
655.0,352.0,75.0,96.0
656.0,347.0,75.0,96.0
660.0,349.0,75.0,96.0
648.0,355.0,75.0,96.0
640.0,350.0,75.0,96.0
648.0,345.0,75.0,96.0
646.0,348.0,75.0,96.0
647.0,350.0,75.0,96.0
647.0,348.0,75.0,96.0
651.0,345.0,75.0,96.0
659.0,337.0,75.0,96.0
658.0,336.0,75.0,96.0
657.0,333.0,75.0,96.0
649.0,345.0,75.0,96.0
655.0,340.0,75.0,96.0
652.0,340.0,75.0,96.0
644.0,348.0,75.0,96.0
633.0,340.0,75.0,96.0
622.0,331.0,79.0,101.0
620.0,334.0,79.0,101.0
618.0,331.0,79.0,101.0
616.0,325.0,79.0,101.0
603.0,335.0,79.0,101.0
602.0,326.0,79.0,101.0
607.0,318.0,79.0,101.0
594.0,326.0,79.0,101.0
584.0,332.0,79.0,101.0
581.0,338.0,79.0,101.0
571.0,345.0,79.0,101.0
552.0,349.0,79.0,101.0
547.0,365.0,83.0,106.0
555.0,355.0,83.0,106.0
548.0,347.0,83.0,106.0
542.0,350.0,83.0,106.0
533.0,345.0,83.0,106.0
546.0,352.0,83.0,106.0
554.0,356.0,83.0,106.0
547.0,353.0,83.0,106.0
542.0,360.0,83.0,106.0
537.0,358.0,83.0,106.0
535.0,357.0,87.0,111.0
547.0,343.0,87.0,111.0
553.0,350.0,87.0,111.0
564.0,338.0,87.0,111.0
566.0,337.0,91.0,117.0
567.0,334.0,91.0,117.0
582.0,339.0,91.0,117.0
602.0,338.0,91.0,117.0
600.0,333.0,91.0,117.0
605.0,326.0,91.0,117.0
608.0,325.0,91.0,117.0
602.0,329.0,91.0,117.0
608.0,324.0,91.0,117.0
602.0,336.0,91.0,117.0
606.0,341.0,91.0,117.0
606.0,345.0,96.0,122.0
605.0,347.0,96.0,122.0
601.0,342.0,96.0,122.0
600.0,342.0,96.0,122.0
606.0,340.0,96.0,122.0
615.0,341.0,96.0,122.0
622.0,349.0,96.0,122.0
625.0,356.0,96.0,122.0
625.0,359.0,96.0,122.0
620.0,359.0,96.0,122.0
617.0,362.0,96.0,122.0
633.0,347.0,96.0,122.0
638.0,334.0,96.0,122.0
628.0,333.0,96.0,122.0
626.0,331.0,96.0,122.0
629.0,349.0,96.0,122.0
633.0,351.0,96.0,122.0
629.0,358.0,100.0,129.0
637.0,351.0,100.0,129.0
634.0,344.0,100.0,129.0
630.0,344.0,100.0,129.0
622.0,339.0,100.0,129.0
625.0,339.0,105.0,135.0
634.0,334.0,105.0,135.0
618.0,326.0,105.0,135.0
607.0,335.0,105.0,135.0
611.0,334.0,105.0,135.0
615.0,333.0,111.0,142.0
623.0,338.0,111.0,142.0
626.0,339.0,111.0,142.0
630.0,336.0,111.0,142.0
635.0,337.0,111.0,142.0
632.0,335.0,111.0,142.0
638.0,337.0,111.0,142.0
638.0,338.0,111.0,142.0
645.0,331.0,111.0,142.0
645.0,339.0,111.0,142.0
646.0,339.0,116.0,149.0
645.0,334.0,116.0,149.0
647.0,339.0,116.0,149.0
654.0,332.0,116.0,149.0
655.0,335.0,116.0,149.0
647.0,339.0,116.0,149.0
651.0,346.0,116.0,149.0
660.0,348.0,116.0,149.0
667.0,355.0,116.0,149.0
673.0,344.0,116.0,149.0
661.0,346.0,116.0,149.0
655.0,335.0,116.0,149.0
657.0,333.0,116.0,149.0
663.0,334.0,116.0,149.0
667.0,343.0,116.0,149.0
670.0,344.0,116.0,149.0
671.0,345.0,116.0,149.0
682.0,340.0,116.0,149.0
683.0,339.0,116.0,149.0
680.0,347.0,116.0,149.0
674.0,350.0,116.0,149.0
670.0,353.0,116.0,149.0
679.0,351.0,116.0,149.0
662.0,343.0,116.0,149.0
658.0,349.0,116.0,149.0
666.0,348.0,116.0,149.0
670.0,354.0,116.0,149.0
670.0,357.0,116.0,149.0
672.0,349.0,116.0,149.0
653.0,347.0,116.0,149.0
655.0,351.0,116.0,149.0
639.0,320.0,116.0,149.0
643.0,331.0,116.0,149.0
643.0,334.0,116.0,149.0
640.0,332.0,116.0,149.0
656.0,323.0,116.0,149.0
648.0,325.0,116.0,149.0
635.0,319.0,116.0,149.0
627.0,320.0,116.0,149.0
630.0,322.0,116.0,149.0
641.0,327.0,116.0,149.0
651.0,330.0,116.0,149.0
663.0,322.0,116.0,149.0
650.0,314.0,116.0,149.0
644.0,316.0,116.0,149.0
641.0,318.0,116.0,149.0
642.0,321.0,116.0,149.0
647.0,332.0,116.0,149.0
667.0,337.0,116.0,149.0
661.0,334.0,116.0,149.0
646.0,320.0,116.0,149.0
639.0,308.0,116.0,149.0
641.0,304.0,116.0,149.0
641.0,308.0,116.0,149.0
638.0,331.0,116.0,149.0
648.0,339.0,116.0,149.0
654.0,337.0,116.0,149.0
646.0,328.0,116.0,149.0
633.0,326.0,116.0,149.0
621.0,327.0,116.0,149.0
615.0,335.0,116.0,149.0
608.0,340.0,116.0,149.0
607.0,335.0,116.0,149.0
604.0,325.0,116.0,149.0
605.0,315.0,116.0,149.0
608.0,293.0,116.0,149.0
585.0,271.0,116.0,149.0
580.0,271.0,116.0,149.0
588.0,278.0,116.0,149.0
599.0,295.0,116.0,149.0
598.0,304.0,116.0,149.0
584.0,311.0,116.0,149.0
576.0,308.0,116.0,149.0
586.0,310.0,116.0,149.0
589.0,316.0,116.0,149.0
592.0,316.0,116.0,149.0
594.0,320.0,116.0,149.0
594.0,318.0,116.0,149.0
592.0,315.0,116.0,149.0
611.0,289.0,116.0,149.0
625.0,267.0,116.0,149.0
641.0,235.0,116.0,149.0
644.0,210.0,116.0,149.0
634.0,205.0,116.0,149.0
611.0,229.0,116.0,149.0
598.0,243.0,116.0,149.0
609.0,235.0,116.0,149.0
609.0,237.0,116.0,149.0
599.0,254.0,116.0,149.0
590.0,269.0,116.0,149.0
588.0,277.0,116.0,149.0
605.0,271.0,116.0,149.0
610.0,275.0,116.0,149.0
613.0,288.0,116.0,149.0
619.0,293.0,116.0,149.0
628.0,297.0,116.0,149.0
635.0,297.0,116.0,149.0
632.0,297.0,116.0,149.0
626.0,298.0,116.0,149.0
620.0,299.0,116.0,149.0
617.0,303.0,116.0,149.0
619.0,305.0,116.0,149.0
625.0,307.0,116.0,149.0
635.0,308.0,116.0,149.0
633.0,301.0,116.0,149.0
625.0,295.0,116.0,149.0
615.0,282.0,116.0,149.0
619.0,266.0,116.0,149.0
638.0,262.0,111.0,142.0
652.0,238.0,111.0,142.0
647.0,235.0,111.0,142.0
640.0,227.0,111.0,142.0
639.0,229.0,111.0,142.0
649.0,234.0,111.0,142.0
669.0,241.0,111.0,142.0
683.0,246.0,111.0,142.0
671.0,246.0,111.0,142.0
661.0,246.0,111.0,142.0
657.0,247.0,111.0,142.0
663.0,252.0,111.0,142.0
668.0,263.0,111.0,142.0
662.0,279.0,111.0,142.0
660.0,304.0,111.0,142.0
656.0,318.0,111.0,142.0
646.0,335.0,111.0,142.0
638.0,351.0,111.0,142.0
636.0,355.0,111.0,142.0
635.0,359.0,111.0,142.0
627.0,366.0,111.0,142.0
625.0,372.0,111.0,142.0
623.0,378.0,111.0,142.0
622.0,387.0,111.0,142.0
624.0,393.0,111.0,142.0
626.0,396.0,111.0,142.0
619.0,381.0,111.0,142.0
607.0,366.0,111.0,142.0
597.0,353.0,111.0,142.0
596.0,345.0,111.0,142.0
607.0,350.0,111.0,142.0
617.0,361.0,111.0,142.0
613.0,390.0,111.0,142.0
601.0,400.0,111.0,142.0
587.0,403.0,111.0,142.0
576.0,404.0,111.0,142.0
570.0,396.0,111.0,142.0
569.0,389.0,111.0,142.0
581.0,395.0,111.0,142.0
587.0,396.0,111.0,142.0
591.0,395.0,111.0,142.0
596.0,399.0,111.0,142.0
607.0,397.0,111.0,142.0
615.0,398.0,111.0,142.0
610.0,387.0,111.0,142.0
606.0,379.0,111.0,142.0
609.0,370.0,111.0,142.0
620.0,361.0,111.0,142.0
627.0,356.0,111.0,142.0
628.0,349.0,111.0,142.0
621.0,347.0,111.0,142.0
614.0,342.0,111.0,142.0
616.0,344.0,111.0,142.0
620.0,347.0,111.0,142.0
624.0,355.0,105.0,135.0
625.0,352.0,105.0,135.0
630.0,346.0,105.0,135.0
622.0,339.0,105.0,135.0
619.0,343.0,105.0,135.0
619.0,344.0,105.0,135.0
621.0,345.0,105.0,135.0
623.0,346.0,105.0,135.0
630.0,356.0,105.0,135.0
651.0,350.0,105.0,135.0
649.0,347.0,105.0,135.0
643.0,346.0,105.0,135.0
638.0,341.0,105.0,135.0
633.0,337.0,105.0,135.0
630.0,336.0,105.0,135.0
641.0,335.0,105.0,135.0
659.0,356.0,93.0,129.0
664.0,352.0,93.0,129.0
659.0,351.0,93.0,129.0
651.0,342.0,93.0,129.0
644.0,339.0,93.0,129.0
653.0,327.0,93.0,129.0
659.0,324.0,93.0,129.0
668.0,317.0,93.0,129.0
668.0,317.0,93.0,129.0
663.0,314.0,93.0,129.0
658.0,310.0,93.0,129.0
660.0,298.0,93.0,129.0
663.0,305.0,93.0,129.0
670.0,307.0,93.0,129.0
678.0,306.0,93.0,129.0
681.0,308.0,93.0,129.0
683.0,308.0,93.0,129.0
683.0,304.0,93.0,129.0
692.0,304.0,93.0,129.0
699.0,301.0,93.0,129.0
705.0,297.0,93.0,129.0
704.0,301.0,93.0,129.0
700.0,301.0,93.0,129.0
697.0,299.0,93.0,129.0
699.0,308.0,89.0,123.0
708.0,311.0,89.0,123.0
716.0,309.0,89.0,123.0
717.0,310.0,89.0,123.0
718.0,315.0,89.0,123.0
729.0,316.0,84.0,117.0
738.0,315.0,84.0,117.0
738.0,308.0,84.0,117.0
740.0,311.0,84.0,117.0
746.0,313.0,84.0,117.0
747.0,314.0,84.0,117.0
747.0,322.0,84.0,117.0
753.0,335.0,84.0,117.0
751.0,341.0,84.0,117.0
751.0,337.0,84.0,117.0
749.0,341.0,84.0,117.0
749.0,351.0,108.0,109.0
747.0,351.0,113.0,103.0
784.0,339.0,122.0,103.0
797.0,338.0,129.0,98.0
809.0,336.0,130.0,100.0
801.0,332.0,130.0,100.0
796.0,328.0,130.0,100.0
802.0,328.0,130.0,100.0
839.0,320.0,130.0,100.0
854.0,316.0,130.0,100.0
856.0,317.0,130.0,100.0
850.0,319.0,130.0,100.0
846.0,318.0,130.0,100.0
848.0,315.0,177.0,100.0
858.0,313.0,177.0,100.0
866.0,312.0,177.0,100.0
869.0,317.0,177.0,100.0
879.0,314.0,177.0,100.0
888.0,317.0,177.0,100.0
884.0,324.0,177.0,100.0
873.0,337.0,177.0,100.0
917.0,342.0,118.0,107.0
927.0,347.0,118.0,107.0
936.0,357.0,118.0,107.0
933.0,362.0,118.0,107.0
920.0,360.0,118.0,107.0
934.0,356.0,90.0,100.0
940.0,329.0,90.0,100.0
949.0,321.0,90.0,100.0
953.0,308.0,90.0,100.0
958.0,308.0,90.0,100.0
965.0,312.0,90.0,100.0
977.0,326.0,90.0,100.0
986.0,334.0,90.0,100.0
977.0,331.0,90.0,100.0
966.0,333.0,90.0,100.0
963.0,331.0,90.0,100.0
970.0,338.0,90.0,100.0
988.0,347.0,90.0,100.0
1004.0,358.0,90.0,100.0
999.0,361.0,74.0,99.0
981.0,356.0,74.0,99.0
974.0,356.0,74.0,99.0
979.0,348.0,74.0,99.0
985.0,346.0,74.0,99.0
987.0,333.0,74.0,99.0
994.0,328.0,78.0,104.0
1002.0,326.0,78.0,104.0
1007.0,321.0,78.0,104.0
1004.0,326.0,78.0,104.0
996.0,326.0,78.0,104.0
972.0,328.0,78.0,104.0
955.0,324.0,78.0,104.0
944.0,327.0,74.0,99.0
938.0,330.0,74.0,99.0
938.0,343.0,74.0,99.0
927.0,358.0,74.0,99.0
916.0,357.0,74.0,99.0
905.0,351.0,74.0,99.0
897.0,342.0,74.0,99.0
881.0,340.0,74.0,99.0
870.0,342.0,74.0,99.0
866.0,348.0,74.0,99.0
867.0,356.0,74.0,99.0
852.0,356.0,74.0,99.0
844.0,357.0,74.0,99.0
843.0,354.0,74.0,99.0
843.0,354.0,74.0,99.0
844.0,351.0,74.0,99.0
836.0,348.0,74.0,99.0
833.0,335.0,74.0,99.0
833.0,328.0,74.0,99.0
840.0,327.0,70.0,94.0
844.0,329.0,67.0,90.0
842.0,331.0,67.0,90.0
838.0,337.0,67.0,90.0
836.0,343.0,67.0,90.0
840.0,345.0,67.0,90.0
809.0,336.0,64.0,86.0
812.0,334.0,64.0,86.0
812.0,337.0,64.0,86.0
814.0,334.0,64.0,86.0
803.0,331.0,64.0,86.0
798.0,328.0,64.0,86.0
796.0,326.0,64.0,86.0
798.0,328.0,64.0,86.0
790.0,336.0,64.0,86.0
781.0,344.0,64.0,86.0
780.0,333.0,64.0,86.0
784.0,331.0,64.0,86.0
782.0,312.0,64.0,86.0
778.0,302.0,64.0,86.0
781.0,293.0,64.0,86.0
785.0,294.0,64.0,86.0
776.0,297.0,64.0,86.0
760.0,302.0,61.0,81.0
764.0,313.0,61.0,81.0
769.0,314.0,61.0,81.0
765.0,313.0,61.0,81.0
760.0,317.0,61.0,81.0
759.0,318.0,61.0,81.0
748.0,317.0,61.0,81.0
736.0,322.0,61.0,81.0
729.0,316.0,61.0,81.0
728.0,323.0,61.0,81.0
733.0,321.0,61.0,81.0
727.0,327.0,61.0,81.0
727.0,317.0,61.0,81.0
736.0,312.0,61.0,81.0
734.0,300.0,61.0,81.0
726.0,296.0,61.0,81.0
719.0,288.0,61.0,81.0
728.0,290.0,61.0,81.0
744.0,287.0,61.0,81.0
739.0,287.0,61.0,81.0
736.0,285.0,61.0,81.0
736.0,288.0,61.0,81.0
739.0,282.0,61.0,81.0
734.0,277.0,61.0,81.0
741.0,270.0,61.0,81.0
747.0,271.0,61.0,81.0
742.0,271.0,61.0,81.0
731.0,277.0,61.0,81.0
724.0,278.0,61.0,81.0
721.0,281.0,61.0,81.0
722.0,289.0,61.0,81.0
719.0,288.0,61.0,81.0
715.0,287.0,61.0,81.0
715.0,291.0,61.0,81.0
715.0,285.0,61.0,81.0
710.0,286.0,61.0,81.0
709.0,287.0,61.0,81.0
718.0,293.0,61.0,81.0
721.0,297.0,61.0,81.0
718.0,294.0,61.0,81.0
707.0,295.0,61.0,81.0
689.0,282.0,61.0,81.0
673.0,279.0,61.0,81.0
679.0,277.0,61.0,81.0
683.0,280.0,61.0,81.0
686.0,279.0,61.0,81.0
685.0,282.0,61.0,81.0
681.0,279.0,61.0,81.0
671.0,281.0,61.0,81.0
650.0,291.0,64.0,86.0
652.0,300.0,64.0,86.0
661.0,309.0,64.0,86.0
659.0,310.0,67.0,90.0
648.0,310.0,67.0,90.0
636.0,311.0,67.0,90.0
639.0,308.0,64.0,86.0
648.0,313.0,64.0,86.0
650.0,310.0,64.0,86.0
642.0,302.0,64.0,86.0
630.0,302.0,64.0,86.0
627.0,302.0,64.0,86.0
644.0,310.0,64.0,86.0
650.0,315.0,64.0,86.0
645.0,319.0,64.0,86.0
637.0,314.0,64.0,86.0
631.0,313.0,64.0,86.0
634.0,314.0,64.0,86.0
645.0,305.0,64.0,86.0
646.0,300.0,64.0,86.0
647.0,300.0,61.0,81.0
646.0,299.0,61.0,81.0
647.0,303.0,61.0,81.0
652.0,310.0,61.0,81.0
664.0,311.0,61.0,81.0
658.0,306.0,58.0,78.0
647.0,305.0,58.0,78.0
645.0,300.0,58.0,78.0
645.0,299.0,58.0,78.0
644.0,298.0,58.0,78.0
639.0,294.0,58.0,78.0
631.0,293.0,58.0,78.0
636.0,294.0,58.0,78.0
641.0,296.0,58.0,78.0
643.0,295.0,58.0,78.0
642.0,299.0,58.0,78.0
639.0,296.0,58.0,78.0
638.0,294.0,58.0,78.0
638.0,296.0,58.0,78.0
645.0,305.0,58.0,78.0
653.0,302.0,58.0,78.0
657.0,301.0,58.0,78.0
656.0,301.0,58.0,78.0
651.0,301.0,58.0,78.0
650.0,309.0,58.0,78.0
654.0,317.0,58.0,78.0
654.0,319.0,58.0,78.0
653.0,312.0,58.0,78.0
653.0,315.0,58.0,78.0
663.0,314.0,58.0,78.0
658.0,314.0,58.0,78.0
647.0,312.0,58.0,78.0
641.0,310.0,58.0,78.0
641.0,313.0,58.0,78.0
647.0,315.0,58.0,78.0
651.0,323.0,55.0,74.0
650.0,327.0,55.0,74.0
653.0,329.0,55.0,74.0
671.0,332.0,55.0,74.0
695.0,346.0,58.0,78.0
709.0,366.0,58.0,78.0
719.0,367.0,55.0,74.0
711.0,361.0,55.0,74.0
700.0,352.0,55.0,74.0
698.0,350.0,55.0,74.0
704.0,351.0,55.0,74.0
709.0,355.0,55.0,74.0
707.0,346.0,55.0,74.0
711.0,340.0,55.0,74.0
716.0,341.0,55.0,74.0
719.0,344.0,55.0,74.0
726.0,350.0,53.0,70.0
734.0,346.0,53.0,70.0
734.0,353.0,53.0,70.0
731.0,358.0,53.0,70.0
728.0,353.0,53.0,70.0
724.0,353.0,53.0,70.0
719.0,347.0,55.0,74.0
716.0,346.0,55.0,74.0
717.0,350.0,55.0,74.0
720.0,350.0,55.0,74.0
714.0,349.0,53.0,70.0
705.0,346.0,53.0,70.0
703.0,346.0,53.0,70.0
711.0,342.0,53.0,70.0
719.0,346.0,53.0,70.0
717.0,342.0,53.0,70.0
713.0,340.0,53.0,70.0
714.0,340.0,53.0,70.0
727.0,345.0,40.0,63.0
729.0,351.0,40.0,63.0
728.0,350.0,40.0,63.0
720.0,350.0,40.0,63.0
719.0,347.0,40.0,63.0
724.0,343.0,40.0,63.0
726.0,341.0,40.0,63.0
726.0,339.0,40.0,63.0
729.0,337.0,38.0,60.0
726.0,340.0,38.0,60.0
726.0,345.0,38.0,60.0
726.0,350.0,38.0,60.0
729.0,355.0,38.0,60.0
735.0,355.0,38.0,60.0
736.0,357.0,38.0,60.0
732.0,356.0,40.0,63.0
726.0,354.0,40.0,63.0
728.0,343.0,40.0,63.0
726.0,348.0,40.0,63.0
722.0,351.0,40.0,63.0
726.0,351.0,40.0,63.0
730.0,356.0,40.0,63.0
732.0,354.0,40.0,63.0
728.0,350.0,40.0,63.0
721.0,346.0,40.0,63.0
714.0,343.0,40.0,63.0
721.0,342.0,38.0,60.0
721.0,343.0,38.0,60.0
729.0,346.0,38.0,60.0
733.0,343.0,38.0,60.0
733.0,348.0,38.0,60.0
731.0,344.0,38.0,60.0
729.0,344.0,38.0,60.0
731.0,345.0,38.0,60.0
730.0,346.0,38.0,60.0
729.0,350.0,38.0,60.0
729.0,345.0,38.0,60.0
728.0,344.0,38.0,60.0
727.0,346.0,38.0,60.0
728.0,339.0,38.0,60.0
727.0,338.0,38.0,60.0
726.0,345.0,38.0,60.0
728.0,339.0,36.0,57.0
731.0,334.0,36.0,57.0
731.0,342.0,38.0,60.0
732.0,336.0,38.0,60.0
738.0,344.0,38.0,60.0
745.0,352.0,38.0,60.0
744.0,350.0,38.0,60.0
739.0,350.0,38.0,60.0
732.0,347.0,38.0,60.0
733.0,341.0,38.0,60.0
735.0,340.0,36.0,57.0
731.0,342.0,36.0,57.0
732.0,336.0,36.0,57.0
737.0,342.0,36.0,57.0
744.0,343.0,38.0,60.0
744.0,346.0,36.0,57.0
735.0,348.0,36.0,57.0
735.0,344.0,36.0,57.0
742.0,344.0,36.0,57.0
743.0,348.0,36.0,57.0
735.0,354.0,36.0,57.0
732.0,357.0,35.0,54.0
733.0,352.0,35.0,54.0
739.0,355.0,35.0,54.0
741.0,349.0,35.0,54.0
735.0,348.0,35.0,54.0
728.0,342.0,35.0,54.0
723.0,338.0,35.0,54.0
726.0,341.0,35.0,54.0
739.0,352.0,35.0,54.0
735.0,346.0,35.0,54.0
727.0,346.0,35.0,54.0
725.0,342.0,35.0,54.0
722.0,339.0,35.0,54.0
727.0,340.0,35.0,54.0
736.0,349.0,35.0,54.0
740.0,351.0,33.0,52.0
740.0,347.0,33.0,52.0
735.0,352.0,33.0,52.0
734.0,343.0,35.0,54.0
738.0,339.0,33.0,52.0
751.0,339.0,33.0,52.0
755.0,345.0,33.0,52.0
752.0,348.0,33.0,52.0
746.0,344.0,33.0,52.0
738.0,341.0,35.0,54.0
736.0,344.0,35.0,54.0
737.0,356.0,35.0,54.0
736.0,354.0,35.0,54.0
731.0,353.0,35.0,54.0
725.0,351.0,33.0,52.0
720.0,343.0,33.0,52.0
718.0,343.0,33.0,52.0
728.0,349.0,33.0,52.0
742.0,354.0,33.0,52.0
739.0,355.0,33.0,52.0
734.0,355.0,33.0,52.0
732.0,351.0,33.0,52.0
732.0,344.0,33.0,52.0
733.0,342.0,33.0,52.0
741.0,359.0,33.0,52.0
741.0,369.0,33.0,52.0
733.0,371.0,33.0,52.0
731.0,373.0,31.0,49.0
731.0,373.0,30.0,47.0
734.0,366.0,30.0,47.0
734.0,360.0,30.0,47.0
739.0,361.0,30.0,47.0
738.0,358.0,30.0,47.0
735.0,361.0,30.0,47.0
732.0,361.0,30.0,47.0
732.0,357.0,30.0,47.0
729.0,352.0,30.0,47.0
729.0,350.0,30.0,47.0
734.0,352.0,30.0,47.0
734.0,346.0,30.0,47.0
732.0,343.0,31.0,49.0
730.0,341.0,31.0,49.0
735.0,339.0,30.0,47.0
737.0,337.0,30.0,47.0
741.0,341.0,30.0,47.0
743.0,348.0,30.0,47.0
750.0,349.0,30.0,47.0
753.0,347.0,30.0,47.0
740.0,341.0,30.0,47.0
734.0,339.0,30.0,47.0
737.0,347.0,30.0,47.0
743.0,350.0,30.0,47.0
746.0,355.0,30.0,47.0
740.0,350.0,30.0,47.0
733.0,338.0,30.0,47.0
721.0,322.0,30.0,47.0
725.0,324.0,30.0,47.0
729.0,324.0,30.0,47.0
737.0,325.0,30.0,47.0
741.0,329.0,30.0,47.0
742.0,326.0,30.0,47.0
737.0,324.0,30.0,47.0
733.0,326.0,30.0,47.0
732.0,329.0,30.0,47.0
733.0,331.0,30.0,47.0
732.0,338.0,30.0,42.0
733.0,338.0,30.0,42.0
718.0,327.0,31.0,44.0
715.0,326.0,31.0,44.0
718.0,323.0,31.0,44.0
720.0,326.0,31.0,44.0
721.0,330.0,31.0,44.0
723.0,330.0,31.0,44.0
728.0,340.0,31.0,44.0
724.0,340.0,31.0,44.0
717.0,339.0,31.0,44.0
716.0,337.0,31.0,44.0
717.0,341.0,31.0,44.0
719.0,347.0,31.0,44.0
717.0,343.0,31.0,44.0
711.0,342.0,31.0,44.0
709.0,336.0,31.0,44.0
711.0,332.0,31.0,44.0
714.0,335.0,31.0,44.0
715.0,338.0,31.0,44.0
712.0,332.0,31.0,44.0
711.0,337.0,31.0,44.0
715.0,334.0,31.0,44.0
710.0,340.0,31.0,44.0
710.0,339.0,31.0,44.0
710.0,338.0,31.0,44.0
701.0,324.0,31.0,44.0
698.0,324.0,31.0,44.0
703.0,324.0,30.0,42.0
709.0,326.0,29.0,40.0
705.0,326.0,29.0,40.0
706.0,326.0,29.0,40.0
704.0,320.0,29.0,40.0
702.0,315.0,29.0,40.0
702.0,317.0,29.0,40.0
705.0,322.0,27.0,38.0
705.0,330.0,26.0,36.0
707.0,332.0,26.0,36.0
703.0,336.0,26.0,36.0
691.0,321.0,26.0,36.0
688.0,320.0,26.0,36.0
708.0,324.0,26.0,36.0
703.0,324.0,26.0,36.0
693.0,323.0,26.0,36.0
696.0,322.0,26.0,36.0
704.0,331.0,26.0,36.0
702.0,332.0,26.0,36.0
695.0,322.0,26.0,36.0
690.0,316.0,26.0,36.0
689.0,319.0,26.0,36.0
697.0,322.0,26.0,36.0
699.0,326.0,26.0,36.0
690.0,323.0,26.0,36.0
684.0,320.0,26.0,36.0
682.0,318.0,26.0,36.0
684.0,322.0,26.0,36.0
693.0,321.0,26.0,36.0
691.0,316.0,26.0,36.0
687.0,312.0,25.0,35.0
688.0,314.0,25.0,35.0
694.0,315.0,25.0,35.0
698.0,321.0,25.0,35.0
696.0,323.0,25.0,35.0
691.0,314.0,25.0,35.0
686.0,315.0,25.0,35.0
686.0,316.0,25.0,35.0
688.0,316.0,25.0,35.0
685.0,318.0,25.0,35.0
680.0,316.0,25.0,35.0
675.0,317.0,25.0,35.0
682.0,318.0,24.0,33.0
687.0,323.0,24.0,33.0
686.0,324.0,24.0,33.0
684.0,320.0,22.0,31.0
682.0,319.0,22.0,31.0
684.0,323.0,22.0,31.0
693.0,332.0,22.0,31.0
691.0,331.0,22.0,31.0
686.0,321.0,22.0,31.0
677.0,315.0,24.0,33.0
671.0,315.0,25.0,35.0
673.0,315.0,24.0,33.0
682.0,325.0,25.0,35.0
685.0,324.0,25.0,35.0
681.0,325.0,25.0,35.0
671.0,327.0,25.0,35.0
665.0,330.0,25.0,35.0
663.0,329.0,25.0,35.0
663.0,332.0,25.0,35.0
663.0,328.0,25.0,35.0
661.0,329.0,24.0,33.0
659.0,317.0,24.0,33.0
655.0,313.0,24.0,33.0
654.0,311.0,24.0,33.0
662.0,318.0,24.0,33.0
666.0,330.0,24.0,33.0
665.0,336.0,24.0,33.0
666.0,329.0,24.0,33.0
663.0,329.0,24.0,33.0
658.0,327.0,24.0,33.0
647.0,330.0,24.0,33.0
649.0,332.0,24.0,33.0
651.0,333.0,24.0,33.0
651.0,336.0,24.0,33.0
649.0,330.0,24.0,33.0
646.0,332.0,24.0,33.0
640.0,326.0,24.0,33.0
632.0,316.0,24.0,33.0
637.0,309.0,24.0,33.0
640.0,303.0,24.0,33.0
650.0,302.0,24.0,33.0
649.0,293.0,24.0,33.0
646.0,292.0,24.0,33.0
649.0,299.0,24.0,33.0
654.0,302.0,24.0,33.0
655.0,307.0,24.0,33.0
649.0,304.0,24.0,33.0
645.0,307.0,24.0,33.0
647.0,310.0,24.0,33.0
654.0,320.0,24.0,33.0
642.0,326.0,25.0,35.0
634.0,329.0,25.0,35.0
641.0,328.0,25.0,35.0
645.0,338.0,25.0,35.0
657.0,323.0,26.0,36.0
648.0,324.0,26.0,36.0
641.0,326.0,26.0,36.0
645.0,326.0,26.0,36.0
657.0,341.0,27.0,38.0
665.0,343.0,27.0,38.0
662.0,344.0,27.0,38.0
647.0,335.0,27.0,38.0
652.0,329.0,26.0,36.0
652.0,323.0,26.0,36.0
652.0,326.0,26.0,36.0
656.0,336.0,26.0,36.0
666.0,339.0,26.0,36.0
671.0,336.0,26.0,36.0
660.0,336.0,26.0,36.0
651.0,332.0,26.0,36.0
651.0,329.0,26.0,36.0
656.0,326.0,26.0,36.0
667.0,331.0,26.0,36.0
682.0,325.0,26.0,36.0
675.0,329.0,26.0,36.0
677.0,324.0,26.0,36.0
679.0,313.0,26.0,36.0
679.0,326.0,27.0,38.0
684.0,329.0,27.0,38.0
683.0,356.0,27.0,38.0
689.0,358.0,27.0,38.0
692.0,336.0,27.0,38.0
676.0,336.0,27.0,38.0
672.0,325.0,26.0,36.0
670.0,334.0,26.0,36.0
685.0,334.0,26.0,36.0
714.0,339.0,26.0,36.0
715.0,344.0,25.0,35.0
703.0,334.0,26.0,36.0
695.0,331.0,26.0,36.0
696.0,329.0,26.0,36.0
705.0,343.0,27.0,38.0
709.0,344.0,27.0,38.0
710.0,339.0,27.0,38.0
717.0,339.0,27.0,38.0
722.0,331.0,27.0,38.0
727.0,327.0,26.0,36.0
727.0,333.0,26.0,36.0
737.0,337.0,26.0,36.0
740.0,340.0,26.0,36.0
734.0,338.0,26.0,36.0
729.0,334.0,26.0,36.0
728.0,333.0,25.0,35.0
738.0,331.0,25.0,35.0
743.0,340.0,25.0,35.0
743.0,350.0,25.0,35.0
742.0,354.0,25.0,35.0
744.0,351.0,25.0,35.0
733.0,358.0,25.0,35.0
732.0,350.0,25.0,35.0
740.0,355.0,25.0,35.0
744.0,351.0,25.0,35.0
739.0,357.0,25.0,35.0
731.0,352.0,25.0,35.0
725.0,361.0,25.0,35.0
722.0,369.0,25.0,35.0
711.0,379.0,25.0,35.0
707.0,387.0,25.0,35.0
705.0,379.0,25.0,35.0
703.0,371.0,25.0,35.0
700.0,362.0,25.0,35.0
710.0,357.0,25.0,35.0
722.0,352.0,24.0,33.0
696.0,344.0,28.0,34.0
699.0,347.0,27.0,32.0
707.0,358.0,27.0,32.0
713.0,375.0,28.0,34.0
711.0,362.0,28.0,34.0
696.0,366.0,28.0,34.0
676.0,378.0,30.0,34.0
685.0,385.0,31.0,36.0
695.0,390.0,31.0,36.0
702.0,388.0,23.0,31.0
700.0,398.0,23.0,31.0
700.0,395.0,23.0,31.0
719.0,369.0,25.0,31.0
727.0,354.0,27.0,32.0
720.0,347.0,28.0,34.0
711.0,355.0,28.0,34.0
702.0,367.0,28.0,34.0
710.0,378.0,29.0,36.0
728.0,394.0,32.0,34.0
710.0,395.0,32.0,34.0
695.0,390.0,34.0,36.0
695.0,380.0,34.0,36.0
704.0,376.0,34.0,36.0
709.0,370.0,34.0,36.0
703.0,366.0,34.0,36.0
712.0,372.0,34.0,36.0
720.0,365.0,34.0,36.0
720.0,365.0,34.0,36.0
709.0,359.0,34.0,36.0
695.0,364.0,34.0,36.0
697.0,355.0,34.0,36.0
724.0,372.0,34.0,36.0
721.0,370.0,34.0,36.0
708.0,367.0,34.0,36.0
698.0,370.0,34.0,36.0
704.0,367.0,34.0,36.0
710.0,369.0,34.0,36.0
702.0,363.0,34.0,36.0
692.0,356.0,34.0,36.0
684.0,349.0,34.0,36.0
685.0,351.0,34.0,36.0
692.0,347.0,34.0,36.0
701.0,349.0,34.0,36.0
694.0,354.0,34.0,36.0
681.0,353.0,34.0,36.0
675.0,351.0,34.0,36.0
685.0,346.0,34.0,36.0
705.0,358.0,35.0,37.0
729.0,353.0,35.0,37.0
716.0,334.0,35.0,37.0
688.0,330.0,37.0,39.0
678.0,315.0,37.0,39.0
699.0,321.0,35.0,37.0
715.0,340.0,35.0,37.0
714.0,341.0,35.0,37.0
661.0,346.0,32.0,34.0
669.0,347.0,32.0,34.0
688.0,353.0,32.0,34.0
699.0,348.0,32.0,34.0
687.0,344.0,34.0,36.0
674.0,341.0,34.0,36.0
693.0,335.0,34.0,36.0
702.0,342.0,34.0,36.0
706.0,339.0,34.0,36.0
704.0,327.0,34.0,36.0
698.0,322.0,34.0,36.0
684.0,324.0,35.0,37.0
694.0,321.0,35.0,37.0
705.0,303.0,35.0,37.0
707.0,294.0,35.0,37.0
701.0,279.0,35.0,37.0
701.0,272.0,35.0,37.0
707.0,283.0,34.0,36.0
715.0,288.0,32.0,34.0
717.0,311.0,34.0,36.0
716.0,315.0,35.0,37.0
716.0,313.0,35.0,37.0
714.0,304.0,35.0,37.0
712.0,297.0,34.0,36.0
711.0,295.0,34.0,36.0
722.0,297.0,34.0,36.0
725.0,304.0,34.0,36.0
723.0,310.0,34.0,36.0
732.0,310.0,34.0,36.0
740.0,308.0,34.0,36.0
733.0,310.0,34.0,36.0
721.0,312.0,34.0,36.0
722.0,315.0,34.0,36.0
723.0,322.0,34.0,36.0
720.0,323.0,34.0,36.0
713.0,328.0,34.0,36.0
714.0,331.0,32.0,34.0
705.0,336.0,32.0,34.0
690.0,333.0,32.0,34.0
689.0,327.0,32.0,34.0
697.0,333.0,32.0,34.0
707.0,333.0,30.0,32.0
705.0,335.0,30.0,32.0
705.0,335.0,30.0,32.0
705.0,329.0,30.0,32.0
704.0,329.0,30.0,32.0
705.0,327.0,30.0,32.0
711.0,324.0,30.0,32.0
711.0,324.0,30.0,32.0
711.0,332.0,30.0,32.0
713.0,336.0,30.0,32.0
714.0,336.0,30.0,32.0
711.0,342.0,30.0,32.0
709.0,341.0,30.0,32.0
709.0,347.0,30.0,32.0
708.0,344.0,30.0,32.0
697.0,339.0,30.0,32.0
694.0,337.0,30.0,32.0
692.0,329.0,30.0,32.0
688.0,319.0,30.0,32.0
682.0,319.0,30.0,32.0
689.0,326.0,30.0,32.0
710.0,331.0,29.0,31.0
705.0,337.0,29.0,31.0
692.0,335.0,29.0,31.0
689.0,331.0,29.0,31.0
694.0,332.0,29.0,31.0
699.0,337.0,29.0,31.0
698.0,341.0,29.0,31.0
698.0,344.0,29.0,31.0
700.0,341.0,29.0,31.0
698.0,338.0,29.0,31.0
694.0,347.0,29.0,31.0
692.0,343.0,29.0,31.0
691.0,347.0,29.0,31.0
697.0,350.0,29.0,31.0
700.0,340.0,29.0,31.0
697.0,343.0,29.0,31.0
693.0,330.0,29.0,31.0
699.0,329.0,29.0,31.0
704.0,332.0,29.0,31.0
703.0,333.0,29.0,31.0
708.0,333.0,29.0,31.0
715.0,330.0,29.0,31.0
728.0,334.0,29.0,31.0
731.0,342.0,29.0,31.0
720.0,345.0,29.0,31.0
719.0,343.0,29.0,31.0
719.0,339.0,29.0,31.0
713.0,338.0,29.0,31.0
708.0,335.0,29.0,31.0
718.0,334.0,29.0,31.0
726.0,329.0,29.0,31.0
721.0,325.0,29.0,31.0
716.0,324.0,29.0,31.0
720.0,325.0,29.0,31.0
724.0,331.0,29.0,31.0
716.0,331.0,29.0,31.0
712.0,330.0,29.0,31.0
719.0,331.0,29.0,31.0
719.0,324.0,29.0,31.0
720.0,320.0,29.0,31.0
723.0,320.0,29.0,31.0
719.0,316.0,29.0,31.0
721.0,319.0,29.0,31.0
731.0,330.0,29.0,31.0
730.0,329.0,29.0,31.0
728.0,334.0,29.0,31.0
731.0,337.0,29.0,31.0
732.0,340.0,29.0,31.0
719.0,333.0,30.0,32.0
710.0,325.0,32.0,34.0
718.0,317.0,32.0,34.0
724.0,323.0,32.0,34.0
720.0,328.0,32.0,34.0
715.0,326.0,32.0,34.0
715.0,332.0,32.0,34.0
719.0,333.0,32.0,34.0
716.0,335.0,32.0,34.0
707.0,335.0,32.0,34.0
712.0,338.0,32.0,34.0
719.0,339.0,30.0,32.0
722.0,325.0,30.0,32.0
719.0,307.0,30.0,32.0
718.0,312.0,30.0,32.0
726.0,302.0,30.0,32.0
721.0,305.0,30.0,32.0
719.0,308.0,30.0,32.0
719.0,316.0,30.0,32.0
727.0,332.0,30.0,32.0
719.0,332.0,29.0,31.0
697.0,330.0,28.0,29.0
705.0,325.0,26.0,28.0
690.0,329.0,26.0,28.0
710.0,343.0,26.0,28.0
726.0,338.0,28.0,29.0
706.0,332.0,28.0,29.0
693.0,329.0,28.0,29.0
698.0,321.0,28.0,29.0
705.0,327.0,28.0,29.0
715.0,334.0,28.0,29.0
716.0,338.0,26.0,28.0
713.0,337.0,26.0,28.0
713.0,336.0,26.0,28.0
715.0,332.0,26.0,28.0
715.0,334.0,26.0,28.0
717.0,336.0,26.0,28.0
716.0,327.0,26.0,28.0
699.0,320.0,28.0,29.0
702.0,320.0,28.0,29.0
706.0,327.0,28.0,29.0
713.0,326.0,28.0,29.0
715.0,321.0,28.0,29.0
713.0,323.0,28.0,29.0
715.0,311.0,28.0,29.0
715.0,323.0,28.0,29.0
714.0,316.0,28.0,29.0
711.0,325.0,28.0,29.0
713.0,325.0,28.0,29.0
725.0,329.0,28.0,29.0
716.0,323.0,28.0,29.0
704.0,324.0,28.0,29.0
701.0,327.0,28.0,29.0
714.0,328.0,28.0,29.0
720.0,325.0,28.0,29.0
717.0,322.0,28.0,29.0
697.0,319.0,28.0,29.0
696.0,316.0,28.0,29.0
707.0,325.0,28.0,29.0
716.0,334.0,28.0,29.0
721.0,338.0,28.0,29.0
714.0,336.0,28.0,29.0
707.0,321.0,28.0,29.0
712.0,308.0,28.0,29.0
723.0,306.0,28.0,29.0
731.0,302.0,28.0,29.0
732.0,302.0,28.0,29.0
728.0,314.0,28.0,29.0
731.0,311.0,28.0,29.0
722.0,331.0,28.0,29.0
721.0,328.0,28.0,29.0
724.0,337.0,28.0,29.0
727.0,338.0,28.0,29.0
725.0,332.0,28.0,29.0
710.0,327.0,29.0,31.0
687.0,317.0,29.0,31.0
688.0,314.0,29.0,31.0
695.0,320.0,29.0,31.0
703.0,326.0,29.0,31.0
711.0,323.0,29.0,31.0
714.0,325.0,29.0,31.0
718.0,313.0,29.0,31.0
719.0,312.0,29.0,31.0
715.0,326.0,29.0,31.0
715.0,329.0,29.0,31.0
710.0,344.0,29.0,31.0
710.0,344.0,29.0,31.0
708.0,336.0,29.0,31.0
704.0,339.0,29.0,31.0
714.0,333.0,29.0,31.0
731.0,334.0,29.0,31.0
736.0,336.0,29.0,31.0
726.0,333.0,29.0,31.0
715.0,338.0,29.0,31.0
718.0,345.0,29.0,31.0
717.0,346.0,29.0,31.0
705.0,348.0,29.0,31.0
693.0,343.0,29.0,31.0
688.0,330.0,30.0,32.0
677.0,311.0,32.0,34.0
676.0,309.0,32.0,34.0
681.0,312.0,32.0,34.0
695.0,318.0,32.0,34.0
709.0,328.0,32.0,34.0
717.0,329.0,32.0,34.0
723.0,323.0,32.0,34.0
715.0,331.0,30.0,32.0
717.0,341.0,30.0,32.0
728.0,345.0,29.0,31.0
743.0,333.0,29.0,31.0
734.0,333.0,29.0,31.0
716.0,315.0,29.0,31.0
713.0,328.0,29.0,31.0
733.0,328.0,29.0,31.0
736.0,335.0,29.0,31.0
730.0,334.0,29.0,31.0
724.0,333.0,29.0,31.0
720.0,337.0,29.0,31.0
731.0,348.0,29.0,31.0
739.0,361.0,29.0,31.0
738.0,356.0,29.0,31.0
733.0,354.0,29.0,31.0
734.0,357.0,29.0,31.0
744.0,351.0,29.0,31.0
738.0,364.0,29.0,31.0
725.0,374.0,30.0,32.0
741.0,374.0,30.0,32.0
758.0,369.0,32.0,34.0
767.0,364.0,32.0,34.0
751.0,353.0,32.0,34.0
729.0,338.0,32.0,34.0
743.0,337.0,32.0,34.0
757.0,337.0,32.0,34.0
756.0,337.0,32.0,34.0
736.0,331.0,34.0,36.0
718.0,323.0,34.0,36.0
709.0,323.0,34.0,36.0
700.0,326.0,34.0,36.0
689.0,316.0,25.0,28.0
678.0,307.0,25.0,28.0
674.0,305.0,25.0,28.0
677.0,299.0,24.0,27.0
676.0,303.0,24.0,27.0
663.0,310.0,23.0,25.0
668.0,317.0,24.0,27.0
681.0,322.0,24.0,27.0
682.0,321.0,25.0,28.0
669.0,315.0,25.0,28.0
652.0,313.0,25.0,28.0
664.0,313.0,24.0,27.0
676.0,311.0,24.0,27.0
682.0,303.0,24.0,27.0
671.0,283.0,25.0,28.0
655.0,271.0,25.0,28.0
649.0,261.0,25.0,28.0
665.0,266.0,26.0,29.0
663.0,275.0,28.0,31.0
657.0,282.0,28.0,31.0
647.0,280.0,28.0,31.0
636.0,283.0,28.0,31.0
632.0,283.0,28.0,31.0
642.0,279.0,29.0,32.0
642.0,282.0,28.0,31.0
642.0,284.0,28.0,31.0
644.0,287.0,26.0,29.0
652.0,295.0,26.0,29.0
660.0,296.0,26.0,29.0
663.0,307.0,26.0,29.0
664.0,306.0,25.0,28.0
656.0,307.0,25.0,28.0
650.0,303.0,24.0,27.0
642.0,310.0,23.0,25.0
624.0,311.0,23.0,25.0
615.0,326.0,23.0,25.0
621.0,329.0,24.0,27.0
623.0,327.0,24.0,27.0
621.0,322.0,24.0,27.0
620.0,319.0,24.0,27.0
624.0,308.0,24.0,27.0
629.0,304.0,24.0,27.0
637.0,305.0,24.0,27.0
644.0,302.0,24.0,27.0
647.0,298.0,24.0,27.0
643.0,292.0,25.0,28.0
639.0,277.0,26.0,29.0
639.0,271.0,26.0,29.0
639.0,252.0,26.0,29.0
634.0,254.0,25.0,28.0
634.0,264.0,26.0,29.0
647.0,269.0,26.0,29.0
650.0,285.0,26.0,29.0
649.0,305.0,26.0,29.0
646.0,320.0,26.0,29.0
643.0,296.0,28.0,31.0
636.0,292.0,28.0,31.0
628.0,282.0,28.0,31.0
635.0,271.0,28.0,31.0
652.0,281.0,29.0,32.0
642.0,260.0,30.0,34.0
629.0,261.0,30.0,34.0
622.0,265.0,30.0,34.0
636.0,274.0,30.0,34.0
652.0,273.0,30.0,34.0
655.0,283.0,30.0,34.0
663.0,295.0,30.0,34.0
667.0,300.0,30.0,34.0
676.0,294.0,30.0,34.0
689.0,302.0,30.0,34.0
682.0,298.0,29.0,32.0
671.0,298.0,28.0,31.0
667.0,287.0,28.0,31.0
684.0,302.0,28.0,31.0
703.0,316.0,26.0,29.0
698.0,314.0,26.0,29.0
683.0,319.0,25.0,28.0
665.0,314.0,25.0,28.0
674.0,315.0,26.0,29.0
681.0,324.0,26.0,29.0
675.0,317.0,23.0,22.0
678.0,322.0,23.0,22.0
676.0,324.0,24.0,23.0
681.0,322.0,24.0,23.0
681.0,323.0,24.0,23.0
685.0,308.0,25.0,24.0
685.0,297.0,25.0,24.0
678.0,304.0,25.0,24.0
657.0,301.0,25.0,24.0
666.0,308.0,27.0,25.0
674.0,298.0,25.0,24.0
680.0,301.0,27.0,25.0
680.0,311.0,27.0,25.0
681.0,301.0,25.0,24.0
685.0,300.0,25.0,24.0
683.0,295.0,25.0,24.0
685.0,293.0,25.0,24.0
679.0,310.0,25.0,24.0
681.0,323.0,24.0,23.0
691.0,321.0,24.0,23.0
704.0,307.0,25.0,24.0
692.0,296.0,25.0,24.0
700.0,303.0,24.0,23.0
721.0,311.0,24.0,23.0
704.0,313.0,24.0,23.0
695.0,309.0,24.0,23.0
694.0,311.0,24.0,23.0
702.0,301.0,25.0,24.0
707.0,312.0,25.0,24.0
710.0,312.0,25.0,24.0
697.0,300.0,25.0,24.0
691.0,310.0,25.0,24.0
692.0,314.0,24.0,23.0
692.0,311.0,23.0,22.0
694.0,309.0,23.0,22.0
686.0,298.0,24.0,23.0
693.0,275.0,24.0,23.0
703.0,272.0,24.0,23.0
700.0,273.0,23.0,22.0
686.0,276.0,24.0,23.0
681.0,282.0,24.0,23.0
676.0,294.0,24.0,23.0
689.0,305.0,24.0,23.0
695.0,291.0,25.0,24.0
685.0,273.0,25.0,24.0
678.0,277.0,25.0,24.0
683.0,273.0,25.0,24.0
688.0,283.0,25.0,24.0
701.0,278.0,25.0,24.0
715.0,275.0,25.0,24.0
739.0,261.0,25.0,24.0
744.0,245.0,27.0,25.0
747.0,236.0,27.0,25.0
735.0,246.0,27.0,25.0
725.0,272.0,21.0,23.0
726.0,280.0,28.0,27.0
724.0,284.0,28.0,27.0
719.0,280.0,28.0,27.0
718.0,280.0,22.0,26.0
714.0,269.0,19.0,28.0
693.0,243.0,19.0,28.0
680.0,250.0,19.0,28.0
677.0,247.0,19.0,28.0
684.0,243.0,20.0,29.0
684.0,238.0,20.0,29.0
680.0,244.0,19.0,28.0
663.0,254.0,18.0,27.0
654.0,254.0,18.0,27.0
657.0,256.0,18.0,27.0
665.0,262.0,18.0,27.0
672.0,262.0,18.0,27.0
672.0,263.0,18.0,27.0
666.0,265.0,19.0,28.0
664.0,271.0,19.0,28.0
667.0,276.0,19.0,28.0
665.0,283.0,19.0,28.0
661.0,294.0,19.0,28.0
660.0,305.0,19.0,28.0
653.0,306.0,19.0,28.0
651.0,310.0,19.0,28.0
646.0,317.0,19.0,28.0
642.0,317.0,19.0,28.0
639.0,312.0,19.0,28.0
636.0,313.0,19.0,28.0
635.0,316.0,19.0,28.0
639.0,326.0,19.0,28.0
640.0,331.0,19.0,28.0
645.0,335.0,19.0,28.0
651.0,336.0,19.0,28.0
654.0,334.0,19.0,28.0
655.0,322.0,19.0,28.0
672.0,335.0,19.0,28.0
684.0,338.0,20.0,29.0
678.0,332.0,20.0,29.0
674.0,326.0,20.0,29.0
668.0,325.0,20.0,29.0
674.0,322.0,20.0,29.0
669.0,319.0,20.0,29.0
666.0,303.0,21.0,31.0
669.0,311.0,21.0,31.0
679.0,317.0,21.0,31.0
686.0,324.0,21.0,31.0
680.0,318.0,21.0,31.0
662.0,334.0,20.0,29.0
663.0,322.0,20.0,29.0
655.0,329.0,20.0,29.0
643.0,335.0,20.0,29.0
642.0,333.0,20.0,29.0
652.0,333.0,20.0,29.0
673.0,300.0,21.0,31.0
667.0,295.0,21.0,31.0
641.0,294.0,28.0,27.0
636.0,284.0,28.0,27.0
640.0,280.0,28.0,27.0
654.0,280.0,29.0,28.0
657.0,274.0,28.0,27.0
656.0,253.0,28.0,27.0
662.0,260.0,28.0,27.0
674.0,271.0,28.0,27.0
679.0,273.0,28.0,27.0
678.0,301.0,28.0,27.0
682.0,296.0,28.0,27.0
658.0,309.0,22.0,24.0
635.0,314.0,22.0,24.0
617.0,300.0,23.0,25.0
636.0,300.0,24.0,26.0
653.0,313.0,24.0,26.0
669.0,305.0,24.0,26.0
647.0,305.0,25.0,28.0
633.0,316.0,24.0,26.0
637.0,334.0,21.0,27.0
661.0,337.0,22.0,27.0
652.0,329.0,22.0,27.0
656.0,319.0,22.0,27.0
641.0,319.0,23.0,28.0
649.0,306.0,24.0,30.0
657.0,310.0,24.0,30.0
654.0,308.0,24.0,30.0
650.0,313.0,24.0,30.0
646.0,307.0,24.0,30.0
646.0,284.0,24.0,30.0
634.0,286.0,23.0,28.0
628.0,292.0,23.0,28.0
624.0,281.0,23.0,28.0
636.0,282.0,24.0,30.0
641.0,293.0,24.0,30.0
620.0,310.0,21.0,27.0
630.0,320.0,20.0,26.0
635.0,319.0,20.0,26.0
656.0,326.0,19.0,24.0
672.0,310.0,20.0,26.0
667.0,307.0,21.0,27.0
625.0,283.0,23.0,31.0
629.0,282.0,23.0,31.0
645.0,272.0,23.0,31.0
667.0,272.0,26.0,30.0
669.0,259.0,26.0,30.0
667.0,269.0,26.0,30.0
659.0,266.0,26.0,30.0
660.0,284.0,27.0,31.0
663.0,281.0,27.0,31.0
662.0,272.0,27.0,31.0
645.0,272.0,27.0,31.0
638.0,283.0,27.0,31.0
637.0,280.0,27.0,31.0
647.0,285.0,27.0,31.0
652.0,299.0,27.0,31.0
667.0,308.0,27.0,31.0
675.0,304.0,27.0,31.0
664.0,287.0,29.0,33.0
639.0,285.0,30.0,35.0
637.0,294.0,30.0,35.0
663.0,299.0,30.0,35.0
681.0,307.0,30.0,35.0
676.0,291.0,30.0,35.0
647.0,289.0,32.0,36.0
614.0,273.0,32.0,36.0
608.0,266.0,32.0,36.0
641.0,272.0,24.0,33.0
668.0,282.0,23.0,31.0
677.0,269.0,24.0,33.0
664.0,258.0,25.0,35.0
637.0,253.0,26.0,36.0
615.0,254.0,28.0,38.0
633.0,260.0,28.0,38.0
645.0,263.0,28.0,38.0
663.0,283.0,26.0,36.0
666.0,285.0,26.0,36.0
672.0,288.0,26.0,36.0
670.0,295.0,25.0,35.0
666.0,302.0,25.0,35.0
672.0,302.0,25.0,35.0
681.0,306.0,25.0,35.0
685.0,308.0,25.0,35.0
689.0,306.0,25.0,35.0
692.0,302.0,25.0,35.0
685.0,290.0,25.0,35.0
678.0,268.0,25.0,35.0
674.0,267.0,25.0,35.0
685.0,277.0,25.0,35.0
694.0,246.0,26.0,36.0
702.0,250.0,26.0,36.0
678.0,252.0,25.0,35.0
680.0,254.0,25.0,35.0
697.0,262.0,26.0,36.0
711.0,278.0,26.0,36.0
703.0,293.0,26.0,36.0
699.0,320.0,28.0,38.0
704.0,335.0,28.0,38.0
697.0,337.0,28.0,38.0
683.0,334.0,28.0,38.0
676.0,327.0,28.0,38.0
676.0,320.0,29.0,40.0
686.0,319.0,28.0,38.0
681.0,312.0,28.0,38.0
683.0,323.0,28.0,38.0
692.0,321.0,29.0,40.0
701.0,323.0,31.0,42.0
703.0,315.0,31.0,42.0
688.0,306.0,31.0,42.0
677.0,311.0,32.0,44.0
694.0,301.0,32.0,44.0
704.0,306.0,32.0,44.0
706.0,312.0,32.0,44.0
699.0,293.0,32.0,44.0
685.0,292.0,32.0,44.0
681.0,281.0,32.0,44.0
696.0,276.0,32.0,44.0
724.0,295.0,31.0,42.0
742.0,278.0,31.0,42.0
733.0,294.0,31.0,42.0
711.0,299.0,31.0,42.0
671.0,302.0,39.0,39.0
691.0,305.0,31.0,42.0
707.0,324.0,35.0,37.0
724.0,334.0,35.0,37.0
727.0,333.0,35.0,37.0
719.0,321.0,35.0,37.0
711.0,321.0,35.0,37.0
696.0,298.0,35.0,37.0
691.0,294.0,35.0,37.0
693.0,296.0,35.0,37.0
698.0,284.0,35.0,37.0
695.0,283.0,35.0,37.0
693.0,261.0,37.0,39.0
692.0,242.0,37.0,39.0
679.0,227.0,37.0,39.0
679.0,224.0,37.0,39.0
692.0,225.0,39.0,41.0
709.0,252.0,39.0,41.0
732.0,262.0,39.0,41.0
697.0,285.0,39.0,41.0
671.0,282.0,39.0,41.0
643.0,290.0,39.0,41.0
652.0,294.0,39.0,41.0
674.0,328.0,41.0,43.0
695.0,312.0,41.0,43.0
670.0,287.0,43.0,45.0
646.0,296.0,43.0,45.0
635.0,286.0,43.0,45.0
667.0,292.0,43.0,45.0
693.0,302.0,43.0,45.0
701.0,299.0,41.0,43.0
679.0,314.0,41.0,43.0
683.0,308.0,41.0,43.0
687.0,301.0,41.0,43.0
694.0,322.0,43.0,45.0
694.0,298.0,43.0,45.0
687.0,286.0,43.0,45.0
664.0,259.0,45.0,47.0
646.0,257.0,45.0,47.0
670.0,245.0,45.0,47.0
710.0,270.0,45.0,47.0
730.0,251.0,45.0,47.0
729.0,273.0,45.0,47.0
709.0,270.0,45.0,47.0
710.0,299.0,31.0,41.0
730.0,295.0,31.0,41.0
733.0,301.0,31.0,41.0
722.0,306.0,31.0,41.0
705.0,307.0,31.0,41.0
697.0,303.0,31.0,41.0
695.0,285.0,31.0,41.0
700.0,287.0,31.0,41.0
696.0,289.0,31.0,41.0
697.0,276.0,31.0,41.0
685.0,259.0,33.0,43.0
690.0,278.0,33.0,43.0
719.0,279.0,33.0,43.0
729.0,274.0,33.0,43.0
715.0,273.0,33.0,43.0
694.0,282.0,33.0,43.0
681.0,288.0,33.0,43.0
684.0,284.0,33.0,43.0
683.0,295.0,33.0,43.0
681.0,292.0,33.0,43.0
672.0,287.0,33.0,43.0
672.0,292.0,33.0,43.0
673.0,278.0,33.0,43.0
672.0,279.0,34.0,45.0
674.0,285.0,34.0,45.0
676.0,284.0,34.0,45.0
676.0,288.0,34.0,45.0
665.0,301.0,34.0,45.0
659.0,292.0,34.0,45.0
663.0,295.0,34.0,45.0
670.0,289.0,34.0,45.0
684.0,291.0,34.0,45.0
694.0,281.0,34.0,45.0
698.0,288.0,34.0,45.0
682.0,289.0,36.0,47.0
690.0,283.0,36.0,47.0
691.0,277.0,36.0,47.0
687.0,264.0,36.0,47.0
695.0,262.0,36.0,47.0
701.0,257.0,36.0,47.0
720.0,269.0,36.0,47.0
715.0,272.0,36.0,47.0
707.0,277.0,36.0,47.0
692.0,280.0,36.0,47.0
689.0,282.0,36.0,47.0
700.0,285.0,36.0,47.0
688.0,293.0,36.0,47.0
675.0,303.0,36.0,47.0
651.0,311.0,36.0,47.0
654.0,319.0,36.0,47.0
665.0,320.0,38.0,50.0
670.0,315.0,38.0,50.0
658.0,315.0,40.0,52.0
649.0,313.0,40.0,52.0
646.0,315.0,40.0,52.0
659.0,304.0,40.0,52.0
670.0,304.0,40.0,52.0
681.0,317.0,40.0,52.0
687.0,294.0,40.0,52.0
677.0,290.0,40.0,52.0
666.0,289.0,40.0,52.0
652.0,277.0,40.0,52.0
664.0,273.0,40.0,52.0
673.0,273.0,40.0,52.0
679.0,272.0,40.0,52.0
668.0,263.0,40.0,52.0
655.0,264.0,40.0,52.0
655.0,250.0,42.0,55.0
664.0,269.0,42.0,55.0
677.0,264.0,42.0,55.0
678.0,281.0,42.0,55.0
680.0,287.0,42.0,55.0
682.0,279.0,42.0,55.0
675.0,295.0,42.0,55.0
676.0,307.0,42.0,55.0
684.0,298.0,44.0,58.0
691.0,295.0,44.0,58.0
682.0,287.0,44.0,58.0
682.0,279.0,44.0,58.0
677.0,273.0,44.0,58.0
684.0,280.0,44.0,58.0
675.0,278.0,44.0,58.0
671.0,287.0,44.0,58.0
676.0,289.0,44.0,58.0
678.0,289.0,44.0,58.0
684.0,275.0,44.0,58.0
695.0,266.0,46.0,61.0
697.0,264.0,46.0,61.0
697.0,259.0,46.0,61.0
696.0,275.0,46.0,61.0
705.0,284.0,46.0,61.0
714.0,291.0,48.0,64.0
713.0,311.0,48.0,64.0
691.0,309.0,48.0,64.0
682.0,311.0,48.0,64.0
682.0,306.0,48.0,64.0
685.0,294.0,48.0,64.0
688.0,296.0,48.0,64.0
711.0,312.0,48.0,64.0
727.0,319.0,48.0,64.0
727.0,321.0,48.0,64.0
726.0,319.0,48.0,64.0
713.0,300.0,48.0,64.0
725.0,308.0,48.0,64.0
760.0,310.0,50.0,67.0
765.0,315.0,50.0,67.0
761.0,322.0,50.0,67.0
769.0,318.0,50.0,67.0
758.0,316.0,50.0,67.0
753.0,305.0,50.0,67.0
718.0,287.0,50.0,67.0
731.0,284.0,50.0,67.0
753.0,294.0,50.0,67.0
747.0,298.0,50.0,67.0
744.0,290.0,50.0,67.0
725.0,310.0,50.0,67.0
737.0,305.0,50.0,67.0
714.0,328.0,50.0,67.0
697.0,342.0,50.0,67.0
695.0,352.0,50.0,67.0
718.0,342.0,50.0,67.0
724.0,338.0,50.0,67.0
713.0,313.0,53.0,70.0
734.0,306.0,50.0,67.0
743.0,297.0,50.0,67.0
703.0,261.0,53.0,70.0
717.0,246.0,53.0,70.0
710.0,253.0,53.0,70.0
695.0,238.0,53.0,70.0
687.0,234.0,53.0,70.0
686.0,224.0,56.0,74.0
693.0,241.0,56.0,74.0
697.0,245.0,56.0,74.0
700.0,255.0,56.0,74.0
701.0,254.0,56.0,74.0
683.0,238.0,56.0,74.0
682.0,246.0,56.0,74.0
694.0,239.0,56.0,74.0
716.0,238.0,56.0,74.0
723.0,246.0,56.0,74.0
709.0,237.0,56.0,74.0
670.0,219.0,58.0,77.0
686.0,226.0,58.0,77.0
714.0,228.0,58.0,77.0
726.0,247.0,61.0,81.0
731.0,249.0,61.0,81.0
735.0,256.0,61.0,81.0
727.0,273.0,61.0,81.0
717.0,261.0,61.0,81.0
717.0,258.0,61.0,81.0
742.0,259.0,61.0,81.0
768.0,269.0,61.0,81.0
770.0,270.0,61.0,81.0
756.0,286.0,61.0,81.0
743.0,285.0,64.0,85.0
751.0,273.0,64.0,85.0
748.0,261.0,64.0,85.0
738.0,265.0,64.0,85.0
726.0,266.0,64.0,85.0
725.0,269.0,64.0,85.0
744.0,267.0,64.0,85.0
739.0,262.0,64.0,85.0
730.0,262.0,64.0,85.0
723.0,269.0,64.0,85.0
720.0,283.0,64.0,85.0
711.0,305.0,64.0,85.0
693.0,325.0,64.0,85.0
691.0,317.0,64.0,85.0
690.0,308.0,64.0,85.0
681.0,300.0,64.0,85.0
668.0,282.0,64.0,85.0
668.0,274.0,64.0,85.0
685.0,285.0,64.0,85.0
688.0,292.0,68.0,89.0
703.0,295.0,68.0,89.0
712.0,293.0,68.0,89.0
727.0,292.0,68.0,89.0
730.0,283.0,68.0,89.0
745.0,280.0,68.0,89.0
751.0,296.0,68.0,89.0
749.0,299.0,68.0,89.0
744.0,314.0,68.0,89.0
745.0,301.0,68.0,89.0
749.0,315.0,68.0,89.0
748.0,318.0,68.0,89.0
743.0,322.0,68.0,89.0
743.0,314.0,68.0,89.0
744.0,313.0,68.0,89.0
746.0,306.0,68.0,89.0
735.0,298.0,68.0,89.0
741.0,309.0,68.0,89.0
761.0,308.0,71.0,94.0
760.0,328.0,71.0,94.0
741.0,349.0,71.0,94.0
726.0,348.0,71.0,94.0
736.0,349.0,71.0,94.0
763.0,339.0,71.0,94.0
761.0,332.0,71.0,94.0
740.0,317.0,71.0,94.0
726.0,317.0,75.0,99.0
732.0,321.0,75.0,99.0
741.0,324.0,75.0,99.0
737.0,342.0,75.0,99.0
751.0,312.0,75.0,99.0
751.0,300.0,75.0,99.0
736.0,270.0,78.0,104.0
719.0,267.0,78.0,104.0
716.0,290.0,78.0,104.0
743.0,293.0,78.0,104.0
754.0,322.0,78.0,104.0
746.0,314.0,78.0,104.0
749.0,312.0,78.0,104.0
760.0,292.0,78.0,104.0
768.0,284.0,78.0,104.0
755.0,286.0,78.0,104.0
765.0,297.0,78.0,104.0
778.0,321.0,78.0,104.0
781.0,308.0,78.0,104.0
761.0,302.0,78.0,104.0
745.0,295.0,78.0,104.0
736.0,307.0,78.0,104.0
773.0,314.0,78.0,104.0
778.0,358.0,78.0,104.0
770.0,370.0,78.0,104.0
742.0,366.0,78.0,104.0
725.0,336.0,78.0,104.0
706.0,318.0,82.0,109.0
716.0,322.0,82.0,109.0
728.0,327.0,82.0,109.0
748.0,341.0,82.0,109.0
763.0,323.0,82.0,109.0
754.0,301.0,82.0,109.0
728.0,300.0,82.0,109.0
717.0,245.0,82.0,109.0
756.0,248.0,82.0,109.0
766.0,217.0,82.0,109.0
768.0,241.0,82.0,109.0
751.0,246.0,82.0,109.0
734.0,236.0,86.0,114.0
732.0,245.0,86.0,114.0
712.0,280.0,86.0,114.0
691.0,289.0,86.0,114.0
680.0,287.0,86.0,114.0
687.0,263.0,86.0,114.0
694.0,231.0,86.0,114.0
687.0,230.0,86.0,114.0
684.0,197.0,86.0,114.0
693.0,202.0,86.0,114.0
703.0,164.0,86.0,114.0
703.0,165.0,86.0,114.0
694.0,208.0,86.0,114.0
690.0,215.0,86.0,114.0
701.0,263.0,86.0,114.0
696.0,269.0,86.0,114.0
679.0,267.0,86.0,114.0
672.0,255.0,86.0,114.0
671.0,241.0,86.0,114.0
685.0,228.0,86.0,114.0
711.0,245.0,86.0,114.0
710.0,248.0,86.0,114.0
695.0,235.0,86.0,114.0
677.0,236.0,86.0,114.0
670.0,229.0,86.0,114.0
680.0,228.0,86.0,114.0
705.0,223.0,86.0,114.0
694.0,223.0,86.0,114.0
683.0,232.0,86.0,114.0
684.0,237.0,86.0,114.0
701.0,250.0,86.0,114.0
712.0,262.0,86.0,114.0
698.0,269.0,86.0,114.0
667.0,266.0,86.0,114.0
668.0,270.0,86.0,114.0
673.0,256.0,86.0,114.0
677.0,249.0,86.0,114.0
680.0,262.0,86.0,114.0
685.0,248.0,86.0,114.0
685.0,252.0,86.0,114.0
689.0,260.0,86.0,114.0
682.0,269.0,86.0,114.0
682.0,262.0,86.0,114.0
684.0,263.0,86.0,114.0
687.0,266.0,86.0,114.0
678.0,261.0,86.0,114.0
673.0,267.0,91.0,120.0
680.0,254.0,91.0,120.0
689.0,264.0,91.0,120.0
698.0,268.0,91.0,120.0
702.0,285.0,91.0,120.0
693.0,277.0,91.0,120.0
695.0,259.0,91.0,120.0
703.0,254.0,91.0,120.0
713.0,266.0,91.0,120.0
713.0,266.0,91.0,120.0
704.0,280.0,91.0,120.0
714.0,278.0,91.0,120.0
720.0,289.0,91.0,120.0
720.0,278.0,91.0,120.0
702.0,287.0,91.0,120.0
706.0,273.0,91.0,120.0
709.0,269.0,95.0,126.0
716.0,284.0,95.0,126.0
715.0,272.0,95.0,126.0
701.0,280.0,95.0,126.0
703.0,285.0,95.0,126.0
704.0,284.0,95.0,126.0
716.0,291.0,95.0,126.0
695.0,264.0,95.0,126.0
693.0,304.0,95.0,126.0
701.0,294.0,95.0,126.0
696.0,295.0,95.0,126.0
682.0,319.0,95.0,126.0
681.0,306.0,95.0,126.0
707.0,356.0,95.0,126.0
736.0,361.0,95.0,126.0
708.0,348.0,95.0,126.0
693.0,333.0,95.0,126.0
704.0,311.0,95.0,126.0
719.0,308.0,95.0,126.0
748.0,303.0,95.0,126.0
738.0,287.0,95.0,126.0
743.0,286.0,95.0,126.0
752.0,275.0,95.0,126.0
755.0,288.0,95.0,126.0
742.0,301.0,95.0,126.0
728.0,291.0,95.0,126.0
720.0,294.0,95.0,126.0
716.0,297.0,95.0,126.0
705.0,298.0,95.0,126.0
687.0,305.0,95.0,126.0
682.0,293.0,95.0,126.0
689.0,305.0,95.0,126.0
704.0,269.0,95.0,126.0
703.0,259.0,95.0,126.0
699.0,252.0,95.0,126.0
698.0,240.0,95.0,126.0
710.0,231.0,95.0,126.0
724.0,223.0,95.0,126.0
714.0,249.0,95.0,126.0
696.0,256.0,95.0,126.0
686.0,270.0,92.0,126.0
670.0,274.0,92.0,126.0
657.0,285.0,92.0,126.0
643.0,296.0,92.0,126.0
613.0,312.0,92.0,126.0
605.0,317.0,92.0,126.0
604.0,316.0,92.0,126.0
603.0,316.0,92.0,126.0
605.0,317.0,88.0,120.0
605.0,320.0,88.0,120.0
608.0,318.0,92.0,126.0
615.0,321.0,92.0,126.0
617.0,326.0,92.0,126.0
620.0,333.0,88.0,120.0
620.0,338.0,88.0,120.0
612.0,339.0,88.0,120.0
606.0,330.0,88.0,120.0
600.0,318.0,88.0,120.0
612.0,305.0,88.0,120.0
624.0,301.0,88.0,120.0
628.0,306.0,88.0,120.0
616.0,311.0,88.0,120.0
597.0,317.0,88.0,120.0
583.0,327.0,88.0,120.0
588.0,327.0,88.0,120.0
591.0,326.0,88.0,120.0
594.0,324.0,88.0,120.0
592.0,325.0,88.0,120.0
581.0,329.0,88.0,120.0
564.0,343.0,88.0,120.0
568.0,351.0,88.0,120.0
575.0,359.0,88.0,120.0
577.0,363.0,88.0,120.0
565.0,357.0,92.0,126.0
559.0,347.0,92.0,126.0
566.0,343.0,92.0,126.0
568.0,347.0,92.0,126.0
564.0,354.0,92.0,126.0
556.0,360.0,92.0,126.0
552.0,366.0,92.0,126.0
551.0,371.0,92.0,126.0
563.0,371.0,92.0,126.0
572.0,366.0,88.0,120.0
570.0,361.0,88.0,120.0
553.0,357.0,88.0,120.0
538.0,359.0,88.0,120.0
543.0,361.0,88.0,120.0
559.0,362.0,88.0,120.0
557.0,334.0,88.0,120.0
559.0,326.0,88.0,120.0
557.0,320.0,88.0,120.0
552.0,320.0,88.0,120.0
548.0,319.0,88.0,120.0
549.0,321.0,88.0,120.0
562.0,322.0,88.0,120.0
560.0,324.0,88.0,120.0
557.0,324.0,88.0,120.0
552.0,322.0,88.0,120.0
550.0,325.0,88.0,120.0
556.0,326.0,88.0,120.0
574.0,316.0,88.0,120.0
574.0,313.0,88.0,120.0
560.0,314.0,88.0,120.0
544.0,314.0,88.0,120.0
535.0,313.0,88.0,120.0
538.0,314.0,88.0,120.0
564.0,316.0,88.0,120.0
571.0,322.0,88.0,120.0
572.0,328.0,88.0,120.0
573.0,332.0,88.0,120.0
582.0,339.0,88.0,120.0
589.0,345.0,88.0,120.0
583.0,355.0,88.0,120.0
587.0,361.0,83.0,114.0
594.0,360.0,83.0,114.0
604.0,359.0,83.0,114.0
611.0,353.0,83.0,114.0
611.0,345.0,83.0,114.0
600.0,335.0,83.0,114.0
590.0,334.0,83.0,114.0
580.0,337.0,83.0,114.0
595.0,320.0,83.0,114.0
594.0,319.0,83.0,114.0
594.0,321.0,83.0,114.0
591.0,344.0,83.0,114.0
594.0,352.0,83.0,114.0
601.0,353.0,83.0,114.0
608.0,349.0,83.0,114.0
612.0,347.0,83.0,114.0
608.0,344.0,83.0,114.0
605.0,338.0,83.0,114.0
602.0,329.0,83.0,114.0
597.0,320.0,83.0,114.0
596.0,310.0,83.0,114.0
597.0,300.0,83.0,114.0
602.0,299.0,83.0,114.0
609.0,304.0,83.0,114.0
628.0,313.0,83.0,114.0
631.0,312.0,83.0,114.0
621.0,315.0,83.0,114.0
607.0,319.0,83.0,114.0
604.0,319.0,83.0,114.0
615.0,318.0,79.0,109.0
632.0,318.0,79.0,109.0
626.0,320.0,79.0,109.0
612.0,325.0,79.0,109.0
606.0,329.0,79.0,109.0
610.0,327.0,79.0,109.0
617.0,321.0,79.0,109.0
601.0,308.0,79.0,109.0
587.0,309.0,79.0,109.0
587.0,315.0,79.0,109.0
598.0,325.0,79.0,109.0
608.0,329.0,79.0,109.0
617.0,333.0,79.0,109.0
621.0,332.0,76.0,104.0
619.0,334.0,76.0,104.0
617.0,340.0,76.0,104.0
609.0,344.0,72.0,99.0
601.0,339.0,72.0,99.0
598.0,333.0,72.0,99.0
605.0,322.0,72.0,99.0
606.0,322.0,72.0,99.0
599.0,321.0,72.0,99.0
597.0,320.0,69.0,94.0
603.0,315.0,69.0,94.0
610.0,304.0,69.0,94.0
611.0,294.0,69.0,94.0
588.0,274.0,69.0,94.0
581.0,273.0,69.0,94.0
581.0,275.0,69.0,94.0
586.0,274.0,69.0,94.0
593.0,273.0,65.0,90.0
595.0,270.0,65.0,90.0
594.0,260.0,65.0,90.0
587.0,258.0,65.0,90.0
583.0,261.0,65.0,90.0
588.0,263.0,65.0,90.0
597.0,263.0,65.0,90.0
602.0,265.0,65.0,90.0
581.0,281.0,65.0,90.0
570.0,286.0,65.0,90.0
575.0,289.0,65.0,90.0
587.0,295.0,65.0,90.0
592.0,299.0,65.0,90.0
595.0,311.0,62.0,85.0
594.0,313.0,59.0,81.0
598.0,303.0,56.0,77.0
591.0,302.0,56.0,77.0
594.0,295.0,56.0,77.0
603.0,292.0,56.0,77.0
620.0,285.0,56.0,77.0
621.0,276.0,56.0,77.0
613.0,286.0,56.0,77.0
613.0,288.0,56.0,77.0
619.0,288.0,56.0,77.0
627.0,285.0,56.0,77.0
624.0,288.0,59.0,81.0
620.0,283.0,59.0,81.0
628.0,284.0,59.0,81.0
640.0,285.0,56.0,77.0
648.0,289.0,56.0,77.0
647.0,282.0,56.0,77.0
640.0,285.0,56.0,77.0
633.0,287.0,56.0,77.0
639.0,283.0,56.0,77.0
647.0,279.0,56.0,77.0
655.0,263.0,56.0,77.0
657.0,251.0,56.0,77.0
644.0,243.0,56.0,77.0
641.0,243.0,56.0,77.0
660.0,261.0,56.0,77.0
671.0,266.0,56.0,77.0
667.0,271.0,56.0,77.0
658.0,281.0,56.0,77.0
655.0,275.0,56.0,77.0
658.0,288.0,59.0,81.0
660.0,302.0,59.0,81.0
659.0,301.0,59.0,81.0
664.0,299.0,59.0,81.0
681.0,290.0,59.0,81.0
681.0,279.0,56.0,77.0
684.0,273.0,56.0,77.0
697.0,270.0,54.0,74.0
696.0,273.0,54.0,74.0
692.0,274.0,51.0,70.0
684.0,285.0,51.0,70.0
689.0,273.0,51.0,70.0
703.0,283.0,51.0,70.0
673.0,308.0,51.0,70.0
666.0,325.0,51.0,70.0
671.0,323.0,51.0,70.0
669.0,311.0,51.0,70.0
661.0,310.0,51.0,70.0
659.0,297.0,51.0,70.0
661.0,298.0,51.0,70.0
665.0,291.0,51.0,70.0
669.0,309.0,51.0,70.0
683.0,300.0,51.0,70.0
690.0,298.0,51.0,70.0
692.0,298.0,51.0,70.0
687.0,259.0,51.0,70.0
682.0,246.0,51.0,70.0
676.0,254.0,51.0,70.0
679.0,247.0,51.0,70.0
690.0,252.0,51.0,70.0
699.0,260.0,51.0,70.0
688.0,265.0,51.0,70.0
623.0,282.0,54.0,57.0
629.0,294.0,54.0,57.0
649.0,290.0,54.0,57.0
670.0,294.0,54.0,57.0
662.0,296.0,45.0,64.0
646.0,293.0,45.0,64.0
656.0,260.0,47.0,67.0
672.0,280.0,39.0,47.0
668.0,274.0,39.0,47.0
666.0,271.0,39.0,47.0
670.0,269.0,41.0,49.0
682.0,276.0,39.0,47.0
686.0,246.0,39.0,47.0
673.0,243.0,41.0,49.0
655.0,262.0,41.0,49.0
657.0,252.0,41.0,49.0
680.0,260.0,41.0,49.0
697.0,263.0,39.0,47.0
680.0,265.0,39.0,47.0
669.0,264.0,39.0,47.0
670.0,266.0,39.0,47.0
682.0,261.0,39.0,47.0
676.0,264.0,39.0,47.0
663.0,273.0,41.0,49.0
668.0,273.0,41.0,49.0
671.0,280.0,41.0,49.0
656.0,267.0,41.0,49.0
643.0,269.0,41.0,49.0
645.0,262.0,41.0,49.0
659.0,255.0,41.0,49.0
663.0,234.0,39.0,47.0
665.0,235.0,39.0,47.0
676.0,235.0,39.0,47.0
689.0,237.0,39.0,47.0
687.0,240.0,39.0,47.0
674.0,242.0,39.0,47.0
664.0,254.0,39.0,47.0
680.0,260.0,39.0,47.0
685.0,266.0,37.0,45.0
678.0,255.0,37.0,45.0
668.0,257.0,37.0,45.0
666.0,258.0,37.0,45.0
673.0,254.0,37.0,45.0
667.0,266.0,37.0,45.0
658.0,267.0,37.0,45.0
651.0,293.0,37.0,45.0
650.0,303.0,37.0,45.0
659.0,322.0,37.0,45.0
651.0,347.0,37.0,45.0
636.0,364.0,37.0,45.0
638.0,368.0,37.0,45.0
634.0,361.0,37.0,45.0
627.0,354.0,37.0,45.0
625.0,357.0,37.0,45.0
637.0,365.0,37.0,45.0
660.0,377.0,39.0,47.0
658.0,358.0,39.0,47.0
650.0,361.0,39.0,47.0
638.0,356.0,39.0,47.0
642.0,351.0,39.0,47.0
645.0,359.0,37.0,45.0
648.0,379.0,37.0,45.0
642.0,369.0,37.0,45.0
645.0,371.0,37.0,45.0
642.0,372.0,37.0,45.0
636.0,371.0,37.0,45.0
625.0,376.0,37.0,45.0
606.0,357.0,37.0,45.0
607.0,359.0,35.0,43.0
611.0,348.0,35.0,43.0
617.0,334.0,35.0,43.0
615.0,315.0,35.0,43.0
632.0,321.0,35.0,43.0
632.0,331.0,35.0,43.0
647.0,320.0,35.0,43.0
644.0,327.0,34.0,41.0
642.0,326.0,34.0,41.0
645.0,324.0,34.0,41.0
652.0,324.0,34.0,41.0
655.0,328.0,34.0,41.0
654.0,318.0,35.0,43.0
647.0,317.0,35.0,43.0
646.0,316.0,35.0,43.0
652.0,312.0,35.0,43.0
663.0,316.0,35.0,43.0
664.0,322.0,35.0,43.0
651.0,353.0,37.0,45.0
647.0,361.0,35.0,43.0
646.0,362.0,34.0,41.0
642.0,354.0,34.0,41.0
640.0,346.0,34.0,41.0
633.0,346.0,34.0,41.0
634.0,335.0,34.0,41.0
637.0,342.0,34.0,41.0
635.0,346.0,34.0,41.0
632.0,347.0,34.0,41.0
629.0,345.0,34.0,41.0
636.0,352.0,34.0,41.0
637.0,328.0,34.0,41.0
633.0,320.0,34.0,41.0
628.0,311.0,34.0,41.0
634.0,300.0,34.0,41.0
641.0,291.0,34.0,41.0
649.0,293.0,34.0,41.0
670.0,305.0,34.0,41.0
674.0,313.0,34.0,41.0
659.0,324.0,34.0,41.0
650.0,348.0,34.0,41.0
650.0,341.0,34.0,41.0
653.0,338.0,34.0,41.0
643.0,311.0,34.0,41.0
638.0,287.0,35.0,43.0
640.0,285.0,35.0,43.0
647.0,303.0,35.0,43.0
658.0,300.0,35.0,43.0
669.0,326.0,35.0,43.0
657.0,348.0,35.0,43.0
648.0,331.0,35.0,43.0
636.0,321.0,35.0,43.0
633.0,295.0,35.0,43.0
625.0,288.0,35.0,43.0
637.0,294.0,35.0,43.0
649.0,284.0,35.0,43.0
671.0,314.0,37.0,45.0
669.0,310.0,35.0,43.0
661.0,314.0,35.0,43.0
665.0,312.0,34.0,41.0
676.0,285.0,34.0,41.0
682.0,289.0,34.0,41.0
662.0,286.0,34.0,41.0
651.0,303.0,34.0,41.0
658.0,314.0,34.0,41.0
663.0,331.0,34.0,41.0
673.0,330.0,34.0,41.0
666.0,334.0,34.0,41.0
656.0,334.0,34.0,41.0
645.0,327.0,34.0,41.0
649.0,342.0,34.0,41.0
666.0,339.0,34.0,41.0
682.0,341.0,34.0,41.0
686.0,341.0,34.0,41.0
665.0,354.0,34.0,41.0
657.0,354.0,34.0,41.0
652.0,335.0,34.0,41.0
661.0,330.0,34.0,41.0
667.0,326.0,34.0,41.0
675.0,333.0,34.0,41.0
677.0,323.0,35.0,43.0
672.0,315.0,35.0,43.0
671.0,303.0,35.0,43.0
680.0,299.0,34.0,41.0
689.0,295.0,34.0,41.0
695.0,297.0,34.0,41.0
687.0,293.0,34.0,41.0
682.0,278.0,34.0,41.0
690.0,282.0,34.0,41.0
693.0,289.0,34.0,41.0
689.0,295.0,34.0,41.0
689.0,307.0,34.0,41.0
694.0,311.0,34.0,41.0
685.0,308.0,34.0,41.0
678.0,306.0,35.0,43.0
677.0,303.0,35.0,43.0
684.0,301.0,35.0,43.0
684.0,300.0,35.0,43.0
678.0,306.0,35.0,43.0
673.0,314.0,35.0,43.0
677.0,315.0,35.0,43.0
682.0,317.0,35.0,43.0
680.0,315.0,35.0,43.0
676.0,310.0,35.0,43.0
670.0,306.0,35.0,43.0
690.0,316.0,37.0,45.0
692.0,325.0,37.0,45.0
696.0,324.0,37.0,45.0
700.0,325.0,37.0,45.0
695.0,325.0,37.0,45.0
687.0,325.0,37.0,45.0
689.0,320.0,37.0,45.0
689.0,313.0,37.0,45.0
685.0,310.0,37.0,45.0
680.0,315.0,39.0,47.0
692.0,310.0,39.0,47.0
701.0,314.0,39.0,47.0
706.0,317.0,39.0,47.0
696.0,319.0,39.0,47.0
694.0,322.0,39.0,47.0
687.0,326.0,39.0,47.0
694.0,335.0,39.0,47.0
700.0,339.0,39.0,47.0
696.0,348.0,39.0,47.0
692.0,343.0,41.0,49.0
688.0,339.0,41.0,49.0
678.0,332.0,41.0,49.0
667.0,326.0,41.0,49.0
669.0,316.0,41.0,49.0
680.0,319.0,43.0,52.0
698.0,306.0,43.0,52.0
688.0,292.0,43.0,52.0
681.0,286.0,43.0,52.0
681.0,290.0,43.0,52.0
685.0,291.0,43.0,52.0
696.0,287.0,43.0,52.0
713.0,303.0,43.0,52.0
717.0,305.0,43.0,52.0
716.0,302.0,43.0,52.0
716.0,301.0,43.0,52.0
717.0,300.0,43.0,52.0
719.0,305.0,43.0,52.0
728.0,308.0,43.0,52.0
722.0,312.0,43.0,52.0
714.0,315.0,43.0,52.0
713.0,319.0,43.0,52.0
724.0,332.0,43.0,52.0
737.0,329.0,43.0,52.0
727.0,333.0,43.0,52.0
735.0,346.0,43.0,52.0
751.0,313.0,43.0,52.0
754.0,311.0,43.0,52.0
753.0,325.0,43.0,52.0
747.0,291.0,45.0,54.0
720.0,320.0,43.0,52.0
727.0,345.0,43.0,52.0
762.0,350.0,43.0,52.0
784.0,363.0,43.0,52.0
774.0,355.0,43.0,52.0
754.0,339.0,45.0,54.0
736.0,263.0,51.0,55.0
725.0,244.0,54.0,58.0
726.0,272.0,54.0,58.0
741.0,231.0,54.0,58.0
740.0,258.0,54.0,58.0
733.0,268.0,54.0,58.0
722.0,265.0,54.0,58.0
687.0,237.0,54.0,58.0
672.0,228.0,54.0,58.0
674.0,233.0,54.0,58.0
692.0,230.0,54.0,58.0
706.0,236.0,54.0,58.0
710.0,256.0,54.0,58.0
695.0,243.0,54.0,58.0
697.0,247.0,54.0,58.0
699.0,255.0,54.0,58.0
697.0,255.0,54.0,58.0
696.0,256.0,54.0,58.0
698.0,264.0,54.0,58.0
708.0,284.0,54.0,58.0
711.0,282.0,54.0,58.0
717.0,277.0,54.0,58.0
722.0,269.0,56.0,61.0
714.0,263.0,56.0,61.0
707.0,270.0,56.0,61.0
722.0,293.0,56.0,61.0
718.0,309.0,56.0,61.0
715.0,324.0,56.0,61.0
706.0,322.0,56.0,61.0
709.0,323.0,56.0,61.0
700.0,323.0,56.0,61.0
694.0,314.0,56.0,61.0
700.0,308.0,56.0,61.0
707.0,305.0,56.0,61.0
706.0,304.0,56.0,61.0
703.0,299.0,56.0,61.0
711.0,291.0,56.0,61.0
720.0,279.0,56.0,61.0
712.0,275.0,56.0,61.0
709.0,283.0,56.0,61.0
715.0,285.0,59.0,64.0
727.0,299.0,59.0,64.0
724.0,294.0,59.0,64.0
715.0,303.0,59.0,64.0
727.0,280.0,59.0,64.0
734.0,285.0,62.0,67.0
734.0,289.0,62.0,67.0
731.0,291.0,62.0,67.0
730.0,283.0,62.0,67.0
735.0,276.0,62.0,67.0
743.0,274.0,65.0,70.0
739.0,270.0,65.0,70.0
737.0,277.0,65.0,70.0
744.0,287.0,65.0,70.0
753.0,275.0,65.0,70.0
759.0,268.0,68.0,74.0
747.0,278.0,68.0,74.0
753.0,279.0,68.0,74.0
764.0,285.0,68.0,74.0
767.0,292.0,68.0,74.0
757.0,300.0,68.0,74.0
750.0,306.0,68.0,74.0
766.0,304.0,68.0,74.0
769.0,296.0,68.0,74.0
768.0,296.0,68.0,74.0
766.0,305.0,68.0,74.0
773.0,298.0,68.0,74.0
780.0,294.0,68.0,74.0
775.0,282.0,68.0,74.0
775.0,274.0,68.0,74.0
785.0,269.0,68.0,74.0
800.0,263.0,68.0,74.0
803.0,265.0,68.0,74.0
800.0,265.0,68.0,74.0
801.0,268.0,68.0,74.0
804.0,271.0,68.0,74.0
802.0,269.0,72.0,77.0
799.0,276.0,72.0,77.0
787.0,290.0,72.0,77.0
778.0,303.0,72.0,77.0
779.0,318.0,72.0,77.0
780.0,330.0,72.0,77.0
777.0,335.0,72.0,77.0
776.0,335.0,72.0,77.0
784.0,331.0,72.0,77.0
793.0,318.0,72.0,77.0
797.0,314.0,72.0,77.0
789.0,314.0,72.0,77.0
794.0,320.0,72.0,77.0
806.0,323.0,72.0,77.0
809.0,325.0,72.0,77.0
809.0,322.0,72.0,77.0
807.0,324.0,72.0,77.0
803.0,321.0,72.0,77.0
801.0,323.0,72.0,77.0
799.0,329.0,72.0,77.0
798.0,329.0,72.0,77.0
801.0,327.0,72.0,77.0
806.0,329.0,72.0,77.0
821.0,307.0,72.0,77.0
822.0,300.0,72.0,77.0
824.0,295.0,72.0,77.0
829.0,282.0,72.0,77.0
840.0,278.0,72.0,77.0
843.0,274.0,72.0,77.0
853.0,272.0,72.0,77.0
851.0,264.0,75.0,81.0
841.0,269.0,75.0,81.0
827.0,278.0,75.0,81.0
815.0,295.0,75.0,81.0
810.0,311.0,75.0,81.0
805.0,325.0,75.0,81.0
798.0,325.0,75.0,81.0
797.0,324.0,75.0,81.0
800.0,315.0,75.0,81.0
805.0,312.0,75.0,81.0
802.0,310.0,75.0,81.0
804.0,301.0,75.0,81.0
815.0,303.0,75.0,81.0
823.0,307.0,75.0,81.0
827.0,306.0,75.0,81.0
826.0,300.0,75.0,81.0
825.0,290.0,75.0,81.0
818.0,282.0,75.0,81.0
805.0,283.0,75.0,81.0
799.0,287.0,75.0,81.0
799.0,294.0,75.0,81.0
802.0,290.0,75.0,81.0
805.0,287.0,75.0,81.0
799.0,291.0,75.0,81.0
794.0,301.0,75.0,81.0
790.0,302.0,75.0,81.0
784.0,306.0,75.0,81.0
773.0,309.0,75.0,81.0
758.0,311.0,75.0,81.0
744.0,311.0,75.0,81.0
725.0,308.0,75.0,81.0
731.0,307.0,75.0,81.0
738.0,303.0,75.0,81.0
742.0,302.0,75.0,81.0
740.0,302.0,75.0,81.0
738.0,307.0,75.0,81.0
740.0,316.0,75.0,81.0
752.0,315.0,75.0,81.0
751.0,323.0,75.0,81.0
746.0,326.0,75.0,81.0
740.0,325.0,75.0,81.0
738.0,327.0,75.0,81.0
739.0,322.0,75.0,81.0
734.0,320.0,79.0,85.0
726.0,312.0,79.0,85.0
720.0,308.0,79.0,85.0
715.0,306.0,79.0,85.0
714.0,313.0,79.0,85.0
705.0,334.0,79.0,85.0
702.0,335.0,79.0,85.0
703.0,331.0,79.0,85.0
701.0,329.0,79.0,85.0
699.0,324.0,83.0,90.0
693.0,327.0,83.0,90.0
687.0,337.0,83.0,90.0
701.0,347.0,83.0,90.0
707.0,347.0,83.0,90.0
707.0,343.0,83.0,90.0
703.0,342.0,83.0,90.0
700.0,341.0,83.0,90.0
700.0,337.0,83.0,90.0
708.0,333.0,83.0,90.0
713.0,331.0,83.0,90.0
714.0,330.0,83.0,90.0
711.0,333.0,83.0,90.0
709.0,332.0,83.0,90.0
714.0,328.0,83.0,90.0
714.0,321.0,83.0,90.0
714.0,319.0,83.0,90.0
708.0,322.0,83.0,90.0
705.0,323.0,83.0,90.0
713.0,327.0,83.0,90.0
721.0,320.0,83.0,90.0
725.0,308.0,83.0,90.0
722.0,292.0,83.0,90.0
718.0,291.0,83.0,90.0
718.0,289.0,83.0,90.0
724.0,288.0,83.0,90.0
729.0,287.0,83.0,90.0
728.0,290.0,83.0,90.0
730.0,289.0,83.0,90.0
729.0,299.0,83.0,90.0
731.0,299.0,83.0,90.0
732.0,299.0,83.0,90.0
735.0,290.0,83.0,90.0
735.0,286.0,83.0,90.0
736.0,293.0,83.0,90.0
741.0,291.0,83.0,90.0
750.0,294.0,83.0,90.0
753.0,296.0,83.0,90.0
748.0,291.0,83.0,90.0
742.0,293.0,83.0,90.0
747.0,293.0,83.0,90.0
753.0,293.0,83.0,90.0
751.0,288.0,83.0,90.0
748.0,281.0,83.0,90.0
757.0,274.0,87.0,94.0
769.0,273.0,87.0,94.0
773.0,270.0,87.0,94.0
766.0,269.0,87.0,94.0
764.0,272.0,87.0,94.0
766.0,277.0,87.0,94.0
771.0,279.0,87.0,94.0
773.0,284.0,87.0,94.0
776.0,277.0,87.0,94.0
773.0,276.0,87.0,94.0
772.0,271.0,87.0,94.0
771.0,272.0,87.0,94.0
774.0,274.0,87.0,94.0
780.0,279.0,87.0,94.0
788.0,285.0,87.0,94.0
787.0,289.0,87.0,94.0
784.0,286.0,87.0,94.0
784.0,287.0,87.0,94.0
783.0,284.0,87.0,94.0
784.0,282.0,87.0,94.0
777.0,289.0,87.0,94.0
772.0,283.0,87.0,94.0
774.0,287.0,87.0,94.0
776.0,290.0,87.0,94.0
771.0,296.0,87.0,94.0
763.0,298.0,87.0,94.0
759.0,296.0,87.0,94.0
761.0,296.0,87.0,94.0
765.0,293.0,87.0,94.0
760.0,295.0,87.0,94.0
758.0,294.0,87.0,94.0
758.0,298.0,87.0,94.0
758.0,299.0,87.0,94.0
755.0,301.0,87.0,94.0
755.0,303.0,87.0,94.0
754.0,305.0,92.0,99.0
754.0,305.0,96.0,104.0
755.0,303.0,101.0,109.0
752.0,300.0,101.0,109.0
741.0,298.0,101.0,109.0
736.0,299.0,101.0,109.0
713.0,300.0,101.0,109.0
710.0,299.0,101.0,109.0
715.0,300.0,101.0,109.0
722.0,301.0,101.0,109.0
716.0,300.0,101.0,109.0
707.0,301.0,101.0,109.0
701.0,302.0,101.0,109.0
705.0,302.0,101.0,109.0
709.0,299.0,101.0,109.0
712.0,304.0,101.0,109.0
710.0,318.0,101.0,109.0
702.0,319.0,101.0,109.0
698.0,325.0,101.0,109.0
698.0,336.0,101.0,109.0
698.0,341.0,101.0,109.0
704.0,345.0,101.0,109.0
701.0,344.0,101.0,109.0
693.0,342.0,101.0,109.0
687.0,347.0,96.0,104.0
685.0,350.0,96.0,104.0
693.0,357.0,96.0,104.0
699.0,368.0,96.0,104.0
696.0,359.0,96.0,104.0
684.0,354.0,96.0,104.0
676.0,351.0,96.0,104.0
672.0,358.0,96.0,104.0
675.0,366.0,96.0,104.0
681.0,373.0,96.0,104.0
682.0,365.0,96.0,104.0
673.0,353.0,96.0,104.0
663.0,349.0,92.0,99.0
656.0,345.0,92.0,99.0
659.0,353.0,92.0,99.0
672.0,357.0,92.0,99.0
682.0,367.0,92.0,99.0
678.0,364.0,92.0,99.0
667.0,359.0,92.0,99.0
660.0,352.0,92.0,99.0
657.0,348.0,96.0,104.0
659.0,353.0,96.0,104.0
666.0,353.0,96.0,104.0
668.0,359.0,96.0,104.0
662.0,355.0,96.0,104.0
652.0,354.0,96.0,104.0
640.0,355.0,96.0,104.0
637.0,353.0,96.0,104.0
640.0,352.0,96.0,104.0
649.0,352.0,96.0,104.0
651.0,354.0,96.0,104.0
649.0,355.0,96.0,104.0
646.0,359.0,96.0,104.0
645.0,367.0,96.0,104.0
641.0,374.0,96.0,104.0
650.0,380.0,96.0,104.0
652.0,384.0,96.0,104.0
650.0,379.0,96.0,104.0
642.0,378.0,96.0,104.0
634.0,374.0,96.0,104.0
627.0,377.0,96.0,104.0
634.0,383.0,96.0,104.0
637.0,387.0,96.0,104.0
631.0,389.0,96.0,104.0
621.0,387.0,96.0,104.0
614.0,386.0,96.0,104.0
617.0,379.0,96.0,104.0
632.0,390.0,96.0,104.0
632.0,406.0,96.0,104.0
624.0,419.0,96.0,104.0
617.0,427.0,96.0,104.0
615.0,425.0,96.0,104.0
618.0,417.0,96.0,104.0
634.0,400.0,96.0,104.0
647.0,388.0,96.0,104.0
660.0,383.0,96.0,104.0
670.0,378.0,96.0,104.0
675.0,377.0,96.0,104.0
675.0,378.0,96.0,104.0
676.0,384.0,96.0,104.0
674.0,404.0,96.0,104.0
670.0,415.0,96.0,104.0
663.0,422.0,96.0,104.0
662.0,427.0,92.0,99.0
662.0,428.0,87.0,94.0
662.0,419.0,87.0,94.0
669.0,403.0,87.0,94.0
673.0,405.0,87.0,94.0
674.0,406.0,87.0,94.0
661.0,395.0,87.0,94.0
652.0,379.0,87.0,94.0
648.0,369.0,87.0,94.0
646.0,345.0,87.0,94.0
645.0,337.0,87.0,94.0
638.0,333.0,87.0,94.0
631.0,329.0,87.0,94.0
622.0,326.0,87.0,94.0
612.0,317.0,87.0,94.0
588.0,293.0,87.0,94.0
587.0,292.0,87.0,94.0
593.0,294.0,87.0,94.0
598.0,300.0,87.0,94.0
599.0,305.0,87.0,94.0
601.0,315.0,87.0,94.0
589.0,325.0,87.0,94.0
591.0,328.0,87.0,94.0
597.0,330.0,87.0,94.0
613.0,340.0,87.0,94.0
627.0,346.0,87.0,94.0
634.0,361.0,87.0,94.0
626.0,369.0,87.0,94.0
623.0,369.0,87.0,94.0
620.0,366.0,87.0,94.0
619.0,367.0,87.0,94.0
620.0,366.0,87.0,94.0
620.0,366.0,87.0,94.0
618.0,366.0,87.0,94.0
614.0,366.0,87.0,94.0
611.0,360.0,87.0,94.0
610.0,354.0,87.0,94.0
608.0,344.0,87.0,94.0
611.0,341.0,87.0,94.0
614.0,343.0,87.0,94.0
614.0,356.0,87.0,94.0
609.0,360.0,87.0,94.0
600.0,359.0,87.0,94.0
596.0,355.0,83.0,90.0
592.0,350.0,83.0,90.0
596.0,345.0,83.0,90.0
608.0,349.0,83.0,90.0
612.0,354.0,83.0,90.0
614.0,357.0,83.0,90.0
611.0,355.0,83.0,90.0
607.0,351.0,83.0,90.0
607.0,347.0,83.0,90.0
612.0,341.0,83.0,90.0
616.0,340.0,83.0,90.0
617.0,342.0,83.0,90.0
614.0,342.0,83.0,90.0
611.0,341.0,83.0,90.0
612.0,340.0,83.0,90.0
620.0,336.0,83.0,90.0
632.0,320.0,79.0,85.0
642.0,313.0,79.0,85.0
650.0,308.0,79.0,85.0
658.0,305.0,79.0,85.0
658.0,299.0,79.0,85.0
649.0,293.0,79.0,85.0
650.0,297.0,79.0,85.0
651.0,301.0,79.0,85.0
650.0,306.0,79.0,85.0
649.0,310.0,79.0,85.0
653.0,308.0,79.0,85.0
657.0,311.0,79.0,85.0
666.0,312.0,79.0,85.0
669.0,314.0,79.0,85.0
672.0,318.0,79.0,85.0
672.0,322.0,79.0,85.0
674.0,326.0,79.0,85.0
673.0,333.0,79.0,85.0
677.0,348.0,79.0,85.0
678.0,353.0,79.0,85.0
678.0,354.0,79.0,85.0
677.0,350.0,79.0,85.0
679.0,348.0,79.0,85.0
679.0,347.0,79.0,85.0
679.0,350.0,79.0,85.0
679.0,351.0,79.0,85.0
678.0,351.0,79.0,85.0
678.0,351.0,79.0,85.0
677.0,354.0,79.0,85.0
676.0,349.0,79.0,85.0
669.0,340.0,79.0,85.0
663.0,340.0,79.0,85.0
662.0,345.0,79.0,85.0
658.0,352.0,79.0,85.0
657.0,355.0,79.0,85.0
653.0,358.0,79.0,85.0
651.0,347.0,79.0,85.0
651.0,342.0,79.0,85.0
653.0,338.0,79.0,85.0
653.0,342.0,79.0,85.0
655.0,350.0,79.0,85.0
656.0,360.0,79.0,85.0
652.0,366.0,79.0,85.0
654.0,364.0,79.0,85.0
660.0,359.0,79.0,85.0
667.0,357.0,79.0,85.0
676.0,356.0,79.0,85.0
683.0,355.0,79.0,85.0
681.0,360.0,79.0,85.0
681.0,363.0,79.0,85.0
680.0,370.0,79.0,85.0
682.0,373.0,79.0,85.0
683.0,373.0,79.0,85.0
698.0,387.0,55.0,63.0
697.0,383.0,55.0,63.0
692.0,381.0,55.0,63.0
692.0,379.0,55.0,63.0
689.0,384.0,55.0,63.0
683.0,388.0,55.0,63.0
677.0,392.0,55.0,63.0
673.0,394.0,55.0,63.0
665.0,379.0,55.0,63.0
663.0,380.0,55.0,63.0
664.0,380.0,55.0,63.0
665.0,379.0,55.0,63.0
668.0,378.0,55.0,63.0
674.0,373.0,55.0,63.0
690.0,383.0,55.0,63.0
693.0,388.0,55.0,63.0
693.0,391.0,55.0,63.0
692.0,384.0,55.0,63.0
694.0,374.0,55.0,63.0
697.0,372.0,55.0,63.0
701.0,380.0,55.0,63.0
692.0,383.0,55.0,63.0
684.0,385.0,55.0,63.0
678.0,388.0,55.0,63.0
670.0,387.0,55.0,63.0
661.0,386.0,55.0,63.0
647.0,381.0,55.0,63.0
643.0,379.0,55.0,63.0
645.0,385.0,55.0,63.0
641.0,388.0,55.0,63.0
639.0,391.0,55.0,63.0
634.0,389.0,55.0,63.0
624.0,381.0,55.0,63.0
621.0,383.0,55.0,63.0
616.0,394.0,55.0,63.0
610.0,405.0,52.0,60.0
601.0,412.0,50.0,57.0
602.0,409.0,50.0,57.0
602.0,405.0,50.0,57.0
613.0,403.0,52.0,60.0
616.0,408.0,52.0,60.0
617.0,406.0,52.0,60.0
619.0,401.0,52.0,60.0
625.0,392.0,52.0,60.0
632.0,382.0,52.0,60.0
644.0,361.0,52.0,60.0
651.0,348.0,52.0,60.0
661.0,342.0,52.0,60.0
667.0,340.0,52.0,60.0
666.0,345.0,52.0,60.0
661.0,343.0,52.0,60.0
676.0,353.0,52.0,60.0
678.0,359.0,50.0,57.0
669.0,372.0,50.0,57.0
662.0,374.0,50.0,57.0
664.0,384.0,50.0,57.0
662.0,388.0,50.0,57.0
626.0,398.0,50.0,57.0
627.0,385.0,50.0,57.0
632.0,395.0,50.0,57.0
634.0,393.0,50.0,57.0
631.0,403.0,50.0,57.0
626.0,400.0,50.0,57.0
627.0,417.0,50.0,57.0
626.0,425.0,50.0,57.0
620.0,438.0,50.0,57.0
625.0,436.0,50.0,57.0
629.0,444.0,52.0,60.0
634.0,429.0,52.0,60.0
631.0,420.0,52.0,60.0
637.0,413.0,52.0,60.0
640.0,406.0,52.0,60.0
636.0,404.0,52.0,60.0
636.0,395.0,50.0,57.0
629.0,394.0,50.0,57.0
621.0,381.0,50.0,57.0
607.0,393.0,50.0,57.0
615.0,389.0,50.0,57.0
622.0,389.0,50.0,57.0
639.0,378.0,50.0,57.0
651.0,372.0,48.0,54.0
641.0,363.0,48.0,54.0
613.0,364.0,48.0,54.0
613.0,371.0,48.0,54.0
618.0,373.0,48.0,54.0
621.0,378.0,48.0,54.0
636.0,387.0,48.0,54.0
647.0,395.0,48.0,54.0
647.0,391.0,48.0,54.0
641.0,378.0,48.0,54.0
633.0,364.0,48.0,54.0
629.0,352.0,48.0,54.0
641.0,340.0,48.0,54.0
664.0,330.0,48.0,54.0
662.0,334.0,48.0,54.0
641.0,327.0,48.0,54.0
629.0,332.0,48.0,54.0
635.0,332.0,48.0,54.0
646.0,355.0,48.0,54.0
647.0,356.0,48.0,54.0
611.0,373.0,43.0,57.0
609.0,369.0,42.0,53.0
625.0,358.0,45.0,52.0
621.0,355.0,45.0,52.0
612.0,346.0,45.0,52.0
607.0,325.0,45.0,52.0
604.0,325.0,45.0,52.0
603.0,328.0,45.0,52.0
610.0,330.0,45.0,52.0
622.0,350.0,45.0,52.0
635.0,350.0,45.0,52.0
639.0,362.0,45.0,52.0
620.0,369.0,45.0,52.0
623.0,364.0,45.0,52.0
619.0,367.0,51.0,60.0
601.0,384.0,54.0,63.0
578.0,422.0,54.0,63.0
612.0,422.0,54.0,63.0
657.0,438.0,56.0,66.0
685.0,439.0,56.0,66.0
673.0,434.0,54.0,63.0
658.0,399.0,54.0,63.0
670.0,384.0,51.0,60.0
689.0,367.0,51.0,60.0
703.0,353.0,51.0,60.0
669.0,357.0,54.0,63.0
648.0,359.0,54.0,63.0
645.0,371.0,54.0,63.0
644.0,370.0,54.0,63.0
637.0,367.0,51.0,60.0
621.0,367.0,51.0,60.0
617.0,369.0,51.0,60.0
635.0,340.0,51.0,60.0
632.0,329.0,51.0,60.0
614.0,323.0,51.0,60.0
594.0,313.0,51.0,60.0
589.0,303.0,51.0,60.0
610.0,309.0,51.0,60.0
613.0,308.0,51.0,60.0
619.0,307.0,51.0,60.0
628.0,295.0,51.0,60.0
638.0,285.0,51.0,60.0
637.0,276.0,51.0,60.0
607.0,272.0,54.0,63.0
608.0,275.0,54.0,63.0
625.0,281.0,54.0,63.0
636.0,285.0,54.0,63.0
637.0,273.0,54.0,63.0
625.0,262.0,54.0,63.0
615.0,258.0,54.0,63.0
624.0,242.0,54.0,63.0
632.0,246.0,54.0,63.0
623.0,256.0,54.0,63.0
619.0,243.0,54.0,63.0
619.0,257.0,54.0,63.0
621.0,264.0,54.0,63.0
622.0,269.0,56.0,66.0
651.0,264.0,56.0,66.0
670.0,274.0,56.0,66.0
662.0,284.0,56.0,66.0
646.0,284.0,56.0,66.0
638.0,302.0,56.0,66.0
664.0,301.0,54.0,63.0
668.0,308.0,54.0,63.0
662.0,314.0,54.0,63.0
644.0,317.0,54.0,63.0
630.0,313.0,54.0,63.0
629.0,324.0,54.0,63.0
635.0,328.0,54.0,63.0
632.0,330.0,54.0,63.0
630.0,326.0,54.0,63.0
634.0,304.0,54.0,63.0
640.0,284.0,54.0,63.0
646.0,279.0,54.0,63.0
658.0,262.0,54.0,63.0
678.0,258.0,54.0,63.0
684.0,266.0,54.0,63.0
677.0,275.0,54.0,63.0
673.0,270.0,54.0,63.0
682.0,280.0,54.0,63.0
704.0,270.0,54.0,63.0
702.0,262.0,54.0,63.0
691.0,256.0,54.0,63.0
694.0,247.0,54.0,63.0
702.0,254.0,54.0,63.0
702.0,253.0,54.0,63.0
713.0,267.0,56.0,66.0
718.0,292.0,56.0,66.0
706.0,319.0,56.0,66.0
706.0,326.0,56.0,66.0
709.0,322.0,56.0,66.0
704.0,322.0,56.0,66.0
698.0,321.0,56.0,66.0
685.0,315.0,56.0,66.0
697.0,331.0,56.0,66.0
705.0,322.0,56.0,66.0
711.0,317.0,56.0,66.0
710.0,318.0,56.0,66.0
706.0,299.0,56.0,66.0
725.0,284.0,56.0,66.0
734.0,282.0,56.0,66.0
738.0,284.0,56.0,66.0
738.0,288.0,56.0,66.0
741.0,290.0,56.0,66.0
745.0,291.0,56.0,66.0
746.0,294.0,56.0,66.0
739.0,299.0,56.0,66.0
726.0,310.0,56.0,66.0
725.0,305.0,56.0,66.0
730.0,313.0,56.0,66.0
727.0,313.0,56.0,66.0
708.0,306.0,56.0,66.0
717.0,304.0,56.0,66.0
742.0,303.0,56.0,66.0
759.0,294.0,56.0,66.0
762.0,302.0,56.0,66.0
756.0,297.0,56.0,66.0
769.0,295.0,56.0,66.0
780.0,301.0,56.0,66.0
777.0,301.0,56.0,66.0
762.0,308.0,56.0,66.0
751.0,313.0,56.0,66.0
749.0,315.0,56.0,66.0
761.0,302.0,56.0,66.0
759.0,309.0,56.0,66.0
760.0,308.0,56.0,66.0
759.0,304.0,56.0,66.0
761.0,312.0,56.0,66.0
758.0,313.0,54.0,63.0
753.0,314.0,54.0,63.0
754.0,306.0,54.0,63.0
756.0,309.0,54.0,63.0
762.0,296.0,54.0,63.0
763.0,279.0,54.0,63.0
766.0,282.0,54.0,63.0
759.0,291.0,54.0,63.0
762.0,301.0,54.0,63.0
771.0,310.0,54.0,63.0
769.0,312.0,54.0,63.0
762.0,316.0,54.0,63.0
750.0,307.0,54.0,63.0
738.0,306.0,54.0,63.0
727.0,312.0,54.0,63.0
724.0,335.0,54.0,63.0
727.0,340.0,54.0,63.0
718.0,338.0,54.0,63.0
722.0,345.0,54.0,63.0
720.0,332.0,54.0,63.0
716.0,324.0,54.0,63.0
709.0,333.0,54.0,63.0
705.0,323.0,54.0,63.0
701.0,329.0,54.0,63.0
703.0,329.0,54.0,63.0
708.0,326.0,54.0,63.0
708.0,316.0,54.0,63.0
705.0,322.0,54.0,63.0
711.0,313.0,54.0,63.0
718.0,307.0,54.0,63.0
717.0,300.0,54.0,63.0
722.0,300.0,56.0,66.0
732.0,312.0,56.0,66.0
728.0,316.0,56.0,66.0
731.0,316.0,56.0,66.0
728.0,316.0,56.0,66.0
731.0,302.0,56.0,66.0
724.0,310.0,56.0,66.0
725.0,306.0,56.0,66.0
731.0,300.0,56.0,66.0
736.0,306.0,56.0,66.0
733.0,310.0,56.0,66.0
732.0,314.0,56.0,66.0
723.0,311.0,56.0,66.0
719.0,309.0,56.0,66.0
727.0,314.0,56.0,66.0
726.0,316.0,56.0,66.0
732.0,323.0,56.0,66.0
728.0,327.0,56.0,66.0
735.0,323.0,56.0,66.0
737.0,309.0,56.0,66.0
723.0,297.0,56.0,66.0
735.0,294.0,56.0,66.0
737.0,300.0,56.0,66.0
734.0,302.0,56.0,66.0
729.0,306.0,56.0,66.0
739.0,298.0,56.0,66.0
738.0,297.0,56.0,66.0
735.0,302.0,56.0,66.0
733.0,307.0,56.0,66.0
728.0,318.0,56.0,66.0
722.0,324.0,56.0,66.0
710.0,323.0,56.0,66.0
709.0,323.0,56.0,66.0
722.0,325.0,56.0,66.0
727.0,323.0,56.0,66.0
715.0,327.0,56.0,66.0
710.0,336.0,56.0,66.0
710.0,322.0,56.0,66.0
711.0,339.0,56.0,66.0
722.0,328.0,56.0,66.0
719.0,337.0,56.0,66.0
719.0,326.0,56.0,66.0
712.0,317.0,56.0,66.0
708.0,315.0,56.0,66.0
704.0,322.0,56.0,66.0
708.0,334.0,56.0,66.0
722.0,340.0,56.0,66.0
731.0,344.0,56.0,66.0
731.0,339.0,56.0,66.0
730.0,331.0,56.0,66.0
719.0,328.0,56.0,66.0
715.0,323.0,56.0,66.0
720.0,326.0,56.0,66.0
723.0,341.0,56.0,66.0
739.0,349.0,56.0,66.0
748.0,354.0,56.0,66.0
744.0,356.0,56.0,66.0
717.0,343.0,56.0,66.0
704.0,345.0,56.0,66.0
711.0,345.0,56.0,66.0
714.0,334.0,56.0,66.0
710.0,330.0,56.0,66.0
710.0,334.0,56.0,66.0
702.0,321.0,56.0,66.0
701.0,291.0,56.0,66.0
690.0,305.0,56.0,66.0
700.0,304.0,56.0,66.0
707.0,291.0,56.0,66.0
716.0,294.0,56.0,66.0
694.0,286.0,56.0,66.0
678.0,290.0,56.0,66.0
674.0,299.0,56.0,66.0
695.0,299.0,56.0,66.0
703.0,295.0,56.0,66.0
700.0,300.0,56.0,66.0
692.0,316.0,56.0,66.0
697.0,305.0,56.0,66.0
691.0,319.0,56.0,66.0
690.0,321.0,56.0,66.0
691.0,305.0,56.0,66.0
694.0,306.0,56.0,66.0
692.0,292.0,56.0,66.0
684.0,281.0,56.0,66.0
685.0,285.0,56.0,66.0
687.0,289.0,56.0,66.0
696.0,288.0,56.0,66.0
699.0,295.0,56.0,66.0
685.0,295.0,56.0,66.0
679.0,296.0,56.0,66.0
686.0,305.0,56.0,66.0
690.0,305.0,56.0,66.0
692.0,294.0,56.0,66.0
688.0,307.0,56.0,66.0
684.0,296.0,56.0,66.0
695.0,300.0,56.0,66.0
692.0,296.0,56.0,66.0
678.0,289.0,56.0,66.0
675.0,289.0,56.0,66.0
692.0,286.0,56.0,66.0
706.0,281.0,56.0,66.0
712.0,281.0,56.0,66.0
700.0,268.0,56.0,66.0
692.0,272.0,56.0,66.0
698.0,272.0,56.0,66.0
703.0,280.0,56.0,66.0
695.0,285.0,56.0,66.0
689.0,291.0,56.0,66.0
691.0,291.0,56.0,66.0
697.0,289.0,56.0,66.0
695.0,304.0,56.0,66.0
687.0,320.0,56.0,66.0
670.0,327.0,56.0,66.0
681.0,337.0,56.0,66.0
686.0,336.0,56.0,66.0
681.0,329.0,56.0,66.0
667.0,326.0,56.0,66.0
659.0,306.0,56.0,66.0
663.0,302.0,56.0,66.0
674.0,308.0,56.0,66.0
675.0,318.0,56.0,66.0
683.0,321.0,56.0,66.0
691.0,306.0,56.0,66.0
683.0,287.0,56.0,66.0
683.0,284.0,56.0,66.0
668.0,284.0,56.0,66.0
691.0,301.0,56.0,66.0
693.0,313.0,56.0,66.0
696.0,290.0,56.0,66.0
679.0,294.0,56.0,66.0
660.0,282.0,56.0,66.0
657.0,280.0,54.0,63.0
672.0,284.0,54.0,63.0
673.0,303.0,54.0,63.0
670.0,303.0,54.0,63.0
668.0,302.0,54.0,63.0
663.0,304.0,54.0,63.0
653.0,294.0,54.0,63.0
668.0,306.0,54.0,63.0
665.0,318.0,54.0,63.0
670.0,317.0,54.0,63.0
674.0,315.0,54.0,63.0
671.0,304.0,54.0,63.0
677.0,311.0,54.0,63.0
681.0,303.0,54.0,63.0
676.0,308.0,56.0,66.0
664.0,308.0,56.0,66.0
658.0,311.0,56.0,66.0
664.0,301.0,56.0,66.0
669.0,309.0,56.0,66.0
662.0,303.0,56.0,66.0
659.0,303.0,56.0,66.0
670.0,311.0,56.0,66.0
672.0,316.0,56.0,66.0
666.0,326.0,56.0,66.0
673.0,326.0,56.0,66.0
681.0,316.0,56.0,66.0
678.0,302.0,56.0,66.0
677.0,295.0,56.0,66.0
674.0,296.0,56.0,66.0
673.0,303.0,56.0,66.0
680.0,306.0,56.0,66.0
673.0,312.0,56.0,66.0
670.0,310.0,56.0,66.0
666.0,314.0,56.0,66.0
665.0,313.0,56.0,66.0
667.0,323.0,56.0,66.0
668.0,320.0,56.0,66.0
670.0,333.0,56.0,66.0
669.0,332.0,56.0,66.0
667.0,325.0,56.0,66.0
675.0,331.0,56.0,66.0
676.0,320.0,56.0,66.0
671.0,315.0,56.0,66.0
661.0,303.0,56.0,66.0
649.0,321.0,56.0,66.0
665.0,339.0,56.0,66.0
686.0,345.0,59.0,69.0
701.0,345.0,59.0,69.0
695.0,334.0,59.0,69.0
672.0,311.0,59.0,69.0
662.0,310.0,59.0,69.0
683.0,312.0,59.0,69.0
688.0,328.0,59.0,69.0
689.0,326.0,59.0,69.0
690.0,337.0,59.0,69.0
699.0,337.0,59.0,69.0
696.0,327.0,62.0,73.0
699.0,315.0,62.0,73.0
699.0,306.0,62.0,73.0
701.0,296.0,62.0,73.0
696.0,291.0,62.0,73.0
687.0,289.0,62.0,73.0
704.0,288.0,62.0,73.0
711.0,293.0,62.0,73.0
712.0,303.0,62.0,73.0
707.0,308.0,62.0,73.0
707.0,309.0,62.0,73.0
712.0,319.0,62.0,73.0
712.0,312.0,62.0,73.0
705.0,305.0,62.0,73.0
709.0,295.0,62.0,73.0
707.0,292.0,62.0,73.0
706.0,292.0,62.0,73.0
714.0,291.0,62.0,73.0
714.0,290.0,62.0,73.0
706.0,281.0,62.0,73.0
692.0,278.0,62.0,73.0
693.0,283.0,62.0,73.0
707.0,289.0,62.0,73.0
710.0,293.0,62.0,73.0
704.0,300.0,62.0,73.0
696.0,304.0,62.0,73.0
703.0,302.0,62.0,73.0
712.0,313.0,62.0,73.0
718.0,313.0,62.0,73.0
713.0,310.0,62.0,73.0
705.0,291.0,62.0,73.0
692.0,269.0,65.0,77.0
696.0,288.0,65.0,77.0
705.0,296.0,65.0,77.0
718.0,322.0,68.0,80.0
737.0,331.0,68.0,80.0
738.0,321.0,68.0,80.0
725.0,311.0,68.0,80.0
720.0,298.0,68.0,80.0
713.0,290.0,68.0,80.0
710.0,299.0,68.0,80.0
703.0,304.0,68.0,80.0
702.0,322.0,68.0,80.0
694.0,310.0,68.0,80.0
698.0,306.0,68.0,80.0
717.0,289.0,68.0,80.0
702.0,286.0,68.0,80.0
696.0,276.0,68.0,80.0
696.0,271.0,68.0,80.0
768.0,254.0,72.0,73.0
657.0,237.0,69.0,80.0
729.0,232.0,76.0,77.0
699.0,228.0,65.0,77.0
687.0,227.0,65.0,77.0
694.0,243.0,65.0,77.0
715.0,299.0,65.0,77.0
707.0,309.0,65.0,77.0
693.0,307.0,65.0,77.0
681.0,305.0,65.0,77.0
683.0,290.0,65.0,77.0
679.0,301.0,65.0,77.0
689.0,290.0,65.0,77.0
689.0,291.0,65.0,77.0
675.0,297.0,65.0,77.0
673.0,309.0,65.0,77.0
667.0,304.0,65.0,77.0
677.0,316.0,65.0,77.0
682.0,312.0,65.0,77.0
688.0,307.0,65.0,77.0
676.0,285.0,65.0,77.0
687.0,284.0,65.0,77.0
682.0,285.0,65.0,77.0
686.0,292.0,65.0,77.0
692.0,294.0,65.0,77.0
695.0,281.0,65.0,77.0
692.0,278.0,65.0,77.0
689.0,277.0,65.0,77.0
688.0,271.0,65.0,77.0
678.0,282.0,65.0,77.0
658.0,289.0,65.0,77.0
675.0,304.0,65.0,77.0
697.0,306.0,65.0,77.0
701.0,307.0,65.0,77.0
696.0,288.0,65.0,77.0
688.0,274.0,65.0,77.0
673.0,251.0,65.0,77.0
681.0,245.0,65.0,77.0
689.0,269.0,65.0,77.0
700.0,290.0,68.0,81.0
705.0,293.0,68.0,81.0
702.0,299.0,68.0,81.0
696.0,298.0,68.0,81.0
683.0,294.0,68.0,81.0
697.0,296.0,68.0,81.0
714.0,300.0,68.0,81.0
715.0,294.0,68.0,81.0
696.0,286.0,68.0,81.0
692.0,277.0,68.0,81.0
698.0,262.0,68.0,81.0
728.0,232.0,72.0,85.0
723.0,238.0,72.0,85.0
718.0,231.0,72.0,85.0
720.0,237.0,72.0,85.0
721.0,229.0,72.0,85.0
724.0,242.0,72.0,85.0
728.0,251.0,72.0,85.0
738.0,258.0,72.0,85.0
738.0,253.0,72.0,85.0
721.0,251.0,72.0,85.0
717.0,247.0,72.0,85.0
729.0,249.0,72.0,85.0
726.0,254.0,72.0,85.0
725.0,261.0,72.0,85.0
728.0,253.0,75.0,89.0
741.0,258.0,75.0,89.0
738.0,228.0,75.0,89.0
745.0,232.0,75.0,89.0
735.0,226.0,72.0,85.0
740.0,218.0,75.0,89.0
742.0,226.0,75.0,89.0
730.0,230.0,75.0,89.0
727.0,236.0,75.0,89.0
725.0,252.0,75.0,89.0
727.0,253.0,79.0,94.0
724.0,260.0,79.0,94.0
691.0,258.0,79.0,94.0
690.0,263.0,79.0,94.0
693.0,254.0,79.0,94.0
705.0,251.0,79.0,94.0
693.0,249.0,79.0,94.0
680.0,250.0,79.0,94.0
672.0,265.0,79.0,94.0
683.0,265.0,79.0,94.0
694.0,269.0,79.0,94.0
689.0,273.0,79.0,94.0
653.0,273.0,83.0,98.0
654.0,255.0,87.0,103.0
662.0,258.0,87.0,103.0
669.0,253.0,87.0,103.0
669.0,250.0,87.0,103.0
670.0,245.0,87.0,103.0
674.0,232.0,87.0,103.0
654.0,211.0,87.0,103.0
630.0,202.0,87.0,103.0
629.0,194.0,87.0,103.0
641.0,171.0,87.0,103.0
667.0,159.0,87.0,103.0
692.0,140.0,87.0,103.0
642.0,116.0,87.0,103.0
638.0,99.0,87.0,103.0
659.0,121.0,91.0,108.0
661.0,130.0,96.0,114.0
666.0,172.0,96.0,114.0
651.0,193.0,96.0,114.0
642.0,202.0,96.0,114.0
620.0,200.0,91.0,108.0
615.0,208.0,91.0,108.0
612.0,209.0,91.0,108.0
633.0,222.0,91.0,108.0
651.0,238.0,91.0,108.0
646.0,257.0,91.0,108.0
627.0,258.0,91.0,108.0
618.0,240.0,91.0,108.0
610.0,232.0,91.0,108.0
608.0,229.0,91.0,108.0
622.0,232.0,87.0,103.0
651.0,241.0,87.0,103.0
639.0,235.0,87.0,103.0
631.0,238.0,87.0,103.0
615.0,246.0,87.0,103.0
617.0,261.0,87.0,103.0
619.0,252.0,91.0,108.0
614.0,236.0,96.0,114.0
603.0,222.0,96.0,114.0
585.0,213.0,96.0,114.0
568.0,221.0,96.0,114.0
570.0,231.0,96.0,114.0
595.0,246.0,96.0,114.0
609.0,259.0,96.0,114.0
587.0,259.0,96.0,114.0
564.0,259.0,96.0,114.0
568.0,251.0,91.0,108.0
555.0,248.0,91.0,108.0
563.0,245.0,91.0,108.0
570.0,247.0,91.0,108.0
562.0,236.0,91.0,108.0
548.0,232.0,96.0,114.0
538.0,225.0,96.0,114.0
533.0,230.0,96.0,114.0
530.0,242.0,96.0,114.0
529.0,240.0,101.0,119.0
490.0,248.0,101.0,119.0
501.0,244.0,101.0,119.0
503.0,253.0,101.0,119.0
513.0,256.0,101.0,119.0
511.0,254.0,101.0,119.0
510.0,244.0,101.0,119.0
486.0,226.0,101.0,119.0
487.0,227.0,101.0,119.0
494.0,231.0,101.0,119.0
498.0,235.0,101.0,119.0
490.0,239.0,101.0,119.0
484.0,241.0,101.0,119.0
467.0,234.0,106.0,125.0
459.0,235.0,106.0,125.0
448.0,243.0,106.0,125.0
439.0,244.0,106.0,125.0
438.0,248.0,106.0,125.0
448.0,257.0,101.0,119.0
442.0,251.0,101.0,119.0
436.0,243.0,101.0,119.0
434.0,241.0,101.0,119.0
434.0,238.0,101.0,119.0
430.0,243.0,101.0,119.0
432.0,244.0,101.0,119.0
440.0,253.0,101.0,119.0
449.0,262.0,101.0,119.0
436.0,260.0,101.0,119.0
430.0,258.0,101.0,119.0
436.0,262.0,101.0,119.0
442.0,259.0,101.0,119.0
439.0,257.0,101.0,119.0
426.0,260.0,101.0,119.0
426.0,258.0,101.0,119.0
423.0,266.0,101.0,119.0
427.0,264.0,101.0,119.0
427.0,265.0,101.0,119.0
427.0,264.0,101.0,119.0
436.0,261.0,101.0,119.0
445.0,257.0,101.0,119.0
449.0,258.0,101.0,119.0
448.0,260.0,101.0,119.0
445.0,258.0,101.0,119.0
440.0,259.0,101.0,119.0
443.0,263.0,101.0,119.0
449.0,274.0,96.0,114.0
452.0,280.0,96.0,114.0
462.0,285.0,96.0,114.0
467.0,288.0,96.0,114.0
463.0,288.0,96.0,114.0
455.0,285.0,96.0,114.0
458.0,285.0,96.0,114.0
464.0,284.0,96.0,114.0
461.0,286.0,96.0,114.0
460.0,285.0,96.0,114.0
463.0,288.0,96.0,114.0
461.0,293.0,96.0,114.0
465.0,295.0,96.0,114.0
472.0,297.0,96.0,114.0
475.0,298.0,96.0,114.0
472.0,297.0,96.0,114.0
470.0,300.0,96.0,114.0
474.0,302.0,96.0,114.0
474.0,303.0,96.0,114.0
474.0,303.0,96.0,114.0
472.0,301.0,96.0,114.0
474.0,300.0,96.0,114.0
472.0,301.0,96.0,114.0
469.0,304.0,96.0,114.0
470.0,303.0,96.0,114.0
466.0,303.0,96.0,114.0
460.0,302.0,96.0,114.0
455.0,299.0,96.0,114.0
452.0,297.0,96.0,114.0
450.0,297.0,96.0,114.0
445.0,297.0,96.0,114.0
444.0,293.0,101.0,119.0
444.0,295.0,101.0,119.0
418.0,306.0,121.0,108.0
419.0,305.0,121.0,108.0
421.0,307.0,121.0,108.0
425.0,311.0,121.0,108.0
421.0,308.0,121.0,108.0
413.0,307.0,121.0,108.0
407.0,305.0,121.0,108.0
401.0,300.0,127.0,113.0
401.0,303.0,127.0,113.0
416.0,303.0,127.0,113.0
425.0,299.0,127.0,113.0
425.0,289.0,127.0,113.0
422.0,276.0,127.0,113.0
433.0,272.0,127.0,113.0
451.0,270.0,127.0,113.0
488.0,264.0,121.0,108.0
500.0,264.0,121.0,108.0
513.0,267.0,121.0,108.0
534.0,271.0,115.0,103.0
549.0,271.0,115.0,103.0
555.0,276.0,110.0,98.0
571.0,275.0,105.0,93.0
589.0,273.0,105.0,93.0
610.0,276.0,105.0,93.0
624.0,279.0,105.0,93.0
637.0,283.0,100.0,89.0
650.0,290.0,100.0,89.0
664.0,295.0,100.0,89.0
682.0,298.0,100.0,89.0
689.0,295.0,95.0,85.0
687.0,294.0,95.0,85.0
683.0,291.0,95.0,85.0
692.0,298.0,95.0,85.0
707.0,300.0,90.0,81.0
708.0,301.0,90.0,81.0
705.0,298.0,90.0,81.0
696.0,299.0,90.0,81.0
692.0,303.0,86.0,77.0
690.0,309.0,86.0,77.0
695.0,314.0,86.0,77.0
689.0,318.0,86.0,77.0
680.0,324.0,86.0,77.0
672.0,328.0,86.0,77.0
666.0,330.0,86.0,77.0
661.0,336.0,82.0,73.0
656.0,336.0,82.0,73.0
658.0,334.0,78.0,70.0
655.0,333.0,74.0,66.0
649.0,326.0,78.0,70.0
647.0,317.0,78.0,70.0
643.0,307.0,78.0,70.0
641.0,311.0,78.0,70.0
658.0,322.0,78.0,70.0
0
0
0
0
0
0
0
0
0
0
0
0
0
0
0
0
0
0
0
0
0
0
0
0
0
0
0
0
0
0
0
0
0
0
0
0
0
0
0
0
0
0
0
0
0
0
0
0
0
0
0
0
0
0
0
0
0
0
0
0
0
0
0
0
0
0
0
0
0
0
0
0
0
0
0
0
0
0
0
0
0
0
0
0
0
0
0
0
227.0,437.0,72.0,54.0
215.0,440.0,72.0,54.0
196.0,440.0,72.0,54.0
189.0,441.0,72.0,54.0
180.0,445.0,72.0,54.0
170.0,436.0,68.0,53.0
165.0,440.0,68.0,53.0
158.0,438.0,68.0,53.0
152.0,434.0,68.0,53.0
145.0,429.0,68.0,53.0
131.0,417.0,71.0,56.0
123.0,412.0,71.0,56.0
115.0,405.0,71.0,56.0
110.0,402.0,71.0,56.0
105.0,400.0,71.0,56.0
95.0,396.0,71.0,56.0
65.0,389.0,71.0,56.0
55.0,391.0,71.0,56.0
48.0,392.0,71.0,56.0
42.0,395.0,71.0,56.0
35.0,395.0,71.0,56.0
32.0,394.0,71.0,56.0
26.0,381.0,71.0,56.0
12.0,372.0,71.0,56.0
6.0,367.0,71.0,56.0
20.0,371.0,71.0,56.0
50.0,377.0,68.0,53.0
79.0,371.0,71.0,56.0
131.0,355.0,71.0,56.0
166.0,354.0,71.0,56.0
209.0,357.0,71.0,56.0
256.0,364.0,71.0,56.0
301.0,370.0,71.0,56.0
335.0,374.0,71.0,56.0
383.0,376.0,71.0,56.0
419.0,375.0,68.0,53.0
449.0,376.0,65.0,50.0
0
0
0
0
0
0
0
0
0
0
0
0
0
0
0
0
0
0
0
0
0
484.0,394.0,53.0,47.0
485.0,381.0,53.0,47.0
483.0,375.0,53.0,47.0
482.0,369.0,53.0,47.0
485.0,359.0,56.0,49.0
495.0,349.0,56.0,49.0
502.0,343.0,56.0,49.0
507.0,335.0,56.0,49.0
509.0,331.0,56.0,49.0
505.0,329.0,56.0,49.0
504.0,329.0,56.0,49.0
513.0,329.0,53.0,47.0
523.0,329.0,53.0,47.0
512.0,325.0,53.0,47.0
502.0,326.0,53.0,47.0
496.0,327.0,53.0,47.0
499.0,334.0,50.0,45.0
501.0,339.0,50.0,45.0
501.0,344.0,48.0,43.0
498.0,354.0,48.0,43.0
500.0,357.0,48.0,43.0
501.0,358.0,48.0,43.0
499.0,360.0,48.0,43.0
495.0,359.0,48.0,43.0
492.0,357.0,48.0,43.0
493.0,354.0,48.0,43.0
490.0,347.0,48.0,43.0
483.0,342.0,48.0,43.0
477.0,337.0,46.0,41.0
473.0,337.0,46.0,41.0
468.0,337.0,46.0,41.0
463.0,343.0,46.0,41.0
456.0,353.0,44.0,39.0
452.0,353.0,44.0,39.0
449.0,356.0,44.0,39.0
448.0,359.0,42.0,37.0
452.0,359.0,42.0,37.0
452.0,359.0,42.0,37.0
446.0,348.0,42.0,37.0
453.0,342.0,42.0,37.0
461.0,338.0,42.0,37.0
467.0,332.0,42.0,37.0
469.0,326.0,42.0,37.0
469.0,323.0,42.0,37.0
473.0,322.0,42.0,37.0
480.0,320.0,42.0,37.0
485.0,317.0,42.0,37.0
484.0,315.0,42.0,37.0
478.0,313.0,42.0,37.0
476.0,314.0,42.0,37.0
478.0,325.0,42.0,37.0
480.0,333.0,42.0,37.0
485.0,337.0,42.0,37.0
488.0,339.0,42.0,37.0
491.0,339.0,40.0,35.0
491.0,339.0,40.0,35.0
486.0,340.0,40.0,35.0
479.0,340.0,40.0,35.0
477.0,339.0,40.0,35.0
476.0,339.0,40.0,35.0
472.0,338.0,40.0,35.0
469.0,337.0,40.0,35.0
469.0,335.0,40.0,35.0
468.0,336.0,40.0,35.0
464.0,336.0,40.0,35.0
461.0,336.0,40.0,35.0
457.0,337.0,40.0,35.0
457.0,338.0,40.0,35.0
458.0,337.0,40.0,35.0
450.0,328.0,40.0,35.0
449.0,325.0,40.0,35.0
435.0,331.0,40.0,35.0
434.0,332.0,40.0,35.0
433.0,332.0,40.0,35.0
435.0,334.0,40.0,35.0
440.0,336.0,40.0,35.0
443.0,341.0,40.0,35.0
445.0,345.0,40.0,35.0
451.0,350.0,40.0,35.0
458.0,353.0,40.0,35.0
468.0,355.0,40.0,35.0
486.0,357.0,40.0,35.0
487.0,356.0,40.0,35.0
482.0,356.0,40.0,35.0
480.0,358.0,40.0,35.0
485.0,359.0,40.0,35.0
493.0,364.0,40.0,35.0
498.0,369.0,40.0,35.0
505.0,371.0,40.0,35.0
513.0,372.0,40.0,35.0
519.0,374.0,38.0,33.0
519.0,372.0,38.0,33.0
523.0,373.0,38.0,33.0
532.0,375.0,38.0,33.0
534.0,373.0,38.0,33.0
536.0,370.0,38.0,33.0
537.0,368.0,38.0,33.0
536.0,366.0,38.0,33.0
536.0,365.0,38.0,33.0
533.0,358.0,38.0,33.0
528.0,356.0,38.0,33.0
526.0,356.0,38.0,33.0
527.0,355.0,38.0,33.0
528.0,358.0,38.0,33.0
524.0,362.0,38.0,33.0
0
0
0
550.0,349.0,33.0,35.0
552.0,350.0,33.0,35.0
556.0,345.0,33.0,35.0
563.0,342.0,33.0,35.0
564.0,336.0,33.0,35.0
568.0,332.0,33.0,35.0
565.0,330.0,33.0,35.0
561.0,329.0,33.0,35.0
561.0,329.0,33.0,35.0
562.0,331.0,33.0,35.0
561.0,331.0,33.0,35.0
560.0,331.0,33.0,35.0
557.0,328.0,29.0,36.0
551.0,328.0,32.0,34.0
555.0,327.0,33.0,35.0
560.0,328.0,33.0,35.0
553.0,323.0,33.0,35.0
550.0,321.0,33.0,35.0
549.0,320.0,33.0,35.0
549.0,320.0,33.0,35.0
548.0,319.0,33.0,35.0
548.0,321.0,33.0,35.0
552.0,320.0,33.0,35.0
552.0,316.0,33.0,35.0
552.0,316.0,33.0,35.0
553.0,316.0,33.0,35.0
555.0,317.0,33.0,35.0
558.0,319.0,33.0,35.0
557.0,319.0,33.0,35.0
559.0,321.0,33.0,35.0
565.0,323.0,33.0,35.0
568.0,326.0,33.0,35.0
565.0,328.0,33.0,35.0
563.0,327.0,33.0,35.0
564.0,329.0,31.0,33.0
561.0,330.0,31.0,33.0
562.0,330.0,31.0,33.0
565.0,332.0,31.0,33.0
566.0,334.0,31.0,33.0
567.0,334.0,31.0,33.0
568.0,336.0,31.0,33.0
568.0,334.0,31.0,33.0
565.0,331.0,33.0,35.0
563.0,332.0,33.0,35.0
561.0,331.0,33.0,35.0
563.0,331.0,33.0,35.0
564.0,333.0,31.0,33.0
563.0,334.0,31.0,33.0
565.0,335.0,31.0,33.0
565.0,334.0,31.0,33.0
564.0,332.0,31.0,33.0
564.0,326.0,33.0,35.0
565.0,327.0,33.0,35.0
560.0,327.0,33.0,35.0
560.0,323.0,33.0,35.0
560.0,325.0,33.0,35.0
559.0,326.0,33.0,35.0
556.0,326.0,31.0,33.0
557.0,324.0,31.0,33.0
555.0,323.0,31.0,33.0
0
0
0
0
0
0
0
0
0
