752.0,233.0,68.0,153.0
751.0,231.0,69.0,154.0
751.0,230.0,69.0,156.0
750.0,228.0,70.0,157.0
751.0,227.0,69.0,158.0
752.0,226.0,69.0,160.0
753.0,225.0,68.0,161.0
755.0,224.0,67.0,161.0
756.0,223.0,67.0,160.0
758.0,222.0,66.0,160.0
759.0,220.0,65.0,160.0
761.0,217.0,63.0,160.0
762.0,215.0,62.0,160.0
762.0,213.0,62.0,160.0
763.0,210.0,63.0,160.0
763.0,208.0,63.0,160.0
763.0,207.0,63.0,155.0
763.0,206.0,63.0,150.0
763.0,205.0,63.0,145.0
765.0,202.0,63.0,145.0
766.0,200.0,63.0,145.0
768.0,197.0,63.0,145.0
768.0,197.0,63.0,145.0
768.0,197.0,63.0,145.0
768.0,197.0,63.0,145.0
768.0,196.0,63.0,146.0
769.0,194.0,63.0,148.0
769.0,193.0,63.0,149.0
771.0,191.0,62.0,150.0
773.0,190.0,62.0,150.0
775.0,188.0,61.0,151.0
776.0,186.0,61.0,153.0
778.0,185.0,60.0,156.0
779.0,183.0,60.0,158.0
779.0,181.0,60.0,158.0
780.0,178.0,60.0,158.0
780.0,176.0,60.0,158.0
782.0,174.0,60.0,157.0
783.0,173.0,60.0,156.0
785.0,171.0,60.0,155.0
786.0,170.0,60.0,151.0
787.0,168.0,60.0,147.0
788.0,167.0,60.0,143.0
788.0,166.0,61.0,143.0
788.0,165.0,61.0,143.0
788.0,164.0,62.0,143.0
788.0,164.0,62.0,143.0
788.0,164.0,62.0,143.0
788.0,164.0,62.0,143.0
788.0,162.0,62.0,145.0
788.0,160.0,63.0,146.0
788.0,158.0,63.0,148.0
788.0,157.0,63.0,149.0
788.0,157.0,62.0,150.0
788.0,156.0,62.0,151.0
788.0,155.0,61.0,151.0
788.0,153.0,59.0,152.0
788.0,152.0,58.0,152.0
786.0,150.0,58.0,151.0
784.0,148.0,58.0,150.0
782.0,146.0,58.0,149.0
781.0,145.0,58.0,146.0
779.0,145.0,57.0,142.0
778.0,144.0,57.0,139.0
777.0,142.0,57.0,138.0
776.0,140.0,56.0,136.0
775.0,138.0,56.0,135.0
774.0,138.0,55.0,135.0
773.0,138.0,54.0,135.0
772.0,138.0,53.0,135.0
772.0,138.0,52.0,136.0
772.0,138.0,52.0,136.0
772.0,138.0,51.0,137.0
770.0,137.0,52.0,140.0
769.0,136.0,54.0,142.0
767.0,135.0,55.0,145.0
766.0,134.0,56.0,147.0
766.0,133.0,56.0,150.0
765.0,132.0,57.0,152.0
766.0,133.0,55.0,151.0
768.0,133.0,53.0,149.0
769.0,134.0,51.0,148.0
770.0,133.0,51.0,148.0
771.0,131.0,52.0,149.0
772.0,130.0,52.0,149.0
772.0,130.0,52.0,148.0
772.0,130.0,52.0,146.0
772.0,130.0,52.0,145.0
773.0,130.0,53.0,142.0
773.0,131.0,55.0,138.0
774.0,131.0,56.0,135.0
775.0,130.0,55.0,134.0
776.0,128.0,55.0,134.0
777.0,127.0,54.0,133.0
775.0,128.0,57.0,134.0
774.0,128.0,59.0,136.0
772.0,129.0,62.0,137.0
774.0,129.0,61.0,137.0
776.0,130.0,60.0,138.0
778.0,130.0,59.0,138.0
779.0,131.0,58.0,138.0
779.0,133.0,58.0,139.0
780.0,134.0,57.0,139.0
780.0,133.0,58.0,141.0
779.0,133.0,59.0,143.0
779.0,132.0,60.0,145.0
780.0,132.0,59.0,145.0
781.0,131.0,57.0,146.0
782.0,131.0,56.0,146.0
782.0,131.0,56.0,144.0
782.0,132.0,55.0,141.0
782.0,132.0,55.0,139.0
781.0,132.0,55.0,137.0
781.0,131.0,54.0,135.0
780.0,131.0,54.0,133.0
779.0,131.0,53.0,131.0
777.0,132.0,52.0,129.0
776.0,132.0,51.0,127.0
774.0,132.0,51.0,128.0
771.0,133.0,51.0,129.0
769.0,133.0,51.0,130.0
766.0,133.0,51.0,131.0
764.0,134.0,51.0,131.0
761.0,134.0,51.0,132.0
759.0,134.0,51.0,134.0
756.0,134.0,51.0,137.0
754.0,134.0,51.0,139.0
752.0,134.0,51.0,141.0
751.0,133.0,50.0,143.0
749.0,133.0,50.0,145.0
747.0,133.0,51.0,145.0
745.0,133.0,51.0,145.0
743.0,133.0,52.0,145.0
742.0,133.0,51.0,144.0
741.0,134.0,51.0,143.0
740.0,134.0,50.0,142.0
740.0,134.0,50.0,139.0
739.0,133.0,50.0,136.0
739.0,133.0,50.0,133.0
739.0,133.0,50.0,132.0
740.0,133.0,50.0,130.0
740.0,133.0,50.0,129.0
739.0,134.0,51.0,129.0
739.0,135.0,53.0,129.0
738.0,136.0,54.0,129.0
739.0,137.0,53.0,132.0
739.0,137.0,52.0,134.0
740.0,138.0,51.0,137.0
740.0,138.0,51.0,138.0
739.0,139.0,52.0,139.0
739.0,139.0,52.0,140.0
740.0,139.0,51.0,141.0
742.0,140.0,50.0,141.0
743.0,140.0,49.0,142.0
744.0,140.0,48.0,141.0
745.0,141.0,48.0,140.0
746.0,141.0,47.0,139.0
746.0,141.0,47.0,137.0
745.0,142.0,48.0,136.0
745.0,142.0,48.0,134.0
744.0,143.0,49.0,132.0
744.0,144.0,51.0,130.0
743.0,145.0,52.0,128.0
742.0,146.0,53.0,128.0
741.0,147.0,55.0,128.0
740.0,148.0,56.0,128.0
742.0,148.0,54.0,130.0
744.0,148.0,53.0,132.0
746.0,148.0,51.0,134.0
747.0,149.0,51.0,135.0
747.0,150.0,51.0,137.0
748.0,151.0,51.0,138.0
749.0,152.0,50.0,138.0
749.0,152.0,50.0,139.0
750.0,153.0,49.0,139.0
749.0,153.0,50.0,141.0
749.0,153.0,50.0,143.0
748.0,153.0,51.0,145.0
747.0,153.0,51.0,143.0
747.0,153.0,50.0,142.0
746.0,153.0,50.0,140.0
746.0,153.0,50.0,139.0
745.0,154.0,49.0,137.0
745.0,154.0,49.0,136.0
743.0,154.0,50.0,134.0
740.0,154.0,51.0,132.0
738.0,154.0,52.0,130.0
735.0,155.0,53.0,130.0
732.0,155.0,53.0,129.0
729.0,156.0,54.0,129.0
726.0,156.0,55.0,130.0
722.0,156.0,55.0,132.0
719.0,156.0,56.0,133.0
716.0,156.0,56.0,135.0
712.0,156.0,56.0,138.0
709.0,156.0,56.0,140.0
707.0,157.0,54.0,140.0
705.0,157.0,52.0,139.0
703.0,158.0,50.0,139.0
701.0,157.0,49.0,138.0
698.0,157.0,49.0,138.0
696.0,156.0,48.0,137.0
694.0,156.0,48.0,136.0
691.0,155.0,47.0,134.0
689.0,155.0,47.0,133.0
687.0,154.0,47.0,132.0
684.0,154.0,48.0,130.0
682.0,153.0,48.0,129.0
681.0,153.0,48.0,129.0
681.0,153.0,48.0,130.0
680.0,153.0,48.0,130.0
680.0,152.0,48.0,133.0
680.0,152.0,48.0,135.0
680.0,151.0,48.0,138.0
680.0,151.0,48.0,138.0
681.0,152.0,48.0,137.0
681.0,152.0,48.0,137.0
681.0,151.0,48.0,139.0
681.0,151.0,48.0,141.0
681.0,150.0,48.0,143.0
681.0,148.0,48.0,144.0
682.0,147.0,47.0,145.0
682.0,145.0,47.0,146.0
682.0,144.0,48.0,145.0
681.0,144.0,50.0,145.0
681.0,143.0,51.0,144.0
682.0,143.0,51.0,142.0
684.0,142.0,50.0,141.0
685.0,142.0,50.0,139.0
684.0,141.0,51.0,137.0
683.0,140.0,51.0,134.0
682.0,139.0,52.0,132.0
683.0,138.0,51.0,132.0
684.0,137.0,51.0,132.0
685.0,136.0,50.0,132.0
683.0,136.0,52.0,133.0
680.0,135.0,53.0,135.0
678.0,135.0,55.0,136.0
675.0,135.0,55.0,136.0
673.0,134.0,55.0,136.0
670.0,134.0,55.0,136.0
669.0,133.0,54.0,138.0
667.0,132.0,52.0,140.0
666.0,131.0,51.0,142.0
665.0,129.0,50.0,142.0
664.0,128.0,48.0,143.0
663.0,126.0,47.0,143.0
662.0,126.0,47.0,140.0
661.0,125.0,47.0,137.0
660.0,125.0,47.0,134.0
659.0,124.0,47.0,132.0
657.0,123.0,48.0,131.0
656.0,122.0,48.0,129.0
656.0,121.0,48.0,129.0
656.0,121.0,47.0,130.0
656.0,120.0,47.0,130.0
655.0,119.0,47.0,131.0
655.0,118.0,46.0,133.0
654.0,117.0,46.0,134.0
653.0,117.0,48.0,134.0
653.0,116.0,49.0,135.0
652.0,116.0,51.0,135.0
654.0,116.0,50.0,136.0
655.0,115.0,50.0,136.0
657.0,115.0,49.0,137.0
658.0,114.0,49.0,138.0
658.0,114.0,48.0,139.0
659.0,113.0,48.0,140.0
661.0,112.0,47.0,140.0
662.0,110.0,47.0,140.0
664.0,109.0,46.0,140.0
666.0,108.0,46.0,139.0
668.0,107.0,46.0,138.0
670.0,106.0,46.0,137.0
671.0,105.0,47.0,135.0
672.0,105.0,48.0,132.0
673.0,104.0,49.0,130.0
675.0,103.0,48.0,130.0
678.0,103.0,47.0,129.0
680.0,102.0,46.0,129.0
681.0,102.0,47.0,129.0
681.0,102.0,48.0,129.0
682.0,102.0,49.0,129.0
682.0,102.0,50.0,130.0
683.0,101.0,50.0,132.0
683.0,101.0,51.0,133.0
684.0,100.0,52.0,134.0
686.0,99.0,53.0,135.0
687.0,98.0,54.0,136.0
689.0,98.0,52.0,136.0
691.0,98.0,50.0,137.0
693.0,98.0,48.0,137.0
695.0,97.0,47.0,136.0
696.0,97.0,46.0,135.0
698.0,96.0,45.0,134.0
698.0,96.0,45.0,133.0
698.0,95.0,46.0,133.0
698.0,95.0,46.0,132.0
698.0,94.0,47.0,130.0
697.0,93.0,47.0,128.0
697.0,92.0,48.0,126.0
697.0,92.0,48.0,127.0
698.0,92.0,48.0,127.0
698.0,92.0,48.0,128.0
698.0,92.0,48.0,129.0
698.0,92.0,49.0,131.0
698.0,92.0,49.0,132.0
698.0,92.0,49.0,133.0
697.0,91.0,49.0,134.0
697.0,91.0,49.0,135.0
697.0,91.0,49.0,135.0
698.0,92.0,48.0,136.0
698.0,92.0,48.0,136.0
698.0,92.0,48.0,137.0
698.0,91.0,48.0,137.0
698.0,91.0,48.0,138.0
699.0,91.0,46.0,138.0
699.0,91.0,45.0,137.0
700.0,91.0,43.0,137.0
700.0,91.0,44.0,136.0
701.0,91.0,44.0,135.0
701.0,91.0,45.0,134.0
701.0,90.0,45.0,132.0
701.0,89.0,46.0,131.0
701.0,88.0,46.0,129.0
700.0,89.0,47.0,129.0
700.0,90.0,49.0,128.0
699.0,91.0,50.0,128.0
699.0,92.0,50.0,128.0
699.0,93.0,49.0,129.0
699.0,94.0,49.0,129.0
697.0,95.0,51.0,130.0
695.0,95.0,52.0,131.0
693.0,96.0,54.0,132.0
693.0,97.0,53.0,132.0
693.0,97.0,52.0,133.0
693.0,98.0,51.0,133.0
694.0,98.0,50.0,134.0
695.0,98.0,50.0,136.0
696.0,98.0,49.0,137.0
696.0,98.0,48.0,137.0
696.0,97.0,48.0,138.0
696.0,97.0,47.0,138.0
696.0,98.0,47.0,136.0
695.0,100.0,47.0,134.0
695.0,101.0,47.0,132.0
695.0,102.0,46.0,130.0
696.0,102.0,46.0,127.0
696.0,103.0,45.0,125.0
696.0,103.0,45.0,127.0
695.0,104.0,46.0,128.0
695.0,104.0,46.0,130.0
695.0,105.0,46.0,130.0
695.0,106.0,46.0,130.0
695.0,107.0,46.0,130.0
694.0,108.0,46.0,132.0
693.0,108.0,47.0,135.0
692.0,109.0,47.0,137.0
691.0,109.0,48.0,138.0
690.0,110.0,48.0,138.0
689.0,110.0,49.0,139.0
689.0,111.0,48.0,139.0
689.0,112.0,48.0,138.0
689.0,113.0,47.0,138.0
688.0,112.0,47.0,140.0
686.0,112.0,47.0,141.0
685.0,111.0,47.0,143.0
683.0,112.0,47.0,140.0
681.0,113.0,46.0,138.0
679.0,114.0,46.0,135.0
676.0,114.0,46.0,133.0
674.0,114.0,46.0,131.0
671.0,114.0,46.0,129.0
668.0,115.0,46.0,129.0
664.0,115.0,46.0,129.0
661.0,116.0,46.0,129.0
657.0,116.0,47.0,130.0
652.0,117.0,47.0,131.0
648.0,117.0,48.0,132.0
644.0,118.0,48.0,132.0
641.0,119.0,48.0,133.0
637.0,120.0,48.0,133.0
633.0,121.0,49.0,134.0
628.0,121.0,49.0,136.0
624.0,122.0,50.0,137.0
622.0,122.0,49.0,137.0
619.0,123.0,49.0,138.0
617.0,123.0,48.0,138.0
615.0,123.0,47.0,136.0
612.0,124.0,47.0,135.0
610.0,124.0,46.0,133.0
608.0,125.0,46.0,131.0
605.0,125.0,45.0,130.0
603.0,126.0,45.0,128.0
601.0,126.0,44.0,129.0
598.0,127.0,44.0,129.0
596.0,127.0,43.0,130.0
595.0,128.0,44.0,131.0
593.0,130.0,45.0,132.0
592.0,131.0,46.0,133.0
592.0,131.0,46.0,134.0
592.0,132.0,45.0,134.0
592.0,132.0,45.0,135.0
591.0,133.0,46.0,136.0
591.0,133.0,47.0,136.0
590.0,134.0,48.0,137.0
591.0,134.0,46.0,138.0
593.0,135.0,45.0,139.0
594.0,135.0,43.0,140.0
594.0,135.0,44.0,140.0
594.0,135.0,44.0,140.0
594.0,135.0,45.0,140.0
596.0,135.0,43.0,140.0
597.0,136.0,42.0,139.0
599.0,136.0,40.0,139.0
600.0,136.0,40.0,138.0
601.0,136.0,41.0,136.0
602.0,136.0,41.0,135.0
602.0,137.0,42.0,134.0
602.0,138.0,42.0,133.0
602.0,139.0,43.0,132.0
602.0,140.0,44.0,133.0
603.0,142.0,44.0,133.0
603.0,143.0,45.0,134.0
602.0,143.0,47.0,135.0
600.0,144.0,49.0,136.0
599.0,144.0,51.0,137.0
601.0,145.0,49.0,137.0
603.0,147.0,48.0,137.0
605.0,148.0,46.0,137.0
606.0,149.0,47.0,137.0
607.0,150.0,47.0,136.0
608.0,151.0,48.0,136.0
609.0,151.0,49.0,136.0
609.0,151.0,49.0,135.0
610.0,151.0,50.0,135.0
612.0,152.0,47.0,132.0
615.0,152.0,44.0,130.0
617.0,153.0,41.0,127.0
616.0,153.0,42.0,128.0
615.0,154.0,44.0,129.0
614.0,154.0,45.0,130.0
616.0,154.0,44.0,131.0
618.0,154.0,44.0,132.0
620.0,154.0,43.0,133.0
621.0,155.0,44.0,134.0
621.0,155.0,45.0,135.0
622.0,156.0,46.0,136.0
622.0,157.0,47.0,136.0
622.0,158.0,49.0,137.0
622.0,159.0,50.0,137.0
624.0,159.0,49.0,138.0
627.0,159.0,49.0,139.0
629.0,159.0,48.0,140.0
631.0,159.0,48.0,141.0
632.0,158.0,49.0,143.0
634.0,158.0,49.0,144.0
637.0,158.0,47.0,142.0
640.0,158.0,45.0,141.0
643.0,158.0,43.0,139.0
645.0,157.0,44.0,138.0
646.0,157.0,44.0,138.0
648.0,156.0,45.0,137.0
649.0,157.0,45.0,134.0
651.0,158.0,46.0,132.0
652.0,159.0,46.0,129.0
652.0,159.0,47.0,131.0
652.0,160.0,49.0,133.0
652.0,160.0,50.0,135.0
651.0,160.0,52.0,136.0
651.0,160.0,55.0,136.0
650.0,160.0,57.0,137.0
651.0,161.0,56.0,137.0
652.0,161.0,56.0,138.0
653.0,162.0,55.0,138.0
655.0,162.0,55.0,137.0
656.0,163.0,56.0,137.0
658.0,163.0,56.0,136.0
659.0,163.0,54.0,135.0
660.0,162.0,53.0,134.0
661.0,162.0,51.0,133.0
659.0,162.0,50.0,131.0
658.0,162.0,50.0,130.0
656.0,162.0,49.0,128.0
656.0,163.0,48.0,128.0
656.0,163.0,47.0,128.0
656.0,164.0,46.0,128.0
654.0,163.0,45.0,130.0
653.0,162.0,44.0,133.0
651.0,161.0,43.0,135.0
647.0,161.0,45.0,135.0
642.0,162.0,47.0,135.0
638.0,162.0,49.0,135.0
635.0,162.0,49.0,136.0
632.0,162.0,50.0,137.0
629.0,162.0,50.0,138.0
627.0,162.0,50.0,138.0
625.0,163.0,51.0,137.0
623.0,163.0,51.0,137.0
623.0,161.0,50.0,139.0
624.0,160.0,48.0,140.0
624.0,158.0,47.0,142.0
623.0,158.0,46.0,141.0
623.0,158.0,44.0,140.0
622.0,158.0,43.0,139.0
622.0,158.0,42.0,137.0
621.0,158.0,41.0,135.0
621.0,158.0,40.0,133.0
621.0,157.0,41.0,132.0
622.0,157.0,41.0,130.0
622.0,156.0,42.0,129.0
622.0,156.0,44.0,130.0
621.0,156.0,46.0,131.0
621.0,156.0,48.0,132.0
622.0,156.0,49.0,133.0
624.0,156.0,49.0,134.0
625.0,156.0,50.0,135.0
627.0,157.0,51.0,134.0
629.0,157.0,53.0,133.0
631.0,158.0,54.0,132.0
635.0,158.0,53.0,131.0
639.0,159.0,51.0,129.0
643.0,159.0,50.0,128.0
646.0,159.0,49.0,127.0
650.0,158.0,47.0,126.0
653.0,158.0,46.0,125.0
654.0,158.0,47.0,125.0
655.0,158.0,47.0,125.0
656.0,158.0,48.0,125.0
657.0,158.0,47.0,125.0
659.0,158.0,46.0,126.0
660.0,158.0,45.0,126.0
661.0,157.0,45.0,127.0
661.0,157.0,45.0,127.0
662.0,156.0,45.0,128.0
661.0,157.0,46.0,128.0
661.0,157.0,46.0,129.0
660.0,158.0,47.0,129.0
659.0,157.0,48.0,130.0
657.0,157.0,48.0,131.0
656.0,156.0,49.0,132.0
656.0,157.0,48.0,131.0
656.0,157.0,48.0,131.0
656.0,158.0,47.0,130.0
656.0,157.0,48.0,131.0
656.0,156.0,48.0,131.0
656.0,155.0,49.0,132.0
657.0,156.0,47.0,131.0
657.0,157.0,44.0,131.0
658.0,158.0,42.0,130.0
658.0,156.0,41.0,130.0
659.0,155.0,41.0,129.0
659.0,153.0,40.0,129.0
657.0,153.0,41.0,129.0
654.0,153.0,42.0,129.0
652.0,153.0,43.0,129.0
651.0,153.0,44.0,126.0
650.0,153.0,44.0,123.0
649.0,153.0,45.0,120.0
646.0,153.0,46.0,122.0
644.0,152.0,47.0,123.0
641.0,152.0,48.0,125.0
638.0,152.0,51.0,125.0
634.0,152.0,53.0,124.0
631.0,152.0,56.0,124.0
631.0,152.0,56.0,124.0
632.0,152.0,55.0,124.0
632.0,152.0,55.0,124.0
633.0,152.0,54.0,124.0
633.0,151.0,52.0,124.0
634.0,151.0,51.0,124.0
635.0,151.0,49.0,121.0
637.0,152.0,48.0,118.0
638.0,152.0,46.0,115.0
637.0,151.0,45.0,117.0
636.0,151.0,44.0,120.0
635.0,150.0,43.0,122.0
635.0,148.0,42.0,122.0
635.0,147.0,40.0,123.0
635.0,145.0,39.0,123.0
634.0,144.0,39.0,124.0
634.0,144.0,40.0,125.0
633.0,143.0,40.0,126.0
631.0,143.0,42.0,125.0
630.0,144.0,44.0,125.0
628.0,144.0,46.0,124.0
626.0,144.0,48.0,124.0
624.0,143.0,49.0,125.0
622.0,143.0,51.0,125.0
623.0,143.0,51.0,124.0
623.0,143.0,52.0,124.0
624.0,143.0,52.0,123.0
626.0,142.0,52.0,123.0
628.0,141.0,51.0,124.0
630.0,140.0,51.0,124.0
630.0,139.0,50.0,125.0
630.0,137.0,49.0,125.0
630.0,136.0,48.0,126.0
630.0,135.0,46.0,125.0
631.0,135.0,45.0,124.0
631.0,134.0,43.0,123.0
630.0,133.0,42.0,123.0
629.0,133.0,41.0,123.0
628.0,132.0,40.0,123.0
625.0,131.0,42.0,123.0
623.0,131.0,45.0,123.0
620.0,130.0,47.0,123.0
617.0,130.0,49.0,122.0
615.0,130.0,50.0,120.0
612.0,130.0,52.0,119.0
611.0,129.0,52.0,119.0
611.0,127.0,52.0,118.0
610.0,126.0,52.0,118.0
611.0,126.0,52.0,118.0
611.0,127.0,52.0,118.0
612.0,127.0,52.0,118.0
611.0,127.0,53.0,117.0
611.0,126.0,53.0,117.0
610.0,126.0,54.0,116.0
610.0,125.0,53.0,117.0
609.0,125.0,51.0,117.0
609.0,124.0,50.0,118.0
609.0,124.0,47.0,118.0
610.0,123.0,44.0,118.0
610.0,123.0,41.0,118.0
608.0,122.0,40.0,119.0
607.0,122.0,38.0,121.0
605.0,121.0,37.0,122.0
603.0,120.0,38.0,122.0
601.0,120.0,39.0,122.0
599.0,119.0,40.0,122.0
596.0,119.0,42.0,121.0
593.0,119.0,45.0,121.0
590.0,119.0,47.0,120.0
588.0,118.0,49.0,120.0
586.0,118.0,52.0,120.0
584.0,117.0,54.0,120.0
584.0,117.0,53.0,120.0
585.0,116.0,53.0,119.0
585.0,116.0,52.0,119.0
587.0,116.0,51.0,119.0
588.0,117.0,50.0,119.0
590.0,117.0,49.0,119.0
589.0,116.0,49.0,119.0
589.0,116.0,48.0,118.0
588.0,115.0,48.0,118.0
589.0,114.0,44.0,117.0
589.0,113.0,41.0,117.0
590.0,112.0,37.0,116.0
588.0,112.0,36.0,118.0
586.0,112.0,36.0,120.0
584.0,112.0,35.0,122.0
581.0,111.0,38.0,122.0
578.0,111.0,40.0,122.0
575.0,110.0,43.0,122.0
573.0,110.0,44.0,121.0
571.0,109.0,45.0,121.0
569.0,109.0,46.0,120.0
567.0,110.0,48.0,119.0
566.0,111.0,49.0,117.0
564.0,112.0,51.0,116.0
564.0,112.0,51.0,116.0
565.0,112.0,50.0,116.0
565.0,112.0,50.0,116.0
565.0,112.0,49.0,117.0
565.0,112.0,49.0,117.0
565.0,112.0,48.0,118.0
564.0,113.0,46.0,118.0
564.0,113.0,45.0,117.0
563.0,114.0,43.0,117.0
561.0,114.0,42.0,118.0
559.0,114.0,41.0,119.0
557.0,114.0,40.0,120.0
555.0,115.0,37.0,120.0
552.0,115.0,35.0,119.0
550.0,116.0,32.0,119.0
547.0,116.0,33.0,119.0
545.0,116.0,35.0,120.0
542.0,116.0,36.0,120.0
539.0,116.0,39.0,120.0
535.0,116.0,43.0,120.0
532.0,116.0,46.0,120.0
530.0,117.0,48.0,119.0
528.0,119.0,49.0,118.0
526.0,120.0,51.0,117.0
526.0,120.0,51.0,117.0
525.0,121.0,52.0,118.0
525.0,121.0,52.0,118.0
525.0,121.0,52.0,118.0
525.0,122.0,51.0,119.0
525.0,122.0,51.0,119.0
525.0,123.0,50.0,119.0
524.0,123.0,50.0,119.0
524.0,124.0,49.0,119.0
523.0,125.0,47.0,119.0
521.0,125.0,44.0,119.0
520.0,126.0,42.0,119.0
518.0,126.0,39.0,121.0
517.0,126.0,36.0,122.0
515.0,126.0,33.0,124.0
513.0,127.0,34.0,125.0
510.0,128.0,36.0,126.0
508.0,129.0,37.0,127.0
506.0,131.0,40.0,125.0
503.0,132.0,43.0,124.0
501.0,134.0,46.0,122.0
500.0,134.0,48.0,122.0
498.0,135.0,49.0,123.0
497.0,135.0,51.0,123.0
497.0,136.0,52.0,123.0
497.0,138.0,53.0,122.0
497.0,139.0,54.0,122.0
497.0,140.0,53.0,121.0
498.0,141.0,52.0,121.0
498.0,142.0,51.0,120.0
498.0,143.0,50.0,120.0
497.0,143.0,48.0,119.0
497.0,144.0,47.0,119.0
497.0,144.0,45.0,120.0
498.0,144.0,43.0,121.0
498.0,144.0,41.0,122.0
497.0,145.0,39.0,121.0
496.0,145.0,37.0,121.0
495.0,146.0,35.0,120.0
493.0,146.0,38.0,121.0
490.0,146.0,40.0,121.0
488.0,146.0,43.0,122.0
486.0,147.0,46.0,121.0
485.0,147.0,48.0,121.0
483.0,148.0,51.0,120.0
482.0,149.0,52.0,119.0
482.0,151.0,54.0,117.0
481.0,152.0,55.0,116.0
481.0,153.0,56.0,116.0
482.0,153.0,56.0,117.0
482.0,154.0,57.0,117.0
482.0,154.0,57.0,117.0
482.0,154.0,58.0,117.0
482.0,154.0,58.0,117.0
482.0,155.0,57.0,117.0
481.0,155.0,56.0,116.0
481.0,156.0,55.0,116.0
481.0,156.0,52.0,117.0
481.0,155.0,50.0,119.0
481.0,155.0,47.0,120.0
481.0,156.0,45.0,120.0
481.0,158.0,42.0,120.0
481.0,159.0,40.0,120.0
482.0,160.0,39.0,122.0
483.0,160.0,38.0,124.0
484.0,161.0,37.0,126.0
484.0,162.0,40.0,127.0
484.0,162.0,43.0,129.0
484.0,163.0,46.0,130.0
486.0,164.0,47.0,129.0
489.0,165.0,49.0,127.0
491.0,166.0,50.0,126.0
495.0,167.0,50.0,126.0
498.0,168.0,49.0,126.0
502.0,169.0,49.0,126.0
507.0,170.0,48.0,126.0
511.0,170.0,47.0,125.0
516.0,171.0,46.0,125.0
520.0,172.0,44.0,123.0
524.0,173.0,43.0,122.0
528.0,174.0,41.0,120.0
532.0,173.0,40.0,121.0
537.0,173.0,40.0,123.0
541.0,172.0,39.0,124.0
546.0,173.0,39.0,122.0
550.0,174.0,40.0,121.0
555.0,175.0,40.0,119.0
561.0,176.0,40.0,119.0
566.0,176.0,41.0,119.0
572.0,177.0,41.0,119.0
576.0,177.0,43.0,120.0
579.0,177.0,45.0,121.0
583.0,177.0,47.0,122.0
588.0,177.0,48.0,122.0
594.0,178.0,49.0,123.0
599.0,178.0,50.0,123.0
603.0,178.0,51.0,122.0
608.0,179.0,53.0,120.0
612.0,179.0,54.0,119.0
618.0,179.0,52.0,119.0
624.0,179.0,50.0,120.0
630.0,179.0,48.0,120.0
633.0,179.0,48.0,119.0
635.0,179.0,47.0,117.0
638.0,179.0,47.0,116.0
641.0,179.0,45.0,116.0
644.0,179.0,43.0,117.0
647.0,179.0,41.0,117.0
648.0,179.0,42.0,118.0
648.0,179.0,42.0,119.0
649.0,179.0,43.0,120.0
647.0,179.0,44.0,122.0
646.0,178.0,46.0,124.0
644.0,178.0,47.0,126.0
642.0,178.0,48.0,126.0
640.0,178.0,48.0,126.0
638.0,178.0,49.0,126.0
636.0,178.0,49.0,126.0
633.0,178.0,48.0,125.0
631.0,178.0,48.0,125.0
630.0,177.0,46.0,124.0
629.0,176.0,44.0,124.0
628.0,175.0,42.0,123.0
625.0,175.0,43.0,122.0
621.0,175.0,44.0,121.0
618.0,175.0,45.0,120.0
616.0,175.0,45.0,120.0
613.0,174.0,45.0,119.0
611.0,174.0,45.0,119.0
609.0,173.0,45.0,118.0
608.0,173.0,45.0,118.0
606.0,172.0,45.0,117.0
605.0,172.0,44.0,116.0
605.0,172.0,44.0,115.0
604.0,172.0,43.0,114.0
603.0,172.0,45.0,114.0
601.0,172.0,47.0,113.0
600.0,172.0,49.0,113.0
599.0,172.0,51.0,114.0
597.0,171.0,52.0,116.0
596.0,171.0,54.0,117.0
598.0,171.0,53.0,117.0
601.0,170.0,53.0,118.0
603.0,170.0,52.0,118.0
605.0,170.0,51.0,118.0
608.0,170.0,49.0,117.0
610.0,170.0,48.0,117.0
611.0,169.0,48.0,117.0
613.0,167.0,47.0,118.0
614.0,166.0,47.0,118.0
615.0,166.0,46.0,117.0
617.0,166.0,46.0,115.0
618.0,166.0,45.0,114.0
618.0,165.0,45.0,114.0
619.0,165.0,45.0,114.0
619.0,164.0,45.0,114.0
619.0,163.0,45.0,115.0
618.0,163.0,46.0,115.0
618.0,162.0,46.0,116.0
616.0,161.0,47.0,119.0
613.0,160.0,47.0,122.0
611.0,159.0,48.0,125.0
609.0,159.0,48.0,125.0
606.0,158.0,47.0,125.0
604.0,158.0,47.0,125.0
601.0,158.0,47.0,124.0
598.0,158.0,46.0,124.0
595.0,158.0,46.0,123.0
592.0,157.0,46.0,123.0
588.0,157.0,45.0,123.0
585.0,156.0,45.0,123.0
582.0,156.0,45.0,123.0
578.0,155.0,45.0,122.0
575.0,155.0,45.0,122.0
574.0,155.0,45.0,121.0
572.0,154.0,45.0,120.0
571.0,154.0,45.0,119.0
570.0,154.0,44.0,118.0
568.0,153.0,44.0,118.0
567.0,153.0,43.0,117.0
566.0,153.0,44.0,116.0
565.0,152.0,44.0,116.0
564.0,152.0,45.0,115.0
563.0,152.0,46.0,117.0
561.0,152.0,46.0,120.0
560.0,152.0,47.0,122.0
560.0,152.0,47.0,121.0
559.0,152.0,46.0,121.0
559.0,152.0,46.0,120.0
560.0,152.0,44.0,121.0
561.0,151.0,43.0,122.0
562.0,151.0,41.0,123.0
561.0,151.0,41.0,122.0
560.0,151.0,42.0,121.0
559.0,151.0,42.0,120.0
559.0,150.0,42.0,121.0
559.0,150.0,41.0,121.0
559.0,149.0,41.0,122.0
558.0,149.0,41.0,121.0
556.0,149.0,41.0,120.0
555.0,149.0,41.0,119.0
554.0,149.0,42.0,119.0
552.0,148.0,44.0,119.0
551.0,148.0,45.0,119.0
549.0,149.0,45.0,121.0
548.0,149.0,45.0,122.0
546.0,150.0,45.0,124.0
545.0,149.0,45.0,126.0
545.0,149.0,46.0,128.0
544.0,148.0,46.0,130.0
544.0,149.0,46.0,129.0
543.0,149.0,45.0,128.0
543.0,150.0,45.0,127.0
542.0,151.0,46.0,127.0
542.0,151.0,46.0,126.0
541.0,152.0,47.0,126.0
541.0,152.0,47.0,126.0
541.0,151.0,46.0,127.0
541.0,151.0,46.0,127.0
540.0,152.0,46.0,126.0
538.0,152.0,46.0,124.0
537.0,153.0,46.0,123.0
537.0,153.0,46.0,123.0
536.0,152.0,47.0,124.0
536.0,152.0,47.0,124.0
536.0,152.0,45.0,122.0
537.0,152.0,44.0,121.0
537.0,152.0,42.0,119.0
537.0,152.0,43.0,121.0
536.0,151.0,45.0,122.0
536.0,151.0,46.0,124.0
536.0,152.0,47.0,124.0
535.0,152.0,47.0,125.0
535.0,153.0,48.0,125.0
535.0,153.0,47.0,125.0
536.0,154.0,47.0,126.0
536.0,154.0,46.0,126.0
536.0,154.0,46.0,126.0
536.0,154.0,47.0,127.0
536.0,154.0,47.0,127.0
537.0,154.0,46.0,127.0
537.0,153.0,44.0,128.0
538.0,153.0,43.0,128.0
537.0,153.0,44.0,126.0
537.0,153.0,45.0,125.0
536.0,153.0,46.0,123.0
536.0,153.0,46.0,123.0
536.0,154.0,46.0,123.0
536.0,154.0,46.0,123.0
536.0,154.0,47.0,123.0
535.0,153.0,47.0,122.0
535.0,153.0,48.0,122.0
536.0,153.0,47.0,124.0
536.0,153.0,47.0,126.0
537.0,153.0,46.0,128.0
537.0,153.0,47.0,130.0
537.0,153.0,49.0,131.0
537.0,153.0,50.0,133.0
538.0,153.0,50.0,133.0
540.0,153.0,49.0,134.0
541.0,153.0,49.0,134.0
542.0,153.0,49.0,133.0
544.0,153.0,48.0,133.0
545.0,153.0,48.0,132.0
546.0,153.0,48.0,131.0
548.0,153.0,49.0,131.0
549.0,153.0,49.0,130.0
550.0,152.0,49.0,130.0
550.0,151.0,48.0,130.0
551.0,150.0,48.0,130.0
552.0,150.0,48.0,129.0
552.0,149.0,48.0,128.0
553.0,149.0,48.0,127.0
555.0,149.0,47.0,126.0
557.0,149.0,47.0,125.0
559.0,149.0,46.0,124.0
560.0,149.0,46.0,124.0
561.0,148.0,47.0,125.0
562.0,148.0,47.0,125.0
562.0,147.0,48.0,127.0
562.0,147.0,48.0,128.0
562.0,146.0,49.0,130.0
563.0,146.0,48.0,130.0
564.0,145.0,48.0,129.0
565.0,145.0,47.0,129.0
566.0,144.0,47.0,130.0
566.0,143.0,46.0,132.0
567.0,142.0,46.0,133.0
568.0,142.0,46.0,132.0
569.0,141.0,45.0,131.0
570.0,141.0,45.0,130.0
570.0,140.0,46.0,130.0
570.0,140.0,46.0,129.0
570.0,139.0,47.0,129.0
570.0,139.0,47.0,128.0
570.0,138.0,47.0,128.0
570.0,138.0,47.0,127.0
570.0,137.0,48.0,126.0
570.0,135.0,49.0,126.0
570.0,134.0,50.0,125.0
570.0,134.0,49.0,128.0
571.0,133.0,49.0,130.0
571.0,133.0,48.0,133.0
571.0,133.0,48.0,134.0
570.0,132.0,49.0,136.0
570.0,132.0,49.0,137.0
570.0,133.0,49.0,136.0
570.0,133.0,49.0,134.0
570.0,134.0,49.0,133.0
570.0,134.0,49.0,133.0
569.0,133.0,48.0,133.0
569.0,133.0,48.0,133.0
568.0,133.0,48.0,133.0
566.0,132.0,49.0,132.0
565.0,132.0,49.0,132.0
565.0,130.0,49.0,132.0
564.0,129.0,48.0,132.0
564.0,127.0,48.0,132.0
564.0,126.0,48.0,132.0
563.0,126.0,48.0,132.0
563.0,125.0,48.0,132.0
564.0,125.0,48.0,130.0
564.0,124.0,49.0,129.0
565.0,124.0,49.0,127.0
566.0,124.0,49.0,127.0
568.0,123.0,50.0,126.0
569.0,123.0,50.0,126.0
571.0,123.0,50.0,128.0
573.0,122.0,49.0,130.0
575.0,122.0,49.0,132.0
578.0,122.0,49.0,131.0
582.0,122.0,48.0,131.0
585.0,122.0,48.0,130.0
589.0,121.0,48.0,131.0
592.0,121.0,49.0,131.0
596.0,120.0,49.0,132.0
601.0,120.0,48.0,131.0
607.0,121.0,48.0,129.0
612.0,121.0,47.0,128.0
618.0,121.0,47.0,128.0
625.0,120.0,46.0,128.0
631.0,120.0,46.0,128.0
635.0,120.0,46.0,128.0
639.0,119.0,47.0,127.0
643.0,119.0,47.0,127.0
645.0,118.0,48.0,127.0
648.0,117.0,48.0,128.0
650.0,116.0,49.0,128.0
650.0,116.0,49.0,128.0
650.0,116.0,50.0,127.0
650.0,116.0,50.0,127.0
649.0,116.0,50.0,129.0
647.0,117.0,51.0,131.0
646.0,117.0,51.0,133.0
644.0,117.0,51.0,134.0
641.0,116.0,50.0,136.0
639.0,116.0,50.0,137.0
637.0,117.0,50.0,136.0
635.0,118.0,49.0,135.0
633.0,119.0,49.0,134.0
630.0,119.0,49.0,133.0
627.0,120.0,50.0,133.0
624.0,120.0,50.0,132.0
622.0,120.0,50.0,132.0
620.0,120.0,50.0,132.0
618.0,120.0,50.0,132.0
616.0,120.0,49.0,131.0
613.0,119.0,48.0,129.0
611.0,119.0,47.0,128.0
608.0,118.0,47.0,128.0
606.0,118.0,47.0,127.0
603.0,117.0,47.0,127.0
600.0,118.0,47.0,126.0
598.0,118.0,47.0,126.0
595.0,119.0,47.0,125.0
591.0,119.0,48.0,125.0
588.0,119.0,48.0,126.0
584.0,119.0,49.0,126.0
582.0,118.0,49.0,128.0
580.0,118.0,49.0,131.0
578.0,117.0,49.0,133.0
579.0,118.0,48.0,132.0
580.0,119.0,48.0,131.0
581.0,120.0,47.0,130.0
583.0,120.0,46.0,131.0
584.0,120.0,46.0,131.0
586.0,120.0,45.0,132.0
588.0,120.0,44.0,133.0
591.0,119.0,43.0,133.0
593.0,119.0,42.0,134.0
595.0,119.0,43.0,133.0
598.0,119.0,44.0,133.0
600.0,119.0,45.0,132.0
601.0,118.0,46.0,131.0
603.0,118.0,47.0,129.0
604.0,117.0,48.0,128.0
608.0,117.0,47.0,127.0
611.0,116.0,46.0,126.0
615.0,116.0,45.0,125.0
617.0,116.0,46.0,128.0
620.0,116.0,46.0,130.0
622.0,116.0,47.0,133.0
627.0,116.0,45.0,134.0
632.0,117.0,44.0,135.0
637.0,117.0,42.0,136.0
639.0,118.0,42.0,136.0
642.0,118.0,43.0,136.0
644.0,119.0,43.0,136.0
647.0,119.0,44.0,136.0
650.0,119.0,45.0,136.0
653.0,119.0,46.0,136.0
656.0,120.0,46.0,135.0
659.0,120.0,47.0,134.0
662.0,121.0,47.0,133.0
665.0,121.0,47.0,133.0
667.0,122.0,48.0,132.0
670.0,122.0,48.0,132.0
672.0,123.0,49.0,131.0
673.0,123.0,50.0,129.0
675.0,124.0,51.0,128.0
679.0,124.0,50.0,127.0
682.0,125.0,49.0,126.0
686.0,125.0,48.0,125.0
687.0,125.0,48.0,124.0
689.0,124.0,48.0,124.0
690.0,124.0,48.0,123.0
689.0,125.0,51.0,125.0
687.0,125.0,54.0,126.0
686.0,126.0,57.0,128.0
686.0,126.0,58.0,128.0
687.0,127.0,58.0,129.0
687.0,127.0,59.0,129.0
688.0,127.0,58.0,130.0
689.0,127.0,57.0,131.0
690.0,127.0,56.0,132.0
690.0,128.0,55.0,131.0
691.0,128.0,53.0,130.0
691.0,129.0,52.0,129.0
691.0,129.0,52.0,129.0
690.0,129.0,52.0,130.0
690.0,129.0,52.0,130.0
690.0,130.0,51.0,128.0
690.0,130.0,50.0,127.0
690.0,131.0,49.0,125.0
688.0,130.0,49.0,126.0
687.0,130.0,50.0,127.0
685.0,129.0,50.0,128.0
683.0,129.0,50.0,129.0
681.0,130.0,50.0,131.0
679.0,130.0,50.0,132.0
677.0,131.0,50.0,133.0
675.0,131.0,50.0,135.0
673.0,132.0,50.0,136.0
671.0,132.0,50.0,136.0
670.0,132.0,50.0,135.0
668.0,132.0,50.0,135.0
667.0,133.0,50.0,134.0
665.0,135.0,51.0,133.0
664.0,136.0,51.0,132.0
665.0,136.0,50.0,132.0
665.0,136.0,50.0,133.0
666.0,136.0,49.0,133.0
666.0,137.0,49.0,133.0
667.0,137.0,48.0,132.0
667.0,138.0,48.0,132.0
668.0,138.0,48.0,132.0
668.0,138.0,48.0,133.0
669.0,138.0,48.0,133.0
669.0,138.0,49.0,131.0
670.0,139.0,49.0,130.0
670.0,139.0,50.0,128.0
671.0,140.0,50.0,127.0
671.0,141.0,51.0,126.0
672.0,142.0,51.0,125.0
671.0,142.0,53.0,125.0
670.0,142.0,55.0,125.0
669.0,142.0,57.0,125.0
669.0,143.0,57.0,125.0
668.0,143.0,58.0,126.0
668.0,144.0,58.0,126.0
669.0,144.0,57.0,126.0
671.0,145.0,56.0,126.0
672.0,145.0,55.0,126.0
673.0,146.0,53.0,125.0
674.0,148.0,52.0,124.0
675.0,149.0,50.0,123.0
675.0,149.0,49.0,123.0
676.0,148.0,47.0,122.0
676.0,148.0,46.0,122.0
673.0,147.0,48.0,125.0
671.0,146.0,49.0,127.0
668.0,145.0,51.0,130.0
668.0,146.0,50.0,128.0
668.0,147.0,48.0,126.0
668.0,148.0,47.0,124.0
668.0,148.0,46.0,125.0
667.0,148.0,44.0,125.0
667.0,148.0,43.0,126.0
664.0,149.0,45.0,129.0
662.0,149.0,46.0,132.0
659.0,150.0,48.0,135.0
657.0,151.0,48.0,136.0
656.0,151.0,49.0,137.0
654.0,152.0,49.0,138.0
653.0,153.0,50.0,137.0
651.0,154.0,50.0,135.0
650.0,155.0,51.0,134.0
651.0,155.0,50.0,134.0
651.0,156.0,49.0,134.0
652.0,156.0,48.0,134.0
652.0,157.0,48.0,133.0
653.0,157.0,47.0,131.0
653.0,158.0,47.0,130.0
655.0,158.0,45.0,130.0
658.0,158.0,44.0,129.0
660.0,158.0,42.0,129.0
661.0,159.0,43.0,128.0
663.0,159.0,44.0,128.0
664.0,160.0,45.0,127.0
667.0,160.0,44.0,127.0
670.0,160.0,43.0,126.0
673.0,160.0,42.0,126.0
674.0,160.0,44.0,125.0
676.0,161.0,47.0,125.0
677.0,161.0,49.0,124.0
680.0,161.0,50.0,124.0
682.0,161.0,50.0,125.0
685.0,161.0,51.0,125.0
686.0,162.0,53.0,123.0
686.0,164.0,55.0,122.0
687.0,165.0,57.0,120.0
690.0,165.0,57.0,121.0
692.0,166.0,56.0,121.0
695.0,166.0,56.0,122.0
698.0,166.0,56.0,122.0
702.0,166.0,56.0,122.0
705.0,166.0,56.0,122.0
707.0,166.0,55.0,122.0
710.0,165.0,55.0,122.0
712.0,165.0,54.0,122.0
714.0,166.0,52.0,121.0
717.0,168.0,49.0,119.0
719.0,169.0,47.0,118.0
718.0,168.0,46.0,118.0
718.0,167.0,46.0,119.0
717.0,166.0,45.0,119.0
715.0,167.0,46.0,121.0
714.0,167.0,46.0,124.0
712.0,168.0,47.0,126.0
708.0,167.0,48.0,128.0
705.0,167.0,49.0,131.0
701.0,166.0,50.0,133.0
698.0,167.0,50.0,132.0
696.0,167.0,51.0,130.0
693.0,168.0,51.0,129.0
692.0,169.0,50.0,128.0
692.0,169.0,48.0,126.0
691.0,170.0,47.0,125.0
690.0,170.0,46.0,126.0
690.0,171.0,44.0,126.0
689.0,171.0,43.0,127.0
687.0,172.0,45.0,126.0
685.0,172.0,47.0,125.0
683.0,173.0,49.0,124.0
683.0,173.0,48.0,123.0
683.0,174.0,47.0,123.0
683.0,174.0,46.0,122.0
683.0,174.0,46.0,122.0
682.0,174.0,47.0,122.0
682.0,174.0,47.0,122.0
682.0,174.0,45.0,123.0
682.0,173.0,42.0,123.0
682.0,173.0,40.0,124.0
683.0,173.0,40.0,124.0
685.0,172.0,39.0,124.0
686.0,172.0,39.0,124.0
684.0,173.0,40.0,122.0
682.0,173.0,42.0,120.0
680.0,174.0,43.0,118.0
678.0,174.0,46.0,118.0
677.0,173.0,48.0,118.0
675.0,173.0,51.0,118.0
675.0,173.0,52.0,118.0
676.0,173.0,53.0,118.0
676.0,173.0,54.0,118.0
677.0,173.0,53.0,118.0
677.0,173.0,52.0,117.0
678.0,173.0,51.0,117.0
679.0,173.0,51.0,118.0
679.0,172.0,51.0,118.0
680.0,172.0,51.0,119.0
679.0,171.0,51.0,118.0
679.0,171.0,51.0,117.0
678.0,170.0,51.0,116.0
677.0,170.0,51.0,116.0
676.0,170.0,51.0,115.0
675.0,170.0,51.0,115.0
673.0,169.0,48.0,116.0
672.0,169.0,45.0,118.0
670.0,168.0,42.0,119.0
668.0,167.0,42.0,121.0
665.0,166.0,41.0,122.0
663.0,165.0,41.0,124.0
661.0,164.0,41.0,124.0
659.0,164.0,41.0,124.0
657.0,163.0,41.0,124.0
654.0,163.0,44.0,123.0
651.0,164.0,48.0,123.0
648.0,164.0,51.0,122.0
648.0,165.0,51.0,121.0
647.0,165.0,51.0,119.0
647.0,166.0,51.0,118.0
647.0,165.0,50.0,118.0
648.0,165.0,50.0,118.0
648.0,164.0,49.0,118.0
648.0,164.0,48.0,118.0
649.0,164.0,48.0,117.0
649.0,164.0,47.0,117.0
650.0,163.0,45.0,119.0
650.0,161.0,43.0,121.0
651.0,160.0,41.0,123.0
651.0,160.0,40.0,121.0
650.0,161.0,40.0,119.0
650.0,161.0,39.0,117.0
651.0,161.0,37.0,117.0
652.0,161.0,34.0,116.0
653.0,161.0,32.0,116.0
651.0,160.0,35.0,116.0
650.0,160.0,37.0,117.0
648.0,159.0,40.0,117.0
649.0,159.0,42.0,116.0
649.0,159.0,44.0,115.0
650.0,159.0,46.0,114.0
651.0,158.0,48.0,115.0
651.0,157.0,50.0,115.0
652.0,156.0,52.0,116.0
656.0,156.0,52.0,115.0
659.0,156.0,51.0,115.0
663.0,156.0,51.0,114.0
666.0,155.0,50.0,115.0
670.0,154.0,48.0,116.0
673.0,153.0,47.0,117.0
676.0,152.0,45.0,117.0
680.0,152.0,44.0,116.0
683.0,151.0,42.0,116.0
686.0,151.0,41.0,116.0
688.0,150.0,41.0,115.0
691.0,150.0,40.0,115.0
692.0,149.0,40.0,116.0
694.0,147.0,39.0,117.0
695.0,146.0,39.0,118.0
696.0,146.0,39.0,117.0
697.0,146.0,40.0,116.0
698.0,146.0,40.0,115.0
698.0,146.0,43.0,115.0
697.0,145.0,45.0,114.0
697.0,145.0,48.0,114.0
697.0,145.0,49.0,113.0
697.0,145.0,50.0,112.0
697.0,145.0,51.0,111.0
699.0,145.0,51.0,112.0
700.0,145.0,52.0,112.0
702.0,145.0,52.0,113.0
703.0,145.0,51.0,113.0
704.0,145.0,51.0,113.0
705.0,145.0,50.0,113.0
704.0,145.0,49.0,112.0
702.0,144.0,49.0,112.0
701.0,144.0,48.0,111.0
701.0,144.0,46.0,111.0
700.0,143.0,45.0,111.0
700.0,143.0,43.0,111.0
701.0,143.0,41.0,112.0
701.0,142.0,39.0,112.0
702.0,142.0,37.0,113.0
701.0,142.0,37.0,114.0
699.0,141.0,38.0,114.0
698.0,141.0,38.0,115.0
697.0,141.0,39.0,115.0
697.0,141.0,40.0,114.0
696.0,141.0,41.0,114.0
696.0,141.0,43.0,114.0
695.0,140.0,45.0,114.0
695.0,140.0,47.0,114.0
697.0,140.0,47.0,114.0
698.0,140.0,48.0,114.0
700.0,140.0,48.0,114.0
702.0,140.0,49.0,114.0
705.0,140.0,49.0,114.0
707.0,140.0,50.0,114.0
710.0,140.0,49.0,114.0
714.0,139.0,48.0,115.0
717.0,139.0,47.0,115.0
718.0,139.0,47.0,115.0
720.0,138.0,47.0,116.0
721.0,138.0,47.0,116.0
724.0,137.0,45.0,115.0
728.0,137.0,43.0,115.0
731.0,136.0,41.0,114.0
734.0,136.0,40.0,114.0
736.0,136.0,39.0,114.0
739.0,136.0,38.0,114.0
739.0,136.0,41.0,112.0
740.0,136.0,44.0,111.0
740.0,136.0,47.0,109.0
741.0,136.0,49.0,111.0
743.0,136.0,50.0,112.0
744.0,136.0,52.0,114.0
746.0,137.0,51.0,113.0
749.0,138.0,51.0,111.0
751.0,139.0,50.0,110.0
755.0,139.0,50.0,111.0
759.0,138.0,49.0,112.0
763.0,138.0,49.0,113.0
766.0,137.0,48.0,113.0
769.0,137.0,48.0,113.0
772.0,136.0,47.0,113.0
774.0,136.0,47.0,112.0
775.0,136.0,48.0,112.0
777.0,136.0,48.0,111.0
779.0,136.0,46.0,111.0
781.0,135.0,44.0,110.0
783.0,135.0,42.0,110.0
785.0,135.0,41.0,110.0
786.0,135.0,39.0,110.0
788.0,135.0,38.0,110.0
788.0,135.0,41.0,111.0
787.0,135.0,43.0,113.0
787.0,135.0,46.0,114.0
787.0,135.0,47.0,114.0
787.0,134.0,47.0,115.0
787.0,134.0,48.0,115.0
787.0,134.0,48.0,115.0
786.0,133.0,49.0,115.0
786.0,133.0,49.0,115.0
789.0,133.0,48.0,116.0
791.0,133.0,46.0,117.0
794.0,133.0,45.0,118.0
794.0,132.0,46.0,117.0
794.0,132.0,46.0,116.0
794.0,131.0,47.0,115.0
795.0,130.0,46.0,115.0
795.0,130.0,44.0,116.0
796.0,129.0,43.0,116.0
795.0,128.0,42.0,115.0
795.0,127.0,42.0,115.0
794.0,126.0,41.0,114.0
793.0,125.0,40.0,113.0
793.0,125.0,40.0,111.0
792.0,124.0,39.0,110.0
790.0,123.0,40.0,110.0
787.0,123.0,41.0,111.0
785.0,122.0,42.0,111.0
781.0,122.0,44.0,111.0
778.0,121.0,47.0,110.0
774.0,121.0,49.0,110.0
772.0,120.0,49.0,112.0
769.0,120.0,48.0,113.0
767.0,119.0,48.0,115.0
766.0,118.0,48.0,114.0
764.0,117.0,47.0,112.0
763.0,116.0,47.0,111.0
761.0,116.0,47.0,111.0
758.0,115.0,48.0,110.0
756.0,115.0,48.0,110.0
755.0,115.0,45.0,109.0
754.0,114.0,43.0,109.0
753.0,114.0,40.0,108.0
750.0,113.0,39.0,107.0
747.0,113.0,37.0,106.0
744.0,112.0,36.0,105.0
742.0,111.0,36.0,106.0
739.0,111.0,36.0,107.0
737.0,110.0,36.0,108.0
735.0,110.0,36.0,108.0
732.0,110.0,37.0,109.0
730.0,110.0,37.0,109.0
727.0,110.0,40.0,109.0
724.0,109.0,42.0,110.0
721.0,109.0,45.0,110.0
721.0,108.0,44.0,111.0
721.0,108.0,44.0,113.0
721.0,107.0,43.0,114.0
721.0,106.0,44.0,115.0
720.0,105.0,45.0,115.0
720.0,104.0,46.0,116.0
723.0,105.0,44.0,114.0
725.0,106.0,43.0,112.0
728.0,107.0,41.0,110.0
731.0,107.0,39.0,111.0
733.0,106.0,38.0,112.0
736.0,106.0,36.0,113.0
737.0,106.0,36.0,112.0
739.0,107.0,36.0,111.0
740.0,107.0,36.0,110.0
743.0,107.0,36.0,109.0
745.0,107.0,36.0,109.0
748.0,107.0,36.0,108.0
750.0,108.0,37.0,108.0
752.0,108.0,39.0,109.0
754.0,109.0,40.0,109.0
754.0,110.0,42.0,109.0
755.0,110.0,45.0,110.0
755.0,111.0,47.0,110.0
757.0,112.0,46.0,111.0
758.0,112.0,46.0,113.0
760.0,113.0,45.0,114.0
763.0,114.0,43.0,113.0
766.0,115.0,41.0,111.0
769.0,116.0,39.0,110.0
769.0,117.0,39.0,110.0
770.0,119.0,39.0,109.0
770.0,120.0,39.0,109.0
770.0,120.0,38.0,108.0
769.0,120.0,36.0,107.0
769.0,120.0,35.0,106.0
766.0,121.0,35.0,106.0
763.0,122.0,36.0,105.0
760.0,123.0,36.0,105.0
758.0,124.0,35.0,106.0
756.0,126.0,34.0,106.0
754.0,127.0,33.0,107.0
750.0,128.0,34.0,107.0
745.0,129.0,36.0,107.0
741.0,130.0,37.0,107.0
736.0,131.0,39.0,108.0
731.0,132.0,40.0,109.0
726.0,133.0,42.0,110.0
722.0,134.0,42.0,110.0
719.0,135.0,42.0,109.0
715.0,136.0,42.0,109.0
714.0,138.0,41.0,110.0
712.0,139.0,41.0,110.0
711.0,141.0,40.0,111.0
711.0,142.0,40.0,111.0
710.0,143.0,39.0,110.0
710.0,144.0,39.0,110.0
710.0,145.0,38.0,110.0
711.0,145.0,37.0,110.0
711.0,146.0,36.0,110.0
713.0,147.0,36.0,110.0
716.0,148.0,35.0,110.0
718.0,149.0,35.0,110.0
722.0,151.0,36.0,108.0
725.0,152.0,36.0,105.0
729.0,154.0,37.0,103.0
734.0,156.0,38.0,104.0
739.0,158.0,40.0,105.0
744.0,160.0,41.0,106.0
748.0,162.0,43.0,107.0
753.0,163.0,45.0,107.0
757.0,165.0,47.0,108.0
764.0,168.0,47.0,109.0
771.0,170.0,46.0,110.0
778.0,173.0,46.0,111.0
783.0,175.0,46.0,111.0
788.0,178.0,46.0,111.0
793.0,180.0,46.0,111.0
797.0,181.0,45.0,111.0
800.0,183.0,43.0,110.0
804.0,184.0,42.0,110.0
805.0,186.0,41.0,108.0
805.0,188.0,41.0,107.0
806.0,190.0,40.0,105.0
803.0,191.0,41.0,105.0
799.0,192.0,42.0,106.0
796.0,193.0,43.0,106.0
794.0,194.0,41.0,106.0
792.0,196.0,40.0,107.0
790.0,197.0,38.0,107.0
785.0,198.0,39.0,108.0
781.0,199.0,39.0,109.0
776.0,200.0,40.0,110.0
772.0,201.0,40.0,111.0
768.0,202.0,41.0,112.0
764.0,203.0,41.0,113.0
760.0,205.0,41.0,113.0
757.0,206.0,42.0,113.0
753.0,208.0,42.0,113.0
750.0,209.0,41.0,114.0
748.0,210.0,41.0,115.0
745.0,211.0,40.0,116.0
742.0,212.0,40.0,116.0
738.0,213.0,39.0,116.0
735.0,214.0,39.0,116.0
732.0,215.0,38.0,115.0
729.0,217.0,37.0,114.0
726.0,218.0,36.0,113.0
724.0,219.0,36.0,112.0
723.0,220.0,36.0,110.0
721.0,221.0,36.0,109.0
721.0,223.0,37.0,108.0
721.0,224.0,37.0,106.0
721.0,226.0,38.0,105.0
720.0,227.0,41.0,106.0
719.0,229.0,43.0,107.0
718.0,230.0,46.0,108.0
719.0,231.0,46.0,110.0
719.0,231.0,47.0,111.0
720.0,232.0,47.0,113.0
723.0,235.0,46.0,113.0
725.0,237.0,44.0,114.0
728.0,240.0,43.0,114.0
730.0,241.0,44.0,114.0
732.0,242.0,45.0,115.0
734.0,243.0,46.0,115.0
736.0,245.0,45.0,113.0
739.0,247.0,43.0,111.0
741.0,249.0,42.0,109.0
744.0,250.0,41.0,107.0
746.0,251.0,40.0,105.0
749.0,252.0,39.0,103.0
750.0,253.0,39.0,104.0
750.0,254.0,39.0,104.0
751.0,255.0,39.0,105.0
750.0,256.0,39.0,105.0
750.0,257.0,38.0,106.0
749.0,258.0,38.0,106.0
745.0,258.0,39.0,107.0
742.0,258.0,40.0,107.0
738.0,258.0,41.0,108.0
735.0,259.0,41.0,109.0
732.0,261.0,41.0,110.0
729.0,262.0,41.0,111.0
727.0,262.0,41.0,112.0
724.0,261.0,41.0,114.0
722.0,261.0,41.0,115.0
720.0,261.0,41.0,115.0
718.0,262.0,40.0,114.0
716.0,262.0,40.0,114.0
714.0,262.0,39.0,114.0
713.0,262.0,39.0,113.0
711.0,262.0,38.0,113.0
711.0,262.0,37.0,111.0
712.0,263.0,37.0,108.0
712.0,263.0,36.0,106.0
712.0,264.0,36.0,105.0
712.0,264.0,37.0,105.0
712.0,265.0,37.0,104.0
711.0,266.0,38.0,105.0
711.0,266.0,40.0,105.0
710.0,267.0,41.0,106.0
711.0,267.0,41.0,106.0
713.0,268.0,42.0,107.0
714.0,268.0,42.0,107.0
716.0,269.0,42.0,108.0
718.0,269.0,42.0,108.0
720.0,270.0,42.0,109.0
723.0,270.0,43.0,110.0
725.0,269.0,45.0,112.0
728.0,269.0,46.0,113.0
732.0,270.0,46.0,112.0
735.0,270.0,46.0,112.0
739.0,271.0,46.0,111.0
744.0,271.0,45.0,109.0
748.0,272.0,43.0,106.0
753.0,272.0,42.0,104.0
756.0,273.0,41.0,103.0
760.0,274.0,40.0,101.0
763.0,275.0,39.0,100.0
765.0,275.0,41.0,102.0
767.0,274.0,43.0,104.0
769.0,274.0,45.0,106.0
770.0,274.0,46.0,107.0
772.0,274.0,46.0,108.0
773.0,274.0,47.0,109.0
775.0,274.0,46.0,110.0
777.0,275.0,46.0,110.0
779.0,275.0,45.0,111.0
781.0,275.0,44.0,112.0
782.0,276.0,43.0,114.0
784.0,276.0,42.0,115.0
784.0,276.0,43.0,115.0
785.0,275.0,45.0,116.0
785.0,275.0,46.0,116.0
786.0,275.0,45.0,114.0
787.0,274.0,43.0,113.0
788.0,274.0,42.0,111.0
788.0,273.0,42.0,111.0
788.0,272.0,41.0,110.0
788.0,271.0,41.0,110.0
788.0,271.0,41.0,108.0
788.0,270.0,41.0,106.0
788.0,270.0,41.0,104.0
788.0,270.0,42.0,104.0
788.0,270.0,44.0,105.0
788.0,270.0,45.0,105.0
788.0,271.0,47.0,105.0
788.0,271.0,48.0,105.0
788.0,272.0,50.0,105.0
788.0,271.0,52.0,107.0
789.0,270.0,54.0,109.0
789.0,269.0,56.0,111.0
794.0,270.0,54.0,111.0
798.0,270.0,52.0,111.0
803.0,271.0,50.0,111.0
806.0,272.0,49.0,112.0
810.0,274.0,49.0,112.0
813.0,275.0,48.0,113.0
816.0,275.0,47.0,112.0
820.0,274.0,47.0,112.0
823.0,274.0,46.0,111.0
826.0,275.0,45.0,108.0
829.0,276.0,44.0,104.0
832.0,277.0,43.0,101.0
833.0,277.0,44.0,102.0
834.0,276.0,46.0,103.0
835.0,276.0,47.0,104.0
835.0,276.0,47.0,105.0
836.0,276.0,46.0,107.0
836.0,276.0,46.0,108.0
835.0,276.0,45.0,108.0
835.0,277.0,44.0,107.0
834.0,277.0,43.0,107.0
832.0,276.0,43.0,109.0
829.0,276.0,42.0,112.0
827.0,275.0,42.0,114.0
824.0,275.0,42.0,114.0
820.0,274.0,43.0,114.0
817.0,274.0,43.0,114.0
814.0,273.0,43.0,114.0
811.0,273.0,43.0,114.0
808.0,272.0,43.0,114.0
805.0,272.0,42.0,111.0
801.0,271.0,42.0,109.0
798.0,271.0,41.0,106.0
794.0,270.0,41.0,104.0
791.0,270.0,42.0,103.0
787.0,269.0,42.0,101.0
782.0,269.0,42.0,101.0
778.0,270.0,43.0,101.0
773.0,270.0,43.0,101.0
768.0,269.0,44.0,102.0
763.0,269.0,46.0,104.0
758.0,268.0,47.0,105.0
754.0,268.0,47.0,106.0
751.0,268.0,47.0,107.0
747.0,268.0,47.0,108.0
744.0,268.0,47.0,108.0
740.0,269.0,46.0,107.0
737.0,269.0,46.0,107.0
734.0,269.0,46.0,106.0
730.0,268.0,47.0,105.0
727.0,268.0,47.0,104.0
727.0,268.0,45.0,102.0
728.0,268.0,43.0,101.0
728.0,268.0,41.0,99.0
729.0,268.0,40.0,97.0
730.0,269.0,39.0,96.0
731.0,269.0,38.0,94.0
733.0,269.0,37.0,95.0
735.0,270.0,37.0,96.0
737.0,270.0,36.0,97.0
739.0,271.0,37.0,98.0
741.0,273.0,39.0,99.0
743.0,274.0,40.0,100.0
745.0,274.0,40.0,100.0
748.0,274.0,39.0,100.0
750.0,274.0,39.0,100.0
752.0,274.0,40.0,102.0
754.0,275.0,40.0,105.0
756.0,275.0,41.0,107.0
756.0,276.0,42.0,106.0
757.0,276.0,44.0,106.0
757.0,277.0,45.0,105.0
757.0,276.0,44.0,106.0
758.0,276.0,43.0,107.0
758.0,275.0,42.0,108.0
759.0,276.0,42.0,107.0
760.0,278.0,42.0,106.0
761.0,279.0,42.0,105.0
762.0,279.0,41.0,104.0
762.0,278.0,41.0,102.0
763.0,278.0,40.0,101.0
762.0,279.0,40.0,99.0
760.0,279.0,39.0,96.0
759.0,280.0,39.0,94.0
757.0,280.0,41.0,94.0
756.0,279.0,43.0,95.0
754.0,279.0,45.0,95.0
752.0,280.0,46.0,96.0
750.0,280.0,47.0,96.0
748.0,281.0,48.0,97.0
747.0,281.0,48.0,98.0
745.0,281.0,47.0,99.0
744.0,281.0,47.0,100.0
744.0,280.0,45.0,102.0
745.0,280.0,43.0,103.0
745.0,279.0,41.0,105.0
744.0,280.0,41.0,105.0
744.0,280.0,40.0,104.0
743.0,281.0,40.0,104.0
742.0,281.0,40.0,104.0
741.0,280.0,39.0,103.0
740.0,280.0,39.0,103.0
741.0,280.0,38.0,101.0
742.0,279.0,36.0,98.0
743.0,279.0,35.0,96.0
741.0,280.0,36.0,96.0
740.0,280.0,38.0,97.0
738.0,281.0,39.0,97.0
739.0,282.0,39.0,97.0
740.0,283.0,38.0,96.0
741.0,284.0,38.0,96.0
742.0,284.0,39.0,97.0
743.0,284.0,41.0,99.0
744.0,284.0,42.0,100.0
744.0,285.0,41.0,100.0
745.0,285.0,41.0,99.0
745.0,286.0,40.0,99.0
744.0,285.0,41.0,101.0
744.0,285.0,41.0,104.0
743.0,284.0,42.0,106.0
742.0,285.0,41.0,105.0
742.0,285.0,39.0,105.0
741.0,286.0,38.0,104.0
741.0,285.0,38.0,104.0
741.0,285.0,37.0,105.0
741.0,284.0,37.0,105.0
740.0,284.0,37.0,103.0
739.0,284.0,37.0,101.0
738.0,284.0,37.0,99.0
738.0,284.0,36.0,97.0
737.0,284.0,34.0,96.0
737.0,284.0,33.0,94.0
734.0,283.0,34.0,94.0
732.0,283.0,36.0,94.0
729.0,282.0,37.0,94.0
727.0,282.0,37.0,95.0
724.0,282.0,38.0,96.0
722.0,282.0,38.0,97.0
720.0,282.0,38.0,98.0
718.0,282.0,38.0,98.0
716.0,282.0,38.0,99.0
714.0,282.0,37.0,99.0
711.0,281.0,37.0,99.0
709.0,281.0,36.0,99.0
706.0,280.0,36.0,99.0
702.0,280.0,37.0,99.0
699.0,279.0,37.0,99.0
695.0,278.0,38.0,98.0
692.0,278.0,38.0,97.0
688.0,277.0,39.0,96.0
685.0,277.0,38.0,94.0
682.0,277.0,36.0,91.0
679.0,277.0,35.0,89.0
676.0,276.0,34.0,90.0
672.0,275.0,34.0,92.0
669.0,274.0,33.0,93.0
666.0,274.0,34.0,93.0
663.0,274.0,34.0,94.0
660.0,274.0,35.0,94.0
657.0,273.0,35.0,95.0
655.0,272.0,36.0,96.0
652.0,271.0,36.0,97.0
651.0,271.0,36.0,98.0
651.0,270.0,36.0,99.0
650.0,270.0,36.0,100.0
650.0,269.0,36.0,100.0
650.0,268.0,36.0,101.0
650.0,267.0,36.0,101.0
651.0,266.0,36.0,101.0
653.0,266.0,35.0,101.0
654.0,265.0,35.0,101.0
657.0,264.0,35.0,101.0
661.0,263.0,36.0,100.0
664.0,262.0,36.0,100.0
669.0,261.0,35.0,99.0
674.0,260.0,33.0,97.0
679.0,259.0,32.0,96.0
683.0,258.0,33.0,95.0
686.0,258.0,34.0,94.0
690.0,257.0,35.0,93.0
693.0,257.0,35.0,94.0
697.0,257.0,36.0,95.0
700.0,257.0,36.0,96.0
702.0,257.0,37.0,96.0
705.0,256.0,37.0,95.0
707.0,256.0,38.0,95.0
709.0,256.0,38.0,95.0
712.0,256.0,38.0,96.0
714.0,256.0,38.0,96.0
716.0,255.0,37.0,97.0
718.0,254.0,37.0,99.0
720.0,253.0,36.0,100.0
721.0,252.0,36.0,99.0
723.0,252.0,35.0,99.0
724.0,251.0,35.0,98.0
723.0,251.0,35.0,97.0
723.0,250.0,35.0,95.0
722.0,250.0,35.0,94.0
721.0,249.0,35.0,94.0
719.0,249.0,35.0,93.0
718.0,248.0,35.0,93.0
716.0,247.0,35.0,93.0
714.0,247.0,35.0,94.0
712.0,246.0,35.0,94.0
709.0,245.0,35.0,94.0
706.0,244.0,36.0,95.0
703.0,243.0,36.0,95.0
701.0,242.0,36.0,97.0
699.0,242.0,35.0,99.0
697.0,241.0,35.0,101.0
694.0,241.0,35.0,100.0
692.0,241.0,36.0,100.0
689.0,241.0,36.0,99.0
687.0,240.0,36.0,101.0
685.0,238.0,36.0,103.0
683.0,237.0,36.0,105.0
682.0,237.0,36.0,105.0
681.0,236.0,35.0,104.0
680.0,236.0,35.0,104.0
680.0,236.0,35.0,102.0
679.0,236.0,35.0,101.0
679.0,236.0,35.0,99.0
680.0,235.0,35.0,98.0
680.0,234.0,36.0,97.0
681.0,233.0,36.0,96.0
684.0,234.0,36.0,94.0
686.0,234.0,35.0,92.0
689.0,235.0,35.0,90.0
693.0,234.0,35.0,92.0
696.0,234.0,36.0,95.0
700.0,233.0,36.0,97.0
705.0,233.0,37.0,98.0
711.0,233.0,37.0,99.0
716.0,233.0,38.0,100.0
721.0,234.0,38.0,100.0
726.0,234.0,39.0,99.0
731.0,235.0,39.0,99.0
738.0,235.0,38.0,100.0
746.0,236.0,37.0,100.0
753.0,236.0,36.0,101.0
759.0,236.0,36.0,100.0
764.0,237.0,37.0,99.0
770.0,237.0,37.0,98.0
776.0,237.0,37.0,97.0
781.0,237.0,36.0,96.0
787.0,237.0,36.0,95.0
791.0,237.0,37.0,95.0
794.0,238.0,38.0,94.0
798.0,238.0,39.0,94.0
801.0,238.0,39.0,94.0
805.0,238.0,38.0,95.0
808.0,238.0,38.0,95.0
810.0,238.0,38.0,96.0
812.0,239.0,39.0,96.0
814.0,239.0,39.0,97.0
816.0,239.0,39.0,98.0
817.0,239.0,39.0,99.0
819.0,239.0,39.0,100.0
821.0,239.0,39.0,101.0
823.0,238.0,38.0,103.0
825.0,238.0,38.0,104.0
826.0,238.0,38.0,105.0
827.0,237.0,38.0,105.0
828.0,237.0,38.0,106.0
830.0,236.0,38.0,106.0
831.0,236.0,39.0,106.0
833.0,235.0,39.0,106.0
834.0,235.0,39.0,104.0
835.0,235.0,38.0,103.0
836.0,235.0,38.0,101.0
838.0,235.0,39.0,100.0
840.0,235.0,39.0,98.0
842.0,235.0,40.0,97.0
844.0,234.0,40.0,95.0
845.0,234.0,41.0,92.0
847.0,233.0,41.0,90.0
847.0,233.0,42.0,93.0
848.0,232.0,44.0,95.0
848.0,232.0,45.0,98.0
850.0,232.0,45.0,99.0
852.0,233.0,45.0,100.0
854.0,233.0,45.0,101.0
855.0,232.0,44.0,103.0
857.0,232.0,43.0,104.0
858.0,231.0,42.0,106.0
859.0,231.0,42.0,106.0
861.0,232.0,42.0,105.0
862.0,232.0,42.0,105.0
862.0,231.0,41.0,104.0
863.0,231.0,41.0,102.0
863.0,230.0,40.0,101.0
863.0,230.0,40.0,100.0
862.0,229.0,40.0,99.0
862.0,229.0,40.0,98.0
861.0,228.0,40.0,97.0
861.0,228.0,39.0,96.0
860.0,227.0,39.0,95.0
859.0,226.0,39.0,96.0
857.0,225.0,39.0,96.0
856.0,224.0,39.0,97.0
854.0,224.0,39.0,98.0
853.0,224.0,38.0,98.0
851.0,224.0,38.0,99.0
848.0,223.0,38.0,99.0
846.0,223.0,37.0,99.0
843.0,222.0,37.0,99.0
839.0,222.0,38.0,100.0
836.0,221.0,38.0,100.0
832.0,221.0,39.0,101.0
829.0,219.0,39.0,102.0
826.0,218.0,39.0,104.0
823.0,216.0,39.0,105.0
820.0,215.0,38.0,105.0
818.0,214.0,38.0,104.0
815.0,213.0,37.0,104.0
811.0,213.0,38.0,102.0
806.0,213.0,38.0,99.0
802.0,213.0,39.0,97.0
799.0,212.0,39.0,97.0
797.0,210.0,38.0,96.0
794.0,209.0,38.0,96.0
790.0,208.0,38.0,94.0
787.0,207.0,38.0,92.0
783.0,206.0,38.0,90.0
779.0,206.0,38.0,92.0
776.0,206.0,39.0,95.0
772.0,206.0,39.0,97.0
768.0,205.0,39.0,97.0
765.0,205.0,38.0,98.0
761.0,204.0,38.0,98.0
758.0,203.0,38.0,99.0
754.0,203.0,37.0,100.0
751.0,202.0,37.0,101.0
749.0,201.0,37.0,102.0
747.0,200.0,36.0,103.0
745.0,199.0,36.0,104.0
743.0,198.0,36.0,104.0
740.0,196.0,36.0,103.0
738.0,195.0,36.0,103.0
736.0,194.0,36.0,102.0
734.0,194.0,37.0,100.0
732.0,193.0,37.0,99.0
730.0,193.0,38.0,97.0
729.0,192.0,38.0,96.0
727.0,192.0,39.0,94.0
726.0,192.0,39.0,94.0
726.0,191.0,38.0,94.0
725.0,191.0,38.0,94.0
723.0,190.0,38.0,95.0
722.0,190.0,39.0,96.0
720.0,189.0,39.0,97.0
719.0,188.0,38.0,98.0
719.0,188.0,38.0,99.0
718.0,187.0,37.0,100.0
717.0,186.0,37.0,101.0
715.0,185.0,36.0,103.0
714.0,184.0,36.0,104.0
712.0,184.0,36.0,103.0
711.0,183.0,36.0,101.0
709.0,183.0,36.0,100.0
706.0,182.0,37.0,100.0
704.0,180.0,38.0,101.0
701.0,179.0,39.0,101.0
700.0,178.0,38.0,99.0
699.0,176.0,38.0,98.0
698.0,175.0,37.0,96.0
696.0,175.0,37.0,94.0
693.0,174.0,37.0,92.0
691.0,174.0,37.0,90.0
688.0,173.0,37.0,91.0
686.0,173.0,37.0,93.0
683.0,172.0,37.0,94.0
681.0,171.0,37.0,95.0
679.0,170.0,37.0,97.0
677.0,169.0,37.0,98.0
675.0,169.0,37.0,99.0
674.0,168.0,36.0,99.0
672.0,168.0,36.0,100.0
672.0,167.0,36.0,100.0
671.0,166.0,37.0,101.0
671.0,165.0,37.0,101.0
673.0,165.0,36.0,101.0
674.0,164.0,36.0,101.0
676.0,164.0,35.0,101.0
678.0,163.0,36.0,101.0
679.0,163.0,36.0,100.0
681.0,162.0,37.0,100.0
684.0,161.0,37.0,99.0
688.0,161.0,36.0,97.0
691.0,160.0,36.0,96.0
695.0,160.0,36.0,96.0
698.0,159.0,37.0,95.0
702.0,159.0,37.0,95.0
706.0,159.0,37.0,96.0
710.0,159.0,37.0,96.0
714.0,159.0,37.0,97.0
717.0,159.0,37.0,98.0
721.0,159.0,38.0,98.0
724.0,159.0,38.0,99.0
728.0,159.0,37.0,100.0
732.0,158.0,36.0,100.0
736.0,158.0,35.0,101.0
738.0,158.0,36.0,101.0
739.0,158.0,36.0,100.0
741.0,158.0,37.0,100.0
743.0,157.0,37.0,100.0
745.0,156.0,37.0,100.0
747.0,155.0,37.0,100.0
748.0,155.0,38.0,100.0
748.0,154.0,38.0,99.0
749.0,154.0,39.0,99.0
750.0,153.0,39.0,97.0
750.0,153.0,39.0,96.0
751.0,152.0,39.0,94.0
753.0,152.0,39.0,94.0
754.0,152.0,38.0,95.0
756.0,152.0,38.0,95.0
757.0,152.0,38.0,95.0
758.0,151.0,37.0,96.0
759.0,151.0,37.0,96.0
760.0,151.0,38.0,97.0
762.0,150.0,38.0,97.0
763.0,150.0,39.0,98.0
