826.0,368.0,63.0,57.0
822.0,366.0,64.0,58.0
818.0,365.0,64.0,58.0
815.0,364.0,64.0,58.0
811.0,363.0,80.0,58.0
807.0,361.0,82.0,59.0
804.0,359.0,83.0,60.0
800.0,357.0,85.0,61.0
795.0,355.0,87.0,63.0
791.0,354.0,88.0,63.0
787.0,354.0,89.0,65.0
783.0,353.0,91.0,66.0
779.0,351.0,93.0,67.0
775.0,350.0,94.0,68.0
771.0,349.0,95.0,69.0
749.0,349.0,99.0,68.0
745.0,348.0,100.0,69.0
736.0,343.0,110.0,75.0
733.0,343.0,109.0,75.0
713.0,342.0,116.0,72.0
709.0,341.0,116.0,72.0
702.0,339.0,119.0,74.0
698.0,337.0,120.0,74.0
698.0,337.0,116.0,72.0
696.0,338.0,112.0,69.0
693.0,339.0,110.0,68.0
690.0,340.0,108.0,67.0
688.0,340.0,107.0,67.0
685.0,339.0,108.0,67.0
682.0,338.0,110.0,69.0
682.0,338.0,112.0,69.0
666.0,341.0,129.0,67.0
667.0,341.0,131.0,68.0
668.0,342.0,127.0,66.0
671.0,344.0,124.0,65.0
673.0,344.0,125.0,65.0
677.0,344.0,125.0,65.0
682.0,344.0,122.0,63.0
686.0,344.0,123.0,64.0
690.0,344.0,124.0,64.0
697.0,346.0,119.0,62.0
704.0,346.0,114.0,59.0
710.0,346.0,110.0,57.0
716.0,346.0,108.0,56.0
723.0,346.0,107.0,56.0
718.0,341.0,103.0,73.0
722.0,341.0,105.0,75.0
726.0,341.0,105.0,75.0
729.0,342.0,106.0,75.0
733.0,342.0,105.0,74.0
739.0,340.0,101.0,72.0
744.0,339.0,101.0,71.0
748.0,338.0,99.0,70.0
752.0,338.0,97.0,69.0
756.0,337.0,95.0,67.0
759.0,337.0,93.0,66.0
762.0,337.0,91.0,64.0
745.0,340.0,106.0,66.0
746.0,341.0,104.0,65.0
747.0,343.0,101.0,63.0
747.0,343.0,98.0,61.0
748.0,344.0,94.0,58.0
734.0,346.0,99.0,56.0
734.0,347.0,95.0,54.0
730.0,346.0,96.0,54.0
729.0,346.0,95.0,54.0
728.0,341.0,97.0,55.0
726.0,341.0,97.0,55.0
726.0,342.0,94.0,53.0
724.0,343.0,91.0,52.0
723.0,345.0,88.0,50.0
722.0,347.0,86.0,49.0
720.0,349.0,84.0,48.0
719.0,352.0,82.0,47.0
718.0,355.0,80.0,45.0
715.0,356.0,80.0,45.0
712.0,353.0,81.0,58.0
708.0,353.0,82.0,59.0
704.0,352.0,87.0,62.0
701.0,352.0,85.0,61.0
699.0,351.0,84.0,60.0
694.0,349.0,74.0,69.0
692.0,348.0,74.0,69.0
690.0,349.0,72.0,67.0
691.0,349.0,71.0,66.0
689.0,348.0,69.0,65.0
690.0,349.0,69.0,64.0
669.0,338.0,94.0,81.0
669.0,337.0,94.0,81.0
670.0,338.0,93.0,80.0
664.0,335.0,95.0,82.0
661.0,334.0,97.0,83.0
658.0,334.0,100.0,86.0
659.0,334.0,99.0,86.0
658.0,334.0,100.0,86.0
658.0,333.0,100.0,86.0
658.0,333.0,100.0,86.0
659.0,333.0,100.0,86.0
659.0,334.0,99.0,85.0
658.0,334.0,99.0,85.0
658.0,334.0,98.0,84.0
659.0,334.0,96.0,83.0
661.0,334.0,95.0,82.0
640.0,346.0,114.0,75.0
641.0,346.0,114.0,75.0
642.0,346.0,114.0,75.0
642.0,346.0,116.0,76.0
641.0,344.0,119.0,78.0
642.0,344.0,118.0,78.0
644.0,345.0,118.0,77.0
646.0,345.0,116.0,77.0
648.0,345.0,116.0,76.0
649.0,345.0,116.0,76.0
649.0,345.0,115.0,76.0
650.0,345.0,116.0,76.0
651.0,344.0,116.0,76.0
633.0,349.0,131.0,69.0
633.0,349.0,131.0,69.0
631.0,348.0,134.0,70.0
629.0,348.0,136.0,72.0
627.0,348.0,133.0,70.0
627.0,348.0,128.0,67.0
627.0,348.0,122.0,64.0
627.0,348.0,122.0,64.0
626.0,347.0,123.0,65.0
635.0,342.0,129.0,71.0
635.0,341.0,128.0,71.0
633.0,340.0,129.0,71.0
631.0,338.0,128.0,70.0
630.0,337.0,128.0,70.0
632.0,339.0,126.0,70.0
631.0,339.0,126.0,69.0
631.0,338.0,125.0,69.0
630.0,338.0,125.0,69.0
630.0,338.0,125.0,69.0
621.0,323.0,126.0,88.0
627.0,326.0,126.0,88.0
626.0,324.0,126.0,88.0
627.0,325.0,126.0,88.0
626.0,324.0,126.0,88.0
625.0,323.0,126.0,88.0
625.0,322.0,126.0,88.0
625.0,323.0,126.0,88.0
626.0,323.0,126.0,88.0
626.0,322.0,126.0,88.0
625.0,323.0,126.0,88.0
626.0,322.0,126.0,88.0
626.0,322.0,126.0,88.0
626.0,321.0,126.0,88.0
625.0,321.0,126.0,88.0
626.0,319.0,126.0,88.0
605.0,324.0,137.0,86.0
614.0,324.0,137.0,86.0
616.0,323.0,137.0,86.0
617.0,324.0,137.0,86.0
618.0,322.0,137.0,86.0
619.0,323.0,137.0,86.0
619.0,323.0,137.0,86.0
618.0,323.0,137.0,86.0
619.0,322.0,137.0,86.0
618.0,323.0,137.0,86.0
617.0,321.0,137.0,86.0
617.0,322.0,137.0,86.0
617.0,323.0,137.0,86.0
617.0,322.0,137.0,86.0
617.0,323.0,137.0,86.0
609.0,323.0,128.0,86.0
619.0,325.0,128.0,86.0
620.0,325.0,128.0,86.0
619.0,326.0,128.0,86.0
619.0,329.0,128.0,86.0
619.0,330.0,128.0,86.0
620.0,331.0,128.0,86.0
618.0,334.0,128.0,86.0
622.0,336.0,122.0,82.0
623.0,338.0,122.0,82.0
619.0,339.0,128.0,86.0
618.0,340.0,128.0,86.0
618.0,343.0,128.0,86.0
618.0,343.0,128.0,86.0
616.0,345.0,128.0,86.0
616.0,346.0,128.0,86.0
617.0,349.0,128.0,86.0
616.0,349.0,128.0,86.0
616.0,350.0,128.0,86.0
615.0,353.0,128.0,86.0
615.0,353.0,128.0,86.0
614.0,355.0,128.0,86.0
614.0,355.0,128.0,86.0
615.0,355.0,128.0,86.0
613.0,355.0,128.0,86.0
614.0,356.0,128.0,86.0
613.0,355.0,128.0,86.0
612.0,356.0,128.0,86.0
612.0,356.0,128.0,86.0
611.0,356.0,128.0,86.0
612.0,354.0,128.0,86.0
611.0,354.0,128.0,86.0
610.0,352.0,128.0,86.0
610.0,351.0,128.0,86.0
609.0,349.0,128.0,86.0
610.0,348.0,128.0,86.0
609.0,347.0,128.0,86.0
609.0,347.0,128.0,86.0
609.0,345.0,128.0,86.0
608.0,344.0,128.0,86.0
609.0,344.0,128.0,86.0
608.0,342.0,128.0,86.0
609.0,341.0,128.0,86.0
609.0,341.0,128.0,86.0
609.0,339.0,128.0,86.0
608.0,338.0,128.0,86.0
607.0,337.0,128.0,86.0
608.0,336.0,128.0,86.0
607.0,335.0,128.0,86.0
607.0,334.0,128.0,86.0
607.0,333.0,128.0,86.0
591.0,328.0,140.0,99.0
591.0,327.0,140.0,99.0
590.0,326.0,140.0,99.0
590.0,326.0,140.0,99.0
589.0,325.0,140.0,99.0
589.0,324.0,140.0,99.0
588.0,324.0,140.0,99.0
588.0,323.0,140.0,99.0
588.0,323.0,140.0,99.0
587.0,322.0,140.0,99.0
586.0,322.0,140.0,99.0
586.0,321.0,140.0,99.0
585.0,321.0,140.0,99.0
584.0,320.0,140.0,99.0
583.0,320.0,140.0,99.0
582.0,319.0,140.0,99.0
582.0,319.0,140.0,99.0
581.0,318.0,140.0,99.0
580.0,318.0,140.0,99.0
579.0,318.0,140.0,99.0
578.0,318.0,140.0,99.0
577.0,318.0,140.0,99.0
577.0,318.0,140.0,99.0
576.0,317.0,140.0,99.0
575.0,317.0,140.0,99.0
574.0,318.0,140.0,99.0
574.0,318.0,140.0,99.0
573.0,318.0,140.0,99.0
572.0,318.0,140.0,99.0
572.0,318.0,140.0,99.0
571.0,319.0,140.0,99.0
570.0,319.0,140.0,99.0
570.0,320.0,139.0,99.0
569.0,320.0,140.0,99.0
569.0,321.0,139.0,98.0
568.0,321.0,140.0,99.0
568.0,321.0,139.0,99.0
568.0,322.0,139.0,99.0
568.0,322.0,139.0,98.0
568.0,323.0,140.0,99.0
567.0,323.0,139.0,99.0
567.0,323.0,140.0,99.0
567.0,323.0,139.0,99.0
567.0,324.0,139.0,99.0
567.0,324.0,139.0,99.0
567.0,324.0,139.0,99.0
567.0,324.0,139.0,99.0
567.0,324.0,139.0,99.0
567.0,324.0,139.0,98.0
567.0,324.0,140.0,99.0
567.0,324.0,139.0,99.0
567.0,323.0,140.0,99.0
567.0,323.0,140.0,99.0
567.0,323.0,140.0,99.0
567.0,322.0,140.0,99.0
567.0,322.0,140.0,99.0
567.0,321.0,140.0,99.0
567.0,321.0,140.0,99.0
567.0,320.0,140.0,99.0
567.0,320.0,140.0,99.0
567.0,319.0,140.0,99.0
566.0,318.0,140.0,99.0
566.0,318.0,140.0,99.0
566.0,317.0,140.0,99.0
566.0,317.0,140.0,99.0
566.0,316.0,141.0,100.0
566.0,316.0,141.0,99.0
565.0,315.0,141.0,99.0
565.0,315.0,140.0,99.0
565.0,314.0,140.0,99.0
565.0,314.0,140.0,99.0
565.0,313.0,140.0,99.0
565.0,313.0,140.0,99.0
565.0,312.0,140.0,99.0
565.0,312.0,140.0,99.0
565.0,311.0,140.0,99.0
564.0,311.0,140.0,99.0
564.0,310.0,140.0,99.0
564.0,310.0,140.0,99.0
564.0,309.0,140.0,99.0
564.0,309.0,140.0,99.0
563.0,309.0,140.0,99.0
563.0,308.0,140.0,99.0
563.0,308.0,140.0,99.0
562.0,307.0,140.0,99.0
562.0,307.0,140.0,99.0
562.0,306.0,140.0,99.0
561.0,305.0,140.0,99.0
561.0,305.0,140.0,99.0
561.0,304.0,140.0,99.0
560.0,304.0,140.0,99.0
560.0,303.0,140.0,99.0
559.0,303.0,140.0,99.0
559.0,302.0,140.0,99.0
559.0,301.0,140.0,99.0
558.0,301.0,140.0,99.0
558.0,300.0,140.0,99.0
558.0,299.0,140.0,99.0
557.0,299.0,140.0,99.0
557.0,298.0,140.0,99.0
557.0,297.0,140.0,99.0
557.0,297.0,140.0,99.0
557.0,296.0,140.0,99.0
557.0,296.0,140.0,99.0
557.0,295.0,140.0,99.0
558.0,294.0,140.0,99.0
558.0,294.0,140.0,99.0
559.0,293.0,140.0,99.0
560.0,293.0,140.0,99.0
560.0,293.0,139.0,99.0
561.0,292.0,140.0,99.0
562.0,292.0,139.0,98.0
563.0,290.0,133.0,94.0
565.0,291.0,133.0,94.0
543.0,298.0,145.0,92.0
547.0,298.0,144.0,91.0
526.0,297.0,152.0,97.0
505.0,302.0,185.0,86.0
497.0,301.0,187.0,87.0
496.0,302.0,174.0,82.0
493.0,301.0,172.0,81.0
490.0,300.0,168.0,79.0
487.0,300.0,167.0,79.0
483.0,301.0,170.0,80.0
477.0,304.0,176.0,83.0
470.0,307.0,181.0,86.0
464.0,308.0,191.0,90.0
462.0,310.0,191.0,90.0
460.0,311.0,193.0,91.0
462.0,310.0,191.0,90.0
466.0,310.0,183.0,86.0
471.0,309.0,174.0,82.0
476.0,309.0,171.0,81.0
482.0,310.0,171.0,81.0
484.0,311.0,176.0,83.0
483.0,316.0,183.0,86.0
486.0,319.0,185.0,87.0
492.0,321.0,185.0,87.0
499.0,322.0,182.0,86.0
507.0,322.0,178.0,84.0
516.0,323.0,170.0,80.0
525.0,322.0,171.0,81.0
533.0,317.0,177.0,83.0
540.0,316.0,176.0,83.0
545.0,315.0,174.0,82.0
548.0,316.0,175.0,82.0
550.0,319.0,168.0,111.0
554.0,320.0,167.0,110.0
558.0,322.0,163.0,108.0
559.0,320.0,162.0,107.0
563.0,320.0,156.0,103.0
567.0,320.0,146.0,97.0
571.0,316.0,143.0,95.0
573.0,312.0,142.0,94.0
575.0,308.0,142.0,94.0
575.0,306.0,142.0,94.0
574.0,303.0,142.0,94.0
572.0,304.0,144.0,95.0
570.0,306.0,140.0,92.0
569.0,310.0,135.0,89.0
565.0,312.0,136.0,90.0
564.0,312.0,137.0,90.0
574.0,324.0,121.0,76.0
573.0,322.0,117.0,74.0
572.0,318.0,115.0,72.0
571.0,316.0,115.0,72.0
569.0,316.0,116.0,73.0
566.0,318.0,119.0,74.0
565.0,319.0,117.0,74.0
563.0,319.0,116.0,73.0
562.0,318.0,115.0,72.0
562.0,315.0,112.0,70.0
560.0,312.0,109.0,69.0
559.0,308.0,108.0,68.0
559.0,306.0,107.0,67.0
559.0,304.0,103.0,65.0
559.0,304.0,101.0,63.0
559.0,304.0,98.0,61.0
559.0,304.0,96.0,60.0
559.0,305.0,93.0,58.0
560.0,305.0,90.0,56.0
560.0,304.0,87.0,55.0
561.0,303.0,83.0,52.0
560.0,302.0,80.0,50.0
565.0,302.0,71.0,45.0
563.0,302.0,71.0,45.0
562.0,304.0,71.0,45.0
561.0,307.0,69.0,43.0
561.0,311.0,67.0,42.0
560.0,295.0,66.0,59.0
562.0,296.0,66.0,59.0
560.0,297.0,59.0,53.0
561.0,298.0,57.0,51.0
561.0,298.0,55.0,49.0
561.0,298.0,55.0,49.0
560.0,298.0,57.0,51.0
560.0,297.0,58.0,52.0
561.0,297.0,59.0,53.0
562.0,297.0,59.0,53.0
563.0,297.0,59.0,53.0
563.0,297.0,59.0,53.0
564.0,296.0,59.0,53.0
565.0,296.0,59.0,53.0
565.0,296.0,59.0,53.0
559.0,293.0,66.0,56.0
560.0,292.0,67.0,57.0
560.0,293.0,66.0,56.0
561.0,293.0,68.0,57.0
562.0,294.0,67.0,57.0
561.0,295.0,68.0,57.0
561.0,295.0,66.0,56.0
562.0,296.0,68.0,57.0
562.0,291.0,79.0,65.0
562.0,291.0,79.0,65.0
562.0,291.0,79.0,65.0
561.0,291.0,80.0,66.0
573.0,298.0,68.0,58.0
573.0,298.0,68.0,58.0
573.0,299.0,67.0,57.0
571.0,298.0,69.0,59.0
570.0,297.0,69.0,59.0
569.0,298.0,69.0,59.0
569.0,298.0,69.0,59.0
568.0,297.0,69.0,59.0
567.0,297.0,69.0,59.0
566.0,297.0,69.0,59.0
565.0,298.0,69.0,59.0
564.0,298.0,69.0,58.0
566.0,298.0,64.0,55.0
562.0,298.0,68.0,58.0
561.0,298.0,68.0,58.0
560.0,298.0,67.0,58.0
559.0,298.0,67.0,57.0
558.0,298.0,67.0,57.0
560.0,298.0,67.0,57.0
559.0,298.0,67.0,57.0
558.0,298.0,67.0,57.0
557.0,298.0,58.0,59.0
556.0,298.0,57.0,58.0
555.0,299.0,57.0,58.0
553.0,299.0,58.0,59.0
552.0,299.0,57.0,58.0
551.0,300.0,55.0,56.0
550.0,299.0,58.0,59.0
549.0,299.0,58.0,59.0
542.0,303.0,64.0,55.0
541.0,303.0,64.0,55.0
541.0,303.0,64.0,55.0
541.0,304.0,61.0,53.0
540.0,304.0,63.0,54.0
541.0,305.0,59.0,51.0
539.0,306.0,60.0,52.0
541.0,308.0,47.0,63.0
541.0,309.0,47.0,62.0
541.0,309.0,46.0,62.0
542.0,311.0,45.0,60.0
542.0,311.0,45.0,60.0
542.0,312.0,45.0,60.0
543.0,313.0,46.0,61.0
543.0,314.0,45.0,61.0
532.0,312.0,56.0,66.0
532.0,312.0,56.0,66.0
531.0,311.0,58.0,68.0
531.0,312.0,58.0,68.0
528.0,313.0,57.0,68.0
527.0,314.0,58.0,68.0
527.0,316.0,58.0,68.0
525.0,315.0,59.0,70.0
524.0,314.0,59.0,70.0
524.0,312.0,59.0,70.0
524.0,312.0,60.0,71.0
525.0,312.0,58.0,68.0
523.0,315.0,58.0,68.0
522.0,316.0,58.0,68.0
521.0,317.0,57.0,68.0
519.0,316.0,60.0,70.0
521.0,316.0,56.0,66.0
517.0,314.0,61.0,72.0
516.0,316.0,60.0,70.0
512.0,315.0,67.0,79.0
511.0,314.0,67.0,79.0
511.0,313.0,67.0,79.0
511.0,312.0,49.0,62.0
510.0,310.0,50.0,63.0
509.0,309.0,50.0,63.0
508.0,310.0,49.0,63.0
504.0,313.0,51.0,64.0
503.0,316.0,49.0,63.0
506.0,317.0,46.0,59.0
505.0,314.0,47.0,60.0
490.0,304.0,68.0,81.0
489.0,303.0,68.0,81.0
489.0,303.0,68.0,81.0
489.0,302.0,68.0,81.0
481.0,315.0,76.0,68.0
480.0,313.0,78.0,70.0
481.0,314.0,76.0,68.0
481.0,314.0,76.0,68.0
481.0,314.0,57.0,76.0
467.0,308.0,72.0,90.0
467.0,308.0,72.0,90.0
467.0,309.0,71.0,89.0
467.0,309.0,71.0,89.0
466.0,309.0,71.0,89.0
462.0,308.0,79.0,98.0
461.0,310.0,79.0,99.0
462.0,311.0,79.0,98.0
462.0,311.0,79.0,99.0
462.0,312.0,79.0,98.0
461.0,311.0,80.0,99.0
461.0,311.0,80.0,100.0
461.0,311.0,80.0,100.0
462.0,314.0,78.0,98.0
461.0,312.0,80.0,100.0
459.0,313.0,82.0,102.0
459.0,314.0,82.0,102.0
450.0,320.0,84.0,105.0
449.0,320.0,85.0,106.0
449.0,320.0,85.0,106.0
449.0,320.0,85.0,106.0
448.0,321.0,85.0,106.0
448.0,321.0,85.0,106.0
448.0,321.0,85.0,106.0
447.0,322.0,85.0,106.0
447.0,322.0,85.0,106.0
446.0,322.0,85.0,106.0
445.0,322.0,85.0,106.0
444.0,322.0,85.0,106.0
443.0,322.0,85.0,106.0
442.0,322.0,85.0,106.0
440.0,322.0,85.0,106.0
438.0,322.0,85.0,106.0
435.0,322.0,85.0,106.0
432.0,322.0,85.0,106.0
429.0,322.0,85.0,106.0
425.0,322.0,85.0,106.0
420.0,322.0,85.0,106.0
415.0,321.0,85.0,107.0
409.0,321.0,85.0,107.0
402.0,321.0,86.0,107.0
395.0,321.0,86.0,107.0
387.0,321.0,86.0,107.0
378.0,320.0,86.0,108.0
369.0,320.0,86.0,108.0
359.0,319.0,87.0,108.0
349.0,319.0,87.0,108.0
338.0,319.0,87.0,109.0
328.0,318.0,87.0,109.0
316.0,318.0,88.0,109.0
304.0,318.0,88.0,110.0
292.0,318.0,88.0,110.0
280.0,318.0,89.0,111.0
268.0,317.0,89.0,111.0
256.0,317.0,89.0,111.0
244.0,317.0,89.0,112.0
233.0,317.0,90.0,112.0
221.0,317.0,90.0,113.0
210.0,316.0,90.0,113.0
200.0,316.0,91.0,113.0
190.0,316.0,91.0,114.0
180.0,316.0,91.0,114.0
171.0,316.0,92.0,114.0
162.0,316.0,92.0,115.0
154.0,316.0,92.0,115.0
477.0,391.0,43.0,37.0
468.0,392.0,44.0,38.0
461.0,393.0,43.0,37.0
454.0,394.0,37.0,36.0
446.0,396.0,37.0,36.0
436.0,395.0,39.0,37.0
429.0,399.0,36.0,35.0
425.0,400.0,35.0,34.0
421.0,404.0,35.0,34.0
418.0,408.0,32.0,32.0
412.0,412.0,33.0,32.0
406.0,415.0,33.0,32.0
401.0,417.0,34.0,33.0
396.0,418.0,37.0,36.0
394.0,422.0,37.0,36.0
391.0,423.0,38.0,37.0
389.0,426.0,38.0,37.0
386.0,430.0,37.0,36.0
384.0,434.0,36.0,35.0
383.0,437.0,35.0,34.0
379.0,440.0,37.0,36.0
377.0,443.0,37.0,36.0
377.0,445.0,35.0,34.0
375.0,447.0,37.0,36.0
376.0,449.0,36.0,35.0
376.0,449.0,37.0,36.0
376.0,452.0,36.0,35.0
379.0,454.0,33.0,32.0
380.0,456.0,31.0,30.0
382.0,459.0,29.0,28.0
382.0,459.0,29.0,28.0
387.0,458.0,31.0,30.0
381.0,455.0,36.0,31.0
383.0,454.0,38.0,32.0
386.0,453.0,38.0,33.0
385.0,455.0,37.0,34.0
390.0,456.0,36.0,33.0
388.0,457.0,40.0,36.0
392.0,463.0,37.0,26.0
394.0,463.0,36.0,25.0
395.0,461.0,42.0,29.0
398.0,465.0,41.0,22.0
401.0,467.0,38.0,20.0
405.0,468.0,35.0,19.0
408.0,468.0,31.0,17.0
399.0,463.0,40.0,27.0
402.0,464.0,40.0,27.0
404.0,464.0,41.0,27.0
407.0,464.0,41.0,28.0
414.0,465.0,26.0,25.0
416.0,462.0,30.0,29.0
423.0,462.0,29.0,28.0
427.0,460.0,30.0,29.0
422.0,463.0,43.0,25.0
426.0,462.0,44.0,26.0
431.0,462.0,44.0,26.0
437.0,461.0,45.0,26.0
442.0,460.0,45.0,26.0
446.0,460.0,45.0,26.0
449.0,453.0,37.0,32.0
451.0,453.0,36.0,32.0
455.0,453.0,34.0,30.0
457.0,451.0,39.0,33.0
458.0,451.0,39.0,34.0
459.0,450.0,38.0,33.0
460.0,449.0,38.0,33.0
475.0,456.0,26.0,24.0
477.0,455.0,26.0,24.0
478.0,455.0,26.0,24.0
480.0,455.0,26.0,24.0
480.0,454.0,26.0,24.0
483.0,451.0,26.0,24.0
484.0,450.0,26.0,24.0
484.0,450.0,26.0,24.0
485.0,449.0,26.0,24.0
485.0,450.0,26.0,24.0
486.0,449.0,26.0,24.0
486.0,450.0,26.0,24.0
487.0,452.0,27.0,25.0
487.0,452.0,27.0,25.0
488.0,444.0,21.0,33.0
491.0,444.0,21.0,33.0
491.0,445.0,21.0,33.0
489.0,443.0,21.0,33.0
490.0,441.0,22.0,35.0
488.0,440.0,23.0,36.0
487.0,439.0,23.0,36.0
488.0,439.0,23.0,36.0
487.0,439.0,23.0,36.0
486.0,440.0,22.0,35.0
486.0,441.0,22.0,35.0
486.0,440.0,22.0,35.0
484.0,439.0,22.0,35.0
483.0,439.0,22.0,35.0
483.0,439.0,22.0,35.0
483.0,436.0,22.0,35.0
484.0,436.0,22.0,35.0
482.0,434.0,22.0,35.0
483.0,435.0,23.0,36.0
482.0,433.0,24.0,38.0
483.0,434.0,24.0,38.0
482.0,435.0,26.0,40.0
483.0,433.0,27.0,42.0
482.0,433.0,27.0,42.0
482.0,433.0,27.0,42.0
482.0,433.0,27.0,42.0
482.0,430.0,28.0,44.0
482.0,428.0,30.0,46.0
483.0,429.0,30.0,46.0
483.0,429.0,30.0,46.0
484.0,429.0,30.0,46.0
484.0,430.0,30.0,46.0
485.0,433.0,30.0,46.0
485.0,435.0,30.0,46.0
484.0,436.0,30.0,46.0
485.0,433.0,30.0,46.0
484.0,432.0,30.0,46.0
484.0,429.0,31.0,49.0
484.0,429.0,31.0,49.0
483.0,430.0,31.0,49.0
484.0,429.0,31.0,49.0
485.0,429.0,31.0,49.0
484.0,431.0,31.0,49.0
484.0,430.0,31.0,49.0
482.0,430.0,31.0,49.0
482.0,432.0,30.0,46.0
482.0,427.0,31.0,49.0
481.0,426.0,31.0,49.0
480.0,422.0,33.0,51.0
479.0,420.0,33.0,51.0
478.0,418.0,33.0,51.0
477.0,418.0,33.0,51.0
476.0,417.0,33.0,51.0
477.0,418.0,33.0,51.0
476.0,417.0,33.0,51.0
473.0,416.0,33.0,51.0
472.0,414.0,33.0,51.0
470.0,413.0,33.0,51.0
468.0,410.0,34.0,54.0
467.0,406.0,34.0,54.0
467.0,403.0,34.0,54.0
466.0,403.0,34.0,54.0
463.0,402.0,34.0,54.0
462.0,401.0,34.0,54.0
461.0,401.0,34.0,54.0
460.0,398.0,34.0,54.0
461.0,399.0,33.0,51.0
461.0,397.0,33.0,51.0
460.0,393.0,33.0,51.0
461.0,390.0,33.0,51.0
460.0,387.0,33.0,51.0
461.0,387.0,33.0,51.0
462.0,387.0,33.0,51.0
463.0,386.0,33.0,51.0
465.0,387.0,33.0,51.0
465.0,387.0,34.0,54.0
464.0,387.0,36.0,56.0
464.0,386.0,38.0,59.0
464.0,385.0,38.0,59.0
464.0,383.0,40.0,62.0
462.0,379.0,42.0,65.0
461.0,378.0,42.0,65.0
462.0,378.0,42.0,65.0
462.0,380.0,42.0,65.0
462.0,381.0,42.0,65.0
461.0,383.0,42.0,65.0
460.0,386.0,42.0,65.0
459.0,390.0,42.0,65.0
462.0,389.0,42.0,65.0
460.0,387.0,44.0,69.0
459.0,384.0,44.0,69.0
458.0,380.0,44.0,69.0
456.0,377.0,46.0,72.0
455.0,375.0,48.0,76.0
452.0,374.0,51.0,79.0
452.0,375.0,51.0,79.0
449.0,375.0,51.0,79.0
447.0,375.0,51.0,79.0
447.0,373.0,51.0,79.0
439.0,373.0,51.0,79.0
436.0,366.0,53.0,83.0
432.0,360.0,56.0,88.0
422.0,367.0,62.0,75.0
419.0,363.0,62.0,75.0
415.0,362.0,62.0,75.0
410.0,359.0,62.0,75.0
404.0,362.0,62.0,75.0
401.0,361.0,62.0,75.0
394.0,359.0,62.0,75.0
387.0,358.0,65.0,79.0
379.0,357.0,65.0,79.0
376.0,357.0,65.0,79.0
370.0,355.0,65.0,79.0
367.0,353.0,65.0,79.0
363.0,348.0,68.0,83.0
357.0,345.0,72.0,87.0
356.0,344.0,72.0,87.0
354.0,345.0,75.0,91.0
350.0,346.0,75.0,91.0
351.0,361.0,97.0,73.0
352.0,362.0,101.0,76.0
353.0,361.0,105.0,79.0
359.0,359.0,108.0,81.0
368.0,357.0,108.0,81.0
380.0,354.0,107.0,80.0
390.0,350.0,108.0,81.0
400.0,349.0,109.0,82.0
412.0,347.0,113.0,85.0
423.0,348.0,118.0,89.0
436.0,349.0,122.0,92.0
443.0,348.0,130.0,98.0
454.0,351.0,132.0,99.0
468.0,347.0,134.0,101.0
482.0,345.0,137.0,103.0
497.0,343.0,141.0,106.0
509.0,342.0,140.0,105.0
518.0,340.0,140.0,105.0
523.0,338.0,143.0,108.0
531.0,341.0,124.0,93.0
535.0,338.0,131.0,99.0
538.0,356.0,133.0,87.0
545.0,356.0,127.0,83.0
550.0,355.0,117.0,76.0
559.0,355.0,100.0,66.0
538.0,351.0,120.0,83.0
524.0,343.0,129.0,89.0
512.0,338.0,135.0,93.0
500.0,332.0,141.0,97.0
544.0,351.0,100.0,78.0
535.0,349.0,102.0,79.0
527.0,350.0,99.0,77.0
517.0,349.0,100.0,78.0
506.0,347.0,100.0,78.0
496.0,346.0,101.0,79.0
486.0,343.0,103.0,80.0
476.0,341.0,105.0,82.0
467.0,341.0,104.0,81.0
460.0,341.0,102.0,79.0
452.0,341.0,100.0,78.0
444.0,341.0,98.0,76.0
436.0,342.0,97.0,76.0
427.0,344.0,98.0,76.0
422.0,328.0,134.0,102.0
423.0,329.0,133.0,101.0
425.0,329.0,133.0,101.0
427.0,329.0,133.0,101.0
419.0,329.0,143.0,101.0
421.0,329.0,143.0,101.0
425.0,330.0,142.0,100.0
429.0,330.0,142.0,100.0
431.0,331.0,141.0,100.0
432.0,331.0,141.0,100.0
434.0,332.0,116.0,94.0
436.0,333.0,115.0,93.0
438.0,334.0,115.0,93.0
439.0,337.0,106.0,86.0
442.0,338.0,103.0,83.0
444.0,338.0,101.0,82.0
446.0,339.0,98.0,80.0
448.0,339.0,96.0,78.0
450.0,339.0,94.0,76.0
452.0,339.0,92.0,74.0
454.0,340.0,88.0,72.0
455.0,341.0,86.0,69.0
456.0,341.0,84.0,68.0
458.0,340.0,82.0,67.0
459.0,340.0,81.0,66.0
459.0,340.0,80.0,65.0
459.0,340.0,78.0,63.0
458.0,340.0,76.0,62.0
458.0,341.0,73.0,59.0
455.0,342.0,73.0,59.0
454.0,330.0,72.0,98.0
453.0,330.0,72.0,98.0
449.0,330.0,73.0,99.0
446.0,329.0,74.0,100.0
445.0,330.0,72.0,99.0
443.0,331.0,72.0,98.0
442.0,332.0,71.0,97.0
441.0,333.0,86.0,96.0
440.0,333.0,86.0,96.0
438.0,333.0,86.0,96.0
436.0,335.0,83.0,92.0
434.0,338.0,80.0,89.0
433.0,339.0,97.0,89.0
431.0,340.0,98.0,90.0
429.0,334.0,104.0,95.0
429.0,331.0,105.0,96.0
428.0,330.0,105.0,97.0
428.0,331.0,105.0,97.0
427.0,332.0,105.0,97.0
427.0,332.0,106.0,97.0
399.0,333.0,133.0,100.0
397.0,334.0,134.0,101.0
398.0,335.0,133.0,100.0
397.0,335.0,133.0,100.0
396.0,335.0,113.0,101.0
394.0,336.0,113.0,101.0
392.0,338.0,113.0,101.0
391.0,340.0,114.0,102.0
390.0,342.0,113.0,101.0
389.0,343.0,114.0,102.0
388.0,344.0,113.0,101.0
387.0,345.0,114.0,102.0
387.0,345.0,114.0,102.0
386.0,361.0,113.0,88.0
386.0,362.0,114.0,88.0
385.0,362.0,113.0,88.0
389.0,364.0,111.0,87.0
385.0,363.0,113.0,88.0
385.0,363.0,114.0,89.0
384.0,378.0,114.0,74.0
384.0,378.0,114.0,74.0
384.0,378.0,114.0,74.0
384.0,378.0,114.0,74.0
384.0,378.0,114.0,74.0
384.0,371.0,123.0,81.0
384.0,370.0,123.0,81.0
384.0,370.0,123.0,81.0
384.0,369.0,123.0,81.0
384.0,368.0,123.0,81.0
385.0,367.0,123.0,81.0
385.0,365.0,123.0,81.0
385.0,365.0,123.0,81.0
385.0,359.0,123.0,81.0
392.0,365.0,117.0,77.0
392.0,365.0,117.0,77.0
392.0,362.0,117.0,77.0
392.0,360.0,117.0,77.0
392.0,358.0,116.0,77.0
392.0,355.0,116.0,77.0
392.0,353.0,127.0,77.0
392.0,351.0,127.0,77.0
392.0,348.0,127.0,77.0
392.0,346.0,127.0,77.0
392.0,343.0,127.0,77.0
392.0,341.0,127.0,77.0
392.0,339.0,127.0,77.0
374.0,337.0,145.0,77.0
374.0,335.0,145.0,77.0
374.0,333.0,145.0,77.0
374.0,332.0,145.0,77.0
374.0,330.0,144.0,76.0
374.0,329.0,145.0,77.0
409.0,359.0,42.0,46.0
409.0,359.0,42.0,46.0
409.0,359.0,41.0,45.0
408.0,356.0,43.0,47.0
409.0,357.0,42.0,46.0
410.0,358.0,40.0,44.0
414.0,358.0,39.0,43.0
418.0,358.0,39.0,43.0
422.0,359.0,38.0,42.0
426.0,359.0,37.0,40.0
428.0,358.0,37.0,41.0
431.0,357.0,39.0,43.0
435.0,357.0,37.0,41.0
442.0,356.0,35.0,39.0
446.0,358.0,34.0,37.0
451.0,360.0,30.0,33.0
455.0,362.0,29.0,32.0
458.0,358.0,31.0,34.0
460.0,362.0,30.0,32.0
464.0,361.0,31.0,34.0
466.0,365.0,31.0,33.0
468.0,369.0,29.0,32.0
470.0,370.0,29.0,32.0
470.0,375.0,26.0,28.0
470.0,376.0,26.0,29.0
470.0,376.0,26.0,28.0
471.0,379.0,24.0,27.0
470.0,383.0,24.0,26.0
470.0,382.0,26.0,29.0
467.0,393.0,24.0,26.0
466.0,396.0,24.0,26.0
463.0,399.0,25.0,27.0
463.0,401.0,23.0,25.0
461.0,401.0,22.0,25.0
458.0,402.0,23.0,25.0
455.0,405.0,23.0,25.0
454.0,405.0,28.0,30.0
453.0,409.0,28.0,30.0
452.0,414.0,28.0,30.0
448.0,415.0,28.0,30.0
445.0,418.0,28.0,30.0
444.0,422.0,28.0,30.0
441.0,424.0,28.0,30.0
439.0,427.0,28.0,30.0
437.0,430.0,28.0,30.0
434.0,433.0,28.0,30.0
432.0,435.0,28.0,30.0
431.0,438.0,28.0,30.0
427.0,440.0,28.0,30.0
427.0,441.0,28.0,30.0
425.0,445.0,28.0,30.0
423.0,447.0,28.0,30.0
422.0,447.0,28.0,30.0
421.0,450.0,28.0,30.0
420.0,451.0,28.0,30.0
417.0,453.0,28.0,30.0
415.0,456.0,28.0,30.0
413.0,457.0,28.0,30.0
412.0,460.0,28.0,30.0
410.0,461.0,29.0,31.0
413.0,460.0,29.0,31.0
411.0,462.0,29.0,31.0
410.0,463.0,29.0,31.0
408.0,465.0,29.0,31.0
405.0,466.0,29.0,31.0
405.0,465.0,29.0,31.0
404.0,467.0,29.0,31.0
404.0,467.0,29.0,31.0
404.0,467.0,29.0,31.0
404.0,467.0,29.0,31.0
396.0,466.0,36.0,34.0
397.0,466.0,36.0,34.0
397.0,469.0,34.0,32.0
389.0,466.0,37.0,29.0
392.0,466.0,37.0,29.0
390.0,468.0,37.0,29.0
390.0,467.0,37.0,29.0
390.0,468.0,37.0,29.0
387.0,468.0,37.0,29.0
387.0,471.0,37.0,29.0
383.0,470.0,39.0,30.0
383.0,470.0,39.0,30.0
381.0,468.0,39.0,30.0
381.0,468.0,39.0,30.0
381.0,467.0,39.0,30.0
378.0,467.0,39.0,30.0
377.0,466.0,39.0,30.0
377.0,465.0,39.0,30.0
377.0,464.0,39.0,30.0
378.0,463.0,39.0,30.0
377.0,462.0,39.0,30.0
377.0,460.0,39.0,30.0
377.0,458.0,39.0,30.0
376.0,456.0,39.0,30.0
377.0,455.0,39.0,30.0
377.0,453.0,39.0,30.0
377.0,451.0,39.0,30.0
376.0,450.0,39.0,30.0
378.0,447.0,39.0,30.0
376.0,443.0,41.0,32.0
379.0,441.0,41.0,32.0
381.0,438.0,41.0,32.0
383.0,436.0,41.0,32.0
384.0,432.0,43.0,34.0
385.0,429.0,43.0,34.0
387.0,427.0,43.0,34.0
389.0,425.0,43.0,34.0
392.0,421.0,43.0,34.0
395.0,417.0,45.0,35.0
396.0,415.0,45.0,35.0
399.0,412.0,45.0,35.0
403.0,408.0,45.0,35.0
405.0,406.0,45.0,35.0
408.0,402.0,45.0,35.0
412.0,401.0,45.0,35.0
418.0,397.0,45.0,35.0
421.0,395.0,45.0,35.0
425.0,393.0,45.0,35.0
430.0,391.0,45.0,35.0
435.0,389.0,45.0,35.0
438.0,387.0,45.0,35.0
443.0,384.0,45.0,35.0
449.0,382.0,45.0,35.0
455.0,383.0,43.0,34.0
460.0,381.0,43.0,34.0
466.0,382.0,41.0,32.0
469.0,380.0,41.0,32.0
474.0,380.0,41.0,32.0
478.0,380.0,39.0,30.0
483.0,378.0,39.0,30.0
487.0,378.0,39.0,30.0
488.0,378.0,39.0,30.0
491.0,379.0,39.0,30.0
493.0,379.0,39.0,30.0
495.0,379.0,39.0,30.0
496.0,381.0,39.0,30.0
497.0,381.0,39.0,30.0
497.0,383.0,39.0,30.0
499.0,385.0,37.0,29.0
499.0,386.0,35.0,28.0
498.0,388.0,35.0,28.0
499.0,390.0,35.0,28.0
496.0,392.0,34.0,26.0
495.0,391.0,34.0,26.0
492.0,392.0,32.0,25.0
489.0,392.0,32.0,25.0
483.0,392.0,32.0,25.0
475.0,394.0,34.0,26.0
466.0,394.0,34.0,26.0
458.0,396.0,34.0,26.0
449.0,397.0,34.0,26.0
444.0,397.0,34.0,26.0
438.0,397.0,34.0,26.0
434.0,397.0,34.0,26.0
428.0,398.0,34.0,26.0
424.0,397.0,34.0,26.0
420.0,396.0,34.0,26.0
418.0,396.0,32.0,25.0
416.0,395.0,32.0,25.0
414.0,393.0,32.0,25.0
412.0,391.0,32.0,25.0
408.0,389.0,34.0,26.0
407.0,388.0,34.0,26.0
405.0,385.0,35.0,28.0
406.0,385.0,35.0,28.0
404.0,384.0,35.0,28.0
405.0,384.0,35.0,28.0
404.0,381.0,37.0,29.0
402.0,381.0,37.0,29.0
402.0,378.0,37.0,29.0
402.0,377.0,37.0,29.0
402.0,374.0,37.0,29.0
402.0,373.0,37.0,29.0
402.0,370.0,37.0,29.0
402.0,369.0,37.0,29.0
403.0,368.0,35.0,28.0
403.0,367.0,35.0,28.0
405.0,369.0,34.0,26.0
404.0,368.0,34.0,26.0
405.0,367.0,34.0,26.0
405.0,366.0,34.0,26.0
406.0,363.0,34.0,26.0
408.0,361.0,34.0,26.0
409.0,359.0,34.0,26.0
408.0,357.0,34.0,26.0
410.0,357.0,34.0,26.0
409.0,356.0,34.0,26.0
410.0,355.0,34.0,26.0
409.0,353.0,34.0,26.0
409.0,354.0,34.0,26.0
408.0,352.0,34.0,26.0
409.0,351.0,34.0,26.0
407.0,350.0,34.0,26.0
408.0,349.0,34.0,26.0
409.0,348.0,34.0,26.0
409.0,345.0,34.0,26.0
410.0,345.0,34.0,26.0
409.0,343.0,34.0,26.0
409.0,343.0,34.0,26.0
410.0,341.0,34.0,26.0
409.0,340.0,34.0,26.0
411.0,342.0,34.0,26.0
410.0,341.0,34.0,26.0
412.0,335.0,25.0,37.0
413.0,336.0,25.0,37.0
413.0,333.0,25.0,37.0
414.0,331.0,25.0,37.0
415.0,330.0,25.0,37.0
416.0,329.0,25.0,37.0
417.0,327.0,25.0,37.0
416.0,326.0,26.0,39.0
418.0,326.0,26.0,39.0
417.0,325.0,28.0,41.0
416.0,325.0,28.0,41.0
414.0,323.0,28.0,41.0
415.0,322.0,28.0,41.0
415.0,323.0,28.0,41.0
416.0,319.0,28.0,41.0
416.0,320.0,28.0,41.0
419.0,319.0,28.0,41.0
419.0,320.0,28.0,41.0
421.0,320.0,28.0,41.0
421.0,319.0,29.0,43.0
421.0,321.0,29.0,43.0
421.0,321.0,29.0,43.0
420.0,320.0,29.0,43.0
420.0,319.0,29.0,43.0
419.0,320.0,29.0,43.0
419.0,318.0,29.0,43.0
419.0,317.0,29.0,43.0
421.0,317.0,29.0,43.0
421.0,316.0,29.0,43.0
422.0,319.0,29.0,43.0
423.0,323.0,28.0,41.0
421.0,323.0,28.0,41.0
421.0,323.0,28.0,41.0
418.0,322.0,29.0,43.0
417.0,319.0,29.0,43.0
414.0,318.0,29.0,43.0
416.0,320.0,28.0,41.0
413.0,319.0,28.0,41.0
413.0,319.0,28.0,41.0
410.0,322.0,28.0,41.0
409.0,323.0,28.0,41.0
406.0,324.0,28.0,41.0
404.0,325.0,28.0,41.0
402.0,326.0,28.0,41.0
396.0,327.0,28.0,41.0
392.0,327.0,28.0,41.0
390.0,329.0,28.0,41.0
386.0,326.0,28.0,41.0
382.0,325.0,29.0,43.0
380.0,324.0,29.0,43.0
375.0,326.0,29.0,43.0
371.0,326.0,30.0,45.0
366.0,328.0,32.0,47.0
364.0,329.0,32.0,47.0
360.0,331.0,32.0,47.0
356.0,331.0,32.0,47.0
352.0,329.0,32.0,47.0
351.0,329.0,32.0,47.0
350.0,328.0,32.0,47.0
350.0,330.0,32.0,47.0
350.0,333.0,32.0,47.0
351.0,333.0,32.0,47.0
353.0,334.0,32.0,47.0
355.0,334.0,32.0,47.0
356.0,339.0,32.0,47.0
356.0,339.0,32.0,47.0
357.0,338.0,32.0,47.0
357.0,338.0,32.0,47.0
361.0,341.0,32.0,47.0
364.0,339.0,32.0,47.0
367.0,340.0,32.0,47.0
370.0,339.0,34.0,50.0
374.0,340.0,35.0,52.0
377.0,341.0,37.0,55.0
379.0,344.0,37.0,55.0
381.0,345.0,37.0,55.0
384.0,345.0,37.0,55.0
387.0,343.0,37.0,55.0
391.0,342.0,37.0,55.0
394.0,341.0,37.0,55.0
397.0,342.0,39.0,57.0
399.0,339.0,39.0,57.0
404.0,342.0,39.0,57.0
406.0,344.0,41.0,60.0
408.0,346.0,41.0,60.0
412.0,350.0,41.0,60.0
413.0,350.0,41.0,60.0
414.0,348.0,41.0,60.0
418.0,344.0,41.0,60.0
418.0,341.0,43.0,63.0
419.0,341.0,45.0,66.0
420.0,340.0,45.0,66.0
421.0,340.0,47.0,70.0
423.0,341.0,47.0,70.0
426.0,342.0,47.0,70.0
428.0,346.0,47.0,70.0
428.0,345.0,49.0,73.0
429.0,344.0,49.0,73.0
428.0,342.0,52.0,77.0
429.0,339.0,52.0,77.0
430.0,336.0,52.0,77.0
432.0,330.0,52.0,77.0
434.0,330.0,52.0,77.0
437.0,329.0,52.0,77.0
440.0,331.0,52.0,77.0
442.0,333.0,55.0,81.0
444.0,334.0,55.0,81.0
447.0,331.0,57.0,85.0
451.0,328.0,57.0,85.0
452.0,324.0,60.0,89.0
441.0,317.0,94.0,95.0
445.0,313.0,94.0,95.0
447.0,308.0,94.0,95.0
449.0,307.0,94.0,95.0
453.0,306.0,94.0,95.0
455.0,309.0,94.0,95.0
455.0,304.0,99.0,100.0
455.0,301.0,99.0,100.0
457.0,303.0,99.0,100.0
455.0,301.0,99.0,100.0
448.0,293.0,104.0,105.0
446.0,289.0,109.0,110.0
441.0,286.0,109.0,110.0
440.0,295.0,122.0,100.0
429.0,290.0,122.0,100.0
421.0,294.0,122.0,100.0
413.0,290.0,128.0,105.0
406.0,290.0,135.0,110.0
401.0,293.0,135.0,110.0
396.0,296.0,141.0,116.0
397.0,296.0,141.0,116.0
389.0,292.0,141.0,116.0
380.0,289.0,148.0,122.0
380.0,284.0,148.0,122.0
371.0,280.0,148.0,122.0
375.0,278.0,148.0,122.0
380.0,277.0,148.0,122.0
381.0,281.0,148.0,122.0
384.0,282.0,148.0,122.0
400.0,281.0,148.0,122.0
402.0,281.0,148.0,122.0
409.0,284.0,148.0,122.0
413.0,287.0,141.0,116.0
426.0,287.0,141.0,116.0
448.0,290.0,141.0,116.0
472.0,283.0,175.0,116.0
469.0,281.0,175.0,116.0
485.0,280.0,175.0,116.0
494.0,280.0,175.0,116.0
505.0,283.0,175.0,116.0
518.0,283.0,184.0,122.0
538.0,291.0,175.0,116.0
546.0,295.0,175.0,116.0
557.0,293.0,175.0,116.0
566.0,294.0,175.0,116.0
582.0,293.0,167.0,110.0
584.0,289.0,167.0,110.0
589.0,289.0,167.0,110.0
600.0,292.0,159.0,105.0
601.0,296.0,159.0,105.0
607.0,299.0,159.0,105.0
610.0,304.0,159.0,105.0
616.0,305.0,159.0,105.0
619.0,303.0,167.0,110.0
624.0,300.0,167.0,110.0
631.0,303.0,159.0,105.0
636.0,297.0,159.0,105.0
640.0,296.0,159.0,105.0
642.0,293.0,159.0,105.0
648.0,292.0,159.0,105.0
656.0,297.0,151.0,100.0
660.0,297.0,151.0,100.0
665.0,302.0,151.0,100.0
669.0,306.0,151.0,100.0
677.0,307.0,151.0,100.0
680.0,307.0,151.0,100.0
686.0,306.0,144.0,95.0
690.0,306.0,144.0,95.0
695.0,303.0,144.0,95.0
696.0,304.0,144.0,95.0
701.0,307.0,137.0,91.0
712.0,307.0,131.0,87.0
717.0,309.0,124.0,82.0
717.0,314.0,124.0,82.0
717.0,317.0,124.0,82.0
718.0,315.0,124.0,82.0
720.0,314.0,118.0,79.0
718.0,313.0,118.0,79.0
718.0,312.0,118.0,79.0
715.0,310.0,118.0,79.0
715.0,309.0,118.0,79.0
714.0,307.0,118.0,79.0
715.0,306.0,118.0,79.0
719.0,309.0,113.0,75.0
716.0,312.0,113.0,75.0
718.0,290.0,89.0,115.0
722.0,290.0,89.0,115.0
724.0,292.0,85.0,110.0
723.0,297.0,85.0,110.0
723.0,296.0,85.0,110.0
721.0,293.0,85.0,110.0
721.0,294.0,85.0,110.0
720.0,293.0,85.0,110.0
718.0,288.0,85.0,110.0
718.0,287.0,85.0,110.0
719.0,287.0,85.0,110.0
718.0,288.0,85.0,110.0
716.0,288.0,89.0,115.0
715.0,286.0,89.0,115.0
714.0,285.0,93.0,121.0
713.0,284.0,93.0,121.0
715.0,282.0,93.0,121.0
715.0,283.0,93.0,121.0
714.0,286.0,93.0,121.0
715.0,288.0,93.0,121.0
717.0,287.0,93.0,121.0
718.0,287.0,93.0,121.0
717.0,287.0,93.0,121.0
693.0,301.0,105.0,117.0
702.0,298.0,105.0,117.0
702.0,298.0,105.0,117.0
702.0,299.0,105.0,117.0
701.0,299.0,105.0,117.0
700.0,299.0,105.0,117.0
699.0,302.0,105.0,117.0
702.0,301.0,105.0,117.0
700.0,302.0,105.0,117.0
701.0,302.0,105.0,117.0
670.0,314.0,128.0,105.0
675.0,312.0,128.0,105.0
674.0,313.0,128.0,105.0
671.0,313.0,128.0,105.0
670.0,311.0,128.0,105.0
667.0,312.0,128.0,105.0
663.0,312.0,128.0,105.0
661.0,311.0,128.0,105.0
660.0,311.0,128.0,105.0
658.0,311.0,128.0,105.0
654.0,310.0,128.0,105.0
650.0,309.0,128.0,105.0
650.0,311.0,122.0,100.0
646.0,312.0,122.0,100.0
642.0,310.0,122.0,100.0
637.0,312.0,122.0,100.0
635.0,312.0,122.0,100.0
632.0,309.0,122.0,100.0
628.0,310.0,122.0,100.0
621.0,310.0,122.0,100.0
616.0,309.0,122.0,100.0
613.0,308.0,122.0,100.0
609.0,309.0,122.0,100.0
605.0,307.0,122.0,100.0
602.0,307.0,122.0,100.0
598.0,307.0,122.0,100.0
597.0,307.0,116.0,95.0
593.0,307.0,116.0,95.0
592.0,307.0,111.0,91.0
591.0,309.0,105.0,86.0
588.0,306.0,105.0,86.0
586.0,307.0,105.0,86.0
584.0,307.0,105.0,86.0
581.0,305.0,105.0,86.0
578.0,305.0,105.0,86.0
575.0,304.0,105.0,86.0
574.0,303.0,105.0,86.0
572.0,305.0,105.0,86.0
570.0,303.0,105.0,86.0
570.0,306.0,100.0,82.0
568.0,306.0,100.0,82.0
566.0,305.0,100.0,82.0
564.0,305.0,100.0,82.0
563.0,305.0,100.0,82.0
562.0,306.0,100.0,82.0
559.0,305.0,100.0,82.0
559.0,306.0,100.0,82.0
559.0,307.0,100.0,82.0
557.0,308.0,100.0,82.0
557.0,308.0,100.0,82.0
557.0,310.0,100.0,82.0
556.0,310.0,100.0,82.0
558.0,310.0,100.0,82.0
559.0,312.0,100.0,82.0
560.0,314.0,100.0,82.0
560.0,316.0,100.0,82.0
562.0,319.0,100.0,82.0
562.0,320.0,100.0,82.0
565.0,321.0,100.0,82.0
567.0,324.0,100.0,82.0
569.0,326.0,100.0,82.0
572.0,330.0,100.0,82.0
576.0,333.0,100.0,82.0
581.0,320.0,96.0,106.0
584.0,326.0,99.0,106.0
583.0,331.0,109.0,103.0
582.0,331.0,113.0,104.0
575.0,333.0,125.0,109.0
571.0,335.0,143.0,118.0
559.0,340.0,166.0,115.0
560.0,345.0,166.0,115.0
562.0,351.0,166.0,115.0
559.0,351.0,166.0,115.0
561.0,352.0,166.0,115.0
564.0,357.0,166.0,115.0
575.0,364.0,158.0,110.0
578.0,364.0,166.0,115.0
576.0,363.0,166.0,115.0
570.0,365.0,166.0,115.0
572.0,368.0,166.0,115.0
572.0,370.0,166.0,115.0
577.0,369.0,158.0,110.0
578.0,371.0,158.0,110.0
583.0,381.0,151.0,104.0
587.0,385.0,151.0,104.0
587.0,387.0,151.0,104.0
581.0,387.0,151.0,104.0
578.0,387.0,151.0,104.0
574.0,387.0,151.0,104.0
571.0,386.0,151.0,104.0
569.0,388.0,143.0,99.0
566.0,389.0,137.0,95.0
559.0,390.0,137.0,95.0
556.0,392.0,137.0,95.0
551.0,393.0,137.0,95.0
542.0,391.0,137.0,95.0
531.0,386.0,137.0,95.0
523.0,387.0,137.0,95.0
515.0,387.0,137.0,95.0
503.0,391.0,137.0,95.0
495.0,390.0,137.0,95.0
488.0,390.0,137.0,95.0
479.0,387.0,137.0,95.0
475.0,389.0,130.0,90.0
475.0,387.0,124.0,86.0
469.0,381.0,124.0,86.0
459.0,379.0,130.0,90.0
450.0,376.0,137.0,95.0
447.0,377.0,137.0,95.0
444.0,376.0,137.0,95.0
438.0,374.0,143.0,99.0
438.0,372.0,143.0,99.0
439.0,370.0,137.0,95.0
440.0,368.0,137.0,95.0
439.0,364.0,137.0,95.0
438.0,363.0,137.0,95.0
437.0,359.0,137.0,95.0
440.0,363.0,130.0,90.0
439.0,360.0,130.0,90.0
437.0,360.0,130.0,90.0
439.0,359.0,124.0,86.0
475.0,366.0,50.0,61.0
474.0,364.0,50.0,61.0
474.0,361.0,50.0,61.0
475.0,357.0,50.0,61.0
475.0,356.0,50.0,61.0
476.0,357.0,50.0,61.0
478.0,356.0,48.0,58.0
475.0,357.0,48.0,58.0
476.0,353.0,48.0,58.0
477.0,352.0,45.0,55.0
480.0,350.0,43.0,53.0
484.0,348.0,43.0,53.0
484.0,345.0,43.0,53.0
486.0,344.0,41.0,50.0
487.0,343.0,41.0,50.0
487.0,343.0,41.0,50.0
488.0,342.0,41.0,50.0
487.0,343.0,41.0,50.0
488.0,343.0,39.0,48.0
489.0,342.0,37.0,46.0
489.0,340.0,37.0,46.0
488.0,338.0,37.0,46.0
489.0,339.0,36.0,43.0
486.0,339.0,36.0,43.0
486.0,342.0,34.0,41.0
487.0,340.0,34.0,41.0
485.0,344.0,34.0,41.0
485.0,343.0,32.0,39.0
483.0,346.0,31.0,37.0
484.0,346.0,29.0,36.0
481.0,345.0,28.0,34.0
481.0,343.0,28.0,34.0
479.0,344.0,28.0,34.0
477.0,345.0,28.0,34.0
477.0,346.0,28.0,34.0
474.0,345.0,29.0,36.0
473.0,346.0,29.0,36.0
469.0,347.0,29.0,36.0
466.0,346.0,29.0,36.0
465.0,347.0,29.0,36.0
460.0,346.0,29.0,36.0
458.0,344.0,29.0,36.0
458.0,347.0,28.0,34.0
457.0,346.0,27.0,32.0
454.0,347.0,27.0,32.0
452.0,348.0,27.0,32.0
450.0,347.0,27.0,32.0
447.0,347.0,27.0,32.0
446.0,348.0,27.0,32.0
444.0,348.0,27.0,32.0
443.0,346.0,27.0,32.0
440.0,346.0,27.0,32.0
439.0,345.0,27.0,32.0
438.0,349.0,27.0,32.0
436.0,347.0,27.0,32.0
433.0,349.0,27.0,32.0
434.0,348.0,25.0,31.0
431.0,347.0,25.0,31.0
431.0,344.0,27.0,32.0
427.0,343.0,28.0,34.0
424.0,342.0,28.0,34.0
424.0,343.0,27.0,32.0
424.0,340.0,28.0,34.0
421.0,338.0,28.0,34.0
419.0,337.0,29.0,36.0
417.0,334.0,31.0,37.0
415.0,332.0,31.0,37.0
415.0,332.0,31.0,37.0
415.0,331.0,31.0,37.0
413.0,329.0,31.0,37.0
413.0,330.0,29.0,36.0
412.0,329.0,29.0,36.0
410.0,326.0,29.0,36.0
410.0,325.0,29.0,36.0
410.0,325.0,29.0,36.0
410.0,323.0,29.0,36.0
411.0,323.0,29.0,36.0
409.0,325.0,29.0,36.0
406.0,327.0,28.0,34.0
405.0,326.0,28.0,34.0
404.0,326.0,28.0,34.0
404.0,325.0,28.0,34.0
405.0,324.0,28.0,34.0
406.0,324.0,28.0,34.0
406.0,323.0,28.0,34.0
406.0,323.0,28.0,34.0
407.0,323.0,28.0,34.0
408.0,323.0,28.0,34.0
410.0,322.0,28.0,34.0
410.0,322.0,28.0,34.0
413.0,322.0,27.0,32.0
412.0,323.0,27.0,32.0
413.0,320.0,27.0,32.0
411.0,320.0,27.0,32.0
414.0,318.0,27.0,32.0
413.0,318.0,27.0,32.0
413.0,317.0,27.0,32.0
413.0,314.0,28.0,34.0
413.0,314.0,28.0,34.0
398.0,309.0,48.0,35.0
399.0,310.0,48.0,35.0
398.0,309.0,48.0,35.0
398.0,310.0,48.0,35.0
399.0,311.0,46.0,33.0
397.0,310.0,44.0,32.0
394.0,309.0,44.0,32.0
393.0,308.0,44.0,32.0
392.0,308.0,44.0,32.0
392.0,307.0,44.0,32.0
389.0,307.0,44.0,32.0
386.0,307.0,44.0,32.0
386.0,307.0,44.0,32.0
386.0,308.0,44.0,32.0
386.0,308.0,44.0,32.0
385.0,310.0,44.0,32.0
383.0,312.0,44.0,32.0
380.0,312.0,46.0,33.0
380.0,312.0,46.0,33.0
379.0,313.0,46.0,33.0
379.0,314.0,46.0,33.0
380.0,315.0,44.0,32.0
378.0,316.0,44.0,32.0
380.0,319.0,41.0,30.0
380.0,320.0,41.0,30.0
381.0,322.0,41.0,30.0
379.0,323.0,41.0,30.0
379.0,325.0,41.0,30.0
377.0,328.0,41.0,30.0
374.0,330.0,41.0,30.0
373.0,331.0,41.0,30.0
372.0,331.0,41.0,30.0
373.0,333.0,41.0,30.0
369.0,332.0,41.0,30.0
370.0,333.0,41.0,30.0
371.0,336.0,41.0,30.0
370.0,338.0,41.0,30.0
370.0,338.0,39.0,29.0
369.0,340.0,39.0,29.0
369.0,343.0,39.0,29.0
369.0,343.0,38.0,27.0
367.0,345.0,38.0,27.0
367.0,345.0,38.0,27.0
366.0,346.0,38.0,27.0
367.0,347.0,38.0,27.0
366.0,346.0,38.0,27.0
368.0,347.0,38.0,27.0
367.0,346.0,39.0,29.0
367.0,347.0,39.0,29.0
368.0,348.0,39.0,29.0
368.0,349.0,39.0,29.0
370.0,348.0,39.0,29.0
371.0,349.0,39.0,29.0
371.0,349.0,39.0,29.0
373.0,349.0,39.0,29.0
373.0,350.0,39.0,29.0
375.0,351.0,39.0,29.0
375.0,350.0,41.0,30.0
377.0,351.0,41.0,30.0
378.0,351.0,41.0,30.0
389.0,349.0,25.0,36.0
391.0,351.0,25.0,36.0
392.0,351.0,25.0,36.0
394.0,351.0,25.0,36.0
395.0,348.0,25.0,36.0
396.0,347.0,26.0,38.0
398.0,345.0,26.0,38.0
400.0,343.0,26.0,38.0
401.0,342.0,28.0,40.0
402.0,342.0,28.0,40.0
403.0,343.0,28.0,40.0
404.0,343.0,28.0,40.0
405.0,344.0,28.0,40.0
406.0,344.0,28.0,40.0
407.0,341.0,28.0,40.0
409.0,340.0,28.0,40.0
409.0,338.0,28.0,40.0
409.0,339.0,28.0,40.0
408.0,338.0,28.0,40.0
409.0,337.0,28.0,40.0
409.0,336.0,29.0,42.0
410.0,337.0,29.0,42.0
409.0,337.0,29.0,42.0
410.0,338.0,28.0,40.0
409.0,337.0,28.0,40.0
407.0,337.0,28.0,40.0
407.0,333.0,29.0,42.0
406.0,330.0,29.0,42.0
404.0,329.0,29.0,42.0
403.0,328.0,29.0,42.0
403.0,332.0,29.0,42.0
403.0,332.0,29.0,42.0
403.0,335.0,29.0,42.0
402.0,334.0,29.0,42.0
402.0,335.0,29.0,42.0
402.0,334.0,30.0,44.0
402.0,333.0,30.0,44.0
402.0,333.0,30.0,44.0
399.0,331.0,32.0,46.0
400.0,331.0,32.0,46.0
400.0,333.0,34.0,48.0
402.0,333.0,34.0,48.0
406.0,336.0,34.0,48.0
409.0,338.0,34.0,48.0
410.0,339.0,35.0,51.0
411.0,340.0,35.0,51.0
414.0,340.0,35.0,51.0
416.0,339.0,35.0,51.0
418.0,340.0,35.0,51.0
419.0,339.0,37.0,53.0
421.0,338.0,39.0,56.0
425.0,340.0,39.0,56.0
429.0,343.0,39.0,56.0
431.0,343.0,41.0,59.0
432.0,348.0,41.0,59.0
436.0,351.0,41.0,59.0
437.0,352.0,41.0,59.0
439.0,351.0,41.0,59.0
441.0,350.0,41.0,59.0
440.0,344.0,43.0,62.0
442.0,344.0,43.0,62.0
443.0,342.0,43.0,62.0
445.0,343.0,43.0,62.0
447.0,342.0,43.0,62.0
449.0,343.0,43.0,62.0
449.0,343.0,45.0,65.0
451.0,343.0,45.0,65.0
450.0,342.0,45.0,65.0
450.0,339.0,47.0,68.0
449.0,333.0,49.0,71.0
449.0,329.0,49.0,71.0
450.0,331.0,49.0,71.0
450.0,330.0,49.0,71.0
451.0,327.0,49.0,71.0
450.0,327.0,49.0,71.0
452.0,328.0,49.0,71.0
454.0,328.0,49.0,71.0
453.0,325.0,49.0,71.0
453.0,325.0,49.0,71.0
453.0,320.0,49.0,71.0
453.0,318.0,49.0,71.0
453.0,315.0,52.0,75.0
453.0,313.0,52.0,75.0
453.0,312.0,55.0,79.0
456.0,313.0,55.0,79.0
457.0,315.0,55.0,79.0
460.0,318.0,55.0,79.0
461.0,318.0,55.0,79.0
464.0,318.0,55.0,79.0
471.0,316.0,55.0,79.0
475.0,313.0,55.0,79.0
480.0,311.0,55.0,79.0
483.0,313.0,57.0,83.0
490.0,311.0,57.0,83.0
496.0,313.0,57.0,83.0
500.0,315.0,57.0,83.0
503.0,315.0,60.0,87.0
507.0,317.0,60.0,87.0
509.0,319.0,60.0,87.0
511.0,320.0,60.0,87.0
512.0,317.0,63.0,91.0
510.0,312.0,66.0,96.0
509.0,312.0,66.0,96.0
508.0,311.0,66.0,96.0
506.0,309.0,70.0,100.0
504.0,309.0,70.0,100.0
500.0,312.0,70.0,100.0
499.0,318.0,70.0,100.0
496.0,321.0,70.0,100.0
485.0,325.0,66.0,96.0
472.0,324.0,66.0,96.0
462.0,320.0,66.0,96.0
464.0,328.0,66.0,96.0
445.0,316.0,112.0,116.0
434.0,318.0,112.0,116.0
421.0,317.0,118.0,122.0
412.0,319.0,118.0,122.0
402.0,322.0,118.0,122.0
389.0,318.0,123.0,128.0
376.0,318.0,123.0,128.0
365.0,317.0,123.0,128.0
355.0,316.0,123.0,128.0
356.0,314.0,123.0,128.0
348.0,308.0,130.0,134.0
341.0,301.0,136.0,141.0
324.0,297.0,136.0,141.0
311.0,298.0,136.0,141.0
305.0,296.0,136.0,141.0
303.0,294.0,136.0,141.0
296.0,295.0,136.0,141.0
296.0,296.0,136.0,141.0
306.0,291.0,218.0,146.0
309.0,290.0,218.0,146.0
318.0,289.0,218.0,146.0
328.0,285.0,218.0,146.0
338.0,281.0,218.0,146.0
346.0,280.0,218.0,146.0
353.0,277.0,218.0,146.0
355.0,276.0,218.0,146.0
363.0,275.0,218.0,146.0
365.0,270.0,229.0,153.0
374.0,275.0,218.0,146.0
374.0,271.0,229.0,153.0
385.0,274.0,218.0,146.0
388.0,275.0,218.0,146.0
387.0,274.0,218.0,146.0
382.0,272.0,218.0,146.0
378.0,268.0,218.0,146.0
375.0,267.0,218.0,146.0
371.0,264.0,218.0,146.0
365.0,264.0,218.0,146.0
366.0,266.0,208.0,139.0
361.0,267.0,208.0,139.0
359.0,268.0,208.0,139.0
363.0,275.0,198.0,132.0
359.0,274.0,198.0,132.0
358.0,274.0,198.0,132.0
357.0,275.0,198.0,132.0
360.0,276.0,198.0,132.0
363.0,281.0,188.0,126.0
362.0,282.0,188.0,126.0
360.0,284.0,188.0,126.0
357.0,285.0,188.0,126.0
357.0,286.0,188.0,126.0
358.0,287.0,188.0,126.0
364.0,291.0,179.0,120.0
367.0,293.0,179.0,120.0
368.0,294.0,179.0,120.0
368.0,297.0,179.0,120.0
368.0,296.0,179.0,120.0
369.0,299.0,179.0,120.0
372.0,300.0,179.0,120.0
378.0,304.0,171.0,114.0
379.0,306.0,171.0,114.0
386.0,311.0,163.0,109.0
386.0,312.0,163.0,109.0
389.0,312.0,163.0,109.0
390.0,314.0,163.0,109.0
393.0,317.0,163.0,109.0
396.0,319.0,163.0,109.0
405.0,323.0,155.0,104.0
407.0,325.0,155.0,104.0
410.0,325.0,155.0,104.0
414.0,326.0,155.0,104.0
417.0,328.0,155.0,104.0
419.0,329.0,155.0,104.0
421.0,330.0,155.0,104.0
425.0,329.0,155.0,104.0
435.0,330.0,148.0,99.0
438.0,329.0,148.0,99.0
442.0,329.0,148.0,99.0
444.0,329.0,148.0,99.0
447.0,329.0,148.0,99.0
453.0,330.0,141.0,94.0
457.0,329.0,141.0,94.0
460.0,328.0,141.0,94.0
464.0,325.0,141.0,94.0
466.0,324.0,141.0,94.0
471.0,323.0,141.0,94.0
473.0,322.0,141.0,94.0
481.0,321.0,134.0,90.0
489.0,322.0,127.0,85.0
495.0,321.0,121.0,81.0
498.0,319.0,121.0,81.0
502.0,318.0,121.0,81.0
504.0,316.0,121.0,81.0
505.0,314.0,121.0,81.0
507.0,312.0,121.0,81.0
509.0,310.0,121.0,81.0
513.0,307.0,121.0,81.0
514.0,306.0,121.0,81.0
512.0,291.0,126.0,116.0
511.0,291.0,126.0,116.0
514.0,289.0,126.0,116.0
517.0,286.0,126.0,116.0
520.0,284.0,126.0,116.0
521.0,283.0,126.0,116.0
525.0,281.0,126.0,116.0
526.0,278.0,126.0,116.0
527.0,277.0,126.0,116.0
529.0,275.0,126.0,116.0
531.0,273.0,126.0,116.0
533.0,272.0,126.0,116.0
534.0,271.0,126.0,116.0
537.0,270.0,126.0,116.0
539.0,267.0,126.0,116.0
542.0,266.0,126.0,116.0
544.0,264.0,126.0,116.0
544.0,262.0,126.0,116.0
546.0,262.0,126.0,116.0
547.0,259.0,126.0,116.0
547.0,258.0,126.0,116.0
545.0,257.0,126.0,116.0
547.0,255.0,126.0,116.0
547.0,255.0,126.0,116.0
549.0,253.0,126.0,116.0
550.0,253.0,126.0,116.0
549.0,252.0,126.0,116.0
550.0,251.0,126.0,116.0
551.0,252.0,126.0,116.0
550.0,250.0,126.0,116.0
551.0,249.0,126.0,116.0
548.0,250.0,126.0,116.0
545.0,246.0,132.0,122.0
543.0,247.0,132.0,122.0
540.0,244.0,132.0,122.0
538.0,244.0,132.0,122.0
534.0,245.0,132.0,122.0
532.0,244.0,132.0,122.0
526.0,242.0,139.0,128.0
523.0,241.0,139.0,128.0
520.0,241.0,139.0,128.0
518.0,241.0,139.0,128.0
514.0,241.0,139.0,128.0
509.0,242.0,139.0,128.0
506.0,241.0,139.0,128.0
504.0,242.0,139.0,128.0
500.0,243.0,139.0,128.0
499.0,242.0,139.0,128.0
496.0,243.0,164.0,128.0
490.0,243.0,164.0,128.0
487.0,244.0,164.0,128.0
485.0,245.0,164.0,128.0
484.0,246.0,164.0,128.0
482.0,245.0,164.0,128.0
480.0,246.0,164.0,128.0
479.0,246.0,164.0,128.0
479.0,245.0,164.0,128.0
477.0,246.0,164.0,128.0
477.0,246.0,164.0,128.0
475.0,247.0,164.0,128.0
476.0,246.0,164.0,128.0
475.0,247.0,164.0,128.0
475.0,246.0,164.0,128.0
474.0,246.0,164.0,128.0
473.0,247.0,164.0,128.0
474.0,246.0,164.0,128.0
473.0,248.0,164.0,128.0
472.0,247.0,164.0,128.0
476.0,248.0,156.0,122.0
474.0,249.0,156.0,122.0
473.0,249.0,156.0,122.0
473.0,249.0,156.0,122.0
473.0,249.0,156.0,122.0
473.0,249.0,156.0,122.0
468.0,246.0,164.0,128.0
469.0,244.0,164.0,128.0
468.0,245.0,164.0,128.0
467.0,246.0,164.0,128.0
468.0,244.0,164.0,128.0
468.0,246.0,164.0,128.0
469.0,245.0,164.0,128.0
469.0,245.0,164.0,128.0
468.0,245.0,164.0,128.0
468.0,245.0,164.0,128.0
468.0,245.0,164.0,128.0
468.0,245.0,164.0,128.0
467.0,247.0,164.0,128.0
471.0,249.0,156.0,122.0
470.0,250.0,156.0,122.0
467.0,249.0,156.0,122.0
466.0,249.0,156.0,122.0
466.0,249.0,156.0,122.0
464.0,249.0,156.0,122.0
462.0,247.0,156.0,122.0
462.0,246.0,156.0,122.0
461.0,248.0,156.0,122.0
454.0,243.0,164.0,128.0
451.0,243.0,164.0,128.0
450.0,242.0,164.0,128.0
449.0,242.0,164.0,128.0
448.0,240.0,164.0,128.0
448.0,241.0,164.0,128.0
447.0,240.0,164.0,128.0
447.0,239.0,164.0,128.0
449.0,239.0,164.0,128.0
450.0,237.0,164.0,128.0
449.0,237.0,164.0,128.0
452.0,235.0,164.0,128.0
454.0,234.0,164.0,128.0
456.0,231.0,164.0,128.0
457.0,230.0,164.0,128.0
462.0,231.0,156.0,122.0
465.0,230.0,156.0,122.0
467.0,230.0,156.0,122.0
467.0,230.0,156.0,122.0
468.0,228.0,156.0,122.0
471.0,228.0,156.0,122.0
476.0,229.0,149.0,116.0
477.0,229.0,149.0,116.0
479.0,229.0,149.0,116.0
480.0,229.0,149.0,116.0
487.0,232.0,142.0,111.0
488.0,233.0,142.0,111.0
491.0,235.0,142.0,111.0
496.0,238.0,142.0,111.0
500.0,241.0,142.0,111.0
504.0,243.0,142.0,111.0
504.0,247.0,142.0,111.0
504.0,248.0,142.0,111.0
505.0,252.0,142.0,111.0
507.0,255.0,142.0,111.0
507.0,259.0,142.0,111.0
507.0,262.0,142.0,111.0
507.0,266.0,142.0,111.0
506.0,270.0,142.0,111.0
507.0,274.0,142.0,111.0
506.0,278.0,142.0,111.0
504.0,282.0,142.0,111.0
502.0,286.0,142.0,111.0
502.0,289.0,142.0,111.0
498.0,292.0,142.0,111.0
495.0,297.0,142.0,111.0
492.0,299.0,142.0,111.0
489.0,301.0,142.0,111.0
486.0,304.0,142.0,111.0
483.0,307.0,142.0,111.0
479.0,306.0,142.0,111.0
477.0,308.0,142.0,111.0
476.0,307.0,142.0,111.0
473.0,308.0,142.0,111.0
470.0,307.0,142.0,111.0
468.0,306.0,142.0,111.0
462.0,303.0,149.0,116.0
461.0,302.0,149.0,116.0
459.0,301.0,149.0,116.0
457.0,298.0,149.0,116.0
456.0,298.0,149.0,116.0
456.0,296.0,149.0,116.0
455.0,294.0,149.0,116.0
455.0,291.0,149.0,116.0
456.0,290.0,149.0,116.0
455.0,287.0,149.0,116.0
459.0,288.0,142.0,111.0
459.0,286.0,142.0,111.0
460.0,285.0,142.0,111.0
464.0,285.0,142.0,111.0
467.0,284.0,142.0,111.0
468.0,283.0,166.0,111.0
466.0,283.0,166.0,111.0
469.0,283.0,166.0,111.0
470.0,284.0,166.0,111.0
473.0,283.0,166.0,111.0
476.0,283.0,166.0,111.0
478.0,281.0,166.0,111.0
484.0,282.0,158.0,106.0
487.0,282.0,158.0,106.0
489.0,280.0,158.0,106.0
490.0,279.0,158.0,106.0
491.0,278.0,158.0,106.0
494.0,278.0,158.0,106.0
494.0,276.0,158.0,106.0
496.0,276.0,158.0,106.0
495.0,276.0,158.0,106.0
497.0,274.0,158.0,106.0
500.0,273.0,151.0,101.0
501.0,272.0,151.0,101.0
503.0,272.0,151.0,101.0
502.0,270.0,151.0,101.0
500.0,269.0,158.0,106.0
501.0,268.0,158.0,106.0
505.0,269.0,151.0,101.0
506.0,269.0,151.0,101.0
508.0,267.0,151.0,101.0
511.0,267.0,151.0,101.0
512.0,268.0,151.0,101.0
513.0,267.0,151.0,101.0
514.0,265.0,151.0,101.0
516.0,265.0,151.0,101.0
520.0,264.0,151.0,101.0
523.0,264.0,151.0,101.0
524.0,264.0,151.0,101.0
526.0,263.0,151.0,101.0
527.0,262.0,151.0,101.0
527.0,263.0,151.0,101.0
527.0,263.0,151.0,101.0
529.0,264.0,151.0,101.0
530.0,264.0,151.0,101.0
532.0,264.0,151.0,101.0
533.0,264.0,151.0,101.0
535.0,264.0,151.0,101.0
535.0,264.0,151.0,101.0
537.0,265.0,151.0,101.0
539.0,265.0,151.0,101.0
539.0,266.0,151.0,101.0
540.0,265.0,151.0,101.0
540.0,267.0,151.0,101.0
540.0,267.0,151.0,101.0
540.0,267.0,151.0,101.0
541.0,266.0,151.0,101.0
541.0,266.0,151.0,101.0
541.0,266.0,151.0,101.0
540.0,266.0,151.0,101.0
541.0,266.0,151.0,101.0
542.0,267.0,151.0,101.0
542.0,267.0,151.0,101.0
542.0,266.0,151.0,101.0
542.0,267.0,151.0,101.0
541.0,266.0,151.0,101.0
542.0,268.0,151.0,101.0
540.0,268.0,151.0,101.0
539.0,268.0,151.0,101.0
540.0,268.0,151.0,101.0
540.0,267.0,151.0,101.0
540.0,266.0,151.0,101.0
539.0,265.0,151.0,101.0
540.0,265.0,151.0,101.0
539.0,265.0,151.0,101.0
539.0,265.0,151.0,101.0
539.0,265.0,151.0,101.0
538.0,265.0,151.0,101.0
539.0,265.0,151.0,101.0
538.0,263.0,151.0,101.0
538.0,263.0,151.0,101.0
538.0,262.0,151.0,101.0
538.0,262.0,151.0,101.0
537.0,262.0,151.0,101.0
538.0,262.0,151.0,101.0
537.0,261.0,151.0,101.0
537.0,262.0,151.0,101.0
537.0,261.0,151.0,101.0
537.0,260.0,151.0,101.0
541.0,263.0,143.0,96.0
542.0,262.0,143.0,96.0
542.0,262.0,143.0,96.0
544.0,261.0,143.0,96.0
544.0,260.0,143.0,96.0
544.0,259.0,143.0,96.0
544.0,258.0,143.0,96.0
544.0,259.0,143.0,96.0
546.0,259.0,143.0,96.0
546.0,258.0,143.0,96.0
545.0,256.0,143.0,96.0
544.0,256.0,143.0,96.0
546.0,256.0,143.0,96.0
545.0,254.0,143.0,96.0
545.0,255.0,143.0,96.0
544.0,255.0,143.0,96.0
545.0,255.0,143.0,96.0
544.0,254.0,143.0,96.0
543.0,254.0,143.0,96.0
543.0,254.0,143.0,96.0
541.0,254.0,143.0,96.0
541.0,253.0,143.0,96.0
540.0,253.0,143.0,96.0
539.0,254.0,143.0,96.0
537.0,255.0,143.0,96.0
536.0,255.0,143.0,96.0
534.0,255.0,143.0,96.0
533.0,255.0,143.0,96.0
533.0,256.0,143.0,96.0
530.0,257.0,143.0,96.0
530.0,257.0,143.0,96.0
527.0,258.0,143.0,96.0
528.0,259.0,143.0,96.0
527.0,261.0,143.0,96.0
525.0,260.0,143.0,96.0
524.0,261.0,143.0,96.0
523.0,263.0,143.0,96.0
522.0,263.0,143.0,96.0
521.0,263.0,143.0,96.0
521.0,264.0,143.0,96.0
521.0,265.0,143.0,96.0
519.0,267.0,143.0,96.0
519.0,266.0,143.0,96.0
517.0,269.0,143.0,96.0
515.0,270.0,143.0,96.0
514.0,271.0,143.0,96.0
511.0,271.0,143.0,96.0
510.0,273.0,143.0,96.0
509.0,273.0,143.0,96.0
507.0,274.0,143.0,96.0
507.0,275.0,143.0,96.0
505.0,277.0,143.0,96.0
504.0,278.0,143.0,96.0
504.0,279.0,141.0,95.0
503.0,279.0,143.0,96.0
502.0,280.0,143.0,96.0
501.0,282.0,140.0,94.0
500.0,282.0,142.0,96.0
500.0,283.0,140.0,94.0
499.0,283.0,143.0,96.0
498.0,284.0,141.0,94.0
498.0,285.0,138.0,92.0
497.0,284.0,142.0,96.0
497.0,285.0,139.0,93.0
496.0,285.0,142.0,95.0
496.0,286.0,139.0,93.0
496.0,285.0,143.0,96.0
496.0,286.0,141.0,95.0
496.0,286.0,142.0,96.0
495.0,286.0,142.0,95.0
495.0,286.0,142.0,96.0
495.0,286.0,142.0,95.0
495.0,286.0,142.0,95.0
496.0,286.0,142.0,95.0
496.0,286.0,142.0,95.0
496.0,286.0,142.0,95.0
497.0,286.0,142.0,95.0
497.0,286.0,142.0,95.0
498.0,286.0,142.0,95.0
500.0,286.0,142.0,95.0
501.0,286.0,142.0,95.0
502.0,287.0,142.0,96.0
504.0,287.0,143.0,96.0
506.0,287.0,142.0,96.0
509.0,288.0,142.0,95.0
511.0,289.0,142.0,95.0
514.0,290.0,142.0,95.0
517.0,291.0,142.0,95.0
521.0,292.0,142.0,95.0
524.0,293.0,142.0,95.0
528.0,295.0,142.0,95.0
532.0,297.0,142.0,95.0
536.0,299.0,142.0,95.0
540.0,301.0,142.0,95.0
545.0,304.0,142.0,95.0
549.0,306.0,142.0,95.0
554.0,309.0,142.0,95.0
558.0,312.0,142.0,95.0
563.0,315.0,142.0,95.0
567.0,318.0,142.0,95.0
572.0,321.0,142.0,95.0
576.0,324.0,142.0,95.0
581.0,327.0,142.0,95.0
587.0,330.0,141.0,95.0
592.0,333.0,141.0,95.0
599.0,338.0,141.0,95.0
605.0,339.0,143.0,96.0
615.0,342.0,140.0,94.0
624.0,348.0,137.0,92.0
631.0,354.0,133.0,89.0
637.0,359.0,120.0,91.0
652.0,364.0,110.0,93.0
657.0,367.0,110.0,95.0
653.0,363.0,108.0,103.0
673.0,356.0,91.0,116.0
680.0,357.0,91.0,123.0
696.0,366.0,75.0,112.0
689.0,367.0,80.0,107.0
703.0,372.0,80.0,107.0
710.0,378.0,80.0,107.0
716.0,379.0,84.0,112.0
723.0,382.0,84.0,112.0
717.0,384.0,107.0,99.0
724.0,388.0,107.0,99.0
707.0,401.0,135.0,90.0
715.0,403.0,135.0,90.0
714.0,404.0,135.0,90.0
715.0,406.0,135.0,90.0
715.0,404.0,135.0,90.0
717.0,410.0,135.0,90.0
708.0,411.0,126.0,81.0
715.0,410.0,120.0,77.0
713.0,409.0,120.0,77.0
707.0,413.0,114.0,73.0
707.0,416.0,114.0,73.0
701.0,414.0,114.0,73.0
698.0,413.0,114.0,73.0
698.0,416.0,109.0,70.0
694.0,416.0,109.0,70.0
686.0,413.0,109.0,70.0
682.0,414.0,109.0,70.0
674.0,414.0,109.0,70.0
669.0,415.0,109.0,70.0
665.0,414.0,109.0,70.0
662.0,411.0,109.0,70.0
661.0,415.0,104.0,67.0
658.0,412.0,104.0,67.0
648.0,409.0,104.0,67.0
644.0,406.0,104.0,67.0
641.0,407.0,99.0,63.0
640.0,411.0,94.0,60.0
636.0,410.0,94.0,60.0
633.0,409.0,94.0,60.0
629.0,406.0,94.0,60.0
629.0,409.0,90.0,58.0
623.0,406.0,94.0,60.0
621.0,402.0,94.0,60.0
619.0,399.0,90.0,58.0
617.0,399.0,90.0,58.0
617.0,400.0,85.0,55.0
615.0,400.0,81.0,52.0
611.0,398.0,81.0,52.0
609.0,396.0,81.0,52.0
610.0,394.0,77.0,50.0
608.0,395.0,74.0,47.0
607.0,391.0,74.0,47.0
606.0,388.0,70.0,45.0
604.0,386.0,70.0,45.0
601.0,383.0,70.0,45.0
598.0,385.0,67.0,43.0
598.0,384.0,64.0,41.0
595.0,380.0,64.0,41.0
593.0,377.0,64.0,41.0
593.0,376.0,64.0,41.0
593.0,372.0,64.0,41.0
591.0,370.0,61.0,39.0
592.0,369.0,58.0,37.0
591.0,367.0,58.0,37.0
593.0,370.0,42.0,37.0
593.0,368.0,42.0,37.0
592.0,366.0,42.0,37.0
591.0,363.0,42.0,37.0
589.0,363.0,42.0,37.0
588.0,361.0,42.0,37.0
585.0,359.0,42.0,37.0
583.0,357.0,42.0,37.0
583.0,356.0,42.0,37.0
580.0,356.0,42.0,37.0
579.0,355.0,40.0,35.0
577.0,356.0,38.0,34.0
576.0,353.0,38.0,34.0
574.0,354.0,38.0,34.0
573.0,352.0,38.0,34.0
571.0,349.0,38.0,34.0
570.0,347.0,38.0,34.0
569.0,348.0,36.0,32.0
567.0,348.0,36.0,32.0
565.0,346.0,36.0,32.0
562.0,347.0,36.0,32.0
557.0,347.0,36.0,32.0
555.0,347.0,36.0,32.0
552.0,349.0,36.0,32.0
548.0,348.0,36.0,32.0
547.0,348.0,36.0,32.0
543.0,349.0,36.0,32.0
542.0,348.0,36.0,32.0
540.0,348.0,36.0,32.0
537.0,349.0,36.0,32.0
534.0,348.0,36.0,32.0
530.0,350.0,36.0,32.0
527.0,352.0,36.0,32.0
525.0,352.0,36.0,32.0
523.0,353.0,36.0,32.0
522.0,353.0,36.0,32.0
519.0,352.0,36.0,32.0
516.0,354.0,36.0,32.0
514.0,350.0,28.0,28.0
511.0,351.0,28.0,28.0
510.0,351.0,28.0,28.0
507.0,352.0,28.0,28.0
506.0,353.0,28.0,28.0
504.0,353.0,28.0,28.0
502.0,351.0,29.0,29.0
501.0,352.0,29.0,29.0
501.0,353.0,29.0,29.0
495.0,352.0,29.0,29.0
507.0,354.0,29.0,29.0
503.0,355.0,29.0,29.0
500.0,355.0,29.0,29.0
499.0,356.0,29.0,29.0
498.0,356.0,29.0,29.0
495.0,356.0,29.0,29.0
495.0,356.0,29.0,29.0
494.0,357.0,29.0,29.0
492.0,357.0,29.0,29.0
493.0,359.0,29.0,29.0
496.0,359.0,29.0,29.0
498.0,360.0,29.0,29.0
497.0,361.0,29.0,29.0
497.0,361.0,29.0,29.0
498.0,361.0,29.0,29.0
499.0,360.0,29.0,29.0
501.0,359.0,29.0,29.0
502.0,359.0,29.0,29.0
504.0,360.0,28.0,28.0
505.0,359.0,28.0,28.0
505.0,358.0,28.0,28.0
506.0,359.0,28.0,28.0
507.0,358.0,28.0,28.0
507.0,356.0,28.0,28.0
505.0,357.0,28.0,28.0
505.0,356.0,28.0,28.0
506.0,355.0,28.0,28.0
505.0,354.0,28.0,28.0
506.0,355.0,28.0,28.0
506.0,355.0,27.0,27.0
507.0,353.0,27.0,27.0
507.0,351.0,27.0,27.0
506.0,350.0,28.0,28.0
506.0,350.0,28.0,28.0
506.0,349.0,28.0,28.0
507.0,349.0,27.0,27.0
507.0,348.0,27.0,27.0
506.0,348.0,27.0,27.0
508.0,347.0,27.0,27.0
507.0,346.0,27.0,27.0
506.0,345.0,27.0,27.0
507.0,343.0,27.0,27.0
507.0,342.0,27.0,27.0
506.0,341.0,27.0,27.0
505.0,341.0,27.0,27.0
505.0,338.0,27.0,27.0
506.0,337.0,27.0,27.0
505.0,335.0,27.0,27.0
506.0,334.0,27.0,27.0
506.0,333.0,27.0,27.0
504.0,332.0,28.0,28.0
504.0,330.0,28.0,28.0
504.0,327.0,28.0,28.0
503.0,325.0,29.0,29.0
503.0,323.0,29.0,29.0
504.0,322.0,29.0,29.0
505.0,322.0,29.0,29.0
503.0,319.0,31.0,31.0
504.0,318.0,31.0,31.0
503.0,316.0,31.0,31.0
503.0,316.0,31.0,31.0
503.0,317.0,31.0,31.0
503.0,316.0,31.0,31.0
502.0,314.0,31.0,31.0
500.0,313.0,31.0,31.0
501.0,313.0,31.0,31.0
498.0,312.0,31.0,31.0
496.0,311.0,31.0,31.0
495.0,312.0,31.0,31.0
495.0,312.0,31.0,31.0
493.0,312.0,31.0,31.0
491.0,313.0,31.0,31.0
490.0,315.0,31.0,31.0
488.0,317.0,31.0,31.0
485.0,316.0,31.0,31.0
483.0,318.0,31.0,31.0
480.0,319.0,31.0,31.0
477.0,320.0,31.0,31.0
474.0,321.0,31.0,31.0
472.0,323.0,31.0,31.0
468.0,323.0,31.0,31.0
465.0,326.0,31.0,31.0
461.0,329.0,32.0,32.0
454.0,329.0,34.0,34.0
451.0,332.0,34.0,34.0
446.0,333.0,34.0,34.0
441.0,333.0,34.0,34.0
436.0,333.0,34.0,34.0
431.0,335.0,34.0,34.0
427.0,336.0,34.0,34.0
421.0,336.0,34.0,34.0
417.0,340.0,34.0,34.0
412.0,342.0,34.0,34.0
409.0,345.0,34.0,34.0
406.0,348.0,34.0,34.0
400.0,349.0,34.0,34.0
397.0,348.0,34.0,34.0
393.0,348.0,34.0,34.0
391.0,346.0,34.0,34.0
386.0,346.0,34.0,34.0
385.0,345.0,34.0,34.0
382.0,346.0,34.0,34.0
381.0,348.0,34.0,34.0
379.0,348.0,34.0,34.0
377.0,349.0,34.0,34.0
375.0,349.0,34.0,34.0
372.0,348.0,34.0,34.0
373.0,349.0,34.0,34.0
372.0,352.0,34.0,34.0
371.0,351.0,34.0,34.0
370.0,350.0,34.0,34.0
370.0,351.0,34.0,34.0
371.0,352.0,34.0,34.0
372.0,355.0,34.0,34.0
373.0,358.0,36.0,36.0
372.0,360.0,36.0,36.0
372.0,361.0,38.0,38.0
372.0,362.0,38.0,38.0
373.0,360.0,39.0,39.0
373.0,358.0,39.0,39.0
374.0,353.0,41.0,41.0
376.0,353.0,41.0,41.0
377.0,354.0,41.0,41.0
379.0,358.0,41.0,41.0
379.0,357.0,41.0,41.0
380.0,362.0,41.0,41.0
383.0,365.0,41.0,41.0
384.0,363.0,41.0,41.0
384.0,361.0,43.0,43.0
385.0,359.0,43.0,43.0
387.0,357.0,43.0,43.0
388.0,355.0,43.0,43.0
388.0,354.0,43.0,43.0
391.0,356.0,43.0,43.0
392.0,357.0,43.0,43.0
395.0,362.0,43.0,43.0
396.0,366.0,43.0,43.0
398.0,368.0,43.0,43.0
400.0,369.0,43.0,43.0
401.0,367.0,43.0,43.0
402.0,365.0,43.0,43.0
405.0,365.0,43.0,43.0
406.0,364.0,43.0,43.0
408.0,360.0,43.0,43.0
411.0,362.0,43.0,43.0
414.0,363.0,43.0,43.0
415.0,365.0,43.0,43.0
415.0,364.0,46.0,46.0
417.0,366.0,46.0,46.0
418.0,364.0,46.0,46.0
421.0,365.0,46.0,46.0
422.0,364.0,46.0,46.0
424.0,361.0,46.0,46.0
426.0,356.0,46.0,46.0
427.0,353.0,46.0,46.0
428.0,353.0,46.0,46.0
429.0,355.0,48.0,48.0
431.0,357.0,46.0,46.0
432.0,358.0,46.0,46.0
433.0,356.0,46.0,46.0
432.0,357.0,46.0,46.0
433.0,357.0,46.0,46.0
431.0,357.0,46.0,46.0
432.0,356.0,46.0,46.0
429.0,353.0,46.0,46.0
429.0,350.0,46.0,46.0
425.0,348.0,48.0,48.0
424.0,349.0,48.0,48.0
423.0,351.0,48.0,48.0
422.0,350.0,48.0,48.0
419.0,351.0,48.0,48.0
418.0,351.0,48.0,48.0
419.0,353.0,48.0,48.0
415.0,353.0,48.0,48.0
411.0,352.0,48.0,48.0
406.0,348.0,48.0,48.0
394.0,335.0,75.0,61.0
393.0,335.0,75.0,61.0
392.0,334.0,75.0,61.0
391.0,334.0,75.0,61.0
390.0,335.0,75.0,61.0
393.0,336.0,75.0,61.0
393.0,337.0,75.0,61.0
391.0,335.0,75.0,61.0
395.0,335.0,75.0,61.0
396.0,331.0,79.0,64.0
400.0,329.0,79.0,64.0
404.0,328.0,79.0,64.0
407.0,327.0,79.0,64.0
411.0,331.0,79.0,64.0
411.0,331.0,83.0,67.0
414.0,330.0,87.0,71.0
417.0,327.0,112.0,99.0
412.0,320.0,112.0,99.0
420.0,326.0,107.0,94.0
420.0,323.0,112.0,99.0
428.0,325.0,112.0,99.0
436.0,333.0,112.0,99.0
442.0,337.0,112.0,99.0
446.0,338.0,112.0,99.0
450.0,340.0,112.0,99.0
454.0,346.0,112.0,99.0
451.0,345.0,112.0,99.0
450.0,348.0,107.0,94.0
449.0,344.0,107.0,94.0
447.0,343.0,107.0,94.0
449.0,344.0,102.0,90.0
443.0,341.0,102.0,90.0
443.0,340.0,97.0,86.0
441.0,340.0,97.0,86.0
437.0,348.0,97.0,86.0
426.0,359.0,117.0,101.0
414.0,361.0,117.0,101.0
401.0,359.0,123.0,106.0
367.0,338.0,152.0,132.0
348.0,340.0,156.0,122.0
351.0,338.0,156.0,122.0
337.0,331.0,164.0,128.0
335.0,336.0,164.0,128.0
327.0,330.0,172.0,135.0
297.0,351.0,185.0,107.0
306.0,343.0,185.0,107.0
303.0,341.0,185.0,107.0
300.0,337.0,185.0,107.0
300.0,334.0,185.0,107.0
298.0,330.0,185.0,107.0
295.0,329.0,185.0,107.0
294.0,325.0,185.0,107.0
292.0,321.0,185.0,107.0
280.0,312.0,194.0,147.0
290.0,310.0,194.0,147.0
291.0,306.0,194.0,147.0
291.0,304.0,194.0,147.0
292.0,303.0,194.0,147.0
292.0,301.0,194.0,147.0
294.0,300.0,194.0,147.0
296.0,298.0,194.0,147.0
298.0,294.0,194.0,147.0
304.0,295.0,185.0,140.0
307.0,295.0,185.0,140.0
310.0,297.0,176.0,133.0
312.0,294.0,176.0,133.0
313.0,291.0,176.0,133.0
315.0,290.0,176.0,133.0
317.0,287.0,176.0,133.0
318.0,284.0,176.0,133.0
316.0,282.0,176.0,133.0
316.0,279.0,176.0,133.0
317.0,276.0,176.0,133.0
316.0,273.0,176.0,133.0
316.0,270.0,176.0,133.0
315.0,266.0,176.0,133.0
314.0,263.0,176.0,133.0
310.0,259.0,176.0,133.0
310.0,256.0,176.0,133.0
309.0,254.0,176.0,133.0
286.0,249.0,192.0,142.0
297.0,243.0,192.0,142.0
296.0,239.0,192.0,142.0
298.0,236.0,192.0,142.0
299.0,232.0,192.0,142.0
269.0,229.0,221.0,142.0
269.0,226.0,221.0,142.0
270.0,223.0,221.0,142.0
273.0,221.0,221.0,142.0
272.0,218.0,212.0,136.0
274.0,216.0,207.0,133.0
275.0,214.0,207.0,133.0
275.0,211.0,181.0,132.0
276.0,210.0,180.0,131.0
274.0,207.0,180.0,132.0
273.0,206.0,181.0,132.0
271.0,205.0,184.0,134.0
270.0,206.0,186.0,136.0
273.0,205.0,185.0,135.0
272.0,205.0,186.0,136.0
275.0,205.0,184.0,134.0
278.0,206.0,180.0,131.0
280.0,206.0,177.0,129.0
283.0,207.0,174.0,127.0
285.0,208.0,173.0,126.0
288.0,209.0,171.0,125.0
287.0,209.0,173.0,126.0
288.0,210.0,172.0,125.0
289.0,210.0,171.0,125.0
291.0,210.0,168.0,123.0
293.0,211.0,165.0,120.0
271.0,212.0,185.0,123.0
274.0,213.0,183.0,121.0
276.0,215.0,177.0,118.0
277.0,215.0,176.0,117.0
278.0,216.0,175.0,116.0
280.0,217.0,172.0,114.0
281.0,218.0,169.0,112.0
282.0,219.0,166.0,110.0
280.0,220.0,167.0,111.0
277.0,220.0,168.0,112.0
275.0,221.0,168.0,112.0
272.0,222.0,170.0,113.0
270.0,223.0,172.0,114.0
267.0,224.0,173.0,115.0
264.0,226.0,174.0,116.0
264.0,228.0,171.0,114.0
261.0,230.0,173.0,115.0
260.0,232.0,173.0,115.0
259.0,234.0,171.0,114.0
259.0,237.0,170.0,113.0
258.0,239.0,171.0,113.0
258.0,243.0,170.0,113.0
258.0,246.0,169.0,113.0
259.0,250.0,168.0,112.0
261.0,255.0,164.0,109.0
261.0,259.0,163.0,108.0
245.0,257.0,177.0,127.0
246.0,261.0,176.0,126.0
247.0,266.0,175.0,126.0
250.0,271.0,171.0,123.0
252.0,275.0,174.0,125.0
254.0,280.0,168.0,121.0
256.0,284.0,168.0,120.0
257.0,288.0,167.0,120.0
258.0,292.0,166.0,119.0
258.0,296.0,167.0,120.0
259.0,299.0,167.0,120.0
247.0,300.0,180.0,123.0
248.0,303.0,180.0,123.0
249.0,306.0,180.0,123.0
250.0,310.0,181.0,123.0
251.0,312.0,181.0,124.0
252.0,315.0,181.0,124.0
252.0,317.0,183.0,125.0
252.0,319.0,184.0,126.0
257.0,323.0,180.0,123.0
255.0,324.0,182.0,124.0
259.0,327.0,179.0,122.0
261.0,329.0,179.0,122.0
262.0,331.0,179.0,122.0
262.0,333.0,179.0,122.0
264.0,334.0,179.0,122.0
264.0,336.0,179.0,122.0
265.0,337.0,179.0,122.0
266.0,338.0,179.0,122.0
267.0,340.0,179.0,122.0
267.0,341.0,179.0,122.0
268.0,342.0,179.0,122.0
269.0,343.0,179.0,122.0
270.0,344.0,178.0,122.0
270.0,345.0,178.0,122.0
271.0,346.0,178.0,122.0
272.0,346.0,178.0,122.0
273.0,347.0,178.0,122.0
273.0,347.0,178.0,122.0
274.0,348.0,178.0,122.0
0
0
0
0
0
0
0
0
0
0
0
0
0
0
0
-5.0,361.0,179.0,289.0
69.0,349.0,164.0,255.0
141.0,323.0,150.0,240.0
213.0,325.0,144.0,230.0
262.0,310.0,134.0,202.0
307.0,316.0,133.0,200.0
344.0,321.0,133.0,201.0
369.0,311.0,151.0,209.0
411.0,313.0,141.0,188.0
427.0,308.0,149.0,198.0
480.0,308.0,124.0,164.0
507.0,302.0,120.0,159.0
537.0,287.0,104.0,163.0
547.0,289.0,104.0,163.0
555.0,292.0,104.0,163.0
571.0,289.0,111.0,150.0
581.0,289.0,110.0,148.0
592.0,296.0,107.0,113.0
606.0,304.0,96.0,101.0
605.0,297.0,104.0,110.0
612.0,292.0,104.0,110.0
649.0,279.0,82.0,117.0
646.0,274.0,85.0,121.0
644.0,274.0,90.0,129.0
644.0,275.0,89.0,127.0
639.0,277.0,88.0,125.0
633.0,278.0,85.0,122.0
622.0,278.0,86.0,122.0
608.0,275.0,89.0,126.0
638.0,284.0,65.0,84.0
628.0,282.0,65.0,85.0
614.0,277.0,69.0,89.0
611.0,283.0,70.0,78.0
603.0,283.0,66.0,74.0
593.0,285.0,66.0,73.0
583.0,287.0,66.0,74.0
571.0,284.0,66.0,73.0
564.0,282.0,65.0,72.0
550.0,274.0,72.0,81.0
558.0,279.0,64.0,68.0
545.0,280.0,64.0,68.0
548.0,282.0,56.0,63.0
545.0,279.0,50.0,57.0
545.0,278.0,46.0,52.0
542.0,279.0,44.0,49.0
540.0,280.0,43.0,48.0
539.0,282.0,42.0,48.0
540.0,284.0,41.0,46.0
539.0,284.0,40.0,45.0
539.0,285.0,40.0,45.0
539.0,285.0,39.0,44.0
536.0,287.0,42.0,47.0
533.0,283.0,46.0,52.0
533.0,283.0,46.0,52.0
533.0,283.0,46.0,52.0
532.0,278.0,51.0,57.0
533.0,279.0,48.0,54.0
533.0,279.0,48.0,54.0
533.0,279.0,48.0,54.0
531.0,273.0,48.0,54.0
534.0,272.0,47.0,53.0
534.0,272.0,61.0,54.0
533.0,273.0,61.0,54.0
533.0,273.0,61.0,54.0
569.0,274.0,25.0,44.0
574.0,280.0,21.0,36.0
576.0,280.0,23.0,40.0
576.0,274.0,23.0,46.0
579.0,275.0,23.0,45.0
580.0,275.0,22.0,44.0
582.0,270.0,21.0,42.0
582.0,264.0,22.0,44.0
584.0,264.0,31.0,59.0
587.0,264.0,31.0,59.0
590.0,264.0,31.0,58.0
593.0,265.0,30.0,57.0
596.0,265.0,31.0,59.0
599.0,264.0,31.0,59.0
602.0,264.0,31.0,59.0
606.0,264.0,31.0,59.0
609.0,264.0,31.0,59.0
614.0,264.0,30.0,58.0
618.0,263.0,28.0,53.0
622.0,262.0,28.0,54.0
625.0,260.0,28.0,53.0
627.0,260.0,28.0,53.0
629.0,260.0,27.0,52.0
622.0,259.0,36.0,48.0
624.0,258.0,36.0,47.0
627.0,257.0,36.0,48.0
628.0,256.0,36.0,48.0
630.0,255.0,36.0,47.0
631.0,255.0,35.0,47.0
623.0,254.0,45.0,39.0
622.0,254.0,43.0,37.0
616.0,248.0,47.0,41.0
616.0,249.0,43.0,37.0
602.0,249.0,54.0,51.0
601.0,251.0,52.0,49.0
601.0,250.0,54.0,51.0
599.0,251.0,53.0,50.0
599.0,252.0,53.0,50.0
579.0,253.0,53.0,50.0
573.0,253.0,55.0,52.0
567.0,254.0,56.0,52.0
567.0,256.0,56.0,53.0
566.0,257.0,56.0,53.0
551.0,259.0,56.0,53.0
545.0,260.0,56.0,53.0
539.0,260.0,60.0,57.0
536.0,261.0,61.0,58.0
537.0,263.0,61.0,58.0
527.0,281.0,48.0,30.0
523.0,283.0,50.0,31.0
520.0,285.0,51.0,32.0
518.0,286.0,54.0,34.0
518.0,288.0,51.0,32.0
519.0,292.0,47.0,30.0
520.0,292.0,48.0,30.0
517.0,291.0,50.0,31.0
524.0,294.0,43.0,27.0
527.0,295.0,43.0,27.0
531.0,297.0,41.0,25.0
534.0,298.0,41.0,25.0
537.0,300.0,42.0,26.0
542.0,301.0,43.0,27.0
545.0,300.0,45.0,28.0
550.0,300.0,46.0,29.0
555.0,301.0,45.0,28.0
561.0,301.0,42.0,26.0
567.0,301.0,40.0,25.0
572.0,301.0,38.0,24.0
578.0,301.0,37.0,23.0
583.0,302.0,36.0,22.0
587.0,304.0,35.0,22.0
594.0,308.0,30.0,19.0
595.0,309.0,33.0,21.0
597.0,309.0,33.0,21.0
599.0,308.0,34.0,21.0
600.0,307.0,32.0,20.0
600.0,306.0,32.0,20.0
602.0,303.0,34.0,21.0
604.0,302.0,31.0,19.0
603.0,301.0,31.0,19.0
603.0,302.0,26.0,16.0
601.0,302.0,26.0,16.0
598.0,303.0,28.0,17.0
598.0,303.0,24.0,15.0
596.0,302.0,24.0,15.0
593.0,300.0,25.0,15.0
590.0,299.0,25.0,15.0
587.0,298.0,25.0,16.0
568.0,283.0,41.0,35.0
567.0,281.0,38.0,32.0
564.0,280.0,37.0,31.0
562.0,279.0,35.0,30.0
560.0,277.0,35.0,30.0
557.0,277.0,35.0,30.0
554.0,277.0,35.0,30.0
553.0,276.0,34.0,29.0
547.0,277.0,38.0,32.0
544.0,275.0,40.0,34.0
542.0,274.0,38.0,33.0
539.0,271.0,38.0,32.0
536.0,266.0,37.0,31.0
534.0,264.0,36.0,31.0
531.0,262.0,36.0,31.0
529.0,260.0,36.0,31.0
526.0,259.0,38.0,33.0
524.0,259.0,37.0,32.0
523.0,259.0,37.0,31.0
519.0,260.0,42.0,36.0
518.0,259.0,43.0,37.0
516.0,257.0,44.0,37.0
515.0,255.0,43.0,37.0
512.0,251.0,46.0,39.0
512.0,249.0,45.0,39.0
511.0,249.0,46.0,39.0
511.0,248.0,47.0,40.0
512.0,247.0,47.0,41.0
511.0,247.0,50.0,42.0
512.0,248.0,45.0,38.0
511.0,249.0,49.0,42.0
513.0,248.0,50.0,43.0
514.0,247.0,51.0,43.0
516.0,246.0,50.0,43.0
518.0,244.0,50.0,43.0
519.0,242.0,49.0,42.0
522.0,240.0,50.0,43.0
524.0,241.0,52.0,44.0
525.0,240.0,54.0,46.0
527.0,244.0,52.0,44.0
529.0,244.0,54.0,46.0
531.0,245.0,56.0,47.0
533.0,245.0,57.0,49.0
532.0,246.0,59.0,51.0
533.0,245.0,60.0,51.0
534.0,243.0,59.0,50.0
536.0,241.0,54.0,46.0
537.0,240.0,54.0,46.0
534.0,239.0,62.0,53.0
532.0,238.0,64.0,55.0
529.0,239.0,70.0,60.0
526.0,238.0,76.0,65.0
524.0,240.0,76.0,65.0
522.0,240.0,77.0,66.0
520.0,239.0,76.0,65.0
520.0,238.0,74.0,63.0
519.0,238.0,72.0,61.0
517.0,236.0,71.0,60.0
513.0,235.0,73.0,63.0
510.0,237.0,72.0,62.0
506.0,237.0,75.0,64.0
501.0,239.0,78.0,66.0
497.0,241.0,79.0,68.0
494.0,244.0,79.0,68.0
492.0,244.0,78.0,67.0
491.0,244.0,76.0,65.0
490.0,244.0,74.0,63.0
489.0,244.0,70.0,60.0
487.0,244.0,68.0,58.0
486.0,244.0,66.0,57.0
485.0,244.0,66.0,57.0
483.0,246.0,65.0,56.0
479.0,250.0,66.0,56.0
477.0,253.0,66.0,56.0
475.0,256.0,65.0,55.0
473.0,257.0,68.0,58.0
471.0,257.0,70.0,59.0
470.0,256.0,70.0,60.0
468.0,255.0,72.0,62.0
467.0,253.0,75.0,64.0
466.0,252.0,77.0,66.0
467.0,253.0,78.0,67.0
460.0,257.0,61.0,74.0
457.0,258.0,62.0,77.0
455.0,262.0,63.0,78.0
453.0,268.0,62.0,77.0
454.0,271.0,60.0,75.0
455.0,272.0,59.0,73.0
455.0,271.0,60.0,75.0
456.0,248.0,61.0,96.0
457.0,248.0,61.0,95.0
452.0,259.0,57.0,85.0
451.0,257.0,55.0,86.0
450.0,260.0,53.0,85.0
448.0,263.0,57.0,85.0
444.0,264.0,58.0,95.0
447.0,266.0,54.0,93.0
450.0,261.0,54.0,98.0
430.0,262.0,90.0,102.0
428.0,262.0,90.0,102.0
421.0,263.0,90.0,102.0
417.0,261.0,89.0,101.0
412.0,255.0,92.0,104.0
405.0,251.0,97.0,110.0
399.0,250.0,99.0,112.0
393.0,250.0,102.0,115.0
387.0,254.0,103.0,117.0
380.0,260.0,103.0,117.0
398.0,277.0,118.0,106.0
393.0,273.0,126.0,113.0
385.0,268.0,137.0,123.0
377.0,265.0,141.0,127.0
369.0,261.0,142.0,128.0
357.0,256.0,147.0,132.0
343.0,250.0,158.0,142.0
333.0,246.0,162.0,146.0
316.0,245.0,176.0,158.0
297.0,244.0,193.0,173.0
281.0,246.0,204.0,184.0
265.0,249.0,216.0,194.0
252.0,249.0,220.0,198.0
240.0,246.0,223.0,200.0
225.0,244.0,225.0,202.0
211.0,242.0,224.0,201.0
193.0,237.0,226.0,203.0
171.0,229.0,236.0,212.0
150.0,224.0,240.0,215.0
128.0,222.0,243.0,219.0
101.0,224.0,251.0,225.0
75.0,227.0,257.0,231.0
45.0,228.0,271.0,243.0
16.0,229.0,279.0,251.0
4.0,252.0,292.0,147.0
-20.0,251.0,296.0,149.0
-47.0,247.0,303.0,152.0
-77.0,243.0,314.0,158.0
-103.0,238.0,322.0,162.0
-130.0,238.0,332.0,167.0
-148.0,235.0,323.0,163.0
-162.0,225.0,306.0,154.0
-162.0,225.0,306.0,154.0
-162.0,225.0,267.0,154.0
-162.0,225.0,246.0,154.0
-162.0,225.0,241.0,154.0
260.0,323.0,164.0,194.0
295.0,342.0,125.0,149.0
291.0,349.0,167.0,166.0
277.0,353.0,202.0,168.0
290.0,335.0,207.0,198.0
303.0,335.0,215.0,213.0
329.0,337.0,244.0,214.0
350.0,316.0,274.0,240.0
364.0,334.0,304.0,197.0
389.0,336.0,329.0,203.0
393.0,337.0,341.0,210.0
404.0,323.0,420.0,230.0
411.0,330.0,448.0,239.0
475.0,338.0,440.0,236.0
511.0,337.0,434.0,233.0
562.0,338.0,404.0,217.0
602.0,325.0,369.0,205.0
650.0,312.0,363.0,224.0
676.0,306.0,355.0,264.0
727.0,308.0,323.0,240.0
768.0,313.0,293.0,218.0
796.0,334.0,278.0,207.0
807.0,339.0,265.0,197.0
821.0,343.0,248.0,184.0
814.0,330.0,234.0,174.0
827.0,292.0,192.0,197.0
821.0,291.0,189.0,194.0
824.0,294.0,170.0,174.0
804.0,300.0,173.0,177.0
778.0,302.0,174.0,178.0
785.0,307.0,142.0,146.0
761.0,302.0,142.0,146.0
736.0,296.0,143.0,147.0
702.0,289.0,151.0,155.0
745.0,277.0,98.0,165.0
723.0,276.0,96.0,161.0
714.0,283.0,84.0,142.0
697.0,291.0,85.0,144.0
675.0,289.0,86.0,144.0
649.0,284.0,91.0,153.0
628.0,289.0,90.0,152.0
654.0,274.0,69.0,128.0
640.0,276.0,71.0,132.0
629.0,278.0,69.0,129.0
620.0,280.0,69.0,128.0
611.0,283.0,71.0,131.0
602.0,285.0,71.0,131.0
596.0,287.0,71.0,132.0
601.0,290.0,58.0,95.0
598.0,291.0,59.0,97.0
596.0,293.0,60.0,98.0
596.0,295.0,59.0,97.0
596.0,296.0,59.0,97.0
597.0,298.0,59.0,97.0
611.0,302.0,39.0,72.0
612.0,301.0,39.0,72.0
613.0,302.0,39.0,72.0
613.0,304.0,40.0,73.0
614.0,308.0,38.0,71.0
615.0,309.0,38.0,71.0
617.0,303.0,32.0,64.0
616.0,302.0,31.0,63.0
612.0,310.0,39.0,71.0
608.0,299.0,34.0,52.0
608.0,309.0,39.0,72.0
602.0,294.0,35.0,53.0
605.0,309.0,39.0,72.0
597.0,300.0,35.0,53.0
595.0,301.0,34.0,52.0
596.0,301.0,31.0,43.0
595.0,300.0,30.0,42.0
592.0,294.0,30.0,41.0
592.0,292.0,28.0,50.0
589.0,287.0,29.0,52.0
588.0,286.0,27.0,49.0
585.0,285.0,30.0,53.0
583.0,285.0,30.0,53.0
581.0,285.0,29.0,53.0
578.0,285.0,30.0,53.0
576.0,284.0,29.0,53.0
573.0,284.0,29.0,52.0
571.0,284.0,29.0,52.0
565.0,282.0,32.0,57.0
568.0,281.0,25.0,44.0
565.0,279.0,26.0,47.0
563.0,280.0,26.0,47.0
561.0,283.0,27.0,48.0
558.0,284.0,30.0,53.0
556.0,284.0,30.0,53.0
554.0,285.0,30.0,53.0
553.0,285.0,29.0,53.0
552.0,286.0,29.0,52.0
550.0,287.0,29.0,53.0
552.0,292.0,30.0,35.0
551.0,293.0,30.0,35.0
550.0,294.0,30.0,35.0
550.0,296.0,30.0,35.0
550.0,298.0,29.0,34.0
549.0,299.0,28.0,33.0
548.0,300.0,28.0,33.0
552.0,304.0,27.0,32.0
551.0,305.0,27.0,32.0
552.0,306.0,28.0,33.0
550.0,308.0,28.0,33.0
549.0,310.0,28.0,33.0
547.0,312.0,28.0,33.0
545.0,314.0,28.0,33.0
542.0,316.0,28.0,33.0
531.0,315.0,27.0,32.0
534.0,317.0,36.0,27.0
531.0,318.0,36.0,27.0
531.0,320.0,32.0,24.0
527.0,321.0,33.0,24.0
523.0,322.0,33.0,25.0
520.0,324.0,32.0,24.0
516.0,326.0,33.0,24.0
513.0,331.0,31.0,23.0
510.0,332.0,30.0,22.0
498.0,323.0,40.0,40.0
494.0,323.0,40.0,40.0
489.0,323.0,40.0,40.0
484.0,323.0,40.0,40.0
480.0,322.0,40.0,40.0
475.0,320.0,40.0,40.0
471.0,319.0,40.0,40.0
467.0,318.0,40.0,40.0
456.0,316.0,33.0,30.0
451.0,313.0,35.0,31.0
449.0,312.0,33.0,30.0
447.0,311.0,33.0,30.0
444.0,310.0,32.0,30.0
444.0,306.0,31.0,28.0
443.0,302.0,31.0,28.0
442.0,300.0,29.0,27.0
443.0,304.0,31.0,33.0
443.0,302.0,31.0,33.0
444.0,301.0,31.0,33.0
447.0,302.0,28.0,30.0
448.0,301.0,28.0,30.0
450.0,299.0,28.0,30.0
452.0,298.0,28.0,30.0
453.0,283.0,31.0,50.0
455.0,281.0,31.0,50.0
456.0,280.0,31.0,50.0
457.0,279.0,31.0,50.0
458.0,277.0,31.0,51.0
459.0,276.0,32.0,51.0
460.0,276.0,31.0,50.0
461.0,277.0,31.0,49.0
463.0,278.0,29.0,46.0
464.0,275.0,30.0,49.0
465.0,274.0,31.0,50.0
466.0,272.0,31.0,50.0
466.0,272.0,31.0,49.0
466.0,271.0,31.0,50.0
465.0,270.0,32.0,51.0
461.0,264.0,36.0,58.0
461.0,264.0,36.0,58.0
461.0,264.0,36.0,57.0
462.0,264.0,35.0,57.0
462.0,263.0,36.0,58.0
463.0,262.0,36.0,58.0
464.0,263.0,36.0,58.0
465.0,262.0,36.0,58.0
466.0,262.0,36.0,58.0
467.0,263.0,36.0,57.0
468.0,263.0,36.0,58.0
471.0,263.0,35.0,57.0
471.0,263.0,36.0,58.0
473.0,263.0,36.0,57.0
475.0,262.0,36.0,57.0
481.0,276.0,32.0,43.0
487.0,281.0,28.0,38.0
490.0,277.0,26.0,42.0
491.0,277.0,27.0,40.0
494.0,274.0,25.0,43.0
498.0,277.0,23.0,40.0
500.0,278.0,22.0,38.0
502.0,277.0,21.0,40.0
503.0,280.0,20.0,35.0
504.0,275.0,20.0,40.0
502.0,274.0,28.0,44.0
503.0,274.0,28.0,44.0
502.0,274.0,28.0,44.0
504.0,275.0,28.0,43.0
504.0,274.0,27.0,43.0
504.0,274.0,27.0,43.0
508.0,275.0,27.0,42.0
502.0,269.0,38.0,47.0
509.0,267.0,33.0,56.0
504.0,270.0,32.0,49.0
508.0,275.0,29.0,47.0
507.0,277.0,29.0,47.0
510.0,283.0,26.0,43.0
509.0,286.0,25.0,40.0
507.0,286.0,25.0,40.0
505.0,286.0,25.0,41.0
503.0,286.0,25.0,41.0
501.0,286.0,26.0,42.0
499.0,285.0,26.0,43.0
497.0,285.0,26.0,42.0
494.0,285.0,26.0,42.0
492.0,286.0,26.0,42.0
491.0,289.0,25.0,40.0
489.0,292.0,23.0,37.0
487.0,294.0,22.0,36.0
485.0,295.0,22.0,36.0
484.0,294.0,23.0,37.0
482.0,293.0,24.0,38.0
480.0,291.0,25.0,40.0
479.0,290.0,25.0,41.0
478.0,290.0,25.0,40.0
477.0,291.0,25.0,40.0
480.0,287.0,32.0,51.0
480.0,290.0,30.0,48.0
479.0,292.0,35.0,55.0
479.0,294.0,34.0,54.0
480.0,293.0,33.0,53.0
480.0,291.0,34.0,54.0
481.0,286.0,34.0,54.0
481.0,282.0,35.0,56.0
482.0,278.0,36.0,57.0
484.0,276.0,36.0,57.0
486.0,277.0,35.0,56.0
487.0,277.0,36.0,57.0
488.0,279.0,34.0,55.0
489.0,278.0,41.0,65.0
490.0,277.0,41.0,65.0
492.0,276.0,41.0,65.0
493.0,269.0,46.0,73.0
494.0,266.0,45.0,72.0
496.0,256.0,48.0,77.0
495.0,249.0,55.0,88.0
496.0,248.0,55.0,87.0
498.0,246.0,58.0,93.0
497.0,244.0,58.0,93.0
496.0,242.0,58.0,92.0
495.0,240.0,57.0,91.0
494.0,238.0,58.0,92.0
492.0,234.0,60.0,96.0
491.0,230.0,62.0,99.0
488.0,228.0,62.0,99.0
484.0,225.0,62.0,99.0
481.0,223.0,63.0,100.0
496.0,241.0,44.0,79.0
495.0,242.0,45.0,80.0
494.0,244.0,46.0,83.0
491.0,247.0,47.0,84.0
490.0,253.0,47.0,85.0
486.0,255.0,49.0,88.0
482.0,256.0,49.0,89.0
478.0,253.0,50.0,90.0
476.0,232.0,59.0,92.0
474.0,231.0,57.0,89.0
473.0,231.0,55.0,86.0
472.0,231.0,56.0,87.0
471.0,234.0,56.0,88.0
470.0,239.0,58.0,90.0
467.0,242.0,62.0,97.0
466.0,250.0,63.0,98.0
460.0,250.0,67.0,104.0
457.0,249.0,65.0,102.0
456.0,247.0,62.0,97.0
458.0,246.0,57.0,89.0
461.0,245.0,52.0,81.0
458.0,239.0,52.0,82.0
456.0,235.0,53.0,83.0
459.0,247.0,61.0,95.0
458.0,250.0,60.0,93.0
459.0,256.0,57.0,88.0
460.0,264.0,54.0,84.0
460.0,268.0,52.0,81.0
453.0,239.0,74.0,127.0
453.0,238.0,75.0,129.0
455.0,235.0,73.0,125.0
458.0,236.0,66.0,112.0
459.0,234.0,62.0,106.0
459.0,231.0,62.0,106.0
464.0,245.0,72.0,129.0
465.0,247.0,73.0,130.0
465.0,253.0,76.0,136.0
467.0,263.0,77.0,138.0
469.0,275.0,79.0,142.0
460.0,248.0,91.0,171.0
457.0,248.0,91.0,170.0
463.0,248.0,93.0,175.0
461.0,237.0,97.0,182.0
460.0,238.0,99.0,174.0
459.0,248.0,100.0,189.0
458.0,261.0,103.0,178.0
458.0,266.0,107.0,180.0
457.0,272.0,104.0,176.0
458.0,287.0,98.0,164.0
458.0,303.0,101.0,170.0
460.0,252.0,106.0,217.0
451.0,250.0,124.0,253.0
443.0,249.0,112.0,260.0
436.0,234.0,135.0,273.0
434.0,243.0,138.0,255.0
