362.21,34.967,66.86,97.193
364.21,34.967,66.86,97.193
364.21,34.967,66.86,97.193
364.0,35.0,67.0,97.0
364.0,35.0,67.0,97.0
364.0,35.0,67.0,97.0
364.0,35.0,67.0,97.0
364.0,35.0,67.0,97.0
363.0,35.0,67.0,97.0
363.0,35.0,67.0,97.0
363.0,35.0,67.0,97.0
362.0,35.0,67.0,97.0
362.0,35.0,67.0,97.0
361.21,34.967,66.86,97.193
361.21,34.967,66.86,97.193
361.21,34.967,66.86,97.193
361.21,34.967,66.86,97.193
361.21,34.967,66.86,97.193
361.21,34.967,66.86,97.193
361.21,34.967,66.86,97.193
362.0,35.0,67.0,97.0
363.0,35.0,67.0,97.0
363.0,35.0,67.0,97.0
363.0,35.0,67.0,97.0
363.0,35.0,67.0,97.0
363.0,35.0,67.0,97.0
363.0,35.0,67.0,97.0
365.0,35.0,67.0,97.0
365.37,34.967,66.87,97.193
365.37,34.967,66.87,97.193
365.37,34.967,66.87,97.193
365.37,34.967,66.87,97.193
365.37,34.967,66.87,97.193
365.37,34.967,66.87,97.193
365.37,34.967,66.87,97.193
365.37,34.967,66.87,97.193
365.37,34.967,66.87,97.193
365.37,34.967,66.87,97.193
368.7,39.129,66.86,97.191
368.7,39.129,66.86,97.191
368.7,39.129,66.86,97.191
371.7,37.129,66.86,97.191
372.0,37.0,67.0,97.0
373.0,37.0,67.0,97.0
373.0,37.0,67.0,97.0
374.0,37.0,67.0,97.0
375.0,38.0,67.0,97.0
376.0,39.0,67.0,97.0
377.0,39.0,67.0,97.0
377.0,39.0,67.0,97.0
377.0,39.0,67.0,97.0
377.0,39.0,67.0,97.0
377.0,39.0,67.0,97.0
377.0,39.0,67.0,97.0
377.0,39.0,67.0,97.0
377.0,39.0,67.0,97.0
377.0,39.0,67.0,97.0
377.0,39.0,67.0,97.0
376.0,39.0,67.0,97.0
376.0,39.0,67.0,97.0
375.0,39.0,67.0,97.0
374.0,39.0,67.0,97.0
373.0,39.0,67.0,97.0
372.0,39.0,67.0,97.0
372.0,39.0,67.0,97.0
370.0,39.0,67.0,97.0
365.0,41.0,68.0,98.0
362.0,41.0,68.0,98.0
357.0,41.0,68.0,98.0
357.0,41.0,68.0,98.0
353.0,41.0,68.0,98.0
349.0,41.0,68.0,98.0
340.0,41.0,68.0,98.0
335.0,41.0,68.0,98.0
335.0,41.0,68.0,98.0
332.0,41.0,68.0,98.0
328.0,41.0,71.0,98.0
328.0,42.0,71.0,98.0
323.0,39.0,80.0,103.0
323.0,39.0,80.0,103.0
323.0,41.0,80.0,103.0
328.0,43.0,80.0,103.0
331.0,45.0,80.0,103.0
333.0,46.0,80.0,103.0
333.0,46.0,80.0,103.0
334.0,47.0,80.0,103.0
336.0,48.0,80.0,103.0
338.0,48.0,80.0,103.0
339.0,49.0,80.0,103.0
339.0,49.0,80.0,103.0
343.0,52.0,77.0,103.0
350.89,53.277,69.36,103.02
349.89,53.277,69.36,103.02
345.89,53.277,69.36,103.02
346.89,53.277,69.36,103.02
344.89,53.277,69.36,103.02
344.0,53.0,69.0,103.0
340.0,51.0,69.0,103.0
323.0,43.0,31.0,48.0
323.59,42.458,31.91,47.26
324.59,42.458,31.91,47.26
324.59,42.458,31.91,47.26
324.59,42.458,31.91,47.26
324.59,42.458,31.91,47.26
324.59,42.458,31.91,47.26
326.0,43.0,32.0,47.0
328.0,44.0,32.0,47.0
331.0,44.0,32.0,47.0
334.0,45.0,32.0,47.0
334.0,45.0,32.0,47.0
337.0,45.0,32.0,47.0
342.0,46.0,32.0,47.0
346.0,46.0,32.0,47.0
350.0,46.0,32.0,47.0
350.0,46.0,32.0,47.0
354.0,45.0,32.0,47.0
356.0,45.0,32.0,47.0
358.0,45.0,32.0,47.0
364.0,44.0,32.0,43.0
364.0,44.0,32.0,43.0
365.0,44.0,32.0,43.0
372.0,44.0,32.0,43.0
373.0,44.0,32.0,43.0
376.0,44.0,32.0,43.0
376.0,44.0,32.0,43.0
377.0,44.0,32.0,43.0
378.0,44.0,32.0,43.0
378.0,44.0,32.0,43.0
377.0,44.0,32.0,43.0
377.0,44.0,32.0,43.0
376.0,44.0,32.0,43.0
377.0,44.0,32.0,43.0
376.0,44.0,32.0,43.0
375.0,44.0,32.0,43.0
375.0,44.0,32.0,43.0
373.0,44.0,32.0,43.0
371.0,44.0,30.0,41.0
369.0,44.0,30.0,41.0
367.0,44.0,30.0,41.0
367.0,44.0,30.0,41.0
nan,nan,nan,nan
nan,nan,nan,nan
nan,nan,nan,nan
nan,nan,nan,nan
nan,nan,nan,nan
nan,nan,nan,nan
nan,nan,nan,nan
nan,nan,nan,nan
nan,nan,nan,nan
nan,nan,nan,nan
nan,nan,nan,nan
nan,nan,nan,nan
nan,nan,nan,nan
nan,nan,nan,nan
nan,nan,nan,nan
nan,nan,nan,nan
nan,nan,nan,nan
nan,nan,nan,nan
nan,nan,nan,nan
nan,nan,nan,nan
nan,nan,nan,nan
nan,nan,nan,nan
nan,nan,nan,nan
nan,nan,nan,nan
nan,nan,nan,nan
nan,nan,nan,nan
nan,nan,nan,nan
nan,nan,nan,nan
nan,nan,nan,nan
nan,nan,nan,nan
nan,nan,nan,nan
nan,nan,nan,nan
nan,nan,nan,nan
nan,nan,nan,nan
nan,nan,nan,nan
nan,nan,nan,nan
nan,nan,nan,nan
nan,nan,nan,nan
nan,nan,nan,nan
nan,nan,nan,nan
nan,nan,nan,nan
nan,nan,nan,nan
nan,nan,nan,nan
nan,nan,nan,nan
nan,nan,nan,nan
nan,nan,nan,nan
nan,nan,nan,nan
nan,nan,nan,nan
nan,nan,nan,nan
nan,nan,nan,nan
nan,nan,nan,nan
nan,nan,nan,nan
nan,nan,nan,nan
nan,nan,nan,nan
nan,nan,nan,nan
nan,nan,nan,nan
nan,nan,nan,nan
nan,nan,nan,nan
nan,nan,nan,nan
nan,nan,nan,nan
nan,nan,nan,nan
nan,nan,nan,nan
nan,nan,nan,nan
nan,nan,nan,nan
nan,nan,nan,nan
nan,nan,nan,nan
nan,nan,nan,nan
nan,nan,nan,nan
nan,nan,nan,nan
nan,nan,nan,nan
nan,nan,nan,nan
nan,nan,nan,nan
nan,nan,nan,nan
nan,nan,nan,nan
nan,nan,nan,nan
nan,nan,nan,nan
nan,nan,nan,nan
nan,nan,nan,nan
nan,nan,nan,nan
nan,nan,nan,nan
nan,nan,nan,nan
nan,nan,nan,nan
nan,nan,nan,nan
nan,nan,nan,nan
nan,nan,nan,nan
nan,nan,nan,nan
nan,nan,nan,nan
nan,nan,nan,nan
nan,nan,nan,nan
nan,nan,nan,nan
nan,nan,nan,nan
nan,nan,nan,nan
nan,nan,nan,nan
nan,nan,nan,nan
nan,nan,nan,nan
nan,nan,nan,nan
nan,nan,nan,nan
nan,nan,nan,nan
nan,nan,nan,nan
nan,nan,nan,nan
nan,nan,nan,nan
nan,nan,nan,nan
nan,nan,nan,nan
nan,nan,nan,nan
nan,nan,nan,nan
nan,nan,nan,nan
nan,nan,nan,nan
nan,nan,nan,nan
nan,nan,nan,nan
nan,nan,nan,nan
342.9,34.135,68.53,93.035
342.9,34.135,68.53,93.035
342.9,34.135,68.53,93.035
342.9,34.135,68.53,93.035
342.9,34.135,68.53,93.035
342.9,34.135,68.53,93.035
342.9,34.135,68.53,93.035
342.9,34.135,68.53,93.035
342.9,34.135,68.53,93.035
342.9,34.135,68.53,93.035
342.9,34.135,68.53,93.035
342.9,34.135,68.53,93.035
342.9,34.135,68.53,93.035
347.06,34.135,68.53,93.035
347.06,34.135,68.53,93.035
347.06,34.135,68.53,93.035
347.06,34.135,68.53,93.035
347.06,34.135,68.53,93.035
347.06,34.135,68.53,93.035
347.06,34.135,68.53,93.035
347.06,34.135,68.53,93.035
347.06,34.135,68.53,93.035
347.06,34.135,68.53,93.035
347.06,34.135,68.53,93.035
347.06,34.135,68.53,93.035
347.06,34.135,68.53,93.035
347.06,34.135,68.53,93.035
347.06,34.135,68.53,93.035
347.06,34.135,68.53,93.035
347.06,34.135,68.53,93.035
347.06,34.135,68.53,93.035
347.06,34.135,68.53,93.035
347.06,34.135,68.53,93.035
347.06,34.135,68.53,93.035
347.06,34.135,68.53,93.035
nan,nan,nan,nan
nan,nan,nan,nan
nan,nan,nan,nan
nan,nan,nan,nan
nan,nan,nan,nan
nan,nan,nan,nan
nan,nan,nan,nan
nan,nan,nan,nan
nan,nan,nan,nan
nan,nan,nan,nan
nan,nan,nan,nan
nan,nan,nan,nan
nan,nan,nan,nan
nan,nan,nan,nan
nan,nan,nan,nan
nan,nan,nan,nan
nan,nan,nan,nan
nan,nan,nan,nan
nan,nan,nan,nan
nan,nan,nan,nan
nan,nan,nan,nan
nan,nan,nan,nan
nan,nan,nan,nan
nan,nan,nan,nan
nan,nan,nan,nan
nan,nan,nan,nan
nan,nan,nan,nan
nan,nan,nan,nan
nan,nan,nan,nan
nan,nan,nan,nan
nan,nan,nan,nan
nan,nan,nan,nan
nan,nan,nan,nan
nan,nan,nan,nan
nan,nan,nan,nan
nan,nan,nan,nan
nan,nan,nan,nan
nan,nan,nan,nan
nan,nan,nan,nan
nan,nan,nan,nan
nan,nan,nan,nan
nan,nan,nan,nan
nan,nan,nan,nan
nan,nan,nan,nan
nan,nan,nan,nan
nan,nan,nan,nan
nan,nan,nan,nan
nan,nan,nan,nan
nan,nan,nan,nan
nan,nan,nan,nan
nan,nan,nan,nan
nan,nan,nan,nan
nan,nan,nan,nan
nan,nan,nan,nan
nan,nan,nan,nan
nan,nan,nan,nan
nan,nan,nan,nan
nan,nan,nan,nan
nan,nan,nan,nan
nan,nan,nan,nan
nan,nan,nan,nan
nan,nan,nan,nan
nan,nan,nan,nan
nan,nan,nan,nan
nan,nan,nan,nan
nan,nan,nan,nan
nan,nan,nan,nan
nan,nan,nan,nan
nan,nan,nan,nan
nan,nan,nan,nan
nan,nan,nan,nan
nan,nan,nan,nan
nan,nan,nan,nan
nan,nan,nan,nan
nan,nan,nan,nan
nan,nan,nan,nan
nan,nan,nan,nan
nan,nan,nan,nan
nan,nan,nan,nan
nan,nan,nan,nan
nan,nan,nan,nan
nan,nan,nan,nan
nan,nan,nan,nan
nan,nan,nan,nan
nan,nan,nan,nan
nan,nan,nan,nan
nan,nan,nan,nan
nan,nan,nan,nan
nan,nan,nan,nan
nan,nan,nan,nan
nan,nan,nan,nan
nan,nan,nan,nan
nan,nan,nan,nan
nan,nan,nan,nan
nan,nan,nan,nan
nan,nan,nan,nan
nan,nan,nan,nan
nan,nan,nan,nan
nan,nan,nan,nan
nan,nan,nan,nan
nan,nan,nan,nan
nan,nan,nan,nan
nan,nan,nan,nan
347.89,34.967,68.53,93.033
347.89,34.967,68.53,93.033
347.89,34.967,68.53,93.033
347.89,34.967,68.53,93.033
347.89,34.967,68.53,93.033
347.89,34.967,68.53,93.033
347.89,34.967,68.53,93.033
347.89,34.967,68.53,93.033
347.89,34.967,68.53,93.033
347.89,34.967,68.53,93.033
352.05,34.967,68.53,93.033
352.05,34.967,68.53,93.033
352.05,34.967,68.53,93.033
352.05,34.967,68.53,93.033
352.05,34.967,68.53,93.033
352.05,34.967,68.53,93.033
352.05,34.967,68.53,93.033
352.05,34.967,68.53,93.033
352.05,34.967,68.53,93.033
352.05,34.967,68.53,93.033
352.05,34.967,68.53,93.033
352.05,34.967,68.53,93.033
352.05,34.967,68.53,93.033
352.05,34.967,68.53,93.033
352.05,34.967,68.53,93.033
352.05,34.967,68.53,93.033
352.05,34.967,68.53,93.033
352.05,34.967,68.53,93.033
352.05,34.967,68.53,93.033
352.05,34.967,68.53,93.033
352.05,34.967,68.53,93.033
352.05,34.967,68.53,93.033
352.05,34.967,68.53,93.033
nan,nan,nan,nan
nan,nan,nan,nan
nan,nan,nan,nan
nan,nan,nan,nan
nan,nan,nan,nan
nan,nan,nan,nan
nan,nan,nan,nan
nan,nan,nan,nan
nan,nan,nan,nan
nan,nan,nan,nan
nan,nan,nan,nan
nan,nan,nan,nan
nan,nan,nan,nan
nan,nan,nan,nan
nan,nan,nan,nan
nan,nan,nan,nan
nan,nan,nan,nan
nan,nan,nan,nan
nan,nan,nan,nan
nan,nan,nan,nan
nan,nan,nan,nan
nan,nan,nan,nan
nan,nan,nan,nan
nan,nan,nan,nan
nan,nan,nan,nan
nan,nan,nan,nan
nan,nan,nan,nan
nan,nan,nan,nan
nan,nan,nan,nan
nan,nan,nan,nan
nan,nan,nan,nan
nan,nan,nan,nan
nan,nan,nan,nan
nan,nan,nan,nan
nan,nan,nan,nan
nan,nan,nan,nan
nan,nan,nan,nan
nan,nan,nan,nan
nan,nan,nan,nan
nan,nan,nan,nan
nan,nan,nan,nan
nan,nan,nan,nan
nan,nan,nan,nan
nan,nan,nan,nan
nan,nan,nan,nan
nan,nan,nan,nan
nan,nan,nan,nan
nan,nan,nan,nan
nan,nan,nan,nan
nan,nan,nan,nan
nan,nan,nan,nan
nan,nan,nan,nan
nan,nan,nan,nan
nan,nan,nan,nan
nan,nan,nan,nan
nan,nan,nan,nan
nan,nan,nan,nan
nan,nan,nan,nan
nan,nan,nan,nan
nan,nan,nan,nan
nan,nan,nan,nan
nan,nan,nan,nan
nan,nan,nan,nan
nan,nan,nan,nan
nan,nan,nan,nan
nan,nan,nan,nan
nan,nan,nan,nan
nan,nan,nan,nan
nan,nan,nan,nan
nan,nan,nan,nan
nan,nan,nan,nan
nan,nan,nan,nan
nan,nan,nan,nan
nan,nan,nan,nan
nan,nan,nan,nan
nan,nan,nan,nan
nan,nan,nan,nan
nan,nan,nan,nan
nan,nan,nan,nan
nan,nan,nan,nan
nan,nan,nan,nan
nan,nan,nan,nan
nan,nan,nan,nan
nan,nan,nan,nan
nan,nan,nan,nan
nan,nan,nan,nan
nan,nan,nan,nan
nan,nan,nan,nan
nan,nan,nan,nan
nan,nan,nan,nan
nan,nan,nan,nan
nan,nan,nan,nan
nan,nan,nan,nan
nan,nan,nan,nan
nan,nan,nan,nan
nan,nan,nan,nan
nan,nan,nan,nan
nan,nan,nan,nan
nan,nan,nan,nan
nan,nan,nan,nan
nan,nan,nan,nan
nan,nan,nan,nan
nan,nan,nan,nan
nan,nan,nan,nan
nan,nan,nan,nan
nan,nan,nan,nan
nan,nan,nan,nan
nan,nan,nan,nan
nan,nan,nan,nan
352.05,34.967,68.53,93.033
352.05,34.967,68.53,93.033
352.05,34.967,68.53,93.033
352.05,34.967,68.53,93.033
352.05,34.967,68.53,93.033
352.05,34.967,68.53,93.033
352.05,34.967,68.53,93.033
352.05,34.967,68.53,93.033
347.06,34.967,68.53,93.033
347.06,34.967,68.53,93.033
347.06,34.967,68.53,93.033
347.06,34.967,68.53,93.033
347.06,34.967,68.53,93.033
347.06,34.967,68.53,93.033
347.06,34.967,68.53,93.033
347.06,34.967,68.53,93.033
347.06,34.967,68.53,93.033
347.06,34.967,68.53,93.033
347.06,39.961,68.53,93.039
347.06,39.961,68.53,93.039
347.06,39.961,68.53,93.039
347.06,39.961,68.53,93.039
347.06,39.961,68.53,93.039
347.06,39.961,68.53,93.039
347.06,39.961,68.53,93.039
347.06,39.961,68.53,93.039
351.0,42.0,66.0,92.0
352.0,42.0,66.0,92.0
353.0,42.0,66.0,92.0
353.0,42.0,66.0,92.0
354.0,42.0,66.0,92.0
354.0,43.0,66.0,92.0
354.0,44.0,66.0,92.0
356.0,45.0,66.0,92.0
356.0,45.0,66.0,92.0
354.0,50.0,66.0,92.0
354.0,54.0,66.0,92.0
353.0,56.0,66.0,92.0
351.73,60.767,66.03,93.033
352.0,61.0,66.0,93.0
348.73,60.767,66.03,93.033
348.73,60.767,66.03,93.033
348.73,60.767,66.03,93.033
343.73,64.096,66.03,93.034
343.73,64.096,66.03,93.034
343.73,64.096,66.03,93.034
343.73,64.096,66.03,93.034
343.73,64.096,66.03,93.034
336.24,72.419,66.03,93.031
336.24,72.419,66.03,93.031
333.0,73.0,66.0,93.0
329.0,74.0,66.0,93.0
325.0,75.0,66.0,93.0
320.0,76.0,66.0,93.0
320.0,76.0,66.0,93.0
315.0,76.0,66.0,93.0
310.0,76.0,66.0,93.0
304.0,76.0,66.0,93.0
298.0,76.0,66.0,93.0
298.0,76.0,66.0,93.0
293.0,76.0,66.0,93.0
289.0,76.0,66.0,93.0
287.0,76.0,66.0,93.0
283.0,76.0,66.0,93.0
283.0,76.0,66.0,93.0
279.0,76.0,66.0,93.0
278.0,76.0,66.0,93.0
275.0,76.0,66.0,93.0
275.0,76.0,66.0,93.0
275.0,76.0,66.0,93.0
273.0,76.0,66.0,93.0
274.0,77.0,66.0,93.0
275.0,78.0,66.0,93.0
275.0,79.0,66.0,93.0
274.0,79.0,66.0,93.0
275.0,80.0,66.0,93.0
276.0,81.0,66.0,93.0
277.0,81.0,66.0,93.0
279.0,81.0,66.0,93.0
279.0,81.0,66.0,93.0
281.0,82.0,66.0,93.0
284.0,82.0,66.0,93.0
288.0,82.0,66.0,93.0
293.0,82.0,66.0,93.0
293.0,82.0,66.0,93.0
297.0,82.0,66.0,93.0
300.0,82.0,66.0,93.0
303.0,82.0,66.0,93.0
305.0,81.0,66.0,93.0
305.0,81.0,66.0,93.0
307.0,80.0,66.0,93.0
309.0,79.0,66.0,93.0
310.0,78.0,66.0,93.0
311.0,77.0,66.0,93.0
311.0,77.0,66.0,93.0
312.0,76.0,66.0,93.0
306.0,76.909,76.18,103.02
308.78,79.909,80.18,103.02
312.94,71.586,80.18,109.68
312.94,71.586,80.18,109.68
312.94,71.586,80.18,109.68
312.94,71.586,80.18,109.68
312.94,71.586,80.18,109.68
307.95,69.09,80.18,109.68
307.95,69.09,80.18,109.68
307.95,69.09,80.18,109.68
307.95,69.09,80.18,109.68
307.95,69.09,80.18,109.68
307.95,64.928,80.18,109.68
307.95,64.928,80.18,109.68
307.95,64.928,80.18,109.68
307.95,64.928,80.18,109.68
307.95,64.928,80.18,109.68
316.27,53.277,80.18,116.33
316.27,53.277,80.18,116.33
316.27,53.277,80.18,116.33
316.27,53.277,80.18,116.33
316.27,53.277,80.18,116.33
322.92,51.612,80.18,116.34
320.92,51.612,80.18,116.34
321.92,51.612,80.18,116.34
324.92,51.612,80.18,116.34
323.92,51.612,80.18,116.34
320.76,48.283,80.18,120.5
319.76,48.283,80.18,120.5
315.76,48.283,80.18,120.5
311.0,48.0,80.0,121.0
308.0,47.0,80.0,121.0
308.78,44.122,80.18,120.5
305.0,44.0,80.0,121.0
301.0,44.0,80.0,121.0
297.0,44.0,80.0,121.0
290.0,44.0,80.0,117.0
290.0,44.0,80.0,117.0
285.0,44.0,80.0,117.0
281.0,44.0,80.0,117.0
277.0,44.0,80.0,117.0
273.0,44.0,80.0,117.0
273.0,44.0,80.0,117.0
267.0,44.0,80.0,117.0
262.0,44.0,80.0,117.0
257.0,43.0,80.0,117.0
253.0,41.0,80.0,117.0
253.0,41.0,80.0,117.0
250.0,40.0,80.0,117.0
249.0,39.0,80.0,115.0
249.0,38.0,80.0,115.0
249.0,37.0,80.0,115.0
249.0,37.0,80.0,115.0
251.0,37.0,80.0,115.0
253.02,32.471,80.18,120.5
253.02,32.471,80.18,120.5
260.0,35.0,84.0,114.0
260.0,35.0,84.0,114.0
267.0,35.0,84.0,114.0
273.0,35.0,84.0,114.0
279.0,38.0,81.0,106.0
286.0,39.0,81.0,106.0
286.0,39.0,81.0,106.0
293.0,40.0,81.0,106.0
300.0,40.0,81.0,106.0
307.0,40.0,81.0,106.0
314.0,41.0,81.0,106.0
314.0,41.0,81.0,106.0
321.0,41.0,81.0,106.0
328.0,41.0,81.0,106.0
335.0,41.0,81.0,106.0
343.0,41.0,81.0,106.0
343.0,41.0,81.0,106.0
349.0,41.0,81.0,106.0
359.0,41.0,81.0,106.0
365.0,46.0,77.0,102.0
374.0,47.0,77.0,102.0
374.0,47.0,77.0,102.0
379.0,49.0,77.0,102.0
383.0,52.0,77.0,102.0
390.0,53.0,77.0,102.0
396.0,56.0,72.0,96.0
396.0,56.0,72.0,96.0
402.0,56.0,72.0,96.0
408.0,55.0,72.0,96.0
410.0,54.0,72.0,96.0
413.0,53.0,72.0,96.0
412.0,53.0,72.0,96.0
414.0,52.0,72.0,96.0
415.0,51.0,72.0,96.0
411.0,50.0,72.0,96.0
410.0,50.0,72.0,96.0
410.0,50.0,72.0,96.0
404.0,49.0,71.0,91.0
402.0,49.0,71.0,91.0
399.0,49.0,71.0,91.0
395.0,49.0,71.0,91.0
389.0,49.0,71.0,91.0
379.0,50.0,71.0,91.0
370.0,50.0,71.0,91.0
362.0,50.0,71.0,91.0
356.0,50.0,71.0,91.0
356.0,50.0,71.0,91.0
350.0,50.0,71.0,91.0
345.0,50.0,71.0,91.0
333.0,52.0,74.0,87.0
331.0,52.0,74.0,87.0
331.0,52.0,74.0,87.0
325.0,55.0,77.0,84.0
326.0,55.0,77.0,84.0
327.0,55.0,77.0,84.0
329.0,55.0,77.0,84.0
329.0,55.0,77.0,84.0
330.0,51.0,69.0,93.0
333.0,51.0,69.0,93.0
337.0,52.0,69.0,93.0
340.0,53.0,69.0,93.0
340.0,53.0,69.0,93.0
332.0,55.0,71.0,100.0
333.0,56.0,71.0,100.0
333.0,57.0,71.0,100.0
332.0,58.0,71.0,100.0
332.0,58.0,71.0,100.0
330.0,59.0,71.0,100.0
328.0,60.0,71.0,100.0
325.0,61.0,71.0,100.0
321.0,62.0,71.0,100.0
321.0,62.0,71.0,100.0
310.0,64.0,76.0,100.0
303.0,65.0,76.0,100.0
296.0,65.0,76.0,100.0
288.0,65.0,76.0,100.0
288.0,65.0,76.0,100.0
280.0,64.0,76.0,100.0
273.0,63.0,76.0,100.0
267.0,61.0,76.0,100.0
263.0,59.0,76.0,100.0
263.0,59.0,76.0,100.0
260.0,57.0,76.0,100.0
257.0,55.0,76.0,100.0
nan,nan,nan,nan
nan,nan,nan,nan
nan,nan,nan,nan
nan,nan,nan,nan
nan,nan,nan,nan
nan,nan,nan,nan
nan,nan,nan,nan
nan,nan,nan,nan
nan,nan,nan,nan
nan,nan,nan,nan
nan,nan,nan,nan
nan,nan,nan,nan
nan,nan,nan,nan
nan,nan,nan,nan
nan,nan,nan,nan
nan,nan,nan,nan
nan,nan,nan,nan
nan,nan,nan,nan
nan,nan,nan,nan
nan,nan,nan,nan
nan,nan,nan,nan
nan,nan,nan,nan
nan,nan,nan,nan
nan,nan,nan,nan
nan,nan,nan,nan
nan,nan,nan,nan
nan,nan,nan,nan
nan,nan,nan,nan
nan,nan,nan,nan
nan,nan,nan,nan
nan,nan,nan,nan
nan,nan,nan,nan
nan,nan,nan,nan
nan,nan,nan,nan
nan,nan,nan,nan
nan,nan,nan,nan
nan,nan,nan,nan
nan,nan,nan,nan
nan,nan,nan,nan
nan,nan,nan,nan
nan,nan,nan,nan
nan,nan,nan,nan
nan,nan,nan,nan
nan,nan,nan,nan
nan,nan,nan,nan
nan,nan,nan,nan
nan,nan,nan,nan
nan,nan,nan,nan
nan,nan,nan,nan
nan,nan,nan,nan
nan,nan,nan,nan
nan,nan,nan,nan
nan,nan,nan,nan
nan,nan,nan,nan
nan,nan,nan,nan
nan,nan,nan,nan
nan,nan,nan,nan
378.69,37.464,45.22,53.919
378.69,37.464,45.22,53.919
378.69,37.464,45.22,53.919
378.69,37.464,45.22,53.919
378.69,37.464,45.22,53.919
369.53,41.625,36.07,51.422
369.53,41.625,36.07,51.422
369.53,41.625,36.07,51.422
369.53,41.625,36.07,51.422
369.53,41.625,36.07,51.422
358.71,42.458,36.07,51.422
358.0,46.0,36.0,51.0
357.0,50.0,36.0,51.0
356.0,54.0,36.0,51.0
356.0,57.0,36.0,51.0
356.0,57.0,36.0,51.0
356.0,58.0,36.0,51.0
353.0,59.0,36.0,51.0
353.0,59.0,36.0,51.0
353.0,59.0,36.0,51.0
353.0,59.0,36.0,51.0
353.0,59.0,36.0,51.0
354.55,58.27,36.07,51.42
354.55,58.27,36.07,51.42
354.55,58.27,36.07,51.42
350.39,53.277,36.07,53.923
350.39,53.277,36.07,53.923
350.39,53.277,36.07,53.923
348.0,53.0,36.0,54.0
341.0,52.0,36.0,54.0
341.0,52.0,36.0,54.0
338.0,51.0,36.0,54.0
334.0,50.0,36.0,54.0
330.0,49.0,36.0,54.0
325.0,49.0,36.0,54.0
325.0,49.0,36.0,54.0
321.0,50.0,36.0,54.0
317.0,53.0,36.0,54.0
313.0,57.0,36.0,54.0
309.0,62.0,36.0,54.0
309.0,62.0,36.0,54.0
304.0,67.0,36.0,54.0
299.0,73.0,36.0,54.0
294.0,79.0,36.0,54.0
290.0,81.0,41.0,58.0
285.81,78.412,46.06,62.238
282.0,83.0,46.0,62.0
281.0,87.0,46.0,62.0
279.0,91.0,44.0,59.0
276.0,96.0,42.0,56.0
276.0,96.0,42.0,56.0
272.0,97.0,42.0,56.0
268.0,98.0,42.0,56.0
265.0,99.0,42.0,56.0
263.0,100.0,42.0,56.0
263.0,100.0,42.0,56.0
262.0,98.0,45.0,59.0
260.51,97.386,46.06,62.244
259.0,99.0,46.0,62.0
257.0,100.0,46.0,62.0
257.0,100.0,46.0,62.0
255.0,101.0,46.0,62.0
253.0,101.0,46.0,62.0
248.86,98.218,46.05,62.242
248.86,98.218,46.05,62.242
249.0,98.0,46.0,62.0
249.0,98.0,46.0,62.0
250.0,98.0,46.0,62.0
252.0,98.0,46.0,62.0
255.0,102.0,46.0,62.0
255.0,102.0,46.0,62.0
258.0,104.0,46.0,62.0
261.0,107.0,44.0,59.0
263.0,109.0,44.0,59.0
264.0,110.0,44.0,59.0
264.0,110.0,44.0,59.0
265.0,111.0,44.0,59.0
267.0,111.0,44.0,59.0
269.0,111.0,44.0,59.0
272.0,110.0,44.0,59.0
272.0,110.0,44.0,59.0
276.0,109.0,44.0,59.0
280.0,108.0,44.0,59.0
284.0,107.0,44.0,59.0
289.0,107.0,48.0,62.0
289.0,107.0,48.0,62.0
294.0,105.0,48.0,62.0
300.0,103.0,48.0,62.0
305.0,101.0,48.0,62.0
310.0,100.0,48.0,62.0
310.0,100.0,48.0,62.0
315.0,98.0,48.0,62.0
319.0,97.0,48.0,62.0
323.0,96.0,46.0,58.0
326.0,95.0,46.0,58.0
326.0,95.0,46.0,58.0
329.0,95.0,44.0,55.0
332.0,88.0,47.0,59.0
334.0,84.0,47.0,59.0
335.0,80.0,47.0,59.0
335.0,80.0,47.0,59.0
336.0,77.0,47.0,59.0
337.0,74.0,47.0,59.0
337.0,72.0,47.0,59.0
340.0,67.0,48.0,60.0
340.0,67.0,48.0,60.0
340.0,65.0,48.0,60.0
340.0,63.0,48.0,60.0
343.0,59.0,48.0,60.0
343.0,57.0,48.0,60.0
343.0,57.0,48.0,60.0
345.0,56.0,48.0,60.0
345.0,55.0,48.0,60.0
345.0,54.0,48.0,60.0
348.0,53.0,48.0,60.0
348.0,53.0,48.0,60.0
348.0,52.0,48.0,60.0
348.0,52.0,48.0,60.0
348.0,52.0,48.0,60.0
351.0,50.0,42.0,58.0
351.0,50.0,42.0,58.0
352.0,49.0,42.0,58.0
352.0,48.0,42.0,58.0
353.0,47.0,42.0,58.0
353.0,46.0,42.0,58.0
353.0,46.0,42.0,58.0
356.0,44.0,42.0,58.0
356.0,44.0,42.0,58.0
357.0,43.0,42.0,58.0
356.0,43.0,42.0,58.0
356.0,43.0,42.0,58.0
357.0,43.0,42.0,58.0
358.0,43.0,42.0,58.0
357.0,42.0,42.0,58.0
358.0,41.0,42.0,58.0
358.0,41.0,42.0,58.0
359.0,40.0,42.0,58.0
360.0,39.0,42.0,58.0
361.0,39.0,42.0,58.0
364.0,38.0,42.0,58.0
363.0,38.0,42.0,58.0
364.0,38.0,42.0,58.0
365.0,38.0,42.0,58.0
365.0,38.0,42.0,58.0
365.0,38.0,42.0,58.0
367.0,38.0,42.0,58.0
369.0,38.0,42.0,58.0
369.0,38.0,42.0,58.0
369.0,38.0,42.0,58.0
370.0,38.0,42.0,58.0
370.0,38.0,42.0,58.0
371.0,38.0,42.0,58.0
371.0,38.0,42.0,58.0
371.0,35.0,42.0,58.0
372.0,35.0,42.0,58.0
372.0,35.0,42.0,58.0
373.0,35.0,42.0,58.0
373.0,35.0,42.0,58.0
374.0,35.0,42.0,58.0
375.0,35.0,42.0,58.0
375.0,35.0,42.0,58.0
376.0,35.0,42.0,58.0
377.0,35.0,42.0,58.0
378.0,35.0,42.0,58.0
378.0,35.0,42.0,58.0
378.0,35.0,42.0,58.0
378.0,35.0,42.0,58.0
379.0,35.0,42.0,58.0
380.0,35.0,42.0,58.0
381.0,35.0,42.0,58.0
381.0,35.0,42.0,58.0
380.0,35.0,42.0,58.0
380.0,35.0,42.0,58.0
380.0,35.0,42.0,58.0
380.0,35.0,42.0,58.0
380.0,35.0,42.0,58.0
380.0,35.0,42.0,58.0
380.0,35.0,42.0,58.0
381.0,35.0,42.0,58.0
381.0,35.0,42.0,58.0
381.0,35.0,42.0,58.0
381.0,35.0,42.0,58.0
381.0,35.0,42.0,58.0
381.0,33.0,42.0,58.0
419.0,30.0,88.0,119.0
418.63,29.974,88.51,119.67
418.63,29.974,88.51,119.67
418.63,29.974,88.51,119.67
418.63,29.974,88.51,119.67
418.63,29.974,88.51,119.67
413.64,29.974,88.5,119.67
412.0,31.0,89.0,120.0
410.0,32.0,89.0,120.0
408.0,32.0,89.0,120.0
406.0,32.0,89.0,120.0
405.0,34.0,89.0,120.0
404.0,33.0,89.0,120.0
402.0,33.0,89.0,120.0
398.0,33.0,89.0,120.0
396.0,34.0,89.0,120.0
396.0,34.0,89.0,120.0
392.0,35.0,89.0,120.0
389.0,37.0,89.0,120.0
386.0,40.0,89.0,120.0
383.0,45.0,89.0,120.0
383.0,45.0,89.0,120.0
375.0,53.0,89.0,120.0
373.0,60.0,89.0,120.0
371.0,67.0,89.0,120.0
364.0,75.0,89.0,120.0
364.0,75.0,89.0,120.0
362.0,83.0,89.0,120.0
360.0,92.0,89.0,120.0
358.0,99.0,89.0,120.0
352.0,101.0,89.0,120.0
352.0,101.0,89.0,120.0
490.0,1.0,90.0,121.0
493.54,1.0,88.5,119.17
493.54,1.0,88.5,119.17
493.54,1.0,88.5,119.17
493.0,1.0,89.0,120.0
494.0,1.0,89.0,120.0
494.0,1.0,89.0,119.0
498.0,1.0,89.0,118.0
498.0,1.0,89.0,118.0
498.0,1.0,89.0,118.0
498.0,1.0,89.0,118.0
499.36,1.0,88.51,119.17
499.36,1.0,88.51,119.17
499.36,1.0,88.51,119.17
496.0,1.0,89.0,120.0
491.0,1.0,89.0,116.0
489.0,1.0,89.0,116.0
487.0,1.0,89.0,116.0
481.0,1.0,89.0,116.0
481.0,1.0,89.0,116.0
478.0,1.0,89.0,115.0
471.0,1.0,89.0,108.0
467.0,1.0,89.0,108.0
463.0,1.0,89.0,106.0
463.0,1.0,89.0,102.0
459.0,1.0,89.0,102.0
456.0,1.0,89.0,101.0
453.0,1.0,89.0,100.0
446.0,1.0,90.0,94.0
442.77,1.0,88.5,100.02
442.77,1.0,88.5,100.02
438.0,1.0,89.0,101.0
434.0,1.0,89.0,101.0
429.0,1.0,89.0,101.0
429.0,1.0,89.0,101.0
428.0,2.0,89.0,101.0
428.0,4.0,89.0,101.0
423.0,2.0,96.0,105.0
424.0,3.0,96.0,105.0
424.0,3.0,96.0,105.0
425.0,5.0,96.0,105.0
425.0,7.0,96.0,105.0
424.0,9.0,96.0,105.0
415.0,9.0,97.0,109.0
415.0,9.0,97.0,109.0
412.0,10.0,97.0,109.0
407.0,12.0,97.0,109.0
400.0,16.0,97.0,109.0
390.0,19.0,97.0,109.0
390.0,19.0,97.0,109.0
379.0,23.0,97.0,109.0
359.0,23.0,107.0,118.0
347.0,27.0,107.0,118.0
335.0,30.0,107.0,118.0
335.0,30.0,107.0,118.0
325.0,32.0,107.0,118.0
315.0,35.0,107.0,118.0
306.0,38.0,107.0,118.0
298.0,40.0,107.0,118.0
298.0,40.0,107.0,118.0
293.0,41.0,107.0,118.0
291.0,41.0,107.0,118.0
286.0,38.0,114.0,127.0
285.0,38.0,114.0,127.0
285.0,38.0,114.0,127.0
282.0,35.0,114.0,127.0
281.0,34.0,114.0,127.0
280.0,33.0,114.0,127.0
280.0,32.0,114.0,127.0
280.0,32.0,114.0,127.0
279.0,31.0,114.0,127.0
279.0,28.0,114.0,127.0
279.0,24.0,114.0,127.0
280.0,18.0,114.0,127.0
280.0,18.0,114.0,127.0
287.0,14.0,109.0,128.0
288.0,12.0,109.0,128.0
296.0,5.0,104.0,129.0
297.0,3.0,104.0,129.0
297.0,3.0,104.0,129.0
302.0,1.0,104.0,129.0
306.0,1.0,104.0,128.0
319.0,1.0,98.0,121.0
326.0,1.0,98.0,120.0
326.0,1.0,98.0,120.0
332.0,2.0,95.0,109.0
339.0,1.0,95.0,109.0
351.0,1.0,95.0,103.0
357.0,1.0,95.0,103.0
358.0,2.0,89.0,93.0
363.0,1.0,89.0,93.0
366.0,1.0,93.0,94.0
372.0,1.0,83.0,81.0
374.0,1.0,83.0,78.0
374.0,1.0,83.0,78.0
378.0,1.0,83.0,76.0
383.0,2.0,78.0,69.0
388.0,1.0,78.0,69.0
393.0,1.0,78.0,69.0
393.0,1.0,78.0,69.0
395.0,2.0,78.0,69.0
396.0,3.0,78.0,69.0
397.0,2.0,78.0,69.0
398.0,2.0,78.0,69.0
398.0,2.0,78.0,69.0
398.0,2.0,78.0,69.0
399.0,2.0,78.0,69.0
402.0,2.0,78.0,69.0
402.0,2.0,78.0,69.0
402.0,2.0,78.0,69.0
401.0,2.0,77.0,75.0
401.0,2.0,77.0,75.0
401.0,2.0,77.0,75.0
401.0,2.0,77.0,75.0
401.0,2.0,77.0,75.0
401.0,2.0,77.0,75.0
398.0,2.0,77.0,75.0
398.0,2.0,77.0,75.0
398.0,3.0,77.0,75.0
398.0,3.0,77.0,75.0
397.0,5.0,77.0,75.0
396.0,7.0,77.0,75.0
389.0,1.0,82.0,84.0
388.0,1.0,82.0,84.0
388.0,1.0,82.0,84.0
388.0,1.0,82.0,84.0
383.0,1.0,82.0,84.0
382.0,1.0,82.0,84.0
380.0,1.0,82.0,84.0
380.0,1.0,82.0,84.0
377.0,1.0,82.0,84.0
377.0,1.0,82.0,84.0
371.0,1.0,83.0,87.0
370.0,2.0,83.0,87.0
370.0,2.0,83.0,87.0
366.0,3.0,83.0,87.0
363.0,3.0,85.0,89.0
360.0,4.0,87.0,91.0
355.0,1.0,92.0,100.0
352.05,1.0,93.5,105.02
350.0,3.0,94.0,106.0
348.0,6.0,94.0,106.0
345.0,8.0,94.0,106.0
342.0,11.0,94.0,106.0
342.0,11.0,94.0,106.0
335.0,13.0,98.0,111.0
332.0,16.0,98.0,111.0
327.0,18.0,98.0,111.0
324.0,20.0,98.0,111.0
324.0,20.0,98.0,111.0
321.0,22.0,98.0,111.0
318.0,23.0,98.0,111.0
317.0,23.0,98.0,111.0
310.0,22.0,104.0,118.0
310.0,22.0,104.0,118.0
309.0,22.0,104.0,118.0
309.0,21.0,104.0,118.0
308.0,20.0,104.0,118.0
308.0,19.0,104.0,118.0
308.0,19.0,104.0,118.0
308.0,18.0,104.0,118.0
308.0,17.0,104.0,118.0
308.0,16.0,104.0,118.0
308.0,15.0,104.0,118.0
308.0,15.0,104.0,118.0
308.0,11.0,104.0,118.0
308.0,6.0,104.0,118.0
307.0,4.0,104.0,118.0
309.0,2.0,104.0,118.0
309.0,2.0,104.0,118.0
309.0,1.0,104.0,118.0
309.0,1.0,104.0,116.0
317.0,1.0,89.0,107.0
317.0,1.0,89.0,106.0
317.0,1.0,89.0,106.0
318.0,1.0,89.0,103.0
319.0,1.0,89.0,102.0
321.0,2.0,87.0,96.0
322.0,1.0,87.0,96.0
322.0,1.0,87.0,96.0
323.0,1.0,87.0,95.0
324.0,1.0,87.0,94.0
325.0,1.0,87.0,93.0
330.0,1.0,81.0,85.0
330.0,1.0,81.0,85.0
331.0,1.0,81.0,85.0
333.0,1.0,81.0,84.0
338.0,1.0,81.0,83.0
342.0,1.0,81.0,83.0
342.0,1.0,81.0,83.0
344.0,1.0,81.0,82.0
345.0,1.0,81.0,82.0
346.0,1.0,81.0,82.0
352.0,2.0,73.0,75.0
352.0,2.0,73.0,75.0
353.0,2.0,73.0,75.0
358.0,2.0,73.0,75.0
361.0,2.0,73.0,75.0
362.0,2.0,73.0,75.0
362.0,2.0,73.0,75.0
363.0,2.0,73.0,75.0
364.0,2.0,73.0,75.0
365.0,2.0,73.0,75.0
366.0,3.0,73.0,75.0
366.0,3.0,73.0,75.0
367.0,3.0,73.0,75.0
368.0,3.0,73.0,75.0
369.0,4.0,73.0,75.0
370.0,4.0,73.0,75.0
370.0,4.0,73.0,75.0
370.0,4.0,73.0,75.0
371.0,4.0,73.0,75.0
372.0,4.0,73.0,75.0
373.0,4.0,73.0,75.0
373.0,4.0,73.0,75.0
373.0,4.0,73.0,75.0
374.0,4.0,73.0,75.0
375.0,4.0,73.0,75.0
376.0,4.0,73.0,75.0
376.0,4.0,73.0,75.0
376.0,4.0,73.0,75.0
376.0,4.0,73.0,75.0
376.0,4.0,73.0,75.0
376.0,5.0,73.0,75.0
376.0,5.0,73.0,75.0
376.0,5.0,73.0,75.0
376.0,6.0,73.0,75.0
376.0,7.0,73.0,75.0
375.0,8.0,73.0,75.0
375.0,8.0,73.0,75.0
374.0,9.0,73.0,75.0
373.0,10.0,73.0,75.0
371.0,1.0,75.0,84.0
371.0,2.0,75.0,84.0
371.0,2.0,75.0,84.0
371.0,3.0,75.0,84.0
370.0,5.0,75.0,84.0
369.0,6.0,75.0,84.0
368.0,8.0,75.0,84.0
368.0,8.0,75.0,84.0
367.0,9.0,75.0,84.0
366.0,9.0,75.0,84.0
363.0,4.0,76.0,89.0
363.0,4.0,76.0,89.0
363.0,4.0,76.0,89.0
363.0,4.0,76.0,89.0
364.0,3.0,76.0,89.0
365.0,2.0,76.0,89.0
366.0,1.0,76.0,89.0
366.0,1.0,76.0,89.0
367.0,1.0,76.0,89.0
367.0,1.0,76.0,88.0
367.0,1.0,76.0,88.0
366.0,1.0,76.0,87.0
366.0,1.0,76.0,87.0
366.0,1.0,76.0,87.0
366.0,1.0,76.0,87.0
361.0,1.0,76.0,87.0
362.0,1.0,76.0,87.0
360.0,1.0,76.0,87.0
360.0,1.0,76.0,87.0
360.0,1.0,76.0,87.0
360.0,1.0,76.0,87.0
360.0,1.0,76.0,87.0
360.0,1.0,76.0,87.0
360.0,1.0,76.0,87.0
360.0,1.0,76.0,87.0
360.0,1.0,76.0,87.0
361.0,1.0,76.0,87.0
361.0,1.0,76.0,87.0
361.0,1.0,76.0,87.0
362.0,1.0,76.0,86.0
362.0,1.0,76.0,85.0
362.0,1.0,76.0,85.0
362.0,1.0,76.0,85.0
362.0,1.0,76.0,84.0
362.0,1.0,76.0,82.0
362.0,1.0,76.0,77.0
366.0,2.0,74.0,71.0
366.0,2.0,74.0,71.0
366.0,1.0,74.0,68.0
377.0,2.0,63.0,57.0
377.0,1.0,63.0,56.0
378.0,1.0,63.0,55.0
378.0,1.0,63.0,55.0
378.0,1.0,63.0,54.0
383.0,1.0,53.0,49.0
383.0,1.0,53.0,49.0
387.0,1.0,53.0,49.0
387.0,1.0,53.0,49.0
387.0,1.0,53.0,49.0
390.0,1.0,53.0,49.0
389.0,1.0,53.0,49.0
388.0,1.0,53.0,49.0
388.0,1.0,53.0,49.0
387.0,1.0,53.0,49.0
387.0,1.0,53.0,49.0
387.0,1.0,53.0,49.0
387.0,1.0,53.0,48.0
387.0,1.0,53.0,48.0
388.0,1.0,53.0,46.0
388.0,1.0,53.0,44.0
389.0,1.0,53.0,43.0
389.0,1.0,53.0,41.0
nan,nan,nan,nan
nan,nan,nan,nan
nan,nan,nan,nan
nan,nan,nan,nan
nan,nan,nan,nan
nan,nan,nan,nan
nan,nan,nan,nan
nan,nan,nan,nan
nan,nan,nan,nan
nan,nan,nan,nan
nan,nan,nan,nan
nan,nan,nan,nan
nan,nan,nan,nan
nan,nan,nan,nan
nan,nan,nan,nan
nan,nan,nan,nan
nan,nan,nan,nan
nan,nan,nan,nan
nan,nan,nan,nan
nan,nan,nan,nan
nan,nan,nan,nan
nan,nan,nan,nan
nan,nan,nan,nan
nan,nan,nan,nan
nan,nan,nan,nan
nan,nan,nan,nan
nan,nan,nan,nan
nan,nan,nan,nan
nan,nan,nan,nan
nan,nan,nan,nan
nan,nan,nan,nan
nan,nan,nan,nan
nan,nan,nan,nan
nan,nan,nan,nan
nan,nan,nan,nan
nan,nan,nan,nan
nan,nan,nan,nan
nan,nan,nan,nan
nan,nan,nan,nan
nan,nan,nan,nan
nan,nan,nan,nan
nan,nan,nan,nan
nan,nan,nan,nan
312.11,33.79,91.0,130.49
312.11,33.79,91.0,130.49
312.11,33.79,91.0,130.49
312.11,33.79,91.0,130.49
312.11,33.79,91.0,130.49
312.11,33.79,91.0,130.49
312.11,33.79,91.0,130.49
312.11,33.79,91.0,130.49
312.11,33.79,91.0,130.49
312.11,33.79,91.0,130.49
312.11,33.79,91.0,130.49
312.11,33.79,91.0,130.49
312.11,33.79,91.0,130.49
312.11,33.79,91.0,130.49
312.11,33.79,91.0,130.49
312.11,33.79,91.0,130.49
312.11,33.79,91.0,130.49
311.27,32.958,91.0,130.48
311.27,32.958,91.0,130.48
311.27,32.958,91.0,130.48
311.27,32.958,91.0,130.48
311.27,32.958,91.0,130.48
311.27,32.958,91.0,130.48
311.27,32.958,91.0,130.48
311.27,32.958,91.0,130.48
311.27,32.958,91.0,130.48
311.27,36.958,91.0,130.48
311.0,37.0,91.0,130.0
311.0,38.0,91.0,130.0
311.0,39.0,91.0,130.0
311.0,40.0,91.0,130.0
309.0,40.0,91.0,130.0
309.0,40.0,91.0,130.0
306.0,40.0,91.0,130.0
302.0,40.0,91.0,130.0
299.0,39.0,91.0,130.0
298.0,39.0,91.0,130.0
298.0,39.0,91.0,130.0
298.0,39.0,91.0,130.0
298.0,39.0,91.0,130.0
299.0,37.0,91.0,130.0
300.0,37.0,91.0,130.0
300.0,37.0,91.0,130.0
301.0,37.0,91.0,130.0
303.0,37.0,91.0,130.0
307.0,37.0,91.0,130.0
312.0,37.0,91.0,130.0
312.0,37.0,91.0,130.0
316.0,37.0,91.0,130.0
319.0,37.0,91.0,130.0
321.0,37.0,91.0,130.0
323.0,37.0,91.0,130.0
323.0,37.0,91.0,130.0
324.0,37.0,91.0,130.0
324.0,36.0,91.0,130.0
323.0,35.0,91.0,130.0
324.0,35.0,91.0,130.0
324.0,35.0,91.0,130.0
323.0,35.0,91.0,130.0
322.0,36.0,91.0,130.0
323.0,37.0,91.0,130.0
324.0,38.0,91.0,130.0
324.0,38.0,91.0,130.0
325.0,39.0,91.0,130.0
325.0,41.0,91.0,130.0
325.0,43.0,91.0,130.0
324.0,45.0,91.0,130.0
324.0,45.0,91.0,130.0
323.0,46.0,91.0,130.0
316.0,50.0,97.0,135.0
312.0,52.0,97.0,135.0
309.0,53.0,97.0,135.0
309.0,53.0,97.0,135.0
309.0,53.0,97.0,135.0
310.0,53.0,97.0,135.0
312.0,53.0,97.0,135.0
315.0,54.0,97.0,135.0
315.0,54.0,97.0,135.0
321.0,55.0,97.0,135.0
328.0,56.0,97.0,135.0
336.0,57.0,97.0,135.0
345.0,59.0,97.0,135.0
345.0,59.0,97.0,135.0
354.0,61.0,97.0,135.0
362.0,65.0,97.0,135.0
370.0,70.0,97.0,135.0
377.0,75.0,97.0,135.0
377.0,75.0,97.0,135.0
382.0,82.0,97.0,135.0
386.0,90.0,97.0,135.0
388.0,97.0,97.0,135.0
389.0,102.0,97.0,135.0
389.0,102.0,97.0,135.0
389.0,104.0,97.0,135.0
387.0,104.0,97.0,135.0
387.0,105.0,97.0,135.0
384.0,104.0,97.0,135.0
385.34,106.2,91.0,139.64
380.0,103.0,91.0,140.0
373.0,97.0,91.0,140.0
364.0,88.0,91.0,140.0
354.0,78.0,91.0,140.0
354.0,78.0,91.0,140.0
342.0,69.0,91.0,140.0
329.0,59.0,91.0,140.0
316.0,50.0,91.0,140.0
303.0,42.0,91.0,140.0
303.0,42.0,91.0,140.0
291.0,37.0,91.0,140.0
282.0,34.0,91.0,140.0
278.0,33.0,91.0,140.0
277.0,33.0,91.0,140.0
277.0,33.0,91.0,140.0
279.0,34.0,91.0,140.0
283.0,37.0,91.0,140.0
289.0,40.0,91.0,140.0
295.0,43.0,91.0,140.0
295.0,43.0,91.0,140.0
299.0,45.0,91.0,140.0
302.0,47.0,91.0,140.0
304.0,48.0,91.0,140.0
305.0,48.0,91.0,140.0
305.0,48.0,91.0,140.0
304.0,47.0,91.0,140.0
305.0,50.0,91.0,140.0
306.0,51.0,91.0,140.0
307.0,53.0,91.0,140.0
307.0,53.0,91.0,140.0
309.0,56.0,91.0,140.0
311.0,59.0,91.0,140.0
313.0,63.0,91.0,140.0
319.0,67.0,91.0,140.0
319.0,67.0,91.0,140.0
322.0,71.0,91.0,140.0
327.0,75.0,96.0,145.0
331.0,78.0,96.0,145.0
338.0,81.0,99.0,149.0
338.0,81.0,99.0,149.0
347.0,88.0,99.0,149.0
355.0,93.0,99.0,149.0
364.0,99.0,99.0,149.0
376.0,107.0,99.0,149.0
376.0,107.0,99.0,149.0
385.0,113.0,99.0,149.0
395.0,120.0,99.0,149.0
402.0,126.0,99.0,149.0
408.0,131.0,99.0,149.0
408.0,131.0,99.0,149.0
412.0,136.0,99.0,149.0
415.0,141.0,99.0,149.0
417.0,145.0,99.0,149.0
418.0,148.0,99.0,149.0
418.0,148.0,99.0,149.0
419.0,149.0,99.0,149.0
420.0,149.0,99.0,149.0
480.22,32.958,127.62,186.24
480.22,32.958,127.62,186.24
480.22,32.958,127.62,186.24
480.22,32.958,127.62,186.24
480.22,32.958,127.62,186.24
480.22,32.958,127.62,186.24
480.22,32.958,127.62,186.24
480.22,32.958,127.62,186.24
480.22,32.958,127.62,186.24
480.22,32.958,127.62,186.24
480.22,32.958,127.62,186.24
480.22,32.958,127.62,186.24
452.76,36.287,127.62,186.24
452.76,36.287,127.62,186.24
452.76,36.287,127.62,186.24
452.76,36.287,127.62,186.24
452.76,36.287,127.62,186.24
440.27,39.616,127.62,198.73
440.27,39.616,127.62,198.73
440.27,39.616,127.62,198.73
441.0,39.0,128.0,199.0
441.0,38.0,128.0,199.0
441.0,38.0,128.0,199.0
441.0,35.0,128.0,199.0
446.0,38.0,124.0,182.0
447.0,34.0,124.0,182.0
448.0,32.0,124.0,182.0
448.0,32.0,124.0,182.0
453.0,25.0,124.0,182.0
456.0,21.0,124.0,182.0
459.0,16.0,124.0,182.0
461.0,11.0,124.0,182.0
461.0,11.0,124.0,182.0
464.0,8.0,122.0,173.0
466.0,3.0,122.0,173.0
469.0,1.0,122.0,170.0
475.0,1.0,122.0,162.0
475.0,1.0,122.0,162.0
483.0,2.0,118.0,143.0
490.0,1.0,118.0,136.0
501.0,3.0,111.0,118.0
510.0,1.0,111.0,111.0
510.0,1.0,111.0,111.0
525.0,1.0,106.0,96.0
534.0,1.0,106.0,87.0
545.0,3.0,95.0,67.0
nan,nan,nan,nan
nan,nan,nan,nan
nan,nan,nan,nan
nan,nan,nan,nan
nan,nan,nan,nan
nan,nan,nan,nan
nan,nan,nan,nan
nan,nan,nan,nan
nan,nan,nan,nan
nan,nan,nan,nan
nan,nan,nan,nan
nan,nan,nan,nan
nan,nan,nan,nan
nan,nan,nan,nan
nan,nan,nan,nan
nan,nan,nan,nan
nan,nan,nan,nan
nan,nan,nan,nan
nan,nan,nan,nan
nan,nan,nan,nan
nan,nan,nan,nan
nan,nan,nan,nan
nan,nan,nan,nan
nan,nan,nan,nan
nan,nan,nan,nan
nan,nan,nan,nan
nan,nan,nan,nan
nan,nan,nan,nan
nan,nan,nan,nan
nan,nan,nan,nan
nan,nan,nan,nan
nan,nan,nan,nan
nan,nan,nan,nan
nan,nan,nan,nan
nan,nan,nan,nan
nan,nan,nan,nan
nan,nan,nan,nan
nan,nan,nan,nan
nan,nan,nan,nan
nan,nan,nan,nan
nan,nan,nan,nan
nan,nan,nan,nan
nan,nan,nan,nan
nan,nan,nan,nan
nan,nan,nan,nan
nan,nan,nan,nan
nan,nan,nan,nan
nan,nan,nan,nan
nan,nan,nan,nan
nan,nan,nan,nan
nan,nan,nan,nan
nan,nan,nan,nan
nan,nan,nan,nan
nan,nan,nan,nan
nan,nan,nan,nan
nan,nan,nan,nan
nan,nan,nan,nan
nan,nan,nan,nan
nan,nan,nan,nan
nan,nan,nan,nan
nan,nan,nan,nan
nan,nan,nan,nan
nan,nan,nan,nan
nan,nan,nan,nan
nan,nan,nan,nan
nan,nan,nan,nan
nan,nan,nan,nan
nan,nan,nan,nan
nan,nan,nan,nan
nan,nan,nan,nan
nan,nan,nan,nan
nan,nan,nan,nan
nan,nan,nan,nan
nan,nan,nan,nan
nan,nan,nan,nan
nan,nan,nan,nan
nan,nan,nan,nan
nan,nan,nan,nan
nan,nan,nan,nan
nan,nan,nan,nan
nan,nan,nan,nan
nan,nan,nan,nan
nan,nan,nan,nan
nan,nan,nan,nan
nan,nan,nan,nan
nan,nan,nan,nan
nan,nan,nan,nan
nan,nan,nan,nan
nan,nan,nan,nan
nan,nan,nan,nan
nan,nan,nan,nan
nan,nan,nan,nan
nan,nan,nan,nan
nan,nan,nan,nan
nan,nan,nan,nan
nan,nan,nan,nan
nan,nan,nan,nan
nan,nan,nan,nan
nan,nan,nan,nan
nan,nan,nan,nan
nan,nan,nan,nan
nan,nan,nan,nan
nan,nan,nan,nan
nan,nan,nan,nan
nan,nan,nan,nan
nan,nan,nan,nan
nan,nan,nan,nan
nan,nan,nan,nan
335.41,29.629,84.34,121.33
335.41,29.629,84.34,121.33
335.41,29.629,84.34,121.33
335.41,29.629,84.34,121.33
335.41,29.629,84.34,121.33
335.41,29.629,84.34,121.33
335.41,29.629,84.34,121.33
335.41,29.629,84.34,121.33
335.41,29.629,84.34,121.33
335.41,29.629,84.34,121.33
335.41,29.629,84.34,121.33
335.41,29.629,84.34,121.33
335.41,29.629,84.34,121.33
335.41,29.629,84.34,121.33
335.41,29.629,84.34,121.33
335.41,29.629,84.34,121.33
335.41,29.629,84.34,121.33
335.41,29.629,84.34,121.33
337.41,30.629,84.34,121.33
338.41,31.629,84.34,121.33
339.0,31.0,84.0,121.0
339.0,31.0,84.0,121.0
339.0,31.0,84.0,121.0
339.0,31.0,84.0,121.0
340.0,31.0,84.0,121.0
340.0,31.0,84.0,121.0
340.0,31.0,84.0,121.0
340.0,31.0,84.0,121.0
343.0,31.0,84.0,121.0
343.0,31.0,84.0,121.0
343.0,31.0,84.0,121.0
345.0,30.0,84.0,121.0
346.0,30.0,84.0,121.0
346.0,30.0,84.0,121.0
346.0,26.0,84.0,121.0
346.0,27.0,84.0,121.0
346.0,27.0,84.0,121.0
346.0,27.0,84.0,121.0
346.0,27.0,84.0,121.0
346.0,25.0,84.0,121.0
346.0,25.0,84.0,121.0
346.0,25.0,84.0,121.0
343.73,26.3,84.34,121.33
346.23,24.635,84.34,121.33
346.23,24.635,84.34,121.33
346.23,24.635,84.34,121.33
346.23,24.635,84.34,121.33
346.23,24.635,84.34,121.33
348.73,22.971,84.34,121.33
348.73,22.971,84.34,121.33
348.73,22.971,84.34,121.33
348.73,22.971,84.34,121.33
348.73,22.971,84.34,121.33
348.73,22.971,84.34,121.33
348.73,22.971,84.34,121.33
348.73,22.971,84.34,121.33
348.73,22.971,84.34,121.33
348.73,22.971,84.34,121.33
348.73,22.971,84.34,121.33
348.73,22.971,84.34,121.33
348.73,22.971,84.34,121.33
348.73,22.971,84.34,121.33
348.73,22.971,84.34,121.33
348.73,22.971,84.34,121.33
348.73,22.971,84.34,121.33
348.73,22.971,84.34,121.33
348.73,22.971,84.34,121.33
348.73,22.971,84.34,121.33
350.39,28.3,84.34,121.33
350.0,28.0,84.0,121.0
353.0,29.0,84.0,121.0
353.0,29.0,84.0,121.0
353.0,29.0,84.0,121.0
353.0,29.0,84.0,121.0
353.0,29.0,84.0,121.0
353.0,29.0,84.0,121.0
355.0,35.0,84.0,117.0
355.0,35.0,84.0,117.0
355.0,35.0,84.0,117.0
355.0,35.0,84.0,117.0
356.0,35.0,84.0,117.0
357.0,35.0,84.0,117.0
357.0,35.0,84.0,117.0
358.0,35.0,84.0,117.0
358.0,35.0,84.0,117.0
358.0,35.0,84.0,117.0
361.0,36.0,84.0,117.0
361.0,36.0,84.0,117.0
363.0,37.0,84.0,117.0
363.0,37.0,84.0,117.0
363.0,38.0,84.0,117.0
363.0,39.0,84.0,117.0
363.0,39.0,84.0,117.0
363.0,40.0,84.0,117.0
363.0,40.0,84.0,117.0
363.0,40.0,84.0,117.0
363.0,40.0,84.0,117.0
365.0,40.0,84.0,117.0
365.0,40.0,84.0,117.0
365.0,40.0,84.0,117.0
364.0,40.0,84.0,117.0
363.0,40.0,84.0,117.0
363.0,40.0,84.0,117.0
362.0,40.0,84.0,117.0
361.0,40.0,84.0,117.0
359.0,40.0,84.0,117.0
357.0,40.0,84.0,117.0
357.0,40.0,84.0,117.0
356.0,40.0,84.0,117.0
352.0,40.0,84.0,117.0
351.0,40.0,84.0,117.0
348.0,41.0,84.0,117.0
348.0,41.0,84.0,117.0
345.0,42.0,84.0,117.0
344.0,43.0,84.0,117.0
343.0,44.0,84.0,117.0
342.0,44.0,84.0,117.0
342.0,44.0,84.0,117.0
341.0,44.0,84.0,117.0
335.0,44.0,84.0,117.0
333.0,43.0,84.0,117.0
332.0,42.0,84.0,117.0
330.0,42.0,84.0,117.0
329.0,41.0,84.0,117.0
329.0,40.0,84.0,117.0
329.0,39.0,84.0,117.0
329.0,39.0,84.0,117.0
329.0,39.0,84.0,117.0
327.0,39.0,84.0,117.0
324.0,39.0,84.0,117.0
321.0,39.0,84.0,117.0
316.0,39.0,84.0,117.0
316.0,39.0,84.0,117.0
314.0,40.0,84.0,117.0
312.0,40.0,84.0,117.0
311.0,41.0,84.0,117.0
310.0,45.0,84.0,117.0
310.0,45.0,84.0,117.0
310.0,46.0,84.0,117.0
310.0,48.0,84.0,117.0
310.0,50.0,84.0,117.0
310.0,51.0,84.0,117.0
306.0,52.0,84.0,117.0
306.0,53.0,84.0,117.0
306.0,54.0,84.0,117.0
306.0,55.0,84.0,117.0
307.0,55.0,84.0,117.0
307.0,55.0,84.0,117.0
nan,nan,nan,nan
nan,nan,nan,nan
nan,nan,nan,nan
nan,nan,nan,nan
nan,nan,nan,nan
nan,nan,nan,nan
nan,nan,nan,nan
nan,nan,nan,nan
nan,nan,nan,nan
nan,nan,nan,nan
nan,nan,nan,nan
nan,nan,nan,nan
nan,nan,nan,nan
nan,nan,nan,nan
nan,nan,nan,nan
nan,nan,nan,nan
nan,nan,nan,nan
nan,nan,nan,nan
nan,nan,nan,nan
nan,nan,nan,nan
nan,nan,nan,nan
nan,nan,nan,nan
nan,nan,nan,nan
nan,nan,nan,nan
nan,nan,nan,nan
nan,nan,nan,nan
nan,nan,nan,nan
nan,nan,nan,nan
nan,nan,nan,nan
nan,nan,nan,nan
nan,nan,nan,nan
nan,nan,nan,nan
nan,nan,nan,nan
nan,nan,nan,nan
nan,nan,nan,nan
nan,nan,nan,nan
nan,nan,nan,nan
nan,nan,nan,nan
nan,nan,nan,nan
nan,nan,nan,nan
nan,nan,nan,nan
nan,nan,nan,nan
nan,nan,nan,nan
nan,nan,nan,nan
nan,nan,nan,nan
nan,nan,nan,nan
nan,nan,nan,nan
nan,nan,nan,nan
nan,nan,nan,nan
nan,nan,nan,nan
nan,nan,nan,nan
nan,nan,nan,nan
nan,nan,nan,nan
nan,nan,nan,nan
nan,nan,nan,nan
nan,nan,nan,nan
nan,nan,nan,nan
nan,nan,nan,nan
nan,nan,nan,nan
nan,nan,nan,nan
nan,nan,nan,nan
nan,nan,nan,nan
nan,nan,nan,nan
nan,nan,nan,nan
nan,nan,nan,nan
nan,nan,nan,nan
nan,nan,nan,nan
nan,nan,nan,nan
nan,nan,nan,nan
nan,nan,nan,nan
nan,nan,nan,nan
nan,nan,nan,nan
nan,nan,nan,nan
nan,nan,nan,nan
nan,nan,nan,nan
nan,nan,nan,nan
nan,nan,nan,nan
nan,nan,nan,nan
nan,nan,nan,nan
nan,nan,nan,nan
nan,nan,nan,nan
nan,nan,nan,nan
nan,nan,nan,nan
nan,nan,nan,nan
nan,nan,nan,nan
nan,nan,nan,nan
nan,nan,nan,nan
nan,nan,nan,nan
nan,nan,nan,nan
nan,nan,nan,nan
nan,nan,nan,nan
nan,nan,nan,nan
nan,nan,nan,nan
nan,nan,nan,nan
nan,nan,nan,nan
nan,nan,nan,nan
nan,nan,nan,nan
nan,nan,nan,nan
nan,nan,nan,nan
nan,nan,nan,nan
nan,nan,nan,nan
nan,nan,nan,nan
nan,nan,nan,nan
nan,nan,nan,nan
nan,nan,nan,nan
nan,nan,nan,nan
nan,nan,nan,nan
nan,nan,nan,nan
nan,nan,nan,nan
nan,nan,nan,nan
nan,nan,nan,nan
nan,nan,nan,nan
nan,nan,nan,nan
nan,nan,nan,nan
nan,nan,nan,nan
nan,nan,nan,nan
nan,nan,nan,nan
nan,nan,nan,nan
nan,nan,nan,nan
nan,nan,nan,nan
nan,nan,nan,nan
nan,nan,nan,nan
nan,nan,nan,nan
nan,nan,nan,nan
nan,nan,nan,nan
nan,nan,nan,nan
nan,nan,nan,nan
nan,nan,nan,nan
nan,nan,nan,nan
nan,nan,nan,nan
nan,nan,nan,nan
nan,nan,nan,nan
nan,nan,nan,nan
nan,nan,nan,nan
nan,nan,nan,nan
nan,nan,nan,nan
nan,nan,nan,nan
nan,nan,nan,nan
nan,nan,nan,nan
nan,nan,nan,nan
nan,nan,nan,nan
nan,nan,nan,nan
nan,nan,nan,nan
nan,nan,nan,nan
nan,nan,nan,nan
nan,nan,nan,nan
nan,nan,nan,nan
nan,nan,nan,nan
nan,nan,nan,nan
nan,nan,nan,nan
nan,nan,nan,nan
nan,nan,nan,nan
nan,nan,nan,nan
nan,nan,nan,nan
nan,nan,nan,nan
nan,nan,nan,nan
nan,nan,nan,nan
nan,nan,nan,nan
nan,nan,nan,nan
nan,nan,nan,nan
nan,nan,nan,nan
nan,nan,nan,nan
nan,nan,nan,nan
nan,nan,nan,nan
nan,nan,nan,nan
nan,nan,nan,nan
nan,nan,nan,nan
nan,nan,nan,nan
nan,nan,nan,nan
nan,nan,nan,nan
nan,nan,nan,nan
357.88,41.28,84.34,121.33
357.88,41.28,84.34,121.33
357.88,41.28,84.34,121.33
357.88,41.28,84.34,121.33
357.88,41.28,84.34,121.33
357.88,41.28,84.34,121.33
357.88,41.28,84.34,121.33
357.88,41.28,84.34,121.33
357.88,41.28,84.34,121.33
353.72,42.112,84.34,121.33
353.72,42.112,84.34,121.33
353.72,42.112,84.34,121.33
353.72,42.112,84.34,121.33
353.72,42.112,84.34,121.33
353.72,42.112,84.34,121.33
353.72,42.112,84.34,121.33
353.72,42.112,84.34,121.33
353.72,42.112,84.34,121.33
353.72,42.112,84.34,121.33
353.72,42.112,84.34,121.33
353.72,42.112,84.34,121.33
353.72,42.112,84.34,121.33
353.72,42.112,84.34,121.33
353.72,42.112,84.34,121.33
353.72,40.448,84.34,121.33
353.72,40.448,84.34,121.33
353.72,40.448,84.34,121.33
353.72,40.448,84.34,121.33
353.72,40.448,84.34,121.33
353.72,40.448,84.34,121.33
353.72,40.448,84.34,121.33
353.72,40.448,84.34,121.33
353.72,40.448,84.34,121.33
353.72,40.448,84.34,121.33
353.72,40.448,84.34,121.33
355.0,41.0,84.0,121.0
356.0,42.0,84.0,121.0
357.0,43.0,84.0,121.0
357.0,43.0,84.0,121.0
357.0,43.0,84.0,121.0
357.0,43.0,84.0,121.0
356.0,42.0,84.0,121.0
355.0,42.0,84.0,121.0
355.0,42.0,84.0,121.0
353.0,42.0,84.0,121.0
350.0,42.0,84.0,121.0
346.0,42.0,84.0,121.0
340.0,42.0,84.0,121.0
340.0,42.0,84.0,121.0
332.91,42.945,84.34,121.34
328.0,43.0,84.0,121.0
324.0,44.0,84.0,121.0
321.0,45.0,84.0,121.0
321.0,45.0,84.0,121.0
319.0,46.0,84.0,121.0
312.0,47.0,84.0,121.0
309.0,48.0,84.0,121.0
306.0,49.0,84.0,121.0
306.0,49.0,84.0,121.0
306.0,49.0,84.0,121.0
306.0,49.0,84.0,121.0
307.0,49.0,84.0,121.0
309.0,49.0,84.0,121.0
309.0,49.0,84.0,121.0
312.0,49.0,84.0,121.0
315.0,48.0,84.0,121.0
319.0,48.0,84.0,121.0
324.0,47.0,84.0,121.0
324.0,47.0,84.0,121.0
329.0,45.0,84.0,121.0
332.0,43.0,84.0,121.0
338.0,43.0,84.0,121.0
344.0,44.0,84.0,121.0
344.0,44.0,84.0,121.0
350.0,43.0,84.0,121.0
393.16,24.635,47.73,78.055
394.0,25.0,48.0,78.0
395.0,25.0,48.0,78.0
395.0,25.0,48.0,78.0
396.0,25.0,48.0,78.0
398.0,26.0,48.0,78.0
400.0,27.0,48.0,78.0
402.0,28.0,48.0,78.0
402.0,28.0,48.0,78.0
405.0,29.0,48.0,78.0
407.0,36.0,48.0,78.0
411.0,38.0,48.0,78.0
414.0,41.0,48.0,78.0
414.0,41.0,48.0,78.0
418.0,46.0,48.0,78.0
422.0,50.0,48.0,78.0
426.0,54.0,48.0,78.0
430.0,59.0,48.0,78.0
430.0,59.0,48.0,78.0
433.0,64.0,48.0,78.0
436.0,69.0,48.0,78.0
438.0,74.0,48.0,78.0
440.0,78.0,48.0,78.0
440.0,78.0,48.0,78.0
443.0,85.0,46.0,74.0
444.0,89.0,46.0,74.0
445.0,93.0,46.0,74.0
444.0,96.0,46.0,74.0
444.0,96.0,46.0,74.0
444.0,99.0,46.0,74.0
444.0,102.0,46.0,74.0
444.0,105.0,46.0,74.0
444.0,107.0,46.0,74.0
444.0,107.0,46.0,74.0
444.0,109.0,46.0,74.0
444.0,111.0,46.0,74.0
442.0,110.0,52.0,78.0
441.0,111.0,52.0,78.0
441.0,111.0,52.0,78.0
440.0,112.0,52.0,78.0
438.0,113.0,52.0,78.0
436.0,113.0,52.0,78.0
434.0,113.0,52.0,78.0
436.0,113.0,52.0,78.0
434.0,113.0,52.0,78.0
432.0,113.0,52.0,78.0
430.0,113.0,52.0,78.0
428.0,112.0,52.0,78.0
428.0,112.0,52.0,78.0
426.0,111.0,52.0,78.0
424.0,110.0,52.0,78.0
422.0,109.0,52.0,78.0
420.0,107.0,52.0,78.0
420.0,107.0,52.0,78.0
416.0,104.0,55.0,82.0
411.0,102.0,55.0,82.0
407.0,101.0,55.0,82.0
406.0,97.0,55.0,82.0
406.0,97.0,55.0,82.0
403.0,95.0,55.0,82.0
400.0,92.0,55.0,82.0
399.0,91.0,55.0,82.0
398.0,90.0,55.0,82.0
398.0,90.0,55.0,82.0
398.0,89.0,55.0,82.0
397.0,88.0,55.0,82.0
396.0,87.0,55.0,82.0
395.0,86.0,55.0,82.0
395.0,86.0,55.0,82.0
395.0,85.0,55.0,82.0
394.5,77.899,57.71,85.541
394.5,77.899,57.71,85.541
394.5,77.899,57.71,85.541
394.5,77.899,57.71,85.541
390.34,71.241,57.71,85.549
390.34,71.241,57.71,85.549
390.34,71.241,57.71,85.549
390.34,71.241,57.71,85.549
390.34,71.241,57.71,85.549
390.34,65.415,57.71,85.545
390.34,65.415,57.71,85.545
390.34,65.415,57.71,85.545
390.34,65.415,57.71,85.545
390.34,65.415,57.71,85.545
387.84,60.422,57.71,85.548
387.84,60.422,57.71,85.548
387.84,60.422,57.71,85.548
387.84,60.422,57.71,85.548
387.84,60.422,57.71,85.548
382.85,50.435,62.7,90.535
382.85,50.435,62.7,90.535
382.85,50.435,62.7,90.535
382.85,50.435,62.7,90.535
382.85,50.435,62.7,90.535
383.68,44.609,62.7,90.541
383.68,44.609,62.7,90.541
383.68,44.609,62.7,90.541
383.68,44.609,62.7,90.541
383.68,44.609,62.7,90.541
383.68,44.609,62.7,90.541
383.68,44.609,62.7,90.541
383.68,44.609,62.7,90.541
388.0,43.0,63.0,91.0
388.0,43.0,63.0,91.0
389.0,43.0,63.0,91.0
390.0,43.0,63.0,91.0
391.0,39.0,67.0,95.0
392.0,39.0,67.0,95.0
392.0,39.0,67.0,95.0
393.0,39.0,67.0,95.0
394.0,39.0,67.0,95.0
395.0,39.0,67.0,95.0
396.0,39.0,67.0,95.0
396.0,39.0,67.0,95.0
397.0,39.0,67.0,95.0
398.0,39.0,67.0,95.0
398.0,39.0,67.0,95.0
398.0,39.0,67.0,95.0
398.0,39.0,67.0,95.0
398.0,39.0,67.0,95.0
398.0,39.0,67.0,95.0
398.0,39.0,67.0,95.0
399.0,37.0,69.0,97.0
397.16,36.287,69.37,98.863
400.33,36.287,69.36,98.863
400.33,36.287,69.36,98.863
400.33,36.287,69.36,98.863
400.33,36.287,69.36,98.863
400.33,36.287,69.36,98.863
400.33,34.622,69.36,98.858
400.33,34.622,69.36,98.858
400.33,34.622,69.36,98.858
400.33,34.622,69.36,98.858
400.33,34.622,69.36,98.858
400.33,34.622,69.36,98.858
400.33,34.622,69.36,98.858
400.33,34.622,69.36,98.858
400.33,34.622,69.36,98.858
400.33,34.622,69.36,98.858
400.33,34.622,69.36,98.858
400.33,34.622,69.36,98.858
400.33,34.622,69.36,98.858
400.33,34.622,69.36,98.858
400.33,34.622,69.36,98.858
400.33,30.461,73.52,103.85
400.33,30.461,73.52,103.85
400.33,30.461,73.52,103.85
400.33,30.461,73.52,103.85
400.33,30.461,73.52,103.85
397.0,30.461,73.52,103.85
397.0,30.461,73.52,103.85
397.0,30.461,73.52,103.85
397.0,30.461,73.52,103.85
397.0,30.461,73.52,103.85
397.0,30.461,73.52,103.85
397.0,30.461,73.52,103.85
397.0,30.461,73.52,103.85
397.0,30.461,73.52,103.85
397.0,30.461,73.52,103.85
390.34,30.461,73.52,103.85
390.34,30.461,73.52,103.85
390.34,30.461,73.52,103.85
390.34,30.461,73.52,103.85
390.34,30.461,73.52,103.85
390.34,30.461,73.52,103.85
390.34,30.461,73.52,103.85
390.34,30.461,73.52,103.85
390.34,30.461,73.52,103.85
390.34,30.461,73.52,103.85
387.84,29.629,75.19,112.17
387.84,29.629,75.19,112.17
387.84,29.629,75.19,112.17
387.84,29.629,75.19,112.17
387.84,29.629,75.19,112.17
387.84,29.629,75.19,112.17
387.84,29.629,75.19,112.17
387.84,29.629,75.19,112.17
387.84,29.629,75.19,112.17
387.84,29.629,75.19,112.17
387.84,29.629,75.19,112.17
387.84,29.629,75.19,112.17
387.84,29.629,75.19,112.17
387.84,29.629,75.19,112.17
387.84,29.629,75.19,112.17
393.67,32.958,75.18,112.17
393.67,32.958,75.18,112.17
393.67,32.958,75.18,112.17
393.67,32.958,75.18,112.17
393.67,32.958,75.18,112.17
390.34,32.958,75.19,112.17
390.34,32.958,75.19,112.17
390.34,32.958,75.19,112.17
390.34,32.958,75.19,112.17
390.34,32.958,75.19,112.17
390.34,32.958,75.19,112.17
390.34,32.958,75.19,112.17
390.34,32.958,75.19,112.17
390.34,32.958,75.19,112.17
390.34,32.958,75.19,112.17
390.34,32.958,75.19,112.17
390.34,32.958,75.19,112.17
390.34,32.958,75.19,112.17
390.34,32.958,75.19,112.17
390.34,32.958,75.19,112.17
390.34,32.958,75.19,112.17
390.34,32.958,75.19,112.17
390.34,32.958,75.19,112.17
390.34,32.958,75.19,112.17
390.34,32.958,75.19,112.17
390.34,32.958,75.19,112.17
390.34,32.958,75.19,112.17
390.34,32.958,75.19,112.17
390.34,32.958,75.19,112.17
390.34,32.958,75.19,112.17
390.34,32.958,75.19,112.17
390.34,32.958,75.19,112.17
390.34,32.958,75.19,112.17
390.34,32.958,75.19,112.17
390.34,32.958,75.19,112.17
390.34,32.958,75.19,112.17
390.34,32.958,75.19,112.17
390.34,32.958,75.19,112.17
390.34,32.958,75.19,112.17
390.34,32.958,75.19,112.17
390.34,32.958,75.19,112.17
390.34,32.958,75.19,112.17
390.34,32.958,75.19,112.17
390.34,32.958,75.19,112.17
390.34,32.958,75.19,112.17
386.18,32.958,75.18,112.17
386.18,32.958,75.18,112.17
386.18,32.958,75.18,112.17
386.18,32.958,75.18,112.17
386.18,32.958,75.18,112.17
386.18,32.958,75.18,112.17
386.18,32.958,75.18,112.17
386.18,32.958,75.18,112.17
386.18,32.958,75.18,112.17
386.18,32.958,75.18,112.17
387.84,35.454,75.19,112.18
387.84,35.454,75.19,112.18
387.84,35.454,75.19,112.18
387.84,35.454,75.19,112.18
387.84,35.454,75.19,112.18
390.34,35.454,75.19,112.18
390.34,35.454,75.19,112.18
390.34,35.454,75.19,112.18
390.34,35.454,75.19,112.18
390.34,35.454,75.19,112.18
394.5,37.119,75.19,112.18
394.5,37.119,75.19,112.18
394.5,37.119,75.19,112.18
394.5,37.119,75.19,112.18
394.5,37.119,75.19,112.18
394.5,37.119,75.19,112.18
394.5,37.119,75.19,112.18
394.5,37.119,75.19,112.18
394.5,37.119,75.19,112.18
394.5,37.119,75.19,112.18
395.0,37.0,75.0,112.0
395.0,37.0,75.0,112.0
395.0,37.0,75.0,112.0
395.0,37.0,75.0,112.0
395.0,40.0,75.0,112.0
395.0,40.0,75.0,112.0
395.0,40.0,75.0,112.0
395.0,40.0,75.0,112.0
395.0,40.0,75.0,112.0
395.0,40.0,75.0,112.0
395.0,40.0,75.0,112.0
395.0,40.0,75.0,112.0
395.0,40.0,75.0,112.0
396.0,40.0,75.0,112.0
396.0,40.0,75.0,112.0
396.0,40.0,75.0,112.0
396.0,40.0,75.0,112.0
396.0,40.0,75.0,112.0
396.0,40.0,75.0,112.0
396.0,40.0,75.0,112.0
395.0,37.0,75.0,112.0
395.0,37.0,75.0,112.0
395.0,37.0,75.0,112.0
395.0,37.0,75.0,112.0
395.0,37.0,75.0,112.0
395.0,37.0,75.0,112.0
395.0,37.0,75.0,112.0
395.0,37.0,75.0,112.0
395.0,37.0,75.0,112.0
395.0,37.0,75.0,112.0
395.0,37.0,75.0,112.0
395.0,35.0,75.0,112.0
395.0,35.0,75.0,112.0
395.0,35.0,75.0,112.0
395.0,35.0,75.0,112.0
395.0,35.0,75.0,112.0
395.0,35.0,75.0,112.0
395.0,35.0,75.0,112.0
395.0,35.0,75.0,112.0
395.0,35.0,75.0,112.0
395.0,35.0,75.0,112.0
395.0,35.0,75.0,112.0
395.0,35.0,75.0,112.0
395.0,35.0,75.0,112.0
395.0,35.0,75.0,112.0
395.0,35.0,75.0,112.0
395.0,35.0,75.0,112.0
398.0,37.0,75.0,112.0
398.0,37.0,75.0,112.0
398.0,37.0,75.0,112.0
398.0,37.0,75.0,112.0
398.0,37.0,75.0,112.0
398.0,37.0,75.0,112.0
398.0,37.0,75.0,112.0
398.0,37.0,75.0,112.0
398.0,37.0,75.0,112.0
398.0,37.0,75.0,112.0
398.0,37.0,75.0,112.0
398.0,37.0,75.0,112.0
398.0,37.0,75.0,112.0
398.0,37.0,75.0,112.0
398.0,37.0,75.0,112.0
398.0,35.0,75.0,112.0
397.0,33.0,75.0,112.0
397.0,33.0,75.0,112.0
397.0,33.0,75.0,112.0
397.0,33.0,75.0,112.0
397.0,32.0,75.0,112.0
397.0,32.0,75.0,112.0
397.0,32.0,75.0,112.0
397.0,32.0,75.0,112.0
397.0,32.0,75.0,112.0
396.0,32.0,75.0,112.0
395.0,32.0,75.0,112.0
395.0,32.0,75.0,112.0
394.0,32.0,75.0,112.0
395.0,32.0,75.0,112.0
396.0,32.0,75.0,112.0
394.0,32.0,75.0,112.0
394.0,32.0,75.0,112.0
392.0,35.0,75.0,112.0
389.0,36.0,75.0,112.0
387.0,39.0,75.0,112.0
385.0,40.0,75.0,112.0
385.0,40.0,75.0,112.0
380.69,41.28,75.18,112.18
380.0,41.0,75.0,112.0
379.0,41.0,75.0,112.0
378.0,40.0,75.0,112.0
378.0,40.0,75.0,112.0
376.0,39.0,75.0,112.0
374.0,39.0,75.0,112.0
372.0,39.0,75.0,112.0
371.0,39.0,75.0,112.0
371.0,39.0,75.0,112.0
365.0,42.0,82.0,111.0
365.0,42.0,82.0,111.0
365.0,42.0,82.0,111.0
365.0,42.0,82.0,111.0
365.0,42.0,82.0,111.0
365.0,42.0,82.0,111.0
366.0,40.0,82.0,111.0
367.0,39.0,82.0,111.0
367.0,39.0,82.0,111.0
367.0,39.0,82.0,111.0
368.0,37.0,82.0,111.0
368.0,37.0,82.0,111.0
368.0,37.0,82.0,111.0
368.0,37.0,82.0,111.0
368.0,37.0,82.0,111.0
368.0,38.0,82.0,111.0
368.0,39.0,82.0,111.0
367.0,40.0,82.0,111.0
366.0,40.0,82.0,111.0
366.0,40.0,82.0,111.0
366.0,40.0,82.0,111.0
366.0,40.0,82.0,111.0
366.0,40.0,82.0,111.0
366.0,40.0,82.0,111.0
366.0,40.0,82.0,111.0
366.0,40.0,82.0,111.0
366.0,40.0,82.0,111.0
366.0,40.0,82.0,111.0
366.0,40.0,82.0,111.0
366.0,40.0,82.0,111.0
366.0,40.0,82.0,111.0
366.0,40.0,82.0,111.0
366.0,40.0,82.0,111.0
366.0,40.0,82.0,111.0
366.0,40.0,82.0,111.0
366.0,40.0,82.0,111.0
366.0,40.0,82.0,111.0
366.0,40.0,82.0,111.0
366.0,40.0,82.0,111.0
366.0,40.0,82.0,111.0
366.0,40.0,82.0,111.0
366.0,40.0,82.0,111.0
368.0,40.0,82.0,111.0
368.0,40.0,82.0,111.0
368.0,40.0,82.0,111.0
368.0,40.0,82.0,111.0
368.0,40.0,82.0,111.0
368.0,40.0,82.0,111.0
368.0,40.0,82.0,111.0
368.0,40.0,82.0,111.0
368.0,40.0,82.0,111.0
368.0,40.0,82.0,111.0
368.0,40.0,82.0,111.0
368.0,40.0,82.0,111.0
368.0,40.0,82.0,111.0
368.0,40.0,82.0,111.0
368.0,40.0,82.0,111.0
368.0,40.0,82.0,111.0
371.0,40.0,82.0,111.0
371.0,40.0,82.0,111.0
372.0,40.0,82.0,111.0
373.0,40.0,82.0,111.0
374.0,40.0,82.0,111.0
374.0,40.0,82.0,111.0
374.0,40.0,82.0,111.0
374.0,40.0,82.0,111.0
374.0,40.0,82.0,111.0
374.0,40.0,82.0,111.0
376.0,41.0,79.0,105.0
376.0,41.0,79.0,105.0
377.0,41.0,79.0,105.0
378.0,41.0,79.0,105.0
379.0,41.0,79.0,105.0
380.0,41.0,79.0,105.0
380.0,41.0,79.0,105.0
380.0,41.0,79.0,105.0
381.0,41.0,79.0,105.0
387.0,43.0,73.0,100.0
391.0,42.0,73.0,100.0
391.0,42.0,73.0,100.0
393.0,42.0,73.0,100.0
394.0,42.0,73.0,100.0
394.0,42.0,73.0,100.0
390.0,42.0,73.0,100.0
390.0,42.0,73.0,100.0
387.0,42.0,73.0,100.0
385.0,42.0,73.0,100.0
385.0,43.0,73.0,100.0
386.0,43.0,73.0,100.0
386.0,43.0,73.0,100.0
387.0,43.0,73.0,100.0
387.0,42.0,73.0,100.0
386.0,40.0,73.0,100.0
385.0,38.0,73.0,100.0
385.0,38.0,73.0,100.0
381.0,38.0,73.0,100.0
380.0,38.0,73.0,100.0
295.0,34.0,100.0,138.0
292.96,31.293,99.33,138.81
292.96,31.293,99.33,138.81
292.96,31.293,99.33,138.81
292.96,31.293,99.33,138.81
292.96,31.293,99.33,138.81
292.96,31.293,99.33,138.81
292.96,31.293,99.33,138.81
292.96,37.119,99.33,138.81
292.96,37.119,99.33,138.81
292.96,37.119,99.33,138.81
292.96,37.119,99.33,138.81
292.96,37.119,99.33,138.81
296.46,35.454,99.32,138.81
297.0,35.0,99.0,139.0
298.0,35.0,99.0,139.0
299.0,35.0,99.0,139.0
299.0,35.0,99.0,139.0
299.0,35.0,99.0,139.0
302.0,35.0,99.0,139.0
302.0,35.0,99.0,139.0
302.0,35.0,99.0,139.0
302.0,35.0,99.0,139.0
302.0,37.0,99.0,139.0
302.0,37.0,99.0,139.0
304.0,38.0,99.0,139.0
304.0,38.0,99.0,139.0
304.0,38.0,99.0,139.0
304.0,38.0,99.0,139.0
304.0,38.0,99.0,139.0
304.0,38.0,99.0,139.0
304.0,38.0,99.0,139.0
304.0,38.0,99.0,139.0
304.0,38.0,99.0,139.0
304.0,38.0,99.0,139.0
304.0,38.0,99.0,139.0
304.0,38.0,99.0,139.0
304.0,38.0,99.0,139.0
304.0,38.0,99.0,139.0
304.0,38.0,99.0,139.0
304.0,38.0,99.0,139.0
304.0,38.0,99.0,139.0
304.0,38.0,99.0,139.0
304.0,38.0,99.0,139.0
304.0,38.0,99.0,139.0
304.0,38.0,99.0,139.0
385.0,36.0,77.0,124.0
385.0,36.0,77.0,124.0
385.0,36.0,77.0,124.0
385.0,36.0,77.0,124.0
385.0,36.0,77.0,124.0
385.0,36.0,77.0,124.0
385.0,36.0,77.0,124.0
385.0,36.0,77.0,124.0
382.0,36.0,81.0,124.0
377.85,37.951,85.18,125.49
377.85,37.951,85.18,125.49
377.85,37.951,85.18,125.49
377.85,37.951,85.18,125.49
378.0,37.0,85.0,125.0
378.0,37.0,85.0,125.0
381.0,37.0,85.0,125.0
381.0,37.0,85.0,125.0
381.0,37.0,85.0,125.0
381.0,37.0,85.0,125.0
383.0,35.0,85.0,125.0
383.0,35.0,85.0,125.0
383.0,35.0,85.0,125.0
383.0,35.0,85.0,125.0
383.0,35.0,85.0,125.0
384.0,33.0,85.0,125.0
384.0,33.0,85.0,125.0
384.0,33.0,85.0,125.0
384.0,33.0,85.0,125.0
384.0,33.0,85.0,125.0
384.0,33.0,85.0,125.0
384.0,33.0,85.0,125.0
384.0,33.0,85.0,125.0
384.0,33.0,85.0,125.0
382.85,32.958,85.17,125.49
382.85,32.958,85.17,125.49
382.85,32.958,85.17,125.49
382.85,32.958,85.17,125.49
382.85,32.958,85.17,125.49
382.85,32.958,85.17,125.49
382.85,32.958,85.17,125.49
382.85,32.958,85.17,125.49
382.85,32.958,85.17,125.49
382.85,32.958,85.17,125.49
382.85,32.958,85.17,125.49
385.85,32.958,85.17,125.49
386.0,33.0,85.0,125.0
386.0,33.0,85.0,125.0
386.0,33.0,85.0,125.0
386.0,33.0,85.0,125.0
386.0,33.0,85.0,125.0
388.0,33.0,85.0,125.0
388.0,33.0,85.0,125.0
388.0,33.0,85.0,125.0
388.0,33.0,85.0,125.0
388.0,33.0,85.0,125.0
388.0,33.0,85.0,125.0
388.0,33.0,85.0,125.0
388.0,33.0,85.0,125.0
388.0,33.0,85.0,125.0
388.0,33.0,85.0,125.0
388.0,33.0,85.0,125.0
388.0,33.0,85.0,125.0
388.0,33.0,85.0,125.0
388.0,33.0,85.0,125.0
388.0,33.0,85.0,125.0
388.0,33.0,85.0,125.0
388.0,33.0,85.0,125.0
390.0,33.0,85.0,125.0
390.0,33.0,85.0,125.0
390.0,33.0,85.0,125.0
390.0,33.0,85.0,125.0
390.0,33.0,85.0,125.0
390.0,33.0,85.0,125.0
390.0,33.0,85.0,125.0
390.0,33.0,85.0,125.0
390.0,33.0,85.0,125.0
390.0,33.0,85.0,125.0
390.0,33.0,85.0,125.0
390.0,33.0,85.0,125.0
390.0,33.0,85.0,125.0
390.0,33.0,85.0,125.0
390.0,33.0,85.0,125.0
390.0,33.0,85.0,125.0
390.0,33.0,85.0,125.0
393.0,33.0,85.0,125.0
393.0,33.0,85.0,125.0
393.0,33.0,85.0,125.0
394.0,33.0,85.0,125.0
394.0,33.0,85.0,125.0
394.0,33.0,85.0,125.0
394.0,33.0,85.0,125.0
397.0,33.0,85.0,125.0
397.0,33.0,85.0,125.0
396.0,35.0,88.0,128.0
396.0,35.0,88.0,128.0
396.0,35.0,88.0,128.0
396.0,35.0,88.0,128.0
396.0,35.0,88.0,128.0
396.0,35.0,88.0,128.0
396.0,35.0,88.0,128.0
396.0,35.0,88.0,128.0
396.0,35.0,88.0,128.0
396.0,35.0,88.0,128.0
396.0,35.0,88.0,128.0
396.0,35.0,88.0,128.0
396.0,35.0,88.0,128.0
396.0,35.0,88.0,128.0
396.0,35.0,88.0,128.0
396.0,35.0,88.0,128.0
398.0,36.0,86.0,126.0
398.0,36.0,86.0,126.0
398.0,36.0,86.0,126.0
398.0,36.0,86.0,126.0
398.0,36.0,86.0,126.0
398.0,36.0,86.0,126.0
398.0,36.0,86.0,126.0
398.0,36.0,86.0,126.0
398.0,36.0,86.0,126.0
398.0,36.0,86.0,126.0
398.0,36.0,86.0,126.0
398.0,36.0,86.0,126.0
398.0,36.0,86.0,126.0
398.0,36.0,86.0,126.0
398.0,36.0,86.0,126.0
398.0,36.0,86.0,126.0
398.0,36.0,86.0,126.0
398.0,36.0,86.0,126.0
398.0,36.0,86.0,126.0
398.0,36.0,86.0,126.0
398.0,36.0,86.0,126.0
398.0,36.0,86.0,126.0
398.0,36.0,86.0,126.0
398.0,36.0,86.0,126.0
398.0,36.0,86.0,126.0
398.0,36.0,86.0,126.0
398.0,36.0,86.0,126.0
398.0,36.0,86.0,126.0
398.0,36.0,86.0,126.0
398.0,36.0,86.0,126.0
398.0,36.0,86.0,126.0
398.0,36.0,86.0,126.0
398.0,36.0,86.0,126.0
398.0,36.0,86.0,126.0
398.0,36.0,86.0,126.0
397.0,38.0,86.0,126.0
397.0,39.0,86.0,126.0
397.0,39.0,86.0,126.0
397.0,39.0,86.0,126.0
397.0,39.0,86.0,126.0
397.0,39.0,86.0,126.0
397.0,39.0,86.0,126.0
397.0,39.0,86.0,126.0
397.0,39.0,86.0,126.0
397.0,39.0,86.0,126.0
397.0,39.0,86.0,126.0
397.0,39.0,86.0,126.0
397.0,39.0,86.0,126.0
397.0,39.0,86.0,126.0
397.0,39.0,86.0,126.0
397.0,39.0,86.0,126.0
397.0,39.0,86.0,126.0
397.0,39.0,86.0,126.0
397.0,39.0,86.0,126.0
397.0,39.0,86.0,126.0
397.0,39.0,86.0,126.0
397.0,39.0,86.0,126.0
397.0,39.0,86.0,126.0
397.0,39.0,86.0,126.0
397.0,39.0,86.0,126.0
397.0,39.0,86.0,126.0
397.0,39.0,86.0,126.0
397.0,39.0,86.0,126.0
397.0,39.0,86.0,126.0
397.0,39.0,86.0,126.0
397.0,39.0,86.0,126.0
397.0,39.0,86.0,126.0
397.0,39.0,86.0,126.0
400.0,39.0,86.0,126.0
400.0,39.0,86.0,126.0
400.0,39.0,86.0,126.0
400.0,39.0,86.0,126.0
400.0,39.0,86.0,126.0
400.0,39.0,86.0,126.0
400.0,39.0,86.0,126.0
400.0,39.0,86.0,126.0
400.0,39.0,86.0,126.0
400.0,39.0,86.0,126.0
400.0,39.0,86.0,126.0
400.0,39.0,86.0,126.0
400.0,39.0,86.0,126.0
400.0,39.0,86.0,126.0
400.0,39.0,86.0,126.0
400.0,39.0,86.0,126.0
400.0,39.0,86.0,126.0
400.0,39.0,86.0,126.0
400.0,39.0,86.0,126.0
400.0,39.0,86.0,126.0
400.0,39.0,86.0,126.0
400.0,39.0,86.0,126.0
400.0,39.0,86.0,126.0
400.0,39.0,86.0,126.0
400.0,39.0,86.0,126.0
400.0,39.0,86.0,126.0
400.0,39.0,86.0,126.0
400.0,39.0,86.0,126.0
400.0,39.0,86.0,126.0
400.0,39.0,86.0,126.0
400.0,39.0,86.0,126.0
400.0,39.0,86.0,126.0
400.0,39.0,86.0,126.0
400.0,39.0,86.0,126.0
400.0,39.0,86.0,126.0
400.0,39.0,86.0,126.0
400.0,39.0,86.0,126.0
400.0,39.0,86.0,126.0
400.0,39.0,86.0,126.0
400.0,39.0,86.0,126.0
307.0,47.0,98.0,134.0
307.0,47.0,98.0,134.0
307.0,47.0,98.0,134.0
307.0,47.0,98.0,134.0
307.0,47.0,98.0,134.0
307.0,47.0,98.0,134.0
307.0,47.0,98.0,134.0
307.0,47.0,98.0,134.0
307.0,47.0,98.0,134.0
307.0,47.0,98.0,134.0
307.0,47.0,98.0,134.0
307.0,47.0,98.0,134.0
307.0,47.0,98.0,134.0
307.0,47.0,98.0,134.0
307.0,47.0,98.0,134.0
307.0,47.0,98.0,134.0
307.0,47.0,98.0,134.0
307.0,47.0,98.0,134.0
307.0,47.0,98.0,134.0
307.0,47.0,98.0,134.0
307.0,47.0,98.0,134.0
307.0,47.0,98.0,134.0
307.0,47.0,98.0,134.0
307.0,47.0,98.0,134.0
307.0,47.0,98.0,134.0
413.0,39.0,82.0,104.0
413.0,39.0,82.0,104.0
413.0,39.0,82.0,104.0
413.0,39.0,82.0,104.0
413.0,39.0,82.0,104.0
413.0,39.0,82.0,104.0
413.0,39.0,82.0,104.0
413.0,39.0,82.0,104.0
413.0,39.0,82.0,104.0
413.0,39.0,82.0,104.0
413.0,39.0,82.0,104.0
413.0,39.0,82.0,104.0
413.0,39.0,82.0,104.0
413.0,41.0,82.0,104.0
413.0,41.0,82.0,104.0
413.0,41.0,82.0,104.0
413.0,41.0,82.0,104.0
413.0,41.0,82.0,104.0
413.0,41.0,82.0,104.0
413.0,41.0,82.0,104.0
413.0,41.0,82.0,104.0
413.0,41.0,82.0,104.0
413.0,41.0,82.0,104.0
413.0,41.0,82.0,104.0
413.0,41.0,82.0,104.0
413.0,41.0,82.0,104.0
413.0,41.0,82.0,104.0
413.0,41.0,82.0,104.0
413.0,41.0,82.0,104.0
413.0,41.0,82.0,104.0
413.0,41.0,82.0,104.0
413.0,41.0,82.0,104.0
413.0,41.0,82.0,104.0
413.0,41.0,82.0,104.0
413.0,41.0,82.0,104.0
413.0,41.0,82.0,104.0
413.0,41.0,82.0,104.0
413.0,41.0,82.0,104.0
413.0,41.0,82.0,104.0
413.0,41.0,82.0,104.0
414.0,41.0,82.0,104.0
416.0,41.0,82.0,104.0
417.0,41.0,82.0,104.0
417.0,41.0,82.0,104.0
417.0,41.0,82.0,104.0
416.0,41.0,82.0,104.0
415.0,41.0,82.0,104.0
414.0,41.0,82.0,104.0
414.0,41.0,82.0,104.0
413.0,41.0,82.0,104.0
412.0,41.0,82.0,104.0
412.0,41.0,82.0,104.0
412.0,41.0,82.0,104.0
412.0,41.0,82.0,104.0
413.0,42.0,82.0,104.0
413.0,42.0,82.0,104.0
414.0,42.0,82.0,104.0
416.0,42.0,82.0,104.0
416.0,42.0,82.0,104.0
418.0,42.0,82.0,104.0
419.0,42.0,82.0,104.0
419.0,42.0,82.0,104.0
418.0,42.0,82.0,104.0
418.0,42.0,82.0,104.0
417.0,42.0,82.0,104.0
417.0,42.0,82.0,104.0
416.0,42.0,82.0,104.0
415.0,42.0,82.0,104.0
415.0,42.0,82.0,104.0
415.0,42.0,82.0,104.0
417.0,42.0,82.0,104.0
417.0,42.0,82.0,104.0
418.0,42.0,82.0,104.0
418.0,42.0,82.0,104.0
420.0,42.0,82.0,104.0
424.0,42.0,82.0,104.0
429.0,42.0,82.0,104.0
429.0,40.0,78.0,107.0
429.0,40.0,78.0,107.0
431.0,40.0,78.0,107.0
432.0,39.0,78.0,107.0
433.0,39.0,78.0,107.0
434.0,39.0,78.0,107.0
434.0,39.0,78.0,107.0
434.0,39.0,78.0,107.0
434.0,39.0,78.0,107.0
434.0,39.0,78.0,107.0
434.0,39.0,78.0,107.0
434.0,39.0,78.0,107.0
434.0,39.0,78.0,107.0
434.0,39.0,78.0,107.0
434.0,39.0,78.0,107.0
434.0,39.0,78.0,107.0
434.0,39.0,78.0,107.0
434.0,39.0,78.0,107.0
434.0,39.0,78.0,107.0
434.0,39.0,78.0,107.0
434.0,39.0,78.0,107.0
434.0,39.0,78.0,107.0
434.0,39.0,78.0,107.0
434.0,39.0,78.0,107.0
434.0,39.0,78.0,107.0
434.0,39.0,78.0,107.0
434.0,39.0,78.0,107.0
433.0,38.0,78.0,107.0
433.0,38.0,78.0,107.0
433.0,38.0,78.0,107.0
431.0,37.0,78.0,107.0
431.0,37.0,78.0,107.0
431.0,37.0,78.0,107.0
431.0,37.0,78.0,107.0
431.0,37.0,78.0,107.0
431.0,37.0,78.0,107.0
431.0,37.0,78.0,107.0
431.0,37.0,78.0,107.0
431.0,37.0,78.0,107.0
427.0,37.0,78.0,107.0
427.0,37.0,78.0,107.0
427.0,38.0,78.0,107.0
427.0,38.0,78.0,107.0
427.0,38.0,78.0,107.0
427.0,38.0,78.0,107.0
427.0,38.0,78.0,107.0
427.0,38.0,78.0,107.0
427.0,38.0,78.0,107.0
427.0,38.0,78.0,107.0
427.0,38.0,78.0,107.0
427.0,38.0,78.0,107.0
427.0,38.0,78.0,107.0
427.0,38.0,78.0,107.0
427.0,38.0,78.0,107.0
427.0,38.0,78.0,107.0
427.0,38.0,78.0,107.0
427.0,38.0,78.0,107.0
427.0,38.0,78.0,107.0
427.0,38.0,78.0,107.0
427.0,38.0,78.0,107.0
425.0,38.0,78.0,107.0
425.0,38.0,78.0,107.0
425.0,38.0,78.0,107.0
425.0,38.0,78.0,107.0
425.0,38.0,78.0,107.0
425.0,38.0,78.0,107.0
425.0,38.0,78.0,107.0
425.0,38.0,78.0,107.0
425.0,38.0,78.0,107.0
425.0,38.0,78.0,107.0
425.0,38.0,78.0,107.0
425.0,38.0,78.0,107.0
425.0,38.0,78.0,107.0
425.0,38.0,78.0,107.0
422.0,38.0,78.0,107.0
421.0,38.0,78.0,107.0
421.0,38.0,78.0,107.0
420.0,38.0,78.0,107.0
420.0,38.0,78.0,107.0
420.0,38.0,78.0,107.0
419.0,38.0,78.0,107.0
419.0,38.0,78.0,107.0
417.0,38.0,78.0,107.0
415.0,38.0,78.0,107.0
414.0,38.0,78.0,107.0
413.0,38.0,78.0,107.0
414.0,38.0,78.0,107.0
413.0,38.0,78.0,107.0
412.0,38.0,78.0,107.0
411.0,38.0,78.0,107.0
410.0,38.0,78.0,107.0
410.0,38.0,78.0,107.0
409.0,38.0,78.0,107.0
408.0,38.0,78.0,107.0
407.0,38.0,78.0,107.0
406.0,38.0,78.0,107.0
406.0,38.0,78.0,107.0
406.0,38.0,78.0,107.0
406.0,38.0,78.0,107.0
406.0,38.0,78.0,107.0
406.0,38.0,78.0,107.0
406.0,38.0,78.0,107.0
406.0,38.0,78.0,107.0
405.0,38.0,78.0,107.0
404.0,38.0,78.0,107.0
403.0,38.0,78.0,107.0
403.0,38.0,78.0,107.0
403.0,38.0,78.0,107.0
403.0,38.0,78.0,107.0
403.0,38.0,78.0,107.0
403.0,38.0,78.0,107.0
400.0,38.0,84.0,107.0
400.0,38.0,84.0,107.0
400.0,38.0,84.0,107.0
400.0,38.0,84.0,107.0
400.0,38.0,84.0,107.0
400.0,38.0,84.0,107.0
400.0,38.0,84.0,107.0
400.0,38.0,84.0,107.0
400.0,38.0,84.0,107.0
400.0,38.0,84.0,107.0
400.0,38.0,84.0,107.0
400.0,38.0,84.0,107.0
400.0,38.0,84.0,107.0
400.0,38.0,84.0,107.0
400.0,38.0,84.0,107.0
400.0,38.0,84.0,107.0
400.0,38.0,84.0,107.0
400.0,38.0,84.0,107.0
400.0,38.0,84.0,107.0
400.0,38.0,84.0,107.0
400.0,38.0,84.0,107.0
400.0,38.0,84.0,107.0
400.0,38.0,84.0,107.0
400.0,38.0,84.0,107.0
400.0,38.0,84.0,107.0
400.0,38.0,84.0,107.0
401.0,38.0,84.0,107.0
401.0,38.0,84.0,107.0
401.0,38.0,84.0,107.0
401.0,38.0,84.0,107.0
401.0,38.0,84.0,107.0
401.0,38.0,84.0,107.0
401.0,39.0,86.0,109.0
401.0,39.0,86.0,109.0
401.0,39.0,86.0,109.0
401.0,39.0,86.0,109.0
401.0,39.0,86.0,109.0
401.0,39.0,86.0,109.0
401.0,39.0,86.0,109.0
401.0,39.0,86.0,109.0
401.0,39.0,86.0,109.0
402.0,39.0,86.0,109.0
402.0,39.0,86.0,109.0
402.0,39.0,86.0,109.0
402.0,39.0,86.0,109.0
402.0,39.0,86.0,109.0
404.0,39.0,86.0,109.0
404.0,39.0,86.0,109.0
407.0,39.0,86.0,109.0
407.0,39.0,86.0,109.0
407.0,39.0,86.0,109.0
407.0,39.0,86.0,109.0
408.0,39.0,86.0,109.0
408.0,39.0,86.0,109.0
410.0,39.0,86.0,109.0
410.0,39.0,86.0,109.0
410.0,39.0,86.0,109.0
410.0,39.0,86.0,109.0
410.0,39.0,86.0,109.0
410.0,39.0,86.0,109.0
410.0,39.0,86.0,109.0
410.0,39.0,86.0,109.0
410.0,39.0,86.0,109.0
410.0,39.0,86.0,109.0
410.0,39.0,86.0,109.0
410.0,39.0,86.0,109.0
410.0,39.0,86.0,109.0
410.0,39.0,86.0,109.0
410.0,39.0,86.0,109.0
412.0,40.0,86.0,109.0
412.0,40.0,86.0,109.0
412.0,40.0,86.0,109.0
412.0,40.0,86.0,109.0
412.0,40.0,86.0,109.0
412.0,40.0,86.0,109.0
412.0,40.0,86.0,109.0
413.0,40.0,86.0,109.0
413.0,40.0,86.0,109.0
413.0,40.0,86.0,109.0
413.0,40.0,86.0,109.0
413.0,40.0,86.0,109.0
413.0,40.0,86.0,109.0
413.0,40.0,86.0,109.0
413.0,40.0,86.0,109.0
413.0,40.0,86.0,109.0
413.0,40.0,86.0,109.0
413.0,40.0,86.0,109.0
413.0,40.0,86.0,109.0
413.0,40.0,86.0,109.0
413.0,40.0,86.0,109.0
413.0,40.0,86.0,109.0
413.0,40.0,86.0,109.0
413.0,40.0,86.0,109.0
413.0,40.0,86.0,109.0
413.0,40.0,86.0,109.0
413.0,40.0,86.0,109.0
413.0,40.0,86.0,109.0
413.0,40.0,86.0,109.0
413.0,40.0,86.0,109.0
413.0,40.0,86.0,109.0
413.0,40.0,86.0,109.0
413.0,40.0,86.0,109.0
413.0,40.0,86.0,109.0
413.0,40.0,86.0,109.0
413.0,40.0,86.0,109.0
413.0,43.0,86.0,109.0
413.0,44.0,86.0,109.0
413.0,44.0,86.0,109.0
413.0,44.0,86.0,109.0
413.0,44.0,86.0,109.0
413.0,44.0,86.0,109.0
413.0,44.0,86.0,109.0
413.0,46.0,86.0,109.0
413.0,46.0,86.0,109.0
413.0,46.0,86.0,109.0
413.0,46.0,86.0,109.0
413.0,51.0,86.0,109.0
413.0,51.0,86.0,109.0
413.0,51.0,86.0,109.0
413.0,53.0,86.0,109.0
413.0,53.0,86.0,109.0
413.0,53.0,86.0,109.0
413.0,53.0,86.0,109.0
414.0,53.0,86.0,109.0
413.0,54.0,86.0,109.0
413.0,54.0,86.0,109.0
413.0,54.0,86.0,109.0
413.0,54.0,86.0,109.0
413.0,54.0,86.0,109.0
413.0,56.0,86.0,109.0
413.0,56.0,86.0,109.0
413.0,56.0,86.0,109.0
413.0,56.0,86.0,109.0
413.0,56.0,86.0,109.0
413.0,56.0,86.0,109.0
413.0,56.0,86.0,109.0
413.0,56.0,86.0,109.0
413.0,56.0,86.0,109.0
413.0,56.0,86.0,109.0
413.0,61.0,86.0,109.0
413.0,61.0,86.0,109.0
413.0,61.0,86.0,109.0
413.0,61.0,86.0,109.0
413.0,61.0,86.0,109.0
413.0,61.0,86.0,109.0
413.0,61.0,86.0,109.0
413.0,61.0,86.0,109.0
413.0,61.0,86.0,109.0
413.0,61.0,86.0,109.0
413.0,61.0,86.0,109.0
413.0,61.0,86.0,109.0
413.0,61.0,86.0,109.0
413.0,61.0,86.0,109.0
413.0,61.0,86.0,109.0
413.0,61.0,86.0,109.0
413.0,61.0,86.0,109.0
413.0,61.0,86.0,109.0
413.0,61.0,86.0,109.0
413.0,61.0,86.0,109.0
413.0,61.0,86.0,109.0
413.0,61.0,86.0,109.0
413.0,61.0,86.0,109.0
413.0,61.0,86.0,109.0
413.0,61.0,86.0,109.0
413.0,61.0,86.0,109.0
413.0,61.0,86.0,109.0
413.0,61.0,86.0,109.0
413.0,61.0,86.0,109.0
415.0,62.0,86.0,109.0
415.0,62.0,86.0,109.0
415.0,62.0,86.0,109.0
315.0,68.0,103.0,142.0
315.0,68.0,103.0,142.0
315.0,68.0,103.0,142.0
315.0,68.0,103.0,142.0
315.0,68.0,103.0,142.0
315.0,68.0,103.0,142.0
315.0,68.0,103.0,142.0
315.0,68.0,103.0,142.0
315.0,68.0,103.0,142.0
315.0,68.0,103.0,142.0
315.0,68.0,103.0,142.0
315.0,68.0,103.0,142.0
315.0,68.0,103.0,142.0
315.0,68.0,103.0,142.0
315.0,68.0,103.0,142.0
315.0,68.0,103.0,142.0
315.0,68.0,103.0,142.0
315.0,68.0,103.0,142.0
314.0,67.0,103.0,142.0
314.0,67.0,103.0,142.0
314.0,67.0,103.0,142.0
314.0,67.0,103.0,142.0
314.0,67.0,103.0,142.0
314.0,67.0,103.0,142.0
314.0,67.0,103.0,142.0
314.0,67.0,103.0,142.0
314.0,67.0,103.0,142.0
314.0,67.0,103.0,142.0
314.0,67.0,103.0,142.0
314.0,67.0,103.0,142.0
314.0,67.0,103.0,142.0
314.0,67.0,103.0,142.0
314.0,67.0,103.0,142.0
314.0,67.0,103.0,142.0
314.0,67.0,103.0,142.0
314.0,67.0,103.0,142.0
314.0,67.0,103.0,142.0
314.0,67.0,103.0,142.0
314.0,67.0,103.0,142.0
314.0,67.0,103.0,142.0
314.0,67.0,103.0,142.0
315.0,67.0,103.0,142.0
315.0,67.0,103.0,142.0
315.0,67.0,103.0,142.0
315.0,67.0,103.0,142.0
315.0,67.0,103.0,142.0
315.0,67.0,103.0,142.0
nan,nan,nan,nan
nan,nan,nan,nan
nan,nan,nan,nan
nan,nan,nan,nan
nan,nan,nan,nan
nan,nan,nan,nan
nan,nan,nan,nan
nan,nan,nan,nan
nan,nan,nan,nan
nan,nan,nan,nan
nan,nan,nan,nan
nan,nan,nan,nan
nan,nan,nan,nan
nan,nan,nan,nan
nan,nan,nan,nan
nan,nan,nan,nan
nan,nan,nan,nan
nan,nan,nan,nan
nan,nan,nan,nan
nan,nan,nan,nan
nan,nan,nan,nan
nan,nan,nan,nan
nan,nan,nan,nan
nan,nan,nan,nan
nan,nan,nan,nan
nan,nan,nan,nan
nan,nan,nan,nan
nan,nan,nan,nan
nan,nan,nan,nan
nan,nan,nan,nan
nan,nan,nan,nan
nan,nan,nan,nan
nan,nan,nan,nan
nan,nan,nan,nan
nan,nan,nan,nan
nan,nan,nan,nan
nan,nan,nan,nan
nan,nan,nan,nan
nan,nan,nan,nan
nan,nan,nan,nan
nan,nan,nan,nan
nan,nan,nan,nan
nan,nan,nan,nan
nan,nan,nan,nan
nan,nan,nan,nan
nan,nan,nan,nan
nan,nan,nan,nan
nan,nan,nan,nan
nan,nan,nan,nan
nan,nan,nan,nan
nan,nan,nan,nan
nan,nan,nan,nan
nan,nan,nan,nan
nan,nan,nan,nan
nan,nan,nan,nan
nan,nan,nan,nan
nan,nan,nan,nan
nan,nan,nan,nan
nan,nan,nan,nan
nan,nan,nan,nan
nan,nan,nan,nan
nan,nan,nan,nan
nan,nan,nan,nan
nan,nan,nan,nan
nan,nan,nan,nan
nan,nan,nan,nan
nan,nan,nan,nan
nan,nan,nan,nan
nan,nan,nan,nan
nan,nan,nan,nan
nan,nan,nan,nan
nan,nan,nan,nan
nan,nan,nan,nan
nan,nan,nan,nan
nan,nan,nan,nan
nan,nan,nan,nan
nan,nan,nan,nan
nan,nan,nan,nan
314.6,53.764,100.16,136.32
314.6,53.764,100.16,136.32
314.6,53.764,100.16,136.32
314.6,53.764,100.16,136.32
314.6,53.764,100.16,136.32
314.6,53.764,100.16,136.32
314.6,53.764,100.16,136.32
314.6,53.764,100.16,136.32
314.6,53.764,100.16,136.32
314.6,53.764,100.16,136.32
314.6,53.764,100.16,136.32
314.6,53.764,100.16,136.32
314.6,53.764,100.16,136.32
314.6,53.764,100.16,136.32
314.6,53.764,100.16,136.32
314.6,53.764,100.16,136.32
314.6,53.764,100.16,136.32
314.6,53.764,100.16,136.32
314.6,53.764,100.16,136.32
314.6,53.764,100.16,136.32
314.6,53.764,100.16,136.32
308.78,51.267,100.15,136.31
308.78,51.267,100.15,136.31
308.78,51.267,100.15,136.31
308.78,51.267,100.15,136.31
308.78,51.267,100.15,136.31
308.78,51.267,100.15,136.31
308.78,51.267,100.15,136.31
311.78,51.267,100.15,136.31
312.0,51.0,100.0,136.0
316.0,51.0,100.0,136.0
321.0,50.0,100.0,136.0
325.0,49.0,100.0,136.0
329.0,49.0,100.0,136.0
327.0,49.0,100.0,136.0
327.0,47.0,100.0,136.0
330.0,47.0,100.0,136.0
329.0,47.0,100.0,136.0
329.0,47.0,100.0,136.0
328.0,47.0,100.0,136.0
329.0,47.0,100.0,136.0
329.0,47.0,100.0,136.0
329.0,47.0,100.0,136.0
330.0,47.0,100.0,136.0
330.0,47.0,100.0,136.0
330.0,52.0,96.0,132.0
332.0,52.0,96.0,132.0
333.0,52.0,96.0,132.0
334.0,52.0,96.0,132.0
334.0,52.0,96.0,132.0
335.0,52.0,96.0,132.0
336.0,52.0,96.0,132.0
336.0,52.0,96.0,132.0
336.0,52.0,96.0,132.0
336.0,52.0,96.0,132.0
336.0,52.0,96.0,132.0
336.0,52.0,96.0,132.0
335.0,52.0,96.0,132.0
334.0,52.0,96.0,132.0
334.0,52.0,96.0,132.0
332.0,52.0,96.0,132.0
330.0,52.0,96.0,132.0
329.0,52.0,96.0,132.0
328.0,52.0,96.0,132.0
328.0,52.0,96.0,132.0
327.0,52.0,96.0,132.0
326.0,52.0,96.0,132.0
325.0,52.0,96.0,132.0
325.0,52.0,96.0,132.0
325.0,52.0,96.0,132.0
325.0,52.0,96.0,132.0
325.0,52.0,96.0,132.0
407.0,50.0,76.0,106.0
407.0,50.0,76.0,106.0
407.0,50.0,76.0,106.0
407.0,50.0,76.0,106.0
407.0,50.0,76.0,106.0
407.0,50.0,76.0,106.0
407.0,50.0,76.0,106.0
407.0,50.0,76.0,106.0
404.0,49.0,76.0,106.0
404.0,49.0,76.0,106.0
403.0,49.0,76.0,106.0
403.0,49.0,76.0,106.0
403.0,49.0,76.0,106.0
403.0,49.0,76.0,106.0
403.0,49.0,76.0,106.0
403.0,49.0,76.0,106.0
403.0,49.0,76.0,106.0
403.0,49.0,76.0,106.0
403.0,49.0,76.0,106.0
403.0,49.0,76.0,106.0
403.0,49.0,76.0,106.0
403.0,49.0,76.0,106.0
403.0,49.0,76.0,106.0
403.0,49.0,76.0,106.0
403.0,49.0,76.0,106.0
403.0,49.0,76.0,106.0
403.0,49.0,76.0,106.0
401.0,49.0,76.0,106.0
401.0,49.0,76.0,106.0
401.0,49.0,76.0,106.0
401.0,49.0,76.0,106.0
401.0,49.0,76.0,106.0
401.0,49.0,76.0,106.0
401.0,49.0,76.0,106.0
401.0,49.0,76.0,106.0
401.0,49.0,76.0,106.0
401.0,49.0,76.0,106.0
401.0,49.0,76.0,106.0
399.0,49.0,76.0,106.0
399.0,49.0,76.0,106.0
399.0,49.0,76.0,106.0
399.0,49.0,76.0,106.0
399.0,49.0,76.0,106.0
399.0,49.0,76.0,106.0
399.0,49.0,76.0,106.0
399.0,49.0,76.0,106.0
399.0,49.0,76.0,106.0
399.0,49.0,76.0,106.0
399.0,49.0,76.0,106.0
399.0,49.0,76.0,106.0
399.0,47.0,76.0,106.0
398.0,47.0,76.0,106.0
398.0,47.0,76.0,106.0
398.0,47.0,76.0,106.0
395.0,47.0,76.0,106.0
395.0,47.0,76.0,106.0
395.0,47.0,76.0,106.0
393.0,47.0,76.0,106.0
393.0,47.0,76.0,106.0
393.0,47.0,76.0,106.0
393.0,47.0,76.0,106.0
393.0,47.0,76.0,106.0
393.0,47.0,76.0,106.0
393.0,47.0,76.0,106.0
393.0,47.0,76.0,106.0
393.0,47.0,76.0,106.0
393.0,47.0,76.0,106.0
393.0,47.0,76.0,106.0
393.0,47.0,76.0,106.0
393.0,47.0,76.0,106.0
393.0,47.0,76.0,106.0
393.0,47.0,76.0,106.0
393.0,47.0,76.0,106.0
393.0,47.0,76.0,106.0
393.0,47.0,76.0,106.0
393.0,47.0,76.0,106.0
393.0,47.0,76.0,106.0
393.0,47.0,76.0,106.0
393.0,47.0,76.0,106.0
393.0,47.0,76.0,106.0
393.0,47.0,76.0,106.0
393.0,47.0,76.0,106.0
393.0,47.0,76.0,106.0
393.0,47.0,76.0,106.0
393.0,47.0,76.0,106.0
393.0,47.0,76.0,106.0
393.0,47.0,76.0,106.0
393.0,47.0,76.0,106.0
393.0,47.0,76.0,106.0
393.0,47.0,76.0,106.0
393.0,47.0,76.0,106.0
393.0,47.0,76.0,106.0
393.0,47.0,76.0,106.0
393.0,47.0,76.0,106.0
393.0,47.0,76.0,106.0
393.0,47.0,76.0,106.0
393.0,47.0,76.0,106.0
393.0,47.0,76.0,106.0
393.0,47.0,76.0,106.0
393.0,47.0,76.0,106.0
393.0,47.0,76.0,106.0
393.0,47.0,76.0,106.0
393.0,47.0,76.0,106.0
393.0,47.0,76.0,106.0
393.0,47.0,76.0,106.0
393.0,47.0,76.0,106.0
393.0,47.0,76.0,106.0
393.0,47.0,76.0,106.0
393.0,47.0,76.0,106.0
393.0,47.0,76.0,106.0
393.0,47.0,76.0,106.0
390.0,47.0,76.0,106.0
390.0,47.0,76.0,106.0
390.0,47.0,76.0,106.0
390.0,47.0,76.0,106.0
390.0,47.0,76.0,106.0
390.0,47.0,76.0,106.0
390.0,47.0,76.0,106.0
390.0,47.0,76.0,106.0
390.0,47.0,76.0,106.0
390.0,47.0,76.0,106.0
390.0,47.0,76.0,106.0
390.0,47.0,76.0,106.0
390.0,47.0,76.0,106.0
390.0,47.0,76.0,106.0
390.0,47.0,76.0,106.0
390.0,47.0,76.0,106.0
390.0,47.0,76.0,106.0
390.0,47.0,76.0,106.0
390.0,47.0,76.0,106.0
390.0,49.0,76.0,106.0
390.0,49.0,76.0,106.0
390.0,49.0,76.0,106.0
390.0,49.0,76.0,106.0
390.0,49.0,76.0,106.0
390.0,49.0,76.0,106.0
390.0,49.0,76.0,106.0
390.0,49.0,76.0,106.0
390.0,49.0,76.0,106.0
390.0,49.0,76.0,106.0
390.0,49.0,76.0,106.0
390.0,49.0,76.0,106.0
390.0,49.0,76.0,106.0
390.0,49.0,76.0,106.0
390.0,49.0,76.0,106.0
390.0,49.0,76.0,106.0
390.0,49.0,76.0,106.0
390.0,49.0,76.0,106.0
390.0,49.0,76.0,106.0
390.0,49.0,76.0,106.0
390.0,49.0,76.0,106.0
390.0,50.0,76.0,106.0
387.01,48.77,81.84,106.35
387.01,48.77,81.84,106.35
387.01,48.77,81.84,106.35
387.01,48.77,81.84,106.35
387.01,48.77,81.84,106.35
387.01,48.77,81.84,106.35
387.0,49.0,82.0,106.0
387.0,49.0,82.0,106.0
387.0,49.0,82.0,106.0
385.0,49.0,84.0,111.0
385.0,49.0,84.0,111.0
385.0,49.0,84.0,111.0
385.0,49.0,84.0,111.0
385.0,49.0,84.0,111.0
385.0,49.0,84.0,111.0
385.0,49.0,84.0,111.0
385.0,49.0,84.0,111.0
385.0,49.0,84.0,111.0
385.0,49.0,84.0,111.0
385.0,49.0,84.0,111.0
385.0,49.0,84.0,111.0
385.0,49.0,84.0,111.0
385.0,49.0,84.0,111.0
385.0,49.0,84.0,111.0
387.0,49.0,80.0,107.0
387.0,49.0,80.0,107.0
387.0,49.0,80.0,107.0
387.0,49.0,80.0,107.0
387.0,49.0,80.0,107.0
387.0,49.0,80.0,107.0
387.0,49.0,80.0,107.0
387.0,49.0,80.0,107.0
387.0,49.0,80.0,107.0
387.0,49.0,80.0,107.0
387.0,49.0,80.0,107.0
387.0,49.0,80.0,107.0
387.0,49.0,80.0,107.0
387.0,49.0,80.0,107.0
387.0,49.0,80.0,107.0
387.0,49.0,80.0,107.0
387.0,49.0,80.0,107.0
387.0,49.0,80.0,107.0
387.0,49.0,80.0,107.0
387.0,49.0,80.0,107.0
387.0,49.0,80.0,107.0
387.0,49.0,80.0,107.0
387.0,49.0,80.0,107.0
386.0,49.0,80.0,107.0
385.0,49.0,80.0,107.0
384.0,49.0,80.0,107.0
384.0,49.0,80.0,107.0
384.0,49.0,80.0,107.0
383.0,49.0,80.0,107.0
383.0,49.0,80.0,107.0
380.0,49.0,80.0,107.0
380.0,49.0,80.0,107.0
380.0,49.0,80.0,107.0
380.0,49.0,80.0,107.0
380.0,49.0,80.0,107.0
380.0,49.0,80.0,107.0
380.0,49.0,80.0,107.0
380.0,49.0,80.0,107.0
380.0,49.0,80.0,107.0
380.0,49.0,80.0,107.0
380.0,49.0,80.0,107.0
380.0,49.0,80.0,107.0
380.0,49.0,80.0,107.0
380.0,49.0,80.0,107.0
380.0,49.0,80.0,107.0
380.0,49.0,80.0,107.0
380.0,49.0,80.0,107.0
380.0,49.0,80.0,107.0
380.0,49.0,80.0,107.0
380.0,49.0,80.0,107.0
379.0,49.0,80.0,107.0
379.0,49.0,80.0,107.0
379.0,49.0,80.0,107.0
379.0,49.0,80.0,107.0
379.0,49.0,80.0,107.0
379.0,49.0,80.0,107.0
379.0,49.0,80.0,107.0
379.0,49.0,80.0,107.0
379.0,49.0,80.0,107.0
379.0,49.0,80.0,107.0
379.0,49.0,80.0,107.0
379.0,49.0,80.0,107.0
379.0,49.0,80.0,107.0
379.0,49.0,80.0,107.0
379.0,49.0,80.0,107.0
379.0,49.0,80.0,107.0
379.0,49.0,80.0,107.0
379.0,47.0,80.0,107.0
379.0,47.0,80.0,107.0
379.0,47.0,80.0,107.0
379.0,47.0,80.0,107.0
379.0,47.0,80.0,107.0
379.0,47.0,80.0,107.0
379.0,47.0,80.0,107.0
379.0,47.0,80.0,107.0
379.0,47.0,80.0,107.0
379.0,47.0,80.0,107.0
379.0,47.0,80.0,107.0
379.0,47.0,80.0,107.0
379.0,47.0,80.0,107.0
379.0,47.0,80.0,107.0
379.0,47.0,80.0,107.0
379.0,47.0,80.0,107.0
379.0,47.0,80.0,107.0
376.0,47.0,80.0,107.0
376.0,47.0,80.0,107.0
376.0,47.0,80.0,107.0
376.0,47.0,80.0,107.0
376.0,47.0,80.0,107.0
376.0,47.0,80.0,107.0
376.0,47.0,80.0,107.0
373.0,47.0,80.0,107.0
373.0,47.0,80.0,107.0
373.0,47.0,80.0,107.0
373.0,46.0,80.0,107.0
372.0,46.0,80.0,107.0
372.86,45.441,81.85,109.68
372.86,45.441,81.85,109.68
372.0,45.0,82.0,110.0
369.0,45.0,84.0,110.0
369.0,45.0,84.0,110.0
368.0,45.0,84.0,110.0
367.0,45.0,84.0,110.0
367.0,45.0,84.0,110.0
367.0,45.0,84.0,110.0
367.0,45.0,84.0,110.0
365.0,45.0,84.0,110.0
365.0,45.0,84.0,110.0
365.0,45.0,84.0,110.0
365.0,45.0,84.0,110.0
365.0,45.0,84.0,110.0
364.0,46.0,84.0,108.0
364.0,46.0,84.0,108.0
364.0,46.0,84.0,108.0
364.0,46.0,84.0,108.0
364.0,46.0,84.0,108.0
364.0,46.0,84.0,108.0
364.0,46.0,84.0,108.0
364.0,46.0,84.0,108.0
364.0,46.0,84.0,108.0
364.0,46.0,84.0,108.0
364.0,46.0,84.0,108.0
364.0,46.0,84.0,108.0
364.0,46.0,84.0,108.0
364.0,46.0,84.0,108.0
364.0,43.0,84.0,108.0
364.0,43.0,84.0,108.0
364.0,42.0,84.0,108.0
364.0,42.0,84.0,108.0
363.0,42.0,84.0,108.0
363.0,42.0,84.0,108.0
362.0,42.0,84.0,108.0
362.0,42.0,84.0,108.0
362.0,42.0,84.0,108.0
362.0,42.0,84.0,108.0
362.0,42.0,84.0,108.0
362.0,42.0,84.0,108.0
362.0,42.0,84.0,108.0
362.0,42.0,84.0,108.0
362.0,42.0,84.0,108.0
362.0,42.0,84.0,108.0
362.0,42.0,84.0,108.0
362.0,42.0,84.0,108.0
359.0,42.0,84.0,108.0
359.0,42.0,84.0,108.0
359.0,42.0,84.0,108.0
359.0,42.0,84.0,108.0
359.0,42.0,84.0,108.0
359.0,42.0,84.0,108.0
359.0,42.0,84.0,108.0
359.0,42.0,84.0,108.0
359.0,42.0,84.0,108.0
359.0,42.0,84.0,108.0
358.0,42.0,84.0,108.0
358.0,42.0,84.0,108.0
358.0,42.0,84.0,108.0
358.0,49.0,84.0,102.0
356.0,49.0,84.0,102.0
356.0,49.0,84.0,102.0
353.0,50.0,84.0,102.0
353.0,50.0,84.0,102.0
352.0,50.0,84.0,102.0
351.0,50.0,84.0,102.0
351.0,50.0,84.0,102.0
351.0,50.0,84.0,102.0
351.0,50.0,84.0,102.0
350.0,50.0,84.0,102.0
350.0,49.0,84.0,102.0
350.0,48.0,84.0,102.0
349.0,47.0,84.0,102.0
349.0,47.0,84.0,102.0
348.0,46.0,84.0,102.0
347.0,45.0,84.0,102.0
346.0,45.0,84.0,102.0
345.0,45.0,84.0,102.0
345.0,45.0,84.0,102.0
344.0,45.0,84.0,102.0
343.0,45.0,84.0,102.0
342.0,46.0,84.0,102.0
341.0,46.0,84.0,102.0
338.0,46.0,84.0,102.0
337.0,46.0,84.0,102.0
336.0,46.0,84.0,102.0
335.0,46.0,84.0,102.0
335.0,46.0,84.0,102.0
335.0,46.0,84.0,102.0
335.0,46.0,84.0,102.0
335.0,46.0,84.0,102.0
335.0,46.0,84.0,102.0
335.0,46.0,84.0,102.0
335.0,46.0,84.0,102.0
335.0,48.0,84.0,102.0
335.0,48.0,84.0,102.0
335.0,48.0,84.0,102.0
335.0,47.0,84.0,102.0
335.0,47.0,84.0,102.0
335.0,46.0,84.0,102.0
335.0,45.0,84.0,102.0
335.0,44.0,84.0,102.0
335.0,43.0,84.0,102.0
337.0,43.0,84.0,102.0
337.0,42.0,84.0,102.0
337.0,41.0,84.0,102.0
337.0,40.0,84.0,102.0
337.0,39.0,84.0,102.0
337.0,39.0,84.0,102.0
337.0,38.0,84.0,102.0
337.0,37.0,84.0,102.0
337.0,36.0,84.0,102.0
337.0,35.0,84.0,102.0
337.0,35.0,84.0,102.0
337.0,35.0,84.0,102.0
337.0,35.0,84.0,102.0
337.0,35.0,84.0,102.0
337.0,35.0,84.0,102.0
337.0,35.0,84.0,102.0
337.0,36.0,84.0,102.0
337.0,37.0,84.0,102.0
337.0,38.0,84.0,102.0
337.0,39.0,84.0,102.0
337.0,39.0,84.0,102.0
337.0,40.0,84.0,102.0
337.0,41.0,84.0,102.0
337.0,42.0,84.0,102.0
337.0,43.0,84.0,102.0
337.0,43.0,84.0,102.0
337.0,43.0,84.0,102.0
337.0,44.0,84.0,102.0
337.0,45.0,84.0,102.0
337.0,46.0,84.0,102.0
337.0,46.0,84.0,102.0
337.0,47.0,84.0,102.0
337.0,48.0,84.0,102.0
337.0,48.0,84.0,102.0
337.0,48.0,84.0,102.0
337.0,48.0,84.0,102.0
337.0,48.0,84.0,102.0
337.0,49.0,84.0,102.0
337.0,49.0,84.0,102.0
337.0,49.0,84.0,102.0
337.0,49.0,84.0,102.0
337.0,49.0,84.0,102.0
337.0,49.0,84.0,102.0
337.0,49.0,84.0,102.0
337.0,52.0,84.0,102.0
337.0,52.0,84.0,102.0
337.0,52.0,84.0,102.0
337.0,52.0,84.0,102.0
335.0,54.0,84.0,102.0
335.0,54.0,84.0,102.0
335.0,54.0,84.0,102.0
335.0,54.0,84.0,102.0
335.0,54.0,84.0,102.0
335.0,54.0,84.0,102.0
335.0,54.0,84.0,102.0
335.0,54.0,84.0,102.0
335.0,54.0,84.0,102.0
335.0,54.0,84.0,102.0
335.0,54.0,84.0,102.0
335.0,54.0,84.0,102.0
335.0,54.0,84.0,102.0
335.0,54.0,84.0,102.0
335.0,54.0,84.0,102.0
335.0,54.0,84.0,102.0
338.0,54.0,84.0,102.0
338.0,54.0,84.0,102.0
339.0,54.0,84.0,102.0
340.0,54.0,84.0,102.0
341.0,54.0,84.0,102.0
342.0,54.0,84.0,102.0
342.0,54.0,84.0,102.0
343.0,54.0,84.0,102.0
344.0,54.0,84.0,102.0
345.0,54.0,84.0,102.0
346.0,54.0,84.0,102.0
346.0,54.0,84.0,102.0
347.0,54.0,84.0,102.0
348.0,54.0,84.0,102.0
349.0,54.0,84.0,102.0
350.0,54.0,84.0,102.0
350.0,54.0,84.0,102.0
351.0,54.0,84.0,102.0
352.0,54.0,84.0,102.0
353.0,54.0,84.0,102.0
354.0,54.0,84.0,102.0
354.0,54.0,84.0,102.0
355.0,54.0,84.0,102.0
356.0,54.0,84.0,102.0
357.0,54.0,84.0,102.0
358.0,54.0,84.0,102.0
358.0,54.0,84.0,102.0
359.0,54.0,84.0,102.0
360.0,54.0,84.0,102.0
361.0,54.0,84.0,102.0
362.0,54.0,84.0,102.0
362.0,54.0,84.0,102.0
363.0,54.0,84.0,102.0
363.0,54.0,84.0,102.0
364.0,54.0,84.0,102.0
364.0,54.0,84.0,102.0
364.0,54.0,84.0,102.0
364.0,54.0,84.0,102.0
278.0,62.0,104.0,132.0
279.0,62.0,104.0,132.0
280.0,62.0,104.0,132.0
280.0,62.0,104.0,132.0
281.0,61.0,104.0,132.0
282.0,60.0,104.0,132.0
283.0,59.0,104.0,132.0
284.0,58.0,104.0,132.0
284.0,58.0,104.0,132.0
284.0,57.0,104.0,132.0
284.0,56.0,104.0,132.0
284.0,55.0,104.0,132.0
285.0,54.0,104.0,132.0
285.0,54.0,104.0,132.0
285.0,53.0,104.0,132.0
285.0,53.0,104.0,132.0
286.0,53.0,104.0,132.0
288.0,53.0,104.0,132.0
288.0,53.0,104.0,132.0
290.0,53.0,104.0,132.0
286.0,53.0,99.0,129.0
289.0,53.0,99.0,129.0
289.0,53.0,99.0,129.0
289.0,53.0,99.0,129.0
290.0,53.0,99.0,129.0
291.0,53.0,99.0,129.0
288.0,51.0,99.0,129.0
287.0,51.0,99.0,129.0
287.0,51.0,99.0,129.0
288.0,51.0,99.0,129.0
289.0,51.0,99.0,129.0
288.0,51.0,99.0,129.0
288.0,51.0,99.0,129.0
286.0,51.0,99.0,129.0
286.0,51.0,99.0,129.0
287.0,51.0,99.0,129.0
