1
344.7069091796875,105.97740173339844,115.2123031616211,86.4625015258789
366.010986328125,78.92250061035156,107.95890045166016,69.2020034790039
384.20880126953125,55.3650016784668,102.010498046875,65.61620330810547
400.589111328125,38.01449966430664,96.93319702148438,63.934600830078125
426.96240234375,12.290300369262695,89.22810363769531,60.78499984741211
428.6138000488281,14.531800270080566,87.28929901123047,57.95719909667969
439.67718505859375,7.323299884796143,83.6593017578125,55.53689956665039
448.7019958496094,4.2555999755859375,79.4719009399414,52.9984016418457
457.8140869140625,2.928299903869629,77.01730346679688,50.40169906616211
464.47589111328125,4.269599914550781,75.78710174560547,48.82929992675781
476.5201110839844,10.677000045776367,71.39140319824219,47.094600677490234
476.4660949707031,10.828399658203125,71.66649627685547,46.65119934082031
483.0122985839844,17.55419921875,68.09590148925781,45.581199645996094
488.3490905761719,27.185100555419922,65.7562026977539,43.056400299072266
493.2244873046875,35.53689956665039,63.522098541259766,42.06019973754883
501.3511962890625,56.42789840698242,60.22249984741211,39.54460144042969
501.4755859375,56.784000396728516,59.982398986816406,39.45240020751953
505.4560852050781,68.28199768066406,58.388099670410156,38.70880126953125
508.6913146972656,82.15019989013672,56.96799850463867,37.217498779296875
511.3893127441406,95.39820098876953,56.44459915161133,36.42580032348633
513.8018188476562,109.30829620361328,55.54679870605469,34.501800537109375
515.1788940429688,124.7157974243164,55.399898529052734,35.10639953613281
516.2830200195312,141.327392578125,56.485198974609375,32.77439880371094
517.4885864257812,157.2165069580078,54.069698333740234,29.962099075317383
521.7285766601562,173.6020050048828,50.441200256347656,28.80620002746582
525.2747192382812,208.6748046875,44.647499084472656,22.530099868774414
525.1627197265625,208.96029663085938,45.157501220703125,24.385499954223633
525.2399291992188,226.31370544433594,44.93709945678711,25.573999404907227
524.6055297851562,244.80679321289062,47.30509948730469,27.931699752807617
524.9976806640625,263.7131042480469,46.3218994140625,29.284299850463867
525.9644165039062,282.1325988769531,46.08549880981445,27.55500030517578
526.2974853515625,301.7184143066406,44.60599899291992,23.900800704956055
528.4935302734375,321.2640075683594,37.554901123046875,17.640600204467773
514.7786254882812,302.7012939453125,30.91900062561035,36.78730010986328
522.7932739257812,360.8785095214844,44.02560043334961,24.850799560546875
524.8248291015625,380.90301513671875,47.642799377441406,28.488500595092773
523.1320190429688,401.3534851074219,39.306800842285156,29.207599639892578
523.1279907226562,401.4533996582031,38.96969985961914,27.480199813842773
517.3114013671875,389.98870849609375,33.49140167236328,30.92060089111328
510.3414001464844,356.3815002441406,42.62229919433594,22.128700256347656
510.6559143066406,342.2001953125,36.503501892089844,21.659299850463867
510.5513000488281,333.0994873046875,35.562198638916016,19.263200759887695
503.8212890625,314.6217956542969,39.19649887084961,19.186899185180664
500.9584045410156,302.2546081542969,37.1952018737793,19.824499130249023
496.3222961425781,291.089111328125,39.891700744628906,23.34280014038086
493.8705139160156,280.7406921386719,39.42490005493164,24.8262996673584
490.65728759765625,271.1210021972656,39.45940017700195,24.18910026550293
486.99810791015625,263.4314880371094,40.421600341796875,24.72960090637207
483.2987976074219,255.78199768066406,41.45830154418945,26.062599182128906
479.0509033203125,250.1707000732422,42.72309875488281,25.07710075378418
476.3761901855469,245.0102996826172,43.88159942626953,26.130599975585938
473.28509521484375,241.4113006591797,43.19269943237305,24.660600662231445
471.8656005859375,239.25149536132812,42.867000579833984,25.26460075378418
468.60150146484375,239.05020141601562,43.85929870605469,25.152799606323242
466.42620849609375,238.2136993408203,44.351898193359375,25.013399124145508
464.9872131347656,238.81739807128906,43.525901794433594,25.922199249267578
464.03570556640625,241.59750366210938,43.12310028076172,25.55500030517578
462.8078918457031,245.19039916992188,43.64469909667969,26.62179946899414
462.3075866699219,249.01849365234375,41.4390983581543,25.917499542236328
460.1518859863281,255.68699645996094,43.49810028076172,25.668399810791016
459.5447998046875,262.1346130371094,43.047000885009766,26.03070068359375
459.17718505859375,271.5393981933594,42.80139923095703,25.255399703979492
458.50628662109375,280.1647033691406,42.02349853515625,24.93549919128418
458.4447021484375,291.08758544921875,41.04059982299805,21.70490074157715
459.21661376953125,303.169189453125,39.952701568603516,18.059499740600586
458.1712951660156,318.7720947265625,45.1422004699707,21.562999725341797
457.3013000488281,329.669189453125,42.52090072631836,24.325000762939453
457.82269287109375,346.35540771484375,42.28450012207031,25.451799392700195
458.3857116699219,362.0545959472656,42.7140998840332,23.688400268554688
458.3406982421875,370.61370849609375,39.86309814453125,21.550500869750977
455.3609924316406,367.89959716796875,42.14789962768555,21.7052001953125
450.39801025390625,353.25079345703125,41.860198974609375,25.968000411987305
444.0237121582031,333.33599853515625,40.16709899902344,29.428600311279297
436.2598876953125,322.01239013671875,40.41669845581055,17.36199951171875
431.0869140625,297.194091796875,43.42169952392578,18.53059959411621
423.2536926269531,277.4599914550781,44.18149948120117,24.264799118041992
416.13751220703125,260.2215881347656,43.96689987182617,25.827999114990234
408.52630615234375,244.8437957763672,46.43840026855469,26.264799118041992
402.6549987792969,231.3148956298828,45.112300872802734,26.260799407958984
396.7279052734375,218.3988037109375,45.63859939575195,26.492700576782227
391.8049011230469,206.96800231933594,45.303199768066406,26.397199630737305
385.2731018066406,196.2480010986328,46.035499572753906,26.65410041809082
374.9721984863281,179.1049041748047,46.13779830932617,27.725799560546875
374.53399658203125,179.41439819335938,45.83940124511719,27.534099578857422
369.27490234375,172.35780334472656,47.069400787353516,28.38719940185547
362.7684020996094,167.48849487304688,47.480499267578125,28.02669906616211
357.0426940917969,163.56069946289062,48.411598205566406,27.31760025024414
352.2152099609375,160.81039428710938,48.14780044555664,27.781600952148438
347.15631103515625,158.9387969970703,47.035400390625,27.99209976196289
341.7047119140625,159.50779724121094,47.48830032348633,28.111499786376953
336.0423889160156,159.5605010986328,48.61869812011719,28.204700469970703
330.126708984375,162.3852996826172,48.570899963378906,27.988000869750977
326.0838928222656,165.84500122070312,47.26089859008789,27.56999969482422
321.1708068847656,171.01600646972656,47.87689971923828,27.702899932861328
316.1744079589844,176.47000122070312,48.509300231933594,28.078699111938477
305.9547119140625,192.04159545898438,47.914798736572266,27.657800674438477
305.8370056152344,192.2864990234375,47.7869987487793,27.41069984436035
301.793701171875,202.3946075439453,47.64179992675781,27.457500457763672
296.5531005859375,212.33090209960938,46.64649963378906,27.64539909362793
290.8240966796875,225.0749053955078,47.19770050048828,27.18910026550293
286.5159912109375,238.4355926513672,48.129398345947266,26.292200088500977
281.9450988769531,253.08290100097656,47.644901275634766,26.41320037841797
280.76580810546875,265.031494140625,47.4473991394043,27.97610092163086
310.2658996582031,266.42291259765625,51.68600082397461,27.81570053100586
382.61370849609375,271.1348876953125,47.8125,30.686500549316406
382.9932861328125,271.2738037109375,47.17570114135742,29.973400115966797
418.9798889160156,276.18218994140625,49.53450012207031,30.97599983215332
459.2633972167969,283.08050537109375,51.42919921875,32.19110107421875
498.8739929199219,290.55010986328125,54.255699157714844,33.6697998046875
542.6082153320312,301.910888671875,54.62839889526367,33.397701263427734
588.2454223632812,315.45489501953125,53.72650146484375,35.88600158691406
638.68798828125,330.0127868652344,49.47570037841797,33.824100494384766
685.7371826171875,348.8550109863281,57.085601806640625,36.754798889160156
736.8582763671875,369.1405029296875,59.699501037597656,37.30730056762695
788.090576171875,392.5812072753906,63.92649841308594,41.16659927368164
841.6193237304688,416.073486328125,30.66790008544922,42.20790100097656
911.2974853515625,448.11309814453125,58.73500061035156,35.60649871826172
972.1278076171875,480.4330139160156,61.56460189819336,36.93980026245117
1033.648681640625,514.6732788085938,58.38140106201172,32.98429870605469
1023.8234252929688,483.0367126464844,67.05159759521484,39.88639831542969
1013.4547119140625,452.7782897949219,68.52030181884766,41.569400787353516
1007.646484375,425.80389404296875,62.538700103759766,39.06570053100586
1004.5850830078125,400.26141357421875,59.45560073852539,36.62120056152344
985.0725708007812,376.4932861328125,69.14910125732422,34.57279968261719
974.8510131835938,355.85919189453125,68.03589630126953,35.63059997558594
963.4948120117188,331.5036926269531,69.0593032836914,39.20899963378906
954.4127807617188,313.79339599609375,71.7073974609375,40.53340148925781
946.4713745117188,297.99249267578125,69.61419677734375,39.59510040283203
936.101318359375,284.1897888183594,69.2428970336914,46.26089859008789
929.5059814453125,272.3905944824219,69.71240234375,41.26839828491211
917.226318359375,261.0054931640625,68.59709930419922,39.33660125732422
910.0103149414062,253.0778045654297,65.5094985961914,38.71120071411133
899.2335815429688,246.49090576171875,65.6082992553711,38.75809860229492
888.818115234375,242.4208984375,67.88359832763672,39.37030029296875
877.9149169921875,238.26210021972656,68.26080322265625,40.41669845581055
867.477783203125,238.66929626464844,68.8551025390625,38.077701568603516
856.4948120117188,239.4770050048828,68.26959991455078,39.88290023803711
845.0889892578125,241.80430603027344,68.55220031738281,37.4473991394043
833.9635009765625,244.36819458007812,67.0374984741211,43.902099609375
824.51123046875,250.81590270996094,65.39949798583984,39.00680160522461
814.4063110351562,259.0091857910156,64.96610260009766,37.73509979248047
802.7659301757812,267.1160888671875,65.25579833984375,39.584800720214844
791.8275756835938,279.5506896972656,61.4031982421875,42.452301025390625
778.7484130859375,291.4814147949219,64.28690338134766,37.50740051269531
768.31201171875,305.54888916015625,65.4738998413086,34.676998138427734
757.1259155273438,319.9350891113281,60.72880172729492,33.2239990234375
735.4598999023438,355.75048828125,76.3427963256836,31.55299949645996
735.4545288085938,355.45111083984375,76.1416015625,34.19850158691406
723.2697143554688,373.877685546875,60.64590072631836,35.65919876098633
711.2150268554688,395.21710205078125,60.57569885253906,38.461700439453125
699.700927734375,417.35589599609375,59.60260009765625,43.867801666259766
709.6923828125,406.8056945800781,62.35919952392578,38.97999954223633
757.7777099609375,350.22698974609375,60.69879913330078,37.90589904785156
759.4603881835938,351.5419006347656,59.19309997558594,36.63819885253906
779.7214965820312,323.1300964355469,64.08509826660156,37.32609939575195
803.8104248046875,297.86480712890625,63.561100006103516,37.666900634765625
827.7581176757812,272.29400634765625,64.64579772949219,36.914100646972656
852.5020141601562,251.36990356445312,63.48379898071289,37.06399917602539
878.588623046875,231.04310607910156,60.55419921875,38.0088005065918
904.4539794921875,210.89529418945312,64.9469985961914,39.160400390625
930.0108032226562,193.51280212402344,68.71269989013672,39.13819885253906
984.8986206054688,162.95269775390625,70.07129669189453,43.38130187988281
984.9069213867188,162.0124053955078,69.86609649658203,44.321998596191406
1011.5640258789062,152.16720581054688,72.77220153808594,41.62839889526367
1040.302490234375,141.27220153808594,64.67530059814453,42.55690002441406
1064.844482421875,131.9875030517578,68.50740051269531,43.91910171508789
1092.42333984375,125.88469696044922,66.9031982421875,42.950801849365234
1119.609130859375,120.10449981689453,67.00199890136719,44.78390121459961
1145.9583740234375,118.23200225830078,68.5739974975586,42.94490051269531
1173.8831787109375,115.94830322265625,67.556396484375,42.74399948120117
1228.5460205078125,120.9208984375,50.755401611328125,42.712100982666016
1252.0853271484375,129.50230407714844,40.73270034790039,41.37419891357422
1254.5882568359375,131.1177978515625,24.911100387573242,40.3572998046875
1254.276123046875,129.82330322265625,32.76570129394531,39.07749938964844
1243.193359375,164.09730529785156,36.80670166015625,43.48550033569336
1244.7515869140625,171.68710327148438,35.2484016418457,83.17890167236328
1251.30908203125,199.26699829101562,28.690900802612305,99.83779907226562
1256.2835693359375,333.93341064453125,23.716400146484375,35.655601501464844
1247.3306884765625,335.5708923339844,32.6693000793457,39.746498107910156
1189.284423828125,333.3763122558594,90.66609954833984,60.316200256347656
1205.3211669921875,332.58551025390625,74.67880249023438,76.05799865722656
1212.5076904296875,333.8291931152344,67.49230194091797,154.2825927734375
1094.7266845703125,384.44488525390625,185.27340698242188,179.71090698242188
853.71337890625,332.98529052734375,426.2865905761719,234.731201171875
589.3198852539062,379.7701110839844,201.6658935546875,93.99320220947266
1224.5252685546875,180.22540283203125,30.28860092163086,30.6643009185791
1159.23486328125,169.17469787597656,53.02199935913086,35.5713996887207
1097.794189453125,157.9210968017578,63.27259826660156,39.17580032348633
1056.921630859375,149.91209411621094,54.383201599121094,42.346900939941406
1004.9677124023438,147.17750549316406,56.779598236083984,33.5880012512207
959.7119140625,142.5688934326172,58.60810089111328,34.96179962158203
921.48681640625,142.80360412597656,51.48860168457031,32.85419845581055
885.4417724609375,142.5167999267578,45.92580032348633,32.14390182495117
848.5457153320312,144.04910278320312,46.845699310302734,32.10049819946289
816.9160766601562,147.6685028076172,46.332298278808594,30.619199752807617
812.5792236328125,152.6114959716797,28.956899642944336,19.104299545288086
797.5631103515625,159.9503936767578,21.38050079345703,15.77750015258789
789.7833862304688,159.9053955078125,21.67060089111328,10.517499923706055
709.5670776367188,170.71609497070312,45.37730026245117,26.77899932861328
688.6892700195312,178.3332977294922,41.772098541259766,27.492300033569336
668.1195068359375,187.8636016845703,42.98569869995117,25.84749984741211
649.6547241210938,199.0200958251953,40.949798583984375,26.20170021057129
633.1976928710938,209.84039306640625,38.697601318359375,28.222400665283203
620.1640014648438,222.04080200195312,36.91830062866211,21.688100814819336
603.2119750976562,233.12120056152344,39.949798583984375,24.505800247192383
586.7238159179688,245.31979370117188,40.03609848022461,22.11359977722168
579.1185302734375,258.6883850097656,34.2422981262207,21.86359977722168
565.1607055664062,272.28948974609375,34.34429931640625,20.686800003051758
552.7437744140625,287.4486083984375,35.10110092163086,19.426000595092773
531.4783935546875,315.98089599609375,35.79970169067383,22.05150032043457
521.05126953125,330.4751892089844,34.97890090942383,25.493900299072266
522.9935302734375,331.5871887207031,34.42190170288086,25.54170036315918
522.9935302734375,331.5871887207031,34.42190170288086,25.54170036315918
522.9935302734375,331.5871887207031,34.42190170288086,25.54170036315918
501.3182067871094,364.5592041015625,43.66170120239258,19.396099090576172
516.2647705078125,342.6348876953125,36.126800537109375,26.773700714111328
529.9970092773438,307.8203125,33.99129867553711,22.07830047607422
529.0084838867188,307.9657897949219,34.937198638916016,21.394500732421875
536.89111328125,291.831298828125,34.54869842529297,26.11400032043457
545.7288208007812,277.0315856933594,34.00120162963867,25.87179946899414
548.4160766601562,263.5273132324219,39.50299835205078,19.06439971923828
559.2855224609375,250.04420471191406,34.527000427246094,22.01259994506836
566.4235229492188,237.46290588378906,34.609901428222656,22.503700256347656
574.8524780273438,226.51429748535156,33.517601013183594,19.200000762939453
580.3399047851562,216.02810668945312,34.691898345947266,18.946199417114258
586.4641723632812,205.86349487304688,36.159000396728516,20.677200317382812
592.7520751953125,196.39700317382812,35.852901458740234,20.614299774169922
605.8184814453125,181.75379943847656,35.0797004699707,20.784500122070312
612.49462890625,176.30990600585938,34.66709899902344,21.405899047851562
612.6821899414062,175.7801055908203,34.023799896240234,21.07029914855957
614.5889892578125,170.38259887695312,38.80630111694336,24.022899627685547
622.8447875976562,167.39889526367188,33.70069885253906,18.609699249267578
628.7791748046875,164.33059692382812,34.952701568603516,19.532699584960938
634.010009765625,162.35589599609375,36.60960006713867,19.740999221801758
639.3226928710938,159.62550354003906,36.72100067138672,21.350299835205078
649.205078125,159.37820434570312,36.86470031738281,20.5575008392334
653.8734741210938,161.33749389648438,36.5609016418457,21.50349998474121
653.056884765625,160.57949829101562,36.81529998779297,21.72920036315918
657.9362182617188,164.4954071044922,37.3489990234375,20.650299072265625
661.427978515625,167.48399353027344,37.161399841308594,20.864999771118164
661.7131958007812,167.58580017089844,37.20940017700195,20.731300354003906
668.647216796875,171.4362030029297,35.96950149536133,22.45199966430664
676.7943115234375,183.17349243164062,39.05110168457031,24.963899612426758
681.2360229492188,192.24070739746094,39.70429992675781,24.047300338745117
684.9962158203125,200.4853057861328,40.27410125732422,23.329999923706055
692.669677734375,210.4062042236328,36.90409851074219,24.387100219726562
696.6339111328125,220.8300018310547,36.795501708984375,24.985700607299805
646.142822265625,182.8050994873047,16.869600296020508,10.455499649047852
702.2764892578125,245.3520050048828,39.23590087890625,23.603599548339844
706.1807861328125,260.1116027832031,36.961700439453125,23.023000717163086
709.6890258789062,274.0863037109375,37.0531005859375,22.96339988708496
713.2260131835938,288.7416076660156,38.911598205566406,28.635099411010742
717.271728515625,306.3128967285156,36.46630096435547,30.191600799560547
645.0977783203125,178.90829467773438,16.33769989013672,11.230500221252441
644.3005981445312,177.83189392089844,17.12339973449707,11.302900314331055
647.1185913085938,178.65069580078125,17.762500762939453,11.001399993896484
643.7617797851562,176.84719848632812,18.643400192260742,10.8725004196167
646.8447875976562,177.91250610351562,20.470600128173828,11.643899917602539
639.9359741210938,175.36630249023438,19.64900016784668,11.319899559020996
642.6826171875,174.7545928955078,20.202299118041992,12.059800148010254
646.8618774414062,175.34629821777344,21.62190055847168,11.750900268554688
729.6453247070312,257.1343078613281,38.41550064086914,25.41160011291504
731.6256713867188,238.95159912109375,38.979400634765625,25.348600387573242
733.1954956054688,220.92930603027344,40.471099853515625,25.032499313354492
736.4954223632812,204.95509338378906,39.14540100097656,23.845500946044922
737.230712890625,188.131103515625,40.73419952392578,25.70870018005371
740.9581298828125,173.72669982910156,36.266300201416016,23.04439926147461
741.1727905273438,160.39300537109375,36.50749969482422,23.299400329589844
742.5689086914062,147.86109924316406,36.80830001831055,26.212299346923828
633.461181640625,165.63270568847656,17.135799407958984,11.327199935913086
750.5145263671875,127.7665023803711,32.57279968261719,24.010900497436523
746.1464233398438,117.65450286865234,40.68259811401367,25.44700050354004
748.3912963867188,108.55059814453125,40.29100036621094,24.615800857543945
753.8551025390625,101.1636962890625,37.160701751708984,24.260499954223633
755.3773193359375,94.2396011352539,38.702301025390625,24.601299285888672
757.1480102539062,88.27079772949219,38.53519821166992,25.675199508666992
760.0089721679688,84.59149932861328,39.7130012512207,25.49489974975586
762.5789184570312,82.17539978027344,37.91350173950195,25.01180076599121
762.3598022460938,81.27909851074219,39.68669891357422,24.195899963378906
764.7171020507812,79.44879913330078,39.56399917602539,24.611000061035156
765.2346801757812,78.42289733886719,40.15879821777344,26.092599868774414
767.1630249023438,79.59269714355469,40.90449905395508,26.397300720214844
639.5006713867188,150.48150634765625,17.812000274658203,11.523200035095215
640.9716186523438,149.45640563964844,17.788999557495117,11.824399948120117
771.1168823242188,91.34130096435547,39.3931999206543,26.062599182128906
773.2277221679688,97.30030059814453,38.56460189819336,26.48200035095215
771.8541870117188,104.51180267333984,41.400699615478516,26.408599853515625
645.5811767578125,144.59219360351562,17.79680061340332,11.937399864196777
645.317626953125,144.89610290527344,17.91230010986328,12.39780044555664
646.1533813476562,143.50120544433594,17.41119956970215,12.727100372314453
775.7874145507812,143.3448028564453,41.406898498535156,24.752599716186523
777.8936157226562,154.96139526367188,40.9015998840332,26.13990020751953
779.4957275390625,169.06300354003906,40.17380142211914,23.662500381469727
779.1591186523438,183.95399475097656,40.870201110839844,22.78730010986328
778.3884887695312,198.81309509277344,40.45249938964844,24.316999435424805
653.159423828125,136.93910217285156,17.42639923095703,12.234800338745117
774.4965209960938,231.6925048828125,41.920101165771484,28.95319938659668
774.3734130859375,232.25250244140625,42.31669998168945,27.549800872802734
656.3115844726562,133.72470092773438,17.573200225830078,12.232399940490723
755.6038818359375,220.03489685058594,44.140899658203125,38.54090118408203
738.3323974609375,211.8946075439453,44.7781982421875,28.83690071105957
738.0372924804688,211.8820037841797,44.99470138549805,29.03510093688965
726.2169189453125,208.95309448242188,45.59669876098633,29.622299194335938
713.4658813476562,207.4586944580078,49.700199127197266,29.77560043334961
702.6337890625,207.7303924560547,50.82619857788086,30.3080997467041
692.6939697265625,210.15890502929688,48.06769943237305,31.397499084472656
679.5391845703125,215.65240478515625,49.39289855957031,33.38650131225586
679.2564697265625,215.64280700683594,49.64849853515625,30.141000747680664
665.1829833984375,220.87969970703125,50.99570083618164,33.85710144042969
652.3609008789062,229.2917938232422,51.74829864501953,39.09400177001953
622.5498046875,249.76510620117188,57.57500076293945,41.79069900512695
609.6473999023438,265.410400390625,56.86899948120117,36.80350112915039
596.0994873046875,281.0343933105469,52.08700180053711,38.299598693847656
575.7750854492188,301.8096008300781,58.945899963378906,33.79970169067383
559.6063842773438,322.96868896484375,61.687400817871094,37.86050033569336
548.9801025390625,349.7190856933594,56.339900970458984,39.17679977416992
669.4796752929688,118.84200286865234,17.805099487304688,13.009200096130371
508.8835144042969,406.6068115234375,63.49689865112305,38.04309844970703
670.55126953125,117.22750091552734,18.644399642944336,13.13129997253418
671.8665161132812,116.36990356445312,17.694400787353516,13.30620002746582
471.7351989746094,476.9881896972656,59.419898986816406,37.90800094604492
471.3150939941406,444.61920166015625,63.877498626708984,41.11009979248047
673.5927734375,116.16809844970703,17.082500457763672,12.001799583435059
674.9536743164062,116.84719848632812,17.294099807739258,11.94219970703125
487.3855895996094,361.88140869140625,60.04970169067383,39.67060089111328
485.6138000488281,337.7159118652344,65.95909881591797,39.62329864501953
487.910888671875,315.7255859375,66.52200317382812,38.81230163574219
492.17840576171875,295.0002136230469,65.40239715576172,39.962799072265625
498.9012145996094,277.3789978027344,61.63639831542969,39.96110153198242
500.7084045410156,262.47900390625,65.11019897460938,37.97909927368164
503.9778137207031,248.76499938964844,63.006099700927734,43.32600021362305
507.5155944824219,236.3791046142578,64.11990356445312,37.72710037231445
694.9656982421875,86.35250091552734,38.49190139770508,14.796099662780762
688.918212890625,88.85569763183594,43.01340103149414,41.36909866333008
681.4583129882812,92.0886001586914,106.99009704589844,46.673099517822266
520.8660888671875,209.01510620117188,65.31169891357422,39.28850173950195
524.7435913085938,207.44119262695312,64.49960327148438,40.155601501464844
527.9727783203125,207.05999755859375,63.42580032348633,39.437801361083984
530.9832763671875,209.09640502929688,61.559600830078125,37.69350051879883
534.8087158203125,211.5447998046875,62.33620071411133,36.87179946899414
538.93798828125,217.71609497070312,61.36709976196289,35.83649826049805
542.087890625,225.11610412597656,60.34189987182617,33.17770004272461
543.9086303710938,232.31680297851562,60.74190139770508,36.69559860229492
547.3657836914062,242.7012939453125,61.84749984741211,33.98440170288086
550.6917114257812,254.5166015625,59.886199951171875,33.217899322509766
553.8309936523438,266.56988525390625,59.24549865722656,35.17900085449219
553.36376953125,281.3999938964844,61.8838005065918,31.878299713134766
560.8400268554688,300.18798828125,55.95029830932617,30.002700805664062
563.2233276367188,314.3077087402344,56.94369888305664,31.451799392700195
566.36767578125,332.28271484375,55.237300872802734,34.21220016479492
568.98388671875,329.27069091796875,56.100101470947266,31.472200393676758
571.4163818359375,294.30731201171875,56.316200256347656,28.628799438476562
571.9525756835938,259.1203918457031,58.61539840698242,30.792299270629883
574.7047119140625,226.34750366210938,58.20869827270508,32.880401611328125
575.6923828125,191.51260375976562,60.34989929199219,35.11690139770508
578.54541015625,160.1488037109375,62.27790069580078,35.48749923706055
580.2603759765625,130.752197265625,61.43330001831055,36.759300231933594
584.9669799804688,103.99739837646484,59.90119934082031,34.479400634765625
584.9262084960938,75.4375,60.7593994140625,39.672000885009766
596.9901733398438,50.814998626708984,47.02289962768555,36.752201080322266
596.7340698242188,29.495399475097656,49.465599060058594,34.277400970458984
597.9691772460938,8.833200454711914,50.15840148925781,33.85599899291992
599.5853271484375,0.4512999951839447,51.289100646972656,21.228200912475586
615.576416015625,0.0,30.926000595092773,10.0
618.8148193359375,6.085100173950195,29.421100616455078,18.252399444580078
592.9688720703125,3.8613998889923096,81.71070098876953,51.22309875488281
657.0313110351562,127.71739959716797,69.1624984741211,35.61429977416992
641.9904174804688,125.45089721679688,130.53599548339844,48.18230056762695
694.1370849609375,125.95549774169922,117.21929931640625,47.89970016479492
795.2651977539062,54.14860153198242,74.06379699707031,90.12590026855469
809.0675048828125,0.0,76.50420379638672,19.67609977722168
809.1583862304688,0.0,77.66449737548828,13.541600227355957
809.0612182617188,0.32829999923706055,78.56929779052734,15.88070011138916
806.74072265625,0.0,81.61100006103516,17.474700927734375
806.9906005859375,0.310699999332428,79.8489990234375,18.88949966430664
807.3668823242188,0.33500000834465027,80.32050323486328,19.655500411987305
806.9631958007812,1.7790000438690186,39.807701110839844,17.641300201416016
809.1619873046875,5.0183000564575195,41.09669876098633,15.540599822998047
807.8323974609375,5.965199947357178,36.68280029296875,14.133899688720703
807.7916259765625,7.91510009765625,29.874799728393555,12.555100440979004
807.826416015625,9.998600006103516,28.463699340820312,12.487299919128418
806.6124877929688,11.57289981842041,28.940000534057617,12.404999732971191
805.41650390625,11.825699806213379,31.898099899291992,14.833200454711914
652.40087890625,0.1451999992132187,65.21949768066406,22.457500457763672
654.3358764648438,2.6157000064849854,63.781898498535156,42.05509948730469
655.2048950195312,23.14310073852539,64.34559631347656,43.622798919677734
663.8814697265625,49.212398529052734,57.864200592041016,41.32229995727539
665.9603271484375,78.58159637451172,58.27519989013672,38.357200622558594
664.885986328125,109.0551986694336,58.39860153198242,33.8297004699707
666.2706909179688,139.96670532226562,54.844398498535156,34.982601165771484
667.3583984375,156.73280334472656,66.61689758300781,42.70199966430664
796.79638671875,23.800500869750977,30.452600479125977,14.414199829101562
665.8574829101562,182.32359313964844,66.6249008178711,39.35850143432617
667.7020874023438,196.02670288085938,58.380401611328125,32.54199981689453
668.2197875976562,209.4951934814453,55.5453987121582,36.507999420166016
664.9766845703125,225.13499450683594,53.33549880981445,33.85260009765625
666.8369140625,238.3881072998047,47.595401763916016,33.41790008544922
661.1121215820312,254.552001953125,52.625999450683594,33.16130065917969
788.9998779296875,30.26919937133789,30.486499786376953,14.838399887084961
787.4304809570312,30.690099716186523,31.045799255371094,15.295499801635742
786.9636840820312,30.779600143432617,30.85849952697754,15.0108003616333
786.2598266601562,32.451499938964844,30.273000717163086,14.764900207519531
784.12158203125,33.233699798583984,31.1781005859375,14.83489990234375
783.2797241210938,33.55540084838867,30.690099716186523,14.724499702453613
781.774169921875,34.58319854736328,30.82550048828125,14.692099571228027
781.193603515625,35.774898529052734,30.855499267578125,14.563899993896484
780.3587036132812,36.36140060424805,30.58329963684082,14.474499702453613
779.4541015625,37.74580001831055,30.96619987487793,14.304499626159668
779.4976806640625,38.739498138427734,30.409700393676758,14.423800468444824
779.0050048828125,39.18939971923828,30.21380043029785,14.417099952697754
777.872314453125,39.323699951171875,30.515399932861328,14.525199890136719
777.3701782226562,40.735599517822266,30.509000778198242,15.018600463867188
777.3770751953125,40.67940139770508,30.60759925842285,15.079099655151367
777.4287109375,41.90999984741211,30.641300201416016,14.530799865722656
778.0825805664062,41.99829864501953,30.43829917907715,14.687399864196777
777.7293090820312,42.80799865722656,30.263399124145508,14.52910041809082
778.3629150390625,43.290401458740234,31.104400634765625,14.90939998626709
777.767578125,43.34120178222656,31.161100387573242,15.051199913024902
586.3748779296875,334.97821044921875,35.23889923095703,24.63680076599121
579.5166015625,325.63128662109375,36.35169982910156,24.34079933166504
780.0048217773438,44.971500396728516,30.869600296020508,15.102100372314453
571.3663940429688,311.48309326171875,36.77880096435547,20.76059913635254
566.2603149414062,305.5271911621094,37.527801513671875,23.23110008239746
781.7786865234375,45.720699310302734,30.723600387573242,15.065400123596191
782.9030151367188,46.94409942626953,30.73780059814453,14.90149974822998
783.677978515625,47.57849884033203,31.236299514770508,14.830900192260742
548.9219970703125,290.57598876953125,37.27109909057617,21.68910026550293
784.7673950195312,48.37519836425781,31.309999465942383,14.57979965209961
540.7164916992188,288.2673034667969,37.4818000793457,21.58650016784668
786.9008178710938,48.70589828491211,31.429800033569336,14.703900337219238
788.2733154296875,48.763999938964844,31.33099937438965,14.894200325012207
790.5867919921875,48.54059982299805,30.97410011291504,15.027199745178223
521.3499145507812,300.33319091796875,38.128700256347656,21.603500366210938
521.5565185546875,300.36920166015625,38.12929916381836,21.942899703979492
516.8129272460938,306.5707092285156,38.018699645996094,22.575700759887695
794.8740844726562,49.417198181152344,30.846099853515625,15.235199928283691
795.4052124023438,49.067501068115234,31.43090057373047,15.176300048828125
796.4296264648438,50.236900329589844,31.55340003967285,14.910300254821777
798.0748291015625,49.95280075073242,31.037799835205078,15.3100004196167
799.2382202148438,50.220401763916016,31.26460075378418,14.917699813842773
800.1317749023438,49.619598388671875,31.404499053955078,15.193900108337402
801.4083251953125,49.846500396728516,31.506399154663086,15.119500160217285
800.8641967773438,50.0265007019043,31.20709991455078,15.048399925231934
803.1605224609375,49.9463005065918,30.948699951171875,15.256600379943848
803.3411254882812,50.013301849365234,30.95599937438965,15.138299942016602
804.7371215820312,50.082698822021484,31.492900848388672,15.01200008392334
805.5364990234375,49.907901763916016,30.94860076904297,15.13010025024414
504.3877868652344,331.83819580078125,36.97949981689453,24.715099334716797
806.1196899414062,49.38410186767578,31.55500030517578,15.088600158691406
520.5498046875,295.22601318359375,38.398399353027344,24.995100021362305
529.5167846679688,278.9674072265625,38.34429931640625,23.907499313354492
538.0350952148438,263.40869140625,38.24660110473633,23.863800048828125
545.2349243164062,247.43359375,40.18410110473633,25.550500869750977
554.801025390625,233.7052001953125,38.111000061035156,24.892200469970703
561.3441772460938,221.5518035888672,39.61069869995117,23.545400619506836
807.7169189453125,48.719398498535156,31.09819984436035,15.218400001525879
580.056396484375,198.17979431152344,39.38410186767578,22.940000534057617
589.568115234375,188.5498046875,39.959800720214844,24.000200271606445
597.1510009765625,179.2270965576172,39.6609001159668,24.616600036621094
605.7133178710938,174.04420471191406,39.19459915161133,23.00309944152832
804.9533081054688,48.74089813232422,31.222700119018555,14.926600456237793
803.272216796875,48.35150146484375,31.467500686645508,15.160799980163574
803.0833740234375,48.322200775146484,30.9778995513916,15.154899597167969
637.2296142578125,157.12249755859375,39.54499816894531,20.749000549316406
644.2640991210938,153.52529907226562,39.27539825439453,22.506399154663086
652.294189453125,152.76060485839844,39.092098236083984,22.241300582885742
659.0513916015625,152.55630493164062,39.50270080566406,21.906600952148438
667.0808715820312,154.59959411621094,39.48099899291992,22.4606990814209
794.1658935546875,46.81060028076172,31.148300170898438,15.201800346374512
792.4439086914062,47.136199951171875,30.705400466918945,15.07349967956543
789.898681640625,46.910499572753906,30.816999435424805,15.106900215148926
788.0875244140625,47.663299560546875,30.730600357055664,15.149900436401367
702.7130737304688,175.11929321289062,41.503299713134766,26.981700897216797
783.0361938476562,47.034698486328125,30.153900146484375,15.33180046081543
780.7003784179688,46.999298095703125,30.539199829101562,14.981800079345703
721.3624267578125,202.60369873046875,42.36249923706055,26.471399307250977
726.3588256835938,213.452392578125,42.76649856567383,26.99209976196289
731.5869140625,226.2115936279297,43.72079849243164,26.262800216674805
738.205078125,240.0727996826172,43.47079849243164,26.009300231933594
743.9630737304688,253.60260009765625,43.336299896240234,26.707000732421875
759.0897216796875,46.41109848022461,30.955900192260742,14.924799919128418
755.6823120117188,45.829898834228516,31.09939956665039,15.375
755.5634765625,45.97990036010742,31.530000686645508,15.298999786376953
752.4929809570312,45.71979904174805,30.809099197387695,15.550000190734863
749.2642211914062,45.75790023803711,31.51959991455078,15.22599983215332
745.0125122070312,45.56999969482422,31.046499252319336,15.237000465393066
741.6373901367188,45.38750076293945,30.904300689697266,15.304800033569336
833.6126708984375,315.9660949707031,46.70989990234375,29.958499908447266
851.4711303710938,324.7734069824219,48.3385009765625,28.699399948120117
886.6002197265625,348.4067077636719,52.19179916381836,29.347900390625
724.6322021484375,45.38309860229492,32.02799987792969,15.06149959564209
720.7647705078125,45.77040100097656,31.62849998474121,15.140800476074219
927.2423706054688,382.82440185546875,51.40729904174805,32.45320129394531
948.5180053710938,403.19000244140625,53.424800872802734,33.096500396728516
973.8082885742188,427.2955017089844,56.56809997558594,32.46649932861328
703.5767211914062,45.45320129394531,30.609100341796875,15.087699890136719
699.0853271484375,45.18479919433594,30.949100494384766,15.50570011138916
694.607421875,45.7036018371582,30.501699447631836,15.339500427246094
690.7758178710938,45.0786018371582,30.32509994506836,15.676799774169922
685.6414184570312,45.471099853515625,30.4335994720459,15.482000350952148
681.1461791992188,45.109901428222656,30.951400756835938,15.658300399780273
1003.3607177734375,393.7456970214844,62.26250076293945,35.31919860839844
994.9835205078125,372.7372131347656,62.40890121459961,35.34280014038086
667.0307006835938,44.937400817871094,30.112600326538086,15.726200103759766
975.7904052734375,333.20318603515625,60.009700775146484,39.01620101928711
966.56201171875,318.1180114746094,62.69150161743164,35.68709945678711
959.8038940429688,304.84619140625,59.34550094604492,36.49340057373047
949.8375244140625,291.4136962890625,59.627201080322266,37.58789825439453
642.1630249023438,46.592498779296875,30.092899322509766,15.424200057983398
932.7197265625,271.2070007324219,60.71760177612305,37.95320129394531
922.5258178710938,265.8279113769531,59.641300201416016,35.61259841918945
922.5142211914062,265.1018981933594,58.99959945678711,35.9380989074707
912.6646118164062,259.3074951171875,60.80440139770508,34.290199279785156
896.7974853515625,253.3592071533203,57.10459899902344,36.43170166015625
888.3532104492188,252.03160095214844,57.032798767089844,33.595699310302734
609.989501953125,47.15010070800781,30.443899154663086,15.0649995803833
869.3770141601562,254.00030517578125,58.53089904785156,35.73889923095703
858.8870849609375,256.8669128417969,57.42959976196289,36.54140090942383
851.0728149414062,262.93798828125,56.55030059814453,34.659400939941406
594.0977172851562,47.612701416015625,30.219999313354492,15.155699729919434
590.1082153320312,48.292598724365234,29.933300018310547,15.181300163269043
822.6405029296875,286.6142883300781,56.87300109863281,40.124298095703125
581.753173828125,47.61859893798828,30.235000610351562,15.289899826049805
578.4130249023438,48.5984001159668,30.489599227905273,15.071599960327148
798.5496826171875,322.025390625,54.104400634765625,33.12839889526367
790.6312255859375,339.3677978515625,53.39720153808594,33.1161994934082
569.3248291015625,48.33509826660156,30.0851993560791,15.498800277709961
566.0966796875,48.11470031738281,30.46269989013672,15.395999908447266
766.9926147460938,388.9024963378906,52.532901763916016,32.381500244140625
759.9594116210938,405.8623962402344,51.25360107421875,33.70859909057617
558.0631713867188,48.04159927368164,30.689300537109375,15.52810001373291
751.4940795898438,374.63470458984375,53.013301849365234,30.19339942932129
747.4683227539062,342.0154113769531,53.214298248291016,32.50870132446289
743.298828125,310.55560302734375,54.463401794433594,34.06890106201172
549.0228271484375,47.687400817871094,30.76849937438965,14.98289966583252
736.3936767578125,248.0113983154297,57.00669860839844,34.102901458740234
733.4194946289062,218.02040100097656,57.91579818725586,36.273399353027344
545.52978515625,46.03049850463867,30.570999145507812,15.39109992980957
544.7376708984375,46.72800064086914,30.785400390625,15.024100303649902
544.4578857421875,46.65079879760742,30.354400634765625,14.98330020904541
724.730224609375,115.00360107421875,58.75590133666992,37.28150177001953
542.255126953125,45.908599853515625,31.09119987487793,15.311400413513184
542.4503173828125,45.708099365234375,31.753000259399414,15.349800109863281
720.6494140625,48.30820083618164,59.99700164794922,38.92279815673828
542.5590209960938,45.785301208496094,31.521299362182617,15.323800086975098
717.2219848632812,12.371100425720215,59.158199310302734,38.9015007019043
714.4512939453125,0.09910000115633011,61.007999420166016,34.5900993347168
545.5875854492188,44.95690155029297,30.678199768066406,15.562999725341797
546.0247802734375,45.685298919677734,30.401500701904297,15.476099967956543
546.1286010742188,45.17599868774414,31.101900100708008,15.541600227355957
547.863525390625,45.81449890136719,31.088499069213867,15.202500343322754
549.4603271484375,45.12080001831055,31.11240005493164,15.503100395202637
552.7454223632812,45.30220031738281,30.74570083618164,15.52340030670166
554.59521484375,44.50239944458008,31.535499572753906,15.636799812316895
555.6309204101562,45.355499267578125,30.71299934387207,15.194999694824219
558.4564208984375,45.032798767089844,30.050800323486328,15.659600257873535
560.2329711914062,44.73080062866211,30.476299285888672,15.61400032043457
562.7421875,44.27199935913086,30.160499572753906,15.646900177001953
565.590087890625,43.820098876953125,30.60449981689453,15.43910026550293
568.1580810546875,43.82440185546875,31.21940040588379,15.457200050354004
571.075927734375,43.59149932861328,30.932199478149414,15.454000473022461
574.4166259765625,43.23720169067383,30.67770004272461,15.435099601745605
577.8604736328125,43.977298736572266,30.842199325561523,14.936400413513184
707.4998779296875,7.689700126647949,69.3102035522461,45.71390151977539
706.6934204101562,27.04170036315918,69.79180145263672,46.372798919677734
706.1026000976562,27.668399810791016,69.91200256347656,46.43360137939453
705.5189208984375,50.741600036621094,70.83419799804688,44.83940124511719
705.7224731445312,74.83580017089844,71.05159759521484,45.726200103759766
706.4437255859375,101.97219848632812,71.77490234375,45.314998626708984
704.6976928710938,130.7104034423828,73.20819854736328,47.571998596191406
683.119873046875,176.8513946533203,78.45539855957031,48.93360137939453
684.1124877929688,176.68460083007812,76.84839630126953,48.297401428222656
647.9345092773438,173.82290649414062,76.00540161132812,48.3317985534668
610.448486328125,172.1385040283203,69.54429626464844,41.93870162963867
577.8275146484375,169.60809326171875,66.40260314941406,39.528900146484375
635.2371826171875,38.16339874267578,30.51849937438965,14.973299980163574
525.0717163085938,175.3173065185547,61.314998626708984,36.5796012878418
500.8373107910156,179.731201171875,62.309200286865234,36.93619918823242
480.1794128417969,186.42909240722656,59.7760009765625,35.28879928588867
480.3880920410156,186.04409790039062,60.13209915161133,35.91320037841797
462.80120849609375,195.13589477539062,54.824798583984375,33.18389892578125
425.9961853027344,213.52569580078125,54.192100524902344,31.48539924621582
412.2247009277344,224.35260009765625,52.87080001831055,32.39550018310547
398.52239990234375,234.8524932861328,50.11980056762695,28.413799285888672
387.3067932128906,248.968994140625,49.22949981689453,36.33700180053711
691.5211791992188,34.53139877319336,30.592599868774414,14.448100090026855
367.9142150878906,273.6289978027344,45.63140106201172,30.533700942993164
357.2452087402344,289.0570068359375,47.722900390625,30.4552001953125
350.1170959472656,302.2535095214844,44.23699951171875,29.026100158691406
715.45068359375,32.859100341796875,30.59000015258789,15.044500350952148
722.0233154296875,32.592899322509766,30.13949966430664,15.049500465393066
728.0916137695312,31.927099227905273,30.157499313354492,15.133000373840332
733.8845825195312,32.12110137939453,30.56089973449707,14.810600280761719
740.3134765625,31.12310028076172,30.36949920654297,14.704500198364258
746.4251098632812,30.652799606323242,29.735700607299805,15.027400016784668
752.3712768554688,30.224599838256836,30.486099243164062,14.770299911499023
757.9249267578125,29.864900588989258,30.1294002532959,14.943300247192383
764.484375,30.243900299072266,29.954599380493164,14.700400352478027
770.2484741210938,29.670900344848633,30.71619987487793,14.736599922180176
776.1713256835938,28.950199127197266,29.931400299072266,14.984100341796875
782.09521484375,28.553499221801758,30.52440071105957,14.810099601745605
788.7628173828125,28.270599365234375,30.100900650024414,14.55519962310791
365.3606872558594,297.216796875,39.74789810180664,23.270599365234375
372.10400390625,285.0119934082031,39.01679992675781,22.579299926757812
379.4403991699219,273.55010986328125,38.898799896240234,21.794599533081055
811.6439819335938,25.868200302124023,30.11389923095703,15.394599914550781
394.0867919921875,252.5924072265625,37.6088981628418,24.834400177001953
402.6365051269531,245.85020446777344,36.59880065917969,24.949800491333008
829.4677124023438,25.058900833129883,29.970699310302734,15.421500205993652
414.0895080566406,232.08599853515625,39.46049880981445,26.321699142456055
422.4742126464844,226.40220642089844,38.5640983581543,23.10059928894043
846.6680297851562,24.034099578857422,29.606000900268555,15.369799613952637
434.32659912109375,219.95570373535156,39.6427001953125,23.718700408935547
441.45721435546875,217.773193359375,39.74620056152344,24.524900436401367
447.2535095214844,217.27130126953125,42.30889892578125,23.988000869750977
454.6711120605469,217.12879943847656,39.90769958496094,24.359399795532227
462.0599060058594,218.06739807128906,39.871700286865234,24.538700103759766
886.4619750976562,22.612199783325195,27.93120002746582,15.531800270080566
478.1669006347656,223.72740173339844,38.149600982666016,22.273799896240234
484.80419921875,227.95700073242188,37.74079895019531,22.434499740600586
490.09259033203125,233.13070678710938,39.186500549316406,24.958099365234375
499.1322937011719,240.47140502929688,38.68159866333008,22.377500534057617
504.5118103027344,247.21170043945312,38.56589889526367,23.322200775146484
511.3505859375,254.86959838867188,38.519500732421875,23.677799224853516
523.4464721679688,275.3655090332031,37.660099029541016,24.160499572753906
931.5963745117188,20.4867000579834,31.148300170898438,15.255900382995605
529.7197875976562,286.8268127441406,38.80630111694336,24.56410026550293
937.578125,20.669300079345703,31.467500686645508,15.572500228881836
543.5037841796875,310.8633117675781,37.311798095703125,30.3799991607666
949.7733764648438,20.377300262451172,30.372900009155273,15.299599647521973
954.9530029296875,20.222299575805664,30.54949951171875,15.347800254821777
960.8342895507812,20.411699295043945,30.590900421142578,15.435500144958496
966.3389892578125,19.378299713134766,30.64620018005371,15.623600006103516
972.5557250976562,19.5310001373291,30.71579933166504,15.298500061035156
978.783203125,19.373300552368164,30.756200790405273,15.275099754333496
983.9387817382812,19.095800399780273,30.540300369262695,15.381500244140625
989.059326171875,19.75429916381836,31.259700775146484,15.394200325012207
576.4337158203125,255.65359497070312,39.25310134887695,25.70639991760254
580.8394775390625,236.01220703125,38.67290115356445,23.798099517822266
581.25341796875,217.0717010498047,39.87049865722656,24.93400001525879
583.3087768554688,200.87120056152344,39.824798583984375,24.694499969482422
585.765625,168.9228057861328,40.89569854736328,25.378999710083008
586.3521118164062,155.7458038330078,43.68280029296875,28.538799285888672
587.71630859375,155.98629760742188,40.412601470947266,25.74020004272461
588.0670776367188,143.685302734375,41.86470031738281,25.094600677490234
591.014892578125,130.77369689941406,37.97359848022461,26.53070068359375
591.3060913085938,129.99729919433594,37.70090103149414,26.983600616455078
596.0784912109375,120.95079803466797,35.755699157714844,26.571699142456055
593.6978149414062,102.92279815673828,39.84370040893555,25.909299850463867
594.2340698242188,96.08219909667969,40.65409851074219,26.209699630737305
594.25537109375,89.66909790039062,41.125999450683594,26.030799865722656
594.843017578125,83.76609802246094,41.38349914550781,27.42639923095703
595.3973999023438,79.76509857177734,40.96179962158203,27.163299560546875
595.7343139648438,75.97119903564453,41.04280090332031,27.43079948425293
595.36181640625,74.11100006103516,41.58539962768555,26.724899291992188
1090.296875,17.191299438476562,31.7273006439209,15.4931001663208
595.1265869140625,74.08910369873047,41.402801513671875,26.732799530029297
595.411376953125,75.2113037109375,41.5443000793457,26.87070083618164
594.4088134765625,78.0436019897461,41.743900299072266,26.599199295043945
593.7335815429688,82.4541015625,40.68040084838867,26.482799530029297
593.7744750976562,86.65029907226562,41.00239944458008,26.33919906616211
592.9876708984375,94.2938003540039,40.83509826660156,25.731599807739258
592.6729736328125,101.51609802246094,40.275001525878906,26.700300216674805
592.0053100585938,111.20700073242188,41.11800003051758,26.708499908447266
590.087890625,120.1072006225586,39.12820053100586,25.286399841308594
588.226318359375,129.2631072998047,43.433998107910156,28.10580062866211
1137.397216796875,15.291299819946289,32.058799743652344,15.278300285339355
585.7620849609375,156.65159606933594,44.574501037597656,28.298799514770508
585.8822021484375,171.31289672851562,43.00299835205078,30.059099197387695
1148.2584228515625,15.82509994506836,32.65129852294922,15.339200019836426
1151.3603515625,16.740299224853516,33.33110046386719,14.899700164794922
1156.0806884765625,15.958000183105469,32.346900939941406,15.329000473022461
1159.487060546875,15.464599609375,31.903099060058594,15.412400245666504
1162.6715087890625,16.219200134277344,32.628299713134766,14.991100311279297
1165.571044921875,15.725799560546875,32.67620086669922,15.153499603271484
1168.9788818359375,16.271299362182617,33.137001037597656,14.995100021362305
1171.88525390625,15.734199523925781,32.72999954223633,15.14780044555664
1175.2650146484375,16.42020034790039,33.18920135498047,14.838399887084961
1177.7401123046875,15.882100105285645,32.461700439453125,15.099200248718262
1180.28466796875,16.694700241088867,32.38629913330078,15.033300399780273
1183.05859375,16.6294002532959,32.65019989013672,15.11050033569336
1185.3199462890625,16.919300079345703,32.470699310302734,15.045700073242188
1190.3270263671875,17.436599731445312,31.617700576782227,15.155799865722656
1190.4827880859375,16.535600662231445,31.540700912475586,15.277000427246094
565.7620239257812,301.755615234375,53.588199615478516,37.89830017089844
1194.684326171875,18.128599166870117,31.80150032043457,15.283300399780273
1195.7581787109375,17.794099807739258,31.752199172973633,15.09939956665039
1197.1417236328125,18.104999542236328,32.38309860229492,15.126099586486816
1198.6807861328125,18.33810043334961,32.127601623535156,15.321200370788574
1200.4825439453125,19.728599548339844,31.77680015563965,15.315600395202637
1200.9874267578125,20.000999450683594,32.00740051269531,15.240599632263184
1201.4747314453125,19.739500045776367,31.89550018310547,15.30090045928955
1204.255126953125,21.68939971923828,31.336999893188477,15.472299575805664
1203.451416015625,21.845399856567383,31.64889907836914,15.347000122070312
1204.5006103515625,21.470500946044922,32.575401306152344,15.515600204467773
1206.765625,22.84079933166504,32.02899932861328,15.470199584960938
1206.2259521484375,22.617300033569336,31.935800552368164,15.439599990844727
1206.8551025390625,24.012399673461914,32.878501892089844,15.405500411987305
572.8812866210938,388.768798828125,60.52429962158203,38.51380157470703
1207.3612060546875,25.487899780273438,33.28150177001953,15.386500358581543
1207.17236328125,25.42300033569336,32.20600128173828,15.501199722290039
1208.29736328125,26.82859992980957,32.47079849243164,15.259499549865723
1207.9083251953125,27.84440040588379,31.53260040283203,15.329899787902832
1207.4852294921875,28.33609962463379,32.18280029296875,15.128800392150879
1206.6256103515625,29.20050048828125,31.981599807739258,15.374799728393555
1205.7578125,29.864999771118164,32.11869812011719,15.151800155639648
639.3095092773438,279.7337951660156,61.49290084838867,36.86940002441406
1205.3349609375,31.31760025024414,31.770200729370117,15.59179973602295
660.0933837890625,266.8402099609375,63.83420181274414,39.01689910888672
660.4581298828125,267.0466003417969,63.00080108642578,39.6869010925293
667.7758178710938,267.3783874511719,61.695098876953125,40.80039978027344
674.2877197265625,269.47320556640625,59.70130157470703,36.130001068115234
685.2349243164062,274.0574951171875,61.02009963989258,35.52050018310547
1198.000732421875,37.52880096435547,32.39690017700195,15.078900337219238
1198.1658935546875,37.549800872802734,32.41669845581055,15.121999740600586
690.0269165039062,279.23858642578125,62.42829895019531,38.411598205566406
702.8165283203125,297.0469970703125,57.46929931640625,39.18220138549805
705.2308959960938,306.1402893066406,59.27130126953125,39.42599868774414
1189.9281005859375,42.20050048828125,31.883100509643555,14.717399597167969
1187.4766845703125,43.10029983520508,31.72599983215332,14.852899551391602
717.3339233398438,349.02520751953125,57.373199462890625,33.31589889526367
1181.676513671875,44.72140121459961,31.487899780273438,14.94890022277832
1179.0894775390625,45.50170135498047,31.23200035095215,15.054300308227539
1176.6710205078125,46.38100051879883,31.04210090637207,15.203800201416016
1173.2879638671875,48.31850051879883,31.753700256347656,15.140000343322754
1170.73095703125,49.104801177978516,31.86319923400879,14.930399894714355
1168.594970703125,50.07339859008789,31.78380012512207,14.859800338745117
732.176513671875,344.7449035644531,56.45669937133789,38.389400482177734
731.6768188476562,310.2130126953125,57.21860122680664,39.21659851074219
733.88720703125,279.13189697265625,58.885799407958984,38.1796989440918
733.1749267578125,247.6490020751953,60.49679946899414,37.486698150634766
1153.7896728515625,54.48860168457031,30.927400588989258,14.647000312805176
731.1392211914062,189.2628936767578,63.15140151977539,37.73870086669922
735.4310913085938,163.70449829101562,59.40769958496094,36.844398498535156
730.3302001953125,137.035400390625,61.33399963378906,39.88309860229492
728.4567260742188,112.6489028930664,61.121700286865234,39.33919906616211
726.2813720703125,88.4363021850586,61.08549880981445,40.25239944458008
725.8900756835938,66.72260284423828,62.58599853515625,40.805301666259766
1130.923095703125,61.766700744628906,31.52720069885254,14.358799934387207
1127.968994140625,63.176300048828125,30.57900047302246,14.339799880981445
1124.6309814453125,63.826698303222656,30.57309913635254,14.408100128173828
717.154296875,0.7253000140190125,65.39009857177734,37.057899475097656
715.4072265625,0.529699981212616,66.92430114746094,23.273799896240234
1114.6290283203125,65.7332992553711,30.370100021362305,14.636199951171875
1111.8209228515625,66.91200256347656,30.16860008239746,14.652000427246094
1107.9310302734375,68.06430053710938,30.703100204467773,14.61620044708252
1103.9041748046875,68.76229858398438,30.687700271606445,14.6141996383667
1100.852294921875,69.59149932861328,30.050600051879883,14.216699600219727
1097.9027099609375,70.37319946289062,29.705699920654297,14.528400421142578
1094.3955078125,70.88990020751953,30.07159996032715,14.265899658203125
1091.4434814453125,71.99919891357422,30.28969955444336,14.622599601745605
1087.52783203125,72.13179779052734,30.30109977722168,14.502099990844727
1084.9007568359375,72.99199676513672,30.174999237060547,14.250100135803223
1078.9462890625,74.38569641113281,29.636899948120117,14.208900451660156
1078.3643798828125,74.57559967041016,30.350000381469727,14.308899879455566
683.2723999023438,1.0819000005722046,70.10780334472656,20.1919002532959
680.361083984375,0.6021000146865845,72.2490005493164,34.58169937133789
677.468994140625,4.18120002746582,72.66609954833984,47.714599609375
674.2105712890625,22.918100357055664,73.62999725341797,47.53879928588867
670.3131103515625,66.61219787597656,73.88500213623047,47.19729995727539
670.7064208984375,66.03050231933594,74.37519836425781,47.3473014831543
667.4376831054688,120.39129638671875,73.15869903564453,45.50279998779297
667.0872192382812,119.24320220947266,72.5811996459961,46.80839920043945
666.4379272460938,151.3928985595703,72.2925033569336,44.07109832763672
660.8723754882812,181.4777069091797,80.37169647216797,59.098899841308594
675.7376708984375,195.6092071533203,78.0875015258789,46.180301666259766
700.1729125976562,201.5854949951172,73.5072021484375,49.18239974975586
726.01220703125,209.10079956054688,66.94499969482422,41.381500244140625
744.8994750976562,217.73800659179688,64.56629943847656,38.732398986816406
761.4901123046875,226.7100067138672,61.09040069580078,36.103599548339844
776.280517578125,237.6072998046875,60.039798736572266,36.24639892578125
787.4183959960938,249.53790283203125,58.243099212646484,33.26319885253906
801.207275390625,261.7466125488281,53.2864990234375,32.42190170288086
1033.3326416015625,83.52369689941406,30.306800842285156,14.116999626159668
817.4749145507812,288.5819091796875,50.86220169067383,35.36899948120117
826.0349731445312,303.2463073730469,49.8671989440918,30.245899200439453
837.763427734375,331.6095886230469,46.83319854736328,29.154499053955078
842.700927734375,347.33770751953125,44.36859893798828,27.21980094909668
841.8922729492188,346.8817138671875,43.720298767089844,26.676599502563477
1024.9031982421875,85.07540130615234,30.855100631713867,14.039600372314453
1024.5631103515625,85.55220031738281,30.56730079650879,14.00730037689209
1024.6407470703125,85.37870025634766,30.643999099731445,14.199000358581543
1024.986572265625,85.93229675292969,30.828699111938477,13.963500022888184
1024.4886474609375,86.20809936523438,30.39940071105957,13.835800170898438
1022.9003295898438,86.60060119628906,30.7322998046875,13.706700325012207
1023.3626708984375,87.19719696044922,30.509700775146484,13.592499732971191
1023.3170166015625,87.12049865722656,30.251100540161133,13.762299537658691
1023.6307983398438,86.54650115966797,30.29439926147461,13.918000221252441
1022.9642944335938,86.04959869384766,30.000200271606445,13.880200386047363
1022.8021850585938,86.73269653320312,30.003700256347656,13.673500061035156
1023.19482421875,86.62449645996094,29.95039939880371,13.827099800109863
1022.776123046875,86.58070373535156,29.729799270629883,13.939800262451172
1023.4130249023438,86.402099609375,30.1781005859375,14.081899642944336
1023.2147827148438,86.76689910888672,29.9867000579834,13.853599548339844
1023.4818115234375,86.45610046386719,29.869699478149414,13.946800231933594
1024.40576171875,86.43620300292969,30.186899185180664,13.9931001663208
1024.901611328125,86.4520034790039,30.070499420166016,14.029000282287598
1024.767822265625,86.52580261230469,29.86520004272461,13.97439956665039
1025.2095947265625,85.59770202636719,29.874900817871094,14.092399597167969
1026.0408935546875,85.2677001953125,30.00160026550293,14.143699645996094
851.69677734375,347.5421142578125,34.88970184326172,21.70009994506836
1026.8348388671875,84.98169708251953,31.294099807739258,13.319199562072754
1028.0419921875,84.63590240478516,31.20789909362793,13.232000350952148
849.1964721679688,333.9316101074219,35.59489822387695,23.161399841308594
847.2058715820312,331.5921936035156,36.22359848022461,21.256799697875977
845.6464233398438,329.684814453125,35.989601135253906,20.241100311279297
844.5927734375,329.2153015136719,36.68069839477539,20.98819923400879
842.8057250976562,329.2420959472656,37.01750183105469,21.49519920349121
842.5457763671875,329.1881103515625,35.645301818847656,21.52669906616211
839.9677734375,332.1960144042969,38.5547981262207,22.668399810791016
838.3939208984375,334.4836120605469,36.09149932861328,21.909500122070312
836.2293090820312,338.6795959472656,37.058799743652344,23.38629913330078
834.5206909179688,343.3931884765625,36.19329833984375,23.5669002532959
831.5902099609375,350.2367858886719,36.348201751708984,21.698400497436523
829.8665771484375,356.4931945800781,35.51919937133789,22.431499481201172
826.8629760742188,364.9801940917969,36.93159866333008,22.06439971923828
824.3291015625,373.53961181640625,37.459800720214844,21.19409942626953
821.901611328125,383.4548034667969,36.64720153808594,22.647300720214844
1029.8634033203125,81.93450164794922,31.62310028076172,13.623299598693848
1028.4459228515625,80.9375,31.286100387573242,13.5802001953125
1028.794921875,81.00309753417969,31.4414005279541,13.353099822998047
1027.156494140625,80.5801010131836,31.331899642944336,13.741000175476074
1026.4619140625,81.20179748535156,31.337799072265625,13.380200386047363
1025.7615966796875,80.18150329589844,31.31399917602539,13.746299743652344
1023.5809936523438,80.24150085449219,30.529199600219727,13.50730037689209
826.1287231445312,364.784912109375,37.59830093383789,27.78689956665039
1021.8477172851562,79.83209991455078,30.7185001373291,13.692099571228027
839.0623779296875,328.3153991699219,36.83000183105469,24.79669952392578
845.0479125976562,313.1654052734375,37.33919906616211,23.1210994720459
850.17431640625,297.17718505859375,38.56679916381836,22.518699645996094
854.0031127929688,283.025390625,39.25429916381836,24.239999771118164
860.43017578125,268.97100830078125,37.25619888305664,22.091400146484375
868.8828735351562,245.52450561523438,39.07590103149414,23.99959945678711
868.5283813476562,245.02349853515625,39.26570129394531,24.052099227905273
873.3652954101562,234.54330444335938,38.81949996948242,23.102699279785156
876.907470703125,224.5261993408203,40.64059829711914,24.353900909423828
881.406005859375,217.0446014404297,39.58570098876953,24.374300003051758
884.4688720703125,210.26669311523438,39.101600646972656,24.991300582885742
889.2241821289062,201.57000732421875,39.73659896850586,25.679899215698242
890.8936767578125,198.7133026123047,40.929298400878906,25.178499221801758
900.5194702148438,192.0308074951172,38.69810104370117,23.814699172973633
983.7694702148438,78.17949676513672,30.513599395751953,13.484700202941895
976.9976806640625,78.95220184326172,29.91160011291504,12.912300109863281
973.7686767578125,78.76909637451172,30.04840087890625,13.127400398254395
909.9937744140625,190.752197265625,40.03099822998047,24.663799285888672
912.94287109375,190.23989868164062,38.15370178222656,26.32200050354004
908.8145141601562,189.11399841308594,42.17539978027344,28.20949935913086
912.7009887695312,192.78399658203125,40.957801818847656,27.803699493408203
914.9553833007812,198.68310546875,41.12919998168945,26.752099990844727
915.9050903320312,198.1472930908203,40.8921012878418,26.652700424194336
917.0360717773438,204.7613983154297,42.05799865722656,25.59600067138672
919.5512084960938,210.81939697265625,41.004798889160156,25.65679931640625
941.4899291992188,78.21109771728516,30.20549964904785,13.05370044708252
936.9401245117188,78.1541976928711,30.889299392700195,13.145899772644043
924.7412719726562,248.93850708007812,40.920501708984375,24.54759979248047
924.5623779296875,261.8684997558594,41.220001220703125,23.70199966430664
926.4509887695312,275.53741455078125,40.51430130004883,23.41790008544922
926.9058227539062,288.8363952636719,39.72439956665039,22.891000747680664
926.7291259765625,304.2842102050781,42.006500244140625,24.524700164794922
927.1439208984375,319.0701904296875,42.015899658203125,24.88170051574707
932.4976196289062,327.34710693359375,40.169498443603516,25.962799072265625
941.5941772460938,329.2732849121094,42.18339920043945,24.70560073852539
949.8378295898438,331.54058837890625,44.385501861572266,27.36039924621582
960.9080200195312,334.4460144042969,45.34920120239258,26.9281005859375
973.5814208984375,339.8915100097656,45.33689880371094,27.359800338745117
984.8889770507812,346.0434875488281,46.64139938354492,27.35930061340332
1001.0430297851562,354.68389892578125,48.075199127197266,27.958999633789062
1015.640380859375,365.9804992675781,50.68470001220703,32.97200012207031
1031.1463623046875,378.9303894042969,51.87379837036133,29.21269989013672
1048.91259765625,393.9527893066406,54.5968017578125,30.744400024414062
1068.9180908203125,411.4419860839844,54.81919860839844,34.430599212646484
1088.0096435546875,432.7726135253906,55.421199798583984,35.076499938964844
859.2094116210938,79.65149688720703,31.31529998779297,13.357799530029297
856.0781860351562,80.36129760742188,30.094900131225586,13.1983003616333
852.869384765625,80.31950378417969,30.582300186157227,12.974499702453613
849.2952880859375,80.03209686279297,30.436399459838867,13.511799812316895
845.8463134765625,80.806396484375,31.019500732421875,13.59060001373291
1135.04931640625,453.8077087402344,63.614498138427734,35.47079849243164
1118.0440673828125,425.6553955078125,66.36620330810547,36.908599853515625
836.2938842773438,81.36799621582031,31.359600067138672,12.532999992370605
833.8905029296875,81.22229766845703,31.469600677490234,12.586600303649902
1072.5128173828125,350.8067932128906,65.13680267333984,35.57440185546875
828.7871704101562,81.48049926757812,31.09269905090332,12.792200088500977
1042.4246826171875,308.5408935546875,65.82009887695312,35.66490173339844
1027.6578369140625,291.355712890625,64.44920349121094,37.84579849243164
1013.059814453125,275.7806091308594,64.63619995117188,39.21580123901367
999.4818115234375,261.6293029785156,61.3848991394043,33.69300079345703
982.610107421875,248.68649291992188,64.42160034179688,35.95090103149414
968.2412109375,236.9116973876953,65.56839752197266,39.90629959106445
953.7515258789062,227.177001953125,63.64500045776367,39.968299865722656
940.3873901367188,220.24879455566406,62.418399810791016,37.817901611328125
925.4923095703125,213.34959411621094,64.62100219726562,40.78860092163086
911.4743041992188,209.2946014404297,63.9734992980957,39.27180099487305
898.6774291992188,209.16929626464844,60.70589828491211,35.197200775146484
884.188720703125,207.25360107421875,62.304100036621094,39.619598388671875
870.17919921875,211.37669372558594,61.52920150756836,34.812400817871094
861.29052734375,212.21539306640625,55.41170120239258,32.58829879760742
844.6605224609375,215.0876007080078,62.237098693847656,38.49509811401367
832.0734252929688,222.5543975830078,61.905799865722656,38.11859893798828
819.4876708984375,229.27789306640625,63.6692008972168,36.317901611328125
807.9307250976562,238.3553924560547,63.44969940185547,38.00490188598633
798.1776733398438,249.8632049560547,60.250999450683594,36.756900787353516
788.1547241210938,261.9729919433594,57.83729934692383,35.889400482177734
775.080078125,275.698486328125,59.88460159301758,37.8306999206543
763.776611328125,291.6348876953125,61.4015007019043,36.4734001159668
754.424072265625,307.4117126464844,61.1432991027832,32.668399810791016
735.9603271484375,347.4552001953125,57.87519836425781,31.425600051879883
734.12939453125,345.9737854003906,61.0255012512207,33.079200744628906
724.6721801757812,365.4359130859375,56.70220184326172,36.84379959106445
716.5438232421875,388.5815124511719,52.71229934692383,33.36370086669922
859.9555053710938,83.30970001220703,31.27400016784668,12.794099807739258
695.1934204101562,435.8387145996094,60.50469970703125,32.27439880371094
871.0446166992188,83.69429779052734,30.587499618530273,12.68179988861084
646.0200805664062,433.4435119628906,58.17620086669922,33.179901123046875
607.8598022460938,414.42041015625,57.58380126953125,31.891599655151367
571.2326049804688,395.86151123046875,56.28200149536133,33.435001373291016
570.7025146484375,394.8912048339844,56.16780090332031,33.94710159301758
501.1391906738281,369.1575012207031,53.983299255371094,33.58610153198242
500.26141357421875,369.1514892578125,55.934898376464844,33.083900451660156
441.73040771484375,348.8843994140625,49.04970169067383,30.444599151611328
406.89691162109375,340.2937927246094,51.03519821166992,31.976699829101562
378.2713928222656,334.9202880859375,51.88589859008789,32.37310028076172
350.86529541015625,331.5445861816406,52.08209991455078,29.715999603271484
325.67608642578125,327.84698486328125,50.442501068115234,30.408700942993164
301.2508850097656,327.3125915527344,51.52690124511719,30.41349983215332
278.6330871582031,328.29888916015625,50.00310134887695,29.434900283813477
258.2467041015625,330.52410888671875,49.265899658203125,30.270299911499023
237.2281951904297,334.1846008300781,48.99150085449219,38.84469985961914
993.3397216796875,78.46820068359375,14.717900276184082,12.052000045776367
203.60899353027344,343.40020751953125,45.54439926147461,27.551300048828125
189.45570373535156,349.1890869140625,41.81079864501953,29.576499938964844
1024.290283203125,77.3759994506836,10.0,10.878700256347656
157.07760620117188,365.2557067871094,50.99639892578125,28.45829963684082
1045.5498046875,75.71440124511719,10.0,10.104100227355957
1056.326904296875,75.52100372314453,10.0,10.246500015258789
1067.5433349609375,75.6802978515625,10.0,10.0
1078.248779296875,75.42179870605469,10.0,10.0
1088.96142578125,74.07260131835938,10.0,10.0
107.99019622802734,418.1619873046875,40.01689910888672,31.691699981689453
1109.3743896484375,74.56340026855469,10.0,10.0
1117.6943359375,74.12229919433594,10.0,10.0
109.62640380859375,435.6055908203125,45.45940017700195,28.955299377441406
1151.4642333984375,66.82279968261719,14.668700218200684,12.908599853515625
1164.2847900390625,64.99469757080078,25.563400268554688,13.766799926757812
1175.555908203125,63.98469924926758,30.700000762939453,13.948699951171875
123.25579833984375,475.48199462890625,39.85049819946289,27.61319923400879
124.82230377197266,489.3026123046875,39.899600982666016,28.26129913330078
122.65809631347656,503.2314147949219,45.667301177978516,28.33930015563965
124.88809967041016,519.1351928710938,45.1609992980957,28.217599868774414
125.62650299072266,537.7728881835938,43.50490188598633,23.35460090637207
128.03219604492188,553.26171875,42.779300689697266,29.65489959716797
136.75650024414062,552.3375854492188,41.09489822387695,30.176599502563477
133.9051971435547,544.830810546875,47.024200439453125,26.600900650024414
137.7248992919922,537.2548828125,44.42279815673828,27.609699249267578
1270.0,50.63859939575195,10.0,18.043500900268555
1262.6707763671875,49.17839813232422,17.329200744628906,23.072599411010742
1228.4451904296875,26.266399383544922,51.5547981262207,63.25659942626953
1181.490966796875,107.88200378417969,98.50900268554688,76.64949798583984
1131.0606689453125,188.07919311523438,76.84449768066406,33.226600646972656
1168.1939697265625,198.1002960205078,37.38759994506836,22.22369956970215
1191.3883056640625,201.95950317382812,29.702199935913086,14.902999877929688
1190.4261474609375,198.19540405273438,30.749900817871094,13.255900382995605
1199.6868896484375,200.68569946289062,29.033700942993164,14.16919994354248
1207.0172119140625,200.8509063720703,29.962299346923828,14.350099563598633
136.24929809570312,530.4794921875,46.220401763916016,29.01460075378418
1222.6365966796875,198.46279907226562,29.98259925842285,14.516200065612793
1229.3974609375,197.45950317382812,32.786399841308594,16.257999420166016
1239.3212890625,193.07240295410156,31.795700073242188,19.142200469970703
1244.8623046875,195.33120727539062,33.602500915527344,18.550199508666992
1250.976806640625,195.08200073242188,29.0231990814209,19.103599548339844
1256.8302001953125,185.5290069580078,23.16990089416504,21.691699981689453
1259.08984375,190.22970581054688,20.91010093688965,20.04789924621582
1252.1409912109375,177.3592987060547,27.858999252319336,25.438899993896484
1199.238037109375,170.67559814453125,80.43689727783203,44.05289840698242
1156.5814208984375,166.7174072265625,86.19650268554688,35.307098388671875
1175.4000244140625,167.32440185546875,58.1797981262207,25.683399200439453
1193.614990234375,168.47760009765625,37.49729919433594,16.087499618530273
