456.0,272.0,101.0,79.0
451.0,276.0,102.0,80.0
444.0,280.0,102.0,80.0
437.0,284.0,103.0,81.0
427.0,287.0,105.0,82.0
413.0,287.0,109.0,85.0
409.0,275.0,109.0,85.0
415.0,261.0,109.0,85.0
428.0,253.0,107.0,84.0
441.0,255.0,103.0,81.0
449.0,266.0,99.0,78.0
450.0,278.0,97.0,76.0
448.0,281.0,97.0,76.0
447.0,279.0,98.0,76.0
446.0,277.0,98.0,77.0
445.0,276.0,99.0,77.0
443.0,277.0,99.0,78.0
443.0,278.0,99.0,78.0
445.0,279.0,99.0,77.0
448.0,279.0,99.0,77.0
449.0,279.0,99.0,77.0
450.0,279.0,99.0,78.0
450.0,278.0,99.0,78.0
449.0,279.0,100.0,78.0
445.0,280.0,101.0,79.0
438.0,281.0,106.0,83.0
425.0,285.0,112.0,88.0
404.0,298.0,117.0,91.0
389.0,313.0,115.0,102.0
372.0,332.0,109.0,99.0
363.0,337.0,112.0,102.0
362.0,334.0,114.0,100.0
371.0,326.0,112.0,98.0
387.0,313.0,110.0,97.0
410.0,301.0,108.0,95.0
427.0,291.0,107.0,96.0
424.0,293.0,111.0,99.0
411.0,311.0,108.0,97.0
388.0,328.0,109.0,98.0
365.0,339.0,113.0,101.0
350.0,341.0,115.0,103.0
347.0,336.0,116.0,104.0
355.0,329.0,115.0,103.0
366.0,323.0,115.0,103.0
375.0,319.0,114.0,102.0
379.0,321.0,114.0,102.0
377.0,327.0,113.0,102.0
375.0,328.0,114.0,102.0
372.0,328.0,116.0,104.0
361.0,337.0,118.0,106.0
340.0,358.0,119.0,107.0
313.0,382.0,122.0,109.0
296.0,412.0,111.0,97.0
287.0,412.0,112.0,98.0
291.0,405.0,112.0,97.0
303.0,396.0,111.0,97.0
319.0,386.0,109.0,95.0
333.0,378.0,108.0,94.0
341.0,375.0,108.0,94.0
344.0,376.0,107.0,93.0
344.0,376.0,107.0,93.0
342.0,376.0,107.0,94.0
340.0,376.0,108.0,94.0
341.0,375.0,107.0,93.0
344.0,375.0,106.0,93.0
345.0,376.0,106.0,92.0
343.0,380.0,105.0,92.0
339.0,385.0,106.0,92.0
331.0,394.0,106.0,92.0
322.0,405.0,106.0,92.0
311.0,416.0,107.0,94.0
304.0,421.0,108.0,94.0
300.0,423.0,111.0,97.0
302.0,421.0,110.0,96.0
307.0,417.0,108.0,94.0
317.0,410.0,106.0,93.0
327.0,402.0,101.0,88.0
340.0,380.0,114.0,104.0
356.0,365.0,115.0,103.0
373.0,350.0,110.0,99.0
384.0,339.0,108.0,97.0
392.0,327.0,107.0,97.0
402.0,312.0,109.0,107.0
411.0,309.0,109.0,107.0
421.0,311.0,102.0,100.0
424.0,313.0,100.0,98.0
429.0,315.0,99.0,97.0
431.0,315.0,98.0,96.0
432.0,315.0,100.0,98.0
435.0,315.0,104.0,102.0
440.0,318.0,101.0,99.0
448.0,323.0,105.0,103.0
452.0,323.0,103.0,101.0
453.0,327.0,101.0,99.0
459.0,334.0,108.0,96.0
458.0,332.0,119.0,101.0
477.0,334.0,100.0,100.0
478.0,334.0,99.0,99.0
479.0,331.0,99.0,99.0
484.0,327.0,100.0,96.0
489.0,319.0,99.0,95.0
494.0,310.0,101.0,97.0
499.0,301.0,92.0,97.0
498.0,296.0,92.0,97.0
492.0,301.0,88.0,91.0
487.0,303.0,88.0,91.0
484.0,308.0,89.0,92.0
483.0,326.0,92.0,95.0
487.0,348.0,81.0,83.0
0
0
0
548.0,486.0,76.0,87.0
536.0,481.0,92.0,87.0
536.0,474.0,99.0,94.0
556.0,480.0,73.0,83.0
553.0,479.0,89.0,78.0
560.0,484.0,81.0,71.0
557.0,472.0,97.0,83.0
555.0,461.0,103.0,88.0
555.0,465.0,100.0,73.0
556.0,454.0,101.0,74.0
557.0,430.0,103.0,85.0
557.0,410.0,96.0,79.0
552.0,383.0,103.0,85.0
534.0,367.0,121.0,100.0
520.0,363.0,112.0,90.0
493.0,348.0,112.0,90.0
484.0,329.0,90.0,72.0
466.0,335.0,77.0,62.0
456.0,324.0,84.0,68.0
451.0,298.0,91.0,106.0
455.0,300.0,90.0,105.0
467.0,303.0,86.0,100.0
472.0,311.0,104.0,105.0
488.0,311.0,94.0,113.0
494.0,320.0,100.0,95.0
495.0,320.0,99.0,94.0
494.0,320.0,100.0,95.0
492.0,316.0,103.0,98.0
487.0,312.0,106.0,101.0
483.0,312.0,105.0,100.0
481.0,314.0,104.0,99.0
479.0,317.0,104.0,99.0
475.0,318.0,104.0,99.0
473.0,318.0,105.0,99.0
472.0,317.0,106.0,100.0
471.0,316.0,107.0,101.0
469.0,315.0,109.0,104.0
466.0,315.0,110.0,104.0
465.0,316.0,110.0,104.0
463.0,317.0,110.0,105.0
459.0,318.0,111.0,106.0
455.0,321.0,111.0,106.0
451.0,323.0,111.0,105.0
450.0,324.0,111.0,105.0
449.0,324.0,111.0,106.0
449.0,322.0,112.0,106.0
450.0,321.0,112.0,106.0
452.0,321.0,112.0,106.0
453.0,321.0,111.0,106.0
454.0,322.0,111.0,105.0
454.0,322.0,111.0,105.0
454.0,322.0,111.0,105.0
453.0,322.0,112.0,106.0
449.0,327.0,114.0,109.0
439.0,335.0,118.0,112.0
426.0,345.0,120.0,114.0
410.0,357.0,122.0,116.0
383.0,371.0,121.0,111.0
370.0,373.0,125.0,115.0
366.0,368.0,126.0,116.0
371.0,359.0,124.0,114.0
382.0,349.0,121.0,111.0
396.0,342.0,118.0,109.0
409.0,339.0,115.0,105.0
419.0,336.0,110.0,101.0
418.0,337.0,115.0,118.0
420.0,338.0,114.0,117.0
418.0,349.0,111.0,109.0
415.0,352.0,111.0,109.0
412.0,354.0,111.0,109.0
409.0,357.0,112.0,110.0
407.0,360.0,112.0,110.0
406.0,361.0,112.0,110.0
405.0,362.0,112.0,110.0
405.0,362.0,112.0,110.0
406.0,361.0,112.0,110.0
407.0,360.0,112.0,110.0
408.0,359.0,112.0,110.0
409.0,358.0,111.0,109.0
411.0,355.0,112.0,110.0
412.0,353.0,112.0,110.0
413.0,352.0,112.0,110.0
414.0,353.0,111.0,109.0
416.0,352.0,111.0,109.0
419.0,352.0,110.0,108.0
424.0,351.0,108.0,106.0
430.0,350.0,106.0,104.0
436.0,348.0,104.0,102.0
440.0,345.0,103.0,102.0
444.0,344.0,102.0,100.0
446.0,344.0,100.0,99.0
447.0,343.0,100.0,98.0
446.0,343.0,100.0,98.0
445.0,344.0,99.0,98.0
444.0,344.0,99.0,98.0
443.0,345.0,100.0,98.0
440.0,348.0,99.0,97.0
436.0,351.0,99.0,97.0
434.0,354.0,98.0,96.0
433.0,354.0,98.0,96.0
432.0,353.0,97.0,96.0
432.0,352.0,98.0,96.0
431.0,351.0,99.0,97.0
431.0,347.0,100.0,98.0
434.0,344.0,100.0,98.0
437.0,342.0,100.0,98.0
440.0,343.0,100.0,98.0
441.0,345.0,100.0,98.0
441.0,347.0,99.0,97.0
440.0,349.0,98.0,96.0
439.0,349.0,98.0,97.0
439.0,349.0,98.0,96.0
439.0,348.0,98.0,96.0
439.0,348.0,99.0,97.0
439.0,348.0,99.0,97.0
439.0,349.0,102.0,100.0
436.0,353.0,104.0,102.0
428.0,360.0,105.0,103.0
417.0,368.0,107.0,105.0
406.0,374.0,109.0,107.0
396.0,378.0,109.0,107.0
391.0,375.0,109.0,107.0
391.0,371.0,108.0,106.0
397.0,365.0,107.0,105.0
409.0,358.0,103.0,101.0
427.0,348.0,102.0,100.0
443.0,341.0,98.0,96.0
454.0,331.0,101.0,100.0
454.0,331.0,101.0,100.0
446.0,331.0,109.0,106.0
442.0,331.0,113.0,108.0
443.0,331.0,112.0,100.0
447.0,314.0,101.0,100.0
455.0,301.0,107.0,102.0
465.0,293.0,107.0,102.0
476.0,289.0,106.0,101.0
485.0,289.0,99.0,103.0
487.0,291.0,97.0,101.0
483.0,299.0,95.0,95.0
480.0,300.0,95.0,95.0
477.0,301.0,94.0,94.0
475.0,303.0,94.0,94.0
475.0,306.0,93.0,93.0
476.0,308.0,94.0,94.0
480.0,310.0,94.0,94.0
482.0,310.0,95.0,95.0
483.0,309.0,95.0,95.0
485.0,308.0,96.0,96.0
485.0,307.0,97.0,97.0
483.0,309.0,97.0,97.0
482.0,311.0,97.0,97.0
481.0,312.0,97.0,97.0
480.0,313.0,97.0,97.0
480.0,313.0,97.0,97.0
481.0,313.0,96.0,96.0
484.0,312.0,96.0,96.0
485.0,311.0,96.0,96.0
486.0,311.0,96.0,96.0
488.0,312.0,96.0,96.0
490.0,313.0,94.0,94.0
490.0,315.0,92.0,92.0
490.0,317.0,91.0,91.0
486.0,320.0,96.0,103.0
481.0,323.0,96.0,103.0
474.0,325.0,98.0,105.0
460.0,328.0,101.0,108.0
450.0,334.0,101.0,108.0
458.0,337.0,87.0,110.0
461.0,336.0,90.0,113.0
460.0,337.0,97.0,111.0
455.0,340.0,105.0,106.0
454.0,341.0,106.0,100.0
453.0,342.0,106.0,100.0
455.0,344.0,103.0,97.0
457.0,337.0,108.0,103.0
474.0,335.0,93.0,100.0
464.0,331.0,100.0,73.0
449.0,331.0,102.0,74.0
433.0,335.0,109.0,80.0
418.0,330.0,110.0,89.0
416.0,329.0,112.0,91.0
429.0,301.0,112.0,108.0
443.0,284.0,113.0,109.0
467.0,279.0,111.0,98.0
482.0,280.0,105.0,93.0
486.0,283.0,102.0,90.0
481.0,291.0,100.0,88.0
470.0,302.0,105.0,101.0
462.0,304.0,105.0,101.0
458.0,301.0,108.0,104.0
461.0,296.0,108.0,104.0
462.0,290.0,111.0,107.0
464.0,288.0,114.0,109.0
482.0,294.0,103.0,100.0
484.0,297.0,102.0,99.0
485.0,299.0,100.0,101.0
508.0,297.0,76.0,106.0
510.0,300.0,71.0,85.0
504.0,304.0,71.0,85.0
500.0,310.0,71.0,84.0
493.0,319.0,72.0,86.0
506.0,321.0,47.0,59.0
494.0,329.0,45.0,57.0
487.0,329.0,58.0,76.0
487.0,330.0,59.0,78.0
496.0,335.0,48.0,74.0
491.0,325.0,43.0,83.0
489.0,316.0,52.0,88.0
494.0,310.0,87.0,92.0
503.0,296.0,89.0,94.0
509.0,283.0,91.0,97.0
513.0,273.0,92.0,97.0
516.0,267.0,92.0,97.0
521.0,265.0,93.0,98.0
526.0,265.0,92.0,97.0
528.0,266.0,93.0,99.0
529.0,265.0,93.0,99.0
532.0,273.0,91.0,81.0
529.0,288.0,87.0,65.0
523.0,302.0,85.0,52.0
521.0,280.0,78.0,83.0
518.0,269.0,100.0,86.0
508.0,275.0,106.0,83.0
494.0,276.0,111.0,91.0
494.0,280.0,102.0,87.0
488.0,284.0,102.0,87.0
481.0,290.0,102.0,87.0
477.0,296.0,99.0,85.0
479.0,300.0,100.0,86.0
475.0,303.0,96.0,82.0
471.0,306.0,97.0,83.0
471.0,308.0,110.0,99.0
471.0,311.0,109.0,98.0
478.0,322.0,97.0,97.0
476.0,328.0,86.0,83.0
479.0,330.0,88.0,96.0
451.0,337.0,95.0,66.0
446.0,344.0,84.0,68.0
447.0,333.0,85.0,63.0
449.0,329.0,85.0,56.0
439.0,327.0,95.0,58.0
439.0,328.0,95.0,58.0
447.0,333.0,91.0,56.0
448.0,343.0,82.0,50.0
426.0,360.0,79.0,48.0
397.0,384.0,97.0,43.0
372.0,385.0,100.0,44.0
362.0,376.0,99.0,44.0
349.0,352.0,115.0,55.0
356.0,335.0,124.0,59.0
370.0,334.0,117.0,56.0
370.0,355.0,106.0,51.0
376.0,367.0,98.0,46.0
394.0,352.0,102.0,48.0
403.0,344.0,103.0,48.0
395.0,349.0,111.0,52.0
406.0,358.0,100.0,44.0
411.0,350.0,100.0,44.0
415.0,346.0,99.0,44.0
417.0,346.0,99.0,43.0
420.0,348.0,98.0,43.0
425.0,357.0,94.0,41.0
416.0,367.0,102.0,45.0
402.0,384.0,107.0,47.0
389.0,399.0,109.0,48.0
371.0,409.0,111.0,49.0
343.0,411.0,128.0,47.0
345.0,368.0,126.0,90.0
360.0,321.0,138.0,98.0
385.0,278.0,145.0,104.0
420.0,251.0,138.0,99.0
444.0,235.0,136.0,97.0
460.0,234.0,129.0,92.0
471.0,237.0,125.0,89.0
474.0,251.0,123.0,78.0
475.0,256.0,120.0,90.0
475.0,258.0,119.0,89.0
478.0,254.0,120.0,90.0
480.0,252.0,120.0,90.0
475.0,253.0,120.0,90.0
459.0,265.0,120.0,90.0
441.0,279.0,119.0,89.0
420.0,301.0,114.0,86.0
394.0,321.0,116.0,87.0
368.0,346.0,116.0,87.0
341.0,369.0,123.0,88.0
333.0,372.0,124.0,89.0
344.0,355.0,125.0,89.0
364.0,325.0,129.0,92.0
395.0,290.0,133.0,95.0
435.0,262.0,130.0,93.0
459.0,240.0,134.0,96.0
497.0,248.0,103.0,78.0
493.0,259.0,100.0,76.0
468.0,273.0,102.0,74.0
432.0,298.0,104.0,76.0
407.0,320.0,103.0,58.0
398.0,318.0,108.0,61.0
402.0,312.0,107.0,60.0
418.0,298.0,111.0,63.0
439.0,282.0,112.0,63.0
452.0,278.0,113.0,63.0
452.0,280.0,112.0,63.0
449.0,281.0,114.0,64.0
448.0,279.0,113.0,64.0
450.0,277.0,113.0,64.0
458.0,274.0,112.0,63.0
463.0,278.0,112.0,63.0
464.0,287.0,111.0,62.0
465.0,291.0,112.0,63.0
481.0,283.0,108.0,83.0
482.0,282.0,113.0,94.0
484.0,282.0,112.0,93.0
485.0,289.0,123.0,93.0
485.0,296.0,122.0,92.0
486.0,305.0,119.0,90.0
484.0,310.0,103.0,91.0
484.0,317.0,97.0,88.0
482.0,321.0,99.0,89.0
467.0,322.0,103.0,95.0
464.0,333.0,104.0,86.0
458.0,337.0,104.0,88.0
457.0,334.0,95.0,93.0
454.0,334.0,93.0,92.0
453.0,330.0,93.0,91.0
456.0,325.0,92.0,90.0
458.0,323.0,91.0,89.0
458.0,323.0,91.0,89.0
457.0,324.0,91.0,89.0
456.0,326.0,90.0,88.0
456.0,325.0,90.0,88.0
456.0,323.0,90.0,88.0
456.0,322.0,90.0,88.0
455.0,322.0,90.0,88.0
456.0,322.0,90.0,88.0
458.0,322.0,90.0,88.0
459.0,323.0,89.0,87.0
459.0,324.0,89.0,87.0
460.0,321.0,89.0,87.0
462.0,317.0,90.0,88.0
463.0,314.0,90.0,88.0
463.0,313.0,90.0,88.0
464.0,315.0,89.0,87.0
466.0,316.0,89.0,87.0
467.0,315.0,90.0,88.0
468.0,311.0,91.0,89.0
468.0,307.0,91.0,89.0
468.0,304.0,91.0,89.0
467.0,303.0,92.0,90.0
467.0,306.0,92.0,90.0
466.0,310.0,92.0,90.0
464.0,312.0,92.0,90.0
464.0,312.0,92.0,90.0
466.0,311.0,90.0,89.0
467.0,311.0,91.0,89.0
467.0,313.0,92.0,90.0
466.0,314.0,93.0,91.0
465.0,314.0,93.0,92.0
465.0,314.0,94.0,92.0
467.0,315.0,91.0,89.0
467.0,315.0,89.0,87.0
467.0,312.0,89.0,87.0
469.0,308.0,89.0,87.0
470.0,305.0,89.0,87.0
471.0,304.0,89.0,87.0
471.0,300.0,89.0,87.0
470.0,297.0,89.0,87.0
469.0,297.0,90.0,88.0
471.0,300.0,87.0,86.0
473.0,306.0,89.0,87.0
472.0,308.0,89.0,87.0
473.0,311.0,88.0,86.0
479.0,314.0,88.0,86.0
485.0,319.0,85.0,83.0
488.0,325.0,83.0,81.0
487.0,319.0,97.0,102.0
485.0,320.0,96.0,101.0
485.0,321.0,94.0,99.0
482.0,325.0,92.0,97.0
487.0,329.0,90.0,107.0
489.0,322.0,90.0,108.0
489.0,312.0,92.0,110.0
493.0,297.0,96.0,114.0
500.0,286.0,95.0,115.0
498.0,276.0,102.0,121.0
518.0,281.0,100.0,110.0
0
0
541.0,301.0,52.0,62.0
527.0,307.0,61.0,67.0
511.0,310.0,70.0,92.0
492.0,303.0,102.0,122.0
483.0,304.0,97.0,120.0
476.0,310.0,83.0,106.0
447.0,305.0,86.0,117.0
443.0,327.0,86.0,91.0
447.0,309.0,80.0,97.0
469.0,276.0,92.0,111.0
500.0,261.0,88.0,107.0
532.0,251.0,86.0,104.0
518.0,280.0,96.0,98.0
534.0,282.0,91.0,93.0
541.0,286.0,89.0,96.0
549.0,287.0,85.0,91.0
561.0,284.0,74.0,91.0
561.0,282.0,74.0,91.0
559.0,281.0,81.0,106.0
557.0,281.0,81.0,107.0
557.0,280.0,82.0,107.0
553.0,280.0,83.0,108.0
554.0,280.0,82.0,108.0
554.0,280.0,82.0,107.0
555.0,283.0,81.0,106.0
553.0,287.0,80.0,105.0
551.0,291.0,80.0,104.0
549.0,293.0,79.0,104.0
546.0,296.0,80.0,105.0
541.0,300.0,80.0,105.0
538.0,304.0,94.0,106.0
531.0,308.0,95.0,107.0
525.0,308.0,98.0,111.0
517.0,306.0,107.0,120.0
511.0,309.0,98.0,97.0
506.0,311.0,100.0,99.0
502.0,313.0,102.0,101.0
496.0,317.0,102.0,101.0
494.0,316.0,102.0,101.0
497.0,317.0,101.0,100.0
499.0,320.0,99.0,98.0
488.0,316.0,95.0,100.0
479.0,311.0,94.0,103.0
483.0,315.0,90.0,93.0
484.0,310.0,92.0,95.0
485.0,301.0,88.0,91.0
483.0,282.0,104.0,108.0
489.0,272.0,103.0,107.0
496.0,266.0,102.0,106.0
502.0,262.0,99.0,102.0
503.0,255.0,98.0,102.0
504.0,250.0,99.0,103.0
507.0,245.0,99.0,102.0
509.0,241.0,98.0,102.0
510.0,239.0,98.0,101.0
508.0,239.0,98.0,101.0
506.0,240.0,98.0,102.0
503.0,243.0,101.0,105.0
497.0,246.0,92.0,90.0
493.0,247.0,92.0,90.0
489.0,246.0,92.0,90.0
487.0,244.0,92.0,90.0
487.0,245.0,92.0,90.0
487.0,247.0,92.0,90.0
485.0,250.0,92.0,90.0
483.0,254.0,93.0,91.0
480.0,257.0,93.0,91.0
476.0,258.0,94.0,92.0
472.0,251.0,95.0,93.0
471.0,240.0,97.0,95.0
479.0,239.0,95.0,93.0
490.0,240.0,94.0,92.0
501.0,244.0,91.0,89.0
505.0,245.0,91.0,89.0
509.0,243.0,90.0,88.0
512.0,241.0,90.0,88.0
512.0,239.0,90.0,88.0
510.0,238.0,91.0,89.0
509.0,237.0,91.0,89.0
508.0,236.0,91.0,89.0
506.0,236.0,91.0,89.0
506.0,237.0,91.0,89.0
507.0,237.0,91.0,89.0
509.0,237.0,91.0,89.0
510.0,236.0,91.0,89.0
508.0,233.0,94.0,92.0
508.0,233.0,94.0,92.0
508.0,234.0,95.0,93.0
507.0,236.0,94.0,92.0
507.0,239.0,94.0,92.0
506.0,240.0,94.0,92.0
505.0,242.0,94.0,92.0
504.0,244.0,94.0,92.0
502.0,244.0,94.0,92.0
501.0,247.0,94.0,88.0
501.0,245.0,94.0,88.0
501.0,245.0,94.0,88.0
501.0,245.0,94.0,88.0
501.0,246.0,94.0,88.0
501.0,247.0,94.0,88.0
501.0,247.0,94.0,88.0
500.0,247.0,94.0,88.0
500.0,247.0,94.0,88.0
500.0,248.0,94.0,88.0
499.0,248.0,94.0,88.0
499.0,248.0,94.0,88.0
499.0,248.0,94.0,88.0
499.0,247.0,94.0,88.0
499.0,247.0,94.0,88.0
499.0,249.0,94.0,88.0
500.0,250.0,94.0,88.0
502.0,251.0,94.0,88.0
523.0,262.0,94.0,88.0
573.0,291.0,94.0,88.0
0
677.0,408.0,60.0,91.0
673.0,417.0,74.0,94.0
652.0,431.0,78.0,95.0
653.0,436.0,76.0,92.0
653.0,444.0,76.0,99.0
651.0,448.0,66.0,95.0
629.0,464.0,81.0,85.0
624.0,464.0,73.0,82.0
619.0,458.0,73.0,82.0
608.0,455.0,80.0,90.0
589.0,456.0,90.0,89.0
574.0,452.0,100.0,72.0
590.0,442.0,73.0,55.0
546.0,431.0,85.0,68.0
528.0,417.0,85.0,68.0
496.0,399.0,79.0,63.0
477.0,375.0,80.0,64.0
472.0,350.0,88.0,80.0
480.0,285.0,86.0,123.0
491.0,287.0,105.0,105.0
493.0,295.0,103.0,103.0
500.0,319.0,116.0,116.0
525.0,350.0,101.0,101.0
521.0,362.0,104.0,98.0
521.0,363.0,101.0,96.0
524.0,355.0,101.0,95.0
525.0,340.0,103.0,97.0
523.0,330.0,106.0,100.0
523.0,323.0,107.0,100.0
520.0,319.0,108.0,102.0
515.0,320.0,109.0,103.0
511.0,321.0,109.0,103.0
509.0,322.0,109.0,103.0
509.0,322.0,109.0,103.0
510.0,321.0,110.0,104.0
512.0,318.0,110.0,104.0
514.0,316.0,110.0,104.0
514.0,314.0,110.0,104.0
512.0,311.0,111.0,105.0
512.0,310.0,111.0,104.0
512.0,308.0,111.0,105.0
510.0,305.0,112.0,106.0
509.0,299.0,113.0,106.0
509.0,290.0,114.0,107.0
509.0,280.0,115.0,108.0
511.0,278.0,115.0,108.0
518.0,285.0,113.0,107.0
529.0,307.0,109.0,103.0
542.0,326.0,105.0,99.0
544.0,330.0,103.0,97.0
544.0,327.0,103.0,97.0
546.0,319.0,104.0,98.0
544.0,314.0,106.0,99.0
539.0,313.0,106.0,100.0
537.0,313.0,106.0,100.0
536.0,311.0,107.0,100.0
533.0,309.0,107.0,101.0
531.0,308.0,108.0,102.0
529.0,306.0,108.0,102.0
529.0,306.0,108.0,102.0
528.0,305.0,109.0,102.0
527.0,304.0,109.0,103.0
526.0,303.0,109.0,103.0
525.0,302.0,110.0,103.0
524.0,301.0,110.0,104.0
524.0,301.0,110.0,104.0
523.0,301.0,110.0,104.0
524.0,301.0,110.0,104.0
524.0,301.0,110.0,104.0
524.0,301.0,111.0,104.0
525.0,301.0,110.0,104.0
526.0,302.0,110.0,104.0
526.0,303.0,110.0,104.0
526.0,307.0,110.0,104.0
525.0,314.0,110.0,104.0
524.0,326.0,110.0,104.0
528.0,343.0,107.0,101.0
528.0,362.0,104.0,98.0
522.0,378.0,101.0,95.0
517.0,387.0,97.0,99.0
514.0,394.0,95.0,97.0
510.0,399.0,93.0,95.0
506.0,401.0,92.0,94.0
502.0,399.0,87.0,88.0
498.0,413.0,92.0,71.0
503.0,414.0,88.0,68.0
500.0,417.0,88.0,68.0
499.0,432.0,95.0,73.0
496.0,436.0,102.0,78.0
493.0,435.0,101.0,78.0
493.0,435.0,101.0,78.0
494.0,458.0,101.0,89.0
494.0,458.0,101.0,89.0
494.0,458.0,101.0,89.0
478.0,448.0,101.0,89.0
469.0,444.0,106.0,93.0
472.0,437.0,88.0,78.0
441.0,428.0,85.0,76.0
430.0,428.0,88.0,79.0
413.0,421.0,111.0,91.0
408.0,425.0,112.0,92.0
408.0,415.0,111.0,102.0
418.0,416.0,102.0,94.0
428.0,416.0,97.0,112.0
434.0,414.0,92.0,107.0
443.0,405.0,115.0,105.0
448.0,395.0,111.0,101.0
456.0,354.0,120.0,110.0
462.0,321.0,120.0,110.0
475.0,285.0,117.0,108.0
487.0,254.0,111.0,102.0
501.0,232.0,108.0,99.0
513.0,217.0,106.0,97.0
513.0,217.0,116.0,103.0
514.0,222.0,114.0,102.0
514.0,232.0,112.0,99.0
514.0,249.0,109.0,96.0
509.0,259.0,109.0,97.0
502.0,268.0,111.0,99.0
496.0,285.0,114.0,101.0
492.0,308.0,113.0,100.0
489.0,325.0,111.0,99.0
485.0,334.0,110.0,98.0
478.0,337.0,112.0,100.0
473.0,337.0,114.0,101.0
472.0,337.0,114.0,101.0
482.0,343.0,96.0,96.0
480.0,343.0,97.0,97.0
476.0,346.0,97.0,97.0
472.0,347.0,97.0,97.0
472.0,347.0,97.0,97.0
477.0,344.0,100.0,100.0
492.0,346.0,98.0,98.0
502.0,348.0,97.0,97.0
510.0,345.0,101.0,101.0
506.0,345.0,102.0,102.0
515.0,353.0,103.0,103.0
522.0,362.0,104.0,104.0
528.0,380.0,106.0,106.0
528.0,396.0,108.0,108.0
527.0,407.0,107.0,107.0
523.0,412.0,95.0,100.0
517.0,411.0,95.0,100.0
514.0,409.0,95.0,100.0
513.0,406.0,95.0,100.0
513.0,403.0,94.0,99.0
508.0,394.0,95.0,100.0
507.0,385.0,96.0,101.0
509.0,378.0,96.0,101.0
511.0,374.0,96.0,101.0
510.0,373.0,97.0,102.0
508.0,373.0,97.0,102.0
509.0,375.0,97.0,102.0
510.0,377.0,97.0,102.0
510.0,378.0,97.0,102.0
509.0,381.0,97.0,102.0
506.0,385.0,97.0,103.0
503.0,389.0,97.0,102.0
501.0,392.0,97.0,103.0
500.0,392.0,98.0,103.0
501.0,392.0,98.0,103.0
504.0,389.0,98.0,104.0
509.0,386.0,98.0,104.0
516.0,382.0,98.0,103.0
523.0,378.0,97.0,103.0
529.0,375.0,96.0,102.0
534.0,374.0,95.0,101.0
538.0,373.0,95.0,100.0
541.0,375.0,95.0,100.0
541.0,377.0,94.0,99.0
543.0,379.0,93.0,98.0
544.0,379.0,93.0,98.0
544.0,379.0,93.0,98.0
543.0,378.0,93.0,98.0
541.0,379.0,93.0,98.0
539.0,379.0,94.0,99.0
537.0,379.0,94.0,99.0
536.0,379.0,95.0,100.0
535.0,377.0,95.0,100.0
536.0,374.0,96.0,101.0
534.0,373.0,96.0,101.0
532.0,374.0,96.0,101.0
531.0,374.0,96.0,101.0
529.0,376.0,96.0,101.0
528.0,377.0,96.0,101.0
528.0,376.0,96.0,101.0
529.0,376.0,96.0,101.0
531.0,374.0,96.0,101.0
535.0,371.0,96.0,101.0
539.0,368.0,96.0,101.0
542.0,367.0,96.0,101.0
544.0,366.0,96.0,101.0
544.0,366.0,96.0,101.0
543.0,366.0,96.0,101.0
540.0,366.0,96.0,101.0
539.0,366.0,96.0,101.0
540.0,365.0,96.0,101.0
549.0,364.0,95.0,100.0
558.0,367.0,86.0,97.0
560.0,397.0,75.0,85.0
558.0,403.0,77.0,87.0
570.0,399.0,96.0,91.0
568.0,401.0,96.0,91.0
568.0,400.0,96.0,91.0
565.0,399.0,96.0,91.0
561.0,399.0,96.0,91.0
559.0,398.0,96.0,91.0
556.0,399.0,96.0,91.0
553.0,402.0,95.0,90.0
551.0,401.0,95.0,90.0
552.0,395.0,96.0,91.0
530.0,418.0,96.0,91.0
526.0,422.0,94.0,89.0
526.0,424.0,92.0,87.0
515.0,416.0,104.0,101.0
515.0,410.0,99.0,107.0
503.0,413.0,103.0,95.0
495.0,417.0,106.0,95.0
486.0,421.0,109.0,98.0
482.0,425.0,109.0,98.0
486.0,419.0,109.0,98.0
485.0,421.0,109.0,98.0
484.0,418.0,111.0,99.0
485.0,419.0,109.0,91.0
490.0,415.0,109.0,91.0
498.0,409.0,106.0,88.0
503.0,405.0,107.0,89.0
509.0,402.0,105.0,104.0
516.0,406.0,102.0,101.0
522.0,407.0,100.0,99.0
530.0,408.0,99.0,98.0
534.0,408.0,97.0,96.0
541.0,405.0,96.0,95.0
550.0,403.0,94.0,93.0
556.0,403.0,90.0,89.0
559.0,397.0,93.0,92.0
567.0,391.0,93.0,92.0
574.0,386.0,92.0,91.0
581.0,380.0,93.0,92.0
586.0,374.0,94.0,93.0
588.0,376.0,93.0,92.0
590.0,376.0,93.0,92.0
593.0,373.0,94.0,93.0
599.0,373.0,92.0,91.0
603.0,372.0,98.0,101.0
606.0,371.0,96.0,99.0
606.0,370.0,96.0,99.0
602.0,369.0,98.0,101.0
602.0,366.0,98.0,101.0
603.0,359.0,101.0,104.0
600.0,353.0,105.0,108.0
600.0,351.0,102.0,105.0
601.0,347.0,104.0,107.0
613.0,333.0,104.0,86.0
614.0,327.0,106.0,88.0
613.0,324.0,106.0,88.0
613.0,323.0,108.0,89.0
613.0,323.0,108.0,90.0
612.0,322.0,110.0,91.0
611.0,321.0,111.0,92.0
611.0,319.0,111.0,92.0
610.0,316.0,113.0,94.0
610.0,313.0,115.0,95.0
610.0,308.0,116.0,96.0
610.0,305.0,118.0,97.0
609.0,303.0,119.0,98.0
607.0,301.0,121.0,100.0
607.0,299.0,122.0,100.0
607.0,297.0,122.0,101.0
605.0,298.0,107.0,102.0
604.0,298.0,107.0,102.0
601.0,299.0,108.0,103.0
596.0,302.0,108.0,103.0
592.0,305.0,109.0,104.0
588.0,307.0,113.0,107.0
586.0,308.0,113.0,108.0
584.0,309.0,112.0,107.0
591.0,304.0,103.0,79.0
589.0,305.0,102.0,78.0
587.0,305.0,101.0,78.0
587.0,305.0,98.0,75.0
586.0,306.0,96.0,74.0
586.0,307.0,94.0,72.0
584.0,310.0,90.0,69.0
581.0,314.0,88.0,68.0
579.0,318.0,85.0,65.0
576.0,322.0,83.0,63.0
573.0,326.0,79.0,60.0
572.0,331.0,95.0,63.0
572.0,335.0,91.0,61.0
570.0,336.0,90.0,59.0
570.0,338.0,88.0,58.0
559.0,338.0,99.0,58.0
559.0,341.0,95.0,56.0
560.0,347.0,88.0,51.0
557.0,351.0,84.0,49.0
556.0,354.0,82.0,48.0
554.0,355.0,83.0,49.0
548.0,354.0,89.0,44.0
547.0,353.0,90.0,44.0
546.0,352.0,92.0,45.0
546.0,352.0,92.0,45.0
546.0,352.0,92.0,46.0
544.0,351.0,94.0,47.0
542.0,351.0,95.0,47.0
541.0,352.0,102.0,48.0
540.0,353.0,102.0,48.0
540.0,354.0,101.0,47.0
541.0,355.0,99.0,46.0
542.0,357.0,97.0,46.0
546.0,359.0,94.0,44.0
548.0,358.0,95.0,45.0
550.0,359.0,96.0,45.0
552.0,360.0,95.0,45.0
550.0,361.0,99.0,46.0
550.0,363.0,98.0,46.0
549.0,366.0,96.0,45.0
546.0,369.0,96.0,45.0
543.0,371.0,95.0,44.0
539.0,370.0,97.0,45.0
537.0,369.0,98.0,45.0
537.0,368.0,98.0,45.0
537.0,369.0,96.0,44.0
536.0,370.0,95.0,44.0
537.0,371.0,92.0,43.0
535.0,373.0,89.0,41.0
532.0,375.0,89.0,41.0
529.0,379.0,84.0,39.0
525.0,380.0,82.0,38.0
519.0,378.0,90.0,42.0
516.0,377.0,90.0,42.0
513.0,374.0,91.0,42.0
509.0,378.0,88.0,41.0
506.0,376.0,88.0,41.0
503.0,374.0,89.0,41.0
506.0,373.0,84.0,39.0
503.0,370.0,86.0,40.0
500.0,369.0,86.0,40.0
493.0,363.0,93.0,46.0
479.0,367.0,95.0,47.0
475.0,368.0,96.0,47.0
472.0,368.0,100.0,50.0
448.0,377.0,126.0,57.0
440.0,385.0,133.0,48.0
445.0,387.0,119.0,39.0
435.0,387.0,131.0,58.0
435.0,387.0,131.0,58.0
431.0,389.0,132.0,59.0
418.0,396.0,140.0,62.0
418.0,396.0,140.0,62.0
411.0,400.0,145.0,64.0
409.0,402.0,126.0,59.0
409.0,402.0,126.0,59.0
409.0,403.0,127.0,59.0
409.0,401.0,130.0,61.0
409.0,401.0,131.0,61.0
411.0,402.0,132.0,62.0
412.0,404.0,131.0,61.0
413.0,406.0,130.0,61.0
413.0,410.0,129.0,60.0
398.0,415.0,143.0,60.0
396.0,418.0,144.0,61.0
396.0,420.0,147.0,62.0
395.0,419.0,144.0,60.0
395.0,420.0,147.0,61.0
395.0,423.0,150.0,62.0
395.0,426.0,150.0,62.0
395.0,429.0,154.0,64.0
395.0,432.0,156.0,65.0
396.0,433.0,158.0,66.0
396.0,433.0,161.0,67.0
397.0,434.0,164.0,68.0
397.0,435.0,167.0,70.0
396.0,439.0,170.0,71.0
396.0,443.0,175.0,73.0
408.0,442.0,150.0,70.0
408.0,442.0,150.0,70.0
414.0,443.0,152.0,71.0
420.0,438.0,151.0,70.0
427.0,430.0,150.0,70.0
435.0,425.0,149.0,70.0
448.0,423.0,139.0,65.0
460.0,411.0,137.0,102.0
460.0,410.0,138.0,103.0
460.0,409.0,140.0,105.0
463.0,406.0,143.0,106.0
465.0,402.0,150.0,112.0
467.0,393.0,148.0,130.0
465.0,391.0,148.0,130.0
464.0,390.0,147.0,129.0
464.0,388.0,146.0,128.0
465.0,386.0,148.0,130.0
470.0,383.0,148.0,130.0
475.0,379.0,148.0,130.0
474.0,378.0,146.0,128.0
471.0,380.0,145.0,128.0
469.0,379.0,145.0,128.0
470.0,374.0,146.0,128.0
470.0,370.0,146.0,128.0
465.0,368.0,145.0,127.0
461.0,363.0,145.0,128.0
460.0,359.0,146.0,128.0
458.0,355.0,145.0,128.0
457.0,351.0,142.0,125.0
456.0,344.0,143.0,125.0
457.0,339.0,141.0,124.0
457.0,332.0,140.0,123.0
460.0,322.0,139.0,122.0
460.0,312.0,139.0,122.0
458.0,304.0,136.0,120.0
456.0,297.0,136.0,120.0
452.0,293.0,137.0,120.0
449.0,295.0,136.0,120.0
445.0,300.0,138.0,121.0
441.0,308.0,139.0,122.0
439.0,317.0,138.0,121.0
439.0,322.0,139.0,122.0
466.0,316.0,117.0,131.0
470.0,316.0,117.0,131.0
477.0,316.0,116.0,130.0
480.0,315.0,117.0,131.0
481.0,317.0,117.0,131.0
485.0,319.0,117.0,131.0
491.0,321.0,118.0,132.0
492.0,321.0,118.0,132.0
492.0,319.0,118.0,132.0
493.0,318.0,119.0,133.0
492.0,317.0,118.0,132.0
489.0,315.0,117.0,131.0
487.0,314.0,117.0,130.0
485.0,314.0,116.0,130.0
485.0,313.0,115.0,129.0
482.0,311.0,118.0,132.0
480.0,311.0,119.0,133.0
477.0,312.0,118.0,132.0
473.0,311.0,119.0,133.0
470.0,309.0,118.0,132.0
466.0,307.0,117.0,131.0
458.0,305.0,115.0,129.0
449.0,303.0,126.0,138.0
442.0,301.0,125.0,137.0
442.0,299.0,124.0,136.0
444.0,297.0,124.0,136.0
443.0,297.0,123.0,135.0
442.0,296.0,122.0,134.0
444.0,291.0,120.0,131.0
447.0,286.0,119.0,131.0
452.0,282.0,118.0,130.0
459.0,277.0,109.0,127.0
462.0,276.0,109.0,127.0
466.0,278.0,109.0,127.0
470.0,280.0,109.0,126.0
475.0,279.0,109.0,127.0
480.0,276.0,111.0,129.0
486.0,272.0,111.0,130.0
491.0,270.0,112.0,131.0
497.0,268.0,113.0,132.0
499.0,268.0,113.0,132.0
499.0,269.0,114.0,132.0
497.0,271.0,114.0,132.0
495.0,272.0,114.0,133.0
495.0,272.0,114.0,133.0
494.0,272.0,114.0,133.0
492.0,273.0,114.0,133.0
489.0,273.0,114.0,133.0
485.0,275.0,115.0,134.0
477.0,278.0,115.0,133.0
469.0,278.0,114.0,133.0
467.0,279.0,113.0,132.0
467.0,281.0,113.0,131.0
463.0,284.0,113.0,131.0
462.0,286.0,113.0,131.0
461.0,287.0,109.0,132.0
458.0,288.0,109.0,132.0
456.0,288.0,110.0,134.0
457.0,286.0,110.0,133.0
458.0,291.0,108.0,127.0
458.0,291.0,108.0,127.0
458.0,291.0,107.0,126.0
459.0,291.0,107.0,126.0
457.0,291.0,107.0,125.0
455.0,293.0,106.0,125.0
454.0,294.0,106.0,125.0
456.0,294.0,106.0,124.0
456.0,293.0,107.0,126.0
456.0,295.0,107.0,126.0
457.0,298.0,107.0,126.0
457.0,300.0,108.0,127.0
459.0,301.0,108.0,127.0
459.0,303.0,108.0,127.0
460.0,303.0,109.0,128.0
460.0,303.0,109.0,129.0
459.0,304.0,110.0,129.0
458.0,305.0,110.0,129.0
457.0,306.0,111.0,130.0
457.0,307.0,111.0,130.0
457.0,307.0,110.0,129.0
456.0,307.0,110.0,129.0
458.0,305.0,109.0,128.0
462.0,303.0,107.0,126.0
464.0,301.0,106.0,125.0
467.0,298.0,107.0,125.0
469.0,297.0,107.0,126.0
468.0,298.0,107.0,125.0
467.0,299.0,107.0,125.0
468.0,300.0,107.0,125.0
471.0,298.0,107.0,125.0
470.0,300.0,106.0,125.0
470.0,301.0,107.0,125.0
469.0,302.0,106.0,125.0
468.0,302.0,106.0,124.0
467.0,303.0,105.0,124.0
465.0,303.0,105.0,124.0
464.0,304.0,105.0,124.0
461.0,305.0,106.0,124.0
456.0,309.0,105.0,124.0
451.0,311.0,107.0,126.0
449.0,312.0,108.0,128.0
449.0,316.0,110.0,124.0
449.0,315.0,111.0,125.0
451.0,316.0,111.0,125.0
452.0,316.0,112.0,126.0
453.0,315.0,112.0,127.0
455.0,316.0,113.0,127.0
456.0,316.0,114.0,128.0
459.0,317.0,113.0,128.0
461.0,316.0,114.0,128.0
464.0,314.0,114.0,129.0
465.0,314.0,115.0,130.0
467.0,315.0,115.0,129.0
470.0,316.0,114.0,129.0
474.0,315.0,115.0,130.0
480.0,316.0,115.0,130.0
485.0,316.0,116.0,131.0
487.0,315.0,117.0,132.0
487.0,313.0,117.0,132.0
483.0,312.0,116.0,131.0
475.0,310.0,116.0,131.0
470.0,312.0,114.0,129.0
468.0,314.0,114.0,129.0
465.0,315.0,113.0,128.0
463.0,316.0,113.0,127.0
461.0,318.0,112.0,126.0
458.0,318.0,112.0,126.0
456.0,319.0,112.0,127.0
457.0,320.0,113.0,127.0
458.0,320.0,113.0,127.0
458.0,320.0,113.0,127.0
459.0,318.0,113.0,127.0
460.0,317.0,114.0,128.0
460.0,316.0,114.0,129.0
459.0,316.0,115.0,129.0
459.0,317.0,115.0,130.0
459.0,316.0,116.0,131.0
460.0,315.0,117.0,132.0
460.0,313.0,119.0,134.0
459.0,312.0,119.0,135.0
460.0,311.0,120.0,135.0
472.0,308.0,123.0,138.0
475.0,307.0,123.0,138.0
478.0,305.0,125.0,140.0
480.0,304.0,124.0,140.0
482.0,303.0,125.0,140.0
483.0,302.0,125.0,141.0
485.0,303.0,125.0,140.0
487.0,301.0,128.0,143.0
491.0,300.0,128.0,144.0
494.0,300.0,128.0,143.0
497.0,299.0,127.0,142.0
495.0,302.0,127.0,134.0
499.0,302.0,129.0,139.0
499.0,302.0,129.0,139.0
500.0,302.0,129.0,139.0
501.0,302.0,130.0,140.0
501.0,301.0,131.0,141.0
500.0,302.0,131.0,141.0
497.0,303.0,131.0,142.0
493.0,305.0,131.0,142.0
491.0,306.0,132.0,142.0
490.0,306.0,132.0,142.0
488.0,306.0,132.0,142.0
487.0,306.0,132.0,142.0
485.0,307.0,132.0,142.0
484.0,307.0,132.0,143.0
484.0,307.0,133.0,143.0
485.0,306.0,134.0,144.0
487.0,305.0,134.0,144.0
491.0,304.0,133.0,144.0
493.0,303.0,133.0,144.0
494.0,302.0,134.0,144.0
495.0,300.0,135.0,146.0
496.0,300.0,135.0,145.0
497.0,300.0,135.0,145.0
497.0,299.0,136.0,146.0
498.0,298.0,136.0,147.0
499.0,297.0,137.0,147.0
498.0,296.0,138.0,148.0
499.0,296.0,138.0,148.0
510.0,297.0,127.0,148.0
511.0,296.0,128.0,150.0
513.0,295.0,129.0,150.0
515.0,294.0,129.0,150.0
516.0,304.0,129.0,124.0
516.0,305.0,129.0,124.0
516.0,306.0,129.0,124.0
517.0,307.0,127.0,122.0
519.0,308.0,125.0,120.0
519.0,309.0,125.0,120.0
519.0,309.0,124.0,119.0
520.0,310.0,124.0,119.0
520.0,310.0,123.0,118.0
521.0,311.0,122.0,118.0
527.0,315.0,124.0,113.0
527.0,316.0,123.0,112.0
527.0,316.0,122.0,111.0
527.0,318.0,121.0,110.0
526.0,320.0,119.0,108.0
524.0,322.0,118.0,107.0
524.0,322.0,118.0,108.0
514.0,329.0,134.0,94.0
513.0,329.0,134.0,94.0
512.0,329.0,135.0,95.0
511.0,329.0,135.0,95.0
510.0,329.0,135.0,95.0
509.0,331.0,135.0,94.0
508.0,331.0,135.0,94.0
507.0,331.0,135.0,95.0
508.0,331.0,134.0,94.0
509.0,330.0,133.0,93.0
509.0,330.0,134.0,94.0
509.0,331.0,133.0,94.0
509.0,332.0,133.0,93.0
509.0,332.0,133.0,93.0
509.0,334.0,131.0,92.0
509.0,336.0,130.0,91.0
510.0,337.0,130.0,91.0
512.0,336.0,128.0,90.0
513.0,336.0,128.0,90.0
514.0,334.0,128.0,90.0
515.0,334.0,128.0,90.0
514.0,334.0,128.0,90.0
514.0,334.0,129.0,90.0
514.0,333.0,129.0,90.0
513.0,334.0,128.0,90.0
512.0,334.0,129.0,90.0
510.0,334.0,130.0,91.0
508.0,335.0,131.0,92.0
506.0,335.0,132.0,92.0
504.0,335.0,133.0,93.0
503.0,335.0,134.0,94.0
502.0,335.0,135.0,94.0
500.0,335.0,135.0,95.0
502.0,332.0,132.0,92.0
501.0,332.0,132.0,93.0
500.0,331.0,134.0,94.0
499.0,330.0,136.0,96.0
498.0,330.0,136.0,96.0
497.0,330.0,136.0,96.0
497.0,329.0,136.0,95.0
497.0,328.0,136.0,95.0
497.0,328.0,136.0,95.0
497.0,327.0,135.0,95.0
497.0,327.0,134.0,94.0
496.0,327.0,134.0,94.0
496.0,328.0,134.0,94.0
496.0,328.0,133.0,94.0
495.0,329.0,133.0,93.0
495.0,329.0,133.0,93.0
493.0,331.0,132.0,92.0
491.0,333.0,131.0,92.0
489.0,334.0,131.0,92.0
488.0,334.0,131.0,92.0
486.0,335.0,131.0,92.0
485.0,336.0,131.0,92.0
483.0,337.0,132.0,93.0
481.0,337.0,132.0,93.0
479.0,337.0,133.0,94.0
478.0,337.0,134.0,94.0
475.0,337.0,136.0,96.0
473.0,339.0,136.0,95.0
471.0,339.0,137.0,96.0
470.0,340.0,137.0,96.0
471.0,339.0,137.0,96.0
473.0,338.0,137.0,96.0
474.0,338.0,138.0,97.0
476.0,338.0,138.0,97.0
476.0,339.0,136.0,96.0
476.0,341.0,136.0,96.0
476.0,341.0,136.0,96.0
476.0,341.0,136.0,95.0
477.0,342.0,136.0,95.0
477.0,341.0,136.0,95.0
479.0,340.0,135.0,95.0
481.0,342.0,133.0,94.0
482.0,343.0,130.0,91.0
483.0,342.0,131.0,92.0
483.0,341.0,132.0,93.0
483.0,342.0,132.0,92.0
482.0,342.0,132.0,93.0
482.0,342.0,133.0,93.0
482.0,342.0,134.0,94.0
481.0,342.0,133.0,94.0
481.0,340.0,135.0,95.0
482.0,340.0,134.0,94.0
483.0,339.0,134.0,94.0
483.0,339.0,134.0,94.0
482.0,338.0,135.0,95.0
481.0,338.0,135.0,95.0
480.0,337.0,135.0,95.0
479.0,336.0,136.0,96.0
477.0,337.0,136.0,95.0
476.0,337.0,135.0,95.0
476.0,337.0,135.0,95.0
477.0,337.0,135.0,94.0
478.0,337.0,134.0,94.0
478.0,336.0,135.0,95.0
480.0,336.0,134.0,94.0
482.0,335.0,133.0,93.0
482.0,335.0,133.0,93.0
483.0,335.0,133.0,93.0
484.0,335.0,133.0,93.0
485.0,334.0,132.0,93.0
485.0,335.0,132.0,92.0
483.0,337.0,132.0,93.0
483.0,338.0,132.0,92.0
482.0,339.0,131.0,92.0
480.0,340.0,131.0,92.0
479.0,341.0,131.0,92.0
479.0,340.0,132.0,92.0
481.0,339.0,132.0,92.0
483.0,337.0,131.0,92.0
485.0,336.0,131.0,92.0
488.0,334.0,131.0,92.0
489.0,332.0,132.0,93.0
488.0,333.0,132.0,92.0
488.0,333.0,132.0,93.0
488.0,333.0,132.0,93.0
488.0,332.0,132.0,93.0
488.0,333.0,132.0,93.0
487.0,333.0,132.0,93.0
486.0,334.0,133.0,93.0
485.0,335.0,133.0,93.0
485.0,335.0,133.0,93.0
487.0,334.0,133.0,93.0
489.0,333.0,132.0,92.0
490.0,333.0,132.0,93.0
491.0,332.0,132.0,93.0
491.0,332.0,132.0,93.0
491.0,332.0,132.0,93.0
491.0,332.0,132.0,93.0
489.0,333.0,133.0,93.0
489.0,333.0,133.0,93.0
491.0,330.0,133.0,93.0
494.0,327.0,133.0,93.0
495.0,327.0,134.0,94.0
496.0,327.0,133.0,94.0
495.0,327.0,133.0,93.0
495.0,327.0,133.0,93.0
496.0,327.0,133.0,93.0
497.0,326.0,133.0,93.0
497.0,326.0,133.0,93.0
498.0,325.0,133.0,93.0
500.0,324.0,133.0,93.0
499.0,324.0,133.0,93.0
499.0,324.0,133.0,94.0
499.0,324.0,134.0,94.0
498.0,324.0,133.0,94.0
497.0,325.0,133.0,93.0
498.0,324.0,133.0,93.0
498.0,324.0,132.0,93.0
498.0,325.0,132.0,93.0
498.0,324.0,133.0,93.0
499.0,323.0,133.0,93.0
499.0,324.0,132.0,93.0
499.0,324.0,132.0,93.0
498.0,324.0,132.0,92.0
499.0,325.0,132.0,92.0
499.0,325.0,131.0,92.0
500.0,322.0,132.0,93.0
505.0,331.0,126.0,74.0
507.0,335.0,121.0,65.0
503.0,335.0,125.0,63.0
501.0,334.0,133.0,67.0
502.0,333.0,133.0,67.0
501.0,334.0,133.0,67.0
500.0,334.0,134.0,68.0
500.0,333.0,135.0,68.0
500.0,333.0,135.0,68.0
496.0,331.0,140.0,71.0
499.0,332.0,137.0,69.0
499.0,332.0,137.0,69.0
499.0,332.0,137.0,69.0
499.0,332.0,138.0,69.0
499.0,330.0,138.0,69.0
500.0,328.0,138.0,69.0
502.0,327.0,138.0,69.0
503.0,326.0,138.0,70.0
504.0,325.0,139.0,70.0
504.0,325.0,139.0,70.0
503.0,325.0,140.0,70.0
503.0,325.0,140.0,71.0
503.0,325.0,140.0,71.0
501.0,324.0,141.0,71.0
502.0,324.0,140.0,71.0
503.0,323.0,142.0,82.0
502.0,323.0,142.0,82.0
500.0,325.0,142.0,82.0
499.0,326.0,142.0,82.0
499.0,325.0,142.0,82.0
499.0,325.0,142.0,82.0
499.0,325.0,142.0,82.0
497.0,327.0,132.0,82.0
497.0,328.0,132.0,82.0
497.0,328.0,133.0,82.0
496.0,327.0,133.0,83.0
497.0,327.0,134.0,83.0
497.0,327.0,134.0,83.0
497.0,327.0,134.0,83.0
498.0,327.0,134.0,83.0
499.0,327.0,133.0,83.0
500.0,326.0,134.0,83.0
500.0,326.0,133.0,83.0
500.0,326.0,134.0,83.0
500.0,326.0,134.0,83.0
499.0,326.0,134.0,83.0
499.0,326.0,134.0,83.0
498.0,329.0,126.0,78.0
498.0,330.0,125.0,78.0
498.0,329.0,126.0,78.0
501.0,326.0,127.0,79.0
504.0,322.0,127.0,79.0
508.0,320.0,127.0,79.0
511.0,317.0,127.0,79.0
513.0,317.0,126.0,78.0
513.0,318.0,125.0,78.0
513.0,318.0,132.0,77.0
516.0,318.0,131.0,76.0
518.0,318.0,129.0,75.0
517.0,319.0,130.0,76.0
517.0,318.0,128.0,75.0
518.0,317.0,126.0,73.0
518.0,317.0,126.0,73.0
520.0,316.0,124.0,72.0
525.0,314.0,121.0,70.0
530.0,314.0,120.0,70.0
534.0,313.0,118.0,69.0
537.0,312.0,118.0,69.0
538.0,310.0,117.0,68.0
536.0,309.0,117.0,68.0
533.0,309.0,118.0,69.0
528.0,310.0,119.0,70.0
523.0,312.0,121.0,70.0
522.0,312.0,119.0,69.0
518.0,311.0,120.0,70.0
515.0,309.0,120.0,70.0
520.0,301.0,112.0,76.0
518.0,301.0,112.0,76.0
518.0,302.0,110.0,74.0
517.0,304.0,110.0,75.0
515.0,305.0,113.0,77.0
513.0,306.0,115.0,78.0
510.0,307.0,116.0,78.0
504.0,307.0,117.0,80.0
494.0,306.0,123.0,84.0
490.0,309.0,125.0,84.0
488.0,311.0,124.0,84.0
487.0,313.0,126.0,86.0
488.0,314.0,127.0,86.0
488.0,315.0,129.0,87.0
486.0,315.0,129.0,88.0
486.0,316.0,128.0,87.0
484.0,318.0,128.0,87.0
481.0,320.0,128.0,87.0
480.0,324.0,128.0,87.0
476.0,328.0,131.0,89.0
469.0,329.0,134.0,91.0
462.0,331.0,136.0,92.0
455.0,333.0,137.0,93.0
449.0,335.0,139.0,94.0
446.0,337.0,140.0,95.0
454.0,350.0,130.0,82.0
454.0,351.0,130.0,82.0
454.0,350.0,127.0,80.0
455.0,349.0,125.0,79.0
458.0,347.0,123.0,78.0
463.0,345.0,122.0,77.0
467.0,345.0,121.0,76.0
469.0,344.0,119.0,75.0
470.0,343.0,119.0,75.0
469.0,342.0,120.0,75.0
472.0,341.0,117.0,74.0
476.0,340.0,115.0,73.0
480.0,339.0,115.0,72.0
472.0,334.0,126.0,76.0
473.0,333.0,127.0,76.0
471.0,333.0,128.0,77.0
467.0,334.0,130.0,78.0
463.0,335.0,132.0,79.0
463.0,337.0,128.0,77.0
460.0,339.0,128.0,77.0
460.0,340.0,128.0,77.0
462.0,339.0,129.0,78.0
466.0,337.0,128.0,77.0
469.0,334.0,128.0,77.0
471.0,331.0,127.0,77.0
471.0,330.0,127.0,77.0
470.0,330.0,128.0,77.0
469.0,330.0,129.0,78.0
468.0,329.0,129.0,78.0
469.0,327.0,128.0,77.0
470.0,324.0,126.0,76.0
470.0,321.0,126.0,76.0
467.0,318.0,127.0,76.0
466.0,315.0,126.0,76.0
465.0,312.0,126.0,76.0
461.0,308.0,127.0,76.0
457.0,307.0,127.0,76.0
451.0,305.0,128.0,77.0
446.0,304.0,129.0,78.0
444.0,302.0,129.0,78.0
448.0,298.0,127.0,77.0
449.0,294.0,128.0,77.0
451.0,293.0,128.0,77.0
452.0,292.0,130.0,78.0
456.0,292.0,131.0,79.0
461.0,293.0,134.0,81.0
466.0,295.0,132.0,80.0
474.0,299.0,129.0,78.0
480.0,305.0,127.0,76.0
484.0,311.0,124.0,75.0
486.0,315.0,122.0,74.0
486.0,315.0,124.0,75.0
484.0,313.0,126.0,76.0
480.0,310.0,127.0,77.0
477.0,308.0,129.0,78.0
477.0,309.0,126.0,76.0
476.0,313.0,126.0,76.0
480.0,319.0,122.0,74.0
485.0,325.0,119.0,72.0
489.0,328.0,116.0,70.0
492.0,329.0,115.0,69.0
493.0,326.0,115.0,69.0
493.0,322.0,115.0,69.0
494.0,320.0,114.0,69.0
496.0,321.0,112.0,68.0
500.0,324.0,111.0,67.0
503.0,326.0,110.0,66.0
506.0,328.0,109.0,66.0
506.0,328.0,110.0,66.0
507.0,328.0,111.0,67.0
506.0,327.0,114.0,69.0
503.0,327.0,117.0,70.0
504.0,326.0,116.0,70.0
506.0,326.0,115.0,69.0
504.0,326.0,116.0,70.0
501.0,328.0,117.0,71.0
500.0,329.0,117.0,70.0
502.0,330.0,114.0,69.0
503.0,329.0,112.0,68.0
508.0,326.0,107.0,71.0
507.0,326.0,107.0,71.0
511.0,325.0,107.0,71.0
514.0,324.0,106.0,70.0
515.0,323.0,106.0,71.0
512.0,322.0,109.0,72.0
510.0,322.0,111.0,74.0
510.0,321.0,111.0,74.0
508.0,322.0,112.0,74.0
508.0,324.0,113.0,75.0
507.0,325.0,113.0,75.0
509.0,324.0,113.0,75.0
509.0,324.0,113.0,75.0
509.0,324.0,113.0,75.0
509.0,325.0,113.0,75.0
507.0,327.0,113.0,75.0
503.0,328.0,115.0,77.0
500.0,329.0,117.0,78.0
499.0,330.0,118.0,78.0
501.0,338.0,118.0,60.0
502.0,335.0,117.0,59.0
502.0,335.0,116.0,59.0
502.0,336.0,116.0,59.0
503.0,337.0,116.0,59.0
502.0,337.0,116.0,59.0
501.0,336.0,116.0,59.0
500.0,336.0,117.0,59.0
500.0,336.0,117.0,60.0
505.0,334.0,115.0,58.0
507.0,332.0,115.0,59.0
509.0,331.0,115.0,58.0
508.0,331.0,115.0,59.0
507.0,330.0,115.0,59.0
507.0,331.0,115.0,59.0
507.0,332.0,114.0,58.0
509.0,333.0,113.0,58.0
513.0,332.0,113.0,57.0
514.0,329.0,114.0,58.0
515.0,328.0,113.0,58.0
512.0,328.0,114.0,58.0
508.0,331.0,114.0,58.0
507.0,333.0,115.0,59.0
508.0,334.0,114.0,58.0
508.0,334.0,114.0,58.0
508.0,333.0,114.0,58.0
505.0,333.0,114.0,58.0
502.0,334.0,114.0,58.0
500.0,337.0,114.0,58.0
500.0,339.0,114.0,58.0
503.0,338.0,112.0,57.0
501.0,337.0,116.0,59.0
499.0,336.0,115.0,59.0
495.0,337.0,116.0,59.0
493.0,339.0,116.0,59.0
493.0,340.0,116.0,59.0
497.0,339.0,115.0,59.0
503.0,337.0,112.0,57.0
503.0,333.0,116.0,59.0
504.0,332.0,116.0,59.0
506.0,332.0,115.0,58.0
507.0,332.0,115.0,58.0
507.0,333.0,114.0,58.0
509.0,333.0,116.0,59.0
510.0,331.0,118.0,60.0
510.0,330.0,118.0,60.0
508.0,329.0,119.0,61.0
507.0,329.0,118.0,60.0
507.0,332.0,117.0,59.0
508.0,333.0,116.0,59.0
508.0,334.0,117.0,59.0
508.0,332.0,118.0,60.0
507.0,331.0,118.0,60.0
506.0,330.0,119.0,60.0
505.0,332.0,117.0,59.0
505.0,335.0,117.0,59.0
504.0,336.0,117.0,60.0
504.0,335.0,118.0,60.0
505.0,334.0,118.0,60.0
504.0,334.0,118.0,60.0
503.0,335.0,117.0,59.0
503.0,335.0,117.0,59.0
504.0,335.0,117.0,60.0
505.0,334.0,117.0,60.0
508.0,333.0,117.0,60.0
510.0,331.0,117.0,60.0
510.0,331.0,117.0,60.0
509.0,333.0,116.0,59.0
506.0,335.0,116.0,59.0
505.0,336.0,116.0,59.0
506.0,335.0,116.0,59.0
508.0,333.0,116.0,59.0
508.0,332.0,117.0,59.0
506.0,333.0,117.0,59.0
505.0,336.0,116.0,59.0
505.0,337.0,115.0,59.0
506.0,336.0,115.0,59.0
508.0,334.0,115.0,59.0
509.0,333.0,115.0,59.0
508.0,333.0,116.0,59.0
509.0,333.0,115.0,58.0
509.0,334.0,115.0,58.0
509.0,334.0,115.0,58.0
507.0,333.0,117.0,60.0
509.0,333.0,115.0,58.0
508.0,333.0,117.0,59.0
508.0,333.0,116.0,59.0
508.0,335.0,115.0,58.0
508.0,335.0,115.0,58.0
508.0,335.0,115.0,59.0
508.0,335.0,115.0,59.0
508.0,335.0,116.0,59.0
507.0,335.0,116.0,59.0
508.0,335.0,115.0,59.0
507.0,335.0,117.0,59.0
507.0,335.0,116.0,59.0
507.0,335.0,116.0,59.0
507.0,335.0,117.0,59.0
507.0,335.0,117.0,59.0
506.0,335.0,117.0,59.0
506.0,336.0,117.0,59.0
504.0,337.0,117.0,60.0
503.0,338.0,117.0,59.0
503.0,338.0,116.0,59.0
503.0,338.0,117.0,59.0
503.0,338.0,117.0,60.0
503.0,337.0,117.0,60.0
504.0,337.0,118.0,60.0
504.0,337.0,118.0,60.0
504.0,337.0,117.0,60.0
504.0,337.0,117.0,60.0
505.0,337.0,117.0,60.0
505.0,337.0,117.0,59.0
505.0,337.0,117.0,60.0
505.0,337.0,117.0,60.0
505.0,337.0,117.0,59.0
504.0,337.0,117.0,60.0
504.0,337.0,117.0,60.0
504.0,337.0,118.0,60.0
503.0,337.0,118.0,60.0
504.0,337.0,117.0,59.0
504.0,337.0,117.0,59.0
504.0,337.0,118.0,60.0
503.0,337.0,118.0,60.0
504.0,336.0,118.0,60.0
505.0,336.0,118.0,60.0
507.0,336.0,117.0,59.0
507.0,335.0,118.0,60.0
507.0,334.0,118.0,60.0
507.0,335.0,118.0,60.0
507.0,335.0,118.0,60.0
508.0,335.0,118.0,60.0
507.0,335.0,118.0,60.0
508.0,335.0,117.0,60.0
507.0,335.0,118.0,60.0
507.0,335.0,118.0,60.0
507.0,335.0,118.0,60.0
506.0,336.0,118.0,60.0
506.0,336.0,118.0,60.0
506.0,336.0,118.0,60.0
506.0,336.0,118.0,60.0
506.0,336.0,118.0,60.0
506.0,337.0,117.0,60.0
505.0,337.0,117.0,60.0
504.0,337.0,118.0,60.0
504.0,337.0,118.0,60.0
505.0,337.0,118.0,60.0
505.0,336.0,118.0,60.0
505.0,336.0,118.0,60.0
506.0,336.0,118.0,60.0
505.0,336.0,118.0,60.0
505.0,337.0,117.0,60.0
503.0,337.0,119.0,60.0
504.0,337.0,117.0,60.0
504.0,337.0,118.0,60.0
504.0,337.0,118.0,60.0
504.0,336.0,118.0,60.0
505.0,336.0,118.0,60.0
506.0,336.0,118.0,60.0
506.0,336.0,118.0,60.0
505.0,337.0,117.0,60.0
504.0,337.0,118.0,60.0
504.0,337.0,118.0,60.0
504.0,337.0,118.0,60.0
503.0,336.0,119.0,61.0
503.0,337.0,119.0,61.0
504.0,337.0,119.0,60.0
504.0,337.0,119.0,60.0
503.0,339.0,118.0,60.0
500.0,340.0,119.0,60.0
498.0,340.0,119.0,61.0
499.0,340.0,120.0,61.0
500.0,340.0,120.0,61.0
501.0,340.0,119.0,61.0
500.0,340.0,120.0,61.0
499.0,341.0,119.0,61.0
498.0,341.0,120.0,61.0
498.0,341.0,120.0,61.0
498.0,341.0,120.0,61.0
497.0,341.0,120.0,61.0
496.0,341.0,121.0,61.0
497.0,342.0,120.0,61.0
497.0,341.0,121.0,61.0
496.0,341.0,120.0,61.0
497.0,341.0,121.0,61.0
497.0,341.0,121.0,61.0
498.0,341.0,120.0,61.0
497.0,341.0,121.0,62.0
497.0,342.0,121.0,61.0
497.0,343.0,120.0,61.0
496.0,344.0,120.0,61.0
493.0,346.0,120.0,61.0
490.0,347.0,121.0,61.0
489.0,347.0,121.0,62.0
490.0,347.0,121.0,62.0
490.0,347.0,121.0,62.0
489.0,347.0,122.0,62.0
488.0,347.0,122.0,62.0
488.0,347.0,122.0,62.0
489.0,346.0,122.0,62.0
490.0,345.0,122.0,62.0
491.0,345.0,122.0,62.0
492.0,344.0,122.0,62.0
492.0,344.0,122.0,62.0
492.0,343.0,123.0,63.0
492.0,343.0,123.0,62.0
491.0,344.0,123.0,63.0
491.0,344.0,123.0,62.0
491.0,343.0,123.0,63.0
492.0,343.0,123.0,63.0
493.0,342.0,124.0,63.0
493.0,342.0,124.0,63.0
493.0,343.0,124.0,63.0
492.0,344.0,124.0,63.0
490.0,344.0,125.0,64.0
488.0,345.0,127.0,64.0
489.0,346.0,122.0,62.0
489.0,346.0,123.0,63.0
490.0,346.0,122.0,62.0
490.0,346.0,122.0,62.0
490.0,346.0,122.0,62.0
491.0,346.0,122.0,62.0
491.0,345.0,121.0,62.0
491.0,346.0,122.0,62.0
490.0,346.0,122.0,62.0
491.0,346.0,122.0,62.0
492.0,345.0,122.0,62.0
492.0,345.0,122.0,62.0
491.0,345.0,122.0,62.0
491.0,345.0,122.0,62.0
492.0,345.0,122.0,62.0
492.0,345.0,122.0,62.0
492.0,345.0,122.0,62.0
492.0,345.0,122.0,62.0
492.0,345.0,123.0,62.0
492.0,345.0,123.0,62.0
492.0,345.0,122.0,62.0
493.0,345.0,122.0,62.0
495.0,344.0,120.0,61.0
495.0,344.0,119.0,61.0
496.0,344.0,118.0,60.0
495.0,345.0,117.0,60.0
495.0,346.0,116.0,59.0
496.0,345.0,116.0,59.0
497.0,345.0,115.0,59.0
498.0,345.0,115.0,59.0
498.0,345.0,115.0,58.0
498.0,345.0,114.0,58.0
498.0,345.0,114.0,58.0
498.0,346.0,114.0,58.0
497.0,346.0,113.0,58.0
498.0,346.0,113.0,57.0
498.0,346.0,113.0,57.0
498.0,346.0,113.0,57.0
498.0,346.0,113.0,57.0
498.0,346.0,113.0,57.0
499.0,346.0,112.0,57.0
499.0,345.0,111.0,57.0
499.0,345.0,111.0,57.0
499.0,346.0,111.0,56.0
499.0,346.0,111.0,56.0
498.0,347.0,111.0,56.0
498.0,347.0,112.0,57.0
497.0,347.0,114.0,58.0
497.0,346.0,116.0,59.0
496.0,347.0,117.0,60.0
496.0,347.0,116.0,59.0
496.0,347.0,116.0,59.0
496.0,348.0,117.0,60.0
496.0,348.0,117.0,60.0
496.0,348.0,117.0,59.0
496.0,348.0,117.0,59.0
495.0,348.0,117.0,60.0
495.0,348.0,118.0,60.0
495.0,348.0,118.0,60.0
495.0,348.0,119.0,60.0
495.0,348.0,118.0,60.0
495.0,348.0,118.0,60.0
495.0,348.0,118.0,60.0
495.0,348.0,118.0,60.0
495.0,348.0,118.0,60.0
496.0,348.0,116.0,59.0
497.0,348.0,115.0,59.0
497.0,347.0,114.0,58.0
498.0,347.0,113.0,58.0
499.0,347.0,112.0,57.0
500.0,347.0,111.0,57.0
500.0,346.0,110.0,56.0
499.0,346.0,111.0,57.0
498.0,347.0,112.0,57.0
497.0,347.0,113.0,58.0
495.0,347.0,117.0,59.0
493.0,348.0,118.0,60.0
493.0,349.0,118.0,60.0
493.0,349.0,117.0,60.0
494.0,348.0,116.0,59.0
496.0,347.0,114.0,58.0
498.0,347.0,111.0,56.0
498.0,347.0,111.0,56.0
498.0,348.0,112.0,57.0
495.0,349.0,114.0,58.0
494.0,349.0,116.0,59.0
493.0,349.0,117.0,59.0
493.0,349.0,117.0,59.0
493.0,349.0,117.0,59.0
494.0,349.0,117.0,60.0
494.0,349.0,117.0,59.0
495.0,349.0,116.0,59.0
496.0,349.0,114.0,58.0
497.0,348.0,113.0,58.0
497.0,348.0,112.0,57.0
497.0,348.0,112.0,57.0
497.0,348.0,113.0,57.0
498.0,347.0,113.0,57.0
498.0,347.0,113.0,57.0
498.0,347.0,113.0,57.0
498.0,347.0,113.0,57.0
498.0,347.0,112.0,57.0
499.0,348.0,111.0,57.0
499.0,348.0,111.0,56.0
500.0,348.0,111.0,56.0
500.0,347.0,110.0,56.0
503.0,339.0,107.0,63.0
505.0,338.0,106.0,64.0
505.0,338.0,104.0,65.0
506.0,338.0,103.0,65.0
502.0,340.0,110.0,64.0
500.0,341.0,114.0,62.0
501.0,340.0,113.0,64.0
504.0,338.0,109.0,65.0
503.0,338.0,109.0,67.0
502.0,341.0,111.0,61.0
503.0,341.0,110.0,60.0
503.0,340.0,110.0,60.0
503.0,340.0,110.0,60.0
503.0,340.0,110.0,60.0
507.0,338.0,109.0,64.0
502.0,336.0,112.0,65.0
501.0,337.0,113.0,65.0
501.0,337.0,112.0,65.0
500.0,338.0,113.0,65.0
500.0,338.0,112.0,65.0
500.0,338.0,113.0,65.0
501.0,338.0,112.0,65.0
501.0,338.0,112.0,65.0
502.0,338.0,112.0,65.0
503.0,337.0,113.0,66.0
505.0,337.0,111.0,64.0
506.0,337.0,109.0,64.0
506.0,338.0,110.0,64.0
505.0,330.0,110.0,73.0
503.0,331.0,110.0,73.0
501.0,333.0,110.0,73.0
500.0,333.0,110.0,73.0
500.0,333.0,110.0,73.0
500.0,333.0,108.0,72.0
499.0,333.0,109.0,72.0
502.0,325.0,112.0,80.0
506.0,319.0,108.0,88.0
509.0,324.0,107.0,82.0
506.0,318.0,109.0,88.0
503.0,328.0,112.0,78.0
503.0,328.0,112.0,78.0
504.0,327.0,112.0,78.0
504.0,327.0,112.0,78.0
505.0,331.0,111.0,74.0
505.0,331.0,111.0,74.0
506.0,331.0,106.0,76.0
506.0,331.0,106.0,76.0
506.0,331.0,107.0,76.0
506.0,331.0,106.0,76.0
507.0,331.0,106.0,76.0
509.0,326.0,105.0,81.0
509.0,326.0,105.0,81.0
509.0,326.0,105.0,81.0
510.0,326.0,105.0,81.0
510.0,326.0,105.0,81.0
511.0,326.0,104.0,80.0
511.0,320.0,104.0,87.0
510.0,319.0,105.0,88.0
510.0,319.0,104.0,87.0
510.0,315.0,105.0,92.0
511.0,315.0,105.0,92.0
511.0,314.0,105.0,92.0
511.0,312.0,106.0,93.0
512.0,310.0,111.0,97.0
519.0,309.0,106.0,98.0
523.0,309.0,104.0,99.0
525.0,306.0,115.0,102.0
539.0,298.0,115.0,110.0
541.0,308.0,116.0,109.0
537.0,304.0,117.0,111.0
536.0,305.0,117.0,111.0
536.0,305.0,117.0,111.0
536.0,306.0,117.0,111.0
536.0,306.0,117.0,111.0
536.0,306.0,117.0,111.0
536.0,306.0,117.0,111.0
535.0,307.0,117.0,111.0
535.0,308.0,116.0,110.0
533.0,308.0,117.0,111.0
534.0,308.0,117.0,111.0
535.0,307.0,117.0,111.0
536.0,306.0,117.0,111.0
535.0,307.0,117.0,111.0
535.0,307.0,117.0,111.0
535.0,308.0,116.0,110.0
533.0,309.0,116.0,110.0
531.0,310.0,116.0,110.0
530.0,311.0,116.0,110.0
529.0,311.0,116.0,110.0
528.0,312.0,116.0,110.0
527.0,314.0,116.0,110.0
525.0,315.0,116.0,110.0
524.0,317.0,116.0,110.0
523.0,317.0,116.0,110.0
522.0,319.0,115.0,109.0
521.0,320.0,115.0,109.0
520.0,321.0,115.0,109.0
517.0,323.0,115.0,109.0
515.0,325.0,115.0,109.0
513.0,327.0,114.0,108.0
512.0,328.0,114.0,108.0
512.0,329.0,114.0,108.0
512.0,329.0,114.0,108.0
514.0,329.0,114.0,108.0
514.0,329.0,114.0,108.0
514.0,329.0,114.0,108.0
514.0,329.0,114.0,109.0
514.0,329.0,115.0,109.0
515.0,328.0,115.0,109.0
516.0,327.0,115.0,109.0
517.0,326.0,115.0,109.0
518.0,325.0,115.0,109.0
518.0,325.0,115.0,109.0
518.0,325.0,115.0,109.0
518.0,325.0,115.0,109.0
518.0,325.0,115.0,109.0
519.0,324.0,115.0,109.0
520.0,323.0,115.0,109.0
521.0,322.0,115.0,109.0
521.0,322.0,114.0,109.0
522.0,322.0,114.0,108.0
522.0,322.0,114.0,108.0
522.0,321.0,118.0,108.0
521.0,321.0,118.0,108.0
520.0,322.0,118.0,108.0
520.0,322.0,118.0,108.0
519.0,323.0,118.0,108.0
519.0,323.0,117.0,107.0
518.0,323.0,117.0,108.0
518.0,323.0,117.0,107.0
517.0,324.0,118.0,108.0
516.0,324.0,118.0,108.0
516.0,324.0,117.0,108.0
515.0,325.0,118.0,108.0
515.0,325.0,117.0,108.0
515.0,324.0,117.0,107.0
515.0,323.0,118.0,108.0
516.0,323.0,118.0,108.0
517.0,322.0,118.0,108.0
517.0,322.0,118.0,108.0
516.0,323.0,118.0,108.0
515.0,323.0,118.0,108.0
515.0,324.0,118.0,108.0
515.0,324.0,118.0,108.0
515.0,324.0,118.0,108.0
516.0,323.0,119.0,109.0
517.0,322.0,119.0,109.0
518.0,321.0,120.0,110.0
519.0,321.0,120.0,110.0
519.0,320.0,120.0,110.0
519.0,320.0,120.0,110.0
519.0,320.0,121.0,110.0
520.0,318.0,121.0,111.0
521.0,316.0,122.0,112.0
522.0,315.0,122.0,112.0
522.0,315.0,122.0,112.0
521.0,315.0,122.0,112.0
521.0,315.0,123.0,112.0
520.0,315.0,123.0,113.0
521.0,314.0,124.0,114.0
521.0,311.0,125.0,115.0
523.0,310.0,126.0,115.0
524.0,309.0,126.0,115.0
525.0,309.0,127.0,116.0
525.0,309.0,127.0,116.0
524.0,310.0,126.0,116.0
523.0,312.0,127.0,116.0
520.0,314.0,127.0,116.0
517.0,316.0,127.0,116.0
513.0,320.0,126.0,116.0
510.0,323.0,126.0,115.0
508.0,326.0,125.0,114.0
507.0,329.0,124.0,113.0
507.0,331.0,122.0,112.0
509.0,332.0,121.0,111.0
508.0,334.0,121.0,111.0
508.0,337.0,120.0,110.0
508.0,337.0,118.0,108.0
511.0,337.0,115.0,105.0
511.0,337.0,115.0,105.0
511.0,338.0,115.0,105.0
510.0,339.0,115.0,105.0
508.0,340.0,117.0,107.0
503.0,343.0,119.0,109.0
499.0,347.0,121.0,111.0
495.0,350.0,123.0,113.0
492.0,352.0,125.0,114.0
489.0,354.0,125.0,115.0
487.0,356.0,126.0,115.0
487.0,357.0,125.0,115.0
486.0,356.0,125.0,115.0
487.0,356.0,125.0,114.0
489.0,355.0,125.0,115.0
490.0,354.0,125.0,114.0
492.0,353.0,125.0,115.0
493.0,352.0,126.0,115.0
494.0,351.0,126.0,115.0
495.0,350.0,125.0,115.0
495.0,350.0,125.0,115.0
496.0,352.0,125.0,115.0
497.0,353.0,124.0,114.0
496.0,354.0,124.0,114.0
496.0,355.0,124.0,113.0
496.0,355.0,124.0,113.0
496.0,354.0,124.0,114.0
496.0,354.0,124.0,114.0
496.0,354.0,125.0,114.0
496.0,355.0,125.0,114.0
496.0,355.0,125.0,115.0
494.0,356.0,126.0,115.0
502.0,357.0,125.0,115.0
502.0,357.0,125.0,115.0
502.0,358.0,125.0,115.0
503.0,358.0,125.0,115.0
503.0,358.0,125.0,115.0
504.0,357.0,125.0,115.0
504.0,358.0,125.0,115.0
504.0,358.0,125.0,115.0
504.0,358.0,125.0,115.0
504.0,358.0,125.0,115.0
504.0,358.0,125.0,115.0
504.0,358.0,124.0,114.0
506.0,357.0,124.0,114.0
506.0,357.0,124.0,114.0
506.0,358.0,124.0,114.0
506.0,359.0,123.0,113.0
506.0,358.0,123.0,113.0
506.0,359.0,122.0,112.0
506.0,360.0,122.0,112.0
506.0,360.0,122.0,112.0
507.0,359.0,122.0,112.0
507.0,360.0,121.0,112.0
507.0,360.0,121.0,112.0
507.0,360.0,121.0,111.0
507.0,360.0,121.0,111.0
506.0,361.0,120.0,111.0
506.0,362.0,120.0,110.0
506.0,362.0,119.0,110.0
506.0,362.0,119.0,110.0
507.0,362.0,119.0,110.0
508.0,361.0,119.0,109.0
508.0,361.0,119.0,109.0
508.0,361.0,119.0,109.0
508.0,361.0,119.0,109.0
512.0,373.0,116.0,90.0
514.0,374.0,120.0,88.0
515.0,383.0,120.0,67.0
517.0,386.0,126.0,49.0
524.0,382.0,117.0,55.0
521.0,381.0,117.0,56.0
523.0,378.0,114.0,56.0
519.0,381.0,120.0,51.0
522.0,380.0,120.0,58.0
520.0,383.0,114.0,54.0
523.0,382.0,114.0,52.0
524.0,382.0,114.0,52.0
524.0,381.0,114.0,52.0
525.0,381.0,114.0,52.0
525.0,381.0,114.0,52.0
524.0,381.0,114.0,52.0
524.0,381.0,114.0,52.0
525.0,379.0,114.0,52.0
527.0,378.0,114.0,52.0
528.0,377.0,113.0,52.0
528.0,376.0,113.0,51.0
530.0,375.0,114.0,52.0
531.0,374.0,113.0,52.0
533.0,373.0,113.0,52.0
534.0,372.0,113.0,51.0
535.0,371.0,113.0,52.0
535.0,371.0,114.0,52.0
533.0,372.0,114.0,52.0
532.0,372.0,114.0,52.0
532.0,372.0,114.0,52.0
533.0,372.0,114.0,52.0
533.0,370.0,115.0,52.0
535.0,369.0,114.0,52.0
537.0,367.0,115.0,52.0
539.0,367.0,114.0,52.0
540.0,366.0,113.0,52.0
541.0,366.0,113.0,52.0
541.0,365.0,114.0,52.0
542.0,365.0,113.0,52.0
541.0,365.0,113.0,52.0
542.0,364.0,113.0,52.0
541.0,364.0,114.0,52.0
540.0,364.0,114.0,52.0
540.0,365.0,113.0,52.0
539.0,365.0,113.0,52.0
539.0,365.0,113.0,52.0
539.0,365.0,113.0,52.0
539.0,365.0,112.0,51.0
538.0,366.0,112.0,51.0
537.0,367.0,113.0,52.0
537.0,367.0,113.0,51.0
536.0,367.0,113.0,51.0
536.0,367.0,113.0,52.0
536.0,367.0,113.0,52.0
536.0,367.0,114.0,52.0
536.0,367.0,113.0,52.0
536.0,366.0,113.0,51.0
536.0,365.0,114.0,52.0
537.0,364.0,114.0,52.0
537.0,365.0,114.0,52.0
536.0,366.0,113.0,52.0
535.0,366.0,113.0,52.0
535.0,366.0,112.0,51.0
535.0,367.0,112.0,51.0
534.0,367.0,112.0,51.0
534.0,366.0,113.0,52.0
535.0,365.0,113.0,52.0
535.0,364.0,114.0,52.0
536.0,364.0,113.0,52.0
535.0,365.0,114.0,52.0
534.0,365.0,114.0,52.0
535.0,365.0,115.0,52.0
536.0,365.0,113.0,52.0
537.0,364.0,112.0,51.0
536.0,365.0,112.0,51.0
534.0,365.0,114.0,52.0
533.0,366.0,113.0,52.0
532.0,365.0,113.0,52.0
535.0,364.0,113.0,51.0
535.0,360.0,115.0,53.0
537.0,360.0,114.0,52.0
537.0,362.0,113.0,52.0
536.0,364.0,113.0,51.0
535.0,364.0,113.0,51.0
535.0,364.0,113.0,52.0
535.0,364.0,114.0,52.0
536.0,363.0,114.0,52.0
537.0,363.0,112.0,51.0
536.0,362.0,112.0,51.0
537.0,362.0,111.0,51.0
537.0,362.0,112.0,51.0
537.0,363.0,111.0,51.0
536.0,363.0,111.0,51.0
535.0,364.0,112.0,51.0
535.0,364.0,113.0,52.0
536.0,363.0,112.0,51.0
535.0,362.0,112.0,51.0
535.0,362.0,112.0,51.0
535.0,363.0,114.0,52.0
535.0,362.0,112.0,51.0
536.0,362.0,112.0,51.0
537.0,362.0,111.0,50.0
535.0,362.0,113.0,52.0
534.0,363.0,112.0,51.0
533.0,363.0,112.0,51.0
533.0,363.0,112.0,51.0
533.0,362.0,112.0,51.0
533.0,361.0,112.0,51.0
534.0,361.0,111.0,51.0
534.0,361.0,112.0,51.0
534.0,360.0,111.0,51.0
534.0,360.0,112.0,51.0
534.0,360.0,112.0,51.0
534.0,359.0,112.0,51.0
536.0,359.0,111.0,51.0
536.0,358.0,111.0,51.0
535.0,355.0,113.0,52.0
536.0,355.0,114.0,52.0
536.0,355.0,113.0,52.0
537.0,354.0,113.0,52.0
537.0,354.0,113.0,52.0
537.0,354.0,114.0,52.0
537.0,354.0,114.0,52.0
537.0,354.0,114.0,52.0
537.0,354.0,113.0,52.0
537.0,354.0,113.0,52.0
536.0,354.0,113.0,52.0
536.0,354.0,113.0,52.0
536.0,354.0,113.0,52.0
536.0,354.0,113.0,52.0
536.0,354.0,113.0,52.0
536.0,354.0,113.0,52.0
537.0,353.0,113.0,52.0
537.0,353.0,113.0,52.0
537.0,353.0,113.0,51.0
538.0,352.0,113.0,51.0
538.0,351.0,113.0,51.0
538.0,352.0,112.0,51.0
537.0,352.0,113.0,51.0
537.0,352.0,113.0,51.0
529.0,346.0,128.0,69.0
530.0,346.0,128.0,69.0
531.0,345.0,128.0,69.0
531.0,345.0,128.0,69.0
532.0,344.0,128.0,69.0
532.0,344.0,128.0,69.0
532.0,344.0,128.0,69.0
532.0,344.0,128.0,69.0
532.0,344.0,127.0,68.0
532.0,344.0,127.0,68.0
532.0,344.0,127.0,68.0
532.0,344.0,127.0,68.0
532.0,344.0,126.0,68.0
532.0,344.0,126.0,68.0
533.0,343.0,126.0,68.0
533.0,343.0,126.0,68.0
533.0,343.0,126.0,68.0
533.0,344.0,126.0,68.0
533.0,344.0,125.0,67.0
533.0,343.0,126.0,68.0
534.0,343.0,126.0,68.0
534.0,342.0,126.0,68.0
534.0,342.0,126.0,68.0
534.0,342.0,126.0,68.0
534.0,342.0,126.0,68.0
537.0,342.0,124.0,67.0
535.0,341.0,126.0,68.0
535.0,341.0,126.0,68.0
536.0,340.0,126.0,68.0
537.0,340.0,126.0,68.0
536.0,340.0,126.0,68.0
538.0,341.0,123.0,67.0
535.0,340.0,125.0,67.0
535.0,340.0,125.0,67.0
537.0,338.0,126.0,68.0
537.0,337.0,125.0,68.0
536.0,336.0,126.0,68.0
533.0,335.0,129.0,69.0
532.0,332.0,132.0,71.0
532.0,332.0,134.0,72.0
532.0,332.0,134.0,72.0
532.0,332.0,135.0,73.0
534.0,346.0,133.0,58.0
535.0,346.0,133.0,58.0
535.0,346.0,133.0,58.0
535.0,346.0,133.0,58.0
535.0,346.0,133.0,58.0
535.0,346.0,133.0,58.0
541.0,346.0,118.0,58.0
541.0,346.0,118.0,58.0
541.0,346.0,118.0,58.0
541.0,346.0,118.0,58.0
541.0,346.0,118.0,58.0
540.0,346.0,118.0,58.0
538.0,346.0,119.0,58.0
538.0,346.0,117.0,58.0
538.0,346.0,117.0,58.0
538.0,345.0,118.0,58.0
537.0,345.0,120.0,59.0
534.0,344.0,122.0,60.0
531.0,344.0,123.0,60.0
530.0,345.0,121.0,60.0
528.0,343.0,122.0,60.0
530.0,343.0,116.0,57.0
534.0,341.0,114.0,56.0
542.0,338.0,114.0,56.0
546.0,336.0,114.0,56.0
546.0,334.0,116.0,57.0
545.0,333.0,118.0,58.0
541.0,332.0,119.0,59.0
538.0,332.0,119.0,59.0
541.0,332.0,117.0,57.0
547.0,332.0,114.0,56.0
551.0,330.0,113.0,55.0
555.0,329.0,112.0,55.0
552.0,327.0,120.0,59.0
552.0,327.0,119.0,59.0
547.0,327.0,119.0,59.0
543.0,327.0,119.0,59.0
542.0,328.0,120.0,59.0
545.0,329.0,118.0,58.0
547.0,330.0,116.0,57.0
551.0,331.0,115.0,56.0
550.0,331.0,115.0,57.0
548.0,330.0,116.0,57.0
544.0,329.0,119.0,58.0
541.0,328.0,119.0,59.0
540.0,329.0,120.0,59.0
543.0,329.0,118.0,58.0
547.0,330.0,116.0,57.0
548.0,331.0,116.0,57.0
548.0,331.0,117.0,57.0
548.0,330.0,117.0,58.0
545.0,330.0,118.0,58.0
542.0,330.0,119.0,59.0
542.0,330.0,118.0,58.0
545.0,330.0,117.0,57.0
550.0,329.0,115.0,57.0
556.0,329.0,113.0,56.0
556.0,327.0,116.0,57.0
556.0,326.0,115.0,57.0
553.0,326.0,115.0,57.0
547.0,326.0,118.0,58.0
543.0,327.0,117.0,58.0
544.0,329.0,114.0,56.0
545.0,330.0,113.0,56.0
546.0,332.0,113.0,56.0
548.0,332.0,114.0,56.0
551.0,330.0,114.0,56.0
550.0,327.0,115.0,56.0
548.0,326.0,116.0,57.0
545.0,326.0,116.0,57.0
544.0,328.0,115.0,57.0
542.0,331.0,117.0,57.0
541.0,332.0,117.0,58.0
538.0,332.0,118.0,58.0
535.0,332.0,120.0,59.0
532.0,332.0,120.0,59.0
532.0,333.0,119.0,58.0
534.0,333.0,118.0,58.0
537.0,332.0,117.0,57.0
541.0,331.0,117.0,57.0
543.0,330.0,118.0,58.0
545.0,329.0,118.0,58.0
545.0,328.0,118.0,58.0
544.0,327.0,119.0,59.0
544.0,327.0,121.0,59.0
543.0,327.0,122.0,60.0
542.0,327.0,123.0,60.0
543.0,326.0,122.0,60.0
545.0,326.0,121.0,60.0
548.0,326.0,121.0,60.0
551.0,325.0,121.0,60.0
558.0,324.0,116.0,57.0
559.0,323.0,118.0,58.0
559.0,323.0,118.0,58.0
559.0,323.0,118.0,58.0
557.0,324.0,117.0,58.0
555.0,325.0,117.0,58.0
556.0,326.0,117.0,57.0
557.0,326.0,115.0,57.0
557.0,326.0,116.0,57.0
557.0,326.0,116.0,57.0
562.0,327.0,116.0,64.0
560.0,329.0,116.0,64.0
557.0,330.0,117.0,64.0
556.0,330.0,117.0,64.0
556.0,330.0,117.0,65.0
555.0,330.0,117.0,65.0
555.0,331.0,117.0,64.0
555.0,332.0,117.0,65.0
554.0,332.0,118.0,65.0
555.0,333.0,117.0,65.0
555.0,332.0,118.0,65.0
556.0,332.0,118.0,65.0
556.0,332.0,118.0,65.0
556.0,332.0,118.0,65.0
555.0,333.0,118.0,65.0
554.0,333.0,118.0,65.0
553.0,334.0,118.0,65.0
552.0,334.0,118.0,65.0
551.0,335.0,118.0,65.0
550.0,335.0,119.0,66.0
549.0,336.0,120.0,66.0
549.0,336.0,119.0,65.0
548.0,337.0,119.0,66.0
547.0,337.0,119.0,66.0
545.0,338.0,119.0,65.0
545.0,338.0,119.0,66.0
545.0,339.0,119.0,65.0
545.0,339.0,118.0,65.0
545.0,339.0,118.0,65.0
545.0,339.0,118.0,65.0
546.0,339.0,118.0,65.0
546.0,338.0,118.0,65.0
546.0,338.0,118.0,65.0
546.0,338.0,118.0,65.0
547.0,337.0,118.0,65.0
548.0,337.0,118.0,65.0
548.0,337.0,119.0,65.0
547.0,337.0,119.0,66.0
546.0,337.0,118.0,65.0
545.0,337.0,119.0,66.0
547.0,337.0,118.0,65.0
548.0,336.0,118.0,65.0
551.0,335.0,117.0,64.0
553.0,335.0,117.0,65.0
553.0,334.0,117.0,65.0
555.0,334.0,117.0,65.0
554.0,334.0,118.0,65.0
554.0,334.0,118.0,65.0
555.0,333.0,118.0,65.0
557.0,333.0,117.0,65.0
557.0,332.0,118.0,65.0
558.0,333.0,117.0,65.0
558.0,333.0,118.0,65.0
558.0,333.0,118.0,65.0
558.0,333.0,117.0,65.0
556.0,333.0,118.0,65.0
555.0,333.0,118.0,65.0
555.0,333.0,118.0,65.0
555.0,332.0,118.0,65.0
556.0,332.0,118.0,65.0
556.0,332.0,118.0,65.0
555.0,333.0,118.0,65.0
554.0,333.0,119.0,65.0
553.0,333.0,119.0,66.0
553.0,333.0,119.0,66.0
553.0,333.0,119.0,66.0
554.0,334.0,119.0,66.0
554.0,334.0,118.0,65.0
554.0,334.0,118.0,65.0
554.0,334.0,119.0,66.0
555.0,334.0,119.0,66.0
555.0,335.0,119.0,66.0
556.0,335.0,119.0,66.0
556.0,334.0,120.0,66.0
556.0,334.0,121.0,67.0
556.0,334.0,121.0,67.0
556.0,334.0,121.0,67.0
556.0,334.0,121.0,67.0
558.0,333.0,120.0,66.0
559.0,332.0,121.0,67.0
559.0,332.0,121.0,67.0
559.0,332.0,121.0,67.0
559.0,332.0,121.0,67.0
559.0,333.0,121.0,67.0
557.0,334.0,121.0,67.0
556.0,334.0,122.0,67.0
555.0,335.0,122.0,67.0
555.0,335.0,122.0,67.0
556.0,335.0,122.0,67.0
556.0,335.0,122.0,67.0
555.0,335.0,122.0,67.0
554.0,336.0,122.0,68.0
555.0,337.0,121.0,67.0
554.0,339.0,122.0,67.0
554.0,339.0,122.0,67.0
554.0,339.0,122.0,67.0
554.0,339.0,122.0,67.0
555.0,339.0,123.0,68.0
555.0,338.0,124.0,68.0
555.0,338.0,124.0,68.0
555.0,338.0,124.0,68.0
555.0,338.0,124.0,68.0
556.0,337.0,124.0,68.0
556.0,336.0,124.0,68.0
556.0,336.0,126.0,69.0
557.0,336.0,126.0,69.0
557.0,336.0,126.0,69.0
557.0,336.0,126.0,69.0
557.0,336.0,126.0,69.0
556.0,336.0,126.0,69.0
556.0,336.0,126.0,69.0
556.0,336.0,126.0,70.0
556.0,336.0,126.0,70.0
556.0,336.0,126.0,70.0
556.0,336.0,126.0,70.0
556.0,336.0,126.0,70.0
556.0,336.0,126.0,70.0
556.0,337.0,126.0,69.0
556.0,337.0,124.0,69.0
556.0,337.0,125.0,69.0
557.0,337.0,126.0,69.0
557.0,337.0,126.0,69.0
558.0,337.0,126.0,69.0
558.0,337.0,126.0,70.0
560.0,337.0,125.0,69.0
561.0,337.0,126.0,69.0
561.0,337.0,126.0,69.0
562.0,337.0,126.0,70.0
564.0,336.0,125.0,69.0
566.0,335.0,125.0,69.0
568.0,334.0,125.0,69.0
568.0,334.0,124.0,68.0
568.0,334.0,124.0,68.0
568.0,335.0,124.0,68.0
567.0,337.0,125.0,69.0
568.0,337.0,125.0,69.0
568.0,337.0,125.0,69.0
568.0,337.0,125.0,69.0
567.0,338.0,126.0,69.0
568.0,338.0,125.0,69.0
567.0,338.0,125.0,69.0
567.0,338.0,125.0,69.0
568.0,338.0,125.0,69.0
568.0,338.0,125.0,69.0
567.0,339.0,125.0,69.0
567.0,340.0,124.0,68.0
565.0,344.0,124.0,68.0
564.0,346.0,123.0,68.0
562.0,347.0,124.0,69.0
566.0,354.0,119.0,51.0
563.0,359.0,117.0,49.0
565.0,351.0,116.0,57.0
566.0,357.0,118.0,48.0
565.0,358.0,117.0,48.0
565.0,354.0,120.0,56.0
558.0,357.0,120.0,66.0
576.0,354.0,110.0,51.0
577.0,348.0,114.0,54.0
572.0,352.0,117.0,57.0
566.0,350.0,125.0,60.0
570.0,353.0,121.0,55.0
572.0,352.0,120.0,56.0
570.0,354.0,120.0,54.0
569.0,352.0,122.0,60.0
572.0,350.0,116.0,64.0
567.0,352.0,124.0,54.0
567.0,352.0,124.0,54.0
568.0,353.0,123.0,54.0
567.0,355.0,123.0,54.0
567.0,355.0,122.0,53.0
566.0,356.0,122.0,53.0
566.0,358.0,121.0,53.0
566.0,359.0,121.0,53.0
566.0,359.0,121.0,53.0
569.0,360.0,119.0,52.0
570.0,355.0,124.0,57.0
570.0,349.0,123.0,63.0
572.0,353.0,120.0,61.0
562.0,352.0,133.0,64.0
562.0,352.0,133.0,64.0
562.0,353.0,133.0,64.0
562.0,354.0,132.0,64.0
564.0,353.0,135.0,65.0
564.0,355.0,132.0,63.0
562.0,355.0,134.0,65.0
561.0,356.0,135.0,65.0
560.0,357.0,133.0,64.0
559.0,357.0,134.0,64.0
559.0,357.0,132.0,63.0
560.0,356.0,136.0,65.0
560.0,357.0,132.0,64.0
560.0,357.0,133.0,64.0
560.0,358.0,133.0,64.0
560.0,358.0,137.0,66.0
558.0,358.0,135.0,65.0
559.0,359.0,134.0,64.0
559.0,359.0,136.0,66.0
559.0,360.0,137.0,66.0
559.0,361.0,134.0,65.0
560.0,361.0,132.0,63.0
576.0,347.0,124.0,77.0
578.0,350.0,123.0,77.0
562.0,348.0,146.0,82.0
578.0,356.0,121.0,72.0
578.0,356.0,121.0,72.0
578.0,357.0,121.0,72.0
578.0,357.0,121.0,72.0
577.0,356.0,122.0,73.0
578.0,356.0,122.0,73.0
578.0,356.0,122.0,72.0
579.0,357.0,121.0,72.0
578.0,357.0,122.0,72.0
577.0,358.0,122.0,72.0
577.0,358.0,122.0,72.0
577.0,357.0,121.0,72.0
577.0,357.0,121.0,72.0
576.0,356.0,123.0,73.0
577.0,358.0,122.0,73.0
575.0,356.0,123.0,73.0
575.0,356.0,124.0,74.0
575.0,364.0,124.0,62.0
574.0,364.0,124.0,62.0
574.0,365.0,124.0,62.0
574.0,365.0,124.0,62.0
575.0,364.0,124.0,62.0
576.0,364.0,124.0,62.0
576.0,364.0,123.0,61.0
575.0,355.0,122.0,72.0
575.0,356.0,120.0,71.0
574.0,357.0,122.0,72.0
575.0,358.0,122.0,72.0
575.0,346.0,122.0,84.0
576.0,345.0,124.0,85.0
575.0,343.0,126.0,87.0
574.0,342.0,127.0,88.0
574.0,342.0,129.0,89.0
575.0,337.0,138.0,95.0
589.0,323.0,124.0,109.0
590.0,329.0,118.0,107.0
589.0,328.0,118.0,107.0
589.0,328.0,119.0,108.0
588.0,328.0,119.0,108.0
588.0,327.0,118.0,107.0
587.0,327.0,118.0,107.0
588.0,326.0,118.0,107.0
589.0,326.0,118.0,107.0
588.0,325.0,118.0,107.0
588.0,325.0,118.0,107.0
588.0,324.0,119.0,108.0
590.0,323.0,118.0,107.0
592.0,321.0,119.0,108.0
591.0,320.0,119.0,108.0
591.0,321.0,120.0,108.0
590.0,322.0,120.0,109.0
589.0,323.0,119.0,108.0
588.0,323.0,119.0,108.0
588.0,323.0,119.0,108.0
588.0,323.0,119.0,107.0
589.0,324.0,116.0,106.0
589.0,324.0,116.0,105.0
588.0,324.0,116.0,105.0
588.0,339.0,116.0,84.0
588.0,339.0,116.0,84.0
588.0,339.0,116.0,84.0
588.0,338.0,116.0,84.0
589.0,338.0,116.0,84.0
589.0,339.0,116.0,84.0
589.0,339.0,116.0,84.0
590.0,339.0,116.0,84.0
592.0,338.0,115.0,83.0
594.0,337.0,115.0,83.0
598.0,336.0,114.0,83.0
601.0,336.0,113.0,82.0
603.0,337.0,111.0,80.0
603.0,338.0,110.0,80.0
603.0,338.0,111.0,80.0
603.0,339.0,109.0,79.0
604.0,340.0,107.0,78.0
602.0,342.0,107.0,77.0
601.0,343.0,106.0,77.0
600.0,345.0,105.0,76.0
599.0,348.0,103.0,75.0
596.0,351.0,102.0,74.0
592.0,354.0,102.0,74.0
588.0,358.0,101.0,73.0
585.0,361.0,100.0,73.0
582.0,363.0,99.0,72.0
581.0,365.0,99.0,72.0
580.0,366.0,99.0,72.0
580.0,365.0,99.0,72.0
580.0,364.0,99.0,71.0
581.0,363.0,99.0,71.0
583.0,363.0,98.0,71.0
584.0,363.0,98.0,71.0
584.0,363.0,98.0,71.0
578.0,363.0,113.0,71.0
578.0,363.0,113.0,71.0
578.0,362.0,113.0,71.0
578.0,362.0,113.0,71.0
579.0,362.0,113.0,71.0
579.0,362.0,113.0,71.0
579.0,362.0,113.0,71.0
580.0,361.0,113.0,71.0
580.0,361.0,113.0,71.0
581.0,361.0,113.0,71.0
580.0,360.0,113.0,71.0
580.0,360.0,114.0,71.0
581.0,360.0,114.0,71.0
582.0,358.0,114.0,71.0
583.0,357.0,113.0,71.0
584.0,357.0,113.0,71.0
584.0,356.0,113.0,71.0
585.0,356.0,113.0,71.0
584.0,356.0,113.0,71.0
583.0,356.0,114.0,72.0
581.0,357.0,114.0,72.0
581.0,357.0,114.0,72.0
581.0,357.0,114.0,72.0
581.0,357.0,114.0,72.0
579.0,357.0,115.0,72.0
578.0,358.0,114.0,72.0
577.0,358.0,115.0,72.0
577.0,358.0,115.0,72.0
576.0,358.0,114.0,72.0
575.0,359.0,115.0,72.0
575.0,359.0,115.0,72.0
574.0,359.0,115.0,72.0
573.0,359.0,115.0,72.0
573.0,359.0,115.0,72.0
573.0,359.0,115.0,72.0
573.0,359.0,115.0,72.0
573.0,359.0,114.0,72.0
572.0,359.0,115.0,72.0
571.0,359.0,115.0,72.0
569.0,358.0,117.0,74.0
568.0,357.0,119.0,75.0
569.0,357.0,119.0,75.0
569.0,357.0,119.0,74.0
569.0,356.0,121.0,76.0
569.0,355.0,122.0,76.0
569.0,355.0,122.0,76.0
569.0,356.0,122.0,76.0
568.0,356.0,122.0,76.0
568.0,356.0,122.0,76.0
567.0,356.0,121.0,76.0
567.0,356.0,121.0,76.0
566.0,357.0,121.0,76.0
564.0,358.0,122.0,76.0
564.0,358.0,122.0,76.0
564.0,358.0,122.0,76.0
564.0,358.0,121.0,76.0
565.0,358.0,121.0,76.0
565.0,358.0,121.0,76.0
565.0,359.0,121.0,76.0
564.0,359.0,121.0,76.0
562.0,360.0,121.0,76.0
561.0,360.0,121.0,76.0
560.0,360.0,121.0,76.0
558.0,361.0,121.0,76.0
556.0,361.0,121.0,76.0
554.0,362.0,122.0,76.0
553.0,362.0,122.0,77.0
553.0,362.0,122.0,77.0
553.0,362.0,122.0,76.0
553.0,363.0,122.0,77.0
553.0,363.0,122.0,77.0
553.0,363.0,122.0,77.0
554.0,363.0,122.0,77.0
554.0,363.0,122.0,77.0
554.0,362.0,123.0,77.0
554.0,362.0,123.0,77.0
554.0,362.0,123.0,77.0
554.0,361.0,123.0,78.0
554.0,361.0,123.0,78.0
555.0,360.0,124.0,78.0
556.0,359.0,123.0,78.0
556.0,358.0,123.0,78.0
555.0,357.0,124.0,78.0
554.0,357.0,125.0,78.0
554.0,357.0,125.0,78.0
553.0,356.0,125.0,78.0
552.0,356.0,124.0,78.0
552.0,356.0,124.0,78.0
552.0,356.0,124.0,78.0
553.0,355.0,124.0,78.0
553.0,355.0,123.0,78.0
552.0,356.0,124.0,78.0
551.0,356.0,124.0,78.0
551.0,356.0,124.0,78.0
551.0,356.0,124.0,78.0
549.0,356.0,124.0,78.0
548.0,355.0,124.0,78.0
548.0,355.0,124.0,78.0
550.0,354.0,124.0,78.0
551.0,352.0,124.0,78.0
551.0,351.0,125.0,78.0
552.0,350.0,124.0,78.0
553.0,350.0,124.0,78.0
552.0,350.0,124.0,78.0
551.0,351.0,124.0,78.0
549.0,352.0,124.0,78.0
547.0,353.0,124.0,78.0
547.0,353.0,124.0,78.0
546.0,354.0,124.0,78.0
545.0,355.0,124.0,78.0
545.0,355.0,124.0,78.0
546.0,354.0,124.0,78.0
549.0,352.0,124.0,78.0
551.0,350.0,124.0,78.0
552.0,349.0,124.0,78.0
553.0,348.0,124.0,78.0
554.0,347.0,124.0,78.0
554.0,347.0,124.0,78.0
553.0,347.0,124.0,78.0
550.0,348.0,124.0,78.0
547.0,350.0,124.0,78.0
545.0,351.0,125.0,79.0
544.0,351.0,125.0,79.0
544.0,351.0,125.0,79.0
544.0,351.0,125.0,79.0
545.0,350.0,126.0,79.0
548.0,349.0,126.0,79.0
550.0,348.0,126.0,79.0
552.0,347.0,125.0,79.0
554.0,347.0,126.0,79.0
557.0,346.0,126.0,79.0
559.0,345.0,125.0,79.0
562.0,345.0,125.0,78.0
563.0,345.0,125.0,78.0
563.0,345.0,125.0,79.0
563.0,344.0,125.0,79.0
564.0,343.0,125.0,79.0
566.0,342.0,125.0,79.0
570.0,341.0,125.0,79.0
573.0,340.0,125.0,79.0
575.0,339.0,125.0,79.0
577.0,339.0,125.0,79.0
579.0,338.0,126.0,79.0
581.0,337.0,126.0,79.0
582.0,336.0,126.0,79.0
582.0,336.0,126.0,79.0
581.0,337.0,126.0,79.0
577.0,339.0,126.0,79.0
573.0,341.0,127.0,80.0
569.0,343.0,127.0,80.0
566.0,345.0,127.0,80.0
564.0,346.0,128.0,80.0
563.0,346.0,128.0,81.0
563.0,347.0,129.0,81.0
566.0,347.0,128.0,80.0
567.0,347.0,128.0,81.0
569.0,347.0,128.0,80.0
569.0,346.0,128.0,81.0
571.0,345.0,128.0,81.0
573.0,345.0,128.0,80.0
573.0,345.0,128.0,80.0
571.0,346.0,127.0,80.0
570.0,346.0,128.0,80.0
570.0,347.0,127.0,80.0
570.0,348.0,127.0,80.0
569.0,349.0,127.0,80.0
568.0,349.0,127.0,80.0
569.0,349.0,127.0,80.0
570.0,348.0,127.0,80.0
570.0,348.0,127.0,80.0
570.0,348.0,127.0,80.0
570.0,349.0,127.0,80.0
571.0,349.0,126.0,79.0
572.0,349.0,126.0,79.0
573.0,348.0,126.0,79.0
574.0,348.0,126.0,79.0
574.0,348.0,126.0,79.0
574.0,348.0,127.0,80.0
574.0,348.0,127.0,80.0
573.0,348.0,127.0,80.0
572.0,349.0,127.0,80.0
572.0,349.0,127.0,80.0
572.0,350.0,127.0,80.0
571.0,350.0,127.0,80.0
570.0,351.0,127.0,80.0
571.0,352.0,126.0,79.0
572.0,352.0,126.0,79.0
574.0,351.0,125.0,79.0
575.0,350.0,126.0,79.0
575.0,351.0,126.0,79.0
575.0,351.0,126.0,79.0
575.0,351.0,126.0,79.0
574.0,351.0,126.0,79.0
574.0,352.0,125.0,79.0
574.0,351.0,126.0,79.0
573.0,351.0,127.0,79.0
573.0,351.0,127.0,80.0
573.0,351.0,127.0,80.0
572.0,351.0,128.0,80.0
572.0,351.0,128.0,81.0
573.0,350.0,129.0,81.0
573.0,349.0,130.0,81.0
573.0,349.0,130.0,81.0
573.0,349.0,130.0,81.0
573.0,349.0,129.0,81.0
573.0,349.0,130.0,82.0
574.0,348.0,131.0,82.0
574.0,348.0,131.0,82.0
574.0,348.0,131.0,82.0
574.0,348.0,131.0,82.0
574.0,348.0,131.0,82.0
573.0,348.0,131.0,82.0
572.0,349.0,131.0,82.0
572.0,349.0,130.0,82.0
572.0,349.0,130.0,82.0
573.0,348.0,130.0,82.0
572.0,348.0,130.0,82.0
572.0,348.0,130.0,82.0
573.0,349.0,128.0,81.0
572.0,349.0,129.0,81.0
572.0,349.0,129.0,81.0
570.0,350.0,129.0,81.0
570.0,352.0,128.0,80.0
570.0,352.0,128.0,80.0
569.0,352.0,126.0,79.0
569.0,352.0,126.0,79.0
569.0,352.0,126.0,79.0
567.0,353.0,127.0,80.0
567.0,353.0,127.0,80.0
565.0,354.0,128.0,80.0
563.0,354.0,133.0,83.0
563.0,354.0,133.0,83.0
565.0,351.0,132.0,96.0
571.0,345.0,128.0,103.0
571.0,345.0,128.0,97.0
572.0,344.0,128.0,100.0
573.0,343.0,124.0,99.0
574.0,342.0,123.0,99.0
574.0,342.0,121.0,96.0
575.0,342.0,118.0,93.0
577.0,340.0,116.0,91.0
580.0,339.0,119.0,89.0
582.0,336.0,120.0,96.0
581.0,335.0,119.0,90.0
579.0,337.0,126.0,93.0
586.0,346.0,113.0,75.0
587.0,350.0,106.0,70.0
586.0,353.0,103.0,69.0
584.0,355.0,103.0,68.0
575.0,355.0,117.0,70.0
575.0,355.0,117.0,70.0
575.0,355.0,117.0,70.0
575.0,355.0,117.0,70.0
575.0,355.0,117.0,70.0
575.0,355.0,117.0,70.0
575.0,355.0,117.0,70.0
574.0,356.0,116.0,70.0
573.0,356.0,117.0,70.0
572.0,356.0,117.0,70.0
571.0,357.0,116.0,70.0
571.0,357.0,117.0,70.0
571.0,357.0,116.0,70.0
572.0,357.0,116.0,70.0
572.0,357.0,116.0,69.0
572.0,357.0,116.0,69.0
572.0,357.0,116.0,69.0
572.0,357.0,116.0,69.0
571.0,358.0,115.0,69.0
570.0,358.0,115.0,69.0
571.0,358.0,115.0,69.0
570.0,358.0,115.0,69.0
570.0,358.0,115.0,69.0
571.0,358.0,115.0,69.0
571.0,358.0,114.0,68.0
571.0,358.0,114.0,68.0
571.0,358.0,115.0,69.0
571.0,358.0,115.0,69.0
571.0,358.0,115.0,69.0
571.0,358.0,114.0,68.0
571.0,358.0,114.0,68.0
571.0,358.0,115.0,69.0
571.0,358.0,115.0,69.0
571.0,358.0,114.0,68.0
571.0,358.0,115.0,69.0
571.0,358.0,114.0,68.0
571.0,358.0,115.0,69.0
571.0,358.0,114.0,68.0
571.0,358.0,114.0,68.0
571.0,358.0,114.0,68.0
571.0,358.0,114.0,68.0
571.0,359.0,114.0,68.0
571.0,359.0,114.0,68.0
572.0,359.0,113.0,67.0
572.0,359.0,113.0,68.0
571.0,359.0,113.0,68.0
572.0,359.0,113.0,68.0
572.0,359.0,113.0,68.0
572.0,359.0,112.0,67.0
573.0,359.0,112.0,67.0
573.0,359.0,112.0,67.0
573.0,359.0,111.0,67.0
573.0,359.0,112.0,67.0
573.0,359.0,112.0,67.0
573.0,359.0,112.0,67.0
574.0,360.0,110.0,66.0
574.0,360.0,110.0,66.0
574.0,360.0,110.0,66.0
573.0,360.0,110.0,66.0
573.0,360.0,110.0,66.0
573.0,360.0,110.0,66.0
574.0,361.0,109.0,65.0
574.0,361.0,109.0,65.0
574.0,360.0,109.0,65.0
574.0,360.0,109.0,65.0
574.0,360.0,109.0,65.0
575.0,360.0,109.0,65.0
576.0,360.0,109.0,65.0
575.0,360.0,109.0,65.0
574.0,360.0,109.0,65.0
574.0,360.0,109.0,65.0
575.0,360.0,109.0,65.0
575.0,360.0,109.0,65.0
575.0,360.0,109.0,65.0
575.0,360.0,109.0,65.0
575.0,360.0,109.0,65.0
575.0,360.0,109.0,65.0
575.0,360.0,109.0,65.0
575.0,360.0,109.0,65.0
575.0,360.0,109.0,65.0
575.0,360.0,109.0,65.0
575.0,360.0,109.0,65.0
576.0,360.0,109.0,65.0
576.0,360.0,109.0,65.0
576.0,360.0,109.0,65.0
576.0,360.0,109.0,65.0
575.0,359.0,110.0,66.0
575.0,359.0,110.0,66.0
575.0,359.0,110.0,66.0
575.0,360.0,110.0,66.0
575.0,360.0,110.0,66.0
575.0,360.0,110.0,66.0
575.0,360.0,110.0,66.0
575.0,360.0,110.0,66.0
575.0,360.0,110.0,66.0
575.0,360.0,109.0,65.0
575.0,361.0,108.0,64.0
575.0,361.0,108.0,64.0
575.0,361.0,107.0,64.0
576.0,361.0,107.0,64.0
576.0,362.0,107.0,64.0
577.0,362.0,106.0,63.0
577.0,362.0,106.0,63.0
577.0,362.0,106.0,63.0
577.0,362.0,106.0,63.0
577.0,362.0,105.0,63.0
577.0,362.0,104.0,62.0
577.0,363.0,103.0,62.0
577.0,363.0,103.0,62.0
578.0,363.0,103.0,62.0
578.0,363.0,103.0,62.0
578.0,363.0,103.0,61.0
577.0,363.0,103.0,62.0
577.0,363.0,103.0,61.0
577.0,364.0,103.0,61.0
577.0,364.0,103.0,61.0
578.0,364.0,103.0,62.0
577.0,364.0,103.0,62.0
577.0,364.0,103.0,62.0
577.0,365.0,103.0,61.0
576.0,365.0,102.0,61.0
576.0,365.0,102.0,61.0
576.0,366.0,102.0,61.0
576.0,365.0,115.0,57.0
577.0,365.0,114.0,57.0
576.0,365.0,114.0,57.0
576.0,365.0,114.0,56.0
575.0,366.0,114.0,56.0
576.0,367.0,113.0,56.0
576.0,366.0,113.0,56.0
577.0,366.0,113.0,56.0
579.0,365.0,112.0,55.0
573.0,370.0,118.0,51.0
573.0,370.0,118.0,51.0
573.0,370.0,118.0,51.0
574.0,370.0,117.0,51.0
574.0,369.0,117.0,51.0
575.0,370.0,117.0,50.0
577.0,371.0,114.0,49.0
575.0,370.0,115.0,50.0
574.0,370.0,116.0,50.0
573.0,371.0,117.0,50.0
571.0,371.0,117.0,50.0
571.0,371.0,117.0,50.0
571.0,372.0,116.0,50.0
572.0,372.0,115.0,50.0
571.0,372.0,116.0,50.0
571.0,372.0,116.0,50.0
570.0,372.0,116.0,50.0
571.0,373.0,116.0,50.0
571.0,373.0,116.0,50.0
571.0,373.0,116.0,50.0
571.0,373.0,116.0,50.0
574.0,375.0,112.0,48.0
575.0,377.0,110.0,47.0
575.0,378.0,109.0,47.0
576.0,377.0,107.0,46.0
576.0,377.0,108.0,47.0
578.0,376.0,106.0,46.0
578.0,376.0,106.0,46.0
578.0,376.0,107.0,46.0
571.0,368.0,113.0,54.0
571.0,368.0,113.0,54.0
571.0,368.0,113.0,54.0
571.0,368.0,112.0,54.0
571.0,368.0,113.0,54.0
571.0,368.0,112.0,54.0
571.0,368.0,112.0,54.0
571.0,368.0,112.0,54.0
570.0,368.0,112.0,54.0
570.0,368.0,113.0,54.0
571.0,368.0,112.0,53.0
572.0,367.0,114.0,54.0
572.0,368.0,113.0,54.0
573.0,368.0,112.0,54.0
576.0,367.0,107.0,51.0
576.0,367.0,106.0,51.0
576.0,367.0,106.0,51.0
576.0,367.0,106.0,51.0
575.0,367.0,106.0,51.0
575.0,368.0,106.0,51.0
576.0,368.0,105.0,50.0
576.0,368.0,105.0,50.0
576.0,369.0,104.0,50.0
574.0,371.0,105.0,50.0
571.0,376.0,106.0,50.0
568.0,377.0,106.0,51.0
567.0,378.0,106.0,51.0
565.0,379.0,108.0,51.0
564.0,381.0,108.0,52.0
561.0,385.0,108.0,51.0
560.0,387.0,107.0,51.0
559.0,387.0,107.0,51.0
560.0,388.0,106.0,51.0
559.0,390.0,107.0,51.0
557.0,394.0,107.0,51.0
557.0,398.0,108.0,52.0
558.0,398.0,108.0,52.0
558.0,399.0,108.0,52.0
559.0,399.0,106.0,51.0
560.0,397.0,112.0,54.0
562.0,396.0,112.0,54.0
564.0,395.0,113.0,54.0
566.0,394.0,113.0,54.0
568.0,394.0,113.0,54.0
570.0,394.0,114.0,54.0
570.0,398.0,114.0,55.0
569.0,401.0,114.0,55.0
569.0,401.0,113.0,54.0
570.0,402.0,112.0,54.0
570.0,401.0,113.0,54.0
567.0,394.0,120.0,55.0
581.0,391.0,111.0,53.0
573.0,371.0,121.0,79.0
574.0,363.0,136.0,89.0
588.0,355.0,125.0,104.0
588.0,354.0,128.0,107.0
588.0,355.0,128.0,106.0
587.0,354.0,129.0,107.0
587.0,354.0,129.0,108.0
587.0,354.0,130.0,108.0
587.0,353.0,130.0,108.0
588.0,352.0,130.0,108.0
588.0,351.0,131.0,109.0
588.0,351.0,130.0,109.0
588.0,350.0,130.0,108.0
587.0,349.0,131.0,109.0
599.0,348.0,118.0,97.0
598.0,348.0,117.0,96.0
597.0,347.0,117.0,96.0
596.0,347.0,116.0,96.0
594.0,346.0,116.0,96.0
593.0,347.0,117.0,96.0
593.0,347.0,116.0,96.0
592.0,347.0,116.0,96.0
589.0,347.0,117.0,96.0
588.0,347.0,118.0,97.0
587.0,347.0,118.0,97.0
587.0,347.0,117.0,96.0
585.0,347.0,118.0,97.0
588.0,346.0,116.0,95.0
586.0,345.0,118.0,97.0
587.0,345.0,117.0,96.0
587.0,345.0,118.0,97.0
587.0,344.0,118.0,97.0
588.0,343.0,118.0,97.0
590.0,341.0,118.0,97.0
592.0,340.0,118.0,97.0
592.0,338.0,117.0,96.0
591.0,337.0,117.0,96.0
589.0,337.0,117.0,96.0
587.0,337.0,117.0,96.0
584.0,336.0,117.0,96.0
583.0,336.0,117.0,96.0
579.0,337.0,117.0,96.0
575.0,339.0,117.0,96.0
571.0,340.0,117.0,96.0
568.0,341.0,117.0,96.0
566.0,342.0,117.0,96.0
564.0,342.0,117.0,96.0
563.0,341.0,117.0,96.0
563.0,341.0,117.0,96.0
562.0,341.0,117.0,96.0
562.0,341.0,116.0,96.0
563.0,340.0,116.0,96.0
564.0,339.0,116.0,96.0
565.0,337.0,117.0,96.0
566.0,336.0,117.0,96.0
567.0,334.0,117.0,96.0
567.0,333.0,116.0,96.0
566.0,331.0,117.0,96.0
565.0,328.0,117.0,96.0
564.0,326.0,117.0,96.0
562.0,324.0,117.0,96.0
561.0,323.0,117.0,96.0
561.0,321.0,117.0,96.0
563.0,320.0,118.0,97.0
564.0,319.0,118.0,97.0
565.0,318.0,118.0,97.0
567.0,317.0,118.0,97.0
570.0,315.0,118.0,97.0
572.0,313.0,118.0,97.0
574.0,311.0,119.0,97.0
577.0,309.0,119.0,98.0
579.0,308.0,118.0,97.0
580.0,308.0,118.0,97.0
583.0,306.0,118.0,97.0
586.0,305.0,118.0,97.0
587.0,303.0,118.0,97.0
587.0,303.0,118.0,97.0
589.0,301.0,119.0,98.0
591.0,299.0,119.0,98.0
594.0,298.0,119.0,98.0
595.0,296.0,119.0,98.0
596.0,296.0,119.0,98.0
596.0,295.0,119.0,98.0
595.0,295.0,119.0,98.0
593.0,296.0,119.0,97.0
593.0,295.0,119.0,97.0
593.0,294.0,118.0,97.0
593.0,293.0,118.0,97.0
592.0,292.0,118.0,97.0
591.0,292.0,118.0,97.0
590.0,292.0,117.0,96.0
589.0,291.0,117.0,96.0
588.0,290.0,117.0,96.0
587.0,289.0,116.0,95.0
586.0,286.0,116.0,95.0
586.0,280.0,116.0,95.0
588.0,274.0,115.0,95.0
592.0,267.0,115.0,94.0
597.0,261.0,115.0,95.0
604.0,257.0,115.0,95.0
611.0,253.0,116.0,95.0
619.0,250.0,117.0,96.0
627.0,248.0,116.0,96.0
632.0,246.0,116.0,95.0
635.0,246.0,115.0,95.0
636.0,246.0,115.0,94.0
635.0,247.0,114.0,94.0
634.0,248.0,114.0,94.0
633.0,248.0,115.0,94.0
632.0,248.0,115.0,94.0
631.0,247.0,115.0,95.0
630.0,248.0,115.0,95.0
628.0,248.0,115.0,95.0
625.0,250.0,115.0,95.0
622.0,251.0,115.0,95.0
619.0,252.0,116.0,95.0
616.0,251.0,116.0,95.0
614.0,251.0,116.0,96.0
612.0,251.0,117.0,96.0
610.0,251.0,118.0,97.0
610.0,250.0,119.0,98.0
609.0,250.0,120.0,99.0
606.0,252.0,120.0,98.0
605.0,252.0,120.0,99.0
605.0,253.0,120.0,99.0
611.0,263.0,107.0,89.0
612.0,262.0,107.0,89.0
613.0,262.0,107.0,89.0
614.0,264.0,107.0,89.0
614.0,266.0,106.0,88.0
614.0,267.0,106.0,88.0
613.0,266.0,107.0,89.0
610.0,266.0,107.0,89.0
608.0,267.0,106.0,89.0
607.0,268.0,107.0,89.0
605.0,268.0,107.0,89.0
603.0,269.0,107.0,89.0
603.0,270.0,106.0,88.0
605.0,268.0,107.0,89.0
608.0,266.0,107.0,89.0
610.0,265.0,107.0,89.0
611.0,265.0,107.0,89.0
611.0,265.0,107.0,89.0
609.0,266.0,108.0,90.0
607.0,270.0,107.0,89.0
605.0,271.0,107.0,89.0
602.0,272.0,107.0,89.0
599.0,274.0,106.0,89.0
596.0,275.0,107.0,89.0
594.0,276.0,107.0,89.0
592.0,277.0,107.0,89.0
591.0,276.0,107.0,89.0
588.0,277.0,107.0,89.0
587.0,276.0,107.0,89.0
587.0,276.0,107.0,89.0
587.0,275.0,106.0,89.0
587.0,272.0,108.0,90.0
587.0,271.0,109.0,91.0
588.0,272.0,107.0,89.0
589.0,272.0,109.0,90.0
590.0,271.0,111.0,92.0
590.0,269.0,113.0,94.0
590.0,269.0,112.0,94.0
590.0,269.0,111.0,92.0
589.0,268.0,111.0,93.0
589.0,269.0,111.0,92.0
588.0,270.0,111.0,92.0
587.0,273.0,108.0,90.0
586.0,274.0,108.0,90.0
586.0,275.0,107.0,89.0
586.0,275.0,106.0,88.0
586.0,276.0,104.0,87.0
585.0,278.0,101.0,84.0
583.0,280.0,101.0,84.0
583.0,281.0,101.0,84.0
583.0,280.0,101.0,84.0
585.0,278.0,102.0,85.0
585.0,275.0,103.0,85.0
585.0,274.0,103.0,86.0
585.0,275.0,102.0,85.0
585.0,275.0,102.0,85.0
587.0,275.0,101.0,84.0
589.0,274.0,101.0,84.0
590.0,275.0,100.0,83.0
590.0,276.0,99.0,83.0
590.0,279.0,95.0,79.0
589.0,285.0,88.0,73.0
589.0,286.0,87.0,73.0
589.0,286.0,85.0,71.0
591.0,286.0,85.0,71.0
592.0,286.0,84.0,70.0
592.0,285.0,86.0,71.0
580.0,284.0,104.0,75.0
578.0,277.0,109.0,84.0
577.0,276.0,117.0,91.0
578.0,275.0,119.0,92.0
579.0,274.0,120.0,93.0
579.0,274.0,120.0,93.0
579.0,275.0,119.0,93.0
579.0,276.0,118.0,92.0
580.0,277.0,116.0,90.0
580.0,278.0,116.0,90.0
580.0,280.0,112.0,87.0
580.0,282.0,110.0,85.0
580.0,281.0,110.0,86.0
580.0,281.0,110.0,86.0
581.0,281.0,109.0,85.0
581.0,282.0,108.0,84.0
582.0,284.0,105.0,82.0
582.0,284.0,105.0,81.0
582.0,285.0,104.0,81.0
582.0,285.0,105.0,81.0
583.0,284.0,104.0,81.0
583.0,283.0,105.0,81.0
583.0,284.0,103.0,80.0
583.0,284.0,104.0,81.0
583.0,283.0,104.0,81.0
584.0,283.0,105.0,81.0
584.0,282.0,106.0,82.0
583.0,281.0,107.0,83.0
582.0,280.0,109.0,85.0
581.0,280.0,109.0,85.0
580.0,278.0,112.0,87.0
580.0,278.0,112.0,87.0
579.0,278.0,112.0,87.0
580.0,278.0,112.0,87.0
580.0,278.0,112.0,87.0
580.0,278.0,112.0,87.0
580.0,278.0,112.0,87.0
581.0,277.0,112.0,87.0
582.0,276.0,112.0,87.0
583.0,276.0,112.0,87.0
584.0,276.0,112.0,87.0
584.0,276.0,111.0,87.0
585.0,276.0,111.0,87.0
587.0,276.0,111.0,86.0
588.0,275.0,111.0,86.0
590.0,274.0,111.0,87.0
591.0,273.0,111.0,87.0
592.0,276.0,109.0,85.0
589.0,276.0,112.0,87.0
591.0,275.0,110.0,85.0
589.0,276.0,112.0,87.0
586.0,276.0,115.0,89.0
587.0,276.0,113.0,88.0
585.0,276.0,115.0,89.0
585.0,276.0,116.0,90.0
586.0,275.0,115.0,89.0
587.0,274.0,115.0,90.0
588.0,272.0,114.0,89.0
587.0,273.0,114.0,89.0
586.0,274.0,114.0,89.0
586.0,275.0,113.0,88.0
585.0,275.0,113.0,88.0
585.0,275.0,114.0,88.0
586.0,275.0,113.0,88.0
586.0,275.0,113.0,88.0
586.0,277.0,111.0,87.0
586.0,279.0,107.0,83.0
587.0,280.0,106.0,82.0
587.0,280.0,106.0,83.0
588.0,279.0,107.0,83.0
589.0,278.0,107.0,83.0
589.0,278.0,107.0,83.0
589.0,279.0,106.0,82.0
589.0,279.0,105.0,82.0
590.0,279.0,104.0,81.0
591.0,279.0,102.0,80.0
593.0,277.0,100.0,78.0
596.0,269.0,113.0,88.0
604.0,288.0,86.0,59.0
605.0,288.0,85.0,58.0
605.0,288.0,85.0,58.0
605.0,288.0,86.0,59.0
604.0,287.0,87.0,60.0
604.0,287.0,88.0,61.0
601.0,279.0,90.0,68.0
604.0,278.0,93.0,72.0
601.0,276.0,96.0,72.0
598.0,274.0,103.0,76.0
596.0,268.0,120.0,87.0
606.0,266.0,101.0,85.0
605.0,272.0,104.0,81.0
605.0,271.0,106.0,83.0
607.0,272.0,105.0,82.0
609.0,272.0,105.0,82.0
611.0,280.0,92.0,73.0
612.0,287.0,85.0,66.0
611.0,295.0,81.0,58.0
611.0,296.0,78.0,58.0
602.0,294.0,86.0,60.0
602.0,294.0,85.0,59.0
603.0,294.0,85.0,59.0
604.0,292.0,87.0,61.0
605.0,291.0,88.0,61.0
606.0,291.0,89.0,62.0
607.0,291.0,90.0,62.0
608.0,289.0,92.0,64.0
605.0,287.0,95.0,66.0
611.0,289.0,89.0,62.0
613.0,290.0,86.0,60.0
611.0,289.0,87.0,60.0
613.0,289.0,83.0,58.0
615.0,287.0,86.0,60.0
617.0,286.0,85.0,59.0
617.0,286.0,84.0,58.0
619.0,285.0,82.0,57.0
621.0,283.0,83.0,58.0
621.0,281.0,82.0,57.0
623.0,281.0,78.0,54.0
0
0
0
0
0
0
0
0
0
0
0
0
0
0
0
0
0
0
0
0
0
0
0
659.0,270.0,75.0,90.0
657.0,270.0,76.0,91.0
655.0,271.0,77.0,92.0
654.0,270.0,76.0,92.0
653.0,267.0,80.0,96.0
654.0,268.0,76.0,92.0
655.0,268.0,76.0,92.0
656.0,268.0,76.0,92.0
656.0,266.0,77.0,92.0
657.0,264.0,78.0,94.0
661.0,261.0,79.0,95.0
665.0,259.0,80.0,96.0
667.0,257.0,80.0,96.0
667.0,256.0,81.0,97.0
667.0,256.0,81.0,98.0
666.0,256.0,82.0,98.0
665.0,256.0,82.0,98.0
663.0,256.0,82.0,99.0
663.0,255.0,82.0,99.0
663.0,256.0,82.0,98.0
662.0,256.0,81.0,98.0
661.0,257.0,81.0,97.0
658.0,258.0,81.0,97.0
655.0,258.0,80.0,96.0
653.0,259.0,80.0,96.0
651.0,260.0,79.0,94.0
650.0,260.0,79.0,94.0
649.0,260.0,78.0,94.0
649.0,260.0,78.0,94.0
649.0,259.0,78.0,94.0
649.0,258.0,78.0,94.0
650.0,257.0,79.0,94.0
652.0,255.0,79.0,94.0
655.0,254.0,78.0,94.0
658.0,253.0,79.0,94.0
661.0,253.0,79.0,94.0
663.0,253.0,78.0,93.0
665.0,253.0,78.0,93.0
666.0,252.0,77.0,93.0
667.0,252.0,77.0,93.0
666.0,252.0,78.0,93.0
664.0,253.0,78.0,94.0
663.0,255.0,77.0,92.0
662.0,256.0,76.0,91.0
663.0,257.0,75.0,90.0
664.0,258.0,74.0,89.0
664.0,258.0,74.0,89.0
664.0,260.0,74.0,89.0
664.0,261.0,73.0,88.0
663.0,262.0,72.0,86.0
662.0,263.0,71.0,86.0
662.0,263.0,72.0,86.0
661.0,263.0,71.0,86.0
661.0,263.0,71.0,86.0
661.0,265.0,71.0,85.0
661.0,266.0,70.0,84.0
659.0,268.0,69.0,83.0
658.0,271.0,68.0,81.0
655.0,273.0,68.0,82.0
654.0,274.0,67.0,80.0
652.0,275.0,66.0,79.0
652.0,275.0,66.0,79.0
652.0,276.0,66.0,79.0
653.0,276.0,66.0,79.0
653.0,276.0,66.0,79.0
653.0,276.0,66.0,79.0
653.0,276.0,66.0,79.0
652.0,277.0,66.0,79.0
652.0,278.0,65.0,78.0
651.0,279.0,65.0,78.0
651.0,279.0,64.0,77.0
651.0,279.0,64.0,77.0
653.0,279.0,64.0,76.0
653.0,275.0,67.0,80.0
653.0,272.0,70.0,84.0
654.0,273.0,70.0,84.0
676.0,286.0,33.0,57.0
676.0,288.0,31.0,54.0
673.0,293.0,30.0,51.0
0
