364.0,586.0,74.0,118.0
369.0,574.0,73.0,117.0
376.0,563.0,72.0,114.0
383.0,552.0,70.0,112.0
389.0,542.0,69.0,110.0
395.0,533.0,68.0,108.0
402.0,523.0,67.0,106.0
408.0,515.0,66.0,105.0
415.0,506.0,65.0,103.0
422.0,499.0,64.0,102.0
427.0,492.0,63.0,101.0
434.0,485.0,62.0,99.0
440.0,479.0,61.0,98.0
445.0,473.0,61.0,97.0
451.0,467.0,61.0,97.0
456.0,462.0,61.0,97.0
462.0,457.0,60.0,96.0
466.0,452.0,61.0,97.0
471.0,447.0,61.0,97.0
475.0,443.0,61.0,97.0
480.0,439.0,61.0,97.0
484.0,435.0,61.0,97.0
488.0,431.0,61.0,98.0
491.0,428.0,61.0,98.0
494.0,425.0,61.0,98.0
498.0,422.0,62.0,98.0
501.0,419.0,62.0,98.0
504.0,416.0,62.0,98.0
506.0,413.0,62.0,98.0
512.0,417.0,57.0,89.0
514.0,415.0,57.0,89.0
516.0,412.0,57.0,89.0
518.0,410.0,57.0,89.0
520.0,408.0,57.0,89.0
521.0,406.0,57.0,89.0
522.0,404.0,57.0,89.0
523.0,402.0,57.0,90.0
524.0,400.0,58.0,90.0
525.0,398.0,58.0,90.0
526.0,397.0,58.0,91.0
527.0,395.0,58.0,91.0
529.0,394.0,58.0,90.0
530.0,393.0,62.0,90.0
531.0,392.0,62.0,90.0
533.0,390.0,62.0,90.0
534.0,389.0,62.0,90.0
535.0,387.0,62.0,90.0
530.0,392.0,77.0,85.0
527.0,394.0,83.0,81.0
525.0,394.0,86.0,78.0
536.0,395.0,76.0,74.0
531.0,393.0,82.0,73.0
544.0,395.0,78.0,71.0
539.0,392.0,82.0,70.0
536.0,392.0,103.0,73.0
545.0,390.0,92.0,74.0
544.0,393.0,95.0,75.0
541.0,389.0,101.0,77.0
546.0,391.0,103.0,72.0
551.0,387.0,101.0,74.0
553.0,386.0,102.0,75.0
555.0,385.0,103.0,75.0
556.0,384.0,104.0,76.0
557.0,382.0,105.0,77.0
556.0,389.0,111.0,70.0
555.0,388.0,112.0,71.0
554.0,388.0,113.0,71.0
552.0,388.0,114.0,72.0
549.0,388.0,113.0,72.0
544.0,395.0,118.0,67.0
539.0,396.0,120.0,68.0
533.0,396.0,121.0,69.0
526.0,398.0,123.0,70.0
519.0,399.0,125.0,71.0
511.0,401.0,128.0,72.0
503.0,404.0,130.0,74.0
494.0,407.0,133.0,76.0
485.0,410.0,136.0,77.0
475.0,414.0,140.0,79.0
465.0,417.0,144.0,82.0
456.0,428.0,147.0,77.0
448.0,432.0,150.0,78.0
439.0,436.0,154.0,81.0
430.0,439.0,157.0,82.0
422.0,442.0,161.0,85.0
414.0,444.0,165.0,87.0
406.0,445.0,170.0,89.0
399.0,447.0,174.0,91.0
393.0,448.0,176.0,92.0
393.0,456.0,173.0,79.0
388.0,455.0,176.0,80.0
384.0,454.0,178.0,81.0
380.0,452.0,180.0,82.0
377.0,448.0,182.0,83.0
375.0,444.0,183.0,84.0
373.0,438.0,184.0,84.0
374.0,431.0,184.0,84.0
375.0,424.0,183.0,83.0
377.0,415.0,180.0,82.0
380.0,405.0,178.0,81.0
384.0,394.0,175.0,80.0
387.0,381.0,172.0,79.0
392.0,368.0,168.0,77.0
398.0,355.0,163.0,74.0
403.0,340.0,158.0,72.0
409.0,325.0,153.0,70.0
417.0,310.0,147.0,67.0
422.0,296.0,141.0,64.0
429.0,280.0,136.0,62.0
434.0,265.0,132.0,60.0
436.0,245.0,133.0,67.0
442.0,232.0,128.0,65.0
450.0,221.0,122.0,61.0
457.0,211.0,116.0,58.0
462.0,203.0,113.0,57.0
467.0,199.0,108.0,55.0
478.0,198.0,98.0,49.0
443.0,190.0,134.0,80.0
448.0,194.0,131.0,78.0
452.0,198.0,132.0,79.0
457.0,205.0,127.0,76.0
462.0,212.0,124.0,74.0
459.0,218.0,116.0,77.0
464.0,224.0,113.0,75.0
469.0,230.0,109.0,72.0
473.0,234.0,108.0,71.0
476.0,237.0,107.0,71.0
481.0,238.0,104.0,69.0
482.0,232.0,98.0,86.0
485.0,230.0,98.0,86.0
488.0,227.0,96.0,84.0
492.0,221.0,97.0,85.0
494.0,214.0,100.0,87.0
497.0,207.0,102.0,90.0
497.0,199.0,108.0,95.0
501.0,190.0,97.0,91.0
502.0,182.0,100.0,94.0
505.0,175.0,103.0,96.0
508.0,169.0,104.0,98.0
511.0,164.0,107.0,100.0
512.0,161.0,110.0,103.0
515.0,160.0,112.0,105.0
517.0,161.0,115.0,107.0
519.0,167.0,117.0,110.0
521.0,174.0,119.0,112.0
522.0,186.0,122.0,114.0
523.0,199.0,125.0,118.0
523.0,214.0,127.0,119.0
522.0,232.0,131.0,123.0
520.0,249.0,135.0,127.0
517.0,267.0,138.0,130.0
515.0,285.0,142.0,133.0
511.0,303.0,147.0,138.0
507.0,320.0,153.0,143.0
503.0,337.0,158.0,148.0
499.0,353.0,163.0,153.0
495.0,369.0,168.0,158.0
490.0,384.0,174.0,164.0
485.0,398.0,181.0,170.0
479.0,411.0,189.0,177.0
472.0,424.0,196.0,184.0
466.0,435.0,203.0,190.0
457.0,444.0,214.0,200.0
447.0,452.0,225.0,242.0
432.0,458.0,242.0,260.0
417.0,464.0,258.0,278.0
399.0,468.0,276.0,297.0
377.0,471.0,296.0,319.0
356.0,473.0,313.0,336.0
328.0,474.0,333.0,359.0
299.0,475.0,353.0,380.0
271.0,477.0,371.0,400.0
234.0,477.0,395.0,425.0
191.0,478.0,423.0,455.0
142.0,478.0,459.0,494.0
82.0,479.0,499.0,537.0
17.0,480.0,542.0,583.0
17.0,513.0,542.0,550.0
-78.0,510.0,634.0,242.0
-190.0,506.0,743.0,284.0
-264.0,515.0,812.0,310.0
-397.0,521.0,943.0,360.0
-580.0,526.0,1121.0,428.0
-580.0,526.0,1121.0,428.0
-580.0,526.0,1121.0,428.0
-580.0,565.0,1121.0,389.0
-19.0,561.0,568.0,163.0
-29.0,566.0,591.0,169.0
-110.0,614.0,699.0,141.0
-39.0,627.0,647.0,116.0
-66.0,630.0,730.0,131.0
-53.0,649.0,617.0,111.0
5.0,547.0,526.0,173.0
10.0,483.0,517.0,237.0
2.0,375.0,537.0,345.0
5.0,348.0,539.0,372.0
8.0,273.0,542.0,447.0
12.0,251.0,549.0,469.0
5.0,210.0,555.0,510.0
37.0,199.0,536.0,515.0
115.0,188.0,470.0,452.0
127.0,175.0,476.0,535.0
165.0,158.0,441.0,496.0
198.0,143.0,412.0,463.0
225.0,192.0,470.0,414.0
241.0,186.0,447.0,394.0
266.0,199.0,459.0,360.0
271.0,196.0,448.0,351.0
272.0,195.0,440.0,345.0
265.0,195.0,479.0,343.0
252.0,197.0,480.0,343.0
232.0,198.0,484.0,347.0
235.0,230.0,493.0,293.0
207.0,230.0,511.0,304.0
177.0,232.0,530.0,315.0
147.0,236.0,553.0,329.0
137.0,254.0,561.0,311.0
103.0,256.0,588.0,326.0
78.0,261.0,605.0,336.0
41.0,259.0,639.0,354.0
6.0,274.0,671.0,330.0
-29.0,275.0,702.0,345.0
-67.0,274.0,737.0,363.0
-106.0,296.0,786.0,360.0
-44.0,298.0,721.0,382.0
-93.0,307.0,758.0,401.0
-151.0,321.0,804.0,426.0
1.0,336.0,674.0,360.0
-21.0,353.0,697.0,372.0
-20.0,370.0,712.0,366.0
-3.0,388.0,700.0,354.0
2.0,383.0,680.0,376.0
14.0,398.0,696.0,345.0
-2.0,391.0,732.0,347.0
16.0,404.0,739.0,333.0
21.0,422.0,755.0,340.0
21.0,422.0,755.0,340.0
21.0,422.0,755.0,340.0
21.0,422.0,755.0,340.0
21.0,384.0,493.0,378.0
-1.0,361.0,527.0,359.0
94.0,391.0,389.0,329.0
74.0,392.0,433.0,335.0
69.0,378.0,444.0,336.0
62.0,364.0,454.0,344.0
60.0,350.0,458.0,347.0
64.0,339.0,458.0,347.0
71.0,328.0,454.0,344.0
0.0,409.0,592.0,325.0
13.0,397.0,579.0,304.0
-4.0,415.0,612.0,305.0
14.0,403.0,591.0,296.0
34.0,393.0,571.0,286.0
58.0,385.0,550.0,276.0
1.0,399.0,654.0,314.0
24.0,391.0,625.0,300.0
45.0,385.0,600.0,288.0
61.0,378.0,581.0,279.0
51.0,382.0,630.0,226.0
63.0,378.0,611.0,219.0
89.0,375.0,607.0,236.0
131.0,378.0,570.0,245.0
137.0,371.0,569.0,260.0
159.0,372.0,550.0,266.0
147.0,377.0,561.0,277.0
141.0,380.0,568.0,280.0
158.0,384.0,565.0,303.0
146.0,390.0,576.0,309.0
132.0,398.0,589.0,316.0
130.0,397.0,604.0,335.0
107.0,408.0,625.0,334.0
85.0,420.0,662.0,343.0
34.0,432.0,708.0,310.0
3.0,442.0,733.0,298.0
-23.0,449.0,751.0,306.0
-47.0,453.0,768.0,312.0
-71.0,508.0,791.0,267.0
-32.0,530.0,649.0,190.0
4.0,538.0,521.0,182.0
2.0,540.0,541.0,180.0
16.0,532.0,526.0,188.0
-3.0,525.0,482.0,199.0
9.0,525.0,481.0,193.0
4.0,515.0,509.0,204.0
2.0,512.0,516.0,209.0
5.0,512.0,538.0,208.0
22.0,507.0,536.0,213.0
9.0,497.0,551.0,223.0
8.0,494.0,557.0,226.0
8.0,478.0,562.0,242.0
10.0,465.0,554.0,255.0
1.0,454.0,542.0,266.0
5.0,425.0,518.0,295.0
6.0,376.0,501.0,344.0
5.0,325.0,493.0,395.0
0.0,267.0,489.0,453.0
3.0,217.0,476.0,503.0
2.0,126.0,470.0,594.0
5.0,108.0,466.0,612.0
2.0,75.0,467.0,645.0
2.0,18.0,464.0,616.0
3.0,4.0,464.0,611.0
5.0,6.0,462.0,589.0
3.0,3.0,462.0,600.0
5.0,20.0,458.0,573.0
5.0,43.0,461.0,565.0
3.0,86.0,460.0,489.0
30.0,110.0,429.0,468.0
82.0,151.0,390.0,424.0
105.0,170.0,370.0,402.0
119.0,182.0,359.0,390.0
129.0,195.0,348.0,379.0
134.0,260.0,342.0,315.0
144.0,269.0,333.0,307.0
154.0,279.0,322.0,297.0
163.0,291.0,309.0,285.0
185.0,333.0,322.0,240.0
196.0,341.0,311.0,232.0
206.0,347.0,302.0,225.0
217.0,352.0,317.0,218.0
228.0,357.0,309.0,212.0
238.0,360.0,300.0,206.0
250.0,361.0,290.0,199.0
261.0,363.0,281.0,193.0
273.0,363.0,293.0,187.0
282.0,362.0,287.0,183.0
292.0,360.0,279.0,178.0
301.0,358.0,272.0,174.0
311.0,356.0,263.0,168.0
320.0,354.0,256.0,163.0
329.0,352.0,248.0,158.0
339.0,349.0,241.0,154.0
348.0,355.0,267.0,141.0
352.0,352.0,267.0,141.0
359.0,349.0,265.0,140.0
364.0,345.0,264.0,139.0
369.0,341.0,263.0,139.0
372.0,338.0,263.0,139.0
376.0,336.0,262.0,139.0
380.0,334.0,261.0,138.0
418.0,340.0,254.0,129.0
421.0,339.0,254.0,129.0
422.0,339.0,253.0,129.0
411.0,341.0,265.0,134.0
445.0,341.0,247.0,113.0
440.0,343.0,260.0,115.0
440.0,344.0,259.0,115.0
436.0,344.0,262.0,116.0
444.0,344.0,265.0,116.0
434.0,348.0,287.0,107.0
428.0,348.0,294.0,110.0
421.0,346.0,303.0,113.0
413.0,344.0,313.0,117.0
404.0,343.0,324.0,121.0
441.0,342.0,285.0,123.0
433.0,342.0,293.0,126.0
431.0,344.0,287.0,124.0
419.0,341.0,332.0,133.0
414.0,363.0,341.0,111.0
410.0,365.0,345.0,112.0
403.0,367.0,355.0,116.0
401.0,371.0,356.0,116.0
400.0,374.0,359.0,117.0
425.0,378.0,337.0,119.0
423.0,382.0,346.0,122.0
416.0,385.0,361.0,128.0
418.0,390.0,366.0,129.0
448.0,395.0,344.0,131.0
450.0,400.0,353.0,134.0
456.0,406.0,355.0,135.0
464.0,408.0,389.0,160.0
467.0,412.0,401.0,165.0
473.0,417.0,398.0,164.0
488.0,423.0,430.0,195.0
474.0,424.0,466.0,191.0
495.0,428.0,471.0,214.0
493.0,434.0,497.0,226.0
491.0,447.0,535.0,243.0
484.0,455.0,570.0,259.0
484.0,455.0,601.0,265.0
479.0,476.0,651.0,244.0
474.0,482.0,676.0,238.0
446.0,493.0,758.0,227.0
470.0,507.0,779.0,213.0
454.0,514.0,826.0,206.0
454.0,515.0,826.0,205.0
399.0,529.0,878.0,191.0
452.0,506.0,828.0,214.0
381.0,508.0,899.0,212.0
433.0,484.0,847.0,236.0
442.0,469.0,833.0,251.0
462.0,470.0,818.0,250.0
464.0,418.0,816.0,302.0
493.0,411.0,787.0,309.0
511.0,366.0,708.0,354.0
536.0,351.0,650.0,369.0
527.0,340.0,620.0,376.0
549.0,309.0,564.0,406.0
537.0,296.0,501.0,404.0
549.0,285.0,469.0,378.0
556.0,273.0,444.0,358.0
560.0,260.0,420.0,338.0
548.0,272.0,372.0,311.0
553.0,265.0,351.0,293.0
557.0,260.0,332.0,277.0
560.0,255.0,314.0,263.0
564.0,252.0,297.0,248.0
552.0,249.0,297.0,247.0
554.0,246.0,284.0,237.0
556.0,243.0,273.0,227.0
558.0,241.0,263.0,219.0
560.0,240.0,253.0,211.0
543.0,249.0,264.0,192.0
545.0,248.0,256.0,186.0
547.0,247.0,247.0,180.0
548.0,246.0,241.0,175.0
548.0,246.0,235.0,171.0
547.0,245.0,230.0,167.0
546.0,244.0,225.0,164.0
545.0,258.0,221.0,146.0
543.0,257.0,217.0,143.0
541.0,256.0,212.0,140.0
537.0,254.0,209.0,138.0
534.0,253.0,206.0,136.0
529.0,252.0,204.0,135.0
517.0,251.0,210.0,124.0
513.0,250.0,207.0,122.0
508.0,249.0,206.0,121.0
503.0,248.0,202.0,119.0
497.0,246.0,203.0,120.0
491.0,246.0,202.0,119.0
485.0,246.0,201.0,119.0
481.0,246.0,198.0,117.0
476.0,248.0,197.0,117.0
472.0,249.0,195.0,115.0
468.0,251.0,194.0,114.0
464.0,254.0,192.0,114.0
459.0,257.0,192.0,113.0
455.0,260.0,192.0,113.0
451.0,263.0,193.0,114.0
447.0,268.0,193.0,114.0
442.0,272.0,195.0,115.0
425.0,276.0,205.0,121.0
422.0,282.0,207.0,122.0
420.0,289.0,209.0,123.0
421.0,296.0,207.0,122.0
417.0,302.0,212.0,125.0
417.0,308.0,215.0,127.0
416.0,313.0,219.0,129.0
418.0,318.0,218.0,129.0
420.0,323.0,217.0,128.0
424.0,328.0,215.0,127.0
425.0,317.0,217.0,159.0
428.0,321.0,215.0,158.0
430.0,323.0,192.0,160.0
432.0,325.0,193.0,161.0
436.0,326.0,196.0,163.0
439.0,328.0,195.0,163.0
443.0,329.0,193.0,161.0
448.0,330.0,189.0,157.0
452.0,331.0,186.0,155.0
455.0,330.0,184.0,154.0
459.0,329.0,183.0,153.0
461.0,328.0,182.0,152.0
465.0,326.0,180.0,150.0
468.0,323.0,179.0,149.0
470.0,320.0,179.0,149.0
472.0,317.0,179.0,149.0
475.0,314.0,179.0,149.0
478.0,311.0,177.0,148.0
479.0,308.0,178.0,148.0
480.0,306.0,178.0,148.0
461.0,304.0,199.0,148.0
461.0,304.0,201.0,150.0
463.0,303.0,199.0,148.0
467.0,303.0,196.0,146.0
468.0,303.0,197.0,146.0
454.0,303.0,214.0,164.0
456.0,302.0,215.0,165.0
459.0,302.0,217.0,166.0
462.0,302.0,223.0,166.0
466.0,302.0,222.0,165.0
471.0,301.0,223.0,166.0
476.0,301.0,220.0,164.0
482.0,300.0,219.0,163.0
488.0,299.0,218.0,162.0
495.0,299.0,214.0,159.0
502.0,298.0,209.0,155.0
509.0,298.0,206.0,153.0
518.0,297.0,199.0,148.0
523.0,296.0,199.0,148.0
531.0,296.0,192.0,143.0
538.0,295.0,186.0,139.0
542.0,293.0,185.0,137.0
548.0,295.0,175.0,130.0
551.0,296.0,171.0,127.0
556.0,296.0,165.0,123.0
560.0,296.0,167.0,118.0
559.0,286.0,192.0,136.0
559.0,286.0,192.0,136.0
559.0,286.0,192.0,136.0
566.0,289.0,201.0,142.0
561.0,293.0,203.0,143.0
561.0,295.0,166.0,142.0
556.0,296.0,176.0,151.0
553.0,298.0,184.0,157.0
550.0,300.0,189.0,162.0
546.0,321.0,181.0,147.0
542.0,324.0,184.0,149.0
538.0,327.0,187.0,152.0
533.0,330.0,190.0,155.0
529.0,332.0,192.0,156.0
523.0,335.0,193.0,157.0
518.0,338.0,197.0,160.0
512.0,340.0,200.0,162.0
506.0,341.0,202.0,164.0
500.0,342.0,203.0,165.0
493.0,343.0,206.0,168.0
487.0,344.0,208.0,169.0
480.0,345.0,212.0,172.0
472.0,346.0,219.0,178.0
465.0,347.0,223.0,181.0
458.0,347.0,227.0,184.0
453.0,347.0,230.0,187.0
447.0,347.0,235.0,190.0
441.0,347.0,240.0,195.0
434.0,346.0,246.0,200.0
427.0,346.0,235.0,189.0
422.0,347.0,241.0,194.0
417.0,347.0,248.0,200.0
411.0,348.0,256.0,206.0
405.0,349.0,264.0,212.0
400.0,350.0,271.0,218.0
394.0,350.0,281.0,226.0
389.0,351.0,272.0,222.0
388.0,353.0,280.0,229.0
390.0,354.0,289.0,236.0
394.0,356.0,302.0,246.0
403.0,357.0,313.0,256.0
412.0,357.0,326.0,266.0
419.0,355.0,341.0,278.0
427.0,352.0,355.0,290.0
430.0,346.0,373.0,304.0
429.0,338.0,391.0,319.0
424.0,328.0,412.0,337.0
439.0,342.0,411.0,330.0
423.0,329.0,433.0,348.0
399.0,311.0,457.0,367.0
392.0,332.0,485.0,376.0
355.0,321.0,534.0,399.0
334.0,301.0,565.0,419.0
322.0,296.0,580.0,423.0
262.0,279.0,646.0,437.0
178.0,273.0,725.0,442.0
128.0,257.0,770.0,463.0
70.0,239.0,831.0,475.0
3.0,242.0,890.0,464.0
11.0,214.0,873.0,465.0
6.0,197.0,870.0,465.0
7.0,174.0,864.0,471.0
7.0,128.0,854.0,501.0
1.0,100.0,845.0,522.0
5.0,73.0,831.0,547.0
4.0,55.0,819.0,561.0
2.0,39.0,809.0,582.0
5.0,35.0,788.0,535.0
5.0,35.0,779.0,534.0
3.0,32.0,772.0,503.0
2.0,35.0,768.0,500.0
-44.0,41.0,804.0,498.0
-4.0,43.0,784.0,500.0
-25.0,35.0,793.0,508.0
-43.0,27.0,800.0,513.0
-51.0,23.0,798.0,512.0
-48.0,59.0,783.0,468.0
4.0,61.0,721.0,459.0
14.0,64.0,703.0,447.0
30.0,69.0,681.0,434.0
3.0,72.0,715.0,445.0
29.0,79.0,684.0,426.0
7.0,83.0,703.0,408.0
40.0,93.0,666.0,387.0
0.0,78.0,725.0,416.0
4.0,78.0,712.0,403.0
4.0,78.0,711.0,400.0
8.0,105.0,716.0,378.0
3.0,96.0,717.0,389.0
4.0,78.0,724.0,409.0
5.0,93.0,729.0,395.0
1.0,76.0,737.0,425.0
3.0,79.0,737.0,429.0
10.0,102.0,732.0,414.0
2.0,115.0,748.0,408.0
6.0,134.0,743.0,395.0
25.0,162.0,730.0,388.0
7.0,159.0,748.0,387.0
13.0,187.0,749.0,387.0
2.0,193.0,762.0,405.0
6.0,212.0,770.0,404.0
10.0,231.0,773.0,406.0
13.0,287.0,770.0,431.0
15.0,309.0,788.0,441.0
7.0,327.0,811.0,446.0
14.0,353.0,779.0,367.0
-3.0,367.0,798.0,376.0
25.0,377.0,782.0,343.0
42.0,384.0,768.0,336.0
56.0,385.0,777.0,359.0
54.0,384.0,767.0,350.0
16.0,383.0,791.0,346.0
277.0,392.0,558.0,328.0
309.0,412.0,546.0,321.0
409.0,386.0,493.0,350.0
457.0,395.0,493.0,321.0
492.0,396.0,484.0,330.0
539.0,399.0,448.0,312.0
569.0,400.0,426.0,296.0
559.0,390.0,519.0,329.0
552.0,385.0,497.0,339.0
550.0,378.0,598.0,346.0
548.0,372.0,574.0,328.0
532.0,376.0,715.0,338.0
517.0,366.0,708.0,335.0
537.0,369.0,731.0,358.0
551.0,349.0,710.0,341.0
525.0,358.0,747.0,362.0
540.0,342.0,712.0,345.0
513.0,340.0,766.0,393.0
498.0,336.0,673.0,346.0
500.0,322.0,664.0,342.0
508.0,313.0,640.0,329.0
482.0,304.0,651.0,319.0
484.0,296.0,637.0,312.0
473.0,288.0,636.0,307.0
471.0,282.0,628.0,303.0
466.0,277.0,624.0,301.0
462.0,274.0,620.0,299.0
456.0,272.0,619.0,299.0
449.0,271.0,620.0,299.0
443.0,271.0,620.0,299.0
436.0,273.0,620.0,299.0
429.0,276.0,620.0,299.0
421.0,280.0,617.0,298.0
414.0,285.0,611.0,295.0
408.0,291.0,600.0,290.0
402.0,298.0,635.0,299.0
388.0,303.0,633.0,298.0
386.0,290.0,621.0,326.0
378.0,304.0,654.0,313.0
390.0,291.0,612.0,359.0
371.0,293.0,637.0,380.0
371.0,296.0,627.0,374.0
361.0,301.0,645.0,413.0
360.0,307.0,630.0,403.0
360.0,315.0,608.0,389.0
361.0,319.0,596.0,382.0
340.0,306.0,599.0,410.0
315.0,309.0,599.0,410.0
202.0,306.0,664.0,430.0
157.0,307.0,664.0,430.0
59.0,309.0,736.0,430.0
21.0,308.0,736.0,430.0
7.0,327.0,667.0,393.0
-13.0,330.0,667.0,393.0
-20.0,331.0,667.0,393.0
-29.0,321.0,667.0,393.0
-54.0,312.0,700.0,413.0
-113.0,307.0,700.0,413.0
-147.0,303.0,700.0,413.0
-113.0,302.0,700.0,413.0
-135.0,300.0,700.0,413.0
-153.0,296.0,752.0,413.0
-163.0,292.0,752.0,413.0
-186.0,294.0,787.0,413.0
-204.0,297.0,787.0,413.0
-211.0,288.0,787.0,413.0
-206.0,286.0,813.0,343.0
-217.0,286.0,813.0,343.0
-218.0,287.0,813.0,343.0
-222.0,294.0,835.0,319.0
-230.0,294.0,835.0,319.0
-228.0,293.0,835.0,319.0
-210.0,299.0,795.0,304.0
-233.0,296.0,853.0,319.0
-231.0,298.0,853.0,319.0
-229.0,302.0,853.0,319.0
-259.0,293.0,896.0,335.0
-252.0,312.0,896.0,370.0
-234.0,324.0,853.0,352.0
-229.0,326.0,853.0,352.0
-228.0,331.0,868.0,352.0
-225.0,332.0,868.0,352.0
-202.0,344.0,827.0,335.0
-234.0,345.0,897.0,352.0
-235.0,347.0,897.0,352.0
-206.0,356.0,854.0,335.0
-209.0,385.0,905.0,334.0
-212.0,390.0,905.0,334.0
-241.0,392.0,950.0,351.0
-2.0,409.0,746.0,311.0
0.0,409.0,746.0,311.0
-33.0,406.0,783.0,327.0
-17.0,445.0,920.0,297.0
-1.0,454.0,920.0,297.0
40.0,464.0,876.0,283.0
3.0,555.0,1065.0,215.0
-6.0,562.0,1118.0,226.0
0
0
0
0
0
0
0
0
0
0
0
0
0
0
0
0
498.0,141.0,601.0,373.0
442.0,139.0,572.0,355.0
376.0,151.0,572.0,355.0
336.0,178.0,545.0,338.0
300.0,211.0,519.0,322.0
250.0,239.0,514.0,307.0
215.0,264.0,514.0,307.0
176.0,290.0,514.0,287.0
136.0,312.0,514.0,287.0
90.0,339.0,514.0,287.0
29.0,343.0,574.0,323.0
0.0,354.0,603.0,339.0
-37.0,381.0,603.0,339.0
-35.0,389.0,603.0,339.0
0.0,380.0,603.0,339.0
0.0,389.0,574.0,323.0
0.0,381.0,574.0,323.0
1.0,355.0,431.0,365.0
4.0,346.0,431.0,365.0
12.0,327.0,387.0,365.0
34.0,310.0,387.0,365.0
2.0,297.0,409.0,412.0
5.0,278.0,409.0,412.0
11.0,249.0,409.0,412.0
-4.0,274.0,478.0,289.0
19.0,245.0,478.0,289.0
71.0,217.0,478.0,289.0
93.0,244.0,445.0,197.0
150.0,227.0,445.0,197.0
198.0,221.0,424.0,188.0
214.0,210.0,389.0,188.0
257.0,206.0,389.0,188.0
278.0,231.0,349.0,133.0
310.0,241.0,349.0,133.0
321.0,244.0,349.0,133.0
328.0,246.0,349.0,133.0
327.0,253.0,316.0,133.0
343.0,260.0,316.0,133.0
349.0,269.0,301.0,127.0
348.0,276.0,301.0,127.0
346.0,281.0,301.0,127.0
343.0,286.0,301.0,127.0
346.0,292.0,301.0,127.0
338.0,294.0,316.0,133.0
338.0,299.0,316.0,133.0
335.0,305.0,316.0,133.0
339.0,313.0,316.0,133.0
335.0,317.0,316.0,133.0
341.0,328.0,301.0,127.0
341.0,336.0,325.0,127.0
343.0,343.0,325.0,127.0
348.0,350.0,325.0,127.0
324.0,342.0,346.0,124.0
320.0,356.0,363.0,130.0
320.0,363.0,363.0,130.0
327.0,375.0,346.0,124.0
324.0,383.0,346.0,124.0
323.0,365.0,366.0,145.0
316.0,379.0,366.0,145.0
307.0,389.0,366.0,145.0
299.0,398.0,366.0,145.0
283.0,374.0,413.0,178.0
270.0,388.0,413.0,178.0
253.0,391.0,434.0,187.0
246.0,402.0,434.0,187.0
239.0,410.0,434.0,187.0
233.0,417.0,434.0,187.0
225.0,419.0,455.0,196.0
228.0,401.0,484.0,225.0
225.0,419.0,484.0,225.0
228.0,428.0,484.0,225.0
239.0,392.0,511.0,268.0
241.0,404.0,537.0,281.0
244.0,414.0,537.0,281.0
245.0,380.0,560.0,329.0
268.0,390.0,560.0,329.0
287.0,390.0,560.0,329.0
308.0,391.0,560.0,329.0
360.0,358.0,541.0,362.0
371.0,338.0,568.0,380.0
407.0,339.0,544.0,380.0
396.0,338.0,567.0,380.0
433.0,333.0,568.0,380.0
421.0,314.0,533.0,405.0
488.0,294.0,438.0,425.0
453.0,278.0,457.0,442.0
412.0,277.0,496.0,442.0
370.0,271.0,532.0,442.0
348.0,253.0,526.0,463.0
394.0,233.0,463.0,486.0
428.0,231.0,463.0,486.0
443.0,241.0,441.0,463.0
450.0,209.0,372.0,463.0
448.0,213.0,372.0,463.0
434.0,201.0,372.0,463.0
406.0,199.0,372.0,463.0
407.0,196.0,372.0,463.0
392.0,200.0,372.0,435.0
366.0,212.0,372.0,435.0
351.0,219.0,354.0,414.0
336.0,215.0,354.0,414.0
328.0,221.0,354.0,414.0
323.0,231.0,413.0,414.0
306.0,246.0,413.0,414.0
285.0,256.0,413.0,414.0
270.0,276.0,413.0,414.0
257.0,289.0,413.0,414.0
168.0,284.0,485.0,435.0
198.0,284.0,485.0,435.0
156.0,301.0,485.0,435.0
150.0,302.0,485.0,435.0
122.0,301.0,509.0,457.0
74.0,326.0,547.0,472.0
22.0,332.0,596.0,488.0
-6.0,341.0,623.0,488.0
-20.0,338.0,638.0,500.0
-58.0,346.0,674.0,509.0
4.0,348.0,612.0,372.0
1.0,348.0,611.0,372.0
10.0,352.0,602.0,368.0
8.0,346.0,603.0,374.0
-10.0,350.0,603.0,374.0
-36.0,348.0,603.0,374.0
-49.0,361.0,648.0,366.0
-77.0,367.0,678.0,371.0
8.0,354.0,589.0,366.0
0.0,379.0,585.0,341.0
1.0,375.0,591.0,345.0
0.0,364.0,587.0,356.0
0.0,372.0,589.0,348.0
1.0,356.0,573.0,364.0
6.0,355.0,577.0,365.0
3.0,357.0,577.0,363.0
0.0,379.0,575.0,341.0
0.0,371.0,576.0,349.0
3.0,372.0,578.0,348.0
4.0,359.0,574.0,361.0
5.0,364.0,573.0,356.0
0.0,372.0,579.0,348.0
1.0,373.0,579.0,340.0
11.0,378.0,573.0,342.0
0.0,373.0,589.0,347.0
3.0,386.0,589.0,310.0
8.0,390.0,581.0,330.0
8.0,376.0,588.0,344.0
2.0,373.0,601.0,347.0
5.0,387.0,603.0,333.0
10.0,393.0,603.0,326.0
11.0,399.0,609.0,321.0
3.0,388.0,616.0,332.0
1.0,386.0,619.0,334.0
4.0,403.0,624.0,317.0
8.0,405.0,623.0,315.0
4.0,400.0,635.0,320.0
5.0,414.0,633.0,305.0
2.0,415.0,639.0,305.0
0.0,414.0,648.0,305.0
12.0,408.0,650.0,312.0
15.0,442.0,652.0,278.0
18.0,440.0,662.0,280.0
8.0,438.0,670.0,282.0
16.0,440.0,671.0,280.0
15.0,438.0,678.0,282.0
10.0,442.0,695.0,278.0
46.0,464.0,659.0,256.0
76.0,463.0,633.0,257.0
130.0,467.0,588.0,253.0
102.0,459.0,610.0,261.0
133.0,450.0,581.0,270.0
153.0,468.0,555.0,252.0
186.0,469.0,531.0,251.0
200.0,474.0,531.0,251.0
236.0,469.0,487.0,251.0
240.0,474.0,487.0,251.0
257.0,469.0,487.0,251.0
242.0,481.0,511.0,264.0
237.0,490.0,511.0,264.0
246.0,496.0,511.0,264.0
265.0,508.0,487.0,251.0
251.0,506.0,511.0,264.0
223.0,505.0,537.0,277.0
153.0,500.0,564.0,291.0
281.0,499.0,470.0,291.0
283.0,506.0,470.0,291.0
290.0,511.0,470.0,291.0
287.0,514.0,493.0,306.0
308.0,586.0,530.0,240.0
327.0,596.0,505.0,229.0
337.0,614.0,481.0,218.0
351.0,661.0,481.0,195.0
0
0
0
0
0
0
2.0,317.0,372.0,403.0
0.0,292.0,355.0,428.0
3.0,273.0,350.0,447.0
1.0,254.0,361.0,466.0
0.0,244.0,397.0,468.0
2.0,219.0,415.0,496.0
5.0,225.0,422.0,480.0
3.0,225.0,437.0,493.0
5.0,231.0,440.0,489.0
4.0,231.0,441.0,483.0
7.0,232.0,436.0,484.0
2.0,237.0,427.0,485.0
6.0,239.0,432.0,479.0
1.0,254.0,430.0,454.0
8.0,253.0,409.0,435.0
1.0,259.0,411.0,407.0
2.0,258.0,399.0,389.0
4.0,253.0,393.0,376.0
2.0,250.0,393.0,352.0
10.0,248.0,382.0,340.0
3.0,236.0,383.0,342.0
3.0,215.0,382.0,344.0
3.0,200.0,377.0,343.0
3.0,187.0,370.0,369.0
4.0,172.0,363.0,354.0
4.0,172.0,371.0,327.0
7.0,152.0,369.0,333.0
6.0,119.0,368.0,357.0
2.0,94.0,374.0,381.0
6.0,91.0,385.0,379.0
7.0,89.0,385.0,358.0
8.0,85.0,388.0,357.0
3.0,79.0,405.0,338.0
6.0,80.0,395.0,311.0
6.0,82.0,394.0,286.0
18.0,81.0,420.0,350.0
31.0,87.0,420.0,350.0
40.0,83.0,420.0,350.0
45.0,78.0,420.0,350.0
53.0,73.0,420.0,350.0
66.0,67.0,420.0,350.0
77.0,66.0,420.0,350.0
70.0,58.0,441.0,367.0
72.0,54.0,441.0,367.0
84.0,51.0,420.0,350.0
238.0,100.0,269.0,236.0
220.0,101.0,269.0,236.0
231.0,105.0,256.0,225.0
236.0,102.0,296.0,225.0
215.0,103.0,296.0,225.0
217.0,105.0,296.0,225.0
281.0,141.0,277.0,188.0
323.0,147.0,277.0,188.0
331.0,145.0,277.0,188.0
343.0,147.0,277.0,188.0
343.0,149.0,280.0,158.0
359.0,157.0,263.0,148.0
370.0,166.0,254.0,143.0
381.0,172.0,261.0,147.0
389.0,180.0,265.0,150.0
398.0,188.0,236.0,129.0
405.0,196.0,236.0,129.0
411.0,201.0,238.0,130.0
416.0,209.0,240.0,131.0
427.0,214.0,233.0,128.0
427.0,219.0,240.0,131.0
433.0,223.0,238.0,130.0
440.0,227.0,235.0,128.0
445.0,232.0,234.0,128.0
421.0,260.0,249.0,126.0
381.0,256.0,290.0,133.0
379.0,260.0,292.0,134.0
365.0,268.0,315.0,140.0
379.0,274.0,315.0,140.0
358.0,278.0,315.0,140.0
412.0,288.0,258.0,115.0
403.0,289.0,271.0,123.0
416.0,284.0,256.0,134.0
412.0,295.0,255.0,117.0
386.0,300.0,284.0,123.0
375.0,305.0,298.0,128.0
372.0,306.0,295.0,133.0
364.0,304.0,305.0,140.0
368.0,309.0,300.0,134.0
368.0,310.0,304.0,131.0
349.0,310.0,319.0,138.0
391.0,315.0,286.0,138.0
376.0,320.0,286.0,138.0
365.0,319.0,300.0,145.0
363.0,324.0,300.0,145.0
349.0,323.0,315.0,152.0
325.0,324.0,331.0,160.0
315.0,326.0,331.0,160.0
311.0,331.0,356.0,160.0
295.0,327.0,371.0,142.0
290.0,325.0,378.0,147.0
346.0,323.0,320.0,141.0
331.0,335.0,320.0,141.0
337.0,331.0,336.0,148.0
348.0,330.0,336.0,148.0
351.0,326.0,336.0,148.0
352.0,326.0,336.0,148.0
334.0,342.0,333.0,135.0
302.0,336.0,365.0,135.0
303.0,334.0,361.0,135.0
326.0,342.0,342.0,127.0
302.0,340.0,375.0,127.0
317.0,342.0,344.0,127.0
321.0,346.0,346.0,127.0
304.0,350.0,370.0,127.0
316.0,341.0,365.0,142.0
321.0,347.0,359.0,125.0
326.0,348.0,347.0,125.0
318.0,341.0,367.0,146.0
313.0,341.0,375.0,146.0
307.0,341.0,371.0,146.0
310.0,343.0,371.0,146.0
307.0,345.0,371.0,146.0
304.0,345.0,371.0,146.0
303.0,346.0,374.0,147.0
303.0,347.0,374.0,147.0
303.0,348.0,378.0,149.0
306.0,350.0,375.0,147.0
305.0,349.0,382.0,150.0
306.0,350.0,383.0,151.0
309.0,352.0,387.0,152.0
311.0,353.0,389.0,153.0
316.0,357.0,392.0,154.0
323.0,360.0,396.0,156.0
330.0,363.0,400.0,157.0
340.0,367.0,404.0,159.0
351.0,372.0,407.0,160.0
364.0,377.0,411.0,162.0
377.0,383.0,416.0,164.0
391.0,389.0,422.0,166.0
406.0,397.0,428.0,169.0
420.0,403.0,437.0,172.0
433.0,411.0,445.0,175.0
448.0,418.0,453.0,178.0
458.0,424.0,468.0,184.0
465.0,432.0,467.0,196.0
474.0,439.0,461.0,210.0
459.0,435.0,490.0,237.0
472.0,434.0,481.0,282.0
486.0,442.0,486.0,285.0
479.0,427.0,478.0,280.0
503.0,441.0,430.0,279.0
527.0,442.0,420.0,272.0
550.0,438.0,411.0,266.0
575.0,432.0,391.0,254.0
600.0,422.0,369.0,239.0
564.0,397.0,332.0,268.0
575.0,390.0,309.0,277.0
592.0,380.0,277.0,257.0
597.0,369.0,267.0,247.0
601.0,359.0,253.0,235.0
602.0,348.0,242.0,224.0
603.0,337.0,230.0,213.0
601.0,326.0,219.0,204.0
601.0,316.0,206.0,191.0
600.0,308.0,192.0,178.0
597.0,297.0,183.0,170.0
593.0,289.0,174.0,162.0
583.0,280.0,171.0,159.0
575.0,270.0,169.0,157.0
570.0,262.0,167.0,155.0
565.0,253.0,167.0,155.0
562.0,245.0,168.0,156.0
558.0,238.0,167.0,155.0
558.0,232.0,165.0,153.0
554.0,227.0,175.0,163.0
572.0,224.0,153.0,142.0
571.0,222.0,155.0,144.0
571.0,220.0,156.0,145.0
572.0,218.0,158.0,147.0
571.0,218.0,159.0,148.0
568.0,218.0,162.0,151.0
564.0,220.0,140.0,127.0
560.0,223.0,141.0,128.0
554.0,226.0,144.0,131.0
548.0,228.0,147.0,133.0
542.0,230.0,149.0,136.0
535.0,232.0,152.0,138.0
529.0,233.0,154.0,140.0
521.0,235.0,157.0,143.0
513.0,237.0,161.0,146.0
505.0,239.0,164.0,149.0
497.0,240.0,168.0,152.0
489.0,242.0,162.0,143.0
481.0,244.0,164.0,145.0
469.0,247.0,168.0,148.0
461.0,248.0,171.0,151.0
453.0,250.0,174.0,154.0
446.0,252.0,177.0,156.0
438.0,253.0,180.0,159.0
420.0,254.0,194.0,162.0
413.0,256.0,195.0,163.0
407.0,257.0,198.0,165.0
399.0,259.0,202.0,168.0
393.0,260.0,203.0,170.0
387.0,262.0,205.0,171.0
382.0,264.0,207.0,173.0
377.0,265.0,209.0,174.0
373.0,266.0,210.0,175.0
368.0,268.0,211.0,176.0
364.0,269.0,213.0,178.0
360.0,271.0,227.0,149.0
357.0,272.0,228.0,150.0
355.0,274.0,227.0,149.0
351.0,290.0,219.0,136.0
349.0,291.0,220.0,136.0
347.0,292.0,220.0,137.0
346.0,292.0,220.0,137.0
346.0,293.0,220.0,136.0
346.0,294.0,218.0,135.0
350.0,295.0,213.0,132.0
347.0,296.0,216.0,134.0
348.0,296.0,216.0,134.0
350.0,297.0,216.0,134.0
355.0,300.0,211.0,131.0
359.0,302.0,208.0,129.0
363.0,303.0,206.0,128.0
367.0,304.0,204.0,127.0
372.0,304.0,202.0,126.0
376.0,306.0,200.0,124.0
385.0,308.0,193.0,120.0
388.0,308.0,193.0,120.0
374.0,290.0,209.0,138.0
377.0,291.0,207.0,137.0
379.0,292.0,205.0,136.0
380.0,293.0,205.0,135.0
382.0,294.0,203.0,134.0
382.0,295.0,203.0,134.0
383.0,295.0,202.0,133.0
383.0,296.0,188.0,133.0
381.0,296.0,189.0,134.0
379.0,297.0,190.0,135.0
374.0,297.0,193.0,137.0
371.0,298.0,194.0,137.0
367.0,298.0,198.0,140.0
362.0,297.0,202.0,143.0
343.0,297.0,236.0,146.0
340.0,297.0,239.0,148.0
336.0,295.0,243.0,150.0
314.0,294.0,282.0,153.0
310.0,293.0,287.0,155.0
313.0,295.0,284.0,154.0
306.0,294.0,294.0,159.0
303.0,294.0,298.0,162.0
298.0,292.0,307.0,167.0
296.0,291.0,313.0,170.0
294.0,289.0,320.0,174.0
294.0,289.0,325.0,176.0
322.0,289.0,302.0,178.0
323.0,288.0,307.0,181.0
327.0,289.0,309.0,182.0
335.0,290.0,306.0,180.0
344.0,291.0,302.0,178.0
354.0,294.0,298.0,175.0
334.0,294.0,327.0,176.0
337.0,294.0,327.0,176.0
349.0,297.0,324.0,174.0
339.0,286.0,341.0,183.0
346.0,283.0,337.0,183.0
357.0,280.0,329.0,182.0
367.0,283.0,295.0,176.0
383.0,280.0,295.0,176.0
401.0,277.0,294.0,175.0
420.0,274.0,291.0,173.0
392.0,271.0,338.0,186.0
398.0,269.0,340.0,187.0
412.0,265.0,344.0,189.0
427.0,259.0,348.0,205.0
442.0,251.0,348.0,205.0
448.0,247.0,350.0,206.0
462.0,239.0,350.0,206.0
468.0,235.0,351.0,207.0
481.0,228.0,318.0,188.0
481.0,225.0,327.0,193.0
496.0,221.0,328.0,194.0
500.0,219.0,331.0,196.0
505.0,217.0,333.0,197.0
509.0,216.0,335.0,198.0
520.0,212.0,337.0,199.0
525.0,211.0,337.0,199.0
533.0,209.0,334.0,197.0
556.0,206.0,315.0,213.0
563.0,203.0,311.0,211.0
570.0,200.0,307.0,208.0
577.0,197.0,303.0,205.0
583.0,193.0,300.0,203.0
589.0,190.0,297.0,201.0
594.0,187.0,293.0,198.0
599.0,184.0,289.0,195.0
595.0,180.0,295.0,200.0
591.0,177.0,301.0,203.0
586.0,173.0,308.0,208.0
580.0,169.0,315.0,213.0
621.0,185.0,259.0,181.0
623.0,184.0,255.0,178.0
625.0,184.0,251.0,175.0
626.0,183.0,247.0,173.0
628.0,183.0,243.0,170.0
629.0,183.0,240.0,168.0
630.0,184.0,236.0,165.0
631.0,184.0,233.0,163.0
631.0,185.0,229.0,160.0
632.0,186.0,226.0,158.0
632.0,187.0,223.0,156.0
631.0,188.0,220.0,154.0
631.0,189.0,216.0,151.0
631.0,191.0,212.0,148.0
631.0,193.0,208.0,146.0
630.0,194.0,205.0,143.0
629.0,196.0,201.0,141.0
628.0,199.0,198.0,138.0
627.0,201.0,195.0,136.0
626.0,203.0,192.0,150.0
625.0,206.0,189.0,148.0
624.0,208.0,186.0,145.0
623.0,211.0,183.0,143.0
622.0,213.0,181.0,141.0
621.0,217.0,179.0,140.0
620.0,221.0,176.0,138.0
619.0,225.0,173.0,135.0
618.0,230.0,171.0,133.0
618.0,234.0,167.0,130.0
618.0,238.0,164.0,128.0
618.0,241.0,161.0,126.0
618.0,243.0,159.0,124.0
603.0,219.0,173.0,148.0
602.0,218.0,174.0,148.0
601.0,217.0,174.0,149.0
602.0,218.0,169.0,144.0
602.0,217.0,167.0,123.0
602.0,215.0,166.0,122.0
602.0,214.0,165.0,122.0
602.0,213.0,162.0,119.0
601.0,209.0,167.0,123.0
602.0,208.0,161.0,118.0
604.0,209.0,154.0,114.0
604.0,208.0,153.0,113.0
604.0,206.0,152.0,112.0
604.0,205.0,151.0,111.0
603.0,204.0,150.0,111.0
603.0,211.0,136.0,102.0
603.0,210.0,135.0,101.0
603.0,209.0,134.0,100.0
602.0,208.0,132.0,99.0
602.0,206.0,130.0,98.0
602.0,205.0,130.0,97.0
601.0,203.0,129.0,97.0
601.0,202.0,128.0,96.0
590.0,196.0,143.0,117.0
602.0,195.0,129.0,115.0
602.0,192.0,128.0,114.0
602.0,190.0,127.0,113.0
602.0,188.0,129.0,115.0
602.0,185.0,127.0,114.0
602.0,183.0,127.0,113.0
602.0,181.0,126.0,112.0
602.0,178.0,125.0,111.0
602.0,176.0,124.0,111.0
604.0,173.0,117.0,112.0
604.0,173.0,117.0,112.0
603.0,174.0,117.0,112.0
603.0,176.0,117.0,112.0
603.0,178.0,117.0,112.0
603.0,181.0,117.0,112.0
602.0,185.0,119.0,114.0
601.0,191.0,120.0,115.0
600.0,198.0,122.0,116.0
599.0,207.0,123.0,117.0
597.0,216.0,125.0,120.0
581.0,227.0,141.0,124.0
579.0,238.0,144.0,126.0
577.0,248.0,147.0,129.0
576.0,258.0,150.0,132.0
574.0,267.0,152.0,134.0
573.0,275.0,155.0,137.0
572.0,269.0,158.0,153.0
571.0,276.0,162.0,157.0
573.0,283.0,163.0,158.0
573.0,290.0,166.0,161.0
576.0,297.0,161.0,159.0
578.0,302.0,164.0,162.0
579.0,307.0,166.0,164.0
561.0,297.0,188.0,181.0
561.0,300.0,191.0,184.0
561.0,304.0,194.0,187.0
559.0,307.0,187.0,177.0
559.0,309.0,191.0,181.0
544.0,313.0,209.0,182.0
544.0,315.0,212.0,185.0
544.0,317.0,216.0,188.0
533.0,319.0,234.0,171.0
532.0,319.0,238.0,174.0
531.0,319.0,241.0,176.0
530.0,320.0,244.0,178.0
529.0,320.0,247.0,180.0
528.0,332.0,249.0,171.0
527.0,333.0,253.0,173.0
527.0,333.0,256.0,176.0
526.0,334.0,260.0,178.0
525.0,335.0,264.0,181.0
525.0,335.0,267.0,183.0
523.0,334.0,273.0,188.0
523.0,335.0,273.0,188.0
533.0,322.0,267.0,203.0
532.0,321.0,269.0,205.0
530.0,320.0,271.0,206.0
528.0,319.0,271.0,206.0
523.0,314.0,276.0,210.0
540.0,308.0,260.0,216.0
535.0,304.0,263.0,218.0
527.0,298.0,269.0,224.0
521.0,292.0,273.0,227.0
512.0,285.0,278.0,231.0
530.0,276.0,256.0,236.0
520.0,268.0,260.0,240.0
508.0,257.0,267.0,246.0
498.0,287.0,269.0,209.0
488.0,279.0,271.0,211.0
477.0,270.0,275.0,214.0
467.0,261.0,277.0,215.0
458.0,252.0,278.0,216.0
492.0,243.0,237.0,217.0
485.0,235.0,237.0,217.0
481.0,229.0,234.0,214.0
475.0,221.0,233.0,214.0
471.0,215.0,231.0,212.0
469.0,210.0,229.0,210.0
466.0,206.0,227.0,208.0
465.0,203.0,225.0,206.0
465.0,201.0,223.0,205.0
465.0,200.0,221.0,203.0
466.0,199.0,219.0,201.0
466.0,199.0,218.0,200.0
467.0,199.0,217.0,199.0
468.0,199.0,216.0,198.0
469.0,199.0,214.0,196.0
470.0,199.0,214.0,196.0
472.0,200.0,214.0,196.0
474.0,202.0,214.0,196.0
487.0,203.0,202.0,195.0
489.0,205.0,202.0,195.0
492.0,208.0,202.0,195.0
494.0,211.0,202.0,195.0
497.0,214.0,203.0,196.0
498.0,217.0,205.0,198.0
501.0,220.0,206.0,199.0
503.0,222.0,207.0,200.0
505.0,225.0,208.0,201.0
508.0,227.0,209.0,201.0
509.0,230.0,210.0,203.0
510.0,232.0,213.0,205.0
512.0,233.0,215.0,207.0
514.0,236.0,216.0,209.0
515.0,238.0,219.0,211.0
517.0,240.0,221.0,213.0
518.0,241.0,223.0,215.0
520.0,242.0,224.0,216.0
521.0,243.0,225.0,217.0
523.0,244.0,227.0,219.0
524.0,244.0,228.0,221.0
525.0,243.0,230.0,222.0
526.0,243.0,232.0,224.0
528.0,243.0,233.0,225.0
529.0,242.0,235.0,227.0
531.0,242.0,237.0,229.0
532.0,241.0,238.0,230.0
532.0,240.0,240.0,232.0
533.0,238.0,242.0,234.0
534.0,237.0,244.0,236.0
535.0,236.0,247.0,238.0
535.0,234.0,248.0,240.0
536.0,233.0,251.0,242.0
536.0,231.0,253.0,244.0
536.0,230.0,256.0,247.0
537.0,230.0,257.0,248.0
538.0,230.0,259.0,250.0
539.0,230.0,260.0,251.0
540.0,231.0,262.0,253.0
540.0,231.0,264.0,254.0
541.0,231.0,266.0,257.0
542.0,232.0,267.0,258.0
544.0,232.0,267.0,258.0
545.0,233.0,269.0,260.0
548.0,233.0,270.0,260.0
550.0,234.0,270.0,260.0
553.0,235.0,270.0,260.0
557.0,236.0,269.0,260.0
560.0,238.0,269.0,260.0
565.0,239.0,268.0,259.0
568.0,240.0,268.0,259.0
573.0,241.0,268.0,259.0
577.0,242.0,265.0,256.0
584.0,243.0,261.0,252.0
589.0,244.0,260.0,251.0
594.0,245.0,257.0,248.0
597.0,245.0,256.0,247.0
603.0,246.0,251.0,242.0
611.0,248.0,243.0,234.0
614.0,249.0,237.0,229.0
617.0,248.0,237.0,229.0
586.0,260.0,267.0,211.0
582.0,263.0,272.0,206.0
584.0,269.0,270.0,199.0
582.0,262.0,271.0,232.0
570.0,262.0,294.0,193.0
596.0,263.0,267.0,198.0
573.0,263.0,311.0,187.0
582.0,270.0,282.0,167.0
584.0,248.0,275.0,183.0
583.0,261.0,276.0,170.0
575.0,263.0,280.0,173.0
554.0,256.0,307.0,179.0
558.0,260.0,306.0,180.0
578.0,257.0,282.0,173.0
567.0,252.0,278.0,168.0
541.0,252.0,321.0,196.0
536.0,251.0,318.0,190.0
532.0,249.0,310.0,187.0
511.0,255.0,377.0,187.0
509.0,255.0,378.0,188.0
506.0,255.0,380.0,189.0
507.0,257.0,379.0,188.0
504.0,257.0,386.0,191.0
485.0,240.0,405.0,208.0
473.0,239.0,426.0,219.0
467.0,240.0,438.0,225.0
463.0,241.0,412.0,202.0
445.0,237.0,439.0,215.0
446.0,241.0,449.0,220.0
460.0,234.0,357.0,180.0
453.0,229.0,363.0,183.0
453.0,229.0,363.0,183.0
452.0,218.0,353.0,178.0
456.0,214.0,342.0,173.0
460.0,209.0,333.0,168.0
458.0,205.0,334.0,169.0
459.0,200.0,331.0,167.0
459.0,200.0,331.0,167.0
467.0,194.0,320.0,162.0
469.0,190.0,312.0,157.0
469.0,190.0,312.0,157.0
469.0,190.0,312.0,157.0
0
0
0
0
0
0
0
0
0
0
0
0
0
0
0
0
0
0
0
649.0,238.0,143.0,151.0
653.0,248.0,141.0,149.0
656.0,259.0,139.0,147.0
661.0,270.0,136.0,144.0
663.0,278.0,137.0,144.0
629.0,266.0,171.0,161.0
631.0,269.0,169.0,159.0
634.0,271.0,166.0,156.0
636.0,272.0,162.0,153.0
640.0,271.0,156.0,147.0
644.0,270.0,150.0,142.0
647.0,267.0,145.0,137.0
650.0,263.0,141.0,133.0
653.0,258.0,136.0,128.0
655.0,252.0,133.0,125.0
658.0,254.0,129.0,114.0
659.0,247.0,126.0,111.0
661.0,240.0,123.0,109.0
662.0,234.0,120.0,106.0
663.0,228.0,117.0,104.0
663.0,223.0,114.0,101.0
663.0,217.0,112.0,99.0
663.0,213.0,110.0,97.0
662.0,208.0,108.0,96.0
661.0,204.0,107.0,94.0
660.0,201.0,106.0,94.0
659.0,198.0,105.0,93.0
657.0,196.0,104.0,92.0
656.0,194.0,103.0,91.0
654.0,192.0,102.0,90.0
652.0,192.0,101.0,89.0
650.0,192.0,101.0,89.0
648.0,192.0,101.0,89.0
646.0,192.0,100.0,88.0
643.0,193.0,101.0,89.0
642.0,195.0,100.0,89.0
639.0,198.0,100.0,89.0
637.0,201.0,101.0,89.0
634.0,204.0,102.0,90.0
632.0,209.0,102.0,90.0
629.0,214.0,104.0,92.0
598.0,221.0,146.0,120.0
596.0,229.0,147.0,121.0
593.0,236.0,150.0,123.0
590.0,245.0,152.0,125.0
587.0,254.0,155.0,128.0
582.0,263.0,160.0,132.0
578.0,272.0,165.0,135.0
574.0,271.0,182.0,149.0
570.0,278.0,188.0,154.0
567.0,285.0,190.0,156.0
565.0,291.0,192.0,157.0
562.0,295.0,195.0,160.0
559.0,298.0,197.0,162.0
558.0,301.0,198.0,162.0
556.0,302.0,200.0,163.0
555.0,303.0,200.0,164.0
553.0,303.0,201.0,165.0
552.0,302.0,202.0,165.0
551.0,301.0,202.0,165.0
550.0,300.0,201.0,165.0
549.0,298.0,201.0,165.0
549.0,296.0,201.0,164.0
548.0,293.0,200.0,164.0
549.0,291.0,199.0,163.0
549.0,288.0,198.0,162.0
549.0,285.0,197.0,161.0
550.0,282.0,196.0,161.0
551.0,279.0,195.0,160.0
551.0,276.0,194.0,159.0
553.0,274.0,192.0,157.0
556.0,271.0,188.0,154.0
557.0,268.0,187.0,153.0
558.0,266.0,185.0,151.0
559.0,265.0,183.0,150.0
560.0,265.0,180.0,147.0
560.0,266.0,178.0,146.0
560.0,267.0,177.0,145.0
560.0,270.0,175.0,144.0
558.0,273.0,176.0,144.0
557.0,276.0,177.0,145.0
553.0,278.0,181.0,148.0
553.0,280.0,181.0,148.0
555.0,282.0,181.0,148.0
558.0,284.0,178.0,145.0
562.0,287.0,174.0,142.0
566.0,290.0,170.0,139.0
569.0,294.0,167.0,137.0
573.0,298.0,164.0,134.0
556.0,303.0,181.0,146.0
559.0,307.0,181.0,146.0
560.0,311.0,182.0,147.0
562.0,315.0,182.0,147.0
563.0,319.0,182.0,147.0
566.0,323.0,181.0,146.0
570.0,327.0,179.0,144.0
574.0,332.0,176.0,142.0
578.0,336.0,175.0,141.0
585.0,341.0,173.0,140.0
590.0,346.0,173.0,140.0
596.0,333.0,170.0,154.0
600.0,336.0,170.0,154.0
602.0,338.0,172.0,156.0
605.0,339.0,190.0,158.0
607.0,339.0,193.0,160.0
610.0,338.0,194.0,162.0
613.0,337.0,195.0,162.0
616.0,335.0,196.0,185.0
618.0,333.0,196.0,185.0
621.0,332.0,196.0,185.0
624.0,331.0,197.0,186.0
625.0,330.0,198.0,187.0
630.0,329.0,196.0,185.0
632.0,327.0,197.0,186.0
633.0,325.0,199.0,188.0
634.0,322.0,200.0,189.0
636.0,319.0,201.0,190.0
638.0,316.0,202.0,191.0
639.0,313.0,204.0,192.0
640.0,310.0,206.0,195.0
642.0,307.0,207.0,196.0
644.0,304.0,208.0,196.0
645.0,301.0,211.0,199.0
645.0,297.0,214.0,202.0
646.0,294.0,217.0,205.0
648.0,291.0,217.0,205.0
649.0,289.0,215.0,203.0
650.0,286.0,217.0,205.0
629.0,285.0,240.0,206.0
628.0,284.0,245.0,210.0
626.0,285.0,253.0,217.0
624.0,286.0,262.0,225.0
643.0,303.0,252.0,196.0
646.0,305.0,255.0,198.0
645.0,309.0,266.0,207.0
644.0,312.0,274.0,213.0
646.0,293.0,281.0,219.0
648.0,297.0,290.0,226.0
650.0,302.0,301.0,235.0
651.0,307.0,325.0,253.0
653.0,313.0,341.0,266.0
654.0,320.0,366.0,285.0
654.0,328.0,392.0,306.0
656.0,336.0,413.0,322.0
657.0,344.0,492.0,373.0
656.0,348.0,542.0,411.0
657.0,356.0,561.0,425.0
659.0,361.0,581.0,441.0
662.0,361.0,595.0,451.0
664.0,364.0,603.0,457.0
663.0,381.0,637.0,467.0
661.0,380.0,683.0,375.0
661.0,381.0,725.0,398.0
662.0,379.0,762.0,419.0
662.0,394.0,794.0,419.0
662.0,391.0,652.0,344.0
661.0,387.0,696.0,367.0
661.0,385.0,732.0,386.0
636.0,404.0,802.0,387.0
630.0,414.0,656.0,322.0
627.0,420.0,673.0,330.0
624.0,399.0,705.0,369.0
620.0,399.0,708.0,346.0
613.0,398.0,771.0,377.0
608.0,400.0,829.0,406.0
622.0,401.0,921.0,451.0
618.0,406.0,697.0,338.0
614.0,410.0,728.0,353.0
607.0,419.0,768.0,372.0
599.0,428.0,809.0,392.0
593.0,431.0,835.0,405.0
582.0,447.0,880.0,426.0
572.0,467.0,912.0,442.0
558.0,490.0,970.0,470.0
537.0,457.0,1056.0,568.0
524.0,476.0,810.0,287.0
512.0,488.0,860.0,304.0
500.0,482.0,902.0,332.0
494.0,488.0,790.0,241.0
484.0,501.0,810.0,259.0
476.0,519.0,810.0,223.0
470.0,529.0,817.0,225.0
462.0,551.0,825.0,227.0
457.0,527.0,833.0,266.0
452.0,534.0,829.0,194.0
448.0,546.0,832.0,195.0
446.0,558.0,835.0,196.0
445.0,568.0,827.0,194.0
443.0,544.0,829.0,224.0
442.0,546.0,830.0,176.0
501.0,546.0,772.0,177.0
500.0,546.0,772.0,174.0
500.0,545.0,773.0,174.0
501.0,544.0,771.0,174.0
501.0,543.0,770.0,173.0
503.0,541.0,762.0,172.0
505.0,536.0,747.0,168.0
508.0,531.0,731.0,165.0
509.0,524.0,445.0,194.0
512.0,515.0,430.0,187.0
514.0,505.0,411.0,179.0
498.0,495.0,472.0,225.0
498.0,485.0,462.0,220.0
501.0,473.0,439.0,245.0
511.0,473.0,587.0,247.0
511.0,458.0,554.0,233.0
511.0,444.0,524.0,220.0
480.0,436.0,684.0,284.0
477.0,418.0,652.0,271.0
473.0,399.0,623.0,259.0
469.0,381.0,761.0,341.0
468.0,381.0,762.0,339.0
457.0,377.0,768.0,342.0
445.0,373.0,777.0,346.0
437.0,355.0,764.0,340.0
454.0,346.0,798.0,381.0
449.0,332.0,740.0,347.0
444.0,322.0,704.0,330.0
439.0,328.0,783.0,398.0
435.0,319.0,730.0,365.0
431.0,311.0,799.0,411.0
428.0,303.0,753.0,386.0
427.0,292.0,720.0,369.0
427.0,282.0,679.0,347.0
428.0,273.0,820.0,447.0
430.0,264.0,780.0,425.0
431.0,256.0,742.0,404.0
424.0,269.0,748.0,408.0
424.0,269.0,831.0,449.0
438.0,263.0,742.0,401.0
448.0,259.0,672.0,363.0
438.0,247.0,638.0,448.0
441.0,241.0,620.0,435.0
445.0,237.0,598.0,420.0
451.0,233.0,581.0,408.0
454.0,229.0,523.0,365.0
461.0,228.0,494.0,344.0
462.0,226.0,481.0,336.0
462.0,222.0,475.0,331.0
464.0,220.0,469.0,327.0
470.0,220.0,452.0,316.0
471.0,218.0,446.0,311.0
475.0,217.0,438.0,305.0
502.0,217.0,408.0,302.0
504.0,224.0,358.0,256.0
508.0,227.0,351.0,251.0
512.0,230.0,347.0,248.0
517.0,233.0,343.0,245.0
521.0,236.0,339.0,243.0
525.0,240.0,335.0,240.0
528.0,243.0,334.0,239.0
533.0,247.0,331.0,237.0
536.0,249.0,329.0,236.0
540.0,252.0,329.0,235.0
543.0,255.0,329.0,235.0
546.0,258.0,329.0,235.0
547.0,260.0,332.0,237.0
548.0,264.0,335.0,240.0
550.0,267.0,338.0,242.0
553.0,271.0,339.0,242.0
557.0,274.0,339.0,242.0
562.0,281.0,336.0,240.0
565.0,285.0,336.0,241.0
571.0,292.0,334.0,239.0
579.0,298.0,329.0,235.0
558.0,282.0,353.0,257.0
559.0,285.0,385.0,258.0
559.0,288.0,391.0,262.0
564.0,295.0,390.0,261.0
561.0,297.0,398.0,267.0
559.0,300.0,401.0,269.0
533.0,289.0,428.0,283.0
527.0,290.0,446.0,295.0
522.0,293.0,456.0,302.0
518.0,295.0,463.0,306.0
513.0,299.0,472.0,312.0
515.0,295.0,473.0,313.0
506.0,295.0,488.0,322.0
505.0,296.0,491.0,325.0
504.0,298.0,497.0,329.0
515.0,310.0,485.0,321.0
505.0,312.0,503.0,333.0
496.0,315.0,518.0,342.0
458.0,304.0,577.0,382.0
458.0,298.0,577.0,388.0
500.0,297.0,544.0,398.0
495.0,295.0,558.0,408.0
490.0,294.0,572.0,418.0
485.0,293.0,585.0,428.0
482.0,291.0,596.0,436.0
481.0,291.0,600.0,439.0
480.0,291.0,605.0,443.0
478.0,292.0,613.0,449.0
476.0,295.0,621.0,455.0
472.0,299.0,635.0,464.0
467.0,288.0,654.0,496.0
463.0,293.0,677.0,447.0
460.0,298.0,700.0,462.0
486.0,303.0,695.0,477.0
485.0,308.0,716.0,430.0
486.0,314.0,736.0,442.0
484.0,319.0,761.0,456.0
487.0,324.0,775.0,465.0
486.0,330.0,794.0,477.0
488.0,334.0,808.0,485.0
489.0,339.0,821.0,493.0
489.0,343.0,836.0,501.0
490.0,348.0,847.0,508.0
493.0,354.0,856.0,514.0
494.0,358.0,863.0,518.0
500.0,361.0,859.0,516.0
502.0,365.0,861.0,517.0
505.0,369.0,863.0,518.0
498.0,374.0,883.0,530.0
502.0,377.0,878.0,527.0
505.0,401.0,880.0,508.0
507.0,409.0,791.0,326.0
507.0,418.0,816.0,336.0
508.0,425.0,830.0,341.0
508.0,432.0,848.0,349.0
507.0,435.0,864.0,356.0
505.0,439.0,881.0,363.0
504.0,442.0,893.0,367.0
501.0,443.0,906.0,373.0
497.0,445.0,917.0,377.0
495.0,446.0,922.0,379.0
493.0,447.0,920.0,379.0
489.0,446.0,923.0,380.0
486.0,446.0,919.0,378.0
483.0,459.0,915.0,363.0
479.0,458.0,795.0,260.0
475.0,456.0,787.0,258.0
471.0,453.0,780.0,256.0
467.0,451.0,772.0,253.0
444.0,450.0,709.0,269.0
438.0,446.0,703.0,267.0
434.0,442.0,690.0,262.0
430.0,438.0,676.0,256.0
425.0,433.0,697.0,287.0
421.0,427.0,676.0,278.0
416.0,422.0,653.0,269.0
412.0,417.0,633.0,261.0
395.0,419.0,726.0,311.0
390.0,411.0,704.0,292.0
388.0,405.0,678.0,281.0
385.0,399.0,705.0,321.0
382.0,394.0,673.0,306.0
381.0,388.0,637.0,290.0
380.0,381.0,604.0,275.0
381.0,374.0,678.0,350.0
382.0,372.0,617.0,315.0
382.0,368.0,566.0,289.0
387.0,365.0,512.0,261.0
391.0,365.0,623.0,351.0
411.0,351.0,623.0,369.0
410.0,351.0,645.0,382.0
400.0,351.0,683.0,405.0
386.0,349.0,724.0,429.0
388.0,349.0,742.0,440.0
388.0,333.0,602.0,471.0
386.0,332.0,621.0,399.0
393.0,331.0,624.0,401.0
401.0,331.0,443.0,403.0
404.0,328.0,408.0,359.0
408.0,325.0,376.0,331.0
410.0,322.0,350.0,307.0
412.0,317.0,325.0,285.0
415.0,313.0,298.0,261.0
415.0,305.0,283.0,248.0
413.0,297.0,270.0,237.0
416.0,291.0,252.0,221.0
369.0,285.0,284.0,207.0
371.0,278.0,271.0,198.0
372.0,273.0,261.0,190.0
373.0,267.0,281.0,184.0
373.0,261.0,275.0,180.0
375.0,257.0,267.0,175.0
375.0,253.0,262.0,172.0
374.0,249.0,258.0,169.0
372.0,246.0,255.0,167.0
370.0,243.0,252.0,165.0
368.0,241.0,251.0,165.0
365.0,241.0,251.0,164.0
360.0,240.0,251.0,164.0
354.0,240.0,253.0,166.0
348.0,240.0,275.0,214.0
342.0,242.0,277.0,215.0
336.0,245.0,279.0,217.0
329.0,249.0,284.0,221.0
321.0,255.0,287.0,223.0
312.0,263.0,292.0,227.0
301.0,271.0,300.0,233.0
291.0,279.0,307.0,239.0
282.0,287.0,314.0,244.0
273.0,276.0,323.0,270.0
264.0,282.0,331.0,276.0
256.0,287.0,338.0,282.0
249.0,292.0,343.0,287.0
242.0,296.0,350.0,293.0
236.0,299.0,356.0,297.0
232.0,301.0,387.0,301.0
229.0,302.0,390.0,303.0
225.0,303.0,394.0,306.0
223.0,303.0,395.0,307.0
222.0,302.0,397.0,309.0
220.0,301.0,398.0,310.0
219.0,314.0,399.0,284.0
219.0,312.0,397.0,283.0
220.0,310.0,396.0,282.0
220.0,307.0,395.0,281.0
220.0,304.0,396.0,282.0
220.0,301.0,397.0,283.0
219.0,298.0,399.0,284.0
217.0,296.0,400.0,285.0
216.0,294.0,401.0,286.0
214.0,292.0,404.0,288.0
212.0,290.0,407.0,289.0
208.0,288.0,411.0,293.0
203.0,286.0,416.0,296.0
197.0,286.0,422.0,300.0
189.0,287.0,430.0,306.0
178.0,289.0,442.0,315.0
166.0,291.0,456.0,324.0
107.0,294.0,516.0,355.0
106.0,297.0,518.0,380.0
67.0,299.0,560.0,406.0
38.0,302.0,593.0,411.0
4.0,305.0,628.0,410.0
2.0,307.0,629.0,408.0
7.0,325.0,621.0,395.0
6.0,333.0,627.0,387.0
6.0,336.0,626.0,383.0
-34.0,335.0,670.0,410.0
-78.0,333.0,717.0,439.0
-113.0,331.0,754.0,461.0
-146.0,348.0,788.0,461.0
-34.0,345.0,678.0,393.0
-73.0,339.0,718.0,416.0
-134.0,347.0,794.0,434.0
-55.0,337.0,717.0,405.0
-111.0,323.0,774.0,437.0
-178.0,325.0,838.0,448.0
-56.0,304.0,714.0,427.0
-122.0,276.0,777.0,465.0
-205.0,279.0,858.0,473.0
-85.0,243.0,735.0,496.0
-186.0,192.0,836.0,564.0
-294.0,214.0,962.0,559.0
-71.0,177.0,737.0,558.0
-139.0,137.0,803.0,608.0
-192.0,113.0,850.0,636.0
-34.0,106.0,662.0,611.0
-59.0,67.0,726.0,564.0
-13.0,69.0,668.0,565.0
-42.0,68.0,684.0,578.0
-72.0,38.0,738.0,623.0
-14.0,51.0,663.0,620.0
-27.0,63.0,660.0,617.0
-31.0,56.0,691.0,586.0
0.0,68.0,648.0,575.0
6.0,70.0,650.0,571.0
19.0,87.0,625.0,549.0
2.0,99.0,652.0,559.0
19.0,109.0,628.0,539.0
32.0,117.0,610.0,523.0
-1.0,44.0,654.0,606.0
17.0,51.0,633.0,587.0
34.0,59.0,611.0,567.0
132.0,67.0,520.0,572.0
142.0,75.0,502.0,553.0
151.0,81.0,484.0,532.0
239.0,86.0,388.0,538.0
243.0,89.0,378.0,524.0
246.0,90.0,368.0,510.0
282.0,91.0,328.0,495.0
289.0,91.0,318.0,480.0
298.0,90.0,293.0,466.0
308.0,87.0,284.0,452.0
320.0,86.0,273.0,434.0
337.0,88.0,298.0,416.0
347.0,83.0,293.0,408.0
356.0,95.0,315.0,384.0
367.0,94.0,307.0,375.0
382.0,93.0,300.0,366.0
386.0,104.0,338.0,333.0
400.0,104.0,333.0,328.0
414.0,105.0,326.0,321.0
429.0,107.0,342.0,317.0
442.0,108.0,339.0,314.0
456.0,112.0,335.0,310.0
469.0,156.0,358.0,238.0
479.0,159.0,359.0,239.0
486.0,163.0,364.0,242.0
495.0,170.0,365.0,243.0
500.0,209.0,386.0,192.0
502.0,217.0,393.0,196.0
500.0,227.0,401.0,200.0
494.0,234.0,420.0,209.0
487.0,247.0,435.0,216.0
479.0,258.0,452.0,225.0
467.0,292.0,482.0,184.0
451.0,305.0,509.0,194.0
431.0,321.0,540.0,206.0
406.0,338.0,576.0,220.0
369.0,355.0,630.0,240.0
365.0,374.0,668.0,340.0
309.0,393.0,738.0,376.0
245.0,410.0,808.0,411.0
172.0,402.0,864.0,464.0
167.0,407.0,899.0,331.0
38.0,403.0,1008.0,339.0
-1.0,407.0,954.0,310.0
-2.0,443.0,924.0,278.0
0.0,480.0,880.0,240.0
7.0,520.0,842.0,200.0
-69.0,538.0,882.0,239.0
-69.0,584.0,882.0,193.0
-69.0,660.0,882.0,117.0
0
0
0
0
0
0
0
0
0
0
0
0
0
900.0,81.0,296.0,236.0
870.0,72.0,270.0,215.0
842.0,67.0,251.0,200.0
815.0,67.0,236.0,188.0
791.0,71.0,193.0,178.0
773.0,79.0,177.0,164.0
755.0,88.0,166.0,153.0
737.0,98.0,158.0,146.0
720.0,108.0,154.0,142.0
708.0,119.0,148.0,125.0
696.0,131.0,142.0,120.0
687.0,142.0,138.0,117.0
679.0,152.0,137.0,116.0
672.0,162.0,135.0,114.0
667.0,172.0,133.0,112.0
663.0,193.0,132.0,87.0
660.0,202.0,130.0,85.0
656.0,208.0,134.0,88.0
653.0,216.0,132.0,87.0
650.0,224.0,131.0,86.0
647.0,232.0,131.0,87.0
643.0,238.0,134.0,88.0
639.0,245.0,126.0,77.0
636.0,251.0,125.0,76.0
632.0,255.0,127.0,77.0
628.0,261.0,125.0,76.0
604.0,263.0,150.0,80.0
599.0,267.0,150.0,80.0
594.0,270.0,151.0,81.0
589.0,273.0,154.0,82.0
584.0,277.0,155.0,82.0
580.0,280.0,154.0,82.0
575.0,283.0,155.0,83.0
570.0,287.0,155.0,83.0
566.0,289.0,157.0,84.0
562.0,292.0,157.0,84.0
558.0,294.0,159.0,85.0
554.0,296.0,160.0,85.0
552.0,299.0,159.0,85.0
548.0,301.0,156.0,79.0
546.0,303.0,158.0,80.0
542.0,305.0,161.0,82.0
538.0,306.0,164.0,83.0
536.0,308.0,167.0,85.0
533.0,310.0,170.0,86.0
530.0,312.0,174.0,88.0
528.0,313.0,177.0,90.0
526.0,315.0,181.0,92.0
525.0,317.0,181.0,92.0
523.0,319.0,189.0,95.0
524.0,322.0,185.0,94.0
520.0,323.0,179.0,99.0
519.0,325.0,182.0,101.0
518.0,326.0,184.0,102.0
517.0,328.0,186.0,103.0
516.0,330.0,189.0,104.0
515.0,332.0,188.0,104.0
514.0,333.0,190.0,105.0
512.0,333.0,193.0,107.0
509.0,320.0,199.0,111.0
506.0,320.0,204.0,114.0
502.0,320.0,210.0,117.0
501.0,322.0,208.0,116.0
498.0,322.0,210.0,117.0
496.0,323.0,211.0,118.0
493.0,323.0,213.0,119.0
490.0,324.0,216.0,120.0
487.0,324.0,219.0,122.0
495.0,320.0,213.0,142.0
491.0,319.0,219.0,146.0
487.0,319.0,220.0,146.0
484.0,319.0,219.0,146.0
482.0,328.0,219.0,125.0
477.0,327.0,224.0,128.0
472.0,327.0,228.0,130.0
464.0,324.0,236.0,135.0
456.0,320.0,246.0,140.0
451.0,318.0,251.0,143.0
445.0,316.0,256.0,146.0
467.0,313.0,225.0,198.0
462.0,311.0,228.0,201.0
457.0,308.0,233.0,205.0
443.0,300.0,246.0,216.0
436.0,295.0,252.0,222.0
435.0,292.0,249.0,219.0
438.0,286.0,245.0,216.0
438.0,281.0,247.0,217.0
446.0,282.0,246.0,216.0
458.0,279.0,236.0,207.0
437.0,291.0,219.0,224.0
428.0,281.0,224.0,230.0
422.0,275.0,228.0,233.0
417.0,266.0,229.0,235.0
413.0,257.0,230.0,236.0
418.0,260.0,232.0,237.0
353.0,287.0,295.0,229.0
337.0,282.0,295.0,229.0
321.0,277.0,294.0,228.0
305.0,272.0,292.0,227.0
287.0,273.0,365.0,222.0
269.0,270.0,386.0,235.0
252.0,268.0,406.0,247.0
235.0,266.0,426.0,259.0
223.0,264.0,441.0,268.0
217.0,264.0,450.0,274.0
209.0,264.0,464.0,282.0
200.0,264.0,477.0,290.0
196.0,265.0,485.0,295.0
187.0,265.0,499.0,304.0
179.0,267.0,514.0,313.0
168.0,269.0,534.0,325.0
164.0,271.0,544.0,331.0
162.0,275.0,551.0,335.0
156.0,281.0,562.0,342.0
148.0,286.0,574.0,349.0
130.0,291.0,597.0,363.0
1.0,316.0,728.0,420.0
-26.0,316.0,756.0,420.0
7.0,345.0,721.0,373.0
-91.0,365.0,860.0,445.0
-164.0,391.0,962.0,497.0
-223.0,387.0,949.0,586.0
-32.0,402.0,768.0,387.0
-69.0,412.0,823.0,468.0
-69.0,428.0,823.0,452.0
4.0,439.0,753.0,281.0
-31.0,451.0,792.0,295.0
-65.0,461.0,833.0,311.0
-103.0,468.0,879.0,328.0
-145.0,469.0,932.0,348.0
-187.0,482.0,992.0,349.0
-43.0,486.0,875.0,259.0
-88.0,481.0,958.0,283.0
-126.0,506.0,1033.0,274.0
-61.0,513.0,1025.0,242.0
-133.0,529.0,924.0,257.0
-35.0,524.0,819.0,198.0
-103.0,472.0,890.0,250.0
-13.0,463.0,765.0,241.0
-9.0,389.0,710.0,325.0
4.0,355.0,592.0,365.0
3.0,293.0,578.0,427.0
3.0,152.0,559.0,569.0
3.0,128.0,541.0,592.0
6.0,55.0,525.0,667.0
-3.0,31.0,497.0,690.0
0.0,52.0,466.0,666.0
10.0,43.0,451.0,644.0
3.0,70.0,431.0,654.0
-1.0,49.0,435.0,655.0
-7.0,101.0,466.0,615.0
-12.0,93.0,453.0,607.0
-21.0,121.0,525.0,599.0
-10.0,104.0,509.0,605.0
-28.0,144.0,564.0,563.0
-12.0,132.0,566.0,538.0
-2.0,122.0,563.0,547.0
4.0,169.0,592.0,430.0
9.0,164.0,596.0,433.0
22.0,177.0,614.0,367.0
20.0,167.0,624.0,373.0
25.0,161.0,626.0,374.0
129.0,199.0,547.0,269.0
128.0,196.0,552.0,272.0
127.0,192.0,555.0,273.0
177.0,211.0,523.0,212.0
179.0,210.0,518.0,210.0
174.0,208.0,520.0,211.0
213.0,221.0,498.0,167.0
212.0,222.0,494.0,166.0
215.0,222.0,483.0,162.0
209.0,217.0,484.0,162.0
250.0,212.0,449.0,159.0
256.0,209.0,437.0,155.0
263.0,207.0,426.0,151.0
274.0,205.0,411.0,145.0
287.0,203.0,393.0,139.0
303.0,201.0,377.0,134.0
320.0,197.0,393.0,148.0
338.0,194.0,376.0,141.0
354.0,191.0,361.0,136.0
371.0,188.0,347.0,131.0
388.0,184.0,336.0,126.0
447.0,183.0,292.0,144.0
464.0,181.0,282.0,139.0
477.0,177.0,277.0,137.0
493.0,178.0,264.0,130.0
507.0,177.0,253.0,125.0
541.0,162.0,239.0,143.0
553.0,161.0,232.0,139.0
565.0,162.0,221.0,132.0
574.0,162.0,215.0,129.0
583.0,162.0,223.0,132.0
592.0,162.0,218.0,129.0
598.0,162.0,213.0,126.0
603.0,162.0,208.0,123.0
610.0,165.0,200.0,118.0
613.0,166.0,195.0,115.0
615.0,168.0,190.0,113.0
616.0,169.0,186.0,110.0
619.0,173.0,179.0,106.0
656.0,176.0,136.0,104.0
656.0,179.0,134.0,102.0
659.0,183.0,128.0,98.0
659.0,186.0,124.0,95.0
655.0,190.0,125.0,95.0
651.0,194.0,126.0,96.0
647.0,199.0,125.0,96.0
655.0,192.0,124.0,117.0
650.0,199.0,124.0,117.0
644.0,205.0,126.0,119.0
637.0,213.0,127.0,120.0
628.0,221.0,131.0,123.0
621.0,229.0,132.0,125.0
613.0,237.0,134.0,127.0
606.0,245.0,136.0,129.0
598.0,253.0,139.0,131.0
590.0,260.0,142.0,134.0
582.0,268.0,146.0,137.0
575.0,275.0,149.0,141.0
568.0,282.0,152.0,144.0
562.0,288.0,156.0,147.0
557.0,296.0,158.0,149.0
550.0,302.0,162.0,153.0
546.0,308.0,164.0,154.0
541.0,313.0,184.0,159.0
538.0,318.0,188.0,162.0
533.0,321.0,195.0,168.0
530.0,327.0,199.0,172.0
527.0,331.0,203.0,176.0
525.0,335.0,209.0,181.0
523.0,338.0,215.0,186.0
522.0,341.0,221.0,191.0
520.0,341.0,232.0,200.0
519.0,341.0,243.0,210.0
518.0,339.0,257.0,222.0
519.0,336.0,272.0,235.0
521.0,333.0,288.0,249.0
525.0,328.0,308.0,266.0
529.0,324.0,331.0,286.0
537.0,321.0,356.0,308.0
542.0,314.0,389.0,336.0
564.0,345.0,373.0,330.0
567.0,341.0,410.0,363.0
569.0,336.0,453.0,400.0
623.0,351.0,527.0,404.0
632.0,349.0,575.0,402.0
645.0,355.0,686.0,432.0
658.0,286.0,683.0,393.0
723.0,358.0,565.0,351.0
758.0,356.0,579.0,365.0
729.0,353.0,672.0,385.0
710.0,346.0,642.0,428.0
743.0,349.0,648.0,447.0
723.0,346.0,539.0,373.0
700.0,345.0,525.0,363.0
746.0,343.0,523.0,375.0
762.0,329.0,523.0,375.0
737.0,322.0,539.0,359.0
736.0,312.0,522.0,348.0
742.0,310.0,479.0,319.0
702.0,309.0,569.0,408.0
701.0,306.0,523.0,375.0
698.0,305.0,477.0,342.0
674.0,289.0,603.0,342.0
669.0,288.0,550.0,312.0
660.0,286.0,584.0,291.0
653.0,285.0,539.0,269.0
647.0,284.0,497.0,248.0
619.0,283.0,484.0,205.0
613.0,282.0,453.0,192.0
610.0,281.0,422.0,179.0
606.0,280.0,399.0,169.0
603.0,279.0,377.0,160.0
592.0,279.0,366.0,152.0
590.0,279.0,350.0,145.0
587.0,279.0,336.0,139.0
585.0,281.0,321.0,133.0
583.0,282.0,309.0,128.0
581.0,284.0,300.0,124.0
578.0,285.0,293.0,122.0
577.0,289.0,279.0,116.0
575.0,290.0,272.0,113.0
573.0,293.0,264.0,109.0
571.0,295.0,258.0,107.0
568.0,296.0,256.0,106.0
567.0,300.0,244.0,101.0
565.0,303.0,238.0,99.0
562.0,306.0,233.0,97.0
561.0,309.0,225.0,93.0
558.0,312.0,221.0,92.0
555.0,315.0,216.0,90.0
552.0,319.0,211.0,88.0
548.0,320.0,210.0,87.0
544.0,323.0,208.0,86.0
537.0,325.0,210.0,87.0
553.0,320.0,216.0,113.0
550.0,323.0,214.0,112.0
546.0,326.0,213.0,111.0
543.0,329.0,212.0,111.0
540.0,332.0,210.0,110.0
538.0,334.0,209.0,109.0
535.0,336.0,210.0,110.0
533.0,339.0,211.0,110.0
530.0,341.0,213.0,112.0
528.0,342.0,217.0,114.0
525.0,343.0,223.0,116.0
525.0,346.0,225.0,118.0
520.0,345.0,238.0,125.0
519.0,347.0,244.0,128.0
520.0,351.0,246.0,129.0
504.0,354.0,247.0,132.0
502.0,357.0,254.0,136.0
498.0,358.0,264.0,141.0
495.0,360.0,273.0,146.0
492.0,363.0,282.0,150.0
490.0,365.0,290.0,155.0
484.0,366.0,304.0,163.0
473.0,368.0,300.0,168.0
469.0,370.0,310.0,174.0
465.0,396.0,324.0,137.0
461.0,399.0,336.0,142.0
456.0,402.0,349.0,147.0
451.0,405.0,365.0,154.0
439.0,408.0,370.0,160.0
433.0,411.0,385.0,167.0
426.0,413.0,401.0,173.0
418.0,415.0,421.0,182.0
410.0,417.0,429.0,189.0
401.0,418.0,447.0,197.0
391.0,419.0,463.0,204.0
378.0,420.0,482.0,254.0
362.0,420.0,503.0,265.0
340.0,418.0,528.0,278.0
344.0,416.0,525.0,292.0
323.0,415.0,542.0,301.0
290.0,410.0,569.0,316.0
259.0,404.0,589.0,327.0
226.0,396.0,604.0,336.0
274.0,387.0,556.0,345.0
255.0,385.0,546.0,327.0
226.0,377.0,544.0,326.0
190.0,365.0,548.0,328.0
262.0,373.0,499.0,351.0
260.0,367.0,467.0,325.0
266.0,360.0,432.0,300.0
274.0,356.0,425.0,278.0
287.0,348.0,393.0,257.0
302.0,341.0,367.0,240.0
320.0,335.0,341.0,223.0
338.0,331.0,316.0,207.0
357.0,326.0,296.0,194.0
375.0,321.0,278.0,182.0
391.0,316.0,268.0,175.0
407.0,300.0,253.0,179.0
422.0,298.0,244.0,172.0
434.0,295.0,238.0,169.0
445.0,293.0,237.0,168.0
455.0,290.0,236.0,167.0
464.0,288.0,235.0,167.0
472.0,286.0,237.0,168.0
479.0,285.0,208.0,134.0
487.0,285.0,205.0,132.0
492.0,284.0,205.0,132.0
497.0,283.0,207.0,133.0
502.0,283.0,207.0,133.0
506.0,283.0,208.0,134.0
509.0,283.0,209.0,134.0
513.0,283.0,191.0,123.0
517.0,284.0,190.0,122.0
521.0,285.0,187.0,121.0
524.0,286.0,186.0,120.0
527.0,287.0,189.0,121.0
532.0,290.0,183.0,118.0
509.0,291.0,211.0,119.0
512.0,293.0,210.0,119.0
516.0,294.0,210.0,118.0
519.0,296.0,210.0,118.0
523.0,298.0,208.0,117.0
527.0,300.0,206.0,116.0
530.0,301.0,209.0,118.0
534.0,303.0,207.0,117.0
538.0,304.0,206.0,116.0
541.0,306.0,206.0,116.0
545.0,307.0,206.0,116.0
549.0,309.0,206.0,116.0
552.0,310.0,206.0,116.0
555.0,312.0,206.0,116.0
559.0,314.0,206.0,116.0
562.0,315.0,207.0,117.0
565.0,317.0,208.0,117.0
567.0,318.0,210.0,118.0
570.0,319.0,211.0,119.0
573.0,320.0,212.0,119.0
575.0,321.0,213.0,120.0
578.0,322.0,214.0,120.0
581.0,322.0,215.0,121.0
583.0,323.0,216.0,122.0
585.0,324.0,217.0,123.0
587.0,324.0,219.0,124.0
589.0,325.0,222.0,125.0
590.0,325.0,224.0,126.0
588.0,317.0,233.0,140.0
589.0,317.0,236.0,142.0
591.0,317.0,238.0,143.0
592.0,317.0,240.0,144.0
593.0,316.0,243.0,146.0
594.0,316.0,246.0,148.0
595.0,315.0,249.0,149.0
595.0,314.0,251.0,151.0
596.0,314.0,254.0,152.0
596.0,313.0,257.0,154.0
597.0,311.0,260.0,156.0
597.0,310.0,263.0,158.0
598.0,308.0,265.0,159.0
598.0,306.0,268.0,161.0
598.0,308.0,270.0,149.0
599.0,307.0,271.0,150.0
599.0,305.0,274.0,151.0
600.0,303.0,276.0,152.0
600.0,301.0,278.0,154.0
601.0,299.0,281.0,155.0
601.0,297.0,284.0,157.0
602.0,295.0,287.0,158.0
602.0,293.0,290.0,160.0
603.0,291.0,293.0,161.0
604.0,289.0,296.0,163.0
605.0,287.0,299.0,165.0
606.0,284.0,302.0,167.0
606.0,304.0,306.0,147.0
607.0,302.0,309.0,149.0
608.0,300.0,314.0,151.0
609.0,299.0,317.0,152.0
610.0,297.0,321.0,154.0
611.0,295.0,325.0,156.0
612.0,293.0,329.0,158.0
613.0,291.0,333.0,160.0
615.0,289.0,337.0,162.0
616.0,287.0,341.0,164.0
617.0,286.0,345.0,166.0
619.0,284.0,350.0,168.0
620.0,283.0,356.0,171.0
621.0,282.0,361.0,173.0
623.0,281.0,366.0,176.0
624.0,280.0,372.0,179.0
625.0,279.0,377.0,182.0
625.0,278.0,384.0,185.0
626.0,277.0,390.0,187.0
627.0,276.0,396.0,190.0
628.0,275.0,402.0,193.0
629.0,273.0,408.0,196.0
630.0,272.0,414.0,199.0
631.0,271.0,420.0,202.0
633.0,279.0,407.0,190.0
634.0,278.0,413.0,193.0
636.0,277.0,417.0,195.0
638.0,276.0,422.0,197.0
640.0,275.0,427.0,199.0
642.0,273.0,432.0,202.0
643.0,271.0,439.0,205.0
643.0,269.0,447.0,208.0
645.0,267.0,453.0,211.0
647.0,266.0,458.0,214.0
647.0,264.0,465.0,217.0
649.0,262.0,471.0,220.0
677.0,260.0,453.0,232.0
679.0,258.0,457.0,234.0
682.0,256.0,461.0,236.0
685.0,255.0,461.0,236.0
687.0,253.0,466.0,238.0
689.0,251.0,470.0,241.0
690.0,249.0,474.0,243.0
692.0,269.0,477.0,223.0
694.0,268.0,480.0,224.0
695.0,267.0,482.0,225.0
696.0,265.0,483.0,226.0
698.0,264.0,484.0,226.0
699.0,263.0,484.0,227.0
699.0,262.0,523.0,209.0
700.0,261.0,522.0,209.0
700.0,260.0,521.0,208.0
700.0,260.0,520.0,208.0
701.0,260.0,518.0,207.0
701.0,260.0,516.0,206.0
701.0,261.0,515.0,206.0
701.0,262.0,514.0,205.0
701.0,263.0,512.0,205.0
701.0,264.0,511.0,204.0
700.0,265.0,510.0,204.0
700.0,266.0,510.0,204.0
699.0,267.0,509.0,203.0
699.0,268.0,507.0,203.0
698.0,269.0,505.0,202.0
697.0,269.0,504.0,201.0
697.0,269.0,503.0,201.0
696.0,268.0,502.0,200.0
696.0,268.0,500.0,200.0
695.0,267.0,500.0,200.0
695.0,267.0,499.0,199.0
695.0,268.0,499.0,199.0
695.0,268.0,498.0,199.0
695.0,280.0,499.0,188.0
695.0,281.0,501.0,189.0
694.0,282.0,505.0,190.0
694.0,283.0,508.0,191.0
693.0,286.0,512.0,193.0
680.0,288.0,529.0,194.0
680.0,290.0,532.0,195.0
680.0,292.0,535.0,196.0
681.0,294.0,537.0,197.0
682.0,296.0,539.0,198.0
682.0,298.0,542.0,199.0
682.0,300.0,546.0,200.0
670.0,289.0,515.0,214.0
669.0,290.0,522.0,217.0
670.0,292.0,523.0,217.0
670.0,293.0,525.0,218.0
670.0,294.0,526.0,219.0
670.0,294.0,528.0,220.0
670.0,294.0,529.0,220.0
652.0,287.0,519.0,216.0
652.0,287.0,520.0,217.0
651.0,287.0,522.0,217.0
651.0,287.0,521.0,217.0
652.0,287.0,521.0,217.0
652.0,287.0,518.0,216.0
653.0,287.0,515.0,214.0
655.0,287.0,508.0,212.0
617.0,271.0,513.0,211.0
616.0,270.0,512.0,210.0
616.0,270.0,509.0,209.0
618.0,270.0,502.0,207.0
620.0,270.0,495.0,204.0
623.0,270.0,485.0,199.0
600.0,270.0,467.0,196.0
603.0,270.0,458.0,192.0
607.0,271.0,448.0,188.0
611.0,272.0,436.0,183.0
615.0,272.0,425.0,178.0
573.0,256.0,434.0,167.0
579.0,257.0,422.0,163.0
586.0,260.0,407.0,157.0
592.0,262.0,395.0,152.0
564.0,242.0,396.0,170.0
571.0,245.0,384.0,165.0
578.0,247.0,376.0,161.0
583.0,249.0,373.0,160.0
545.0,245.0,366.0,164.0
551.0,247.0,367.0,164.0
561.0,250.0,358.0,160.0
549.0,252.0,376.0,159.0
541.0,253.0,345.0,160.0
538.0,240.0,350.0,174.0
540.0,238.0,361.0,179.0
550.0,242.0,357.0,177.0
557.0,242.0,359.0,178.0
528.0,222.0,332.0,199.0
527.0,220.0,340.0,204.0
528.0,218.0,348.0,209.0
528.0,216.0,357.0,214.0
527.0,213.0,366.0,219.0
525.0,210.0,374.0,224.0
522.0,207.0,384.0,230.0
519.0,215.0,356.0,224.0
514.0,212.0,366.0,230.0
506.0,210.0,376.0,236.0
492.0,204.0,394.0,248.0
511.0,219.0,377.0,240.0
502.0,207.0,411.0,259.0
483.0,216.0,439.0,257.0
441.0,209.0,484.0,272.0
446.0,219.0,481.0,272.0
425.0,219.0,518.0,279.0
375.0,206.0,578.0,304.0
376.0,206.0,583.0,314.0
343.0,208.0,630.0,322.0
290.0,197.0,693.0,366.0
271.0,201.0,724.0,380.0
187.0,198.0,817.0,398.0
96.0,171.0,896.0,437.0
14.0,156.0,948.0,462.0
-99.0,187.0,1141.0,416.0
-82.0,168.0,1109.0,443.0
-152.0,156.0,1219.0,458.0
-102.0,167.0,1183.0,458.0
-74.0,144.0,1149.0,487.0
-135.0,130.0,1185.0,502.0
-189.0,128.0,1302.0,450.0
-65.0,119.0,1181.0,460.0
-59.0,114.0,1179.0,464.0
-43.0,115.0,1173.0,458.0
-56.0,111.0,1188.0,457.0
-32.0,105.0,1121.0,508.0
8.0,73.0,1059.0,544.0
-33.0,81.0,1049.0,539.0
-86.0,58.0,1117.0,574.0
-123.0,61.0,1117.0,574.0
-123.0,94.0,1047.0,524.0
-123.0,94.0,1047.0,524.0
23.0,113.0,823.0,467.0
40.0,113.0,784.0,452.0
40.0,113.0,732.0,452.0
4.0,91.0,732.0,468.0
-8.0,93.0,730.0,441.0
-73.0,76.0,746.0,455.0
-123.0,70.0,781.0,455.0
20.0,89.0,593.0,410.0
0.0,101.0,600.0,370.0
-8.0,109.0,571.0,352.0
0.0,120.0,564.0,331.0
0.0,121.0,564.0,331.0
9.0,160.0,554.0,262.0
23.0,169.0,509.0,241.0
47.0,179.0,546.0,218.0
75.0,190.0,542.0,220.0
105.0,180.0,521.0,213.0
170.0,188.0,448.0,204.0
171.0,189.0,442.0,201.0
175.0,191.0,491.0,197.0
173.0,191.0,496.0,199.0
198.0,194.0,487.0,195.0
265.0,197.0,435.0,176.0
263.0,195.0,446.0,180.0
266.0,199.0,455.0,184.0
326.0,198.0,409.0,191.0
325.0,196.0,421.0,196.0
344.0,194.0,411.0,201.0
346.0,193.0,419.0,205.0
383.0,221.0,392.0,147.0
388.0,221.0,397.0,149.0
384.0,219.0,414.0,155.0
394.0,222.0,408.0,153.0
427.0,218.0,386.0,159.0
434.0,219.0,389.0,160.0
444.0,220.0,391.0,161.0
451.0,222.0,391.0,161.0
473.0,221.0,400.0,166.0
478.0,222.0,403.0,167.0
481.0,223.0,407.0,169.0
483.0,223.0,412.0,171.0
497.0,224.0,417.0,174.0
498.0,225.0,422.0,176.0
497.0,226.0,427.0,178.0
495.0,227.0,432.0,180.0
492.0,228.0,438.0,183.0
490.0,230.0,443.0,185.0
488.0,232.0,448.0,187.0
485.0,234.0,454.0,189.0
483.0,236.0,459.0,192.0
482.0,238.0,465.0,194.0
483.0,240.0,470.0,196.0
486.0,242.0,472.0,197.0
491.0,246.0,471.0,197.0
499.0,249.0,468.0,195.0
468.0,264.0,481.0,179.0
480.0,268.0,472.0,176.0
498.0,273.0,458.0,170.0
521.0,280.0,434.0,162.0
540.0,284.0,419.0,156.0
488.0,288.0,473.0,183.0
518.0,293.0,443.0,171.0
550.0,297.0,411.0,159.0
542.0,266.0,383.0,205.0
543.0,269.0,394.0,196.0
536.0,270.0,391.0,209.0
543.0,270.0,370.0,209.0
556.0,268.0,355.0,202.0
560.0,254.0,362.0,229.0
547.0,251.0,359.0,227.0
612.0,247.0,296.0,223.0
644.0,243.0,309.0,216.0
692.0,246.0,226.0,213.0
702.0,244.0,241.0,183.0
701.0,242.0,263.0,190.0
721.0,242.0,251.0,182.0
722.0,239.0,264.0,191.0
730.0,237.0,257.0,185.0
714.0,236.0,277.0,186.0
725.0,236.0,271.0,182.0
709.0,237.0,297.0,188.0
707.0,238.0,302.0,191.0
705.0,239.0,304.0,193.0
702.0,240.0,306.0,194.0
699.0,241.0,309.0,196.0
696.0,242.0,303.0,197.0
694.0,242.0,308.0,200.0
691.0,243.0,312.0,203.0
672.0,244.0,333.0,205.0
670.0,245.0,337.0,207.0
668.0,246.0,338.0,208.0
659.0,229.0,338.0,182.0
657.0,230.0,337.0,181.0
655.0,231.0,340.0,183.0
644.0,236.0,341.0,184.0
641.0,237.0,345.0,186.0
637.0,236.0,351.0,189.0
636.0,236.0,355.0,191.0
634.0,237.0,356.0,192.0
633.0,238.0,358.0,193.0
631.0,239.0,360.0,194.0
630.0,240.0,362.0,195.0
602.0,242.0,390.0,197.0
597.0,243.0,397.0,200.0
594.0,245.0,400.0,202.0
589.0,264.0,407.0,174.0
582.0,265.0,415.0,178.0
573.0,266.0,425.0,182.0
565.0,266.0,433.0,185.0
555.0,267.0,442.0,189.0
544.0,267.0,451.0,193.0
532.0,267.0,462.0,198.0
519.0,268.0,473.0,202.0
504.0,267.0,488.0,209.0
488.0,267.0,504.0,215.0
471.0,268.0,521.0,223.0
454.0,268.0,541.0,231.0
436.0,270.0,533.0,241.0
419.0,272.0,557.0,252.0
402.0,277.0,583.0,264.0
381.0,282.0,616.0,278.0
364.0,290.0,637.0,288.0
335.0,292.0,676.0,356.0
392.0,287.0,653.0,391.0
385.0,288.0,659.0,413.0
373.0,288.0,658.0,430.0
351.0,289.0,710.0,431.0
372.0,286.0,584.0,421.0
368.0,288.0,620.0,432.0
365.0,286.0,597.0,416.0
368.0,282.0,559.0,390.0
376.0,277.0,510.0,356.0
386.0,273.0,466.0,324.0
375.0,266.0,454.0,317.0
376.0,261.0,430.0,299.0
385.0,257.0,394.0,275.0
368.0,257.0,380.0,275.0
388.0,256.0,378.0,273.0
337.0,231.0,360.0,275.0
354.0,232.0,330.0,250.0
372.0,228.0,278.0,234.0
353.0,226.0,300.0,226.0
369.0,225.0,296.0,223.0
332.0,223.0,305.0,211.0
338.0,220.0,311.0,220.0
340.0,220.0,304.0,215.0
349.0,222.0,282.0,200.0
340.0,223.0,306.0,190.0
340.0,223.0,305.0,190.0
346.0,225.0,293.0,182.0
358.0,225.0,301.0,181.0
362.0,226.0,297.0,179.0
367.0,228.0,293.0,176.0
370.0,230.0,291.0,175.0
367.0,230.0,296.0,178.0
369.0,231.0,295.0,177.0
366.0,232.0,299.0,180.0
359.0,232.0,307.0,184.0
393.0,253.0,274.0,167.0
392.0,255.0,275.0,167.0
385.0,256.0,282.0,172.0
378.0,258.0,288.0,176.0
393.0,268.0,272.0,169.0
381.0,270.0,284.0,176.0
376.0,272.0,287.0,178.0
399.0,275.0,261.0,127.0
392.0,278.0,267.0,130.0
386.0,281.0,270.0,131.0
377.0,284.0,315.0,135.0
369.0,288.0,323.0,138.0
356.0,292.0,335.0,144.0
347.0,296.0,343.0,147.0
337.0,300.0,351.0,150.0
326.0,304.0,359.0,154.0
314.0,309.0,368.0,158.0
303.0,313.0,377.0,162.0
290.0,318.0,387.0,166.0
276.0,322.0,399.0,171.0
262.0,327.0,411.0,176.0
248.0,333.0,424.0,182.0
233.0,338.0,438.0,188.0
218.0,343.0,453.0,194.0
204.0,348.0,467.0,200.0
190.0,353.0,483.0,207.0
174.0,357.0,501.0,215.0
159.0,361.0,521.0,223.0
143.0,365.0,542.0,232.0
128.0,368.0,564.0,242.0
113.0,370.0,588.0,252.0
98.0,371.0,615.0,264.0
80.0,371.0,648.0,278.0
70.0,371.0,671.0,288.0
59.0,371.0,695.0,298.0
50.0,372.0,719.0,308.0
6.0,370.0,783.0,346.0
-4.0,368.0,814.0,360.0
-14.0,394.0,770.0,376.0
-11.0,391.0,795.0,343.0
-11.0,390.0,822.0,355.0
-2.0,391.0,841.0,363.0
19.0,395.0,847.0,365.0
2.0,377.0,814.0,385.0
15.0,371.0,851.0,359.0
39.0,369.0,871.0,367.0
0.0,371.0,869.0,349.0
0.0,371.0,869.0,349.0
0.0,371.0,869.0,349.0
0.0,347.0,898.0,373.0
-72.0,348.0,977.0,406.0
-145.0,351.0,1048.0,435.0
38.0,325.0,1093.0,395.0
-65.0,318.0,1336.0,431.0
249.0,300.0,1031.0,420.0
206.0,288.0,1134.0,462.0
496.0,281.0,784.0,439.0
543.0,262.0,744.0,452.0
579.0,246.0,743.0,488.0
603.0,240.0,657.0,444.0
599.0,234.0,644.0,435.0
597.0,228.0,631.0,427.0
607.0,232.0,608.0,411.0
629.0,241.0,553.0,312.0
652.0,241.0,512.0,289.0
670.0,241.0,485.0,274.0
633.0,246.0,511.0,259.0
639.0,245.0,510.0,258.0
646.0,245.0,502.0,255.0
652.0,245.0,496.0,252.0
659.0,245.0,420.0,221.0
665.0,243.0,413.0,217.0
674.0,238.0,404.0,213.0
656.0,233.0,420.0,207.0
663.0,227.0,410.0,202.0
669.0,223.0,402.0,198.0
673.0,217.0,396.0,195.0
677.0,213.0,389.0,192.0
671.0,210.0,365.0,174.0
675.0,209.0,357.0,170.0
677.0,209.0,352.0,168.0
678.0,210.0,346.0,165.0
682.0,213.0,336.0,160.0
679.0,214.0,337.0,160.0
678.0,216.0,332.0,158.0
677.0,218.0,327.0,156.0
674.0,220.0,322.0,154.0
671.0,221.0,321.0,153.0
666.0,222.0,318.0,152.0
662.0,224.0,315.0,150.0
658.0,225.0,284.0,149.0
653.0,227.0,281.0,147.0
650.0,229.0,274.0,144.0
643.0,228.0,280.0,147.0
622.0,235.0,284.0,136.0
619.0,236.0,279.0,134.0
613.0,237.0,278.0,133.0
613.0,239.0,269.0,129.0
599.0,235.0,285.0,137.0
593.0,236.0,258.0,139.0
587.0,237.0,257.0,138.0
580.0,236.0,259.0,139.0
577.0,239.0,252.0,136.0
571.0,239.0,251.0,135.0
565.0,239.0,251.0,135.0
560.0,240.0,250.0,135.0
555.0,240.0,250.0,135.0
550.0,241.0,250.0,135.0
545.0,242.0,249.0,134.0
541.0,244.0,248.0,133.0
538.0,245.0,247.0,133.0
535.0,246.0,246.0,133.0
533.0,247.0,244.0,132.0
530.0,249.0,243.0,131.0
529.0,251.0,241.0,130.0
528.0,253.0,239.0,129.0
527.0,256.0,235.0,127.0
527.0,258.0,232.0,125.0
526.0,260.0,230.0,124.0
527.0,263.0,226.0,122.0
528.0,266.0,222.0,119.0
528.0,268.0,218.0,118.0
529.0,271.0,215.0,116.0
529.0,273.0,212.0,114.0
530.0,276.0,207.0,112.0
530.0,277.0,204.0,110.0
531.0,279.0,201.0,108.0
532.0,280.0,195.0,105.0
533.0,280.0,190.0,103.0
534.0,280.0,185.0,100.0
535.0,279.0,182.0,98.0
536.0,277.0,178.0,96.0
537.0,276.0,202.0,93.0
539.0,274.0,196.0,90.0
541.0,272.0,190.0,87.0
543.0,269.0,186.0,86.0
546.0,267.0,181.0,83.0
562.0,253.0,162.0,92.0
565.0,250.0,158.0,90.0
560.0,252.0,168.0,91.0
564.0,249.0,163.0,88.0
569.0,247.0,158.0,85.0
574.0,244.0,153.0,83.0
580.0,243.0,145.0,79.0
585.0,242.0,142.0,77.0
590.0,239.0,137.0,74.0
595.0,237.0,136.0,74.0
600.0,238.0,131.0,71.0
604.0,238.0,126.0,69.0
608.0,239.0,119.0,65.0
608.0,225.0,119.0,79.0
608.0,228.0,120.0,80.0
607.0,233.0,116.0,77.0
605.0,237.0,116.0,77.0
605.0,237.0,116.0,77.0
605.0,237.0,142.0,77.0
601.0,241.0,142.0,77.0
597.0,244.0,142.0,77.0
591.0,247.0,146.0,79.0
587.0,249.0,145.0,79.0
583.0,251.0,145.0,78.0
578.0,253.0,147.0,79.0
575.0,254.0,145.0,78.0
571.0,256.0,145.0,78.0
582.0,257.0,129.0,78.0
573.0,265.0,140.0,84.0
573.0,265.0,140.0,84.0
573.0,265.0,140.0,84.0
560.0,275.0,134.0,81.0
560.0,275.0,134.0,81.0
550.0,276.0,135.0,82.0
550.0,276.0,135.0,82.0
550.0,276.0,135.0,82.0
550.0,276.0,135.0,82.0
550.0,276.0,135.0,82.0
550.0,276.0,135.0,82.0
520.0,276.0,165.0,133.0
508.0,283.0,170.0,137.0
500.0,289.0,171.0,138.0
485.0,295.0,179.0,144.0
466.0,296.0,192.0,155.0
452.0,299.0,199.0,160.0
432.0,299.0,211.0,170.0
406.0,295.0,230.0,185.0
368.0,288.0,259.0,209.0
332.0,282.0,286.0,230.0
297.0,278.0,308.0,248.0
262.0,276.0,329.0,266.0
206.0,259.0,374.0,301.0
34.0,331.0,553.0,349.0
-25.0,331.0,609.0,384.0
-85.0,331.0,669.0,422.0
-150.0,329.0,745.0,470.0
-191.0,326.0,799.0,504.0
-218.0,323.0,849.0,536.0
-212.0,348.0,858.0,520.0
7.0,349.0,667.0,384.0
12.0,347.0,694.0,400.0
-47.0,336.0,814.0,454.0
-76.0,327.0,890.0,446.0
-118.0,311.0,971.0,486.0
-151.0,307.0,1048.0,513.0
-15.0,301.0,970.0,447.0
-58.0,300.0,1088.0,501.0
-45.0,237.0,950.0,488.0
11.0,205.0,867.0,515.0
1.0,238.0,847.0,534.0
-6.0,191.0,792.0,533.0
-120.0,91.0,804.0,634.0
-4.0,51.0,584.0,672.0
-4.0,28.0,477.0,692.0
-37.0,6.0,495.0,716.0
-30.0,14.0,541.0,730.0
4.0,12.0,537.0,701.0
8.0,14.0,571.0,673.0
4.0,18.0,598.0,671.0
3.0,12.0,638.0,637.0
3.0,20.0,673.0,560.0
0.0,23.0,705.0,479.0
-1.0,24.0,741.0,403.0
8.0,36.0,757.0,355.0
71.0,36.0,716.0,338.0
154.0,37.0,663.0,327.0
229.0,41.0,609.0,311.0
269.0,58.0,571.0,284.0
330.0,77.0,516.0,278.0
338.0,77.0,532.0,291.0
364.0,84.0,502.0,297.0
395.0,97.0,476.0,296.0
395.0,97.0,476.0,296.0
432.0,129.0,409.0,298.0
413.0,136.0,413.0,301.0
468.0,146.0,342.0,292.0
446.0,152.0,342.0,292.0
426.0,156.0,342.0,292.0
426.0,156.0,342.0,292.0
426.0,156.0,293.0,261.0
401.0,151.0,324.0,288.0
377.0,147.0,354.0,315.0
355.0,182.0,355.0,272.0
328.0,180.0,383.0,294.0
308.0,181.0,404.0,310.0
280.0,181.0,449.0,331.0
287.0,193.0,447.0,329.0
285.0,206.0,465.0,343.0
256.0,218.0,479.0,260.0
256.0,230.0,482.0,262.0
189.0,238.0,546.0,260.0
161.0,256.0,584.0,278.0
127.0,234.0,630.0,283.0
116.0,240.0,637.0,286.0
48.0,250.0,702.0,285.0
-12.0,250.0,767.0,311.0
-81.0,270.0,844.0,295.0
-67.0,271.0,838.0,324.0
-150.0,271.0,949.0,363.0
-7.0,288.0,808.0,367.0
-14.0,306.0,820.0,372.0
-26.0,333.0,918.0,372.0
-10.0,350.0,908.0,379.0
-30.0,380.0,1040.0,392.0
-36.0,397.0,1056.0,355.0
-52.0,415.0,1061.0,357.0
-127.0,458.0,1401.0,364.0
73.0,463.0,1206.0,268.0
73.0,442.0,1204.0,289.0
410.0,412.0,870.0,308.0
582.0,341.0,698.0,379.0
523.0,300.0,731.0,397.0
673.0,238.0,606.0,481.0
661.0,196.0,617.0,519.0
643.0,152.0,638.0,565.0
633.0,91.0,643.0,629.0
605.0,49.0,676.0,674.0
583.0,36.0,698.0,684.0
555.0,23.0,727.0,701.0
537.0,8.0,747.0,677.0
522.0,1.0,764.0,612.0
501.0,0.0,779.0,550.0
496.0,-16.0,756.0,534.0
482.0,28.0,798.0,454.0
474.0,43.0,806.0,441.0
471.0,68.0,742.0,406.0
430.0,95.0,791.0,377.0
428.0,123.0,739.0,352.0
427.0,152.0,695.0,331.0
428.0,180.0,651.0,352.0
415.0,203.0,631.0,341.0
398.0,223.0,618.0,334.0
391.0,247.0,585.0,316.0
381.0,268.0,565.0,306.0
374.0,285.0,602.0,344.0
377.0,299.0,597.0,341.0
382.0,310.0,592.0,338.0
346.0,316.0,633.0,338.0
354.0,321.0,629.0,336.0
337.0,325.0,568.0,392.0
346.0,326.0,571.0,394.0
329.0,327.0,539.0,396.0
339.0,326.0,544.0,397.0
345.0,323.0,506.0,405.0
359.0,320.0,508.0,399.0
313.0,317.0,487.0,401.0
327.0,313.0,488.0,402.0
263.0,309.0,498.0,405.0
254.0,340.0,472.0,376.0
202.0,335.0,490.0,372.0
184.0,334.0,482.0,366.0
147.0,329.0,532.0,389.0
129.0,325.0,514.0,388.0
98.0,321.0,511.0,397.0
87.0,319.0,521.0,383.0
82.0,320.0,510.0,358.0
99.0,322.0,472.0,331.0
79.0,317.0,507.0,356.0
101.0,312.0,496.0,348.0
72.0,307.0,500.0,339.0
95.0,306.0,480.0,312.0
115.0,299.0,466.0,295.0
134.0,296.0,442.0,276.0
177.0,297.0,385.0,272.0
144.0,299.0,438.0,254.0
147.0,294.0,433.0,251.0
152.0,289.0,425.0,246.0
158.0,285.0,416.0,241.0
165.0,280.0,407.0,236.0
172.0,275.0,398.0,231.0
181.0,270.0,388.0,225.0
189.0,267.0,405.0,220.0
197.0,264.0,396.0,215.0
246.0,260.0,348.0,211.0
255.0,257.0,339.0,206.0
263.0,254.0,331.0,201.0
270.0,250.0,325.0,197.0
308.0,255.0,301.0,180.0
316.0,252.0,294.0,176.0
324.0,248.0,287.0,172.0
331.0,245.0,283.0,169.0
337.0,242.0,278.0,166.0
344.0,239.0,273.0,163.0
350.0,236.0,269.0,161.0
357.0,233.0,265.0,159.0
362.0,231.0,262.0,157.0
368.0,230.0,258.0,154.0
373.0,229.0,254.0,152.0
378.0,228.0,251.0,150.0
383.0,228.0,246.0,147.0
386.0,228.0,243.0,145.0
390.0,229.0,240.0,143.0
394.0,231.0,236.0,141.0
396.0,232.0,233.0,139.0
399.0,235.0,230.0,137.0
401.0,237.0,227.0,136.0
403.0,240.0,225.0,135.0
405.0,242.0,222.0,133.0
407.0,245.0,219.0,131.0
388.0,248.0,237.0,130.0
389.0,251.0,235.0,129.0
389.0,253.0,234.0,129.0
388.0,256.0,234.0,129.0
393.0,260.0,229.0,126.0
394.0,263.0,228.0,125.0
394.0,265.0,226.0,124.0
393.0,264.0,235.0,129.0
393.0,264.0,214.0,129.0
394.0,268.0,207.0,125.0
394.0,268.0,207.0,125.0
394.0,268.0,207.0,125.0
394.0,268.0,207.0,125.0
394.0,268.0,207.0,125.0
394.0,268.0,207.0,125.0
394.0,268.0,207.0,125.0
381.0,289.0,220.0,160.0
382.0,294.0,214.0,156.0
383.0,298.0,210.0,153.0
382.0,301.0,211.0,153.0
379.0,304.0,213.0,155.0
382.0,307.0,205.0,149.0
382.0,307.0,205.0,149.0
382.0,307.0,205.0,149.0
382.0,307.0,205.0,149.0
382.0,307.0,205.0,149.0
382.0,307.0,205.0,149.0
343.0,320.0,254.0,155.0
340.0,312.0,244.0,149.0
279.0,333.0,270.0,164.0
0
0
0
0
0
0
0
0
0
289.0,337.0,341.0,161.0
287.0,336.0,346.0,163.0
275.0,335.0,363.0,171.0
262.0,335.0,383.0,181.0
248.0,334.0,403.0,190.0
256.0,334.0,401.0,189.0
259.0,333.0,405.0,191.0
249.0,329.0,421.0,199.0
253.0,326.0,423.0,200.0
264.0,319.0,415.0,196.0
277.0,319.0,407.0,192.0
284.0,317.0,407.0,192.0
312.0,315.0,384.0,181.0
336.0,308.0,363.0,172.0
375.0,315.0,332.0,178.0
406.0,320.0,306.0,164.0
402.0,298.0,315.0,175.0
388.0,282.0,334.0,185.0
424.0,273.0,291.0,200.0
465.0,277.0,263.0,181.0
442.0,266.0,303.0,177.0
473.0,256.0,286.0,173.0
496.0,252.0,264.0,160.0
492.0,249.0,275.0,188.0
504.0,239.0,271.0,185.0
519.0,229.0,263.0,180.0
526.0,220.0,265.0,181.0
536.0,207.0,275.0,188.0
543.0,200.0,277.0,189.0
550.0,175.0,318.0,258.0
531.0,170.0,344.0,279.0
572.0,164.0,310.0,304.0
587.0,163.0,317.0,311.0
603.0,158.0,327.0,321.0
620.0,153.0,331.0,311.0
642.0,156.0,328.0,309.0
633.0,159.0,383.0,298.0
651.0,162.0,375.0,291.0
644.0,163.0,391.0,289.0
660.0,161.0,378.0,280.0
672.0,154.0,370.0,274.0
653.0,148.0,388.0,264.0
662.0,142.0,374.0,255.0
642.0,135.0,387.0,246.0
651.0,135.0,361.0,230.0
656.0,136.0,336.0,214.0
657.0,139.0,313.0,199.0
634.0,141.0,333.0,237.0
629.0,142.0,324.0,230.0
624.0,143.0,313.0,222.0
617.0,143.0,303.0,216.0
609.0,144.0,291.0,207.0
601.0,175.0,284.0,155.0
592.0,176.0,275.0,150.0
584.0,178.0,266.0,145.0
573.0,180.0,259.0,141.0
564.0,182.0,253.0,138.0
555.0,186.0,245.0,134.0
546.0,191.0,240.0,131.0
538.0,197.0,234.0,127.0
530.0,203.0,212.0,124.0
523.0,209.0,206.0,121.0
518.0,218.0,197.0,115.0
510.0,226.0,195.0,114.0
505.0,233.0,190.0,111.0
499.0,236.0,187.0,109.0
494.0,236.0,186.0,109.0
490.0,220.0,184.0,121.0
488.0,218.0,180.0,118.0
486.0,214.0,177.0,117.0
486.0,211.0,171.0,112.0
484.0,206.0,169.0,111.0
484.0,201.0,164.0,108.0
484.0,194.0,160.0,105.0
483.0,186.0,159.0,105.0
481.0,176.0,158.0,104.0
480.0,164.0,159.0,105.0
512.0,145.0,134.0,108.0
512.0,129.0,137.0,111.0
506.0,111.0,152.0,123.0
502.0,94.0,164.0,132.0
499.0,79.0,153.0,130.0
499.0,72.0,147.0,125.0
499.0,70.0,147.0,125.0
496.0,66.0,152.0,130.0
495.0,68.0,153.0,131.0
493.0,73.0,155.0,133.0
491.0,81.0,157.0,134.0
490.0,89.0,157.0,135.0
488.0,99.0,161.0,137.0
486.0,109.0,164.0,140.0
484.0,120.0,167.0,142.0
481.0,132.0,170.0,146.0
479.0,144.0,172.0,147.0
477.0,156.0,176.0,151.0
476.0,167.0,197.0,153.0
474.0,177.0,201.0,156.0
470.0,187.0,207.0,161.0
470.0,195.0,210.0,163.0
470.0,203.0,213.0,166.0
469.0,210.0,217.0,169.0
468.0,216.0,220.0,171.0
468.0,221.0,223.0,173.0
469.0,226.0,224.0,174.0
469.0,230.0,227.0,176.0
469.0,234.0,229.0,178.0
470.0,237.0,229.0,178.0
471.0,240.0,230.0,179.0
472.0,243.0,231.0,180.0
475.0,246.0,230.0,179.0
477.0,248.0,228.0,177.0
478.0,250.0,228.0,177.0
486.0,256.0,221.0,172.0
487.0,258.0,223.0,173.0
484.0,260.0,230.0,179.0
487.0,261.0,237.0,184.0
490.0,264.0,240.0,186.0
496.0,267.0,235.0,183.0
499.0,270.0,237.0,184.0
505.0,271.0,238.0,185.0
511.0,275.0,235.0,182.0
517.0,278.0,235.0,182.0
518.0,283.0,240.0,186.0
521.0,289.0,243.0,189.0
518.0,293.0,253.0,196.0
516.0,297.0,267.0,207.0
512.0,302.0,280.0,217.0
509.0,306.0,296.0,230.0
506.0,310.0,309.0,240.0
499.0,317.0,331.0,253.0
490.0,321.0,357.0,273.0
477.0,323.0,388.0,297.0
465.0,325.0,423.0,323.0
457.0,327.0,455.0,348.0
447.0,304.0,495.0,403.0
448.0,306.0,525.0,427.0
367.0,306.0,565.0,466.0
346.0,306.0,591.0,433.0
327.0,305.0,646.0,473.0
234.0,305.0,686.0,511.0
194.0,306.0,715.0,432.0
145.0,303.0,753.0,456.0
89.0,296.0,803.0,486.0
52.0,297.0,819.0,496.0
22.0,297.0,833.0,504.0
-3.0,300.0,839.0,507.0
-34.0,299.0,856.0,518.0
36.0,307.0,793.0,411.0
27.0,312.0,796.0,412.0
16.0,318.0,802.0,416.0
51.0,325.0,787.0,417.0
48.0,301.0,786.0,428.0
49.0,312.0,781.0,417.0
89.0,307.0,747.0,413.0
92.0,315.0,743.0,411.0
94.0,323.0,740.0,409.0
126.0,308.0,707.0,429.0
133.0,315.0,701.0,408.0
142.0,301.0,693.0,424.0
154.0,307.0,680.0,411.0
171.0,312.0,663.0,401.0
187.0,316.0,646.0,405.0
213.0,324.0,621.0,389.0
237.0,330.0,600.0,393.0
259.0,332.0,580.0,377.0
278.0,293.0,563.0,425.0
297.0,294.0,546.0,412.0
315.0,294.0,530.0,426.0
336.0,295.0,513.0,412.0
356.0,296.0,496.0,427.0
374.0,296.0,483.0,413.0
389.0,296.0,474.0,405.0
446.0,295.0,458.0,425.0
459.0,295.0,450.0,418.0
474.0,296.0,444.0,421.0
485.0,296.0,440.0,417.0
499.0,298.0,435.0,412.0
511.0,300.0,453.0,422.0
523.0,302.0,449.0,416.0
534.0,303.0,447.0,414.0
529.0,304.0,460.0,412.0
539.0,305.0,456.0,409.0
537.0,294.0,465.0,417.0
546.0,293.0,464.0,416.0
556.0,297.0,455.0,408.0
523.0,285.0,492.0,416.0
533.0,289.0,482.0,408.0
542.0,293.0,472.0,399.0
520.0,294.0,495.0,425.0
527.0,295.0,487.0,418.0
534.0,294.0,481.0,413.0
527.0,293.0,529.0,429.0
532.0,291.0,521.0,420.0
515.0,287.0,525.0,415.0
523.0,284.0,512.0,405.0
528.0,279.0,502.0,397.0
530.0,275.0,494.0,391.0
505.0,271.0,513.0,383.0
508.0,265.0,505.0,377.0
510.0,259.0,497.0,371.0
511.0,253.0,508.0,365.0
508.0,253.0,522.0,375.0
507.0,254.0,530.0,381.0
516.0,255.0,524.0,376.0
510.0,239.0,504.0,362.0
494.0,232.0,532.0,382.0
482.0,228.0,543.0,390.0
462.0,221.0,574.0,412.0
523.0,216.0,461.0,344.0
503.0,210.0,491.0,367.0
475.0,203.0,531.0,397.0
512.0,238.0,461.0,337.0
490.0,238.0,490.0,358.0
456.0,234.0,538.0,393.0
425.0,232.0,579.0,423.0
468.0,234.0,479.0,388.0
457.0,237.0,502.0,407.0
444.0,239.0,527.0,427.0
442.0,240.0,442.0,432.0
439.0,241.0,450.0,440.0
291.0,239.0,550.0,441.0
289.0,238.0,553.0,443.0
185.0,237.0,606.0,448.0
178.0,231.0,612.0,452.0
89.0,211.0,693.0,476.0
67.0,206.0,687.0,472.0
22.0,200.0,704.0,507.0
-12.0,187.0,731.0,526.0
-42.0,172.0,754.0,543.0
-64.0,221.0,805.0,498.0
-49.0,206.0,789.0,530.0
-107.0,185.0,847.0,569.0
-152.0,220.0,891.0,543.0
-4.0,216.0,744.0,503.0
-8.0,215.0,747.0,506.0
-9.0,216.0,750.0,508.0
-13.0,219.0,789.0,515.0
-2.0,223.0,790.0,510.0
-13.0,237.0,802.0,505.0
1.0,250.0,791.0,478.0
5.0,269.0,809.0,469.0
1.0,252.0,828.0,503.0
7.0,260.0,805.0,476.0
8.0,273.0,810.0,436.0
4.0,282.0,828.0,436.0
3.0,290.0,851.0,440.0
1.0,281.0,858.0,443.0
-2.0,299.0,867.0,444.0
-5.0,303.0,877.0,466.0
61.0,316.0,932.0,409.0
111.0,320.0,884.0,405.0
173.0,322.0,819.0,398.0
171.0,325.0,906.0,403.0
283.0,327.0,788.0,393.0
353.0,329.0,719.0,394.0
406.0,331.0,665.0,389.0
460.0,337.0,597.0,366.0
510.0,339.0,660.0,388.0
568.0,337.0,610.0,371.0
593.0,334.0,585.0,381.0
600.0,329.0,576.0,375.0
619.0,322.0,544.0,354.0
618.0,313.0,648.0,402.0
614.0,305.0,651.0,404.0
632.0,294.0,625.0,398.0
626.0,282.0,627.0,399.0
610.0,265.0,584.0,402.0
620.0,258.0,563.0,388.0
628.0,250.0,546.0,376.0
631.0,241.0,538.0,370.0
635.0,234.0,529.0,364.0
638.0,228.0,521.0,358.0
625.0,224.0,530.0,354.0
626.0,221.0,528.0,352.0
626.0,219.0,527.0,352.0
592.0,220.0,561.0,351.0
593.0,222.0,559.0,350.0
594.0,226.0,557.0,349.0
592.0,212.0,560.0,368.0
588.0,217.0,572.0,376.0
581.0,221.0,589.0,387.0
575.0,228.0,602.0,396.0
567.0,234.0,618.0,406.0
558.0,241.0,637.0,418.0
551.0,249.0,652.0,428.0
539.0,254.0,675.0,443.0
555.0,271.0,673.0,449.0
533.0,270.0,716.0,478.0
508.0,267.0,764.0,510.0
513.0,288.0,792.0,526.0
490.0,299.0,817.0,460.0
496.0,307.0,809.0,456.0
520.0,296.0,790.0,471.0
478.0,291.0,844.0,471.0
505.0,314.0,849.0,489.0
502.0,323.0,790.0,414.0
502.0,333.0,807.0,423.0
464.0,329.0,810.0,385.0
490.0,337.0,792.0,376.0
502.0,343.0,797.0,379.0
405.0,364.0,797.0,379.0
349.0,373.0,911.0,407.0
349.0,373.0,768.0,407.0
326.0,402.0,746.0,337.0
175.0,407.0,904.0,378.0
175.0,407.0,904.0,378.0
111.0,408.0,832.0,322.0
45.0,419.0,846.0,317.0
-64.0,400.0,966.0,362.0
-64.0,362.0,966.0,400.0
-83.0,364.0,1015.0,403.0
-213.0,366.0,999.0,468.0
-126.0,336.0,911.0,410.0
-258.0,355.0,972.0,418.0
-71.0,335.0,752.0,384.0
-123.0,320.0,756.0,387.0
-150.0,310.0,804.0,405.0
-1.0,305.0,644.0,399.0
-1.0,300.0,640.0,419.0
-15.0,290.0,626.0,410.0
-17.0,310.0,657.0,411.0
3.0,308.0,619.0,396.0
13.0,310.0,590.0,378.0
3.0,311.0,624.0,408.0
26.0,319.0,584.0,382.0
47.0,326.0,549.0,359.0
9.0,316.0,620.0,401.0
33.0,326.0,583.0,377.0
55.0,331.0,556.0,360.0
73.0,336.0,536.0,346.0
-3.0,318.0,643.0,401.0
16.0,324.0,619.0,388.0
31.0,330.0,599.0,375.0
46.0,338.0,577.0,362.0
-1.0,319.0,655.0,399.0
13.0,327.0,634.0,387.0
20.0,331.0,621.0,379.0
30.0,338.0,604.0,369.0
-1.0,326.0,655.0,397.0
5.0,330.0,646.0,389.0
12.0,334.0,636.0,383.0
16.0,336.0,629.0,379.0
22.0,337.0,619.0,373.0
27.0,335.0,630.0,367.0
33.0,331.0,621.0,362.0
40.0,328.0,607.0,353.0
53.0,326.0,587.0,342.0
3.0,325.0,659.0,398.0
14.0,323.0,645.0,387.0
25.0,319.0,634.0,380.0
37.0,316.0,621.0,373.0
7.0,313.0,650.0,365.0
19.0,309.0,637.0,358.0
6.0,308.0,708.0,342.0
20.0,305.0,692.0,334.0
31.0,302.0,682.0,268.0
47.0,301.0,666.0,262.0
50.0,296.0,669.0,263.0
115.0,293.0,609.0,264.0
133.0,297.0,590.0,256.0
143.0,298.0,584.0,253.0
188.0,282.0,567.0,344.0
187.0,284.0,575.0,349.0
184.0,286.0,586.0,356.0
261.0,273.0,517.0,378.0
260.0,278.0,527.0,385.0
254.0,280.0,542.0,397.0
321.0,286.0,496.0,433.0
312.0,288.0,515.0,450.0
302.0,291.0,534.0,467.0
363.0,291.0,482.0,485.0
355.0,294.0,500.0,445.0
345.0,294.0,520.0,463.0
408.0,295.0,444.0,479.0
401.0,297.0,458.0,439.0
395.0,299.0,470.0,450.0
420.0,301.0,447.0,460.0
413.0,303.0,458.0,429.0
406.0,305.0,466.0,437.0
396.0,305.0,410.0,447.0
386.0,303.0,419.0,424.0
375.0,301.0,426.0,432.0
356.0,299.0,422.0,439.0
346.0,295.0,425.0,424.0
248.0,338.0,515.0,428.0
237.0,330.0,517.0,383.0
226.0,320.0,517.0,383.0
166.0,310.0,514.0,407.0
213.0,308.0,480.0,380.0
253.0,306.0,459.0,363.0
76.0,306.0,613.0,409.0
73.0,290.0,607.0,405.0
69.0,275.0,604.0,403.0
2.0,259.0,665.0,463.0
-4.0,243.0,666.0,462.0
-11.0,227.0,698.0,493.0
-12.0,212.0,698.0,501.0
-25.0,199.0,710.0,510.0
-44.0,184.0,730.0,524.0
-65.0,171.0,753.0,541.0
-90.0,157.0,781.0,561.0
-117.0,235.0,811.0,493.0
-29.0,228.0,725.0,507.0
-64.0,220.0,763.0,534.0
-115.0,210.0,819.0,572.0
-168.0,201.0,874.0,610.0
-233.0,189.0,941.0,658.0
-309.0,175.0,1014.0,709.0
-390.0,151.0,1089.0,761.0
-477.0,224.0,1165.0,709.0
-50.0,207.0,720.0,519.0
-89.0,192.0,739.0,533.0
-136.0,165.0,763.0,550.0
-173.0,139.0,839.0,582.0
-41.0,113.0,683.0,596.0
-73.0,90.0,690.0,602.0
-92.0,142.0,758.0,578.0
-19.0,124.0,664.0,576.0
-29.0,110.0,653.0,567.0
-24.0,138.0,700.0,514.0
3.0,130.0,660.0,502.0
3.0,130.0,660.0,502.0
3.0,130.0,660.0,502.0
0
174.0,141.0,523.0,231.0
158.0,130.0,536.0,231.0
195.0,105.0,536.0,231.0
0
0
273.0,132.0,454.0,249.0
279.0,152.0,477.0,261.0
248.0,155.0,477.0,261.0
209.0,162.0,539.0,247.0
222.0,140.0,516.0,282.0
213.0,170.0,516.0,268.0
207.0,200.0,516.0,268.0
231.0,161.0,516.0,268.0
254.0,168.0,516.0,268.0
266.0,154.0,516.0,268.0
243.0,167.0,516.0,268.0
236.0,187.0,516.0,268.0
224.0,192.0,542.0,281.0
204.0,187.0,569.0,295.0
228.0,192.0,569.0,295.0
215.0,199.0,560.0,311.0
206.0,188.0,560.0,311.0
215.0,176.0,560.0,311.0
195.0,192.0,588.0,327.0
168.0,210.0,588.0,411.0
181.0,191.0,577.0,434.0
206.0,200.0,533.0,434.0
240.0,204.0,489.0,471.0
205.0,195.0,511.0,491.0
195.0,203.0,537.0,516.0
239.0,207.0,438.0,468.0
184.0,186.0,493.0,526.0
161.0,177.0,521.0,556.0
135.0,169.0,498.0,585.0
74.0,219.0,535.0,488.0
68.0,194.0,535.0,488.0
59.0,212.0,535.0,488.0
47.0,213.0,535.0,488.0
6.0,209.0,613.0,459.0
9.0,203.0,617.0,481.0
5.0,204.0,617.0,470.0
4.0,208.0,619.0,471.0
9.0,195.0,628.0,471.0
6.0,192.0,634.0,454.0
4.0,214.0,639.0,418.0
12.0,215.0,635.0,438.0
3.0,209.0,646.0,420.0
7.0,210.0,643.0,400.0
3.0,202.0,644.0,415.0
6.0,196.0,653.0,396.0
3.0,191.0,659.0,417.0
4.0,189.0,660.0,409.0
5.0,183.0,672.0,402.0
8.0,214.0,664.0,361.0
4.0,212.0,670.0,350.0
-8.0,206.0,682.0,356.0
-18.0,200.0,689.0,360.0
-27.0,195.0,714.0,364.0
-37.0,189.0,706.0,369.0
7.0,195.0,688.0,334.0
-58.0,178.0,760.0,355.0
-65.0,173.0,772.0,382.0
8.0,197.0,696.0,307.0
1.0,183.0,710.0,316.0
9.0,211.0,711.0,279.0
12.0,224.0,703.0,260.0
-12.0,203.0,744.0,306.0
12.0,211.0,719.0,261.0
21.0,211.0,707.0,263.0
32.0,222.0,700.0,230.0
34.0,221.0,699.0,248.0
49.0,207.0,693.0,262.0
18.0,191.0,753.0,310.0
12.0,189.0,759.0,313.0
56.0,184.0,719.0,279.0
54.0,183.0,721.0,280.0
46.0,181.0,731.0,284.0
41.0,179.0,736.0,285.0
86.0,179.0,689.0,286.0
81.0,178.0,695.0,288.0
79.0,178.0,693.0,288.0
77.0,179.0,691.0,287.0
111.0,205.0,680.0,275.0
108.0,205.0,682.0,276.0
107.0,208.0,676.0,273.0
107.0,210.0,672.0,272.0
101.0,212.0,707.0,320.0
99.0,212.0,708.0,320.0
99.0,185.0,694.0,369.0
180.0,187.0,647.0,381.0
172.0,188.0,653.0,385.0
198.0,189.0,625.0,388.0
217.0,190.0,636.0,415.0
226.0,196.0,621.0,415.0
228.0,205.0,612.0,412.0
229.0,193.0,603.0,458.0
248.0,186.0,573.0,514.0
249.0,196.0,576.0,490.0
244.0,184.0,578.0,524.0
269.0,190.0,557.0,520.0
266.0,189.0,552.0,525.0
259.0,181.0,555.0,538.0
264.0,182.0,547.0,538.0
267.0,187.0,535.0,532.0
268.0,182.0,527.0,537.0
221.0,174.0,555.0,546.0
153.0,182.0,610.0,538.0
127.0,189.0,623.0,531.0
70.0,183.0,670.0,537.0
35.0,185.0,678.0,535.0
5.0,180.0,689.0,540.0
1.0,185.0,684.0,535.0
3.0,174.0,658.0,546.0
4.0,185.0,622.0,535.0
1.0,186.0,612.0,534.0
5.0,180.0,609.0,540.0
1.0,180.0,612.0,540.0
6.0,170.0,615.0,550.0
0.0,171.0,626.0,549.0
4.0,174.0,629.0,540.0
6.0,166.0,631.0,554.0
9.0,174.0,636.0,546.0
4.0,174.0,650.0,536.0
5.0,176.0,650.0,538.0
2.0,179.0,653.0,529.0
1.0,172.0,668.0,531.0
0.0,172.0,675.0,506.0
8.0,165.0,674.0,540.0
5.0,162.0,687.0,512.0
6.0,158.0,688.0,455.0
9.0,150.0,683.0,458.0
3.0,147.0,700.0,450.0
3.0,175.0,708.0,410.0
8.0,169.0,697.0,375.0
-10.0,159.0,710.0,382.0
-26.0,150.0,719.0,387.0
-37.0,143.0,756.0,387.0
-3.0,141.0,707.0,380.0
-12.0,136.0,737.0,380.0
-5.0,132.0,720.0,378.0
0.0,123.0,727.0,381.0
5.0,115.0,731.0,383.0
15.0,110.0,732.0,384.0
0.0,106.0,761.0,383.0
6.0,107.0,738.0,371.0
19.0,103.0,688.0,372.0
30.0,106.0,658.0,356.0
1.0,102.0,701.0,357.0
19.0,100.0,695.0,354.0
33.0,98.0,693.0,353.0
13.0,94.0,725.0,354.0
21.0,93.0,714.0,349.0
31.0,129.0,717.0,311.0
41.0,128.0,702.0,305.0
60.0,128.0,694.0,301.0
77.0,128.0,689.0,299.0
88.0,127.0,689.0,299.0
106.0,128.0,684.0,297.0
126.0,130.0,675.0,293.0
217.0,133.0,472.0,290.0
223.0,134.0,463.0,284.0
231.0,137.0,451.0,277.0
231.0,135.0,447.0,275.0
233.0,132.0,440.0,270.0
290.0,129.0,379.0,267.0
293.0,129.0,369.0,260.0
293.0,128.0,363.0,256.0
290.0,127.0,359.0,253.0
289.0,126.0,355.0,250.0
291.0,126.0,347.0,245.0
295.0,127.0,330.0,239.0
297.0,127.0,323.0,234.0
296.0,128.0,325.0,236.0
307.0,130.0,305.0,221.0
316.0,134.0,283.0,205.0
264.0,135.0,368.0,241.0
269.0,136.0,367.0,240.0
271.0,137.0,367.0,240.0
276.0,138.0,369.0,241.0
253.0,140.0,396.0,239.0
253.0,139.0,402.0,243.0
256.0,140.0,400.0,241.0
234.0,140.0,427.0,245.0
235.0,140.0,431.0,247.0
235.0,140.0,436.0,250.0
238.0,140.0,435.0,250.0
237.0,140.0,441.0,253.0
237.0,139.0,441.0,253.0
237.0,140.0,441.0,253.0
236.0,140.0,487.0,255.0
236.0,140.0,487.0,255.0
236.0,141.0,487.0,255.0
233.0,139.0,491.0,257.0
230.0,139.0,493.0,258.0
230.0,138.0,494.0,259.0
228.0,137.0,492.0,257.0
223.0,135.0,497.0,260.0
222.0,134.0,500.0,262.0
224.0,132.0,539.0,259.0
204.0,125.0,558.0,268.0
190.0,118.0,572.0,275.0
181.0,114.0,580.0,279.0
175.0,112.0,587.0,282.0
174.0,110.0,629.0,284.0
149.0,102.0,655.0,296.0
121.0,90.0,687.0,310.0
99.0,81.0,712.0,322.0
203.0,105.0,616.0,235.0
190.0,102.0,636.0,243.0
165.0,94.0,671.0,256.0
142.0,90.0,705.0,269.0
106.0,82.0,757.0,289.0
181.0,94.0,682.0,289.0
147.0,82.0,734.0,311.0
152.0,79.0,743.0,315.0
199.0,124.0,698.0,256.0
174.0,121.0,744.0,273.0
155.0,121.0,785.0,426.0
122.0,117.0,841.0,456.0
92.0,112.0,894.0,485.0
251.0,144.0,760.0,544.0
214.0,138.0,821.0,588.0
202.0,137.0,851.0,609.0
284.0,156.0,781.0,630.0
247.0,151.0,841.0,607.0
293.0,141.0,733.0,652.0
264.0,133.0,779.0,615.0
165.0,83.0,910.0,719.0
242.0,187.0,586.0,637.0
198.0,200.0,609.0,554.0
152.0,208.0,631.0,574.0
108.0,209.0,670.0,610.0
29.0,209.0,651.0,610.0
47.0,203.0,634.0,498.0
65.0,196.0,616.0,483.0
3.0,221.0,659.0,497.0
23.0,218.0,622.0,469.0
72.0,197.0,571.0,431.0
26.0,197.0,617.0,440.0
-37.0,219.0,657.0,431.0
-84.0,190.0,683.0,395.0
-84.0,196.0,683.0,365.0
-52.0,163.0,604.0,368.0
-140.0,95.0,685.0,417.0
8.0,105.0,520.0,370.0
34.0,85.0,478.0,340.0
11.0,56.0,494.0,349.0
97.0,51.0,448.0,316.0
90.0,45.0,445.0,296.0
164.0,44.0,411.0,274.0
226.0,12.0,294.0,271.0
302.0,1.0,231.0,255.0
343.0,7.0,206.0,227.0
338.0,15.0,228.0,204.0
381.0,24.0,203.0,182.0
395.0,33.0,246.0,167.0
421.0,65.0,253.0,136.0
454.0,67.0,234.0,151.0
448.0,75.0,274.0,155.0
482.0,90.0,253.0,155.0
498.0,121.0,250.0,119.0
510.0,135.0,252.0,120.0
521.0,149.0,255.0,121.0
531.0,163.0,259.0,123.0
541.0,175.0,260.0,124.0
548.0,187.0,262.0,125.0
553.0,197.0,265.0,126.0
577.0,206.0,261.0,130.0
579.0,214.0,265.0,132.0
580.0,221.0,268.0,134.0
589.0,230.0,257.0,128.0
596.0,236.0,241.0,120.0
601.0,244.0,253.0,157.0
580.0,250.0,273.0,156.0
569.0,254.0,271.0,155.0
564.0,259.0,283.0,149.0
537.0,265.0,315.0,141.0
543.0,267.0,301.0,204.0
478.0,273.0,367.0,205.0
502.0,271.0,323.0,232.0
500.0,268.0,304.0,265.0
518.0,275.0,309.0,269.0
539.0,276.0,314.0,274.0
509.0,269.0,341.0,311.0
526.0,268.0,349.0,318.0
529.0,264.0,393.0,339.0
551.0,258.0,406.0,347.0
540.0,249.0,417.0,357.0
523.0,243.0,426.0,365.0
526.0,239.0,436.0,320.0
518.0,234.0,440.0,323.0
510.0,230.0,520.0,325.0
499.0,225.0,526.0,329.0
487.0,220.0,537.0,336.0
478.0,217.0,542.0,339.0
471.0,214.0,620.0,293.0
473.0,200.0,651.0,308.0
481.0,189.0,633.0,317.0
448.0,176.0,691.0,326.0
437.0,155.0,730.0,344.0
444.0,149.0,653.0,347.0
446.0,139.0,649.0,356.0
443.0,118.0,646.0,380.0
439.0,176.0,642.0,343.0
459.0,180.0,596.0,332.0
433.0,179.0,597.0,364.0
448.0,173.0,562.0,366.0
414.0,146.0,568.0,451.0
404.0,155.0,564.0,470.0
410.0,146.0,538.0,493.0
402.0,140.0,521.0,477.0
442.0,142.0,452.0,538.0
424.0,142.0,437.0,520.0
495.0,144.0,439.0,555.0
470.0,142.0,440.0,556.0
534.0,146.0,476.0,549.0
522.0,146.0,533.0,519.0
562.0,145.0,545.0,533.0
554.0,146.0,582.0,527.0
555.0,146.0,604.0,507.0
518.0,147.0,656.0,481.0
518.0,156.0,662.0,441.0
515.0,144.0,666.0,416.0
484.0,146.0,694.0,398.0
486.0,138.0,696.0,380.0
474.0,148.0,698.0,351.0
464.0,135.0,711.0,348.0
448.0,156.0,742.0,323.0
432.0,156.0,718.0,288.0
414.0,147.0,738.0,296.0
448.0,165.0,673.0,277.0
444.0,174.0,654.0,266.0
450.0,185.0,643.0,252.0
480.0,196.0,573.0,214.0
469.0,192.0,573.0,215.0
481.0,203.0,550.0,200.0
511.0,215.0,510.0,185.0
507.0,204.0,475.0,236.0
541.0,219.0,425.0,211.0
519.0,219.0,430.0,201.0
537.0,210.0,410.0,208.0
526.0,219.0,416.0,197.0
537.0,225.0,387.0,184.0
524.0,228.0,351.0,181.0
534.0,233.0,328.0,169.0
538.0,238.0,321.0,166.0
540.0,241.0,316.0,163.0
545.0,246.0,306.0,158.0
551.0,231.0,294.0,195.0
556.0,237.0,279.0,185.0
560.0,240.0,235.0,178.0
561.0,244.0,229.0,174.0
561.0,246.0,227.0,172.0
562.0,249.0,221.0,167.0
563.0,251.0,215.0,163.0
555.0,251.0,225.0,170.0
573.0,252.0,185.0,151.0
572.0,254.0,181.0,148.0
572.0,255.0,179.0,146.0
558.0,257.0,173.0,142.0
557.0,258.0,171.0,140.0
558.0,260.0,167.0,137.0
557.0,255.0,165.0,141.0
556.0,256.0,164.0,140.0
557.0,258.0,161.0,138.0
557.0,259.0,158.0,135.0
539.0,254.0,175.0,140.0
539.0,254.0,175.0,140.0
540.0,255.0,172.0,138.0
524.0,255.0,189.0,137.0
525.0,255.0,188.0,137.0
527.0,256.0,187.0,136.0
530.0,256.0,198.0,145.0
532.0,256.0,198.0,145.0
533.0,256.0,199.0,146.0
524.0,252.0,205.0,150.0
526.0,253.0,206.0,151.0
527.0,253.0,210.0,154.0
528.0,254.0,211.0,155.0
530.0,255.0,213.0,156.0
531.0,256.0,214.0,157.0
532.0,257.0,215.0,157.0
533.0,258.0,216.0,158.0
534.0,259.0,217.0,159.0
535.0,260.0,217.0,159.0
536.0,261.0,219.0,160.0
537.0,262.0,221.0,161.0
538.0,263.0,222.0,163.0
525.0,263.0,237.0,163.0
526.0,263.0,239.0,164.0
526.0,263.0,243.0,167.0
526.0,263.0,246.0,169.0
525.0,261.0,252.0,174.0
526.0,261.0,255.0,175.0
526.0,261.0,257.0,177.0
531.0,287.0,273.0,140.0
531.0,286.0,277.0,142.0
531.0,285.0,281.0,144.0
531.0,283.0,287.0,147.0
530.0,282.0,292.0,150.0
529.0,280.0,299.0,154.0
529.0,278.0,305.0,156.0
529.0,277.0,310.0,159.0
528.0,275.0,316.0,162.0
527.0,272.0,323.0,166.0
527.0,270.0,329.0,169.0
518.0,266.0,335.0,172.0
518.0,265.0,337.0,173.0
517.0,261.0,346.0,178.0
516.0,258.0,355.0,182.0
516.0,255.0,361.0,186.0
516.0,254.0,366.0,188.0
515.0,252.0,372.0,191.0
515.0,249.0,378.0,194.0
516.0,247.0,384.0,197.0
516.0,244.0,391.0,201.0
516.0,265.0,380.0,173.0
517.0,263.0,385.0,175.0
517.0,260.0,392.0,178.0
518.0,257.0,399.0,182.0
519.0,255.0,405.0,185.0
519.0,252.0,413.0,188.0
520.0,250.0,417.0,190.0
521.0,247.0,424.0,193.0
522.0,245.0,430.0,196.0
523.0,243.0,436.0,198.0
524.0,240.0,442.0,201.0
526.0,238.0,447.0,204.0
527.0,236.0,452.0,206.0
528.0,234.0,457.0,208.0
530.0,232.0,462.0,210.0
531.0,231.0,465.0,212.0
533.0,230.0,469.0,213.0
534.0,229.0,471.0,214.0
534.0,228.0,475.0,216.0
535.0,227.0,479.0,218.0
536.0,227.0,481.0,219.0
537.0,226.0,412.0,220.0
538.0,226.0,416.0,221.0
539.0,226.0,423.0,222.0
531.0,220.0,429.0,223.0
527.0,227.0,450.0,224.0
540.0,228.0,424.0,224.0
526.0,223.0,442.0,225.0
540.0,231.0,434.0,225.0
530.0,227.0,437.0,226.0
540.0,234.0,432.0,226.0
542.0,249.0,427.0,201.0
546.0,256.0,428.0,184.0
554.0,268.0,411.0,171.0
556.0,260.0,401.0,186.0
538.0,240.0,432.0,226.0
538.0,241.0,431.0,226.0
537.0,241.0,431.0,226.0
537.0,243.0,428.0,224.0
536.0,243.0,427.0,224.0
535.0,244.0,426.0,223.0
535.0,244.0,423.0,222.0
535.0,244.0,423.0,221.0
534.0,244.0,421.0,220.0
533.0,244.0,419.0,219.0
533.0,245.0,417.0,218.0
533.0,245.0,415.0,217.0
532.0,245.0,412.0,216.0
532.0,244.0,409.0,214.0
532.0,244.0,406.0,212.0
532.0,244.0,403.0,211.0
532.0,244.0,400.0,209.0
532.0,244.0,396.0,207.0
533.0,244.0,392.0,205.0
533.0,243.0,389.0,203.0
533.0,258.0,385.0,166.0
533.0,257.0,382.0,165.0
534.0,257.0,376.0,162.0
535.0,256.0,373.0,161.0
535.0,256.0,368.0,159.0
536.0,255.0,363.0,157.0
536.0,255.0,360.0,155.0
537.0,255.0,354.0,153.0
538.0,253.0,349.0,151.0
538.0,253.0,345.0,149.0
539.0,252.0,341.0,147.0
539.0,251.0,337.0,145.0
539.0,250.0,333.0,144.0
540.0,249.0,328.0,141.0
