478.0,286.0,48.0,49.0
489.0,290.0,48.0,49.0
497.0,296.0,46.0,47.0
507.0,298.0,46.0,47.0
510.0,306.0,44.0,44.0
520.0,308.0,44.0,44.0
532.0,301.0,44.0,44.0
543.0,302.0,41.0,42.0
551.0,303.0,41.0,42.0
559.0,306.0,41.0,42.0
564.0,310.0,41.0,42.0
568.0,314.0,41.0,42.0
572.0,321.0,41.0,42.0
583.0,319.0,39.0,40.0
589.0,318.0,41.0,42.0
598.0,316.0,41.0,42.0
603.0,319.0,44.0,44.0
614.0,325.0,44.0,44.0
623.0,329.0,44.0,44.0
631.0,331.0,38.0,42.0
633.0,331.0,38.0,42.0
638.0,332.0,38.0,42.0
642.0,335.0,38.0,42.0
645.0,330.0,46.0,36.0
651.0,329.0,48.0,37.0
659.0,329.0,46.0,36.0
663.0,329.0,45.0,35.0
668.0,325.0,50.0,39.0
664.0,345.0,44.0,39.0
664.0,347.0,44.0,39.0
665.0,351.0,44.0,39.0
676.0,352.0,22.0,26.0
678.0,354.0,22.0,26.0
681.0,357.0,22.0,26.0
685.0,360.0,22.0,26.0
688.0,361.0,21.0,25.0
689.0,361.0,21.0,25.0
688.0,360.0,20.0,24.0
694.0,365.0,19.0,22.0
694.0,368.0,19.0,22.0
692.0,371.0,19.0,22.0
693.0,374.0,19.0,22.0
693.0,379.0,19.0,22.0
676.0,382.0,19.0,22.0
689.0,384.0,18.0,21.0
689.0,389.0,17.0,20.0
690.0,394.0,17.0,20.0
689.0,397.0,18.0,21.0
686.0,400.0,17.0,20.0
685.0,402.0,17.0,20.0
681.0,405.0,17.0,20.0
680.0,406.0,17.0,20.0
678.0,408.0,17.0,20.0
675.0,413.0,17.0,20.0
670.0,413.0,17.0,20.0
663.0,413.0,17.0,20.0
658.0,413.0,17.0,20.0
650.0,411.0,17.0,20.0
645.0,407.0,18.0,21.0
632.0,399.0,50.0,36.0
645.0,355.0,112.0,50.0
649.0,356.0,112.0,50.0
642.0,351.0,112.0,50.0
675.0,344.0,77.0,52.0
681.0,331.0,77.0,52.0
677.0,322.0,77.0,52.0
670.0,315.0,77.0,52.0
715.0,313.0,48.0,44.0
726.0,303.0,50.0,46.0
729.0,297.0,50.0,46.0
731.0,289.0,50.0,46.0
743.0,280.0,50.0,46.0
752.0,269.0,50.0,46.0
760.0,261.0,50.0,46.0
767.0,253.0,50.0,46.0
776.0,243.0,53.0,49.0
788.0,237.0,50.0,46.0
789.0,233.0,53.0,49.0
803.0,219.0,53.0,49.0
814.0,211.0,50.0,46.0
819.0,205.0,50.0,46.0
832.0,200.0,48.0,44.0
844.0,193.0,48.0,44.0
855.0,187.0,48.0,44.0
865.0,180.0,48.0,44.0
873.0,173.0,48.0,44.0
882.0,167.0,46.0,42.0
884.0,164.0,46.0,42.0
893.0,163.0,44.0,40.0
903.0,160.0,44.0,40.0
912.0,154.0,44.0,40.0
918.0,149.0,46.0,42.0
926.0,143.0,48.0,44.0
932.0,135.0,48.0,44.0
934.0,137.0,50.0,46.0
940.0,129.0,53.0,49.0
944.0,131.0,53.0,49.0
946.0,131.0,56.0,51.0
949.0,134.0,56.0,51.0
947.0,136.0,56.0,51.0
945.0,135.0,56.0,51.0
951.0,132.0,56.0,51.0
959.0,134.0,56.0,51.0
963.0,133.0,56.0,51.0
961.0,137.0,56.0,51.0
959.0,145.0,56.0,51.0
959.0,143.0,56.0,51.0
963.0,140.0,56.0,51.0
956.0,141.0,56.0,51.0
949.0,149.0,56.0,51.0
943.0,152.0,56.0,51.0
945.0,162.0,56.0,51.0
907.0,197.0,39.0,35.0
904.0,194.0,39.0,35.0
907.0,188.0,39.0,35.0
906.0,180.0,39.0,35.0
903.0,182.0,39.0,35.0
894.0,187.0,39.0,35.0
883.0,197.0,39.0,35.0
873.0,208.0,41.0,37.0
854.0,218.0,41.0,37.0
848.0,219.0,41.0,37.0
848.0,218.0,41.0,37.0
850.0,216.0,41.0,37.0
850.0,214.0,41.0,37.0
853.0,214.0,41.0,37.0
853.0,208.0,41.0,37.0
855.0,221.0,41.0,37.0
858.0,221.0,39.0,35.0
864.0,218.0,39.0,35.0
866.0,215.0,39.0,35.0
865.0,217.0,39.0,35.0
860.0,222.0,39.0,35.0
859.0,229.0,41.0,37.0
861.0,234.0,41.0,37.0
860.0,234.0,41.0,37.0
866.0,230.0,41.0,37.0
868.0,227.0,39.0,35.0
867.0,229.0,39.0,35.0
862.0,232.0,37.0,33.0
856.0,235.0,37.0,33.0
857.0,240.0,37.0,33.0
849.0,239.0,39.0,35.0
845.0,232.0,39.0,35.0
846.0,228.0,39.0,35.0
844.0,224.0,37.0,33.0
841.0,228.0,37.0,33.0
838.0,230.0,37.0,33.0
834.0,233.0,37.0,33.0
830.0,235.0,37.0,33.0
818.0,233.0,39.0,35.0
818.0,228.0,37.0,33.0
813.0,226.0,39.0,35.0
808.0,229.0,37.0,33.0
802.0,233.0,37.0,33.0
794.0,237.0,39.0,35.0
788.0,241.0,39.0,35.0
780.0,244.0,37.0,33.0
762.0,242.0,37.0,33.0
757.0,238.0,39.0,35.0
750.0,236.0,39.0,35.0
737.0,236.0,39.0,35.0
724.0,237.0,39.0,35.0
712.0,240.0,37.0,33.0
700.0,239.0,37.0,33.0
686.0,237.0,39.0,35.0
669.0,231.0,41.0,37.0
660.0,229.0,41.0,37.0
644.0,224.0,41.0,37.0
629.0,225.0,39.0,35.0
613.0,224.0,39.0,35.0
597.0,225.0,41.0,37.0
580.0,230.0,39.0,35.0
564.0,234.0,37.0,33.0
548.0,238.0,37.0,33.0
528.0,239.0,37.0,33.0
510.0,238.0,37.0,33.0
485.0,235.0,39.0,35.0
463.0,231.0,39.0,35.0
441.0,227.0,37.0,33.0
415.0,220.0,37.0,33.0
385.0,218.0,39.0,35.0
338.0,205.0,48.0,41.0
319.0,196.0,48.0,41.0
300.0,183.0,48.0,41.0
271.0,173.0,48.0,41.0
236.0,164.0,48.0,41.0
110.0,114.0,62.0,50.0
6.0,71.0,73.0,58.0
0
0
0
0
0
0
0
0
0
0
0
0
0
0
0
0
0
0
0
0
0
0
0
0
0
0
0
0
0
0
0
0
0
0
0
0
0
0
0
0
0
0
0
0
0
0
0
0
0
0
0
0
0
0
0
0
0
0
0
0
0
0
0
0
0
0
0
0
0
0
0
0
0
0
0
0
0
0
0
0
0
0
0
0
0
0
0
0
0
0
0
0
0
0
0
0
0
0
0
0
0
0
0
0
0
0
0
0
0
0
0
0
0
0
0
0
0
0
0
0
0
0
0
0
0
0
0
0
0
0
0
0
0
0
0
0
0
0
0
0
0
0
0
0
0
0
0
0
0
0
0
0
0
0
0
0
0
0
0
0
0
0
0
0
0
0
0
0
0
0
0
0
0
0
0
0
0
0
0
0
0
0
0
0
0
0
0
0
0
0
0
554.0,6.0,42.0,28.0
556.0,21.0,40.0,27.0
560.0,36.0,40.0,27.0
568.0,49.0,40.0,27.0
574.0,60.0,38.0,25.0
573.0,70.0,38.0,25.0
583.0,81.0,40.0,27.0
580.0,89.0,40.0,27.0
580.0,101.0,40.0,27.0
586.0,116.0,29.0,23.0
589.0,127.0,30.0,24.0
587.0,138.0,29.0,23.0
589.0,144.0,29.0,23.0
592.0,154.0,28.0,22.0
594.0,158.0,35.0,30.0
595.0,164.0,35.0,30.0
598.0,171.0,35.0,30.0
598.0,182.0,35.0,30.0
593.0,188.0,35.0,30.0
590.0,195.0,35.0,30.0
588.0,202.0,35.0,30.0
589.0,207.0,35.0,30.0
588.0,212.0,33.0,29.0
588.0,215.0,33.0,29.0
587.0,219.0,33.0,29.0
585.0,223.0,35.0,30.0
584.0,228.0,33.0,29.0
583.0,233.0,33.0,29.0
578.0,236.0,35.0,30.0
577.0,242.0,37.0,31.0
574.0,248.0,37.0,31.0
573.0,253.0,37.0,31.0
570.0,261.0,37.0,31.0
565.0,269.0,37.0,31.0
558.0,268.0,37.0,31.0
557.0,274.0,37.0,31.0
560.0,282.0,37.0,31.0
560.0,286.0,37.0,31.0
561.0,289.0,37.0,31.0
561.0,294.0,37.0,31.0
560.0,301.0,37.0,31.0
560.0,309.0,39.0,33.0
558.0,317.0,39.0,33.0
558.0,325.0,37.0,31.0
558.0,333.0,39.0,33.0
558.0,340.0,39.0,33.0
556.0,350.0,39.0,33.0
549.0,363.0,37.0,31.0
544.0,374.0,39.0,33.0
541.0,390.0,37.0,31.0
541.0,402.0,37.0,31.0
575.0,431.0,49.0,35.0
573.0,436.0,49.0,35.0
571.0,443.0,49.0,35.0
571.0,447.0,49.0,35.0
567.0,449.0,49.0,35.0
570.0,451.0,47.0,33.0
571.0,456.0,47.0,33.0
574.0,463.0,47.0,33.0
577.0,468.0,47.0,33.0
579.0,476.0,47.0,33.0
583.0,482.0,47.0,33.0
588.0,488.0,47.0,33.0
597.0,495.0,44.0,32.0
603.0,498.0,44.0,32.0
606.0,504.0,44.0,32.0
613.0,506.0,44.0,32.0
617.0,506.0,47.0,33.0
623.0,507.0,49.0,35.0
628.0,508.0,49.0,35.0
633.0,507.0,49.0,35.0
639.0,508.0,51.0,37.0
646.0,505.0,51.0,37.0
652.0,506.0,51.0,37.0
659.0,505.0,51.0,37.0
666.0,503.0,51.0,37.0
673.0,503.0,51.0,37.0
683.0,501.0,51.0,37.0
691.0,499.0,49.0,35.0
701.0,498.0,49.0,35.0
708.0,494.0,49.0,35.0
719.0,492.0,49.0,35.0
730.0,487.0,51.0,37.0
738.0,482.0,51.0,37.0
745.0,477.0,51.0,37.0
752.0,471.0,51.0,37.0
761.0,468.0,49.0,35.0
767.0,464.0,49.0,35.0
773.0,459.0,49.0,35.0
779.0,454.0,49.0,35.0
786.0,449.0,49.0,35.0
792.0,444.0,49.0,35.0
799.0,436.0,51.0,37.0
805.0,428.0,54.0,39.0
813.0,420.0,51.0,37.0
816.0,409.0,51.0,37.0
820.0,401.0,51.0,37.0
826.0,394.0,51.0,37.0
830.0,390.0,51.0,37.0
835.0,384.0,51.0,37.0
838.0,378.0,49.0,35.0
844.0,374.0,51.0,37.0
851.0,372.0,49.0,35.0
855.0,368.0,47.0,33.0
861.0,360.0,47.0,33.0
866.0,353.0,47.0,33.0
871.0,346.0,47.0,33.0
877.0,343.0,44.0,32.0
883.0,339.0,44.0,32.0
886.0,336.0,44.0,32.0
891.0,334.0,44.0,32.0
889.0,336.0,44.0,32.0
884.0,337.0,47.0,33.0
882.0,334.0,47.0,33.0
875.0,329.0,43.0,41.0
857.0,327.0,43.0,41.0
850.0,321.0,40.0,28.0
854.0,317.0,35.0,26.0
859.0,312.0,33.0,25.0
861.0,308.0,32.0,24.0
861.0,305.0,32.0,24.0
858.0,304.0,33.0,28.0
847.0,307.0,43.0,24.0
850.0,308.0,30.0,21.0
849.0,311.0,30.0,21.0
831.0,289.0,28.0,22.0
823.0,287.0,32.0,22.0
822.0,290.0,32.0,22.0
822.0,282.0,25.0,24.0
819.0,283.0,25.0,24.0
817.0,283.0,25.0,24.0
819.0,283.0,24.0,23.0
823.0,283.0,20.0,18.0
827.0,281.0,20.0,18.0
834.0,279.0,19.0,17.0
837.0,278.0,19.0,17.0
842.0,276.0,19.0,17.0
846.0,271.0,19.0,17.0
853.0,271.0,19.0,17.0
857.0,271.0,19.0,17.0
862.0,267.0,19.0,17.0
866.0,265.0,19.0,17.0
872.0,264.0,19.0,17.0
876.0,262.0,19.0,17.0
882.0,260.0,18.0,16.0
888.0,259.0,18.0,16.0
892.0,256.0,18.0,16.0
898.0,256.0,18.0,16.0
902.0,254.0,18.0,16.0
908.0,252.0,18.0,16.0
913.0,251.0,18.0,16.0
919.0,250.0,18.0,16.0
925.0,248.0,18.0,16.0
930.0,246.0,18.0,16.0
937.0,244.0,18.0,16.0
943.0,242.0,18.0,16.0
949.0,241.0,18.0,16.0
955.0,240.0,18.0,16.0
961.0,239.0,18.0,16.0
967.0,237.0,18.0,16.0
973.0,237.0,18.0,16.0
979.0,235.0,18.0,16.0
985.0,235.0,18.0,16.0
990.0,234.0,18.0,16.0
998.0,232.0,17.0,16.0
1005.0,233.0,17.0,16.0
1011.0,232.0,18.0,16.0
1017.0,231.0,19.0,17.0
1023.0,229.0,19.0,17.0
1030.0,229.0,19.0,17.0
1037.0,229.0,18.0,16.0
1042.0,230.0,19.0,17.0
1051.0,229.0,19.0,17.0
1057.0,228.0,19.0,17.0
1063.0,228.0,19.0,17.0
1070.0,228.0,19.0,17.0
1076.0,228.0,19.0,17.0
1085.0,228.0,19.0,17.0
1092.0,228.0,19.0,17.0
1101.0,227.0,18.0,16.0
1108.0,227.0,18.0,16.0
1115.0,227.0,18.0,16.0
1119.0,229.0,18.0,16.0
1129.0,228.0,17.0,16.0
1139.0,226.0,18.0,16.0
1145.0,226.0,18.0,16.0
1154.0,226.0,18.0,16.0
1160.0,226.0,18.0,16.0
1169.0,227.0,18.0,16.0
1176.0,227.0,18.0,16.0
1184.0,227.0,18.0,16.0
1193.0,227.0,18.0,16.0
1200.0,227.0,18.0,16.0
1207.0,227.0,18.0,16.0
1215.0,228.0,18.0,16.0
1222.0,229.0,18.0,16.0
1229.0,229.0,18.0,16.0
1239.0,230.0,18.0,16.0
1247.0,229.0,18.0,16.0
1254.0,230.0,18.0,16.0
1260.0,232.0,18.0,16.0
1258.0,238.0,18.0,16.0
1261.0,240.0,17.0,16.0
0
0
0
0
0
0
0
0
0
0
0
0
0
0
0
0
0
0
0
0
0
0
0
0
0
0
0
0
0
0
0
0
0
0
0
0
0
0
0
0
0
0
0
0
0
0
0
0
0
0
0
0
0
0
0
0
0
0
0
0
0
0
0
0
0
0
0
0
0
0
0
0
0
0
0
0
0
0
0
0
0
0
0
0
0
0
0
0
0
0
0
0
0
0
0
0
0
0
0
0
0
0
0
0
0
0
0
0
0
0
0
0
0
0
0
0
0
1253.0,310.0,15.0,22.0
1244.0,316.0,15.0,22.0
1233.0,318.0,14.0,21.0
1224.0,318.0,14.0,21.0
1216.0,317.0,14.0,20.0
1210.0,315.0,14.0,20.0
1200.0,316.0,14.0,21.0
1191.0,316.0,14.0,21.0
1180.0,319.0,15.0,22.0
1169.0,324.0,16.0,23.0
1158.0,323.0,16.0,23.0
1154.0,320.0,16.0,23.0
1147.0,320.0,16.0,23.0
1136.0,319.0,17.0,24.0
1127.0,320.0,17.0,25.0
1118.0,325.0,17.0,25.0
1108.0,327.0,17.0,25.0
1098.0,324.0,18.0,27.0
1093.0,323.0,18.0,27.0
1086.0,323.0,18.0,27.0
1077.0,322.0,18.0,27.0
1068.0,324.0,18.0,27.0
1059.0,327.0,19.0,28.0
1051.0,332.0,19.0,28.0
1041.0,331.0,19.0,28.0
1036.0,330.0,19.0,28.0
1031.0,329.0,19.0,28.0
1023.0,328.0,19.0,28.0
1016.0,331.0,19.0,28.0
1008.0,333.0,19.0,28.0
1000.0,336.0,19.0,28.0
992.0,336.0,19.0,28.0
987.0,335.0,19.0,28.0
984.0,335.0,18.0,27.0
978.0,335.0,18.0,27.0
965.0,334.0,27.0,27.0
961.0,336.0,27.0,27.0
951.0,340.0,28.0,28.0
943.0,340.0,28.0,28.0
940.0,338.0,28.0,28.0
937.0,337.0,27.0,27.0
933.0,339.0,26.0,26.0
926.0,341.0,26.0,26.0
918.0,344.0,26.0,26.0
915.0,347.0,26.0,26.0
909.0,345.0,27.0,27.0
905.0,343.0,27.0,27.0
904.0,341.0,27.0,27.0
900.0,339.0,27.0,27.0
895.0,339.0,27.0,27.0
887.0,341.0,27.0,27.0
886.0,343.0,26.0,26.0
881.0,344.0,26.0,26.0
878.0,341.0,26.0,26.0
876.0,338.0,26.0,26.0
874.0,334.0,27.0,27.0
870.0,333.0,28.0,28.0
864.0,336.0,28.0,28.0
861.0,334.0,27.0,27.0
860.0,339.0,26.0,26.0
855.0,337.0,24.0,24.0
856.0,333.0,24.0,24.0
855.0,329.0,24.0,24.0
851.0,328.0,24.0,24.0
847.0,329.0,24.0,24.0
847.0,328.0,24.0,24.0
843.0,331.0,24.0,24.0
840.0,335.0,29.0,18.0
842.0,332.0,29.0,18.0
840.0,325.0,22.0,22.0
838.0,319.0,24.0,24.0
837.0,321.0,24.0,24.0
836.0,322.0,24.0,24.0
833.0,321.0,23.0,23.0
832.0,323.0,23.0,23.0
828.0,320.0,23.0,23.0
830.0,313.0,23.0,23.0
831.0,312.0,23.0,23.0
829.0,309.0,23.0,23.0
830.0,309.0,23.0,23.0
828.0,308.0,23.0,23.0
821.0,312.0,24.0,24.0
821.0,310.0,24.0,24.0
820.0,305.0,24.0,24.0
823.0,300.0,24.0,24.0
822.0,297.0,24.0,24.0
821.0,297.0,24.0,24.0
819.0,298.0,25.0,25.0
818.0,298.0,25.0,25.0
814.0,299.0,25.0,25.0
812.0,299.0,25.0,25.0
812.0,296.0,25.0,25.0
813.0,290.0,25.0,25.0
812.0,287.0,25.0,25.0
810.0,288.0,25.0,25.0
811.0,286.0,26.0,26.0
809.0,290.0,25.0,25.0
803.0,293.0,25.0,25.0
801.0,291.0,26.0,26.0
801.0,288.0,26.0,26.0
800.0,282.0,26.0,26.0
801.0,279.0,26.0,26.0
797.0,277.0,28.0,28.0
795.0,276.0,28.0,28.0
793.0,275.0,28.0,28.0
791.0,278.0,28.0,28.0
784.0,283.0,28.0,28.0
781.0,281.0,28.0,28.0
780.0,280.0,29.0,29.0
778.0,274.0,29.0,29.0
774.0,269.0,31.0,31.0
771.0,269.0,31.0,31.0
765.0,268.0,31.0,31.0
765.0,269.0,31.0,31.0
761.0,271.0,31.0,31.0
755.0,278.0,31.0,31.0
751.0,276.0,31.0,31.0
748.0,271.0,31.0,31.0
743.0,267.0,31.0,31.0
737.0,266.0,32.0,32.0
732.0,273.0,32.0,32.0
727.0,275.0,32.0,32.0
721.0,277.0,31.0,31.0
715.0,278.0,31.0,31.0
710.0,275.0,31.0,31.0
704.0,273.0,31.0,31.0
697.0,272.0,31.0,31.0
691.0,274.0,32.0,32.0
685.0,279.0,32.0,32.0
671.0,275.0,43.0,51.0
667.0,281.0,43.0,51.0
662.0,283.0,41.0,49.0
658.0,281.0,41.0,49.0
655.0,288.0,41.0,49.0
645.0,291.0,41.0,49.0
636.0,280.0,35.0,39.0
634.0,285.0,35.0,39.0
627.0,288.0,35.0,39.0
623.0,293.0,33.0,37.0
617.0,290.0,35.0,39.0
609.0,294.0,35.0,39.0
605.0,295.0,33.0,37.0
597.0,296.0,33.0,37.0
592.0,304.0,33.0,37.0
591.0,309.0,33.0,37.0
584.0,314.0,33.0,37.0
582.0,316.0,33.0,37.0
581.0,318.0,33.0,37.0
572.0,313.0,33.0,37.0
563.0,311.0,33.0,37.0
553.0,313.0,33.0,37.0
543.0,315.0,33.0,37.0
537.0,322.0,33.0,37.0
532.0,325.0,33.0,37.0
525.0,325.0,33.0,37.0
518.0,322.0,33.0,37.0
533.0,341.0,35.0,39.0
529.0,353.0,33.0,37.0
507.0,340.0,44.0,43.0
503.0,345.0,44.0,43.0
490.0,342.0,44.0,43.0
456.0,362.0,44.0,43.0
454.0,344.0,44.0,43.0
459.0,345.0,44.0,43.0
452.0,349.0,44.0,43.0
444.0,352.0,44.0,43.0
432.0,353.0,44.0,43.0
415.0,333.0,44.0,43.0
428.0,345.0,42.0,45.0
435.0,338.0,42.0,45.0
434.0,330.0,42.0,45.0
437.0,321.0,44.0,47.0
432.0,326.0,44.0,47.0
465.0,269.0,53.0,50.0
463.0,268.0,50.0,48.0
464.0,268.0,48.0,45.0
465.0,266.0,48.0,45.0
468.0,266.0,37.0,42.0
470.0,264.0,37.0,42.0
467.0,267.0,39.0,44.0
460.0,266.0,41.0,46.0
458.0,269.0,41.0,46.0
457.0,273.0,39.0,44.0
459.0,277.0,39.0,44.0
464.0,281.0,39.0,44.0
455.0,278.0,39.0,44.0
453.0,281.0,41.0,46.0
447.0,289.0,41.0,46.0
444.0,289.0,43.0,49.0
442.0,292.0,43.0,49.0
446.0,296.0,43.0,49.0
447.0,298.0,43.0,49.0
442.0,298.0,43.0,49.0
439.0,301.0,43.0,49.0
437.0,305.0,41.0,46.0
438.0,309.0,41.0,46.0
448.0,322.0,41.0,46.0
451.0,323.0,41.0,46.0
445.0,315.0,41.0,46.0
437.0,306.0,41.0,46.0
435.0,311.0,41.0,46.0
434.0,319.0,41.0,46.0
438.0,330.0,41.0,46.0
443.0,333.0,39.0,44.0
443.0,333.0,41.0,46.0
433.0,323.0,43.0,49.0
422.0,316.0,43.0,49.0
417.0,317.0,43.0,49.0
413.0,318.0,41.0,46.0
411.0,317.0,43.0,49.0
415.0,318.0,45.0,51.0
417.0,318.0,45.0,51.0
414.0,315.0,43.0,49.0
410.0,313.0,43.0,49.0
407.0,313.0,43.0,49.0
405.0,320.0,43.0,49.0
407.0,320.0,43.0,49.0
411.0,324.0,43.0,49.0
415.0,322.0,43.0,49.0
408.0,316.0,43.0,49.0
402.0,304.0,43.0,49.0
401.0,310.0,43.0,49.0
399.0,312.0,43.0,49.0
397.0,314.0,43.0,49.0
402.0,323.0,45.0,51.0
407.0,322.0,45.0,51.0
405.0,316.0,45.0,51.0
396.0,307.0,45.0,51.0
396.0,306.0,45.0,51.0
396.0,308.0,45.0,51.0
393.0,311.0,45.0,51.0
400.0,313.0,45.0,51.0
401.0,317.0,45.0,51.0
400.0,313.0,45.0,51.0
390.0,305.0,47.0,54.0
388.0,303.0,47.0,54.0
387.0,304.0,45.0,51.0
385.0,310.0,45.0,51.0
391.0,316.0,43.0,49.0
392.0,318.0,45.0,51.0
393.0,319.0,45.0,51.0
387.0,315.0,45.0,51.0
379.0,310.0,47.0,54.0
383.0,308.0,45.0,51.0
382.0,317.0,43.0,49.0
374.0,321.0,45.0,51.0
383.0,327.0,43.0,49.0
386.0,337.0,43.0,49.0
382.0,333.0,45.0,51.0
375.0,327.0,43.0,49.0
372.0,327.0,41.0,46.0
372.0,329.0,41.0,46.0
371.0,333.0,41.0,46.0
371.0,338.0,41.0,46.0
378.0,345.0,43.0,49.0
379.0,351.0,41.0,46.0
377.0,352.0,41.0,46.0
371.0,348.0,41.0,46.0
367.0,345.0,41.0,46.0
367.0,345.0,43.0,49.0
366.0,350.0,43.0,49.0
367.0,357.0,43.0,49.0
373.0,367.0,43.0,49.0
377.0,374.0,43.0,49.0
378.0,377.0,43.0,49.0
375.0,373.0,45.0,51.0
371.0,371.0,45.0,51.0
372.0,372.0,43.0,49.0
372.0,374.0,45.0,51.0
373.0,379.0,45.0,51.0
377.0,391.0,43.0,49.0
382.0,399.0,43.0,49.0
386.0,404.0,43.0,49.0
385.0,403.0,45.0,51.0
384.0,402.0,45.0,51.0
385.0,400.0,45.0,51.0
386.0,403.0,45.0,51.0
390.0,407.0,47.0,54.0
396.0,415.0,47.0,54.0
401.0,424.0,47.0,54.0
405.0,432.0,47.0,54.0
407.0,432.0,47.0,54.0
408.0,432.0,47.0,54.0
413.0,431.0,45.0,51.0
415.0,433.0,45.0,51.0
420.0,437.0,45.0,51.0
426.0,445.0,45.0,51.0
433.0,454.0,45.0,51.0
440.0,461.0,43.0,49.0
447.0,465.0,43.0,49.0
449.0,463.0,43.0,49.0
453.0,459.0,43.0,49.0
458.0,459.0,43.0,49.0
465.0,460.0,43.0,49.0
470.0,464.0,43.0,49.0
478.0,472.0,43.0,49.0
488.0,480.0,43.0,49.0
495.0,484.0,43.0,49.0
500.0,483.0,43.0,49.0
504.0,481.0,43.0,49.0
509.0,478.0,43.0,49.0
517.0,475.0,43.0,49.0
524.0,476.0,43.0,49.0
531.0,479.0,43.0,49.0
538.0,484.0,43.0,49.0
547.0,490.0,43.0,49.0
554.0,492.0,45.0,51.0
560.0,491.0,45.0,51.0
565.0,488.0,45.0,51.0
571.0,483.0,43.0,49.0
579.0,480.0,43.0,49.0
586.0,480.0,43.0,49.0
592.0,482.0,43.0,49.0
600.0,486.0,43.0,49.0
606.0,491.0,43.0,49.0
615.0,492.0,43.0,49.0
620.0,489.0,43.0,49.0
625.0,484.0,43.0,49.0
632.0,478.0,43.0,49.0
637.0,474.0,43.0,49.0
645.0,473.0,43.0,49.0
653.0,473.0,43.0,49.0
659.0,475.0,43.0,49.0
666.0,480.0,43.0,49.0
671.0,481.0,43.0,49.0
678.0,479.0,41.0,46.0
681.0,471.0,41.0,46.0
686.0,463.0,41.0,46.0
690.0,458.0,43.0,49.0
697.0,456.0,43.0,49.0
703.0,456.0,43.0,49.0
710.0,458.0,41.0,46.0
715.0,461.0,41.0,46.0
720.0,458.0,41.0,46.0
722.0,449.0,41.0,46.0
726.0,442.0,41.0,46.0
726.0,426.0,41.0,46.0
725.0,420.0,43.0,49.0
728.0,417.0,43.0,49.0
731.0,416.0,43.0,49.0
734.0,412.0,43.0,49.0
739.0,409.0,43.0,49.0
741.0,404.0,43.0,49.0
741.0,394.0,43.0,49.0
740.0,386.0,43.0,49.0
744.0,375.0,43.0,49.0
746.0,370.0,43.0,49.0
751.0,368.0,41.0,46.0
751.0,364.0,41.0,46.0
753.0,360.0,41.0,46.0
752.0,353.0,41.0,46.0
750.0,345.0,41.0,46.0
748.0,334.0,41.0,46.0
750.0,327.0,39.0,44.0
753.0,322.0,39.0,44.0
757.0,317.0,39.0,44.0
760.0,315.0,39.0,44.0
766.0,312.0,39.0,44.0
766.0,304.0,39.0,44.0
764.0,293.0,39.0,44.0
764.0,282.0,39.0,44.0
722.0,325.0,45.0,45.0
736.0,308.0,47.0,47.0
755.0,293.0,47.0,47.0
770.0,284.0,47.0,47.0
787.0,271.0,47.0,47.0
795.0,256.0,47.0,47.0
804.0,240.0,47.0,47.0
811.0,225.0,47.0,47.0
817.0,217.0,47.0,47.0
818.0,215.0,47.0,47.0
814.0,217.0,47.0,47.0
811.0,221.0,47.0,47.0
801.0,220.0,47.0,47.0
785.0,223.0,47.0,47.0
770.0,231.0,47.0,47.0
759.0,230.0,45.0,45.0
749.0,241.0,45.0,45.0
704.0,268.0,43.0,39.0
709.0,263.0,41.0,37.0
717.0,272.0,27.0,25.0
718.0,264.0,27.0,25.0
717.0,263.0,27.0,25.0
717.0,259.0,27.0,25.0
721.0,256.0,26.0,24.0
725.0,253.0,26.0,24.0
728.0,249.0,26.0,24.0
730.0,248.0,26.0,24.0
733.0,244.0,26.0,24.0
735.0,239.0,26.0,24.0
733.0,236.0,26.0,24.0
733.0,230.0,26.0,24.0
735.0,227.0,26.0,24.0
739.0,223.0,26.0,24.0
742.0,220.0,26.0,24.0
747.0,215.0,26.0,24.0
751.0,209.0,24.0,23.0
750.0,203.0,24.0,23.0
747.0,197.0,26.0,24.0
752.0,193.0,26.0,24.0
754.0,190.0,26.0,24.0
760.0,184.0,26.0,24.0
766.0,176.0,26.0,24.0
768.0,170.0,24.0,23.0
768.0,164.0,24.0,23.0
768.0,157.0,24.0,23.0
771.0,151.0,24.0,23.0
775.0,143.0,24.0,23.0
778.0,136.0,24.0,23.0
783.0,125.0,24.0,23.0
784.0,116.0,24.0,23.0
783.0,108.0,24.0,23.0
785.0,99.0,24.0,23.0
788.0,90.0,24.0,23.0
790.0,80.0,24.0,23.0
792.0,71.0,23.0,22.0
794.0,58.0,24.0,23.0
792.0,48.0,24.0,23.0
791.0,38.0,24.0,23.0
792.0,25.0,24.0,23.0
792.0,21.0,24.0,23.0
790.0,18.0,26.0,24.0
786.0,18.0,26.0,24.0
783.0,17.0,27.0,25.0
774.0,23.0,27.0,25.0
768.0,29.0,26.0,24.0
761.0,38.0,26.0,24.0
756.0,48.0,26.0,24.0
750.0,59.0,24.0,23.0
741.0,73.0,26.0,24.0
734.0,85.0,24.0,23.0
725.0,100.0,24.0,23.0
717.0,112.0,24.0,23.0
706.0,124.0,26.0,24.0
700.0,140.0,24.0,23.0
692.0,153.0,24.0,23.0
685.0,168.0,24.0,23.0
672.0,170.0,28.0,36.0
664.0,184.0,28.0,36.0
657.0,195.0,28.0,36.0
638.0,197.0,50.0,53.0
631.0,209.0,50.0,53.0
624.0,219.0,50.0,53.0
616.0,228.0,50.0,53.0
607.0,236.0,50.0,53.0
599.0,243.0,50.0,53.0
595.0,249.0,50.0,53.0
592.0,257.0,50.0,53.0
586.0,265.0,50.0,53.0
580.0,276.0,50.0,53.0
572.0,280.0,52.0,56.0
563.0,283.0,52.0,56.0
559.0,289.0,50.0,53.0
556.0,293.0,50.0,53.0
554.0,299.0,50.0,53.0
551.0,304.0,50.0,53.0
546.0,311.0,48.0,50.0
540.0,314.0,48.0,50.0
536.0,318.0,48.0,50.0
532.0,320.0,50.0,53.0
534.0,324.0,50.0,53.0
535.0,329.0,50.0,53.0
535.0,333.0,50.0,53.0
533.0,339.0,48.0,50.0
530.0,343.0,48.0,50.0
527.0,344.0,48.0,50.0
531.0,348.0,45.0,48.0
538.0,354.0,43.0,46.0
543.0,356.0,43.0,46.0
546.0,358.0,43.0,46.0
547.0,360.0,43.0,46.0
545.0,360.0,41.0,44.0
545.0,363.0,41.0,44.0
551.0,366.0,41.0,44.0
559.0,368.0,41.0,44.0
562.0,367.0,41.0,44.0
569.0,370.0,39.0,42.0
571.0,372.0,39.0,42.0
572.0,375.0,39.0,42.0
568.0,375.0,37.0,40.0
569.0,376.0,37.0,40.0
572.0,376.0,39.0,42.0
575.0,375.0,37.0,40.0
576.0,372.0,36.0,38.0
578.0,371.0,36.0,38.0
578.0,369.0,37.0,40.0
576.0,370.0,37.0,40.0
573.0,371.0,37.0,40.0
573.0,376.0,36.0,38.0
568.0,374.0,36.0,38.0
566.0,374.0,36.0,38.0
566.0,370.0,36.0,38.0
566.0,368.0,36.0,38.0
563.0,365.0,36.0,38.0
562.0,363.0,36.0,38.0
562.0,361.0,36.0,38.0
544.0,369.0,34.0,36.0
533.0,372.0,34.0,36.0
523.0,373.0,32.0,34.0
516.0,375.0,31.0,33.0
511.0,375.0,32.0,34.0
508.0,374.0,32.0,34.0
506.0,373.0,32.0,34.0
524.0,369.0,32.0,34.0
531.0,375.0,32.0,34.0
531.0,381.0,32.0,34.0
535.0,390.0,32.0,34.0
534.0,395.0,32.0,34.0
532.0,398.0,32.0,34.0
534.0,398.0,34.0,36.0
538.0,397.0,34.0,36.0
541.0,397.0,36.0,38.0
542.0,397.0,34.0,36.0
544.0,398.0,34.0,36.0
545.0,402.0,34.0,36.0
547.0,404.0,34.0,36.0
550.0,409.0,34.0,36.0
554.0,413.0,34.0,36.0
558.0,419.0,34.0,36.0
561.0,427.0,34.0,36.0
561.0,438.0,34.0,36.0
562.0,449.0,34.0,36.0
564.0,460.0,34.0,36.0
570.0,467.0,34.0,36.0
575.0,476.0,34.0,36.0
583.0,481.0,34.0,36.0
592.0,485.0,32.0,34.0
599.0,488.0,31.0,33.0
609.0,490.0,31.0,33.0
616.0,492.0,31.0,33.0
624.0,491.0,31.0,33.0
634.0,490.0,31.0,33.0
640.0,488.0,31.0,33.0
650.0,486.0,32.0,34.0
658.0,482.0,34.0,36.0
671.0,480.0,34.0,36.0
679.0,476.0,34.0,36.0
695.0,469.0,34.0,36.0
699.0,463.0,34.0,36.0
710.0,452.0,36.0,38.0
720.0,440.0,37.0,40.0
731.0,433.0,37.0,40.0
670.0,381.0,47.0,43.0
684.0,376.0,37.0,40.0
697.0,369.0,37.0,40.0
711.0,363.0,37.0,40.0
722.0,355.0,37.0,40.0
725.0,345.0,37.0,40.0
721.0,335.0,61.0,40.0
730.0,330.0,64.0,42.0
739.0,326.0,64.0,42.0
751.0,318.0,61.0,40.0
758.0,310.0,61.0,40.0
771.0,302.0,64.0,42.0
779.0,296.0,67.0,44.0
782.0,286.0,64.0,42.0
787.0,274.0,64.0,42.0
792.0,269.0,64.0,42.0
797.0,263.0,64.0,42.0
801.0,259.0,64.0,42.0
809.0,257.0,64.0,42.0
814.0,252.0,64.0,42.0
827.0,251.0,61.0,40.0
829.0,243.0,64.0,42.0
825.0,235.0,64.0,42.0
823.0,227.0,64.0,42.0
825.0,222.0,61.0,40.0
828.0,217.0,61.0,40.0
829.0,215.0,61.0,40.0
834.0,216.0,61.0,40.0
837.0,214.0,61.0,40.0
839.0,215.0,61.0,40.0
842.0,212.0,61.0,40.0
837.0,205.0,61.0,40.0
830.0,200.0,61.0,40.0
823.0,198.0,61.0,40.0
822.0,195.0,61.0,40.0
823.0,196.0,61.0,40.0
822.0,200.0,61.0,40.0
825.0,206.0,61.0,40.0
825.0,207.0,61.0,40.0
822.0,202.0,61.0,40.0
818.0,199.0,61.0,40.0
808.0,196.0,61.0,40.0
804.0,195.0,58.0,38.0
796.0,194.0,61.0,40.0
791.0,197.0,61.0,40.0
792.0,207.0,61.0,40.0
790.0,213.0,61.0,40.0
791.0,216.0,61.0,40.0
786.0,219.0,61.0,40.0
782.0,220.0,64.0,42.0
776.0,218.0,64.0,42.0
765.0,215.0,64.0,42.0
761.0,217.0,61.0,40.0
759.0,220.0,61.0,40.0
754.0,226.0,61.0,40.0
752.0,230.0,58.0,38.0
750.0,237.0,61.0,40.0
754.0,245.0,48.0,36.0
806.0,287.0,56.0,50.0
804.0,277.0,56.0,50.0
799.0,267.0,56.0,50.0
802.0,263.0,46.0,36.0
802.0,259.0,46.0,36.0
800.0,257.0,46.0,36.0
801.0,256.0,46.0,36.0
800.0,257.0,46.0,36.0
796.0,260.0,46.0,36.0
792.0,267.0,46.0,36.0
787.0,272.0,46.0,36.0
785.0,280.0,48.0,38.0
785.0,285.0,48.0,38.0
787.0,292.0,46.0,36.0
794.0,298.0,46.0,36.0
799.0,304.0,46.0,36.0
804.0,310.0,46.0,36.0
809.0,316.0,44.0,34.0
814.0,320.0,44.0,34.0
818.0,324.0,44.0,34.0
821.0,329.0,44.0,34.0
824.0,332.0,44.0,34.0
827.0,335.0,44.0,34.0
831.0,337.0,44.0,34.0
834.0,339.0,44.0,34.0
838.0,340.0,44.0,34.0
845.0,342.0,42.0,33.0
850.0,345.0,42.0,33.0
854.0,347.0,42.0,33.0
859.0,348.0,42.0,33.0
864.0,349.0,42.0,33.0
870.0,349.0,42.0,33.0
876.0,350.0,42.0,33.0
884.0,349.0,42.0,33.0
892.0,349.0,42.0,33.0
903.0,348.0,42.0,33.0
912.0,347.0,42.0,33.0
923.0,346.0,42.0,33.0
933.0,344.0,42.0,33.0
943.0,342.0,42.0,33.0
951.0,341.0,42.0,33.0
956.0,339.0,42.0,33.0
956.0,341.0,42.0,33.0
951.0,342.0,44.0,34.0
949.0,346.0,44.0,34.0
952.0,349.0,44.0,34.0
959.0,353.0,44.0,34.0
972.0,358.0,42.0,33.0
986.0,361.0,42.0,33.0
1002.0,362.0,44.0,34.0
1018.0,362.0,44.0,34.0
1032.0,362.0,44.0,34.0
1043.0,359.0,44.0,34.0
1056.0,356.0,44.0,34.0
1067.0,356.0,44.0,34.0
1077.0,354.0,44.0,34.0
1086.0,355.0,44.0,34.0
1094.0,355.0,42.0,33.0
1100.0,358.0,42.0,33.0
1103.0,362.0,42.0,33.0
1102.0,364.0,44.0,34.0
1102.0,365.0,42.0,33.0
1100.0,366.0,42.0,33.0
1096.0,363.0,42.0,33.0
1091.0,359.0,42.0,33.0
1086.0,356.0,42.0,33.0
1081.0,356.0,42.0,33.0
1075.0,357.0,42.0,33.0
1068.0,358.0,42.0,33.0
1062.0,361.0,42.0,33.0
1056.0,366.0,42.0,33.0
1052.0,370.0,42.0,33.0
1047.0,374.0,42.0,33.0
1040.0,375.0,42.0,33.0
1036.0,380.0,42.0,33.0
1031.0,385.0,42.0,33.0
1026.0,390.0,42.0,33.0
1020.0,394.0,42.0,33.0
1016.0,399.0,42.0,33.0
1010.0,403.0,44.0,34.0
1009.0,407.0,42.0,33.0
1004.0,412.0,42.0,33.0
1000.0,415.0,42.0,33.0
994.0,419.0,44.0,34.0
991.0,423.0,42.0,33.0
989.0,426.0,40.0,31.0
986.0,430.0,38.0,30.0
983.0,434.0,38.0,30.0
977.0,442.0,36.0,28.0
971.0,447.0,36.0,28.0
968.0,454.0,36.0,28.0
964.0,458.0,36.0,28.0
960.0,458.0,36.0,28.0
956.0,458.0,36.0,28.0
952.0,458.0,36.0,28.0
947.0,458.0,36.0,28.0
939.0,464.0,36.0,28.0
932.0,469.0,36.0,28.0
925.0,474.0,36.0,28.0
920.0,475.0,36.0,28.0
917.0,476.0,36.0,28.0
915.0,477.0,36.0,28.0
912.0,477.0,36.0,28.0
909.0,477.0,36.0,28.0
906.0,480.0,36.0,28.0
903.0,481.0,36.0,28.0
896.0,483.0,36.0,28.0
890.0,486.0,36.0,28.0
884.0,491.0,36.0,28.0
877.0,497.0,36.0,28.0
870.0,502.0,34.0,27.0
863.0,507.0,34.0,27.0
857.0,511.0,34.0,27.0
850.0,511.0,34.0,27.0
842.0,512.0,34.0,27.0
834.0,513.0,34.0,27.0
821.0,515.0,33.0,26.0
808.0,518.0,33.0,26.0
795.0,525.0,33.0,26.0
783.0,529.0,33.0,26.0
773.0,532.0,33.0,26.0
762.0,534.0,33.0,26.0
747.0,536.0,33.0,26.0
735.0,537.0,33.0,26.0
722.0,538.0,34.0,27.0
711.0,539.0,34.0,27.0
699.0,542.0,34.0,27.0
688.0,543.0,34.0,27.0
679.0,542.0,34.0,27.0
670.0,540.0,34.0,27.0
661.0,538.0,34.0,27.0
653.0,535.0,34.0,27.0
654.0,533.0,34.0,27.0
664.0,528.0,34.0,27.0
673.0,525.0,34.0,27.0
694.0,519.0,34.0,27.0
715.0,510.0,46.0,35.0
742.0,508.0,46.0,35.0
780.0,501.0,46.0,35.0
819.0,491.0,47.0,42.0
865.0,494.0,54.0,35.0
914.0,490.0,57.0,37.0
973.0,474.0,77.0,48.0
1038.0,462.0,85.0,62.0
1114.0,453.0,85.0,62.0
1215.0,447.0,65.0,52.0
0
0
0
0
0
0
0
0
0
0
0
0
0
0
0
0
0
0
0
0
0
0
0
0
0
0
0
0
0
0
0
0
0
0
0
0
0
0
0
0
0
0
0
0
0
0
0
0
0
0
0
0
0
0
0
0
0
0
0
0
0
0
0
0
0
0
0
0
0
0
0
0
0
0
0
0
0
0
0
0
0
0
0
0
0
0
0
0
0
0
0
0
0
0
0
0
0
0
0
0
0
0
0
0
0
0
0
0
0
0
0
0
0
0
0
0
0
0
0
0
0
0
0
0
0
0
0
0
0
0
0
0
0
0
0
0
0
0
0
0
0
0
0
0
0
0
0
0
0
0
0
0
0
0
0
0
0
0
0
0
0
0
0
0
0
638.0,445.0,28.0,27.0
637.0,446.0,28.0,27.0
635.0,446.0,27.0,26.0
625.0,445.0,25.0,24.0
619.0,449.0,25.0,24.0
612.0,451.0,27.0,26.0
601.0,449.0,27.0,26.0
595.0,446.0,27.0,26.0
593.0,447.0,25.0,24.0
585.0,444.0,25.0,24.0
579.0,447.0,27.0,26.0
575.0,447.0,27.0,26.0
571.0,446.0,27.0,26.0
564.0,446.0,28.0,27.0
564.0,442.0,29.0,28.0
564.0,442.0,28.0,27.0
560.0,442.0,28.0,27.0
557.0,444.0,29.0,28.0
554.0,448.0,29.0,28.0
548.0,453.0,28.0,27.0
538.0,453.0,28.0,27.0
535.0,451.0,28.0,27.0
536.0,449.0,28.0,27.0
532.0,458.0,28.0,27.0
529.0,460.0,28.0,27.0
527.0,461.0,28.0,27.0
518.0,461.0,28.0,27.0
511.0,461.0,28.0,27.0
515.0,468.0,29.0,28.0
505.0,456.0,37.0,31.0
507.0,459.0,37.0,31.0
501.0,462.0,35.0,30.0
494.0,470.0,35.0,30.0
490.0,474.0,35.0,30.0
490.0,480.0,35.0,30.0
482.0,482.0,37.0,31.0
477.0,476.0,40.0,31.0
477.0,485.0,37.0,31.0
472.0,489.0,37.0,31.0
466.0,486.0,38.0,34.0
465.0,489.0,38.0,34.0
469.0,494.0,36.0,32.0
472.0,498.0,34.0,31.0
473.0,502.0,33.0,29.0
472.0,502.0,33.0,29.0
471.0,505.0,33.0,29.0
474.0,515.0,33.0,29.0
477.0,522.0,33.0,29.0
480.0,525.0,33.0,29.0
480.0,524.0,34.0,31.0
479.0,523.0,34.0,31.0
473.0,507.0,53.0,44.0
481.0,521.0,33.0,29.0
484.0,520.0,33.0,29.0
484.0,512.0,43.0,42.0
485.0,512.0,43.0,42.0
484.0,506.0,43.0,42.0
488.0,504.0,41.0,40.0
489.0,501.0,48.0,43.0
497.0,501.0,48.0,43.0
497.0,514.0,46.0,41.0
508.0,500.0,44.0,39.0
509.0,486.0,43.0,40.0
516.0,474.0,34.0,36.0
514.0,468.0,35.0,37.0
520.0,462.0,38.0,42.0
526.0,459.0,40.0,44.0
534.0,458.0,40.0,44.0
543.0,444.0,27.0,32.0
547.0,433.0,28.0,34.0
551.0,428.0,30.0,35.0
556.0,427.0,30.0,35.0
562.0,422.0,30.0,35.0
567.0,416.0,30.0,35.0
570.0,406.0,30.0,35.0
574.0,400.0,30.0,35.0
581.0,392.0,30.0,35.0
590.0,388.0,21.0,32.0
597.0,385.0,20.0,30.0
601.0,384.0,20.0,30.0
605.0,380.0,20.0,30.0
608.0,377.0,21.0,32.0
611.0,376.0,21.0,32.0
613.0,377.0,21.0,32.0
616.0,377.0,22.0,34.0
622.0,376.0,22.0,34.0
627.0,377.0,21.0,32.0
628.0,374.0,21.0,32.0
631.0,372.0,21.0,32.0
630.0,370.0,22.0,34.0
633.0,370.0,22.0,34.0
633.0,371.0,22.0,34.0
637.0,373.0,21.0,32.0
637.0,380.0,20.0,30.0
639.0,381.0,20.0,30.0
639.0,387.0,21.0,32.0
640.0,392.0,21.0,32.0
644.0,396.0,21.0,32.0
649.0,403.0,21.0,32.0
651.0,416.0,22.0,34.0
652.0,424.0,21.0,32.0
656.0,435.0,20.0,30.0
661.0,448.0,19.0,29.0
669.0,463.0,19.0,29.0
679.0,477.0,18.0,28.0
687.0,486.0,18.0,28.0
698.0,503.0,18.0,28.0
705.0,510.0,18.0,28.0
704.0,516.0,35.0,33.0
711.0,526.0,35.0,33.0
718.0,538.0,33.0,31.0
724.0,546.0,33.0,31.0
728.0,552.0,33.0,31.0
734.0,556.0,33.0,31.0
741.0,562.0,33.0,31.0
687.0,502.0,44.0,35.0
696.0,505.0,44.0,35.0
702.0,509.0,44.0,35.0
708.0,509.0,44.0,35.0
716.0,507.0,42.0,33.0
720.0,507.0,42.0,33.0
729.0,502.0,44.0,35.0
735.0,502.0,44.0,35.0
740.0,498.0,46.0,37.0
746.0,490.0,49.0,39.0
744.0,485.0,49.0,39.0
749.0,480.0,46.0,37.0
747.0,475.0,46.0,37.0
750.0,468.0,46.0,37.0
758.0,462.0,46.0,37.0
762.0,454.0,46.0,37.0
764.0,452.0,46.0,37.0
764.0,446.0,46.0,37.0
763.0,437.0,46.0,37.0
761.0,431.0,46.0,37.0
761.0,423.0,44.0,35.0
765.0,411.0,44.0,35.0
762.0,405.0,46.0,37.0
762.0,401.0,46.0,37.0
762.0,397.0,46.0,37.0
760.0,391.0,49.0,39.0
760.0,388.0,46.0,37.0
757.0,383.0,46.0,37.0
756.0,377.0,46.0,37.0
756.0,371.0,44.0,35.0
751.0,366.0,44.0,35.0
752.0,365.0,44.0,35.0
753.0,363.0,44.0,35.0
751.0,358.0,46.0,37.0
749.0,358.0,44.0,35.0
750.0,355.0,44.0,35.0
745.0,352.0,42.0,33.0
747.0,347.0,42.0,33.0
739.0,344.0,42.0,33.0
739.0,340.0,44.0,35.0
736.0,343.0,44.0,35.0
735.0,345.0,42.0,33.0
732.0,346.0,44.0,35.0
728.0,347.0,46.0,37.0
722.0,347.0,46.0,37.0
718.0,344.0,44.0,35.0
721.0,341.0,44.0,35.0
716.0,343.0,44.0,35.0
714.0,346.0,44.0,35.0
709.0,349.0,44.0,35.0
707.0,352.0,44.0,35.0
707.0,357.0,46.0,37.0
695.0,358.0,46.0,37.0
690.0,357.0,44.0,35.0
693.0,357.0,44.0,35.0
694.0,358.0,44.0,35.0
691.0,362.0,44.0,35.0
688.0,364.0,41.0,38.0
687.0,368.0,39.0,36.0
687.0,370.0,39.0,36.0
685.0,383.0,39.0,36.0
684.0,386.0,39.0,36.0
684.0,383.0,39.0,36.0
682.0,383.0,39.0,36.0
679.0,385.0,39.0,36.0
676.0,388.0,41.0,38.0
676.0,394.0,41.0,38.0
682.0,403.0,39.0,36.0
680.0,402.0,39.0,36.0
681.0,405.0,39.0,36.0
685.0,409.0,37.0,34.0
686.0,411.0,35.0,33.0
686.0,413.0,34.0,31.0
687.0,417.0,34.0,31.0
690.0,424.0,34.0,31.0
692.0,427.0,34.0,31.0
696.0,431.0,34.0,31.0
694.0,431.0,34.0,31.0
700.0,435.0,34.0,31.0
703.0,437.0,35.0,33.0
706.0,439.0,35.0,33.0
707.0,440.0,35.0,33.0
708.0,442.0,34.0,31.0
713.0,445.0,34.0,31.0
715.0,445.0,35.0,33.0
717.0,443.0,41.0,38.0
714.0,444.0,41.0,38.0
715.0,443.0,41.0,38.0
722.0,436.0,41.0,38.0
730.0,438.0,41.0,38.0
735.0,443.0,41.0,38.0
740.0,452.0,39.0,36.0
747.0,458.0,37.0,34.0
741.0,445.0,52.0,38.0
748.0,442.0,52.0,38.0
754.0,441.0,50.0,36.0
760.0,438.0,52.0,38.0
776.0,443.0,36.0,37.0
783.0,443.0,36.0,37.0
792.0,443.0,36.0,37.0
800.0,446.0,34.0,35.0
809.0,446.0,33.0,34.0
805.0,444.0,55.0,46.0
808.0,450.0,58.0,48.0
827.0,454.0,61.0,51.0
829.0,446.0,64.0,53.0
842.0,425.0,60.0,45.0
850.0,430.0,60.0,45.0
864.0,433.0,60.0,45.0
871.0,430.0,60.0,45.0
875.0,429.0,60.0,45.0
884.0,433.0,60.0,45.0
902.0,429.0,54.0,48.0
908.0,426.0,54.0,48.0
922.0,433.0,54.0,48.0
930.0,413.0,54.0,48.0
942.0,407.0,51.0,46.0
950.0,408.0,51.0,46.0
965.0,411.0,51.0,46.0
980.0,415.0,51.0,46.0
994.0,418.0,51.0,46.0
1003.0,413.0,51.0,46.0
1013.0,406.0,51.0,46.0
1023.0,403.0,51.0,46.0
1034.0,403.0,51.0,46.0
1044.0,403.0,49.0,44.0
1056.0,405.0,49.0,44.0
1064.0,411.0,49.0,44.0
1066.0,409.0,49.0,44.0
1060.0,403.0,49.0,44.0
1056.0,397.0,49.0,44.0
1063.0,390.0,51.0,46.0
1100.0,429.0,39.0,42.0
1101.0,420.0,41.0,44.0
1096.0,412.0,41.0,44.0
1105.0,424.0,42.0,36.0
1116.0,420.0,42.0,36.0
1120.0,419.0,42.0,36.0
1118.0,415.0,42.0,36.0
1135.0,402.0,33.0,40.0
1142.0,406.0,33.0,40.0
1153.0,405.0,31.0,38.0
1161.0,407.0,31.0,38.0
1169.0,409.0,31.0,38.0
1175.0,407.0,31.0,38.0
1180.0,403.0,31.0,38.0
1186.0,401.0,31.0,38.0
1196.0,403.0,31.0,38.0
1205.0,408.0,31.0,38.0
1213.0,412.0,31.0,38.0
1222.0,419.0,30.0,36.0
1229.0,418.0,30.0,36.0
1231.0,416.0,30.0,36.0
1231.0,410.0,30.0,36.0
1244.0,405.0,31.0,38.0
1247.0,400.0,31.0,38.0
0
0
0
0
0
0
0
0
0
0
0
0
0
0
0
0
0
0
0
0
0
0
0
0
0
0
0
0
0
0
0
0
0
0
0
0
0
0
0
0
0
0
0
0
0
0
0
0
0
0
0
0
0
0
0
0
0
0
0
0
0
0
0
0
0
0
0
0
0
0
0
0
0
0
0
0
0
0
0
0
0
0
0
0
0
0
0
0
0
0
0
0
0
0
0
0
0
0
0
0
1199.0,261.0,57.0,68.0
1174.0,256.0,57.0,68.0
1151.0,259.0,57.0,68.0
1126.0,258.0,60.0,71.0
1096.0,267.0,60.0,71.0
1073.0,271.0,60.0,71.0
1051.0,272.0,60.0,71.0
1029.0,273.0,60.0,71.0
1006.0,266.0,63.0,75.0
986.0,261.0,63.0,75.0
967.0,258.0,66.0,79.0
949.0,252.0,66.0,79.0
933.0,249.0,66.0,79.0
914.0,273.0,66.0,79.0
900.0,267.0,66.0,79.0
878.0,255.0,66.0,79.0
857.0,249.0,66.0,79.0
831.0,245.0,69.0,83.0
815.0,257.0,73.0,87.0
790.0,239.0,73.0,87.0
804.0,257.0,76.0,91.0
803.0,282.0,73.0,87.0
801.0,249.0,76.0,91.0
808.0,238.0,73.0,87.0
815.0,275.0,56.0,55.0
822.0,270.0,56.0,55.0
820.0,270.0,56.0,55.0
819.0,271.0,56.0,55.0
818.0,275.0,56.0,55.0
818.0,274.0,59.0,58.0
821.0,263.0,59.0,58.0
824.0,254.0,56.0,55.0
826.0,248.0,56.0,55.0
825.0,244.0,56.0,55.0
821.0,242.0,56.0,55.0
816.0,243.0,56.0,55.0
812.0,245.0,56.0,55.0
806.0,239.0,59.0,58.0
809.0,226.0,59.0,58.0
811.0,219.0,59.0,58.0
806.0,217.0,59.0,58.0
801.0,217.0,59.0,58.0
798.0,217.0,56.0,55.0
795.0,225.0,56.0,55.0
789.0,222.0,59.0,58.0
787.0,213.0,59.0,58.0
785.0,200.0,59.0,58.0
783.0,189.0,59.0,58.0
780.0,187.0,59.0,58.0
776.0,188.0,59.0,58.0
771.0,186.0,59.0,58.0
770.0,194.0,59.0,58.0
768.0,204.0,59.0,58.0
765.0,200.0,59.0,58.0
765.0,192.0,59.0,58.0
758.0,183.0,62.0,61.0
756.0,180.0,62.0,61.0
755.0,184.0,62.0,61.0
749.0,187.0,62.0,61.0
752.0,198.0,62.0,61.0
752.0,210.0,62.0,61.0
749.0,209.0,62.0,61.0
749.0,205.0,59.0,58.0
746.0,199.0,59.0,58.0
745.0,198.0,59.0,58.0
742.0,204.0,59.0,58.0
736.0,210.0,59.0,58.0
732.0,219.0,59.0,58.0
735.0,230.0,59.0,58.0
734.0,237.0,59.0,58.0
724.0,229.0,59.0,58.0
717.0,223.0,62.0,61.0
714.0,223.0,62.0,61.0
709.0,223.0,62.0,61.0
715.0,233.0,62.0,61.0
688.0,244.0,86.0,58.0
693.0,245.0,86.0,58.0
689.0,241.0,86.0,58.0
707.0,229.0,62.0,49.0
708.0,228.0,62.0,49.0
703.0,230.0,62.0,49.0
700.0,232.0,59.0,47.0
711.0,240.0,59.0,47.0
708.0,240.0,59.0,47.0
698.0,236.0,56.0,44.0
708.0,236.0,56.0,44.0
707.0,237.0,56.0,44.0
705.0,241.0,56.0,44.0
707.0,245.0,54.0,42.0
713.0,249.0,54.0,42.0
709.0,246.0,54.0,42.0
700.0,241.0,54.0,42.0
708.0,240.0,68.0,41.0
703.0,238.0,68.0,41.0
703.0,240.0,68.0,41.0
703.0,243.0,68.0,41.0
705.0,243.0,68.0,41.0
697.0,242.0,68.0,41.0
693.0,241.0,68.0,41.0
701.0,239.0,68.0,41.0
704.0,238.0,68.0,41.0
704.0,239.0,68.0,41.0
704.0,240.0,65.0,39.0
707.0,246.0,65.0,39.0
702.0,248.0,68.0,41.0
704.0,242.0,68.0,41.0
693.0,235.0,68.0,41.0
706.0,230.0,68.0,41.0
702.0,231.0,68.0,41.0
700.0,234.0,68.0,41.0
698.0,237.0,65.0,39.0
697.0,239.0,65.0,39.0
695.0,237.0,68.0,41.0
682.0,233.0,68.0,41.0
684.0,228.0,68.0,41.0
688.0,224.0,68.0,41.0
681.0,229.0,68.0,41.0
673.0,231.0,68.0,41.0
672.0,234.0,68.0,41.0
667.0,234.0,68.0,41.0
659.0,231.0,71.0,43.0
661.0,229.0,71.0,43.0
673.0,229.0,71.0,43.0
667.0,227.0,71.0,43.0
663.0,233.0,71.0,43.0
660.0,235.0,71.0,43.0
660.0,238.0,71.0,43.0
651.0,233.0,71.0,43.0
639.0,228.0,75.0,45.0
652.0,230.0,71.0,43.0
650.0,229.0,71.0,43.0
651.0,232.0,68.0,41.0
640.0,234.0,68.0,41.0
629.0,237.0,68.0,41.0
628.0,242.0,68.0,41.0
625.0,241.0,71.0,43.0
623.0,235.0,71.0,43.0
634.0,232.0,71.0,43.0
631.0,231.0,71.0,43.0
630.0,235.0,71.0,43.0
629.0,241.0,71.0,43.0
611.0,244.0,71.0,43.0
612.0,247.0,71.0,43.0
616.0,244.0,71.0,43.0
624.0,239.0,68.0,41.0
630.0,230.0,68.0,41.0
631.0,226.0,68.0,41.0
631.0,219.0,68.0,41.0
635.0,222.0,68.0,41.0
625.0,219.0,68.0,41.0
619.0,217.0,68.0,41.0
621.0,217.0,68.0,41.0
634.0,221.0,68.0,41.0
629.0,216.0,68.0,41.0
624.0,219.0,68.0,41.0
624.0,217.0,68.0,41.0
625.0,220.0,68.0,41.0
614.0,219.0,68.0,41.0
611.0,221.0,65.0,39.0
615.0,219.0,65.0,39.0
618.0,216.0,68.0,41.0
613.0,213.0,68.0,41.0
613.0,215.0,68.0,41.0
618.0,217.0,68.0,41.0
612.0,219.0,65.0,39.0
599.0,221.0,62.0,37.0
603.0,219.0,62.0,37.0
611.0,214.0,62.0,37.0
610.0,211.0,62.0,37.0
607.0,207.0,62.0,37.0
607.0,205.0,62.0,37.0
608.0,206.0,62.0,37.0
604.0,209.0,59.0,35.0
600.0,208.0,59.0,35.0
599.0,208.0,59.0,35.0
598.0,207.0,59.0,35.0
598.0,207.0,59.0,35.0
597.0,207.0,62.0,37.0
595.0,208.0,62.0,37.0
594.0,210.0,62.0,37.0
603.0,214.0,59.0,35.0
594.0,216.0,56.0,34.0
593.0,216.0,53.0,32.0
587.0,213.0,53.0,32.0
591.0,213.0,53.0,32.0
587.0,214.0,53.0,32.0
582.0,216.0,56.0,34.0
583.0,219.0,56.0,34.0
581.0,223.0,56.0,34.0
577.0,223.0,56.0,34.0
573.0,227.0,53.0,32.0
578.0,226.0,53.0,32.0
577.0,225.0,53.0,32.0
576.0,230.0,53.0,32.0
572.0,230.0,56.0,34.0
573.0,232.0,56.0,34.0
572.0,236.0,56.0,34.0
572.0,237.0,56.0,34.0
568.0,237.0,56.0,34.0
571.0,237.0,56.0,34.0
567.0,236.0,56.0,34.0
566.0,237.0,56.0,34.0
565.0,238.0,56.0,34.0
569.0,240.0,56.0,34.0
568.0,240.0,59.0,35.0
567.0,241.0,59.0,35.0
564.0,242.0,56.0,34.0
563.0,241.0,56.0,34.0
567.0,241.0,53.0,32.0
568.0,240.0,53.0,32.0
572.0,242.0,53.0,32.0
572.0,244.0,51.0,31.0
573.0,244.0,51.0,31.0
567.0,247.0,48.0,29.0
570.0,246.0,46.0,28.0
568.0,245.0,46.0,28.0
568.0,243.0,46.0,28.0
572.0,243.0,46.0,28.0
573.0,244.0,46.0,28.0
576.0,245.0,44.0,26.0
577.0,245.0,44.0,26.0
577.0,245.0,44.0,26.0
579.0,243.0,44.0,26.0
583.0,241.0,44.0,26.0
582.0,240.0,44.0,26.0
589.0,238.0,44.0,26.0
587.0,238.0,44.0,26.0
592.0,237.0,44.0,26.0
592.0,237.0,44.0,26.0
595.0,236.0,44.0,26.0
602.0,234.0,44.0,26.0
608.0,230.0,46.0,28.0
608.0,229.0,46.0,28.0
612.0,227.0,46.0,28.0
618.0,225.0,46.0,28.0
622.0,227.0,46.0,28.0
625.0,227.0,46.0,28.0
631.0,228.0,44.0,26.0
638.0,226.0,44.0,26.0
646.0,224.0,44.0,26.0
651.0,222.0,42.0,25.0
655.0,219.0,42.0,25.0
661.0,220.0,42.0,25.0
666.0,218.0,42.0,25.0
671.0,217.0,42.0,25.0
678.0,214.0,42.0,25.0
692.0,209.0,42.0,25.0
697.0,206.0,42.0,25.0
696.0,203.0,42.0,25.0
702.0,202.0,42.0,25.0
710.0,200.0,42.0,25.0
715.0,197.0,42.0,25.0
721.0,194.0,42.0,25.0
728.0,190.0,42.0,25.0
734.0,187.0,42.0,25.0
734.0,183.0,42.0,25.0
735.0,180.0,42.0,25.0
745.0,175.0,42.0,25.0
752.0,176.0,42.0,25.0
758.0,174.0,42.0,25.0
761.0,172.0,42.0,25.0
767.0,167.0,42.0,25.0
767.0,162.0,42.0,25.0
762.0,165.0,42.0,25.0
762.0,158.0,42.0,25.0
772.0,137.0,60.0,50.0
770.0,123.0,63.0,53.0
778.0,119.0,63.0,53.0
781.0,120.0,63.0,53.0
786.0,115.0,63.0,53.0
788.0,115.0,63.0,53.0
778.0,123.0,63.0,53.0
778.0,122.0,63.0,53.0
778.0,115.0,63.0,53.0
812.0,98.0,63.0,53.0
814.0,99.0,63.0,53.0
819.0,96.0,63.0,53.0
820.0,96.0,63.0,53.0
818.0,103.0,63.0,53.0
823.0,106.0,63.0,53.0
824.0,106.0,63.0,53.0
819.0,110.0,60.0,50.0
821.0,112.0,57.0,48.0
830.0,113.0,57.0,48.0
837.0,115.0,57.0,48.0
839.0,118.0,57.0,48.0
841.0,124.0,57.0,48.0
843.0,131.0,54.0,46.0
839.0,138.0,54.0,46.0
820.0,146.0,54.0,46.0
824.0,142.0,54.0,46.0
841.0,128.0,54.0,46.0
843.0,128.0,54.0,46.0
846.0,132.0,54.0,46.0
843.0,138.0,54.0,46.0
840.0,144.0,54.0,46.0
830.0,156.0,54.0,46.0
827.0,159.0,54.0,46.0
824.0,157.0,54.0,46.0
820.0,156.0,54.0,46.0
806.0,170.0,54.0,46.0
793.0,185.0,54.0,46.0
785.0,195.0,54.0,46.0
770.0,219.0,52.0,44.0
756.0,216.0,52.0,44.0
749.0,222.0,49.0,42.0
746.0,222.0,49.0,42.0
743.0,225.0,47.0,40.0
738.0,231.0,47.0,40.0
736.0,233.0,47.0,40.0
730.0,243.0,47.0,40.0
728.0,243.0,45.0,38.0
725.0,237.0,47.0,40.0
724.0,234.0,47.0,40.0
720.0,239.0,45.0,38.0
716.0,246.0,45.0,38.0
710.0,254.0,45.0,38.0
706.0,260.0,45.0,38.0
702.0,259.0,47.0,40.0
697.0,258.0,47.0,40.0
691.0,257.0,47.0,40.0
687.0,259.0,47.0,40.0
680.0,266.0,47.0,40.0
677.0,279.0,47.0,40.0
669.0,287.0,47.0,40.0
664.0,291.0,47.0,40.0
658.0,293.0,45.0,38.0
653.0,294.0,45.0,38.0
647.0,299.0,45.0,38.0
638.0,301.0,45.0,38.0
631.0,311.0,45.0,38.0
597.0,329.0,47.0,40.0
589.0,338.0,47.0,40.0
616.0,331.0,36.0,40.0
610.0,331.0,38.0,42.0
607.0,332.0,45.0,38.0
597.0,335.0,45.0,38.0
574.0,342.0,58.0,45.0
574.0,344.0,58.0,45.0
564.0,345.0,58.0,45.0
552.0,373.0,50.0,47.0
545.0,381.0,50.0,47.0
542.0,382.0,55.0,39.0
536.0,388.0,55.0,39.0
524.0,393.0,55.0,39.0
516.0,404.0,52.0,37.0
507.0,411.0,52.0,37.0
496.0,418.0,52.0,37.0
487.0,422.0,55.0,39.0
481.0,431.0,52.0,37.0
477.0,438.0,52.0,37.0
468.0,446.0,52.0,37.0
457.0,454.0,52.0,37.0
448.0,464.0,50.0,35.0
440.0,473.0,50.0,35.0
431.0,480.0,48.0,34.0
421.0,486.0,45.0,32.0
416.0,494.0,45.0,32.0
408.0,498.0,48.0,34.0
398.0,508.0,48.0,34.0
392.0,521.0,48.0,34.0
377.0,529.0,48.0,34.0
364.0,535.0,48.0,34.0
353.0,540.0,48.0,34.0
350.0,549.0,48.0,34.0
341.0,551.0,50.0,35.0
334.0,559.0,50.0,35.0
330.0,572.0,50.0,35.0
315.0,577.0,50.0,35.0
296.0,575.0,52.0,37.0
288.0,580.0,52.0,37.0
279.0,581.0,52.0,37.0
281.0,590.0,52.0,37.0
274.0,585.0,52.0,37.0
260.0,596.0,61.0,38.0
259.0,601.0,64.0,40.0
249.0,605.0,64.0,40.0
224.0,614.0,75.0,54.0
227.0,618.0,75.0,54.0
223.0,622.0,79.0,57.0
225.0,613.0,79.0,57.0
211.0,623.0,79.0,57.0
216.0,640.0,55.0,41.0
209.0,648.0,58.0,43.0
207.0,661.0,58.0,43.0
203.0,669.0,55.0,41.0
193.0,677.0,52.0,39.0
183.0,679.0,52.0,39.0
0
0
0
0
0
0
0
0
0
0
0
0
0
0
0
0
0
0
0
0
0
0
0
0
0
0
0
0
0
0
0
0
0
0
0
0
0
0
0
0
0
0
0
0
0
0
0
0
0
0
0
0
0
0
14.0,539.0,66.0,58.0
59.0,517.0,69.0,61.0
99.0,503.0,73.0,64.0
139.0,493.0,73.0,64.0
177.0,483.0,73.0,64.0
211.0,476.0,73.0,64.0
247.0,472.0,73.0,64.0
278.0,467.0,73.0,64.0
309.0,462.0,76.0,67.0
333.0,455.0,73.0,64.0
347.0,444.0,73.0,64.0
364.0,431.0,73.0,64.0
381.0,423.0,69.0,61.0
397.0,415.0,69.0,61.0
408.0,405.0,69.0,61.0
419.0,397.0,69.0,61.0
432.0,388.0,66.0,58.0
443.0,378.0,66.0,58.0
452.0,366.0,66.0,58.0
461.0,352.0,66.0,58.0
467.0,338.0,69.0,61.0
476.0,326.0,69.0,61.0
484.0,315.0,69.0,61.0
494.0,303.0,69.0,61.0
500.0,295.0,69.0,61.0
502.0,282.0,73.0,64.0
501.0,266.0,76.0,67.0
507.0,253.0,76.0,67.0
514.0,245.0,80.0,70.0
520.0,244.0,84.0,74.0
524.0,247.0,84.0,74.0
529.0,248.0,84.0,74.0
535.0,248.0,84.0,74.0
544.0,249.0,84.0,74.0
556.0,254.0,84.0,74.0
566.0,261.0,84.0,74.0
579.0,269.0,84.0,74.0
592.0,279.0,84.0,74.0
604.0,288.0,84.0,74.0
613.0,304.0,84.0,74.0
630.0,317.0,80.0,70.0
643.0,331.0,80.0,70.0
658.0,342.0,80.0,70.0
668.0,353.0,80.0,70.0
682.0,368.0,76.0,67.0
693.0,373.0,76.0,67.0
706.0,386.0,73.0,64.0
723.0,408.0,73.0,64.0
726.0,435.0,76.0,67.0
731.0,454.0,76.0,67.0
736.0,470.0,76.0,67.0
729.0,489.0,76.0,67.0
725.0,500.0,76.0,67.0
721.0,508.0,80.0,70.0
722.0,516.0,76.0,67.0
718.0,521.0,76.0,67.0
715.0,527.0,73.0,64.0
727.0,527.0,60.0,54.0
721.0,531.0,69.0,54.0
733.0,521.0,59.0,57.0
735.0,518.0,59.0,57.0
735.0,515.0,62.0,60.0
745.0,505.0,62.0,60.0
753.0,493.0,62.0,60.0
770.0,485.0,59.0,57.0
785.0,463.0,62.0,60.0
799.0,445.0,62.0,60.0
814.0,433.0,62.0,60.0
827.0,421.0,62.0,60.0
841.0,410.0,62.0,60.0
848.0,399.0,62.0,60.0
869.0,381.0,62.0,60.0
874.0,364.0,62.0,60.0
861.0,352.0,65.0,63.0
846.0,342.0,68.0,66.0
831.0,329.0,68.0,66.0
823.0,319.0,68.0,66.0
798.0,301.0,68.0,66.0
798.0,295.0,68.0,66.0
791.0,290.0,68.0,66.0
814.0,267.0,68.0,66.0
800.0,266.0,68.0,66.0
799.0,264.0,68.0,66.0
796.0,265.0,65.0,63.0
789.0,258.0,65.0,63.0
781.0,254.0,62.0,60.0
769.0,246.0,62.0,60.0
762.0,239.0,62.0,60.0
756.0,226.0,62.0,60.0
757.0,216.0,62.0,60.0
757.0,213.0,59.0,57.0
758.0,210.0,59.0,57.0
754.0,206.0,59.0,57.0
749.0,202.0,59.0,57.0
738.0,197.0,62.0,60.0
731.0,191.0,65.0,63.0
729.0,181.0,65.0,63.0
733.0,169.0,65.0,63.0
734.0,157.0,65.0,63.0
735.0,149.0,65.0,63.0
735.0,144.0,65.0,63.0
734.0,144.0,62.0,60.0
734.0,140.0,62.0,60.0
708.0,142.0,83.0,61.0
657.0,173.0,60.0,53.0
655.0,165.0,60.0,53.0
660.0,159.0,57.0,50.0
662.0,151.0,57.0,50.0
648.0,133.0,87.0,73.0
640.0,135.0,87.0,73.0
638.0,134.0,87.0,73.0
634.0,141.0,83.0,70.0
627.0,139.0,83.0,70.0
621.0,125.0,83.0,70.0
619.0,120.0,79.0,66.0
628.0,115.0,75.0,63.0
638.0,114.0,75.0,63.0
632.0,117.0,75.0,63.0
638.0,126.0,48.0,39.0
636.0,124.0,48.0,39.0
632.0,120.0,48.0,39.0
628.0,116.0,48.0,39.0
630.0,115.0,48.0,39.0
637.0,113.0,48.0,39.0
632.0,113.0,48.0,39.0
633.0,112.0,48.0,39.0
632.0,112.0,48.0,39.0
634.0,114.0,46.0,37.0
635.0,118.0,44.0,35.0
637.0,120.0,44.0,35.0
638.0,120.0,41.0,34.0
642.0,122.0,41.0,34.0
644.0,122.0,41.0,34.0
646.0,123.0,41.0,34.0
649.0,125.0,41.0,34.0
650.0,130.0,44.0,35.0
651.0,135.0,41.0,34.0
654.0,142.0,44.0,35.0
655.0,142.0,46.0,37.0
655.0,146.0,48.0,39.0
663.0,153.0,48.0,39.0
672.0,159.0,48.0,39.0
682.0,166.0,46.0,37.0
691.0,173.0,46.0,37.0
699.0,182.0,46.0,37.0
707.0,191.0,46.0,37.0
713.0,200.0,46.0,37.0
719.0,206.0,46.0,37.0
724.0,218.0,46.0,37.0
731.0,228.0,46.0,37.0
741.0,237.0,46.0,37.0
754.0,248.0,46.0,37.0
759.0,258.0,46.0,37.0
773.0,271.0,46.0,37.0
789.0,283.0,48.0,39.0
801.0,295.0,48.0,39.0
812.0,306.0,50.0,41.0
823.0,318.0,53.0,43.0
834.0,328.0,56.0,45.0
848.0,340.0,56.0,45.0
863.0,352.0,56.0,45.0
879.0,363.0,56.0,45.0
896.0,376.0,56.0,45.0
909.0,387.0,56.0,45.0
928.0,399.0,56.0,45.0
944.0,410.0,56.0,45.0
959.0,420.0,56.0,45.0
979.0,431.0,56.0,45.0
994.0,441.0,58.0,47.0
1013.0,451.0,56.0,45.0
1028.0,461.0,56.0,45.0
1050.0,471.0,53.0,43.0
1079.0,479.0,53.0,43.0
1099.0,488.0,53.0,43.0
1122.0,497.0,50.0,41.0
1142.0,505.0,50.0,41.0
1161.0,514.0,50.0,41.0
1181.0,521.0,50.0,41.0
1201.0,529.0,50.0,41.0
1221.0,535.0,50.0,41.0
1224.0,543.0,50.0,41.0
1228.0,549.0,50.0,41.0
1232.0,553.0,48.0,39.0
1234.0,556.0,46.0,37.0
1231.0,553.0,48.0,39.0
1234.0,563.0,46.0,37.0
0
0
0
0
0
0
0
0
0
0
0
0
0
0
0
0
0
0
0
0
0
0
0
0
0
0
0
0
0
0
0
0
0
0
0
0
0
0
0
0
0
0
0
0
0
0
0
0
0
0
0
0
0
0
0
0
0
0
0
0
0
0
0
0
0
0
0
0
0
0
0
0
0
0
0
0
0
0
0
0
0
0
0
0
0
0
0
0
0
0
0
0
0
0
0
0
0
0
0
0
0
0
0
0
0
0
0
0
0
0
0
0
0
0
0
0
0
0
0
0
0
0
0
0
0
0
0
0
0
0
0
0
0
0
0
0
0
0
0
0
0
0
0
0
0
0
0
0
0
0
0
0
0
0
0
0
0
0
0
0
0
0
0
0
0
0
0
0
0
0
0
0
0
0
0
0
0
0
0
0
0
0
0
0
0
0
0
0
0
0
0
0
0
0
0
0
0
0
0
0
0
0
0
0
0
0
0
0
0
0
0
0
0
0
0
0
0
0
0
0
0
0
0
0
0
0
0
0
0
0
0
0
0
0
0
0
0
0
0
0
0
0
0
0
0
0
0
0
0
0
0
0
0
0
0
0
0
0
0
0
0
0
0
0
0
0
0
0
0
1233.0,465.0,41.0,40.0
1231.0,460.0,41.0,40.0
1229.0,460.0,41.0,40.0
1220.0,462.0,41.0,40.0
1202.0,460.0,43.0,42.0
1191.0,459.0,43.0,42.0
1185.0,458.0,43.0,42.0
1168.0,463.0,43.0,42.0
1158.0,469.0,43.0,42.0
1149.0,471.0,43.0,42.0
1144.0,467.0,43.0,42.0
1136.0,467.0,41.0,40.0
1128.0,472.0,41.0,40.0
1118.0,474.0,41.0,40.0
1110.0,475.0,41.0,40.0
1100.0,478.0,41.0,40.0
1086.0,484.0,41.0,40.0
1077.0,485.0,41.0,40.0
1070.0,487.0,43.0,42.0
1063.0,486.0,43.0,42.0
1055.0,484.0,43.0,42.0
1045.0,488.0,43.0,42.0
1037.0,490.0,45.0,44.0
1024.0,490.0,45.0,44.0
1016.0,494.0,45.0,44.0
1006.0,498.0,45.0,44.0
994.0,503.0,45.0,44.0
984.0,507.0,45.0,44.0
978.0,508.0,43.0,42.0
969.0,509.0,41.0,40.0
957.0,509.0,43.0,42.0
947.0,515.0,41.0,40.0
938.0,516.0,41.0,40.0
929.0,522.0,39.0,38.0
919.0,531.0,39.0,38.0
907.0,537.0,39.0,38.0
897.0,539.0,39.0,38.0
888.0,536.0,41.0,40.0
874.0,534.0,41.0,40.0
864.0,534.0,41.0,40.0
859.0,533.0,41.0,40.0
851.0,535.0,43.0,42.0
838.0,542.0,43.0,42.0
827.0,551.0,41.0,40.0
817.0,558.0,39.0,38.0
806.0,562.0,39.0,38.0
797.0,560.0,39.0,38.0
785.0,556.0,41.0,40.0
774.0,555.0,41.0,40.0
764.0,556.0,41.0,40.0
754.0,554.0,43.0,42.0
738.0,558.0,43.0,42.0
727.0,563.0,43.0,42.0
715.0,571.0,43.0,42.0
700.0,575.0,43.0,42.0
690.0,577.0,43.0,42.0
678.0,577.0,43.0,42.0
665.0,575.0,43.0,42.0
652.0,572.0,45.0,44.0
640.0,574.0,45.0,44.0
627.0,578.0,45.0,44.0
614.0,581.0,45.0,44.0
602.0,588.0,45.0,44.0
590.0,591.0,45.0,44.0
577.0,591.0,45.0,44.0
567.0,590.0,45.0,44.0
553.0,587.0,45.0,44.0
540.0,586.0,45.0,44.0
526.0,585.0,47.0,46.0
512.0,587.0,47.0,46.0
498.0,591.0,47.0,46.0
487.0,598.0,47.0,46.0
476.0,601.0,47.0,46.0
462.0,602.0,50.0,49.0
450.0,598.0,50.0,49.0
437.0,597.0,50.0,49.0
422.0,594.0,50.0,49.0
409.0,594.0,50.0,49.0
394.0,595.0,50.0,49.0
379.0,598.0,50.0,49.0
368.0,604.0,50.0,49.0
356.0,608.0,50.0,49.0
344.0,612.0,50.0,49.0
332.0,611.0,50.0,49.0
321.0,611.0,50.0,49.0
305.0,607.0,50.0,49.0
292.0,605.0,50.0,49.0
276.0,607.0,50.0,49.0
263.0,609.0,50.0,49.0
251.0,613.0,50.0,49.0
241.0,621.0,50.0,49.0
231.0,627.0,50.0,49.0
217.0,628.0,50.0,49.0
206.0,628.0,50.0,49.0
194.0,627.0,50.0,49.0
180.0,625.0,50.0,49.0
166.0,627.0,50.0,49.0
154.0,629.0,50.0,49.0
143.0,635.0,50.0,49.0
132.0,642.0,50.0,49.0
122.0,647.0,50.0,49.0
112.0,650.0,50.0,49.0
102.0,650.0,50.0,49.0
91.0,650.0,50.0,49.0
78.0,648.0,50.0,49.0
66.0,651.0,50.0,49.0
48.0,652.0,53.0,48.0
36.0,662.0,53.0,48.0
33.0,666.0,53.0,48.0
24.0,678.0,51.0,40.0
14.0,680.0,51.0,40.0
5.0,680.0,51.0,40.0
-2.0,685.0,54.0,42.0
-1.0,692.0,51.0,40.0
-6.0,694.0,51.0,40.0
-8.0,699.0,51.0,40.0
0
0
0
0
0
0
0
0
0
0
0
0
0
0
0
0
0
0
0
0
0
0
0
0
0
0
0
0
0
0
0
0
0
0
0
0
0
0
0
0
0
0
0
0
0
0
0
0
0
0
0
0
0
0
0
0
0
0
0
0
0
0
0
0
0
0
0
0
0
0
0
0
0
0
0
0
0
0
0
0
0
0
0
0
0
0
0
0
0
0
0
0
0
0
0
0
0
0
0
0
0
0
0
0
0
0
0
0
0
0
0
0
0
0
0
0
0
0
0
0
0
0
0
0
0
0
0
0
0
0
0
0
0
0
0
0
0
0
0
0
0
0
0
0
0
0
0
0
0
0
0
0
0
0
0
0
0
0
0
0
0
0
0
0
0
0
0
0
0
0
0
0
0
0
0
0
0
0
0
0
0
0
0
0
0
0
0
0
0
1028.0,7.0,82.0,74.0
1011.0,8.0,82.0,74.0
985.0,7.0,82.0,74.0
963.0,11.0,82.0,74.0
942.0,15.0,82.0,74.0
917.0,17.0,82.0,74.0
893.0,32.0,86.0,78.0
877.0,62.0,82.0,74.0
865.0,80.0,78.0,70.0
848.0,88.0,78.0,70.0
825.0,93.0,78.0,70.0
806.0,93.0,82.0,74.0
788.0,104.0,82.0,74.0
768.0,113.0,86.0,78.0
749.0,124.0,86.0,78.0
730.0,141.0,82.0,74.0
712.0,156.0,82.0,74.0
699.0,172.0,82.0,74.0
685.0,186.0,86.0,78.0
671.0,196.0,86.0,78.0
654.0,202.0,90.0,82.0
641.0,213.0,90.0,82.0
624.0,226.0,90.0,82.0
611.0,241.0,90.0,82.0
601.0,257.0,95.0,86.0
596.0,273.0,90.0,82.0
589.0,277.0,90.0,82.0
592.0,290.0,51.0,41.0
588.0,298.0,51.0,41.0
578.0,306.0,51.0,41.0
564.0,312.0,43.0,37.0
558.0,320.0,43.0,37.0
538.0,320.0,46.0,42.0
530.0,325.0,46.0,42.0
518.0,333.0,46.0,42.0
506.0,342.0,46.0,42.0
495.0,348.0,46.0,42.0
491.0,354.0,46.0,42.0
482.0,360.0,44.0,40.0
476.0,366.0,44.0,40.0
473.0,374.0,42.0,38.0
471.0,375.0,44.0,40.0
464.0,385.0,44.0,40.0
457.0,391.0,44.0,40.0
454.0,400.0,44.0,40.0
453.0,404.0,44.0,40.0
452.0,412.0,44.0,40.0
451.0,416.0,44.0,40.0
450.0,424.0,44.0,40.0
452.0,430.0,44.0,40.0
454.0,436.0,44.0,40.0
458.0,442.0,44.0,40.0
463.0,448.0,42.0,38.0
471.0,454.0,42.0,38.0
478.0,458.0,42.0,38.0
478.0,460.0,42.0,38.0
484.0,466.0,40.0,36.0
490.0,470.0,42.0,38.0
493.0,475.0,42.0,38.0
501.0,480.0,42.0,38.0
500.0,480.0,42.0,38.0
515.0,486.0,42.0,38.0
527.0,490.0,42.0,38.0
538.0,493.0,42.0,38.0
549.0,499.0,42.0,38.0
556.0,506.0,42.0,38.0
563.0,512.0,42.0,38.0
574.0,511.0,40.0,36.0
585.0,514.0,40.0,36.0
600.0,514.0,38.0,35.0
613.0,510.0,38.0,35.0
627.0,516.0,36.0,33.0
636.0,518.0,38.0,35.0
643.0,525.0,40.0,36.0
651.0,528.0,38.0,35.0
660.0,534.0,38.0,35.0
675.0,538.0,38.0,35.0
698.0,542.0,40.0,36.0
702.0,536.0,42.0,38.0
713.0,536.0,42.0,38.0
722.0,539.0,44.0,40.0
733.0,545.0,44.0,40.0
740.0,546.0,44.0,40.0
744.0,549.0,44.0,40.0
759.0,555.0,44.0,40.0
774.0,552.0,44.0,40.0
778.0,547.0,44.0,40.0
785.0,540.0,46.0,42.0
794.0,540.0,46.0,42.0
800.0,543.0,46.0,42.0
808.0,545.0,46.0,42.0
819.0,549.0,44.0,40.0
830.0,552.0,42.0,38.0
842.0,553.0,42.0,38.0
851.0,544.0,44.0,40.0
856.0,539.0,44.0,40.0
864.0,537.0,46.0,42.0
873.0,537.0,46.0,42.0
882.0,539.0,46.0,42.0
891.0,540.0,48.0,44.0
902.0,543.0,48.0,44.0
911.0,541.0,48.0,44.0
917.0,533.0,51.0,46.0
922.0,525.0,51.0,46.0
931.0,520.0,51.0,46.0
938.0,517.0,51.0,46.0
946.0,514.0,51.0,46.0
951.0,514.0,51.0,46.0
959.0,512.0,53.0,49.0
967.0,512.0,53.0,49.0
973.0,506.0,53.0,49.0
977.0,495.0,53.0,49.0
980.0,487.0,53.0,49.0
984.0,482.0,53.0,49.0
990.0,478.0,53.0,49.0
992.0,474.0,53.0,49.0
990.0,468.0,56.0,51.0
978.0,459.0,56.0,51.0
930.0,441.0,31.0,31.0
909.0,431.0,25.0,19.0
885.0,413.0,29.0,29.0
886.0,407.0,28.0,27.0
890.0,407.0,28.0,26.0
893.0,409.0,27.0,25.0
898.0,409.0,27.0,17.0
902.0,407.0,27.0,17.0
910.0,403.0,27.0,17.0
914.0,395.0,28.0,18.0
921.0,389.0,28.0,18.0
926.0,387.0,28.0,18.0
933.0,384.0,28.0,18.0
940.0,380.0,28.0,18.0
945.0,377.0,28.0,18.0
952.0,374.0,30.0,19.0
957.0,370.0,30.0,19.0
962.0,363.0,28.0,18.0
968.0,358.0,28.0,18.0
974.0,352.0,28.0,18.0
980.0,348.0,28.0,18.0
987.0,346.0,28.0,18.0
992.0,342.0,28.0,18.0
1001.0,336.0,28.0,18.0
1004.0,331.0,30.0,19.0
1005.0,325.0,30.0,19.0
1006.0,320.0,30.0,19.0
998.0,314.0,30.0,19.0
1003.0,308.0,30.0,19.0
1005.0,304.0,31.0,20.0
1007.0,301.0,30.0,19.0
1007.0,298.0,30.0,19.0
1007.0,294.0,30.0,19.0
1004.0,289.0,30.0,19.0
998.0,284.0,30.0,19.0
1000.0,278.0,28.0,18.0
990.0,274.0,28.0,18.0
992.0,271.0,27.0,17.0
989.0,269.0,27.0,17.0
988.0,267.0,26.0,16.0
986.0,265.0,26.0,16.0
981.0,261.0,26.0,16.0
979.0,256.0,26.0,16.0
980.0,249.0,27.0,17.0
980.0,244.0,27.0,17.0
982.0,238.0,28.0,18.0
988.0,234.0,28.0,18.0
991.0,232.0,28.0,18.0
998.0,228.0,28.0,18.0
1005.0,223.0,28.0,18.0
1010.0,216.0,28.0,18.0
1012.0,209.0,30.0,19.0
1019.0,201.0,30.0,19.0
1025.0,194.0,28.0,18.0
1032.0,189.0,28.0,18.0
1038.0,183.0,28.0,18.0
1044.0,177.0,30.0,19.0
1055.0,171.0,30.0,19.0
1064.0,166.0,30.0,19.0
1071.0,160.0,30.0,19.0
1079.0,152.0,31.0,20.0
1080.0,144.0,33.0,21.0
1085.0,136.0,33.0,21.0
1093.0,128.0,33.0,21.0
1101.0,122.0,33.0,21.0
1108.0,117.0,33.0,21.0
1117.0,112.0,33.0,21.0
1126.0,109.0,33.0,21.0
1137.0,103.0,33.0,21.0
1147.0,95.0,33.0,21.0
1156.0,86.0,34.0,22.0
1164.0,75.0,34.0,22.0
1179.0,63.0,34.0,22.0
1195.0,55.0,34.0,22.0
1207.0,46.0,36.0,23.0
1222.0,38.0,36.0,23.0
1241.0,31.0,36.0,23.0
1242.0,20.0,36.0,23.0
0
0
0
0
0
0
0
0
0
0
0
0
0
0
0
0
0
0
0
0
0
0
0
0
0
0
0
0
0
0
0
0
1222.0,95.0,35.0,33.0
1143.0,135.0,32.0,29.0
1071.0,171.0,31.0,28.0
1004.0,201.0,35.0,29.0
944.0,225.0,37.0,34.0
891.0,248.0,36.0,33.0
855.0,265.0,38.0,35.0
795.0,282.0,50.0,36.0
767.0,290.0,52.0,38.0
725.0,303.0,56.0,43.0
711.0,315.0,53.0,41.0
672.0,320.0,51.0,43.0
657.0,325.0,51.0,43.0
630.0,341.0,57.0,29.0
625.0,341.0,37.0,33.0
620.0,349.0,37.0,33.0
611.0,354.0,37.0,33.0
603.0,359.0,37.0,33.0
594.0,358.0,37.0,33.0
591.0,352.0,37.0,33.0
589.0,354.0,37.0,33.0
590.0,355.0,37.0,33.0
588.0,357.0,37.0,33.0
587.0,360.0,35.0,31.0
586.0,362.0,35.0,31.0
585.0,365.0,35.0,31.0
586.0,366.0,35.0,31.0
584.0,369.0,35.0,31.0
584.0,370.0,35.0,31.0
591.0,376.0,37.0,33.0
586.0,379.0,37.0,33.0
583.0,380.0,37.0,33.0
586.0,382.0,37.0,33.0
590.0,384.0,37.0,33.0
592.0,388.0,35.0,31.0
588.0,393.0,35.0,31.0
589.0,392.0,35.0,31.0
588.0,393.0,35.0,31.0
593.0,396.0,34.0,30.0
595.0,398.0,32.0,29.0
595.0,400.0,32.0,29.0
599.0,402.0,34.0,30.0
600.0,404.0,34.0,30.0
603.0,405.0,34.0,30.0
599.0,407.0,34.0,30.0
603.0,406.0,32.0,29.0
601.0,406.0,34.0,30.0
602.0,407.0,34.0,30.0
602.0,406.0,34.0,30.0
605.0,408.0,32.0,29.0
604.0,408.0,32.0,29.0
605.0,407.0,32.0,29.0
607.0,406.0,32.0,29.0
612.0,404.0,32.0,29.0
610.0,402.0,32.0,29.0
614.0,402.0,30.0,27.0
616.0,400.0,29.0,26.0
619.0,398.0,28.0,25.0
620.0,398.0,26.0,23.0
620.0,396.0,26.0,23.0
624.0,396.0,26.0,23.0
628.0,393.0,26.0,24.0
628.0,394.0,26.0,24.0
639.0,389.0,27.0,25.0
632.0,383.0,27.0,25.0
633.0,385.0,28.0,26.0
637.0,384.0,27.0,25.0
643.0,383.0,27.0,25.0
643.0,382.0,26.0,24.0
646.0,382.0,26.0,24.0
649.0,380.0,26.0,24.0
649.0,380.0,24.0,23.0
650.0,380.0,23.0,22.0
654.0,380.0,23.0,22.0
655.0,380.0,23.0,22.0
657.0,379.0,23.0,22.0
661.0,377.0,22.0,21.0
664.0,375.0,21.0,20.0
667.0,376.0,21.0,20.0
669.0,374.0,20.0,19.0
672.0,373.0,20.0,19.0
674.0,375.0,19.0,18.0
678.0,372.0,19.0,18.0
680.0,373.0,19.0,18.0
680.0,373.0,19.0,18.0
683.0,372.0,19.0,18.0
684.0,371.0,19.0,18.0
688.0,371.0,19.0,18.0
691.0,370.0,19.0,18.0
693.0,370.0,19.0,18.0
695.0,369.0,19.0,18.0
697.0,369.0,19.0,18.0
697.0,367.0,20.0,19.0
699.0,367.0,20.0,19.0
700.0,366.0,20.0,19.0
701.0,366.0,20.0,19.0
704.0,366.0,20.0,19.0
706.0,368.0,20.0,19.0
708.0,367.0,20.0,19.0
