521.0,308.0,103.0,111.0
521.0,308.0,103.0,111.0
521.0,308.0,103.0,111.0
521.0,308.0,103.0,111.0
521.0,308.0,102.0,109.0
521.0,308.0,102.0,106.0
521.0,308.0,101.0,104.0
521.0,308.0,101.0,104.0
521.0,308.0,101.0,104.0
521.0,308.0,101.0,104.0
519.0,306.0,102.0,104.0
517.0,305.0,103.0,104.0
515.0,303.0,104.0,104.0
514.0,303.0,104.0,104.0
514.0,303.0,104.0,104.0
513.0,303.0,104.0,104.0
513.0,303.0,104.0,104.0
513.0,303.0,104.0,104.0
513.0,303.0,104.0,104.0
513.0,303.0,104.0,104.0
513.0,303.0,104.0,104.0
513.0,303.0,104.0,104.0
512.0,302.0,104.0,105.0
510.0,300.0,104.0,107.0
509.0,299.0,104.0,108.0
509.0,299.0,104.0,108.0
509.0,299.0,104.0,108.0
509.0,299.0,104.0,108.0
509.0,299.0,104.0,108.0
509.0,299.0,104.0,108.0
509.0,299.0,104.0,108.0
509.0,299.0,104.0,108.0
509.0,299.0,104.0,108.0
509.0,299.0,104.0,108.0
511.0,299.0,103.0,106.0
512.0,298.0,101.0,104.0
514.0,298.0,100.0,102.0
514.0,298.0,102.0,101.0
513.0,298.0,105.0,100.0
513.0,298.0,107.0,99.0
513.0,297.0,107.0,101.0
513.0,297.0,108.0,102.0
513.0,296.0,108.0,104.0
513.0,296.0,108.0,104.0
513.0,296.0,108.0,104.0
513.0,296.0,108.0,104.0
513.0,296.0,108.0,104.0
513.0,296.0,108.0,104.0
513.0,296.0,108.0,104.0
513.0,296.0,108.0,104.0
513.0,296.0,108.0,104.0
513.0,296.0,108.0,104.0
513.0,296.0,108.0,104.0
513.0,296.0,108.0,104.0
513.0,296.0,108.0,104.0
514.0,295.0,108.0,105.0
514.0,294.0,108.0,106.0
515.0,293.0,108.0,107.0
515.0,293.0,108.0,107.0
515.0,293.0,108.0,107.0
515.0,293.0,108.0,107.0
515.0,293.0,108.0,109.0
515.0,293.0,108.0,110.0
515.0,293.0,108.0,112.0
518.0,294.0,107.0,112.0
521.0,294.0,106.0,112.0
524.0,295.0,105.0,112.0
524.0,295.0,105.0,112.0
524.0,295.0,105.0,112.0
524.0,295.0,105.0,112.0
524.0,295.0,107.0,112.0
524.0,295.0,109.0,112.0
524.0,295.0,111.0,112.0
524.0,295.0,111.0,112.0
524.0,295.0,111.0,112.0
524.0,295.0,111.0,112.0
527.0,295.0,108.0,112.0
530.0,295.0,105.0,112.0
533.0,295.0,102.0,112.0
533.0,295.0,102.0,112.0
533.0,295.0,102.0,112.0
533.0,295.0,102.0,112.0
533.0,295.0,102.0,112.0
533.0,295.0,102.0,112.0
533.0,295.0,102.0,112.0
532.0,295.0,103.0,113.0
530.0,295.0,105.0,115.0
529.0,295.0,106.0,116.0
529.0,295.0,106.0,117.0
529.0,295.0,106.0,117.0
529.0,295.0,106.0,118.0
529.0,295.0,106.0,118.0
529.0,296.0,106.0,118.0
529.0,296.0,106.0,118.0
527.0,298.0,106.0,117.0
525.0,299.0,106.0,117.0
523.0,301.0,106.0,116.0
523.0,301.0,106.0,116.0
523.0,301.0,106.0,116.0
523.0,301.0,106.0,116.0
520.0,301.0,107.0,117.0
518.0,301.0,107.0,118.0
515.0,301.0,108.0,119.0
515.0,301.0,108.0,119.0
515.0,301.0,108.0,119.0
515.0,301.0,108.0,119.0
513.0,301.0,105.0,120.0
512.0,302.0,102.0,122.0
510.0,302.0,99.0,123.0
508.0,302.0,101.0,124.0
505.0,302.0,104.0,125.0
503.0,302.0,106.0,126.0
502.0,303.0,104.0,126.0
501.0,303.0,103.0,126.0
500.0,304.0,101.0,126.0
500.0,304.0,101.0,126.0
500.0,304.0,101.0,126.0
500.0,304.0,101.0,126.0
498.0,305.0,101.0,126.0
496.0,305.0,101.0,126.0
494.0,306.0,101.0,126.0
493.0,306.0,101.0,126.0
492.0,306.0,101.0,126.0
491.0,306.0,101.0,126.0
492.0,306.0,101.0,127.0
493.0,305.0,101.0,127.0
494.0,305.0,101.0,128.0
496.0,305.0,101.0,128.0
499.0,306.0,101.0,128.0
501.0,306.0,101.0,128.0
504.0,307.0,101.0,128.0
507.0,307.0,101.0,128.0
510.0,308.0,101.0,128.0
513.0,307.0,101.0,128.0
517.0,306.0,101.0,128.0
520.0,305.0,101.0,128.0
524.0,306.0,101.0,128.0
528.0,308.0,101.0,128.0
532.0,309.0,101.0,128.0
536.0,308.0,101.0,129.0
540.0,308.0,101.0,131.0
544.0,307.0,101.0,132.0
550.0,307.0,100.0,134.0
557.0,307.0,99.0,135.0
563.0,307.0,98.0,137.0
566.0,307.0,98.0,137.0
570.0,308.0,98.0,137.0
573.0,308.0,98.0,137.0
578.0,308.0,98.0,138.0
583.0,307.0,98.0,138.0
588.0,307.0,98.0,139.0
591.0,308.0,98.0,139.0
595.0,308.0,98.0,139.0
598.0,309.0,98.0,139.0
601.0,309.0,98.0,139.0
604.0,310.0,98.0,139.0
607.0,310.0,98.0,139.0
610.0,310.0,98.0,139.0
612.0,311.0,98.0,139.0
615.0,311.0,98.0,139.0
617.0,312.0,98.0,139.0
619.0,313.0,98.0,139.0
621.0,314.0,98.0,139.0
622.0,313.0,100.0,142.0
624.0,313.0,101.0,144.0
625.0,312.0,103.0,147.0
628.0,313.0,103.0,147.0
630.0,313.0,103.0,147.0
633.0,314.0,103.0,147.0
634.0,315.0,103.0,147.0
634.0,316.0,103.0,147.0
635.0,317.0,103.0,147.0
636.0,317.0,103.0,147.0
637.0,318.0,103.0,147.0
638.0,318.0,103.0,147.0
640.0,318.0,103.0,148.0
643.0,319.0,103.0,149.0
645.0,319.0,103.0,150.0
645.0,319.0,103.0,152.0
645.0,319.0,103.0,153.0
645.0,319.0,103.0,155.0
646.0,320.0,103.0,155.0
647.0,322.0,103.0,155.0
648.0,323.0,103.0,155.0
649.0,324.0,103.0,155.0
651.0,325.0,103.0,155.0
652.0,326.0,103.0,155.0
653.0,326.0,104.0,156.0
653.0,327.0,106.0,158.0
654.0,327.0,107.0,159.0
654.0,327.0,107.0,159.0
654.0,327.0,107.0,159.0
654.0,327.0,107.0,159.0
655.0,328.0,107.0,160.0
655.0,330.0,107.0,162.0
656.0,331.0,107.0,163.0
657.0,332.0,107.0,163.0
657.0,334.0,107.0,163.0
658.0,335.0,107.0,163.0
658.0,336.0,107.0,163.0
658.0,336.0,107.0,163.0
658.0,337.0,107.0,163.0
657.0,338.0,107.0,163.0
655.0,340.0,107.0,163.0
654.0,341.0,107.0,163.0
654.0,341.0,107.0,167.0
654.0,341.0,107.0,170.0
654.0,341.0,107.0,174.0
654.0,341.0,107.0,174.0
653.0,341.0,107.0,174.0
653.0,341.0,107.0,174.0
651.0,343.0,107.0,175.0
650.0,344.0,107.0,175.0
648.0,346.0,107.0,176.0
646.0,347.0,108.0,177.0
645.0,347.0,109.0,177.0
643.0,348.0,110.0,178.0
641.0,349.0,110.0,178.0
640.0,350.0,110.0,178.0
638.0,351.0,110.0,178.0
637.0,353.0,110.0,178.0
636.0,354.0,110.0,178.0
635.0,356.0,110.0,178.0
634.0,357.0,110.0,180.0
634.0,357.0,110.0,183.0
633.0,358.0,110.0,185.0
631.0,358.0,110.0,188.0
629.0,359.0,110.0,190.0
627.0,359.0,110.0,193.0
626.0,361.0,110.0,193.0
624.0,362.0,110.0,193.0
623.0,364.0,110.0,193.0
621.0,364.0,110.0,193.0
619.0,364.0,110.0,193.0
617.0,364.0,110.0,193.0
617.0,365.0,110.0,194.0
616.0,367.0,110.0,195.0
616.0,368.0,110.0,196.0
615.0,369.0,110.0,196.0
614.0,370.0,110.0,196.0
613.0,371.0,110.0,196.0
611.0,371.0,113.0,198.0
610.0,372.0,115.0,199.0
608.0,372.0,118.0,201.0
607.0,372.0,118.0,201.0
606.0,373.0,118.0,201.0
605.0,373.0,118.0,201.0
605.0,374.0,118.0,204.0
605.0,374.0,118.0,206.0
605.0,375.0,118.0,209.0
607.0,376.0,118.0,209.0
609.0,378.0,118.0,209.0
611.0,379.0,118.0,209.0
610.0,379.0,118.0,209.0
610.0,380.0,118.0,209.0
609.0,380.0,118.0,209.0
610.0,380.0,118.0,209.0
612.0,381.0,118.0,209.0
613.0,381.0,118.0,209.0
613.0,382.0,118.0,209.0
613.0,383.0,118.0,209.0
613.0,384.0,118.0,209.0
613.0,386.0,118.0,209.0
613.0,387.0,118.0,209.0
613.0,389.0,118.0,209.0
611.0,386.0,122.0,213.0
610.0,384.0,126.0,217.0
608.0,381.0,130.0,221.0
608.0,381.0,130.0,221.0
608.0,381.0,130.0,221.0
608.0,381.0,130.0,221.0
605.0,381.0,130.0,221.0
602.0,380.0,130.0,221.0
599.0,380.0,130.0,221.0
599.0,380.0,130.0,221.0
599.0,380.0,130.0,221.0
599.0,380.0,130.0,221.0
597.0,380.0,130.0,221.0
596.0,381.0,130.0,221.0
594.0,381.0,130.0,221.0
594.0,381.0,130.0,221.0
593.0,382.0,130.0,222.0
593.0,382.0,130.0,222.0
592.0,381.0,130.0,222.0
592.0,380.0,130.0,222.0
591.0,379.0,130.0,222.0
591.0,379.0,130.0,222.0
591.0,379.0,130.0,222.0
591.0,379.0,130.0,222.0
590.0,379.0,130.0,224.0
589.0,379.0,130.0,225.0
588.0,379.0,130.0,227.0
586.0,379.0,132.0,227.0
585.0,379.0,134.0,228.0
583.0,379.0,136.0,228.0
582.0,378.0,136.0,228.0
581.0,377.0,136.0,228.0
580.0,376.0,136.0,228.0
580.0,376.0,136.0,228.0
580.0,376.0,136.0,228.0
580.0,376.0,136.0,228.0
580.0,376.0,136.0,228.0
580.0,376.0,136.0,228.0
580.0,376.0,136.0,228.0
578.0,377.0,136.0,228.0
576.0,378.0,136.0,228.0
574.0,379.0,136.0,228.0
574.0,379.0,136.0,228.0
574.0,379.0,136.0,228.0
574.0,379.0,136.0,228.0
573.0,380.0,136.0,228.0
571.0,380.0,136.0,228.0
570.0,381.0,136.0,228.0
570.0,381.0,136.0,228.0
570.0,381.0,136.0,228.0
570.0,381.0,136.0,228.0
568.0,381.0,136.0,228.0
567.0,382.0,136.0,228.0
565.0,382.0,136.0,228.0
565.0,382.0,136.0,228.0
565.0,382.0,136.0,228.0
565.0,382.0,136.0,228.0
564.0,382.0,136.0,231.0
564.0,382.0,136.0,233.0
563.0,382.0,136.0,236.0
562.0,384.0,136.0,236.0
562.0,386.0,136.0,236.0
561.0,388.0,136.0,236.0
561.0,388.0,136.0,237.0
561.0,387.0,136.0,239.0
561.0,387.0,136.0,240.0
560.0,388.0,136.0,240.0
560.0,390.0,136.0,240.0
559.0,391.0,136.0,240.0
558.0,393.0,136.0,240.0
557.0,395.0,136.0,240.0
556.0,397.0,136.0,240.0
555.0,397.0,137.0,240.0
553.0,397.0,139.0,241.0
552.0,397.0,140.0,241.0
550.0,397.0,142.0,245.0
548.0,397.0,144.0,248.0
546.0,397.0,146.0,252.0
545.0,399.0,146.0,252.0
544.0,402.0,146.0,252.0
543.0,404.0,146.0,252.0
543.0,404.0,146.0,252.0
543.0,404.0,146.0,252.0
543.0,404.0,146.0,252.0
543.0,406.0,146.0,249.0
543.0,409.0,146.0,247.0
543.0,411.0,146.0,244.0
543.0,414.0,146.0,247.0
543.0,416.0,146.0,249.0
543.0,419.0,146.0,252.0
543.0,419.0,146.0,252.0
543.0,419.0,146.0,252.0
543.0,419.0,146.0,252.0
541.0,419.0,146.0,252.0
539.0,419.0,146.0,252.0
537.0,419.0,146.0,252.0
537.0,419.0,146.0,252.0
537.0,419.0,146.0,252.0
537.0,419.0,146.0,252.0
536.0,420.0,146.0,254.0
535.0,422.0,146.0,257.0
534.0,423.0,146.0,259.0
534.0,423.0,146.0,259.0
534.0,423.0,146.0,259.0
534.0,423.0,146.0,259.0
533.0,424.0,146.0,260.0
533.0,426.0,146.0,262.0
532.0,427.0,146.0,263.0
532.0,427.0,146.0,263.0
532.0,427.0,146.0,263.0
532.0,427.0,146.0,263.0
531.0,428.0,146.0,265.0
529.0,429.0,146.0,268.0
528.0,430.0,146.0,270.0
528.0,430.0,146.0,270.0
528.0,430.0,146.0,270.0
528.0,430.0,146.0,270.0
528.0,430.0,146.0,270.0
528.0,430.0,146.0,270.0
528.0,430.0,146.0,270.0
528.0,430.0,146.0,270.0
528.0,430.0,146.0,270.0
528.0,430.0,146.0,270.0
526.0,430.0,146.0,270.0
523.0,429.0,146.0,270.0
521.0,429.0,146.0,270.0
519.0,426.0,146.0,270.0
518.0,424.0,146.0,270.0
516.0,421.0,146.0,270.0
516.0,420.0,146.0,270.0
516.0,420.0,146.0,270.0
516.0,419.0,146.0,270.0
515.0,419.0,146.0,268.0
515.0,418.0,146.0,265.0
514.0,418.0,146.0,263.0
514.0,416.0,146.0,263.0
515.0,415.0,146.0,263.0
515.0,413.0,146.0,263.0
513.0,412.0,146.0,263.0
512.0,411.0,146.0,263.0
510.0,410.0,146.0,263.0
509.0,408.0,146.0,263.0
509.0,407.0,146.0,263.0
508.0,405.0,146.0,263.0
507.0,406.0,146.0,259.0
505.0,407.0,146.0,255.0
504.0,408.0,146.0,251.0
504.0,408.0,146.0,251.0
504.0,408.0,146.0,251.0
504.0,408.0,146.0,251.0
504.0,405.0,146.0,251.0
503.0,402.0,146.0,251.0
503.0,399.0,146.0,251.0
503.0,396.0,146.0,251.0
503.0,394.0,146.0,251.0
503.0,391.0,146.0,251.0
501.0,391.0,146.0,251.0
499.0,391.0,146.0,251.0
497.0,391.0,146.0,251.0
496.0,391.0,151.0,249.0
494.0,390.0,157.0,248.0
493.0,390.0,162.0,246.0
491.0,390.0,163.0,246.0
490.0,391.0,164.0,246.0
488.0,391.0,165.0,246.0
488.0,388.0,165.0,244.0
488.0,386.0,165.0,241.0
488.0,383.0,165.0,239.0
491.0,383.0,163.0,239.0
495.0,382.0,162.0,238.0
498.0,382.0,160.0,238.0
499.0,380.0,161.0,238.0
500.0,377.0,163.0,238.0
501.0,375.0,164.0,238.0
501.0,375.0,164.0,238.0
501.0,375.0,164.0,238.0
501.0,375.0,164.0,238.0
503.0,372.0,166.0,237.0
506.0,369.0,169.0,237.0
508.0,366.0,171.0,236.0
508.0,366.0,173.0,233.0
507.0,367.0,175.0,229.0
507.0,367.0,177.0,226.0
508.0,365.0,177.0,226.0
508.0,364.0,177.0,226.0
509.0,362.0,177.0,226.0
509.0,362.0,177.0,223.0
509.0,362.0,178.0,221.0
509.0,362.0,178.0,218.0
507.0,362.0,178.0,218.0
505.0,361.0,178.0,218.0
503.0,361.0,178.0,218.0
503.0,359.0,180.0,219.0
503.0,358.0,181.0,220.0
503.0,356.0,183.0,221.0
501.0,356.0,185.0,221.0
499.0,355.0,186.0,221.0
497.0,355.0,188.0,221.0
493.0,355.0,189.0,221.0
489.0,355.0,191.0,221.0
485.0,355.0,192.0,221.0
482.0,355.0,192.0,218.0
479.0,354.0,193.0,215.0
476.0,354.0,193.0,212.0
473.0,352.0,193.0,212.0
471.0,350.0,193.0,212.0
468.0,348.0,193.0,212.0
465.0,348.0,193.0,212.0
462.0,348.0,193.0,212.0
459.0,348.0,193.0,212.0
456.0,347.0,194.0,213.0
453.0,346.0,194.0,213.0
450.0,345.0,195.0,214.0
445.0,345.0,198.0,211.0
441.0,345.0,200.0,209.0
436.0,345.0,203.0,206.0
434.0,344.0,203.0,206.0
431.0,342.0,203.0,206.0
429.0,341.0,203.0,206.0
428.0,341.0,203.0,206.0
427.0,341.0,203.0,206.0
426.0,341.0,203.0,206.0
421.0,341.0,205.0,206.0
415.0,341.0,206.0,206.0
410.0,341.0,208.0,206.0
407.0,341.0,208.0,206.0
403.0,340.0,208.0,205.0
400.0,340.0,208.0,205.0
397.0,338.0,208.0,205.0
394.0,337.0,208.0,205.0
391.0,335.0,208.0,205.0
386.0,337.0,210.0,201.0
382.0,339.0,211.0,198.0
377.0,341.0,213.0,194.0
373.0,342.0,213.0,195.0
370.0,342.0,213.0,195.0
366.0,343.0,213.0,196.0
361.0,342.0,215.0,196.0
357.0,342.0,218.0,196.0
352.0,341.0,220.0,196.0
347.0,341.0,221.0,194.0
343.0,342.0,222.0,193.0
338.0,342.0,223.0,191.0
334.0,344.0,223.0,188.0
331.0,345.0,223.0,186.0
327.0,347.0,223.0,183.0
322.0,345.0,223.0,185.0
318.0,344.0,222.0,187.0
313.0,342.0,222.0,189.0
311.0,342.0,223.0,188.0
308.0,343.0,225.0,187.0
306.0,343.0,226.0,186.0
302.0,343.0,229.0,185.0
298.0,344.0,233.0,184.0
294.0,344.0,236.0,183.0
293.0,342.0,236.0,183.0
291.0,340.0,236.0,183.0
290.0,338.0,236.0,183.0
287.0,340.0,235.0,181.0
284.0,343.0,235.0,180.0
281.0,345.0,234.0,178.0
281.0,345.0,234.0,178.0
281.0,345.0,234.0,178.0
281.0,345.0,234.0,178.0
279.0,343.0,235.0,178.0
277.0,342.0,235.0,179.0
275.0,340.0,236.0,179.0
274.0,340.0,234.0,178.0
274.0,339.0,233.0,178.0
273.0,339.0,231.0,177.0
276.0,339.0,231.0,177.0
278.0,339.0,231.0,177.0
281.0,339.0,231.0,177.0
281.0,336.0,232.0,178.0
281.0,333.0,234.0,180.0
281.0,330.0,235.0,181.0
282.0,332.0,237.0,177.0
283.0,334.0,240.0,172.0
284.0,336.0,242.0,168.0
285.0,334.0,243.0,168.0
286.0,333.0,243.0,169.0
287.0,331.0,244.0,169.0
291.0,331.0,243.0,169.0
296.0,331.0,241.0,168.0
300.0,331.0,240.0,168.0
303.0,329.0,240.0,166.0
305.0,328.0,240.0,165.0
308.0,326.0,240.0,163.0
309.0,325.0,241.0,165.0
311.0,323.0,241.0,168.0
312.0,322.0,242.0,170.0
314.0,321.0,241.0,168.0
316.0,320.0,239.0,167.0
318.0,319.0,238.0,165.0
319.0,318.0,238.0,166.0
321.0,317.0,239.0,167.0
322.0,316.0,239.0,168.0
323.0,315.0,239.0,168.0
324.0,313.0,239.0,168.0
325.0,312.0,239.0,168.0
325.0,312.0,239.0,168.0
324.0,311.0,239.0,168.0
324.0,311.0,239.0,168.0
325.0,311.0,239.0,165.0
325.0,311.0,238.0,163.0
326.0,311.0,238.0,160.0
325.0,310.0,238.0,160.0
325.0,308.0,238.0,160.0
324.0,307.0,238.0,160.0
323.0,306.0,238.0,160.0
323.0,305.0,238.0,160.0
322.0,304.0,238.0,160.0
319.0,304.0,238.0,160.0
316.0,304.0,238.0,160.0
313.0,304.0,238.0,160.0
311.0,303.0,237.0,159.0
310.0,302.0,236.0,157.0
308.0,301.0,235.0,156.0
304.0,300.0,235.0,156.0
301.0,298.0,235.0,156.0
297.0,297.0,235.0,156.0
294.0,297.0,235.0,156.0
290.0,296.0,235.0,156.0
287.0,296.0,235.0,156.0
282.0,295.0,235.0,156.0
278.0,294.0,235.0,156.0
273.0,293.0,235.0,156.0
270.0,294.0,235.0,155.0
266.0,295.0,235.0,153.0
263.0,296.0,235.0,152.0
258.0,295.0,235.0,152.0
254.0,293.0,235.0,152.0
249.0,292.0,235.0,152.0
245.0,292.0,235.0,152.0
242.0,291.0,235.0,152.0
238.0,291.0,235.0,152.0
233.0,293.0,235.0,149.0
228.0,294.0,235.0,146.0
223.0,296.0,235.0,143.0
220.0,293.0,235.0,143.0
218.0,289.0,235.0,143.0
215.0,286.0,235.0,143.0
211.0,286.0,238.0,144.0
208.0,286.0,240.0,145.0
204.0,286.0,243.0,146.0
202.0,286.0,243.0,146.0
200.0,286.0,243.0,146.0
198.0,286.0,243.0,146.0
197.0,286.0,242.0,142.0
196.0,286.0,241.0,139.0
195.0,286.0,240.0,135.0
194.0,283.0,240.0,135.0
193.0,281.0,240.0,135.0
192.0,278.0,240.0,135.0
190.0,279.0,240.0,133.0
188.0,280.0,240.0,130.0
186.0,281.0,240.0,128.0
185.0,279.0,240.0,128.0
183.0,278.0,240.0,128.0
182.0,276.0,240.0,128.0
180.0,275.0,239.0,130.0
179.0,274.0,238.0,133.0
177.0,273.0,237.0,135.0
176.0,272.0,234.0,135.0
174.0,270.0,231.0,135.0
173.0,269.0,228.0,135.0
170.0,268.0,231.0,136.0
166.0,267.0,233.0,136.0
163.0,266.0,236.0,137.0
162.0,266.0,234.0,136.0
162.0,266.0,232.0,135.0
161.0,266.0,230.0,134.0
158.0,264.0,231.0,134.0
154.0,262.0,231.0,135.0
151.0,260.0,232.0,135.0
149.0,259.0,232.0,134.0
148.0,257.0,233.0,132.0
146.0,256.0,233.0,131.0
144.0,256.0,232.0,129.0
143.0,256.0,231.0,126.0
141.0,256.0,230.0,124.0
139.0,255.0,229.0,124.0
138.0,253.0,228.0,123.0
136.0,252.0,227.0,123.0
136.0,251.0,227.0,125.0
135.0,249.0,228.0,126.0
135.0,248.0,228.0,128.0
131.0,247.0,228.0,127.0
127.0,247.0,228.0,125.0
123.0,246.0,228.0,124.0
121.0,246.0,227.0,123.0
120.0,246.0,225.0,122.0
118.0,246.0,224.0,121.0
115.0,244.0,224.0,122.0
111.0,241.0,224.0,123.0
108.0,239.0,224.0,124.0
107.0,239.0,222.0,123.0
107.0,240.0,221.0,121.0
106.0,240.0,219.0,120.0
102.0,239.0,219.0,120.0
97.0,238.0,219.0,120.0
93.0,237.0,219.0,120.0
91.0,236.0,219.0,119.0
90.0,234.0,218.0,118.0
88.0,233.0,218.0,117.0
86.0,232.0,218.0,117.0
84.0,231.0,218.0,117.0
82.0,230.0,218.0,117.0
80.0,229.0,216.0,115.0
78.0,229.0,215.0,114.0
76.0,228.0,213.0,112.0
76.0,228.0,213.0,112.0
76.0,228.0,213.0,112.0
76.0,228.0,213.0,112.0
74.0,226.0,213.0,112.0
72.0,223.0,213.0,113.0
70.0,221.0,213.0,113.0
69.0,221.0,210.0,111.0
69.0,221.0,207.0,110.0
68.0,221.0,204.0,108.0
68.0,218.0,205.0,110.0
69.0,215.0,206.0,112.0
69.0,212.0,207.0,114.0
70.0,211.0,203.0,112.0
72.0,211.0,200.0,110.0
73.0,210.0,196.0,108.0
72.0,209.0,196.0,108.0
70.0,209.0,196.0,108.0
69.0,208.0,196.0,108.0
69.0,206.0,196.0,108.0
68.0,205.0,196.0,108.0
68.0,203.0,196.0,108.0
68.0,201.0,196.0,108.0
67.0,199.0,196.0,108.0
67.0,197.0,196.0,108.0
69.0,195.0,192.0,108.0
71.0,194.0,187.0,108.0
73.0,192.0,183.0,108.0
73.0,191.0,183.0,108.0
72.0,190.0,183.0,108.0
72.0,189.0,183.0,108.0
71.0,188.0,183.0,108.0
70.0,187.0,183.0,108.0
69.0,186.0,183.0,108.0
68.0,184.0,183.0,108.0
68.0,183.0,183.0,108.0
67.0,181.0,183.0,108.0
69.0,180.0,180.0,106.0
71.0,180.0,176.0,105.0
73.0,179.0,173.0,103.0
74.0,179.0,170.0,101.0
74.0,178.0,166.0,100.0
75.0,178.0,163.0,98.0
75.0,176.0,163.0,98.0
74.0,173.0,163.0,98.0
74.0,171.0,163.0,98.0
74.0,170.0,163.0,98.0
74.0,170.0,163.0,98.0
74.0,169.0,163.0,98.0
75.0,166.0,163.0,98.0
76.0,164.0,163.0,98.0
77.0,161.0,163.0,98.0
81.0,161.0,159.0,98.0
85.0,161.0,154.0,98.0
89.0,161.0,150.0,98.0
91.0,159.0,148.0,98.0
94.0,157.0,146.0,98.0
96.0,155.0,144.0,98.0
96.0,154.0,144.0,98.0
96.0,154.0,144.0,98.0
96.0,153.0,144.0,98.0
98.0,152.0,142.0,98.0
101.0,152.0,140.0,97.0
103.0,151.0,138.0,97.0
106.0,153.0,136.0,97.0
109.0,154.0,134.0,96.0
112.0,156.0,132.0,96.0
114.0,159.0,131.0,95.0
116.0,161.0,129.0,94.0
118.0,164.0,128.0,93.0
118.0,166.0,126.0,93.0
118.0,169.0,125.0,93.0
118.0,171.0,123.0,93.0
118.0,173.0,123.0,93.0
119.0,174.0,123.0,93.0
119.0,176.0,123.0,93.0
121.0,177.0,123.0,93.0
122.0,178.0,123.0,93.0
124.0,179.0,123.0,93.0
125.0,181.0,123.0,93.0
126.0,182.0,123.0,93.0
127.0,184.0,123.0,93.0
129.0,187.0,123.0,93.0
131.0,189.0,123.0,93.0
133.0,192.0,123.0,93.0
135.0,195.0,121.0,90.0
137.0,198.0,119.0,87.0
139.0,201.0,117.0,84.0
139.0,201.0,117.0,84.0
139.0,201.0,117.0,84.0
139.0,201.0,117.0,84.0
144.0,203.0,112.0,82.0
148.0,204.0,108.0,81.0
153.0,206.0,103.0,79.0
155.0,206.0,101.0,79.0
156.0,206.0,100.0,78.0
158.0,206.0,98.0,78.0
162.0,206.0,98.0,79.0
165.0,207.0,98.0,81.0
169.0,207.0,98.0,82.0
169.0,208.0,98.0,81.0
169.0,210.0,98.0,79.0
169.0,211.0,98.0,78.0
174.0,211.0,96.0,78.0
179.0,211.0,95.0,79.0
184.0,211.0,93.0,79.0
187.0,211.0,93.0,79.0
190.0,211.0,93.0,79.0
193.0,211.0,93.0,79.0
198.0,211.0,90.0,76.0
203.0,211.0,88.0,74.0
208.0,211.0,85.0,71.0
214.0,211.0,85.0,71.0
219.0,211.0,85.0,71.0
225.0,211.0,85.0,71.0
231.0,212.0,85.0,71.0
237.0,212.0,85.0,71.0
243.0,213.0,85.0,71.0
251.0,212.0,83.0,71.0
260.0,212.0,80.0,71.0
268.0,211.0,78.0,71.0
276.0,211.0,78.0,71.0
285.0,212.0,78.0,71.0
293.0,212.0,78.0,71.0
303.0,213.0,77.0,69.0
312.0,214.0,76.0,68.0
322.0,215.0,75.0,66.0
333.0,215.0,75.0,66.0
343.0,215.0,75.0,66.0
354.0,215.0,75.0,66.0
364.0,215.0,75.0,66.0
375.0,214.0,75.0,66.0
385.0,214.0,75.0,66.0
394.0,214.0,75.0,66.0
404.0,213.0,75.0,66.0
413.0,213.0,75.0,66.0
423.0,213.0,72.0,66.0
434.0,212.0,69.0,66.0
444.0,212.0,66.0,66.0
454.0,212.0,66.0,66.0
464.0,211.0,66.0,66.0
474.0,211.0,66.0,66.0
483.0,211.0,66.0,66.0
492.0,211.0,66.0,66.0
501.0,211.0,66.0,66.0
505.0,211.0,66.0,66.0
508.0,211.0,66.0,66.0
512.0,211.0,66.0,66.0
513.0,212.0,66.0,66.0
513.0,212.0,66.0,66.0
514.0,213.0,66.0,66.0
514.0,213.0,66.0,66.0
514.0,213.0,66.0,66.0
514.0,213.0,66.0,66.0
511.0,213.0,66.0,65.0
509.0,213.0,66.0,64.0
506.0,213.0,66.0,63.0
503.0,213.0,66.0,63.0
501.0,213.0,66.0,63.0
498.0,213.0,66.0,63.0
496.0,212.0,66.0,63.0
494.0,212.0,66.0,63.0
492.0,211.0,66.0,63.0
489.0,211.0,66.0,63.0
487.0,211.0,66.0,63.0
484.0,211.0,66.0,63.0
482.0,211.0,66.0,63.0
480.0,212.0,66.0,63.0
478.0,212.0,66.0,63.0
475.0,212.0,66.0,63.0
471.0,211.0,66.0,63.0
468.0,211.0,66.0,63.0
466.0,211.0,66.0,63.0
465.0,211.0,66.0,63.0
463.0,211.0,66.0,63.0
460.0,211.0,66.0,64.0
458.0,212.0,67.0,64.0
455.0,212.0,67.0,65.0
453.0,212.0,66.0,64.0
452.0,213.0,66.0,62.0
450.0,213.0,65.0,61.0
448.0,212.0,66.0,61.0
445.0,212.0,67.0,62.0
443.0,211.0,68.0,62.0
441.0,212.0,68.0,62.0
440.0,213.0,68.0,62.0
438.0,214.0,68.0,62.0
435.0,214.0,68.0,62.0
433.0,213.0,68.0,62.0
430.0,213.0,68.0,62.0
428.0,213.0,70.0,63.0
427.0,213.0,71.0,65.0
425.0,213.0,73.0,66.0
424.0,213.0,73.0,66.0
422.0,214.0,73.0,66.0
421.0,214.0,73.0,66.0
420.0,214.0,73.0,66.0
418.0,214.0,73.0,66.0
417.0,214.0,73.0,66.0
416.0,214.0,73.0,66.0
414.0,213.0,73.0,66.0
413.0,213.0,73.0,66.0
411.0,214.0,73.0,66.0
410.0,214.0,73.0,66.0
408.0,215.0,73.0,66.0
408.0,215.0,73.0,66.0
408.0,215.0,73.0,66.0
408.0,215.0,73.0,66.0
410.0,216.0,73.0,65.0
412.0,218.0,73.0,64.0
414.0,219.0,73.0,63.0
416.0,218.0,73.0,63.0
418.0,217.0,73.0,63.0
420.0,216.0,73.0,63.0
423.0,216.0,73.0,63.0
427.0,217.0,73.0,63.0
430.0,217.0,73.0,63.0
433.0,217.0,73.0,63.0
437.0,218.0,73.0,63.0
440.0,218.0,73.0,63.0
442.0,218.0,74.0,64.0
445.0,218.0,76.0,65.0
447.0,218.0,77.0,66.0
449.0,217.0,77.0,66.0
451.0,217.0,77.0,66.0
453.0,216.0,77.0,66.0
456.0,217.0,77.0,65.0
460.0,218.0,77.0,64.0
463.0,219.0,77.0,63.0
465.0,219.0,77.0,63.0
467.0,219.0,77.0,63.0
469.0,219.0,77.0,63.0
474.0,219.0,77.0,63.0
478.0,219.0,77.0,63.0
483.0,219.0,77.0,63.0
486.0,219.0,77.0,63.0
488.0,220.0,77.0,63.0
491.0,220.0,77.0,63.0
493.0,220.0,77.0,63.0
494.0,220.0,77.0,63.0
496.0,220.0,77.0,63.0
499.0,220.0,77.0,64.0
503.0,220.0,77.0,66.0
506.0,220.0,77.0,67.0
509.0,220.0,77.0,67.0
513.0,219.0,77.0,67.0
516.0,219.0,77.0,67.0
518.0,219.0,77.0,67.0
521.0,220.0,77.0,67.0
523.0,220.0,77.0,67.0
525.0,220.0,77.0,67.0
528.0,221.0,77.0,67.0
530.0,221.0,77.0,67.0
531.0,222.0,77.0,67.0
533.0,222.0,77.0,67.0
534.0,223.0,77.0,67.0
537.0,223.0,77.0,67.0
541.0,222.0,77.0,67.0
544.0,222.0,77.0,67.0
546.0,222.0,77.0,67.0
548.0,222.0,77.0,67.0
550.0,222.0,77.0,67.0
551.0,223.0,78.0,67.0
553.0,225.0,80.0,67.0
554.0,226.0,81.0,67.0
556.0,226.0,81.0,67.0
559.0,226.0,81.0,67.0
561.0,226.0,81.0,67.0
562.0,226.0,81.0,67.0
564.0,226.0,81.0,67.0
565.0,226.0,81.0,67.0
565.0,228.0,81.0,67.0
565.0,229.0,81.0,67.0
565.0,231.0,81.0,67.0
566.0,231.0,81.0,67.0
567.0,231.0,81.0,67.0
568.0,231.0,81.0,67.0
571.0,231.0,81.0,67.0
574.0,231.0,81.0,67.0
577.0,231.0,81.0,67.0
577.0,231.0,81.0,67.0
577.0,231.0,81.0,67.0
577.0,231.0,81.0,67.0
579.0,232.0,81.0,67.0
581.0,234.0,81.0,67.0
583.0,235.0,81.0,67.0
583.0,235.0,81.0,67.0
583.0,236.0,81.0,67.0
583.0,236.0,81.0,67.0
583.0,236.0,81.0,67.0
583.0,236.0,81.0,67.0
583.0,236.0,81.0,67.0
586.0,238.0,81.0,67.0
590.0,239.0,81.0,67.0
593.0,241.0,81.0,67.0
594.0,241.0,81.0,67.0
594.0,241.0,81.0,67.0
595.0,241.0,81.0,67.0
597.0,241.0,81.0,67.0
598.0,242.0,81.0,67.0
600.0,242.0,81.0,67.0
601.0,242.0,82.0,69.0
602.0,243.0,83.0,71.0
603.0,243.0,84.0,73.0
603.0,243.0,85.0,74.0
604.0,243.0,87.0,74.0
604.0,243.0,88.0,75.0
606.0,244.0,88.0,75.0
609.0,246.0,88.0,75.0
611.0,247.0,88.0,75.0
612.0,247.0,88.0,75.0
612.0,248.0,88.0,75.0
613.0,248.0,88.0,75.0
616.0,250.0,88.0,75.0
619.0,251.0,88.0,75.0
622.0,253.0,88.0,75.0
622.0,254.0,88.0,75.0
623.0,254.0,88.0,75.0
623.0,255.0,88.0,75.0
625.0,256.0,88.0,75.0
626.0,258.0,88.0,75.0
628.0,259.0,88.0,75.0
631.0,260.0,88.0,75.0
635.0,262.0,88.0,75.0
638.0,263.0,88.0,75.0
640.0,263.0,88.0,75.0
643.0,263.0,88.0,75.0
645.0,263.0,88.0,75.0
645.0,264.0,88.0,75.0
646.0,266.0,88.0,75.0
646.0,267.0,88.0,75.0
648.0,268.0,88.0,75.0
651.0,270.0,88.0,75.0
653.0,271.0,88.0,75.0
656.0,273.0,88.0,75.0
660.0,274.0,88.0,75.0
663.0,276.0,88.0,75.0
665.0,276.0,88.0,75.0
666.0,276.0,88.0,75.0
668.0,276.0,88.0,75.0
669.0,277.0,90.0,76.0
670.0,277.0,93.0,78.0
671.0,278.0,95.0,79.0
673.0,280.0,95.0,79.0
676.0,282.0,95.0,79.0
678.0,284.0,95.0,79.0
678.0,285.0,95.0,79.0
679.0,285.0,95.0,79.0
679.0,286.0,95.0,79.0
681.0,287.0,94.0,82.0
684.0,289.0,94.0,84.0
686.0,290.0,93.0,87.0
689.0,292.0,93.0,87.0
691.0,293.0,93.0,87.0
694.0,295.0,93.0,87.0
695.0,296.0,96.0,87.0
696.0,298.0,98.0,88.0
697.0,299.0,101.0,88.0
698.0,301.0,101.0,88.0
700.0,302.0,101.0,88.0
701.0,304.0,101.0,88.0
703.0,305.0,102.0,88.0
706.0,305.0,102.0,89.0
708.0,306.0,103.0,89.0
710.0,308.0,103.0,90.0
711.0,311.0,103.0,92.0
713.0,313.0,103.0,93.0
715.0,314.0,103.0,94.0
718.0,315.0,103.0,95.0
720.0,316.0,103.0,96.0
721.0,318.0,103.0,96.0
722.0,319.0,103.0,96.0
723.0,321.0,103.0,96.0
725.0,322.0,106.0,97.0
726.0,323.0,108.0,97.0
728.0,324.0,111.0,98.0
730.0,325.0,111.0,99.0
731.0,327.0,111.0,101.0
733.0,328.0,111.0,102.0
735.0,329.0,110.0,103.0
737.0,330.0,110.0,104.0
739.0,331.0,109.0,105.0
741.0,333.0,109.0,105.0
742.0,336.0,109.0,105.0
744.0,338.0,109.0,105.0
747.0,339.0,109.0,106.0
750.0,340.0,109.0,108.0
753.0,341.0,109.0,109.0
755.0,344.0,109.0,109.0
756.0,347.0,109.0,109.0
758.0,350.0,109.0,109.0
760.0,351.0,109.0,112.0
762.0,352.0,109.0,114.0
764.0,353.0,109.0,117.0
766.0,355.0,109.0,118.0
768.0,356.0,109.0,120.0
770.0,358.0,109.0,121.0
772.0,361.0,109.0,121.0
775.0,363.0,109.0,121.0
777.0,366.0,109.0,121.0
778.0,366.0,109.0,122.0
780.0,366.0,109.0,122.0
781.0,366.0,109.0,123.0
781.0,369.0,112.0,126.0
781.0,371.0,114.0,130.0
781.0,374.0,117.0,133.0
783.0,376.0,117.0,133.0
785.0,379.0,117.0,133.0
787.0,381.0,117.0,133.0
789.0,384.0,117.0,133.0
792.0,387.0,117.0,133.0
794.0,390.0,117.0,133.0
795.0,392.0,118.0,134.0
796.0,394.0,118.0,136.0
797.0,396.0,119.0,137.0
799.0,399.0,119.0,139.0
802.0,401.0,119.0,140.0
804.0,404.0,119.0,142.0
806.0,406.0,119.0,144.0
807.0,407.0,119.0,146.0
809.0,409.0,119.0,148.0
811.0,412.0,119.0,148.0
813.0,414.0,119.0,149.0
815.0,417.0,119.0,149.0
817.0,418.0,120.0,151.0
820.0,419.0,122.0,154.0
822.0,420.0,123.0,156.0
824.0,423.0,123.0,158.0
825.0,425.0,123.0,161.0
827.0,428.0,123.0,163.0
829.0,431.0,123.0,163.0
832.0,435.0,123.0,163.0
834.0,438.0,123.0,163.0
834.0,439.0,126.0,163.0
835.0,439.0,128.0,163.0
835.0,440.0,131.0,163.0
837.0,442.0,131.0,165.0
839.0,444.0,131.0,166.0
841.0,446.0,131.0,168.0
842.0,448.0,131.0,169.0
844.0,449.0,131.0,171.0
845.0,451.0,131.0,172.0
846.0,453.0,131.0,173.0
847.0,455.0,131.0,175.0
848.0,457.0,131.0,176.0
850.0,457.0,133.0,178.0
851.0,458.0,136.0,181.0
853.0,458.0,138.0,183.0
855.0,461.0,138.0,182.0
858.0,464.0,138.0,181.0
860.0,467.0,138.0,180.0
860.0,467.0,138.0,180.0
860.0,467.0,138.0,180.0
860.0,467.0,138.0,180.0
862.0,469.0,138.0,180.0
865.0,472.0,138.0,180.0
867.0,474.0,138.0,180.0
868.0,474.0,138.0,180.0
870.0,474.0,138.0,180.0
871.0,474.0,138.0,180.0
871.0,475.0,138.0,184.0
872.0,476.0,138.0,188.0
872.0,477.0,138.0,192.0
871.0,476.0,138.0,192.0
869.0,475.0,138.0,192.0
868.0,474.0,138.0,192.0
866.0,473.0,138.0,192.0
864.0,472.0,138.0,192.0
862.0,471.0,138.0,192.0
856.0,470.0,138.0,192.0
851.0,469.0,138.0,192.0
845.0,468.0,138.0,192.0
838.0,467.0,138.0,192.0
832.0,467.0,138.0,192.0
825.0,466.0,138.0,192.0
819.0,464.0,138.0,192.0
814.0,463.0,138.0,192.0
808.0,461.0,138.0,192.0
800.0,460.0,137.0,190.0
793.0,460.0,135.0,187.0
785.0,459.0,134.0,185.0
776.0,458.0,134.0,185.0
768.0,457.0,134.0,185.0
759.0,456.0,134.0,185.0
753.0,456.0,133.0,185.0
747.0,456.0,133.0,185.0
741.0,456.0,132.0,185.0
736.0,456.0,132.0,185.0
730.0,456.0,132.0,185.0
725.0,456.0,132.0,185.0
722.0,457.0,132.0,185.0
718.0,458.0,132.0,185.0
715.0,459.0,132.0,185.0
712.0,458.0,135.0,184.0
708.0,457.0,137.0,184.0
705.0,456.0,140.0,183.0
705.0,456.0,140.0,183.0
705.0,456.0,140.0,183.0
705.0,456.0,140.0,183.0
703.0,458.0,140.0,183.0
700.0,460.0,140.0,183.0
698.0,462.0,140.0,183.0
698.0,463.0,140.0,186.0
698.0,464.0,140.0,190.0
698.0,465.0,140.0,193.0
699.0,467.0,140.0,193.0
699.0,469.0,140.0,193.0
700.0,471.0,140.0,193.0
700.0,471.0,140.0,194.0
700.0,471.0,140.0,196.0
700.0,471.0,140.0,197.0
700.0,471.0,140.0,197.0
700.0,471.0,140.0,197.0
700.0,471.0,140.0,197.0
699.0,473.0,143.0,198.0
699.0,476.0,145.0,198.0
698.0,478.0,148.0,199.0
697.0,481.0,148.0,200.0
696.0,483.0,149.0,202.0
695.0,486.0,149.0,203.0
695.0,486.0,149.0,203.0
695.0,486.0,149.0,203.0
695.0,486.0,149.0,203.0
696.0,489.0,149.0,204.0
697.0,492.0,149.0,205.0
698.0,495.0,149.0,206.0
697.0,497.0,151.0,207.0
695.0,500.0,153.0,207.0
694.0,502.0,155.0,208.0
696.0,505.0,153.0,207.0
698.0,509.0,151.0,206.0
700.0,512.0,149.0,205.0
701.0,512.0,149.0,205.0
702.0,511.0,149.0,205.0
703.0,511.0,149.0,205.0
703.0,512.0,153.0,205.0
703.0,514.0,156.0,205.0
703.0,515.0,160.0,205.0
705.0,518.0,158.0,202.0
706.0,522.0,156.0,199.0
708.0,525.0,154.0,196.0
708.0,524.0,157.0,197.0
708.0,522.0,160.0,198.0
708.0,521.0,163.0,199.0
708.0,521.0,163.0,199.0
709.0,521.0,163.0,199.0
709.0,521.0,163.0,199.0
710.0,521.0,163.0,199.0
710.0,521.0,163.0,199.0
711.0,521.0,163.0,199.0
707.0,521.0,163.0,199.0
704.0,521.0,163.0,199.0
700.0,521.0,163.0,199.0
696.0,524.0,166.0,196.0
692.0,528.0,168.0,192.0
688.0,531.0,171.0,189.0
682.0,531.0,171.0,189.0
676.0,531.0,171.0,189.0
670.0,531.0,171.0,189.0
664.0,531.0,171.0,189.0
657.0,531.0,171.0,189.0
651.0,531.0,171.0,189.0
640.0,531.0,171.0,189.0
630.0,531.0,171.0,189.0
619.0,531.0,171.0,189.0
609.0,529.0,171.0,191.0
600.0,528.0,171.0,192.0
590.0,526.0,171.0,194.0
578.0,525.0,171.0,195.0
567.0,524.0,171.0,197.0
555.0,523.0,171.0,198.0
546.0,521.0,168.0,200.0
537.0,519.0,164.0,201.0
528.0,517.0,161.0,203.0
517.0,517.0,161.0,204.0
505.0,516.0,161.0,204.0
494.0,516.0,161.0,205.0
485.0,514.0,161.0,207.0
477.0,512.0,161.0,209.0
468.0,510.0,161.0,211.0
462.0,510.0,158.0,211.0
457.0,510.0,155.0,211.0
451.0,510.0,152.0,211.0
446.0,508.0,152.0,211.0
442.0,506.0,152.0,211.0
437.0,504.0,152.0,211.0
433.0,502.0,155.0,212.0
428.0,500.0,158.0,213.0
424.0,498.0,161.0,214.0
422.0,498.0,160.0,211.0
420.0,498.0,158.0,209.0
418.0,498.0,157.0,206.0
414.0,497.0,157.0,206.0
409.0,497.0,157.0,206.0
405.0,496.0,157.0,206.0
407.0,495.0,154.0,204.0
408.0,494.0,150.0,202.0
410.0,493.0,147.0,200.0
407.0,490.0,147.0,201.0
404.0,487.0,148.0,203.0
401.0,484.0,148.0,204.0
401.0,484.0,148.0,204.0
401.0,484.0,148.0,204.0
401.0,484.0,148.0,204.0
399.0,483.0,151.0,201.0
398.0,481.0,155.0,198.0
396.0,480.0,158.0,195.0
395.0,480.0,158.0,195.0
395.0,480.0,158.0,195.0
394.0,480.0,158.0,195.0
393.0,480.0,157.0,193.0
392.0,480.0,156.0,190.0
391.0,480.0,155.0,188.0
391.0,478.0,155.0,188.0
391.0,477.0,155.0,188.0
391.0,475.0,155.0,188.0
392.0,473.0,157.0,188.0
394.0,472.0,159.0,188.0
395.0,470.0,161.0,188.0
397.0,469.0,161.0,186.0
398.0,468.0,161.0,185.0
400.0,467.0,161.0,183.0
403.0,466.0,161.0,183.0
406.0,466.0,161.0,183.0
409.0,465.0,161.0,183.0
414.0,465.0,160.0,180.0
418.0,464.0,159.0,177.0
423.0,464.0,158.0,174.0
427.0,464.0,158.0,170.0
432.0,465.0,157.0,167.0
436.0,465.0,157.0,163.0
441.0,462.0,157.0,168.0
445.0,458.0,158.0,172.0
450.0,455.0,158.0,177.0
453.0,452.0,158.0,177.0
455.0,450.0,158.0,177.0
458.0,447.0,158.0,177.0
457.0,450.0,162.0,171.0
457.0,452.0,165.0,164.0
456.0,455.0,169.0,158.0
462.0,452.0,166.0,160.0
467.0,448.0,164.0,162.0
473.0,445.0,161.0,164.0
475.0,443.0,161.0,164.0
476.0,442.0,161.0,164.0
478.0,440.0,161.0,164.0
478.0,440.0,161.0,164.0
478.0,440.0,161.0,164.0
478.0,440.0,161.0,164.0
478.0,440.0,161.0,164.0
478.0,440.0,161.0,164.0
478.0,440.0,161.0,164.0
478.0,440.0,161.0,164.0
478.0,440.0,161.0,164.0
478.0,440.0,161.0,164.0
476.0,440.0,160.0,159.0
475.0,441.0,158.0,155.0
473.0,441.0,157.0,150.0
472.0,439.0,158.0,150.0
470.0,437.0,160.0,150.0
469.0,435.0,161.0,150.0
469.0,435.0,160.0,150.0
469.0,435.0,159.0,150.0
469.0,435.0,158.0,150.0
467.0,435.0,157.0,148.0
466.0,434.0,156.0,147.0
464.0,434.0,155.0,145.0
462.0,433.0,155.0,145.0
460.0,431.0,155.0,145.0
458.0,430.0,155.0,145.0
456.0,429.0,157.0,145.0
453.0,428.0,160.0,145.0
451.0,427.0,162.0,145.0
449.0,427.0,162.0,144.0
446.0,427.0,162.0,143.0
444.0,427.0,162.0,142.0
445.0,427.0,161.0,142.0
445.0,427.0,160.0,142.0
446.0,427.0,159.0,142.0
448.0,427.0,158.0,139.0
449.0,428.0,157.0,137.0
451.0,428.0,156.0,134.0
452.0,428.0,156.0,133.0
454.0,428.0,155.0,132.0
455.0,428.0,155.0,131.0
458.0,426.0,154.0,131.0
462.0,425.0,152.0,131.0
465.0,423.0,151.0,131.0
466.0,423.0,152.0,131.0
468.0,423.0,152.0,131.0
469.0,423.0,153.0,131.0
470.0,423.0,152.0,130.0
471.0,423.0,150.0,129.0
472.0,423.0,149.0,128.0
470.0,422.0,149.0,128.0
467.0,422.0,148.0,128.0
465.0,421.0,148.0,128.0
462.0,420.0,147.0,128.0
458.0,420.0,145.0,128.0
455.0,419.0,144.0,128.0
450.0,419.0,144.0,128.0
446.0,418.0,144.0,127.0
441.0,418.0,144.0,127.0
435.0,418.0,143.0,127.0
429.0,418.0,143.0,128.0
423.0,418.0,142.0,128.0
417.0,418.0,141.0,128.0
411.0,418.0,140.0,127.0
405.0,418.0,139.0,127.0
399.0,418.0,139.0,126.0
393.0,418.0,139.0,126.0
387.0,418.0,139.0,125.0
382.0,418.0,138.0,125.0
376.0,417.0,136.0,126.0
371.0,417.0,135.0,126.0
367.0,417.0,135.0,125.0
364.0,416.0,135.0,125.0
360.0,416.0,135.0,124.0
358.0,415.0,134.0,124.0
355.0,415.0,134.0,124.0
353.0,414.0,133.0,124.0
353.0,414.0,131.0,123.0
352.0,414.0,130.0,121.0
352.0,414.0,128.0,120.0
353.0,413.0,128.0,120.0
355.0,412.0,128.0,121.0
356.0,411.0,128.0,121.0
359.0,410.0,127.0,120.0
361.0,408.0,126.0,119.0
364.0,407.0,125.0,118.0
368.0,406.0,124.0,118.0
372.0,405.0,122.0,118.0
376.0,404.0,121.0,118.0
380.0,403.0,120.0,117.0
385.0,402.0,120.0,117.0
389.0,401.0,119.0,116.0
393.0,400.0,118.0,115.0
396.0,399.0,116.0,114.0
400.0,398.0,115.0,113.0
404.0,397.0,114.0,113.0
409.0,395.0,114.0,113.0
413.0,394.0,113.0,113.0
416.0,393.0,113.0,112.0
418.0,391.0,113.0,112.0
421.0,390.0,113.0,111.0
425.0,389.0,112.0,110.0
428.0,389.0,110.0,109.0
432.0,388.0,109.0,108.0
435.0,387.0,109.0,108.0
439.0,385.0,108.0,108.0
442.0,384.0,108.0,108.0
445.0,383.0,107.0,107.0
449.0,383.0,107.0,106.0
452.0,382.0,106.0,105.0
456.0,381.0,106.0,105.0
459.0,379.0,105.0,105.0
463.0,378.0,105.0,105.0
467.0,377.0,103.0,104.0
470.0,377.0,102.0,102.0
474.0,376.0,100.0,101.0
476.0,375.0,100.0,101.0
478.0,373.0,99.0,102.0
480.0,372.0,99.0,102.0
481.0,371.0,99.0,102.0
482.0,369.0,99.0,101.0
483.0,368.0,99.0,101.0
482.0,368.0,99.0,100.0
481.0,367.0,99.0,99.0
480.0,367.0,99.0,98.0
478.0,366.0,99.0,98.0
477.0,364.0,98.0,98.0
475.0,363.0,98.0,98.0
473.0,362.0,97.0,98.0
472.0,362.0,97.0,98.0
470.0,361.0,96.0,98.0
468.0,360.0,95.0,97.0
467.0,359.0,95.0,97.0
465.0,358.0,94.0,96.0
462.0,357.0,94.0,96.0
460.0,357.0,93.0,96.0
457.0,356.0,93.0,96.0
455.0,355.0,93.0,96.0
452.0,354.0,92.0,95.0
450.0,353.0,92.0,95.0
447.0,353.0,91.0,95.0
444.0,352.0,91.0,94.0
441.0,352.0,90.0,94.0
439.0,351.0,89.0,94.0
437.0,350.0,89.0,93.0
435.0,349.0,88.0,93.0
432.0,349.0,90.0,93.0
428.0,348.0,91.0,92.0
425.0,348.0,93.0,92.0
424.0,348.0,91.0,91.0
423.0,349.0,90.0,89.0
422.0,349.0,88.0,88.0
421.0,348.0,88.0,88.0
421.0,346.0,88.0,89.0
420.0,345.0,88.0,89.0
420.0,344.0,88.0,89.0
420.0,344.0,88.0,88.0
420.0,343.0,88.0,88.0
421.0,342.0,88.0,88.0
422.0,341.0,87.0,88.0
423.0,340.0,87.0,88.0
423.0,339.0,87.0,88.0
424.0,339.0,87.0,88.0
424.0,338.0,87.0,88.0
424.0,338.0,87.0,87.0
425.0,337.0,86.0,86.0
425.0,337.0,86.0,85.0
425.0,336.0,86.0,85.0
425.0,335.0,86.0,86.0
425.0,334.0,86.0,86.0
425.0,334.0,86.0,86.0
425.0,334.0,85.0,85.0
425.0,334.0,85.0,85.0
425.0,333.0,85.0,85.0
424.0,333.0,84.0,84.0
424.0,332.0,84.0,84.0
423.0,332.0,84.0,84.0
423.0,331.0,84.0,84.0
422.0,331.0,84.0,84.0
421.0,330.0,85.0,84.0
419.0,330.0,85.0,84.0
418.0,329.0,86.0,84.0
418.0,329.0,85.0,84.0
417.0,329.0,85.0,83.0
417.0,329.0,84.0,83.0
416.0,329.0,84.0,83.0
416.0,328.0,85.0,83.0
415.0,328.0,85.0,83.0
414.0,328.0,85.0,83.0
413.0,327.0,84.0,83.0
412.0,327.0,84.0,83.0
411.0,327.0,84.0,83.0
409.0,328.0,84.0,83.0
408.0,328.0,84.0,83.0
408.0,328.0,84.0,82.0
407.0,327.0,85.0,82.0
407.0,327.0,85.0,81.0
407.0,327.0,85.0,81.0
407.0,327.0,86.0,81.0
407.0,327.0,86.0,81.0
407.0,327.0,85.0,80.0
407.0,328.0,84.0,79.0
407.0,328.0,83.0,78.0
407.0,328.0,83.0,78.0
407.0,328.0,83.0,78.0
407.0,328.0,83.0,78.0
407.0,327.0,83.0,80.0
406.0,325.0,84.0,81.0
406.0,324.0,84.0,83.0
406.0,324.0,85.0,83.0
407.0,324.0,85.0,83.0
407.0,324.0,86.0,83.0
408.0,324.0,85.0,82.0
408.0,324.0,85.0,82.0
409.0,324.0,84.0,81.0
409.0,324.0,84.0,81.0
409.0,324.0,84.0,81.0
409.0,324.0,84.0,81.0
409.0,324.0,84.0,81.0
409.0,324.0,85.0,81.0
409.0,324.0,85.0,81.0
410.0,324.0,84.0,81.0
410.0,324.0,84.0,80.0
411.0,324.0,83.0,80.0
411.0,324.0,84.0,80.0
411.0,323.0,84.0,80.0
411.0,323.0,85.0,80.0
412.0,323.0,85.0,80.0
413.0,322.0,84.0,81.0
414.0,322.0,84.0,81.0
414.0,322.0,84.0,81.0
415.0,323.0,84.0,81.0
415.0,323.0,84.0,81.0
415.0,323.0,84.0,81.0
416.0,322.0,84.0,82.0
416.0,322.0,84.0,82.0
416.0,322.0,84.0,82.0
417.0,322.0,83.0,81.0
417.0,322.0,83.0,81.0
417.0,322.0,84.0,81.0
417.0,322.0,84.0,80.0
417.0,322.0,85.0,80.0
417.0,321.0,85.0,81.0
418.0,321.0,84.0,82.0
418.0,320.0,84.0,83.0
418.0,320.0,84.0,82.0
419.0,321.0,84.0,82.0
419.0,321.0,84.0,81.0
419.0,321.0,84.0,82.0
419.0,320.0,85.0,82.0
419.0,320.0,85.0,83.0
419.0,320.0,85.0,83.0
418.0,320.0,85.0,83.0
418.0,320.0,85.0,83.0
419.0,320.0,85.0,83.0
419.0,320.0,85.0,82.0
420.0,320.0,85.0,82.0
420.0,319.0,85.0,82.0
421.0,319.0,85.0,83.0
421.0,318.0,85.0,83.0
421.0,318.0,85.0,83.0
422.0,318.0,85.0,82.0
422.0,318.0,85.0,82.0
422.0,317.0,85.0,83.0
423.0,317.0,85.0,83.0
423.0,316.0,85.0,84.0
423.0,316.0,85.0,84.0
422.0,315.0,85.0,83.0
422.0,315.0,85.0,83.0
422.0,314.0,85.0,83.0
423.0,313.0,85.0,84.0
423.0,312.0,85.0,84.0
423.0,312.0,85.0,84.0
423.0,311.0,86.0,84.0
423.0,311.0,86.0,84.0
423.0,311.0,86.0,84.0
423.0,310.0,86.0,83.0
423.0,310.0,86.0,83.0
423.0,310.0,86.0,83.0
424.0,309.0,86.0,83.0
424.0,309.0,86.0,83.0
424.0,308.0,87.0,83.0
424.0,308.0,87.0,83.0
424.0,307.0,88.0,83.0
424.0,306.0,88.0,83.0
425.0,305.0,88.0,83.0
425.0,304.0,88.0,83.0
425.0,303.0,88.0,83.0
425.0,303.0,88.0,82.0
425.0,302.0,88.0,82.0
425.0,301.0,87.0,82.0
426.0,301.0,87.0,82.0
426.0,300.0,86.0,82.0
426.0,299.0,86.0,82.0
427.0,297.0,87.0,82.0
427.0,296.0,87.0,82.0
427.0,295.0,87.0,82.0
428.0,295.0,87.0,82.0
428.0,294.0,87.0,82.0
428.0,293.0,86.0,82.0
429.0,292.0,85.0,82.0
429.0,291.0,84.0,82.0
429.0,291.0,85.0,81.0
428.0,290.0,87.0,81.0
428.0,290.0,88.0,80.0
429.0,289.0,88.0,80.0
429.0,287.0,87.0,81.0
430.0,286.0,87.0,81.0
430.0,285.0,87.0,81.0
430.0,283.0,88.0,82.0
430.0,282.0,88.0,82.0
430.0,281.0,88.0,81.0
431.0,281.0,87.0,80.0
431.0,280.0,87.0,79.0
431.0,279.0,87.0,80.0
432.0,277.0,87.0,80.0
432.0,276.0,87.0,81.0
432.0,275.0,87.0,81.0
431.0,274.0,87.0,81.0
431.0,273.0,87.0,81.0
431.0,273.0,88.0,81.0
432.0,272.0,88.0,80.0
432.0,272.0,89.0,80.0
432.0,271.0,89.0,80.0
432.0,269.0,88.0,80.0
432.0,268.0,88.0,80.0
432.0,267.0,88.0,80.0
433.0,267.0,87.0,81.0
433.0,266.0,87.0,81.0
433.0,266.0,88.0,81.0
432.0,265.0,89.0,80.0
432.0,265.0,90.0,80.0
432.0,264.0,90.0,80.0
433.0,264.0,89.0,80.0
433.0,263.0,89.0,80.0
433.0,262.0,89.0,80.0
432.0,262.0,90.0,81.0
432.0,261.0,90.0,81.0
432.0,260.0,90.0,81.0
431.0,259.0,90.0,81.0
431.0,258.0,90.0,81.0
431.0,258.0,90.0,81.0
431.0,258.0,89.0,80.0
431.0,258.0,89.0,80.0
430.0,257.0,89.0,81.0
430.0,257.0,89.0,81.0
429.0,256.0,89.0,82.0
428.0,256.0,90.0,82.0
428.0,256.0,90.0,82.0
427.0,256.0,91.0,82.0
426.0,256.0,91.0,82.0
425.0,255.0,92.0,82.0
424.0,255.0,92.0,82.0
423.0,255.0,92.0,82.0
423.0,254.0,91.0,83.0
422.0,254.0,91.0,83.0
421.0,254.0,92.0,83.0
421.0,255.0,92.0,82.0
420.0,255.0,93.0,82.0
419.0,255.0,94.0,82.0
417.0,254.0,94.0,82.0
416.0,254.0,95.0,82.0
416.0,254.0,95.0,82.0
415.0,254.0,94.0,83.0
415.0,254.0,94.0,83.0
414.0,254.0,94.0,83.0
412.0,254.0,94.0,83.0
411.0,254.0,94.0,83.0
410.0,254.0,95.0,83.0
409.0,255.0,95.0,82.0
408.0,255.0,96.0,82.0
407.0,254.0,96.0,83.0
407.0,254.0,96.0,83.0
406.0,253.0,96.0,84.0
404.0,253.0,97.0,84.0
403.0,253.0,97.0,84.0
401.0,253.0,98.0,84.0
400.0,253.0,98.0,84.0
398.0,253.0,99.0,85.0
397.0,253.0,99.0,85.0
395.0,253.0,99.0,85.0
394.0,254.0,100.0,85.0
392.0,254.0,100.0,85.0
391.0,254.0,99.0,85.0
390.0,254.0,99.0,84.0
389.0,254.0,98.0,84.0
387.0,254.0,98.0,85.0
385.0,254.0,99.0,85.0
383.0,254.0,99.0,86.0
381.0,254.0,100.0,86.0
380.0,254.0,102.0,86.0
378.0,254.0,103.0,86.0
377.0,254.0,103.0,86.0
376.0,255.0,102.0,86.0
375.0,255.0,102.0,86.0
373.0,255.0,102.0,86.0
371.0,256.0,103.0,86.0
369.0,256.0,103.0,86.0
368.0,256.0,103.0,86.0
367.0,255.0,103.0,87.0
366.0,255.0,103.0,87.0
364.0,255.0,103.0,87.0
363.0,255.0,104.0,88.0
361.0,255.0,104.0,88.0
360.0,255.0,105.0,88.0
358.0,255.0,106.0,88.0
357.0,255.0,107.0,88.0
356.0,256.0,107.0,88.0
354.0,256.0,108.0,88.0
353.0,257.0,108.0,88.0
352.0,256.0,108.0,89.0
351.0,256.0,107.0,90.0
350.0,255.0,107.0,91.0
348.0,256.0,108.0,90.0
347.0,257.0,109.0,90.0
345.0,258.0,110.0,89.0
344.0,258.0,110.0,89.0
344.0,258.0,110.0,90.0
343.0,258.0,110.0,90.0
342.0,258.0,110.0,91.0
340.0,258.0,111.0,91.0
339.0,258.0,111.0,92.0
338.0,258.0,111.0,92.0
337.0,257.0,112.0,92.0
336.0,257.0,112.0,92.0
335.0,257.0,113.0,92.0
334.0,257.0,113.0,93.0
333.0,257.0,114.0,93.0
332.0,257.0,114.0,93.0
332.0,256.0,113.0,93.0
331.0,256.0,113.0,93.0
330.0,256.0,113.0,93.0
328.0,257.0,114.0,92.0
327.0,257.0,114.0,92.0
326.0,257.0,115.0,92.0
326.0,256.0,116.0,93.0
325.0,256.0,117.0,93.0
324.0,255.0,117.0,93.0
322.0,255.0,118.0,94.0
321.0,254.0,118.0,94.0
320.0,254.0,118.0,94.0
320.0,255.0,117.0,94.0
319.0,255.0,117.0,94.0
318.0,255.0,118.0,94.0
316.0,254.0,118.0,95.0
315.0,254.0,119.0,95.0
315.0,253.0,119.0,95.0
314.0,253.0,120.0,95.0
314.0,252.0,120.0,95.0
313.0,252.0,120.0,95.0
312.0,252.0,121.0,96.0
311.0,252.0,121.0,96.0
311.0,251.0,121.0,97.0
310.0,250.0,122.0,97.0
310.0,249.0,122.0,98.0
309.0,249.0,122.0,97.0
308.0,248.0,123.0,97.0
307.0,248.0,123.0,96.0
306.0,247.0,123.0,96.0
306.0,247.0,123.0,97.0
305.0,246.0,123.0,97.0
305.0,246.0,123.0,97.0
304.0,245.0,124.0,97.0
304.0,245.0,124.0,97.0
304.0,244.0,124.0,97.0
303.0,244.0,123.0,97.0
303.0,243.0,123.0,97.0
302.0,242.0,124.0,97.0
301.0,242.0,125.0,96.0
300.0,241.0,126.0,96.0
300.0,240.0,126.0,96.0
300.0,238.0,125.0,97.0
300.0,237.0,125.0,97.0
299.0,236.0,126.0,97.0
298.0,236.0,127.0,97.0
297.0,235.0,128.0,97.0
297.0,235.0,128.0,97.0
297.0,234.0,127.0,97.0
297.0,234.0,127.0,97.0
296.0,234.0,128.0,97.0
296.0,233.0,128.0,97.0
295.0,233.0,129.0,97.0
295.0,232.0,129.0,97.0
294.0,232.0,130.0,98.0
294.0,231.0,130.0,98.0
294.0,231.0,130.0,98.0
293.0,230.0,130.0,98.0
293.0,230.0,130.0,98.0
293.0,229.0,130.0,98.0
292.0,229.0,131.0,99.0
292.0,228.0,131.0,99.0
291.0,228.0,131.0,99.0
291.0,227.0,132.0,99.0
290.0,227.0,132.0,99.0
290.0,227.0,132.0,99.0
290.0,226.0,132.0,99.0
290.0,226.0,132.0,99.0
290.0,226.0,132.0,99.0
289.0,225.0,133.0,100.0
289.0,225.0,133.0,100.0
289.0,224.0,133.0,100.0
289.0,224.0,134.0,101.0
289.0,223.0,134.0,101.0
289.0,223.0,134.0,101.0
289.0,222.0,135.0,100.0
289.0,222.0,135.0,100.0
289.0,222.0,135.0,100.0
290.0,222.0,135.0,100.0
290.0,222.0,135.0,100.0
291.0,222.0,135.0,100.0
292.0,221.0,136.0,100.0
293.0,221.0,136.0,100.0
294.0,220.0,136.0,101.0
295.0,219.0,136.0,102.0
296.0,218.0,136.0,103.0
297.0,218.0,136.0,103.0
299.0,217.0,136.0,102.0
300.0,217.0,136.0,102.0
300.0,217.0,137.0,101.0
301.0,217.0,137.0,101.0
301.0,217.0,138.0,100.0
302.0,216.0,138.0,101.0
302.0,216.0,138.0,102.0
303.0,215.0,138.0,103.0
303.0,214.0,138.0,104.0
304.0,213.0,138.0,104.0
304.0,212.0,138.0,105.0
304.0,212.0,138.0,104.0
305.0,212.0,138.0,103.0
305.0,212.0,138.0,102.0
306.0,212.0,138.0,102.0
307.0,211.0,138.0,103.0
308.0,211.0,138.0,103.0
309.0,210.0,138.0,103.0
309.0,210.0,138.0,104.0
310.0,209.0,138.0,104.0
311.0,209.0,139.0,104.0
311.0,208.0,139.0,103.0
312.0,208.0,140.0,103.0
313.0,207.0,140.0,104.0
313.0,207.0,139.0,104.0
314.0,206.0,139.0,105.0
315.0,205.0,139.0,105.0
316.0,204.0,139.0,106.0
317.0,203.0,139.0,106.0
318.0,203.0,139.0,106.0
319.0,202.0,140.0,105.0
320.0,202.0,140.0,105.0
322.0,201.0,140.0,106.0
323.0,201.0,139.0,106.0
325.0,200.0,139.0,107.0
325.0,199.0,139.0,107.0
326.0,198.0,140.0,106.0
326.0,197.0,140.0,106.0
327.0,196.0,140.0,107.0
328.0,196.0,140.0,107.0
329.0,195.0,140.0,108.0
330.0,194.0,140.0,108.0
331.0,194.0,141.0,108.0
332.0,193.0,141.0,108.0
333.0,192.0,141.0,108.0
335.0,192.0,140.0,109.0
336.0,191.0,140.0,109.0
337.0,191.0,140.0,108.0
338.0,192.0,140.0,106.0
339.0,192.0,140.0,105.0
340.0,191.0,140.0,106.0
341.0,191.0,140.0,106.0
342.0,190.0,140.0,107.0
342.0,189.0,141.0,108.0
343.0,189.0,141.0,108.0
343.0,188.0,142.0,109.0
344.0,188.0,141.0,109.0
346.0,187.0,141.0,110.0
347.0,187.0,140.0,110.0
348.0,187.0,140.0,110.0
350.0,187.0,140.0,110.0
351.0,187.0,140.0,110.0
352.0,187.0,141.0,110.0
352.0,186.0,141.0,111.0
353.0,186.0,142.0,111.0
354.0,187.0,142.0,111.0
354.0,187.0,142.0,110.0
355.0,188.0,142.0,110.0
356.0,188.0,142.0,111.0
356.0,187.0,142.0,111.0
357.0,187.0,142.0,112.0
358.0,187.0,143.0,112.0
358.0,186.0,143.0,113.0
359.0,186.0,144.0,113.0
359.0,187.0,143.0,113.0
360.0,188.0,142.0,113.0
360.0,189.0,141.0,113.0
360.0,190.0,142.0,113.0
361.0,190.0,142.0,113.0
361.0,191.0,143.0,113.0
361.0,192.0,143.0,113.0
362.0,192.0,143.0,114.0
362.0,193.0,143.0,114.0
362.0,194.0,143.0,114.0
361.0,194.0,143.0,114.0
361.0,195.0,143.0,114.0
361.0,196.0,143.0,114.0
360.0,196.0,144.0,114.0
360.0,197.0,144.0,114.0
359.0,198.0,145.0,113.0
357.0,198.0,145.0,113.0
356.0,199.0,146.0,112.0
355.0,200.0,145.0,112.0
355.0,200.0,145.0,113.0
354.0,201.0,144.0,113.0
354.0,202.0,144.0,114.0
353.0,204.0,145.0,114.0
353.0,205.0,145.0,115.0
352.0,206.0,145.0,115.0
352.0,208.0,145.0,114.0
351.0,209.0,145.0,114.0
351.0,210.0,145.0,114.0
351.0,212.0,144.0,114.0
351.0,213.0,144.0,114.0
350.0,215.0,145.0,114.0
349.0,216.0,146.0,114.0
348.0,218.0,147.0,114.0
348.0,220.0,147.0,113.0
347.0,221.0,147.0,113.0
347.0,223.0,147.0,112.0
347.0,224.0,147.0,112.0
347.0,225.0,146.0,113.0
347.0,226.0,146.0,113.0
347.0,228.0,145.0,112.0
348.0,229.0,145.0,112.0
348.0,231.0,144.0,111.0
348.0,232.0,144.0,111.0
347.0,233.0,145.0,110.0
347.0,234.0,145.0,110.0
348.0,234.0,145.0,110.0
348.0,235.0,145.0,110.0
349.0,235.0,145.0,110.0
350.0,236.0,144.0,110.0
350.0,236.0,144.0,110.0
351.0,237.0,143.0,110.0
351.0,238.0,143.0,109.0
351.0,240.0,142.0,109.0
351.0,241.0,142.0,108.0
352.0,241.0,142.0,109.0
352.0,240.0,142.0,110.0
353.0,240.0,142.0,111.0
353.0,240.0,142.0,111.0
354.0,241.0,141.0,111.0
354.0,241.0,141.0,111.0
355.0,242.0,141.0,110.0
355.0,242.0,140.0,109.0
356.0,243.0,140.0,108.0
356.0,244.0,140.0,108.0
357.0,244.0,140.0,107.0
357.0,245.0,140.0,107.0
357.0,245.0,140.0,107.0
358.0,246.0,139.0,108.0
358.0,246.0,139.0,108.0
359.0,247.0,138.0,107.0
360.0,247.0,136.0,107.0
361.0,248.0,135.0,106.0
361.0,249.0,136.0,106.0
362.0,250.0,136.0,106.0
362.0,251.0,137.0,106.0
362.0,253.0,137.0,105.0
362.0,254.0,138.0,105.0
362.0,256.0,138.0,104.0
363.0,257.0,137.0,104.0
365.0,259.0,136.0,103.0
366.0,260.0,135.0,103.0
367.0,262.0,135.0,103.0
368.0,264.0,135.0,103.0
369.0,266.0,135.0,103.0
370.0,268.0,134.0,103.0
370.0,270.0,133.0,104.0
371.0,272.0,132.0,104.0
371.0,276.0,132.0,103.0
372.0,279.0,133.0,103.0
372.0,283.0,133.0,102.0
373.0,286.0,132.0,102.0
373.0,288.0,131.0,101.0
374.0,291.0,130.0,101.0
375.0,293.0,130.0,101.0
376.0,296.0,129.0,101.0
377.0,298.0,129.0,101.0
377.0,300.0,129.0,101.0
377.0,303.0,130.0,100.0
377.0,305.0,130.0,100.0
378.0,308.0,129.0,100.0
378.0,310.0,129.0,99.0
379.0,313.0,128.0,99.0
380.0,314.0,128.0,99.0
380.0,314.0,127.0,99.0
381.0,315.0,127.0,99.0
382.0,316.0,127.0,99.0
382.0,317.0,126.0,98.0
383.0,318.0,126.0,98.0
383.0,319.0,126.0,98.0
384.0,320.0,126.0,98.0
384.0,321.0,126.0,98.0
385.0,322.0,125.0,98.0
386.0,322.0,125.0,97.0
387.0,323.0,124.0,97.0
387.0,324.0,125.0,97.0
387.0,325.0,125.0,98.0
387.0,326.0,126.0,98.0
387.0,327.0,125.0,97.0
388.0,329.0,125.0,96.0
388.0,330.0,124.0,95.0
389.0,331.0,123.0,95.0
389.0,331.0,123.0,94.0
390.0,332.0,122.0,94.0
391.0,333.0,121.0,94.0
391.0,334.0,121.0,93.0
392.0,335.0,120.0,93.0
392.0,336.0,121.0,93.0
392.0,337.0,121.0,93.0
392.0,338.0,122.0,93.0
393.0,339.0,121.0,92.0
393.0,340.0,120.0,91.0
394.0,341.0,119.0,90.0
394.0,342.0,119.0,90.0
395.0,344.0,119.0,89.0
395.0,345.0,119.0,89.0
395.0,346.0,119.0,89.0
395.0,348.0,120.0,89.0
395.0,349.0,120.0,89.0
396.0,350.0,119.0,89.0
396.0,351.0,119.0,90.0
397.0,352.0,118.0,90.0
397.0,353.0,117.0,89.0
398.0,354.0,117.0,89.0
398.0,355.0,116.0,88.0
398.0,355.0,116.0,88.0
399.0,354.0,115.0,88.0
399.0,354.0,115.0,88.0
399.0,353.0,115.0,87.0
399.0,353.0,116.0,87.0
399.0,352.0,116.0,86.0
399.0,351.0,116.0,86.0
398.0,351.0,116.0,87.0
398.0,350.0,116.0,87.0
398.0,349.0,116.0,87.0
398.0,349.0,117.0,87.0
398.0,348.0,117.0,87.0
399.0,347.0,116.0,87.0
400.0,346.0,114.0,86.0
401.0,345.0,113.0,86.0
401.0,344.0,114.0,86.0
400.0,344.0,114.0,86.0
400.0,343.0,115.0,86.0
400.0,342.0,115.0,86.0
401.0,342.0,114.0,85.0
401.0,341.0,114.0,85.0
400.0,341.0,114.0,84.0
400.0,340.0,114.0,84.0
399.0,340.0,114.0,83.0
399.0,339.0,114.0,83.0
400.0,338.0,114.0,84.0
400.0,337.0,114.0,84.0
400.0,337.0,114.0,84.0
399.0,336.0,115.0,83.0
399.0,336.0,115.0,83.0
399.0,335.0,115.0,83.0
399.0,334.0,115.0,84.0
399.0,333.0,115.0,84.0
399.0,333.0,115.0,84.0
399.0,332.0,114.0,85.0
399.0,332.0,114.0,85.0
399.0,332.0,114.0,84.0
398.0,332.0,115.0,83.0
398.0,332.0,115.0,82.0
397.0,331.0,115.0,83.0
397.0,331.0,116.0,83.0
396.0,330.0,116.0,84.0
396.0,330.0,116.0,84.0
395.0,330.0,117.0,83.0
395.0,330.0,117.0,83.0
394.0,330.0,118.0,83.0
393.0,329.0,118.0,84.0
392.0,329.0,119.0,84.0
392.0,329.0,118.0,84.0
393.0,329.0,118.0,84.0
393.0,329.0,117.0,84.0
392.0,329.0,118.0,84.0
392.0,329.0,118.0,84.0
391.0,329.0,119.0,84.0
390.0,329.0,120.0,84.0
390.0,330.0,120.0,84.0
389.0,330.0,121.0,84.0
389.0,330.0,121.0,85.0
389.0,330.0,121.0,85.0
389.0,330.0,121.0,86.0
388.0,330.0,121.0,86.0
388.0,331.0,122.0,86.0
387.0,331.0,122.0,86.0
387.0,331.0,122.0,86.0
387.0,332.0,122.0,85.0
387.0,332.0,122.0,85.0
387.0,332.0,122.0,86.0
388.0,332.0,122.0,87.0
388.0,332.0,122.0,88.0
387.0,332.0,123.0,88.0
387.0,332.0,123.0,88.0
386.0,332.0,124.0,88.0
386.0,332.0,123.0,88.0
387.0,333.0,122.0,88.0
387.0,333.0,121.0,88.0
386.0,333.0,122.0,88.0
386.0,333.0,123.0,88.0
385.0,333.0,124.0,88.0
385.0,333.0,124.0,88.0
385.0,333.0,125.0,89.0
385.0,333.0,125.0,89.0
385.0,333.0,125.0,89.0
384.0,334.0,126.0,89.0
384.0,334.0,126.0,89.0
384.0,334.0,125.0,89.0
384.0,334.0,125.0,90.0
384.0,334.0,124.0,90.0
384.0,334.0,125.0,90.0
384.0,334.0,125.0,89.0
384.0,334.0,126.0,89.0
384.0,334.0,126.0,89.0
384.0,334.0,126.0,90.0
384.0,334.0,126.0,90.0
384.0,334.0,126.0,90.0
384.0,334.0,126.0,90.0
384.0,334.0,126.0,90.0
384.0,334.0,126.0,90.0
383.0,333.0,127.0,91.0
383.0,333.0,127.0,91.0
383.0,333.0,127.0,92.0
382.0,332.0,128.0,92.0
382.0,332.0,128.0,93.0
382.0,332.0,128.0,93.0
383.0,332.0,128.0,92.0
383.0,332.0,128.0,92.0
383.0,332.0,127.0,92.0
384.0,332.0,127.0,92.0
384.0,332.0,126.0,92.0
384.0,332.0,127.0,92.0
384.0,332.0,127.0,92.0
384.0,332.0,128.0,92.0
384.0,332.0,128.0,92.0
384.0,331.0,128.0,93.0
384.0,331.0,128.0,93.0
384.0,330.0,128.0,93.0
384.0,330.0,129.0,94.0
384.0,329.0,129.0,94.0
383.0,329.0,129.0,94.0
383.0,329.0,130.0,93.0
382.0,329.0,130.0,93.0
382.0,329.0,131.0,93.0
381.0,328.0,131.0,94.0
381.0,328.0,132.0,94.0
381.0,328.0,132.0,94.0
382.0,327.0,131.0,94.0
382.0,327.0,131.0,94.0
382.0,327.0,131.0,94.0
381.0,327.0,132.0,94.0
381.0,327.0,132.0,94.0
381.0,326.0,132.0,94.0
381.0,326.0,133.0,95.0
381.0,325.0,133.0,95.0
381.0,325.0,133.0,95.0
381.0,325.0,132.0,96.0
381.0,325.0,132.0,96.0
381.0,325.0,132.0,96.0
381.0,325.0,131.0,96.0
381.0,325.0,131.0,96.0
381.0,325.0,131.0,96.0
381.0,324.0,132.0,96.0
381.0,324.0,132.0,96.0
381.0,324.0,132.0,96.0
380.0,324.0,133.0,97.0
380.0,324.0,133.0,97.0
379.0,324.0,134.0,97.0
379.0,325.0,134.0,96.0
378.0,325.0,135.0,96.0
377.0,325.0,136.0,96.0
377.0,324.0,136.0,97.0
376.0,324.0,137.0,97.0
377.0,324.0,137.0,97.0
377.0,324.0,136.0,97.0
378.0,324.0,136.0,97.0
377.0,324.0,137.0,98.0
377.0,323.0,137.0,98.0
376.0,323.0,138.0,99.0
376.0,323.0,138.0,99.0
376.0,323.0,138.0,99.0
376.0,323.0,138.0,99.0
376.0,323.0,138.0,99.0
376.0,324.0,138.0,100.0
376.0,324.0,138.0,100.0
376.0,324.0,138.0,100.0
376.0,325.0,139.0,100.0
376.0,325.0,139.0,100.0
376.0,326.0,139.0,100.0
376.0,326.0,138.0,99.0
376.0,327.0,138.0,99.0
376.0,327.0,139.0,100.0
375.0,327.0,139.0,100.0
375.0,327.0,140.0,101.0
375.0,327.0,141.0,101.0
374.0,328.0,141.0,102.0
374.0,328.0,142.0,102.0
374.0,329.0,142.0,102.0
374.0,329.0,141.0,101.0
374.0,330.0,141.0,101.0
373.0,330.0,141.0,102.0
373.0,329.0,142.0,103.0
372.0,329.0,142.0,104.0
372.0,330.0,142.0,103.0
372.0,330.0,142.0,103.0
372.0,331.0,142.0,102.0
372.0,331.0,143.0,102.0
371.0,331.0,143.0,103.0
371.0,331.0,144.0,103.0
371.0,332.0,144.0,103.0
371.0,332.0,144.0,104.0
371.0,333.0,144.0,104.0
371.0,333.0,144.0,104.0
371.0,334.0,144.0,105.0
371.0,334.0,144.0,105.0
371.0,334.0,144.0,106.0
371.0,334.0,145.0,106.0
371.0,334.0,145.0,107.0
370.0,335.0,146.0,107.0
369.0,335.0,148.0,108.0
368.0,336.0,149.0,108.0
368.0,336.0,149.0,108.0
367.0,337.0,148.0,107.0
367.0,337.0,148.0,107.0
367.0,337.0,148.0,107.0
367.0,338.0,148.0,108.0
367.0,338.0,148.0,108.0
367.0,338.0,148.0,108.0
367.0,338.0,149.0,109.0
367.0,338.0,149.0,109.0
367.0,339.0,149.0,109.0
367.0,339.0,149.0,110.0
367.0,340.0,149.0,110.0
367.0,341.0,149.0,110.0
367.0,341.0,150.0,111.0
367.0,342.0,150.0,111.0
366.0,343.0,151.0,111.0
365.0,343.0,151.0,111.0
364.0,344.0,152.0,111.0
364.0,344.0,152.0,111.0
363.0,344.0,153.0,112.0
363.0,344.0,153.0,112.0
363.0,344.0,153.0,112.0
363.0,345.0,153.0,113.0
363.0,345.0,153.0,113.0
363.0,346.0,153.0,113.0
362.0,346.0,154.0,113.0
362.0,347.0,154.0,113.0
362.0,347.0,154.0,114.0
362.0,348.0,155.0,114.0
362.0,348.0,155.0,115.0
362.0,348.0,155.0,115.0
362.0,348.0,155.0,116.0
362.0,348.0,155.0,116.0
362.0,349.0,156.0,116.0
361.0,349.0,157.0,115.0
361.0,350.0,158.0,115.0
361.0,350.0,158.0,115.0
361.0,349.0,157.0,116.0
361.0,349.0,157.0,116.0
362.0,349.0,157.0,116.0
362.0,350.0,157.0,117.0
363.0,350.0,157.0,117.0
364.0,350.0,156.0,117.0
365.0,349.0,155.0,116.0
366.0,349.0,154.0,116.0
366.0,349.0,155.0,116.0
367.0,349.0,155.0,116.0
367.0,349.0,156.0,116.0
367.0,348.0,156.0,116.0
368.0,348.0,157.0,117.0
368.0,347.0,157.0,117.0
368.0,347.0,157.0,117.0
369.0,347.0,157.0,117.0
369.0,347.0,157.0,117.0
370.0,347.0,157.0,117.0
371.0,347.0,156.0,116.0
372.0,347.0,156.0,116.0
372.0,347.0,156.0,117.0
373.0,346.0,156.0,117.0
373.0,346.0,156.0,118.0
373.0,346.0,157.0,117.0
373.0,347.0,157.0,116.0
373.0,347.0,158.0,115.0
375.0,346.0,156.0,116.0
376.0,346.0,155.0,116.0
378.0,345.0,153.0,117.0
378.0,345.0,154.0,117.0
378.0,344.0,155.0,116.0
378.0,344.0,156.0,116.0
379.0,344.0,155.0,115.0
380.0,345.0,155.0,115.0
381.0,345.0,154.0,114.0
382.0,344.0,154.0,114.0
383.0,344.0,153.0,115.0
384.0,343.0,153.0,115.0
385.0,343.0,153.0,115.0
386.0,344.0,152.0,114.0
387.0,344.0,152.0,114.0
388.0,344.0,152.0,114.0
388.0,343.0,151.0,114.0
389.0,343.0,151.0,114.0
390.0,343.0,151.0,114.0
391.0,342.0,151.0,114.0
392.0,342.0,151.0,114.0
392.0,342.0,151.0,114.0
393.0,342.0,152.0,114.0
393.0,342.0,152.0,114.0
394.0,342.0,152.0,113.0
394.0,342.0,151.0,113.0
395.0,342.0,151.0,112.0
396.0,341.0,151.0,112.0
397.0,341.0,150.0,113.0
398.0,340.0,150.0,113.0
399.0,340.0,150.0,113.0
399.0,340.0,150.0,112.0
400.0,340.0,150.0,112.0
401.0,340.0,150.0,112.0
403.0,340.0,149.0,111.0
404.0,340.0,149.0,111.0
405.0,340.0,149.0,112.0
405.0,339.0,149.0,113.0
406.0,339.0,149.0,114.0
406.0,339.0,149.0,113.0
407.0,340.0,149.0,112.0
407.0,340.0,149.0,111.0
408.0,340.0,149.0,111.0
408.0,340.0,148.0,112.0
409.0,340.0,148.0,112.0
410.0,341.0,148.0,112.0
410.0,341.0,149.0,113.0
411.0,342.0,149.0,113.0
412.0,342.0,149.0,113.0
413.0,342.0,149.0,114.0
414.0,342.0,149.0,114.0
414.0,342.0,149.0,114.0
415.0,342.0,149.0,115.0
415.0,342.0,149.0,115.0
416.0,342.0,149.0,115.0
416.0,343.0,149.0,115.0
417.0,343.0,149.0,115.0
417.0,343.0,150.0,115.0
417.0,343.0,150.0,116.0
417.0,343.0,151.0,116.0
417.0,344.0,151.0,116.0
418.0,344.0,152.0,117.0
418.0,345.0,152.0,117.0
419.0,345.0,152.0,118.0
420.0,345.0,151.0,119.0
421.0,345.0,151.0,120.0
421.0,346.0,151.0,120.0
422.0,347.0,152.0,120.0
422.0,348.0,152.0,120.0
422.0,348.0,152.0,121.0
423.0,348.0,153.0,121.0
423.0,348.0,153.0,122.0
423.0,349.0,154.0,122.0
422.0,349.0,154.0,122.0
422.0,350.0,155.0,122.0
422.0,351.0,155.0,122.0
421.0,351.0,155.0,122.0
421.0,352.0,155.0,122.0
421.0,353.0,155.0,122.0
421.0,355.0,155.0,122.0
421.0,356.0,155.0,122.0
421.0,357.0,155.0,122.0
422.0,358.0,155.0,122.0
422.0,359.0,155.0,122.0
422.0,359.0,155.0,124.0
423.0,359.0,155.0,126.0
423.0,359.0,155.0,128.0
424.0,359.0,155.0,129.0
424.0,360.0,155.0,130.0
425.0,360.0,155.0,131.0
425.0,360.0,156.0,132.0
425.0,360.0,156.0,133.0
425.0,360.0,157.0,134.0
425.0,361.0,158.0,134.0
425.0,362.0,159.0,134.0
425.0,363.0,160.0,134.0
426.0,364.0,160.0,136.0
428.0,364.0,160.0,138.0
429.0,365.0,160.0,140.0
429.0,366.0,160.0,140.0
429.0,366.0,160.0,140.0
429.0,367.0,160.0,140.0
429.0,368.0,160.0,140.0
430.0,368.0,160.0,140.0
430.0,369.0,160.0,140.0
431.0,369.0,160.0,140.0
431.0,370.0,160.0,140.0
432.0,370.0,160.0,140.0
433.0,370.0,160.0,140.0
433.0,371.0,160.0,140.0
434.0,371.0,160.0,140.0
434.0,371.0,160.0,141.0
435.0,372.0,160.0,142.0
435.0,372.0,160.0,143.0
435.0,373.0,161.0,143.0
435.0,373.0,162.0,143.0
435.0,374.0,163.0,143.0
436.0,374.0,163.0,143.0
437.0,374.0,163.0,143.0
438.0,374.0,163.0,143.0
439.0,376.0,163.0,143.0
440.0,377.0,163.0,143.0
441.0,379.0,163.0,143.0
441.0,379.0,163.0,143.0
441.0,379.0,163.0,143.0
441.0,379.0,163.0,143.0
442.0,379.0,163.0,144.0
442.0,379.0,163.0,145.0
443.0,379.0,163.0,146.0
443.0,379.0,163.0,148.0
443.0,379.0,163.0,150.0
443.0,379.0,163.0,152.0
444.0,379.0,163.0,152.0
444.0,380.0,163.0,152.0
445.0,380.0,163.0,152.0
445.0,382.0,163.0,152.0
445.0,383.0,164.0,152.0
445.0,385.0,164.0,152.0
445.0,386.0,164.0,152.0
445.0,386.0,165.0,152.0
445.0,387.0,165.0,152.0
445.0,387.0,165.0,152.0
445.0,387.0,166.0,153.0
445.0,387.0,166.0,153.0
446.0,388.0,166.0,154.0
446.0,389.0,166.0,154.0
447.0,390.0,166.0,155.0
448.0,391.0,166.0,155.0
448.0,391.0,166.0,155.0
449.0,392.0,166.0,155.0
448.0,392.0,167.0,157.0
448.0,392.0,169.0,158.0
447.0,392.0,170.0,160.0
447.0,393.0,170.0,160.0
448.0,394.0,170.0,160.0
448.0,395.0,170.0,160.0
448.0,395.0,171.0,161.0
448.0,395.0,171.0,162.0
448.0,395.0,172.0,163.0
448.0,396.0,172.0,163.0
449.0,396.0,172.0,163.0
449.0,397.0,172.0,163.0
449.0,397.0,172.0,163.0
450.0,397.0,172.0,163.0
450.0,397.0,172.0,163.0
450.0,398.0,173.0,163.0
451.0,399.0,173.0,164.0
451.0,400.0,174.0,164.0
451.0,400.0,174.0,165.0
451.0,400.0,175.0,167.0
451.0,400.0,175.0,168.0
452.0,400.0,175.0,169.0
452.0,400.0,175.0,169.0
453.0,400.0,175.0,170.0
454.0,401.0,175.0,170.0
456.0,401.0,175.0,170.0
457.0,402.0,175.0,170.0
458.0,402.0,175.0,170.0
458.0,402.0,175.0,170.0
459.0,402.0,175.0,170.0
460.0,402.0,175.0,170.0
460.0,402.0,176.0,170.0
461.0,402.0,176.0,170.0
461.0,402.0,176.0,170.0
461.0,402.0,176.0,170.0
461.0,402.0,176.0,170.0
462.0,402.0,176.0,170.0
463.0,402.0,176.0,170.0
464.0,402.0,176.0,170.0
465.0,402.0,176.0,170.0
467.0,402.0,176.0,170.0
468.0,402.0,176.0,170.0
469.0,401.0,176.0,170.0
469.0,400.0,176.0,170.0
470.0,399.0,176.0,170.0
471.0,399.0,176.0,170.0
471.0,399.0,176.0,170.0
472.0,399.0,176.0,170.0
473.0,397.0,176.0,170.0
473.0,396.0,176.0,170.0
474.0,394.0,176.0,170.0
475.0,394.0,176.0,170.0
476.0,394.0,176.0,170.0
477.0,394.0,176.0,170.0
477.0,394.0,176.0,170.0
477.0,394.0,176.0,170.0
477.0,394.0,176.0,170.0
477.0,394.0,176.0,170.0
477.0,394.0,176.0,170.0
477.0,394.0,176.0,170.0
477.0,394.0,176.0,170.0
478.0,394.0,176.0,170.0
478.0,394.0,176.0,170.0
479.0,394.0,176.0,170.0
479.0,394.0,176.0,170.0
480.0,394.0,176.0,170.0
480.0,394.0,176.0,170.0
480.0,394.0,176.0,170.0
480.0,394.0,176.0,170.0
480.0,394.0,176.0,170.0
480.0,394.0,176.0,170.0
480.0,394.0,176.0,170.0
480.0,394.0,176.0,171.0
480.0,394.0,176.0,172.0
480.0,394.0,176.0,173.0
480.0,394.0,176.0,173.0
479.0,395.0,176.0,173.0
479.0,395.0,176.0,173.0
477.0,396.0,177.0,173.0
476.0,396.0,177.0,173.0
474.0,397.0,178.0,173.0
473.0,398.0,179.0,173.0
472.0,400.0,179.0,173.0
471.0,401.0,180.0,173.0
468.0,401.0,182.0,174.0
466.0,401.0,183.0,175.0
463.0,401.0,185.0,176.0
462.0,401.0,186.0,177.0
461.0,401.0,187.0,179.0
460.0,401.0,188.0,180.0
457.0,402.0,189.0,181.0
455.0,402.0,189.0,181.0
452.0,403.0,190.0,182.0
449.0,403.0,191.0,183.0
447.0,404.0,192.0,184.0
444.0,404.0,193.0,185.0
440.0,405.0,195.0,185.0
437.0,406.0,196.0,185.0
433.0,407.0,198.0,185.0
431.0,408.0,199.0,187.0
429.0,408.0,199.0,189.0
427.0,409.0,200.0,191.0
424.0,410.0,201.0,191.0
422.0,410.0,202.0,191.0
419.0,411.0,203.0,191.0
414.0,411.0,206.0,193.0
410.0,411.0,209.0,194.0
405.0,411.0,212.0,196.0
402.0,414.0,213.0,197.0
398.0,416.0,213.0,197.0
395.0,419.0,214.0,198.0
