609.0,105.0,54.0,30.0
610.0,110.0,52.0,27.0
609.0,109.0,54.0,27.0
608.0,107.0,54.0,29.0
608.0,107.0,55.0,32.0
606.89,105.87,56.06,31.76
606.92,106.55,56.474,31.621
606.58,107.44,56.742,32.229
605.69,106.71,57.37,32.127
605.51,107.72,57.833,32.599
605.43,107.98,58.482,32.73
604.21,105.2,58.988,32.844
602.81,107.29,59.836,33.231
601.48,106.96,60.152,33.419
601.5,106.46,60.286,33.369
601.81,108.56,60.977,33.363
601.8,108.1,61.646,33.7
601.97,105.45,61.528,33.647
601.98,108.44,62.266,33.722
601.3,107.89,63.247,33.91
600.44,107.37,64.024,34.58
600.53,108.39,64.804,34.537
599.68,108.37,65.15,34.506
599.57,108.16,65.362,34.916
599.4,107.31,65.848,35.125
599.14,105.33,66.094,35.058
599.01,107.8,66.592,34.992
598.68,108.73,66.931,35.474
597.9,107.13,67.6,35.4
598.0,108.0,68.0,35.0
597.56,109.08,69.78,35.56
597.38,105.43,70.611,36.163
597.25,109.25,71.941,36.767
597.13,110.53,72.487,37.119
596.75,107.51,73.283,37.613
595.85,110.23,75.078,38.231
596.3,109.04,75.577,38.643
596.09,108.09,76.189,38.784
595.43,110.3,77.631,39.69
595.13,109.21,78.582,39.991
595.31,109.48,79.791,40.595
595.45,110.73,80.817,40.953
595.94,110.93,81.905,41.571
595.5,110.8,82.399,41.905
595.13,111.1,83.665,42.295
595.84,110.91,84.431,42.913
596.5,110.82,85.886,43.715
596.18,110.55,86.969,44.15
596.87,112.18,88.043,44.576
598.14,111.82,89.274,45.165
599.69,111.55,89.759,45.378
603.4,112.95,90.576,45.952
606.18,114.99,91.363,46.526
609.57,114.64,92.2,46.68
613.0,116.0,93.0,47.0
616.56,115.39,94.886,48.439
617.28,114.77,96.752,49.316
616.0,117.0,97.0,49.0
611.0,118.0,97.0,49.0
605.0,117.0,97.0,49.0
601.0,116.0,99.0,51.0
598.0,116.0,99.0,51.0
594.0,117.0,99.0,51.0
592.0,118.0,101.0,53.0
590.0,113.0,103.0,55.0
590.0,119.0,103.0,55.0
589.0,116.0,103.0,55.0
577.0,110.0,113.06,59.976
570.0,119.0,113.0,60.0
561.0,118.0,113.0,60.0
551.0,113.0,113.0,60.0
543.0,120.0,113.0,60.0
536.0,118.0,113.0,60.0
527.0,117.0,113.0,60.0
504.0,120.0,125.51,64.455
491.0,118.0,126.0,64.0
479.0,118.0,126.0,64.0
470.0,120.0,126.0,64.0
457.0,118.0,130.0,68.0
442.0,118.0,136.0,73.0
429.0,120.0,136.0,73.0
413.0,120.0,142.0,73.0
398.0,119.0,149.0,77.0
383.0,118.0,155.0,79.0
371.0,120.0,155.0,79.0
353.0,120.0,169.0,81.0
337.0,118.0,179.0,85.0
321.0,120.0,188.0,89.0
307.0,122.0,188.0,89.0
275.0,119.0,210.0,97.0
254.0,121.0,218.0,97.0
227.0,115.0,242.0,110.0
208.0,122.0,255.0,107.0
191.0,113.0,268.0,129.0
166.0,107.0,281.0,135.0
148.0,113.0,281.0,135.0
113.0,112.0,316.0,146.0
88.0,115.0,334.0,146.0
59.0,117.0,354.0,150.0
24.0,117.0,380.0,164.0
5.0,120.0,384.0,168.0
4.0,125.0,377.0,183.0
4.0,126.0,363.0,189.0
5.0,121.0,343.0,203.0
1.0,126.0,333.0,226.0
2.0,133.0,301.0,236.0
2.0,137.0,279.0,238.0
1.0,144.0,262.0,208.0
2.0,167.0,236.0,176.0
1.0,173.0,217.0,164.0
1.0,179.0,188.0,139.0
1.0,181.0,175.0,121.0
2.0,196.0,135.0,108.0
2.0,200.0,88.0,102.0
1.0,204.0,48.0,101.0
nan,nan,nan,nan
nan,nan,nan,nan
nan,nan,nan,nan
nan,nan,nan,nan
nan,nan,nan,nan
nan,nan,nan,nan
nan,nan,nan,nan
nan,nan,nan,nan
nan,nan,nan,nan
nan,nan,nan,nan
nan,nan,nan,nan
nan,nan,nan,nan
nan,nan,nan,nan
nan,nan,nan,nan
nan,nan,nan,nan
nan,nan,nan,nan
nan,nan,nan,nan
nan,nan,nan,nan
nan,nan,nan,nan
nan,nan,nan,nan
nan,nan,nan,nan
nan,nan,nan,nan
nan,nan,nan,nan
nan,nan,nan,nan
nan,nan,nan,nan
nan,nan,nan,nan
nan,nan,nan,nan
nan,nan,nan,nan
nan,nan,nan,nan
nan,nan,nan,nan
nan,nan,nan,nan
nan,nan,nan,nan
nan,nan,nan,nan
nan,nan,nan,nan
nan,nan,nan,nan
nan,nan,nan,nan
nan,nan,nan,nan
nan,nan,nan,nan
nan,nan,nan,nan
nan,nan,nan,nan
nan,nan,nan,nan
nan,nan,nan,nan
nan,nan,nan,nan
nan,nan,nan,nan
nan,nan,nan,nan
nan,nan,nan,nan
nan,nan,nan,nan
nan,nan,nan,nan
nan,nan,nan,nan
nan,nan,nan,nan
nan,nan,nan,nan
nan,nan,nan,nan
nan,nan,nan,nan
nan,nan,nan,nan
nan,nan,nan,nan
nan,nan,nan,nan
nan,nan,nan,nan
nan,nan,nan,nan
nan,nan,nan,nan
nan,nan,nan,nan
nan,nan,nan,nan
nan,nan,nan,nan
nan,nan,nan,nan
nan,nan,nan,nan
nan,nan,nan,nan
nan,nan,nan,nan
nan,nan,nan,nan
nan,nan,nan,nan
nan,nan,nan,nan
nan,nan,nan,nan
nan,nan,nan,nan
nan,nan,nan,nan
nan,nan,nan,nan
nan,nan,nan,nan
nan,nan,nan,nan
nan,nan,nan,nan
nan,nan,nan,nan
nan,nan,nan,nan
nan,nan,nan,nan
nan,nan,nan,nan
nan,nan,nan,nan
nan,nan,nan,nan
nan,nan,nan,nan
nan,nan,nan,nan
nan,nan,nan,nan
nan,nan,nan,nan
nan,nan,nan,nan
nan,nan,nan,nan
nan,nan,nan,nan
nan,nan,nan,nan
nan,nan,nan,nan
nan,nan,nan,nan
nan,nan,nan,nan
nan,nan,nan,nan
nan,nan,nan,nan
nan,nan,nan,nan
nan,nan,nan,nan
nan,nan,nan,nan
1164.0,229.0,116.0,136.0
1107.0,220.0,173.0,145.0
1060.0,209.0,220.0,154.0
1033.0,213.0,247.0,130.0
993.0,201.0,286.0,158.0
964.0,192.0,316.0,213.0
921.0,192.0,358.0,219.0
904.0,191.0,376.0,234.0
874.0,184.0,405.0,243.0
844.0,143.0,435.0,316.0
831.0,126.0,449.0,341.0
790.0,117.0,489.0,430.0
784.0,118.0,495.0,413.0
775.0,115.0,505.0,413.0
769.0,114.0,505.0,413.0
762.0,110.0,518.0,379.0
755.0,107.0,518.0,379.0
782.0,111.0,497.0,332.0
797.0,108.0,481.0,332.0
817.0,114.0,463.0,280.0
833.0,112.0,446.0,280.0
852.0,119.0,426.0,264.0
854.0,120.0,422.0,260.0
849.0,122.0,403.0,230.0
836.83,121.0,374.98,221.77
818.0,121.0,357.0,211.0
796.0,114.0,343.0,189.0
777.0,115.0,323.0,176.0
760.0,111.0,299.0,168.0
732.0,110.0,297.0,162.0
709.0,108.0,273.0,153.0
690.0,109.0,253.0,139.0
661.0,109.0,241.0,132.0
642.0,108.0,222.0,126.0
617.0,108.0,214.0,122.0
599.0,111.0,203.0,106.0
579.0,108.0,197.0,106.0
568.0,107.0,185.0,104.0
554.0,103.0,179.0,102.0
542.0,102.0,171.0,102.0
529.0,102.0,167.0,96.0
517.0,105.0,156.0,89.0
501.71,106.71,157.68,86.36
488.89,105.19,156.9,85.277
477.11,105.34,154.89,83.534
465.16,105.07,153.61,82.184
463.0,104.44,139.16,80.946
458.0,103.75,137.66,79.956
452.0,104.46,136.43,78.467
449.0,103.53,137.99,76.573
449.0,104.91,139.59,75.626
459.0,105.69,130.04,74.231
461.0,105.74,135.71,73.554
466.0,106.28,136.65,72.394
472.0,106.07,139.66,71.441
477.0,104.27,138.47,71.527
475.0,103.4,139.69,70.025
471.78,103.02,142.47,69.341
463.79,104.33,142.44,68.576
458.07,105.64,142.3,68.04
452.85,103.63,143.08,67.718
453.29,102.7,142.56,66.687
459.33,102.92,141.78,66.012
469.32,103.36,141.68,65.25
475.97,103.33,142.2,64.946
480.76,101.83,142.11,64.723
486.0,102.0,145.0,63.0
491.42,101.99,144.47,63.32
492.41,101.24,144.28,63.379
491.91,97.732,145.06,63.828
493.53,95.843,144.68,63.997
495.62,93.418,144.8,63.917
496.89,90.365,144.37,63.961
498.98,89.014,143.87,63.668
504.05,88.783,143.0,63.183
512.7,92.594,142.77,63.42
521.81,97.886,140.8,62.526
526.51,97.552,139.62,62.2
528.44,94.775,139.2,62.223
537.16,95.622,138.25,61.62
551.0,101.64,129.29,61.518
553.0,104.38,128.14,61.116
553.0,105.45,127.42,60.732
551.0,105.96,130.31,60.452
551.0,106.1,131.53,60.138
552.87,107.63,130.88,58.913
552.08,107.2,130.54,59.213
554.0,106.81,128.57,59.166
557.0,106.41,127.4,58.651
558.61,106.53,127.8,57.726
560.61,106.56,126.68,57.69
563.0,106.0,124.0,57.0
565.07,105.64,122.34,57.72
569.7,105.52,121.35,57.758
576.0,106.67,120.71,57.767
582.07,108.34,119.52,57.746
585.99,108.23,118.99,57.557
590.57,105.87,118.0,57.308
594.36,103.18,115.93,56.506
604.19,103.26,115.58,56.734
615.32,105.35,113.56,56.095
622.7,103.42,112.04,55.639
627.15,101.21,110.8,55.183
630.47,100.74,109.52,54.743
628.72,102.04,107.08,53.962
620.53,103.57,105.7,53.451
607.63,103.87,104.31,53.167
591.69,103.43,103.81,53.198
575.32,104.91,102.13,52.614
562.85,105.39,100.69,52.333
554.82,104.72,99.253,51.812
552.21,103.67,97.296,51.129
551.45,103.54,96.603,50.874
553.59,104.19,94.997,50.299
556.72,104.17,92.769,49.622
562.5,104.25,91.146,49.094
572.0,104.0,88.0,49.0
581.15,103.65,87.893,48.143
590.86,102.52,88.184,47.894
605.02,102.97,88.002,47.619
619.62,105.06,87.754,47.308
631.21,105.94,87.585,46.968
640.15,105.11,87.369,46.781
644.76,104.53,86.162,46.078
645.78,105.75,85.774,45.545
641.22,106.79,84.654,44.666
633.75,107.44,83.769,43.952
626.57,107.22,84.771,44.311
624.42,105.63,83.609,43.527
623.75,105.01,83.783,43.57
622.98,103.96,83.669,43.326
619.86,103.84,83.783,43.096
616.1,104.91,82.893,42.456
613.56,106.39,81.993,42.066
613.67,107.65,81.134,41.382
615.04,106.75,80.851,41.087
616.84,106.35,80.446,40.778
621.28,105.72,79.564,39.928
625.84,108.09,78.953,39.639
628.32,108.57,78.241,39.134
627.88,105.39,78.203,38.957
627.0,105.0,78.0,38.0
625.64,105.37,77.963,37.89
623.97,105.13,77.456,37.465
621.34,106.66,77.731,37.459
620.25,107.34,77.946,37.83
620.52,106.92,78.066,38.025
622.61,107.22,78.02,37.829
622.56,107.35,77.391,37.604
622.51,106.78,77.262,37.532
622.28,107.32,76.633,37.461
621.71,107.77,76.217,37.102
620.65,108.77,75.603,36.545
621.11,107.31,75.503,36.503
619.19,106.9,75.018,36.417
616.64,107.81,74.618,36.299
615.21,107.61,74.448,36.214
615.67,107.03,74.278,36.13
617.33,106.86,72.973,35.074
617.51,108.18,72.483,34.987
619.9,108.01,71.809,34.901
621.36,107.51,71.081,34.602
621.22,108.42,70.688,34.523
621.51,107.93,69.857,34.071
622.38,108.04,69.269,33.589
623.6,108.39,68.861,33.434
625.0,108.0,68.0,33.0
625.37,107.48,67.508,33.128
625.17,108.07,67.322,33.151
624.68,108.74,67.216,33.175
624.57,109.15,66.61,33.198
624.89,108.2,66.144,32.861
624.95,108.67,66.399,33.246
624.55,109.66,66.623,33.011
624.79,109.33,65.902,32.886
624.92,109.02,65.451,32.888
623.68,109.27,65.317,32.89
624.3,111.75,65.092,32.452
626.24,109.57,64.785,32.633
627.8,109.42,64.166,32.65
627.37,109.33,64.318,32.438
625.93,109.96,63.926,32.469
623.95,109.48,63.187,32.279
620.61,107.82,62.878,32.3
616.29,107.08,62.436,31.954
612.13,110.04,62.701,32.073
608.6,108.4,62.536,32.066
605.62,107.09,61.622,31.684
604.14,106.84,61.319,31.662
600.96,114.16,60.955,31.513
599.68,110.23,60.123,31.198
597.0,106.0,59.0,31.0
592.91,107.32,60.06,31.32
588.43,110.02,60.569,31.784
586.26,108.85,60.267,31.329
583.06,108.08,60.997,31.749
581.69,109.55,60.917,31.778
580.5,109.71,60.616,31.808
580.25,106.99,61.175,31.837
580.49,107.02,61.367,32.183
579.73,108.39,61.397,32.198
579.25,108.12,61.926,32.213
578.74,107.85,62.228,32.228
578.82,109.39,61.743,32.0
577.76,107.95,61.515,32.257
576.78,105.54,61.5,32.0
575.83,105.73,61.574,31.787
575.05,107.75,61.905,32.302
573.34,109.72,61.817,32.183
571.43,105.24,61.97,32.0
570.29,103.98,62.094,32.245
569.05,107.82,62.241,32.395
565.73,107.58,62.131,32.39
564.74,107.04,62.5,32.61
563.06,106.95,61.784,32.19
561.8,107.48,61.32,32.16
561.0,108.0,61.0,32.0
559.76,108.28,61.108,31.895
558.4,108.97,61.033,31.781
556.82,109.73,61.038,31.746
554.68,110.32,60.919,31.712
553.51,109.92,61.41,31.678
551.43,109.75,61.867,32.043
550.17,106.85,61.506,32.013
549.13,107.44,62.428,32.212
548.94,108.7,62.393,32.172
547.39,108.1,62.262,32.13
546.84,108.01,62.434,32.292
544.84,109.26,61.793,31.81
543.58,109.08,62.015,32.012
541.2,108.72,62.266,31.971
540.76,109.4,62.186,31.93
540.28,109.57,61.651,31.588
539.1,107.44,61.688,31.632
538.27,108.81,61.633,31.581
537.25,110.13,61.577,31.684
536.41,108.79,61.022,31.118
535.33,108.26,61.466,31.552
534.91,109.26,61.411,31.377
533.81,109.17,61.355,31.326
533.33,109.15,61.3,31.275
533.0,109.0,61.0,31.0
532.37,110.08,60.76,30.76
531.89,109.09,60.81,30.716
531.91,109.11,61.0,30.781
531.5,110.75,61.0,30.751
530.72,111.0,61.139,30.722
529.33,107.23,60.808,30.692
528.61,107.62,61.785,31.059
528.78,111.62,62.294,31.034
527.15,108.35,62.106,30.81
525.25,109.89,63.209,31.361
525.49,110.9,62.698,31.044
526.28,107.93,62.945,31.372
525.52,109.15,63.743,31.485
525.45,112.29,63.228,31.456
524.07,110.12,63.0,31.139
523.9,108.67,62.397,30.793
522.99,110.8,62.734,31.05
521.41,110.61,63.006,31.175
520.61,110.35,63.116,31.116
518.64,111.09,62.215,30.696
517.37,111.07,62.139,30.622
515.09,110.28,62.344,30.548
515.41,109.87,62.392,30.879
514.25,113.47,62.831,31.24
513.0,112.0,63.0,31.0
512.34,111.13,63.439,30.895
509.4,114.31,64.425,30.875
508.95,112.14,64.268,30.941
509.24,111.49,64.151,31.011
508.01,113.23,64.916,31.176
506.98,112.32,65.316,31.276
507.07,111.8,64.855,31.236
507.7,113.62,64.894,31.196
507.42,113.23,65.131,31.039
507.82,113.58,65.759,31.36
508.06,113.92,66.118,31.35
508.64,113.47,66.591,31.691
510.14,111.15,66.128,31.399
511.86,113.27,67.119,31.82
514.14,114.91,66.7,31.543
517.3,113.41,66.0,31.095
519.4,113.45,66.083,30.867
522.14,114.66,66.157,30.837
526.12,113.19,66.0,30.77
529.66,112.94,65.417,30.696
532.51,114.0,65.873,30.746
534.43,111.48,65.938,30.657
537.28,112.51,64.879,30.069
540.28,115.05,64.82,30.4
542.0,112.0,65.0,30.0
546.61,111.67,65.324,31.042
551.76,112.97,66.194,31.545
555.16,111.21,66.505,31.708
559.0,109.33,66.506,31.871
560.07,108.91,67.006,32.395
560.66,109.18,67.353,32.543
564.03,109.25,66.822,32.86
566.23,108.94,67.892,33.283
569.26,107.84,68.086,33.453
571.88,106.26,68.235,33.836
573.53,106.38,67.711,33.612
574.85,106.83,68.0,34.049
578.03,107.1,68.162,34.308
579.42,106.24,68.881,34.809
581.69,105.26,68.899,35.006
584.22,106.57,69.129,35.402
585.7,107.43,69.754,35.712
586.93,103.33,69.942,36.215
587.92,101.34,69.795,35.951
588.51,105.31,70.333,36.378
589.16,104.88,70.773,37.008
592.47,104.91,69.828,36.379
593.4,105.68,70.284,37.03
595.62,104.08,70.285,37.159
597.0,103.0,70.0,38.0
597.31,103.88,72.659,38.488
598.53,103.74,73.556,38.918
599.17,103.13,74.85,39.097
599.9,102.34,76.373,39.864
600.7,102.15,76.752,39.834
599.71,101.55,78.795,40.769
600.54,101.87,79.262,40.512
599.75,101.76,81.264,41.272
600.51,101.69,83.171,42.168
602.82,101.64,84.147,42.463
603.62,101.73,85.441,43.065
605.43,101.92,86.535,43.166
608.84,102.05,87.631,44.025
613.11,101.65,89.487,44.647
617.02,100.3,91.478,45.564
621.97,100.42,92.793,45.894
628.32,101.23,93.712,46.328
634.76,100.67,95.577,46.982
643.56,100.5,97.382,47.615
651.49,99.754,99.157,48.248
658.62,100.31,100.4,48.881
663.62,102.74,101.18,49.014
668.84,103.32,101.11,48.837
670.79,102.11,102.22,49.36
671.0,101.0,106.0,50.0
670.59,101.36,108.78,51.09
668.71,102.1,110.16,52.216
669.03,102.23,111.69,52.974
670.16,103.65,113.23,53.447
671.94,104.23,114.33,54.355
673.24,103.64,116.1,54.906
677.53,102.41,118.79,56.191
679.66,101.86,119.77,56.725
677.94,102.13,120.68,57.128
678.79,104.65,121.83,57.766
675.92,105.76,123.57,58.756
676.99,104.65,124.15,59.264
677.0,103.98,125.69,59.81
677.33,103.52,127.58,60.918
676.02,102.19,128.57,61.407
673.48,101.65,130.85,62.409
671.09,102.13,131.59,62.96
667.76,103.06,133.02,63.539
666.47,104.64,133.64,63.722
665.05,105.0,136.59,65.465
665.51,105.13,137.75,66.07
668.35,104.07,138.5,66.515
670.48,103.73,138.88,66.783
675.79,102.32,140.37,67.471
683.0,100.0,143.0,69.0
687.8,100.52,142.84,68.399
692.56,100.08,142.4,67.883
693.97,99.888,142.83,68.022
694.6,100.21,143.61,68.469
697.22,98.898,143.45,68.286
697.84,97.96,143.63,68.104
698.93,97.3,143.62,67.922
698.9,94.839,142.32,67.424
699.11,95.617,143.09,67.558
698.62,96.131,142.41,67.376
696.45,99.934,142.51,67.194
694.15,102.18,141.83,66.769
694.37,103.98,141.83,66.558
694.3,105.29,141.56,66.331
696.49,103.77,141.97,66.43
697.52,102.76,140.76,65.983
694.27,104.13,140.08,65.503
693.65,105.12,138.71,64.734
693.16,104.54,137.15,63.773
689.5,105.07,136.14,63.217
686.69,104.85,135.75,62.928
683.96,105.07,135.37,62.639
680.71,105.48,134.57,62.351
675.31,106.81,133.09,61.482
673.0,108.0,131.0,60.0
670.91,109.68,130.69,58.837
670.64,110.66,129.95,58.528
671.09,112.49,128.07,57.564
672.25,113.65,127.86,57.322
673.75,113.37,127.86,56.82
676.97,113.24,126.25,56.338
678.18,113.63,125.47,55.745
680.34,112.96,125.31,55.317
681.69,113.11,123.78,54.784
681.02,112.76,122.05,53.823
679.89,113.42,121.61,53.35
678.44,112.44,120.37,52.575
675.72,112.5,119.26,52.07
671.31,114.34,119.24,52.052
666.46,116.32,117.46,51.012
663.8,116.88,117.51,50.665
659.05,117.07,116.32,50.031
653.49,117.21,116.67,50.078
651.62,116.88,116.24,50.0
647.15,117.24,114.25,48.677
643.39,117.38,113.76,48.495
638.9,117.29,111.77,47.758
634.64,118.07,111.2,46.504
629.51,118.67,109.51,46.19
624.0,120.0,108.0,45.0
619.0,120.21,107.4,45.141
618.22,118.26,106.39,44.762
614.24,116.33,106.29,44.803
611.19,113.52,106.84,45.218
605.4,112.94,106.1,44.744
600.25,112.46,105.61,44.775
597.2,111.32,105.17,44.633
593.62,111.03,104.85,44.645
590.48,111.89,105.14,44.499
589.8,111.5,105.05,44.638
590.55,110.46,104.74,44.455
589.27,108.79,104.04,44.232
589.05,108.24,103.15,44.028
589.79,107.69,101.75,43.571
589.2,107.66,101.24,43.672
590.59,108.34,100.95,43.419
593.99,108.04,100.06,42.829
597.35,107.17,99.979,42.843
599.95,107.23,98.964,42.866
602.75,106.4,97.176,42.251
606.4,106.18,96.178,41.867
609.4,105.45,95.542,41.377
612.47,104.25,94.177,40.84
614.42,102.79,93.667,40.938
618.0,99.0,93.0,41.0
621.61,98.328,87.96,40.2
625.76,95.385,86.623,39.647
627.04,94.545,83.933,39.063
628.49,94.263,82.17,38.553
629.0,94.853,80.658,37.793
630.81,95.678,78.561,37.362
630.19,96.499,77.28,36.963
630.56,97.563,76.281,36.853
633.38,97.403,75.397,36.414
633.67,98.69,73.874,36.185
633.06,99.757,73.242,36.17
632.46,102.56,71.452,35.61
629.69,105.72,70.06,35.062
628.71,107.15,69.123,34.981
628.25,106.63,67.489,34.428
626.28,106.65,65.742,33.795
624.73,107.24,64.181,33.26
620.67,106.93,63.203,32.963
617.75,108.05,61.51,32.615
617.63,108.02,59.791,31.891
615.91,107.52,58.963,31.619
614.88,106.77,57.855,31.486
614.64,106.55,56.903,31.043
613.72,107.05,55.48,30.72
614.0,107.0,51.0,30.0
613.92,107.64,51.0,28.88
614.29,108.46,50.405,28.268
614.17,108.67,50.671,27.966
614.36,108.57,50.251,27.759
614.01,107.86,50.443,27.552
613.83,107.23,50.038,27.345
613.19,107.95,49.663,26.807
611.98,109.25,49.271,26.434
611.21,108.1,49.212,26.529
609.09,107.89,49.153,26.307
607.87,107.96,49.321,25.813
605.76,107.54,48.777,25.606
604.27,106.94,48.717,25.142
602.27,106.57,48.415,24.92
600.26,107.68,48.624,24.848
600.49,107.98,48.081,24.349
600.38,107.55,48.17,24.27
601.31,107.57,47.657,23.755
601.7,108.09,47.797,23.558
602.66,107.72,47.768,23.36
603.18,106.55,48.367,23.538
604.78,107.25,48.383,23.355
604.18,110.93,48.098,23.234
603.11,110.18,48.173,23.095
601.0,111.0,48.0,22.0
599.73,111.14,47.342,21.489
596.23,108.38,48.124,21.431
595.39,107.89,47.394,21.344
594.67,109.37,47.38,20.88
594.06,109.25,47.508,20.864
594.0,107.54,47.509,20.796
593.27,108.22,47.841,21.06
592.72,109.58,47.327,20.661
589.77,107.35,47.511,20.895
586.73,108.27,47.299,20.6
583.18,110.02,47.329,20.502
579.12,109.36,47.291,20.561
575.82,108.01,47.738,20.549
573.57,106.91,47.411,20.367
570.83,106.79,47.426,20.278
570.68,109.29,47.0,19.991
569.5,107.9,46.734,19.784
566.37,106.49,47.006,20.012
562.49,109.93,46.962,19.577
558.37,109.26,46.696,19.474
553.02,106.84,46.997,19.37
550.78,107.66,47.048,19.377
550.2,110.39,46.258,18.853
547.01,108.26,47.06,19.64
547.0,107.0,47.0,19.0
546.92,106.65,48.427,19.681
547.68,106.94,48.191,19.401
547.54,107.31,48.455,19.542
546.79,106.45,48.843,19.683
546.26,105.28,49.314,20.113
545.4,104.36,49.406,20.232
544.22,103.38,49.305,20.216
546.35,100.58,49.769,20.432
554.0,104.32,46.538,20.688
562.0,105.0,44.0,20.0
565.0,101.0,44.0,20.0
568.0,98.0,46.0,21.0
574.0,102.0,44.0,20.0
578.0,103.0,44.0,20.0
580.0,102.0,46.0,22.0
585.0,104.0,46.0,22.0
593.0,105.0,44.0,21.0
600.0,105.0,44.0,21.0
607.0,108.0,48.0,22.0
613.0,109.0,50.0,23.0
617.0,104.0,53.0,26.0
624.0,104.0,53.0,26.0
633.0,106.0,53.0,26.0
643.88,110.95,55.483,23.169
653.0,106.0,57.0,24.0
660.79,104.96,58.89,24.244
669.19,106.5,59.647,24.505
674.67,105.84,60.956,25.287
681.46,104.68,62.357,25.398
686.97,104.6,63.219,25.528
690.14,103.57,64.647,26.523
691.15,103.66,65.882,26.678
692.01,103.63,66.812,27.054
692.66,104.14,67.578,27.099
691.93,104.81,67.212,27.009
694.54,104.81,69.107,27.686
695.92,104.94,69.243,27.981
697.49,106.2,70.587,28.017
699.95,106.92,71.068,28.182
702.24,107.19,71.685,28.577
707.3,105.67,72.912,29.168
713.68,101.56,73.323,29.203
711.78,101.95,74.357,29.213
710.11,103.6,74.306,29.304
709.04,102.94,74.068,29.232
708.26,103.0,73.632,29.0
705.7,104.57,73.795,29.11
703.99,105.55,74.147,29.095
702.72,106.21,74.12,29.08
703.0,105.0,75.0,29.0
700.72,105.63,75.059,28.731
699.69,105.07,75.88,28.681
701.45,102.22,76.509,28.882
700.7,101.49,76.59,28.581
699.29,101.65,76.562,28.763
697.48,102.4,75.92,28.612
694.54,103.01,76.01,28.662
692.85,104.24,76.745,28.589
692.66,103.81,76.909,28.905
691.82,103.52,76.676,28.781
692.54,104.25,75.52,28.5
693.32,103.78,75.858,28.197
691.08,104.65,76.24,28.446
689.35,106.68,76.77,28.714
691.46,105.58,76.433,28.636
692.27,105.67,76.767,28.433
692.44,107.76,76.62,28.474
692.44,108.11,76.126,28.286
692.41,105.49,76.525,28.217
690.32,106.18,76.121,28.094
685.83,106.18,76.036,28.01
683.75,105.96,75.67,27.925
684.45,104.57,75.702,27.599
685.72,103.01,74.673,27.505
681.0,105.0,74.0,27.0
682.34,105.42,71.28,27.002
680.4,104.4,71.093,27.003
676.51,107.4,70.843,27.003
674.01,108.11,70.275,27.0
674.0,104.69,69.213,26.922
671.87,103.83,68.305,26.568
664.26,107.0,67.271,26.672
659.56,108.68,66.769,26.687
655.35,108.3,66.266,26.702
647.93,111.29,65.477,26.43
644.23,111.23,64.99,26.732
642.0,110.47,63.071,26.89
639.0,110.4,61.136,27.068
633.0,109.92,56.2,27.101
627.0,111.78,55.036,26.708
623.0,111.0,55.0,27.0
619.0,110.0,55.0,27.0
612.0,110.0,58.0,28.0
607.0,111.0,58.0,28.0
602.0,112.2,55.915,26.637
592.53,111.76,59.139,26.411
585.46,109.54,58.356,26.372
576.44,108.67,57.633,26.456
565.76,109.98,57.68,26.52
552.0,112.0,56.0,27.0
541.95,112.47,57.128,26.763
533.89,108.97,57.469,26.773
527.06,108.55,57.934,26.675
521.09,111.94,57.751,26.631
515.25,113.25,58.488,26.509
508.25,112.74,59.339,27.149
503.59,113.97,59.798,27.067
498.56,111.1,60.422,27.587
496.99,109.71,61.042,27.203
497.21,111.73,61.441,27.561
499.01,114.11,61.338,27.224
498.48,112.53,61.584,27.173
498.01,110.49,61.707,27.123
499.39,111.81,62.051,27.183
498.12,112.04,62.697,27.139
497.9,107.91,63.086,27.491
499.77,108.24,62.804,26.917
502.35,109.44,62.644,26.675
503.42,108.18,63.307,26.77
503.86,107.57,63.109,26.696
505.83,108.58,63.257,26.622
505.01,108.27,63.795,26.548
504.81,107.8,63.509,26.495
506.14,107.31,62.927,26.468
507.0,107.0,64.0,26.0
506.32,105.46,63.86,26.72
502.16,101.32,63.742,26.853
499.95,101.27,63.514,26.986
498.44,105.5,63.257,26.995
492.36,105.31,62.609,27.113
488.6,103.52,62.307,27.231
489.85,104.78,62.807,27.181
491.15,105.01,62.615,27.468
493.29,105.11,61.819,27.086
496.49,105.74,61.23,27.204
496.05,105.41,61.038,27.095
496.48,103.79,61.103,27.456
497.28,103.79,60.382,27.044
500.47,105.34,59.645,27.361
504.69,106.64,59.196,27.222
506.14,106.32,59.069,27.31
506.12,105.1,58.901,27.399
509.43,105.56,58.376,27.488
513.96,108.05,58.514,27.577
517.25,109.76,57.948,27.665
518.01,108.72,57.365,27.754
519.01,107.78,56.863,27.452
521.96,109.49,56.422,27.431
525.2,112.2,55.7,27.44
526.0,113.0,55.0,28.0
522.45,110.45,54.504,27.938
521.71,110.58,53.894,27.867
521.22,113.61,54.19,27.846
519.89,112.9,54.081,27.825
521.37,112.65,53.671,27.718
525.28,111.4,53.684,27.688
529.6,110.54,53.982,27.494
535.41,111.7,53.532,27.633
537.49,111.85,53.819,27.603
538.37,109.82,53.157,27.361
539.99,107.68,52.494,27.044
544.86,109.14,52.574,27.015
548.57,110.34,51.964,26.927
547.31,107.77,51.766,26.737
545.16,106.78,50.877,26.639
541.56,102.95,51.379,26.595
542.61,107.4,50.719,26.433
542.56,110.75,50.211,26.052
532.18,99.662,49.673,25.987
530.71,96.936,48.948,25.557
536.82,100.05,48.238,24.87
542.1,103.5,47.643,24.657
544.94,104.12,47.42,24.784
544.1,102.82,46.27,24.4
541.0,96.0,45.0,24.0
543.64,96.549,45.803,24.45
547.51,97.487,45.546,24.128
553.41,98.729,46.336,24.794
559.61,97.223,46.641,24.901
564.46,96.183,47.195,25.2
567.49,95.964,47.722,25.299
569.68,94.651,48.086,25.837
574.17,95.001,49.313,26.406
579.68,96.662,50.011,26.684
584.95,97.806,50.943,27.247
589.29,95.57,51.934,27.795
594.31,94.992,52.969,28.323
599.77,94.319,54.293,29.336
604.0,92.794,54.905,29.497
606.33,90.208,56.565,30.293
608.98,96.977,57.124,30.512
609.91,96.762,57.618,31.012
611.53,92.875,58.566,31.4
612.2,95.616,59.499,31.769
614.04,96.536,59.83,32.026
617.02,94.636,60.508,32.505
619.53,93.984,60.685,32.733
621.94,97.04,60.957,32.837
623.97,96.803,61.62,33.02
627.0,94.0,63.0,34.0
627.85,93.966,65.93,34.626
628.76,95.925,67.603,35.123
628.79,96.624,69.173,35.926
630.0,96.0,68.958,35.031
631.0,97.0,69.0,35.0
632.0,97.0,69.0,35.0
633.0,98.0,69.0,35.0
634.0,101.0,69.0,35.0
635.0,101.0,69.0,35.0
636.0,100.0,71.0,37.0
638.0,100.0,71.0,37.0
638.0,99.0,73.0,39.0
639.0,99.0,75.0,41.0
639.0,98.0,79.0,43.0
639.0,96.0,81.0,45.0
639.0,96.0,81.0,45.0
635.0,97.229,89.444,46.337
635.0,98.0,89.0,46.0
636.0,98.0,89.0,46.0
638.0,98.0,91.0,46.0
639.0,98.0,91.0,46.0
636.0,99.0,101.0,46.0
636.0,100.0,103.0,46.0
637.0,100.0,103.0,48.0
639.0,99.0,111.0,52.0
640.08,99.141,118.36,53.706
639.32,99.887,121.32,54.927
638.43,100.15,124.69,55.947
640.24,99.385,128.24,57.208
640.98,99.092,130.74,58.254
639.49,100.16,133.49,59.047
637.78,101.0,136.9,60.171
636.86,100.19,140.48,61.724
632.88,100.58,144.32,63.129
631.09,101.48,147.39,64.274
629.1,100.53,150.86,65.274
628.57,100.43,153.15,65.899
622.8,100.06,155.91,67.007
617.95,101.33,159.35,67.943
614.3,102.23,161.51,68.877
609.45,102.07,165.47,70.424
603.29,101.57,170.4,72.105
597.32,102.24,172.14,72.736
592.18,102.28,173.95,73.484
584.94,101.83,177.41,74.525
577.34,101.26,181.5,75.903
571.2,100.52,184.29,76.879
565.37,100.32,187.87,77.794
558.55,101.28,188.81,78.076
552.0,101.0,197.0,80.0
544.98,99.529,205.14,84.74
544.3,98.361,207.75,86.213
541.51,96.719,212.28,88.442
537.0,96.282,224.37,90.805
537.0,97.0,224.0,91.0
534.0,98.0,236.0,91.0
531.0,96.97,244.01,95.947
531.0,96.0,250.0,96.0
532.0,94.503,252.76,100.24
530.0,93.625,262.41,101.37
532.0,94.0,262.0,101.0
533.0,95.0,266.0,101.0
535.0,95.0,270.0,101.0
539.0,94.0,272.0,103.0
542.0,94.0,272.0,103.0
545.0,94.0,272.0,103.0
549.0,92.0,272.0,109.0
552.0,93.0,274.0,111.0
558.0,95.0,274.0,111.0
565.0,96.0,274.0,111.0
575.0,96.0,274.0,111.0
587.0,97.0,274.0,111.0
596.0,97.0,272.0,111.0
609.52,92.787,262.92,115.74
616.0,91.0,266.0,119.0
622.89,93.706,262.49,118.5
631.03,94.568,260.69,117.65
637.25,96.354,258.88,117.47
642.15,97.078,258.41,117.3
646.9,97.832,256.71,116.72
651.88,100.08,253.65,115.54
657.12,102.55,250.48,114.12
659.78,102.85,249.79,114.29
664.33,105.51,244.86,112.12
670.54,108.09,241.8,110.95
671.64,109.58,237.12,109.15
674.0,109.0,237.0,109.0
675.0,109.0,237.0,109.0
681.0,110.0,225.0,109.0
682.0,109.0,223.0,109.0
684.0,109.0,219.0,107.0
683.0,109.0,217.0,105.0
685.0,110.0,209.0,101.0
682.0,110.0,209.0,101.0
681.0,110.0,205.0,101.0
677.0,109.0,205.0,101.0
676.0,109.0,201.0,97.0
676.36,109.34,197.77,93.116
673.25,109.37,194.14,91.786
673.0,110.0,186.0,89.0
670.73,111.43,182.02,87.539
667.38,110.53,181.05,87.192
665.84,108.68,179.02,86.519
663.0,108.78,171.16,84.694
656.0,109.0,164.87,81.673
650.0,110.0,157.0,78.0
640.0,109.0,157.0,78.0
629.0,109.0,157.0,78.0
622.0,109.0,153.0,76.0
616.0,109.0,153.0,76.0
619.0,109.0,145.0,74.0
620.0,109.0,145.0,74.0
629.0,109.0,139.0,70.0
636.0,108.0,139.0,70.0
642.0,108.0,139.0,70.0
647.0,108.0,135.0,70.0
646.0,108.0,135.0,70.0
643.0,106.0,135.0,70.0
641.0,107.0,133.0,68.0
640.0,107.0,131.0,68.0
642.0,107.0,127.0,66.0
639.0,107.0,127.0,66.0
639.0,106.0,125.0,66.0
637.0,105.0,125.0,66.0
636.0,105.0,123.0,64.0
635.0,106.0,117.0,60.0
630.0,106.0,117.0,60.0
629.67,107.41,110.97,56.732
624.62,107.42,110.48,56.793
621.3,107.37,108.54,55.933
618.27,107.76,106.85,55.197
615.71,107.48,105.0,54.293
612.09,106.96,103.96,53.974
609.28,106.88,102.25,53.241
605.78,106.68,100.7,52.421
603.1,106.64,98.836,51.48
600.18,106.72,97.675,51.017
598.36,106.88,95.509,50.062
597.59,105.77,94.322,49.586
596.55,105.69,93.333,49.067
597.35,105.41,91.632,48.575
598.36,105.38,89.929,47.761
599.71,106.02,87.448,46.512
599.94,106.08,86.11,45.955
597.42,107.12,84.35,44.944
596.7,106.99,82.853,44.362
596.97,105.96,81.826,44.031
598.52,106.11,80.368,43.312
600.06,106.63,79.089,42.939
605.0,107.0,76.0,42.0
610.12,108.09,75.767,41.92
615.02,106.61,75.534,41.81
618.13,106.09,75.1,41.43
619.16,105.48,74.645,41.29
619.76,107.12,74.535,41.224
619.23,106.96,74.162,41.235
618.05,106.5,73.821,40.661
617.18,106.9,71.977,39.62
616.06,107.76,70.859,38.978
615.51,105.21,69.748,38.569
615.46,102.96,68.399,37.836
616.03,101.59,67.789,37.807
617.26,103.33,67.09,37.07
618.11,103.99,66.716,37.029
620.32,104.34,66.15,36.755
622.54,103.91,65.535,36.504
624.32,102.99,64.921,36.15
626.0,102.45,64.306,35.598
627.04,102.94,64.192,35.545
627.94,104.21,63.149,35.018
628.46,103.92,62.335,34.666
628.93,104.04,61.474,34.214
628.45,103.91,60.823,34.092
628.41,104.51,60.09,33.25
629.0,106.0,59.0,33.0
628.88,107.43,58.689,32.544
628.8,107.91,58.726,32.46
629.04,107.89,58.464,32.376
629.36,109.85,57.503,31.878
628.56,110.11,58.509,32.116
628.77,110.3,58.374,32.022
629.19,110.06,57.364,31.561
629.21,109.42,56.344,30.719
628.4,109.55,56.317,30.794
627.47,111.13,56.265,30.666
626.83,110.69,55.837,30.539
626.57,108.9,55.696,30.411
624.96,108.6,54.992,30.113
624.46,109.18,54.627,29.495
623.24,110.79,53.673,29.202
620.97,110.17,53.232,28.877
620.63,106.72,53.027,28.766
619.24,106.44,52.542,28.455
617.28,109.71,52.415,28.335
615.72,111.37,51.927,28.215
614.35,111.55,51.786,27.719
612.11,109.99,51.179,27.41
610.76,110.06,50.649,27.115
610.12,110.89,50.021,26.825
609.0,113.0,49.0,26.0
608.43,112.64,48.6,26.0
607.98,110.87,48.931,25.905
607.12,110.64,49.014,26.281
606.67,111.62,48.881,26.251
605.64,112.27,49.109,26.083
605.03,111.01,49.153,26.384
604.14,109.01,49.136,26.45
603.99,110.01,48.951,26.386
602.77,112.13,48.767,26.321
602.33,110.5,48.508,25.969
601.76,107.96,47.898,25.919
601.52,110.75,47.97,26.127
601.65,111.51,47.494,25.805
600.56,110.91,46.8,25.225
599.43,108.71,47.138,25.72
599.01,108.82,46.952,25.67
598.13,109.78,46.45,25.303
597.05,109.29,46.087,25.432
596.73,109.66,45.857,25.328
595.58,111.28,45.627,24.887
595.32,111.09,45.272,24.669
594.55,110.51,45.557,25.089
593.98,109.97,44.948,24.605
595.2,110.37,44.227,24.462
598.0,110.0,43.0,24.0
597.44,109.88,44.204,24.162
597.7,108.81,44.427,24.192
597.65,107.92,44.649,24.222
597.46,110.0,44.872,24.252
596.37,109.97,45.233,24.421
592.59,108.61,46.145,24.553
590.72,108.76,45.899,24.606
587.38,109.39,46.549,24.765
584.12,107.78,46.637,24.827
581.27,109.38,47.181,24.889
579.12,110.34,47.398,24.817
577.26,109.43,48.165,25.112
573.86,108.8,47.934,25.18
568.67,107.99,48.401,25.203
561.57,107.26,48.685,25.408
552.92,106.98,50.124,25.954
543.1,107.57,49.668,25.685
532.24,108.35,50.078,25.717
521.9,109.99,50.448,25.902
512.88,108.64,50.531,25.722
504.63,104.93,51.133,26.127
501.59,108.8,51.137,26.171
502.23,111.09,51.483,26.216
502.89,109.7,51.38,25.84
506.0,109.0,52.0,26.0
509.38,108.57,52.746,26.373
513.22,108.68,53.289,26.442
515.68,108.44,53.131,26.511
514.8,108.15,54.41,26.955
516.34,107.61,55.018,27.148
514.11,107.93,55.627,27.563
513.31,107.35,56.235,28.117
511.64,106.46,56.343,28.172
510.72,105.61,56.914,28.358
513.92,112.71,57.344,28.422
508.91,106.05,57.744,28.486
508.96,100.74,58.63,29.065
512.17,102.59,58.698,29.357
515.07,105.93,59.267,29.634
515.01,106.81,59.339,29.669
512.85,99.944,60.317,30.037
516.33,100.1,61.164,30.609
520.61,102.18,62.06,30.728
521.77,102.23,62.006,30.83
523.51,102.51,62.447,31.335
523.23,103.55,62.91,31.393
522.67,102.87,63.171,31.39
523.25,101.7,64.094,31.81
525.07,102.08,63.92,31.92
525.0,100.0,64.0,32.0
524.04,99.386,66.316,32.642
527.26,103.11,66.96,32.666
526.41,103.56,68.396,33.547
526.42,103.0,69.644,34.137
525.66,101.59,70.165,34.246
526.17,101.31,71.655,34.892
528.27,101.2,72.918,35.268
529.44,99.718,73.628,35.699
533.96,100.35,74.507,35.799
534.81,100.55,75.986,36.578
534.35,99.893,77.406,37.19
536.44,99.048,78.918,37.952
539.13,99.753,79.984,38.272
539.3,99.028,81.998,39.04
540.35,98.285,83.871,39.863
542.45,98.609,84.626,40.124
542.93,98.341,85.717,40.709
544.35,98.971,86.271,40.982
543.87,99.117,87.642,41.571
543.23,99.391,88.835,41.641
541.71,99.022,90.319,42.342
541.24,98.794,90.916,42.53
541.55,99.762,92.246,43.084
538.93,100.17,93.178,43.649
533.0,95.0,95.0,44.0
531.36,94.912,98.889,46.074
531.79,97.815,100.88,46.397
528.83,97.381,102.77,47.705
526.91,97.971,105.5,49.041
526.35,98.013,107.45,49.983
524.12,98.634,108.49,50.305
523.0,99.0,108.0,50.0
521.0,99.0,110.0,52.0
517.08,99.682,115.6,53.81
512.16,100.3,118.31,54.723
507.26,101.72,120.54,55.913
499.98,101.17,123.41,57.414
492.25,101.07,126.55,58.679
484.44,101.05,129.74,60.209
477.99,101.1,132.07,61.338
468.8,100.93,134.24,62.238
460.08,101.14,136.67,63.562
448.96,101.01,139.24,64.648
440.83,101.68,140.88,65.356
431.0,101.0,143.86,68.0
425.0,102.0,144.0,68.0
418.0,102.0,144.0,68.0
407.0,103.0,150.0,68.0
401.0,104.0,150.0,68.0
395.0,105.0,150.0,68.0
387.0,106.0,150.0,68.0
373.0,105.0,160.0,70.0
367.0,106.0,160.0,70.0
364.0,107.0,160.0,70.0
361.0,108.0,160.0,70.0
353.0,107.0,164.0,72.0
350.0,107.0,164.0,72.0
341.0,108.0,172.0,72.0
340.0,108.0,172.0,72.0
333.65,106.28,176.19,78.772
328.31,106.92,178.42,79.369
322.38,107.46,179.79,80.039
320.2,109.31,179.38,79.694
315.12,110.62,180.37,79.858
310.96,110.34,181.63,79.901
307.71,110.35,182.99,80.55
304.21,109.96,185.3,81.259
305.84,110.31,185.31,81.156
303.82,110.56,185.62,80.878
303.16,110.51,186.56,81.438
301.99,110.77,187.19,81.498
300.61,110.52,188.82,81.667
302.18,110.76,188.86,81.617
301.01,110.51,190.15,81.82
297.0,109.0,193.0,82.0
300.13,109.37,190.88,82.16
295.85,107.43,190.9,82.69
289.92,102.62,190.83,83.037
281.63,99.967,191.13,83.43
276.0,101.0,193.0,83.0
274.0,96.0,193.15,87.09
273.0,96.0,193.0,87.0
269.0,94.0,193.0,87.0
269.0,94.0,193.0,87.0
265.0,93.0,193.0,87.0
264.0,92.0,193.0,87.0
262.0,89.0,193.0,87.0
266.0,88.0,185.0,85.0
268.0,85.0,185.0,85.0
278.0,82.0,181.0,83.0
288.0,86.0,179.0,81.0
304.0,92.0,170.0,77.0
309.0,95.0,170.0,77.0
315.0,96.0,170.0,77.0
323.23,103.17,163.81,75.342
330.74,104.95,162.09,74.762
340.4,106.54,159.58,73.774
351.86,107.91,156.16,72.599
363.38,107.94,154.7,72.007
379.0,108.0,149.0,71.0
392.17,108.8,144.28,69.96
403.84,109.88,143.22,69.578
411.51,110.35,142.77,69.528
413.0,109.21,144.42,68.513
417.0,109.0,144.0,69.0
419.0,108.0,144.0,69.0
422.0,108.0,144.0,69.0
424.0,108.0,144.0,69.0
435.0,108.0,136.0,63.0
439.0,108.0,136.0,63.0
446.0,107.0,130.0,61.0
449.0,107.0,130.0,61.0
459.0,107.0,124.0,61.0
462.0,107.0,124.0,61.0
464.0,106.0,124.0,61.0
466.0,105.0,124.0,61.0
470.0,102.0,118.0,61.0
474.0,102.0,118.0,61.0
477.0,102.0,116.0,59.0
481.0,101.0,112.0,59.0
489.0,103.0,102.0,55.0
490.0,102.0,104.0,57.0
494.0,102.0,102.0,55.0
499.68,103.92,96.278,50.398
508.0,104.0,91.0,49.0
512.58,104.63,89.334,48.244
517.72,105.22,88.785,47.99
523.08,104.92,87.824,47.698
528.93,104.09,87.027,47.468
536.07,104.22,85.309,46.486
542.11,104.56,83.964,45.739
548.85,104.52,82.454,44.99
555.45,104.6,80.556,44.047
561.09,104.71,79.26,43.432
564.89,104.48,78.389,42.743
569.75,104.76,77.042,42.231
572.41,105.04,75.912,41.665
574.12,104.99,75.611,41.553
576.14,105.94,74.413,40.956
576.75,106.21,73.274,40.435
577.93,106.23,72.326,40.152
579.34,106.48,70.816,39.155
580.28,106.73,70.308,38.938
581.03,107.74,69.162,38.404
581.54,107.77,68.669,38.207
582.57,107.73,68.36,37.664
583.52,108.98,66.792,37.291
584.66,109.87,65.972,36.591
584.6,108.95,64.96,36.242
585.0,108.0,64.0,36.0
585.34,107.58,63.92,35.52
585.81,107.49,63.716,35.242
586.25,106.73,63.452,35.086
586.89,107.7,63.239,34.963
586.94,107.95,62.288,34.248
587.15,107.59,62.269,34.115
586.6,107.81,61.982,33.809
585.75,108.16,61.533,33.538
585.51,107.88,61.017,33.319
584.51,107.71,60.37,32.87
584.26,107.92,60.222,32.494
584.23,108.43,59.331,32.089
584.79,108.01,58.595,31.482
585.08,107.25,58.151,31.059
585.84,106.47,56.907,30.446
586.38,106.77,56.344,30.078
587.05,107.01,56.39,29.923
588.53,107.05,55.687,29.687
589.44,108.25,54.846,28.808
589.58,107.25,54.168,28.634
589.78,106.36,53.491,28.243
590.52,106.95,52.424,27.315
590.73,106.47,51.732,27.137
590.5,107.48,51.04,26.88
591.0,108.0,50.0,26.0
590.28,107.48,49.668,25.634
589.05,106.09,49.512,25.567
587.66,106.67,49.436,25.499
586.45,106.81,49.236,25.431
585.08,107.08,48.643,24.932
583.77,106.88,48.552,24.718
582.05,106.42,48.292,24.643
579.28,106.54,47.687,24.252
578.85,107.48,47.477,24.191
577.31,107.64,46.882,24.259
577.09,107.31,46.807,24.192
577.18,106.74,46.222,23.608
577.63,106.48,45.905,23.299
577.56,106.32,45.573,23.117
578.15,106.57,45.007,23.027
578.87,106.74,44.933,22.756
578.8,106.53,44.558,22.547
579.91,105.88,43.798,22.06
581.4,105.71,43.571,22.254
582.61,105.74,43.177,21.675
583.56,106.3,43.481,21.603
585.41,105.82,43.033,21.532
586.99,105.47,42.869,21.412
588.91,105.18,42.311,21.347
591.0,106.0,42.0,21.0
592.13,104.57,41.9,21.155
594.15,104.1,41.786,21.184
595.93,103.75,41.266,20.77
597.95,104.79,41.234,21.182
600.57,105.42,41.203,20.843
600.56,103.4,41.517,21.225
602.69,103.65,41.471,21.247
603.87,104.53,40.766,20.867
604.28,103.79,40.707,20.698
604.85,102.88,40.648,20.713
605.06,104.46,40.589,20.728
605.03,104.94,40.272,20.743
604.66,103.16,39.985,21.015
604.25,103.72,40.183,21.044
604.16,104.06,40.139,20.787
603.81,103.34,40.095,20.802
603.81,102.95,40.05,20.817
603.99,102.78,40.006,20.831
604.19,102.16,39.808,20.692
603.58,102.0,39.557,20.861
603.69,101.86,39.497,20.876
603.84,102.27,39.329,20.781
603.81,101.91,39.284,20.81
603.84,102.3,39.24,20.84
604.0,102.0,39.0,21.0
604.16,101.46,38.744,21.117
604.2,101.84,38.602,21.044
603.6,102.47,38.039,21.051
603.62,102.47,38.353,21.058
603.25,102.3,38.276,21.065
603.54,102.17,38.199,21.072
603.42,102.03,37.791,21.078
603.99,102.21,37.545,20.902
603.76,102.01,37.468,20.894
603.49,101.48,37.605,21.099
603.41,101.02,37.542,21.106
603.85,100.93,37.48,21.113
604.1,100.92,37.161,20.862
604.53,101.16,37.084,20.854
604.68,102.45,37.065,20.787
605.25,100.81,36.991,21.0
605.55,100.48,36.917,20.817
605.83,102.02,36.843,21.0
606.8,102.05,36.77,20.846
608.46,100.51,36.696,20.861
609.13,101.29,36.497,20.876
609.45,102.2,36.438,20.89
609.15,101.35,36.379,20.81
609.59,101.33,36.32,20.84
610.0,102.0,36.0,21.0
610.26,103.38,36.16,20.749
610.92,101.05,35.784,20.297
611.34,100.37,35.787,20.265
611.81,102.26,36.202,20.609
612.88,102.92,36.113,20.503
613.06,103.86,36.125,20.384
614.47,105.39,36.169,20.325
614.52,104.28,36.183,20.266
614.86,99.674,36.198,20.207
615.47,96.789,36.426,20.148
616.57,99.386,36.409,20.184
617.23,101.56,36.436,20.131
618.34,103.6,36.463,20.079
618.69,102.58,36.489,20.026
619.69,102.72,36.516,19.852
620.53,101.83,36.542,19.793
621.16,101.78,36.252,19.734
621.3,104.49,36.0,19.675
620.86,103.77,36.276,19.616
620.58,102.27,36.509,19.417
621.0,102.94,35.751,19.373
621.14,105.52,35.781,19.329
620.94,103.47,35.81,19.284
621.14,102.27,35.84,19.16
621.0,104.0,36.0,19.0
620.89,103.36,36.292,18.741
620.87,101.06,36.346,18.693
620.27,104.42,36.51,18.645
621.1,104.95,36.579,18.597
621.52,103.59,36.509,18.549
622.24,104.29,36.563,18.501
623.25,103.96,36.948,18.454
623.62,103.04,36.671,18.406
624.03,105.22,36.526,18.358
624.15,105.35,36.566,18.31
623.94,103.26,36.605,18.262
623.81,103.47,36.644,17.972
624.11,105.68,36.683,18.166
624.12,104.69,36.723,18.118
624.73,104.74,37.049,18.071
625.05,105.12,37.103,18.023
625.44,103.98,37.157,17.975
626.32,103.61,37.211,17.927
626.5,105.42,37.611,17.879
626.56,104.72,37.319,17.831
626.77,103.84,37.373,17.783
626.71,106.3,37.537,17.735
627.14,106.76,37.332,17.626
628.16,103.84,36.92,17.32
629.0,106.0,37.0,17.0
628.74,105.59,37.462,17.553
629.31,102.83,37.463,17.612
630.17,106.14,37.441,17.659
629.72,108.04,37.625,17.748
629.69,105.15,37.699,17.837
630.8,105.58,37.904,17.993
631.45,106.11,37.991,18.088
633.2,104.05,38.078,18.183
635.08,106.6,37.994,18.191
636.0,107.0,38.0,18.0
636.0,105.0,38.0,18.0
636.24,105.53,38.633,18.66
636.75,107.22,38.95,18.75
636.87,105.61,39.01,19.111
637.15,105.38,39.395,19.216
637.43,107.53,39.13,19.519
637.2,105.73,39.19,19.425
637.2,104.04,39.081,19.529
637.53,107.68,39.356,19.48
638.23,107.51,39.057,19.578
637.53,104.52,39.856,20.052
636.84,108.14,39.932,19.774
637.09,107.51,39.278,19.598
635.06,108.69,38.961,19.692
634.0,110.0,39.0,20.0
631.84,105.62,39.646,20.28
630.51,110.37,39.67,20.332
628.05,111.39,40.217,20.438
625.9,108.25,40.569,20.725
625.04,109.26,40.705,20.785
623.88,109.66,41.453,21.234
623.86,108.69,41.605,21.31
623.13,110.07,41.573,21.202
621.96,110.06,41.982,21.295
619.81,109.69,42.802,21.917
619.18,109.2,43.461,21.996
619.22,108.88,43.815,22.294
616.89,108.36,43.94,22.106
615.09,108.58,44.338,22.432
612.38,108.83,45.183,23.106
611.29,109.41,45.504,23.269
610.85,108.1,45.432,23.323
611.87,108.19,45.896,23.378
612.05,108.01,45.647,23.24
611.47,104.21,45.869,23.337
610.09,102.89,46.06,23.354
608.22,105.31,46.112,23.371
607.82,105.43,46.165,23.389
607.1,106.25,46.717,23.906
607.0,106.0,47.0,24.0
605.06,103.01,49.101,24.577
604.82,103.21,49.584,24.684
602.21,105.27,51.039,25.175
600.71,105.46,52.228,25.803
600.14,106.06,52.667,25.988
599.06,105.95,53.364,26.246
597.94,104.69,54.192,26.477
596.59,103.88,55.464,27.106
595.67,104.13,56.404,27.236
594.69,104.32,57.654,28.008
593.36,105.19,58.616,28.147
590.7,103.56,60.196,28.953
588.0,102.52,61.408,29.581
584.07,103.66,62.775,30.169
579.41,103.51,63.963,30.314
574.53,102.86,65.395,31.072
568.74,102.73,67.108,31.665
564.18,102.67,68.135,31.982
557.09,102.47,69.267,32.595
551.25,103.33,69.909,32.748
543.61,102.89,71.272,33.381
535.74,101.71,72.275,33.904
528.73,101.62,72.967,34.052
522.0,102.03,73.52,34.36
515.0,102.0,76.0,35.0
508.3,103.15,78.731,35.267
503.79,103.62,79.548,35.316
497.53,103.27,80.822,36.146
494.59,102.92,81.849,36.395
491.08,103.05,83.322,36.56
488.83,102.91,84.267,36.754
486.64,103.31,85.237,37.014
486.41,103.57,86.038,37.394
485.18,103.0,87.039,37.688
485.08,103.21,87.983,37.938
486.94,104.2,88.659,38.061
488.06,103.97,89.303,38.298
488.7,102.94,89.946,38.567
489.5,102.51,91.489,39.103
491.26,102.82,92.227,39.158
490.69,102.94,93.515,39.514
489.97,101.67,94.189,39.767
489.32,102.91,94.804,39.632
487.49,103.54,95.41,39.814
483.0,101.57,95.404,39.807
481.45,100.15,96.548,40.197
478.72,100.37,97.189,40.336
477.79,99.963,97.686,40.075
476.01,99.211,97.32,40.08
473.0,97.0,99.0,40.0
471.69,97.193,99.788,39.972
470.47,96.13,101.03,40.42
469.01,95.919,101.15,40.416
467.05,93.814,102.39,40.877
466.83,92.994,102.16,40.875
466.74,93.504,102.63,40.527
466.76,91.339,103.3,40.871
466.35,90.247,103.08,40.685
468.25,91.094,102.99,40.668
473.27,92.302,101.74,40.182
474.59,93.317,103.0,40.682
477.04,94.318,102.55,40.378
477.78,93.371,102.78,40.372
478.47,92.206,101.4,40.057
483.05,91.12,101.24,39.736
486.99,91.879,102.09,39.952
488.62,91.385,102.27,39.881
490.89,90.58,103.08,40.142
493.22,90.161,102.72,40.239
495.76,89.669,103.06,40.168
498.08,89.305,103.09,40.212
500.7,90.086,103.24,40.237
504.82,92.236,102.73,40.138
507.81,95.396,101.78,39.618
507.0,96.0,101.0,39.0
504.92,95.533,100.22,39.094
502.67,94.067,99.37,38.934
502.81,95.617,99.194,38.534
504.61,97.354,98.518,38.414
506.62,98.594,97.913,38.285
508.74,99.004,97.538,38.262
511.7,99.535,96.958,38.099
513.98,98.968,97.191,38.38
516.44,97.804,97.494,38.289
520.05,97.424,96.6,38.078
525.54,99.02,96.973,38.283
532.28,101.83,96.945,38.483
533.73,102.39,95.432,37.94
532.77,101.66,95.39,37.883
531.81,100.85,96.165,38.301
532.58,101.43,94.867,37.943
533.17,101.42,94.637,37.873
535.61,101.99,94.256,37.656
538.51,102.36,92.778,37.099
541.55,102.65,92.324,37.041
542.04,103.01,92.024,36.984
544.29,102.82,91.224,36.926
547.32,102.56,90.808,36.692
548.84,101.86,90.124,36.311
551.0,101.0,88.0,36.0
555.67,101.28,87.82,36.08
560.97,102.09,87.069,35.784
563.88,102.3,88.479,35.61
564.76,100.79,88.856,36.299
567.69,101.18,88.342,35.927
568.14,100.84,87.982,35.93
565.93,101.07,87.973,36.034
558.93,101.81,87.879,36.01
552.32,101.85,86.99,35.288
546.95,101.08,87.574,35.488
545.49,100.9,86.897,35.437
545.23,102.04,86.794,35.386
546.15,101.58,86.676,35.335
547.67,101.38,85.816,35.012
548.73,101.13,85.411,34.734
548.81,100.76,85.58,34.683
549.68,100.63,85.013,34.815
549.74,100.46,84.019,33.918
549.83,98.504,82.842,33.684
551.24,100.02,82.304,33.282
555.69,102.58,80.869,32.975
555.4,101.43,81.206,33.028
556.48,101.18,80.448,32.862
559.56,103.8,79.04,32.386
558.0,103.0,78.0,32.0
557.32,100.52,77.6,32.64
558.18,100.51,78.242,32.663
557.88,99.005,77.233,32.767
556.67,97.066,77.654,32.746
558.31,98.857,77.01,33.09
560.14,101.84,77.058,33.015
559.48,101.45,77.216,33.078
559.16,100.45,75.845,33.141
559.88,100.45,75.443,32.507
560.44,100.0,74.513,32.555
561.4,99.742,74.052,32.376
563.22,100.06,73.805,32.41
564.79,101.09,73.145,32.275
564.41,101.39,73.195,32.319
561.88,99.013,72.201,32.363
560.96,97.939,71.677,32.105
561.94,99.192,70.757,31.635
562.45,100.65,69.754,31.549
560.98,99.898,69.057,31.435
560.61,99.464,67.776,30.767
559.54,99.785,67.91,31.05
559.67,101.08,67.574,30.817
559.59,101.35,66.396,30.778
559.01,101.5,66.179,30.813
560.0,101.0,65.0,31.0
560.43,99.707,63.62,30.82
560.64,99.879,63.363,30.879
561.7,100.57,63.185,30.938
562.27,102.81,62.757,30.746
559.8,101.72,62.47,30.696
557.85,99.846,62.307,31.116
557.69,100.87,61.638,30.837
557.15,101.32,61.298,31.05
557.19,101.66,61.224,31.095
558.17,101.86,60.23,30.639
556.81,100.73,59.583,30.456
556.47,101.61,58.861,30.485
556.12,100.72,58.124,29.757
552.85,98.93,57.873,29.772
555.14,99.496,57.335,29.787
556.19,100.32,56.37,29.5
555.41,101.3,55.853,29.183
553.69,103.2,55.374,29.169
550.83,101.09,54.886,28.808
549.2,98.663,54.073,28.778
551.22,100.21,53.698,28.671
555.07,102.69,53.268,28.261
557.95,102.93,52.023,28.164
561.05,103.02,51.627,28.058
566.0,103.0,50.0,28.0
569.04,103.01,51.05,27.582
571.5,104.12,51.244,27.505
574.66,105.15,51.938,27.537
577.54,104.64,51.617,27.35
584.0,106.56,49.309,26.804
589.0,109.0,47.155,24.73
592.0,106.0,47.0,25.0
599.0,107.0,47.0,25.0
606.0,110.0,45.0,25.0
612.0,109.0,45.0,25.0
620.0,109.0,45.0,25.0
630.0,110.0,43.0,24.0
639.0,108.0,43.0,24.0
649.0,105.0,43.0,24.0
662.0,106.0,43.0,24.0
674.0,106.0,45.0,24.0
684.0,107.0,47.0,24.0
692.0,105.0,47.0,25.0
698.0,105.0,47.0,25.0
702.0,108.0,47.0,25.0
705.0,110.0,47.0,25.0
707.0,111.0,45.0,24.0
707.0,110.0,45.0,24.0
706.0,110.0,47.0,24.0
705.0,111.0,47.0,24.0
705.0,111.0,47.0,24.0
705.0,111.0,45.0,23.0
703.0,113.0,47.0,23.0
702.0,110.0,49.0,25.0
704.0,105.0,49.0,25.0
702.0,105.0,51.0,26.0
702.55,104.73,53.988,23.488
701.82,102.22,53.766,23.083
699.11,103.85,54.103,23.207
695.93,104.78,53.861,23.435
695.6,104.22,54.317,23.633
696.69,100.15,54.287,23.544
697.5,99.788,54.217,23.456
698.83,100.83,54.095,23.139
697.78,103.42,54.07,23.065
698.37,102.15,53.991,22.991
699.51,98.479,53.917,23.101
696.2,103.16,53.681,23.012
695.24,105.06,53.923,22.577
696.9,101.18,53.835,22.835
697.13,103.38,53.746,22.746
698.85,106.17,53.938,22.657
701.78,102.76,54.463,22.663
702.29,101.67,53.971,22.56
700.0,103.0,53.0,22.0
696.68,104.24,53.642,22.001
695.55,104.55,54.165,22.001
696.27,101.34,54.727,22.001
694.35,102.72,54.373,22.001
690.7,105.97,54.9,22.001
692.42,104.73,54.771,22.075
693.66,103.6,54.894,22.082
691.1,107.69,55.016,22.089
692.18,109.11,55.138,22.097
699.8,103.43,54.686,21.817
699.65,102.9,55.382,22.111
695.57,106.48,55.762,22.371
694.34,106.93,55.716,22.364
694.89,106.34,55.561,22.085
693.53,106.29,55.95,22.349
691.67,106.39,55.764,22.144
690.46,105.96,56.366,22.335
689.41,104.85,56.468,22.327
688.05,104.71,56.605,22.244
684.95,106.06,56.703,22.383
683.84,106.37,56.852,22.124
683.13,106.61,56.517,22.164
683.28,106.7,56.716,22.19
682.03,107.08,56.76,22.08
682.0,107.0,57.0,22.0
681.96,106.11,57.263,22.285
681.58,105.26,58.041,22.388
679.24,105.76,57.85,22.579
677.38,106.53,58.488,22.811
675.77,106.41,58.653,22.988
676.56,106.12,58.587,22.956
675.56,106.49,58.372,22.837
675.29,106.27,58.453,22.683
674.58,106.41,58.652,22.897
673.33,107.07,58.626,22.713
672.61,106.18,58.644,23.0
672.89,105.89,58.272,23.0
674.28,103.49,58.185,22.879
672.88,103.97,57.522,22.748
670.73,106.77,57.519,22.748
670.45,106.59,57.471,22.748
674.29,105.12,57.144,22.5
678.0,104.01,57.383,23.0
679.45,106.57,56.755,22.578
682.08,106.57,55.972,22.426
681.69,105.97,56.11,22.433
679.4,106.03,55.366,22.165
676.55,106.98,54.844,22.048
674.01,107.05,54.713,22.121
674.0,105.0,54.0,22.0
673.74,105.0,51.92,22.4
670.49,106.12,51.536,22.474
669.76,107.35,51.542,22.548
671.75,106.62,51.467,22.497
675.86,105.58,50.687,22.557
678.46,106.16,49.537,22.462
680.51,107.17,49.439,22.506
682.89,106.91,48.555,22.55
683.29,107.5,47.647,22.293
682.14,108.57,47.461,22.565
681.53,108.85,47.429,22.796
680.21,108.55,47.207,22.97
678.73,107.99,46.796,22.789
675.54,109.29,46.155,22.863
672.78,111.03,46.006,23.087
671.45,111.0,45.12,23.169
670.23,109.38,44.918,23.251
669.89,108.1,44.517,23.332
667.4,108.78,43.848,23.077
663.25,110.58,43.839,23.165
659.5,111.03,43.484,23.378
656.29,109.73,42.739,23.452
650.9,110.37,42.464,23.526
644.76,110.16,42.0,23.52
641.0,105.0,40.0,24.0
632.13,107.92,41.296,23.999
627.19,111.6,41.454,24.214
627.0,108.86,42.002,24.206
627.37,102.8,42.274,24.641
622.83,106.7,42.941,24.704
619.18,111.04,43.421,24.939
620.63,109.3,43.634,25.054
622.21,101.6,44.681,25.36
621.46,103.17,45.405,25.721
618.81,106.92,45.635,25.734
618.08,105.86,46.84,26.355
618.94,105.44,47.309,26.536
619.92,107.58,48.278,26.805
620.64,104.69,49.049,27.089
623.26,99.466,49.806,27.403
625.43,101.12,51.055,28.059
629.07,105.18,51.697,28.133
631.67,101.01,52.295,28.494
636.09,99.336,53.23,29.038
640.08,100.13,53.903,29.083
644.57,101.36,54.416,29.503
648.94,104.74,55.418,29.736
652.67,101.33,56.604,30.216
655.57,98.468,56.9,30.26
658.0,101.0,59.0,31.0
659.24,103.08,64.22,31.32
663.49,102.25,65.187,31.474
665.39,103.09,67.293,31.938
667.14,103.44,69.585,32.622
670.15,103.23,70.36,32.917
671.09,102.54,72.438,33.399
669.43,102.75,74.307,34.396
664.68,100.85,76.091,34.572
657.15,100.8,78.246,34.972
648.26,101.44,79.984,35.332
638.47,101.95,81.911,35.845
632.73,100.73,83.9,36.342
626.06,99.831,86.269,37.028
621.12,100.37,88.413,37.405
615.68,100.22,90.523,37.784
613.27,101.45,92.009,38.367
612.14,103.56,93.668,38.488
613.58,101.13,95.509,38.941
614.05,100.15,98.243,39.77
611.06,100.83,100.24,40.052
609.89,100.88,101.61,40.331
606.15,101.8,102.96,40.47
600.22,102.91,105.49,41.109
596.74,103.06,106.4,41.328
593.0,102.0,113.0,42.0
587.06,101.24,116.05,43.952
580.95,101.09,117.83,44.813
575.18,101.06,119.19,45.646
570.98,100.76,122.23,46.894
565.74,101.1,123.8,47.78
560.7,100.44,126.28,48.977
556.65,100.2,128.49,49.909
552.42,99.41,130.41,50.876
546.37,98.997,131.59,51.378
542.55,99.52,134.28,52.837
538.87,98.453,136.77,53.999
537.51,98.095,138.89,54.87
537.16,97.563,142.03,56.587
538.75,98.038,143.17,57.202
542.68,98.963,143.71,57.565
547.67,99.631,144.96,58.126
554.8,99.486,147.09,59.313
559.8,100.43,149.42,60.342
565.28,99.874,151.32,61.342
571.77,99.179,153.84,62.671
574.62,99.746,156.67,63.999
577.82,100.79,156.55,64.407
583.44,100.94,158.26,65.182
589.92,102.13,158.3,65.645
594.0,100.0,159.0,67.0
597.91,101.45,154.26,67.218
605.65,100.66,154.99,67.911
610.52,101.39,154.67,68.442
615.49,103.04,153.68,68.183
621.23,102.09,153.29,68.455
625.88,100.77,152.76,68.772
633.26,100.27,153.14,69.62
642.17,99.626,152.4,69.576
649.22,98.588,150.53,69.468
653.63,98.561,150.66,69.63
656.45,101.82,150.44,70.31
661.87,102.12,149.44,69.928
667.82,102.21,147.85,69.937
675.67,102.56,146.58,69.545
683.22,100.75,145.46,69.266
695.02,97.037,143.8,69.029
698.47,97.624,141.61,68.533
698.37,103.05,141.29,68.331
706.81,104.21,139.35,68.346
717.83,102.76,136.68,67.139
725.73,104.19,134.67,66.992
729.12,107.68,133.29,66.39
734.91,108.98,130.38,65.5
743.57,108.67,128.28,65.08
750.0,107.0,123.0,65.0
754.58,108.39,121.46,63.3
755.12,109.88,121.7,63.294
756.4,111.3,120.48,62.918
758.52,111.56,119.26,62.013
761.47,110.42,117.94,61.217
761.9,111.21,116.81,60.422
761.77,111.33,116.28,59.957
763.09,111.4,114.04,59.03
761.35,109.86,113.89,58.588
761.24,110.72,111.95,57.588
759.54,111.02,109.52,56.11
759.43,111.56,109.12,55.925
757.12,111.64,107.08,54.541
756.18,111.8,105.17,53.611
754.58,111.25,103.71,52.747
753.69,110.8,101.91,51.581
751.29,110.53,100.95,50.969
748.54,110.93,99.412,50.068
746.38,110.25,97.736,49.37
744.97,109.94,95.968,48.02
741.08,109.63,93.896,47.054
736.49,108.97,91.992,46.25
731.05,108.39,90.994,45.447
723.93,108.27,89.512,44.552
717.0,108.0,87.0,43.0
708.76,109.06,85.934,42.205
700.63,109.56,85.877,42.378
696.02,109.78,84.701,41.781
694.67,108.91,84.402,41.56
693.03,108.54,83.351,41.087
690.0,109.1,82.074,40.195
684.39,109.32,80.975,39.973
677.22,109.8,80.62,39.546
671.94,109.07,79.673,39.267
667.53,105.52,78.686,38.664
662.5,104.19,77.733,38.261
655.91,108.73,77.018,37.896
655.74,110.73,75.822,37.292
659.67,107.78,74.558,36.653
660.75,106.81,73.221,35.755
656.06,106.32,72.174,35.436
648.33,105.74,70.517,34.734
639.4,108.53,69.499,34.143
633.11,110.43,68.818,33.74
630.73,108.62,68.2,33.501
631.46,104.81,67.076,33.039
632.07,102.4,65.76,32.58
631.74,101.72,65.15,32.037
628.33,101.87,64.351,31.474
623.0,102.0,63.0,31.0
616.26,105.42,62.316,31.31
610.21,109.89,62.19,31.368
610.1,109.16,61.673,31.034
612.1,104.1,61.061,31.107
615.39,100.9,60.748,30.917
618.34,103.85,60.307,30.962
621.97,104.36,59.976,30.837
626.28,103.42,59.482,30.55
629.13,106.6,58.819,30.397
629.49,105.85,58.73,30.426
627.66,101.28,58.038,30.228
624.65,104.61,57.346,29.985
621.54,105.93,57.139,30.0
617.59,101.86,57.007,29.656
612.13,101.96,55.706,29.646
606.03,106.02,56.052,29.636
604.36,109.32,54.803,29.183
604.55,102.83,54.037,28.506
604.6,101.85,53.27,28.308
605.28,104.86,52.004,28.139
604.69,104.11,51.738,28.124
605.7,104.57,51.253,27.61
605.48,104.88,50.206,27.19
605.17,104.8,49.78,27.08
602.0,105.0,48.0,27.0
599.83,104.74,48.163,27.351
597.72,104.9,48.599,27.321
596.33,104.51,48.614,27.371
594.2,104.29,49.005,27.797
593.43,103.7,48.722,27.747
592.98,103.63,48.692,27.773
592.25,104.04,48.836,27.901
592.91,103.57,48.638,27.753
592.8,103.12,48.402,27.651
592.5,102.89,48.358,27.663
592.73,102.86,47.813,27.402
592.59,102.54,47.769,27.428
593.81,102.39,47.97,27.697
594.16,102.62,47.907,27.708
594.59,102.08,47.056,27.047
595.34,102.28,46.784,27.049
595.77,101.78,46.234,26.865
595.75,101.57,46.166,26.859
596.12,102.19,45.42,26.565
596.65,102.31,45.331,26.559
596.81,102.15,44.994,26.483
596.98,102.25,45.045,26.094
597.33,102.87,44.472,25.987
597.05,101.91,44.398,25.989
597.0,101.0,44.0,26.0
596.73,103.76,44.219,25.724
596.24,103.76,44.76,25.767
596.47,104.1,44.3,25.621
597.0,105.73,43.842,25.504
597.34,105.04,43.883,25.084
596.81,104.98,43.923,25.04
597.1,106.25,43.964,24.996
597.04,106.8,44.005,24.952
596.98,106.74,43.847,24.908
596.68,107.05,44.086,24.864
597.07,104.9,43.899,24.819
596.49,108.48,43.925,24.53
596.77,108.91,43.951,24.47
596.65,105.21,43.932,24.639
597.14,105.56,43.929,24.565
597.3,108.29,43.198,23.991
597.88,107.75,42.798,23.601
597.86,106.0,42.451,23.507
598.43,105.3,42.25,23.418
599.7,108.8,42.354,23.409
600.08,108.59,41.959,23.074
600.72,106.46,41.544,22.785
600.74,109.09,41.471,22.679
600.06,110.13,41.398,22.573
600.0,107.0,41.0,22.0
600.1,106.4,40.84,22.159
600.01,110.19,41.178,22.188
600.14,110.69,41.135,22.408
599.96,108.87,41.309,22.43
599.99,106.26,41.153,22.452
599.91,107.57,40.775,22.32
599.97,109.26,40.632,22.327
599.99,109.21,40.578,22.11
600.57,111.33,40.85,22.442
599.67,110.84,40.805,22.457
599.72,107.54,41.012,22.379
599.76,108.93,40.968,22.629
599.67,110.8,40.623,21.981
598.86,109.73,40.508,22.068
598.77,110.14,40.406,22.171
598.63,110.58,40.345,22.296
598.31,109.87,40.334,22.274
598.14,108.85,40.761,22.413
598.58,108.98,39.89,22.076
598.91,111.21,39.804,22.069
599.01,110.89,39.603,21.999
600.04,109.46,39.531,21.999
600.03,109.95,39.46,21.999
600.65,109.87,39.388,21.999
601.0,109.0,39.0,22.0
601.05,110.54,39.136,22.0
600.59,110.9,39.19,22.0
600.57,109.89,39.186,22.0
600.98,109.77,39.536,22.183
600.98,110.0,39.597,22.0
601.33,109.54,39.608,22.0
601.25,109.17,40.0,22.0
602.04,110.54,39.633,21.902
602.28,110.28,39.5,22.0
601.96,108.8,39.5,21.886
602.33,110.2,39.272,21.878
601.73,111.46,39.515,21.628
601.77,109.34,39.485,21.862
601.54,109.47,39.456,22.079
601.76,111.43,39.426,22.269
602.37,110.28,39.544,21.79
602.39,110.47,39.367,21.367
602.49,110.98,39.169,21.823
602.51,110.26,39.0,21.315
602.79,108.13,39.0,21.278
602.53,111.66,39.065,21.249
602.76,110.79,38.657,21.219
603.0,105.37,38.19,21.095
602.85,107.08,38.22,21.239
603.0,110.0,38.0,21.0
601.96,107.1,37.92,21.16
601.95,107.97,37.905,21.19
601.55,111.16,37.89,21.219
601.56,105.73,38.251,21.371
601.66,102.75,38.313,21.415
601.38,106.27,38.238,21.459
601.48,107.12,38.552,21.503
600.62,105.08,38.519,21.547
600.86,104.1,38.487,21.592
600.74,104.73,38.168,21.636
600.69,103.76,38.65,21.68
601.21,103.65,38.39,21.724
601.13,104.49,38.115,21.768
600.88,103.42,38.098,21.812
601.05,103.52,37.892,21.673
601.32,103.83,38.063,21.603
601.37,103.33,37.867,21.806
602.59,102.39,37.675,21.663
602.04,103.04,37.27,21.5
602.22,103.86,37.557,21.861
601.75,103.99,37.497,21.876
601.69,103.74,37.502,21.937
601.88,103.4,37.029,21.905
601.88,103.82,36.946,21.92
602.0,104.0,37.0,22.0
601.17,103.99,37.655,21.642
600.52,103.56,37.776,21.576
599.91,103.24,37.788,21.452
599.5,104.05,37.746,21.254
598.52,103.75,37.769,21.341
596.55,104.71,37.942,21.077
596.34,103.87,37.993,20.988
596.18,106.38,38.228,20.899
596.33,106.15,38.348,20.81
595.43,101.53,38.508,20.647
595.6,104.84,38.771,21.048
594.96,106.24,38.821,21.212
594.32,105.48,38.614,20.365
593.79,106.83,38.683,20.427
593.28,106.1,38.434,20.264
593.87,105.17,38.758,20.256
594.42,106.58,39.111,20.284
594.3,107.04,38.717,20.116
593.35,106.21,38.727,20.164
593.08,106.25,38.376,19.543
592.95,106.35,38.056,19.119
592.2,106.32,38.039,18.986
592.19,106.8,37.927,18.853
592.0,107.64,37.24,18.72
592.0,107.0,37.0,18.0
591.75,107.02,37.697,18.612
591.73,108.27,37.731,18.725
591.42,106.81,38.047,18.887
590.57,106.35,38.727,19.188
591.0,109.27,38.11,19.267
591.95,107.66,38.627,19.401
591.2,106.24,38.614,19.366
591.27,109.26,38.881,19.795
590.65,108.18,39.039,19.924
590.96,107.27,39.224,19.669
590.46,110.19,39.588,19.843
590.0,108.87,40.207,20.521
589.75,108.38,40.538,20.74
589.49,111.43,40.605,20.703
588.89,107.64,41.152,21.014
588.74,109.87,41.828,21.564
588.54,113.33,41.643,21.373
587.45,110.54,41.916,21.589
588.26,111.63,42.251,21.821
590.15,112.56,42.06,21.957
591.95,109.6,43.061,22.339
595.03,107.76,43.341,22.477
595.08,108.5,43.988,23.157
594.49,108.45,44.226,23.288
595.0,108.0,45.0,24.0
595.95,109.37,46.64,25.095
594.7,109.3,47.443,25.297
596.13,108.41,47.885,25.578
595.69,107.6,48.588,26.169
594.43,110.45,48.937,26.469
595.09,109.84,49.747,26.861
595.26,108.81,50.783,27.367
595.47,109.21,51.81,27.711
594.51,108.37,52.892,28.857
595.69,107.39,54.309,29.452
595.41,105.79,55.237,29.929
595.31,104.59,56.127,30.826
596.04,107.48,56.615,30.857
595.99,107.92,57.713,31.72
595.61,106.7,59.199,32.587
595.46,106.5,60.564,33.145
595.31,105.62,61.796,33.791
596.46,105.03,62.426,34.509
597.25,104.83,62.926,34.827
598.93,105.64,64.254,35.128
601.8,106.65,64.452,35.911
602.92,106.05,65.447,35.894
605.89,104.11,65.863,36.457
607.91,103.86,66.58,36.727
610.0,105.0,68.0,38.0
612.65,104.83,72.6,38.0
616.16,102.95,73.861,39.0
618.76,102.9,76.152,39.442
623.28,103.38,77.117,39.937
626.93,103.28,78.481,40.087
632.56,103.94,80.374,40.697
640.43,104.34,81.823,41.199
648.22,103.11,83.596,41.4
657.74,102.12,85.068,41.758
667.08,102.68,86.569,42.274
675.18,105.04,88.561,42.797
683.86,107.43,88.735,42.767
690.75,106.85,90.253,43.026
695.59,107.24,92.109,43.527
700.57,106.43,92.922,43.787
703.73,106.64,93.69,43.802
705.06,107.29,94.592,43.633
706.26,107.9,95.722,43.865
707.48,108.14,97.189,44.346
707.03,108.32,97.904,44.036
705.93,108.86,99.41,44.5
705.11,108.74,100.3,44.61
705.3,108.66,100.15,44.111
704.94,108.4,101.42,44.597
704.0,108.0,107.0,45.0
704.76,108.43,108.75,45.732
706.54,108.21,109.27,45.962
708.47,108.2,109.16,46.112
710.28,108.01,110.07,46.386
710.15,107.56,111.87,46.91
709.44,107.77,111.85,47.406
708.6,107.97,111.77,47.041
707.0,107.89,112.99,47.993
704.7,108.18,113.41,48.115
702.35,108.61,113.7,48.022
700.49,108.62,113.86,48.386
696.93,109.16,114.23,48.509
693.57,110.05,114.69,48.838
691.06,108.56,115.89,49.443
689.83,108.01,116.22,49.225
688.01,107.93,116.48,49.615
686.4,106.39,116.98,49.902
686.65,105.35,116.86,49.665
688.3,104.47,117.42,50.085
688.18,104.73,118.56,50.673
688.71,103.76,118.29,50.385
692.99,101.44,118.76,50.458
697.88,96.585,118.93,50.621
702.12,92.46,118.68,50.68
703.0,89.0,119.0,51.0
701.92,88.631,118.45,50.778
700.32,87.808,117.95,50.331
697.56,86.298,118.45,50.781
697.29,86.308,118.13,50.627
697.6,85.196,117.75,50.443
698.02,83.904,116.77,49.884
697.16,86.015,115.98,49.494
695.25,89.401,115.03,49.266
694.07,92.237,114.61,48.905
694.05,95.454,115.01,49.361
690.09,96.914,114.87,48.817
687.17,99.931,114.31,48.777
681.13,102.7,114.86,48.97
676.46,105.49,114.11,48.867
672.5,106.76,113.0,48.285
670.98,106.45,112.92,48.42
666.23,107.38,112.07,47.814
661.9,107.64,110.22,47.189
656.5,107.21,109.78,46.918
651.78,107.72,108.75,46.329
648.26,107.38,108.19,46.241
645.04,106.85,107.6,46.153
640.09,106.45,107.05,45.559
637.23,105.4,106.47,45.472
636.0,106.0,105.0,45.0
633.49,105.95,103.51,44.725
630.99,106.59,103.01,44.269
628.18,107.61,102.69,43.671
625.63,107.88,101.94,43.954
625.45,108.16,101.29,43.761
626.56,108.4,100.89,43.529
626.72,108.14,101.36,43.65
626.51,108.55,100.87,43.353
627.2,108.63,99.398,42.877
631.51,108.54,97.849,42.28
638.0,108.32,93.368,42.008
644.0,108.0,93.0,42.0
651.0,108.0,91.0,42.0
657.0,108.0,91.0,42.0
659.0,108.0,91.0,42.0
659.0,108.0,91.0,42.0
659.0,108.0,89.0,40.0
659.0,107.0,89.0,40.0
658.0,106.0,89.0,40.0
656.0,106.0,89.0,40.0
655.0,106.0,87.0,38.0
654.0,106.0,87.0,38.0
653.0,106.0,87.0,38.0
654.0,107.0,85.0,36.0
654.0,107.0,85.0,36.0
657.0,108.0,83.0,34.0
657.0,108.0,83.0,34.0
660.46,107.93,76.323,35.048
661.92,108.64,75.145,34.997
663.67,108.33,74.326,35.057
664.44,107.69,73.729,35.116
665.98,107.14,73.108,34.843
666.78,107.46,72.139,34.681
666.05,108.11,71.037,34.568
664.38,108.64,70.332,34.623
663.12,108.85,68.973,33.98
663.55,107.77,68.297,33.793
664.14,106.73,67.092,33.272
663.61,106.34,65.793,33.208
663.41,106.68,65.294,33.212
663.31,107.71,63.946,32.565
664.29,108.02,63.213,32.598
664.71,108.74,61.933,31.978
665.77,108.82,60.553,31.754
665.59,108.88,59.72,31.528
664.13,108.85,59.216,31.478
663.69,108.97,58.512,31.45
662.44,109.35,57.401,30.664
660.72,107.85,56.32,30.796
657.0,108.0,54.0,31.0
653.68,108.96,54.213,30.93
652.5,108.91,54.253,30.917
652.58,108.27,54.443,30.723
652.56,107.61,54.124,30.751
653.28,107.56,53.861,30.583
651.96,107.34,54.192,30.538
650.71,107.54,53.45,30.275
646.94,108.09,52.768,29.74
644.42,107.53,52.256,29.549
643.14,104.52,52.071,29.502
639.37,107.55,51.775,28.956
634.63,109.67,51.765,28.91
633.38,108.97,51.513,28.864
631.68,106.29,51.193,28.533
629.8,106.71,51.181,28.498
627.45,110.35,51.226,28.397
626.55,108.67,50.366,28.367
624.33,106.88,50.34,28.204
621.54,108.19,50.308,27.616
618.97,109.41,50.278,27.772
618.25,110.29,49.624,27.373
615.79,110.98,49.219,27.329
614.61,107.83,49.19,27.284
613.03,107.41,49.08,27.24
610.0,108.0,49.0,27.0
608.96,106.8,48.936,26.991
608.35,102.67,48.924,26.99
606.88,103.01,48.913,26.988
606.43,104.95,48.901,26.986
605.86,105.17,48.5,26.5
605.61,102.93,48.518,26.544
606.15,103.05,48.351,26.548
607.12,103.96,48.655,26.817
607.3,103.83,48.416,26.741
607.57,102.87,47.872,26.435
607.86,102.71,47.829,26.431
608.38,102.82,48.033,26.543
608.24,102.14,47.47,26.243
608.11,99.507,47.411,26.106
608.61,100.21,47.065,26.213
608.6,100.93,47.293,25.897
609.0,98.598,46.726,25.761
609.5,98.333,46.336,25.74
610.0,100.18,46.07,25.527
609.91,100.66,46.189,25.698
610.44,100.63,45.613,25.231
609.67,101.06,45.931,25.204
609.8,102.92,45.562,25.271
608.92,104.04,45.4,25.185
607.0,104.0,45.0,25.0
606.46,102.77,44.993,24.885
605.75,105.31,44.992,24.769
606.52,104.32,44.601,24.733
604.32,104.3,44.99,24.697
604.71,104.68,44.628,24.3
604.91,104.69,44.987,24.625
605.43,103.58,44.986,24.589
605.69,103.26,44.668,24.236
606.71,105.26,44.38,24.215
607.01,105.79,44.909,24.406
607.4,103.57,44.937,24.4
607.74,103.28,44.739,24.279
608.43,105.14,44.723,24.228
607.61,105.06,44.707,24.191
607.55,104.19,44.691,24.139
606.91,104.17,44.977,24.397
606.57,103.92,44.351,23.895
606.76,106.26,43.821,23.843
606.9,106.05,43.791,23.638
606.16,103.96,43.761,23.601
606.14,105.34,43.73,23.564
606.57,105.65,43.7,23.329
606.82,105.57,43.284,23.284
607.43,107.38,43.24,23.24
608.0,108.0,43.0,23.0
607.92,107.31,43.16,23.0
608.75,106.56,43.19,23.0
609.38,106.93,43.11,23.11
609.31,109.88,43.373,23.124
609.32,107.11,43.417,23.139
609.33,107.89,43.308,23.154
609.33,110.41,43.006,23.169
609.07,107.94,43.05,22.867
609.55,107.04,43.095,22.897
610.95,110.11,43.639,23.213
611.02,109.58,43.683,23.228
611.13,106.99,43.73,23.374
611.86,107.52,43.488,23.123
611.71,109.6,43.217,23.116
611.27,108.68,43.255,23.182
611.36,108.31,43.292,22.903
610.92,109.06,43.292,22.91
610.93,108.29,43.475,23.086
610.25,108.44,43.146,23.078
609.29,108.18,43.132,23.071
608.0,108.27,43.239,23.128
607.34,108.03,42.711,23.003
606.21,106.88,43.088,23.003
605.66,109.02,43.233,23.125
605.0,109.0,43.0,23.0
604.97,107.64,42.817,22.794
604.98,108.32,43.169,22.756
604.83,108.85,42.91,22.665
606.05,107.93,42.834,22.811
605.98,107.21,42.757,22.574
606.1,108.7,42.681,22.529
606.69,108.84,42.936,22.652
606.71,108.48,42.845,22.439
606.87,108.83,42.769,22.393
606.8,107.79,43.229,22.922
606.65,105.62,42.837,22.575
606.66,107.49,42.989,22.772
606.54,107.01,42.868,22.698
607.29,105.56,42.52,22.623
608.42,106.24,42.505,22.409
608.54,106.36,42.809,22.473
609.25,106.8,42.704,22.398
609.65,107.43,42.337,22.324
609.45,106.79,41.845,22.084
608.83,105.37,41.711,22.003
608.59,107.25,41.452,21.622
608.55,108.49,41.441,21.657
608.45,106.62,41.393,21.569
608.8,106.74,40.8,21.48
609.0,108.0,40.0,21.0
609.02,106.96,40.314,21.361
607.98,103.59,40.826,21.427
608.64,109.23,40.886,21.494
608.68,109.94,40.821,21.561
608.5,103.99,41.005,21.795
608.62,107.65,40.911,21.694
608.52,108.96,41.456,21.915
608.42,106.91,41.787,22.441
608.3,107.65,42.201,22.497
608.22,109.17,42.403,22.656
608.86,106.2,42.178,22.687
609.05,106.47,42.395,22.846
608.93,108.25,42.642,22.869
608.98,106.8,42.631,22.893
608.4,106.88,42.907,22.916
608.3,109.12,42.911,22.94
607.43,107.0,42.915,22.963
607.29,107.1,42.75,23.318
607.3,108.63,42.601,23.18
607.5,107.11,42.453,23.211
607.77,107.01,42.582,22.866
608.09,108.95,42.682,22.882
608.23,108.14,42.157,22.898
608.67,106.87,42.133,22.914
609.0,109.0,42.0,23.0
608.48,108.93,42.96,23.32
608.43,108.67,43.137,23.379
607.47,108.2,43.958,23.527
606.2,108.48,44.092,23.564
605.64,108.5,44.366,24.101
605.42,108.45,44.515,24.138
605.59,108.41,44.826,24.006
605.34,108.34,44.812,24.212
605.17,108.17,44.763,24.05
604.59,107.45,45.11,24.285
604.22,108.48,45.29,24.228
604.26,107.92,45.91,24.485
603.86,108.27,46.03,24.515
603.18,108.22,46.371,24.544
602.6,107.82,46.509,24.574
601.79,109.16,46.612,24.603
601.48,108.56,46.899,24.817
599.45,107.81,47.157,24.831
599.06,107.98,47.23,25.0
597.84,108.54,47.443,25.0
596.58,107.72,47.503,25.0
594.24,108.51,47.562,25.0
594.85,110.31,47.202,24.595
593.02,106.53,47.831,25.08
592.0,107.0,48.0,25.0
590.77,109.67,49.06,25.24
588.06,106.44,49.163,25.284
586.4,106.2,49.401,25.545
585.48,109.27,50.018,26.081
583.31,108.16,49.857,25.978
582.64,109.17,50.291,25.999
579.57,109.28,50.864,26.021
577.27,107.91,51.12,26.225
575.96,108.28,51.536,26.432
573.86,107.56,51.468,26.534
572.71,107.23,52.223,26.76
571.22,111.48,51.78,26.788
570.04,110.04,52.293,26.771
566.86,105.86,51.806,26.527
565.77,108.02,51.605,26.525
564.38,108.19,51.934,26.523
563.48,108.55,51.864,26.628
562.81,110.27,52.206,27.0
562.39,109.29,52.752,27.044
563.02,107.12,52.776,27.04
564.48,110.28,52.173,26.409
565.5,109.87,52.279,26.817
566.68,108.95,52.647,26.774
569.84,110.17,52.799,27.201
574.0,109.0,53.0,27.0
577.41,108.42,53.56,27.32
582.72,111.2,53.758,27.474
587.65,110.29,53.877,27.548
591.36,109.71,54.87,27.846
593.73,110.39,55.536,28.411
595.13,109.41,55.539,28.438
597.62,108.73,55.744,28.879
599.51,111.45,56.026,28.468
600.83,111.31,56.439,28.964
602.38,110.63,57.185,29.529
604.61,110.63,57.365,29.649
605.73,108.8,57.546,29.769
605.77,110.19,58.226,30.132
606.89,110.06,58.134,30.237
606.87,109.98,58.768,30.472
607.17,112.37,58.901,30.569
607.08,111.01,59.649,30.665
606.87,110.89,59.442,30.761
604.76,110.56,60.769,31.577
603.13,110.73,59.97,31.281
600.61,111.61,59.878,31.003
599.59,111.7,60.562,31.062
599.06,110.0,60.81,31.716
599.12,110.51,60.92,31.84
599.0,110.0,61.0,32.0
597.6,109.15,61.96,32.88
596.71,111.29,62.172,33.078
595.88,111.47,62.245,33.246
595.07,108.1,63.101,33.868
595.1,111.03,63.17,34.17
594.16,110.61,64.001,34.347
593.47,108.8,64.596,34.693
593.24,110.67,64.569,34.885
592.81,110.22,65.683,35.791
592.32,110.24,66.37,35.973
591.77,109.37,66.785,36.382
591.18,107.18,67.397,36.654
590.71,108.7,67.831,37.194
590.35,109.67,68.526,37.805
590.3,107.42,69.186,37.98
589.83,108.72,69.632,38.305
590.02,110.63,70.139,38.652
589.67,107.02,70.828,39.262
589.51,107.81,71.663,39.69
589.52,112.14,71.743,39.816
587.62,106.58,72.39,40.418
586.43,108.97,72.572,40.546
585.64,109.65,73.13,41.175
585.45,108.4,73.688,41.304
585.0,109.0,74.0,42.0
584.54,108.21,75.68,42.48
584.89,108.85,76.801,42.945
584.51,109.73,77.83,43.411
584.51,109.75,78.987,43.746
584.22,109.94,79.783,44.335
584.32,109.85,80.54,44.577
583.47,108.92,81.88,45.35
583.61,109.99,83.227,46.237
583.72,109.32,83.868,46.388
583.66,109.14,84.9,46.704
584.21,112.7,85.905,47.052
584.13,112.48,86.749,47.4
583.86,110.99,88.04,48.252
584.01,112.79,88.988,48.836
584.3,112.24,90.313,49.212
586.08,111.66,91.035,49.509
588.51,111.74,91.33,49.766
591.37,110.95,92.653,50.157
596.03,113.02,93.792,50.736
600.26,112.99,95.1,51.309
604.59,112.95,95.535,51.634
609.15,112.66,96.497,52.237
612.61,113.03,97.025,52.435
612.66,113.51,97.413,52.603
611.0,115.0,99.0,53.0
607.45,113.6,102.31,54.293
603.91,114.21,103.88,55.464
601.65,115.0,106.68,56.583
602.14,108.63,107.59,57.045
600.77,113.54,109.25,58.054
594.92,117.74,110.85,58.979
587.69,111.69,112.6,59.584
582.13,113.75,114.68,60.773
579.0,116.41,112.34,61.776
576.0,112.0,112.0,62.0
568.0,114.0,114.0,63.0
562.0,115.0,114.0,63.0
556.0,113.0,114.0,63.0
547.0,114.0,114.0,63.0
536.0,114.0,114.0,63.0
523.0,114.0,114.0,63.0
509.0,117.0,118.0,63.0
498.0,117.0,120.0,65.0
486.0,117.0,122.0,67.0
476.0,117.0,122.0,67.0
464.0,118.0,128.0,67.0
454.0,118.0,128.0,67.0
437.0,116.0,138.0,71.0
426.0,116.0,138.0,71.0
415.0,119.0,154.0,75.0
410.0,119.0,162.0,79.0
407.0,121.0,162.0,79.0
401.0,120.0,162.0,79.0
387.0,115.0,174.0,79.0
382.0,118.0,174.0,79.0
370.0,122.0,180.0,81.0
362.0,119.0,180.0,81.0
349.0,117.0,196.0,89.0
346.0,119.0,196.0,89.0
334.0,118.0,207.0,95.0
330.0,119.0,207.0,95.0
319.0,116.0,218.0,102.0
311.0,115.0,218.0,102.0
293.0,113.0,233.0,107.0
280.0,114.0,241.0,112.0
269.0,114.0,241.0,112.0
253.0,115.0,249.0,112.0
237.0,115.0,259.0,118.0
224.0,116.0,259.0,118.0
204.0,119.0,279.0,126.0
191.0,122.0,279.0,126.0
168.0,124.0,299.0,135.0
146.0,125.0,316.0,141.0
125.0,125.0,334.0,145.0
104.0,125.0,349.0,154.0
77.0,129.0,373.0,160.0
46.0,128.0,392.0,168.0
20.0,129.0,409.0,172.0
2.0,131.0,415.0,178.0
4.0,131.0,404.0,205.0
4.0,130.0,399.0,217.0
2.0,136.0,386.0,223.0
3.0,135.0,369.0,244.0
1.0,136.0,355.0,270.0
2.0,141.0,340.0,289.0
2.0,142.0,321.0,298.0
1.0,138.0,301.0,267.0
1.0,173.0,283.0,215.0
1.0,171.0,255.0,207.0
2.0,184.0,230.0,190.0
1.0,187.0,209.0,179.0
1.0,187.0,176.0,154.0
1.0,193.0,149.0,135.0
1.0,198.0,135.0,134.0
3.0,202.0,90.0,144.0
2.0,205.0,73.0,143.0
nan,nan,nan,nan
nan,nan,nan,nan
nan,nan,nan,nan
nan,nan,nan,nan
nan,nan,nan,nan
nan,nan,nan,nan
nan,nan,nan,nan
nan,nan,nan,nan
nan,nan,nan,nan
nan,nan,nan,nan
nan,nan,nan,nan
nan,nan,nan,nan
nan,nan,nan,nan
nan,nan,nan,nan
nan,nan,nan,nan
nan,nan,nan,nan
nan,nan,nan,nan
nan,nan,nan,nan
nan,nan,nan,nan
nan,nan,nan,nan
nan,nan,nan,nan
nan,nan,nan,nan
nan,nan,nan,nan
nan,nan,nan,nan
nan,nan,nan,nan
nan,nan,nan,nan
nan,nan,nan,nan
nan,nan,nan,nan
nan,nan,nan,nan
nan,nan,nan,nan
nan,nan,nan,nan
nan,nan,nan,nan
nan,nan,nan,nan
nan,nan,nan,nan
nan,nan,nan,nan
nan,nan,nan,nan
nan,nan,nan,nan
nan,nan,nan,nan
nan,nan,nan,nan
nan,nan,nan,nan
nan,nan,nan,nan
nan,nan,nan,nan
nan,nan,nan,nan
nan,nan,nan,nan
nan,nan,nan,nan
nan,nan,nan,nan
nan,nan,nan,nan
nan,nan,nan,nan
nan,nan,nan,nan
nan,nan,nan,nan
nan,nan,nan,nan
nan,nan,nan,nan
nan,nan,nan,nan
nan,nan,nan,nan
nan,nan,nan,nan
nan,nan,nan,nan
nan,nan,nan,nan
nan,nan,nan,nan
nan,nan,nan,nan
nan,nan,nan,nan
nan,nan,nan,nan
nan,nan,nan,nan
nan,nan,nan,nan
nan,nan,nan,nan
nan,nan,nan,nan
nan,nan,nan,nan
nan,nan,nan,nan
nan,nan,nan,nan
nan,nan,nan,nan
nan,nan,nan,nan
nan,nan,nan,nan
nan,nan,nan,nan
nan,nan,nan,nan
nan,nan,nan,nan
nan,nan,nan,nan
nan,nan,nan,nan
nan,nan,nan,nan
nan,nan,nan,nan
nan,nan,nan,nan
nan,nan,nan,nan
nan,nan,nan,nan
nan,nan,nan,nan
nan,nan,nan,nan
nan,nan,nan,nan
nan,nan,nan,nan
nan,nan,nan,nan
nan,nan,nan,nan
nan,nan,nan,nan
nan,nan,nan,nan
nan,nan,nan,nan
nan,nan,nan,nan
nan,nan,nan,nan
nan,nan,nan,nan
nan,nan,nan,nan
nan,nan,nan,nan
nan,nan,nan,nan
nan,nan,nan,nan
nan,nan,nan,nan
nan,nan,nan,nan
nan,nan,nan,nan
nan,nan,nan,nan
nan,nan,nan,nan
nan,nan,nan,nan
nan,nan,nan,nan
nan,nan,nan,nan
nan,nan,nan,nan
nan,nan,nan,nan
nan,nan,nan,nan
nan,nan,nan,nan
nan,nan,nan,nan
nan,nan,nan,nan
nan,nan,nan,nan
nan,nan,nan,nan
nan,nan,nan,nan
nan,nan,nan,nan
nan,nan,nan,nan
nan,nan,nan,nan
nan,nan,nan,nan
nan,nan,nan,nan
nan,nan,nan,nan
nan,nan,nan,nan
nan,nan,nan,nan
nan,nan,nan,nan
nan,nan,nan,nan
nan,nan,nan,nan
nan,nan,nan,nan
nan,nan,nan,nan
nan,nan,nan,nan
nan,nan,nan,nan
nan,nan,nan,nan
nan,nan,nan,nan
nan,nan,nan,nan
nan,nan,nan,nan
nan,nan,nan,nan
nan,nan,nan,nan
nan,nan,nan,nan
nan,nan,nan,nan
nan,nan,nan,nan
nan,nan,nan,nan
nan,nan,nan,nan
nan,nan,nan,nan
nan,nan,nan,nan
nan,nan,nan,nan
nan,nan,nan,nan
nan,nan,nan,nan
nan,nan,nan,nan
nan,nan,nan,nan
nan,nan,nan,nan
nan,nan,nan,nan
nan,nan,nan,nan
nan,nan,nan,nan
nan,nan,nan,nan
nan,nan,nan,nan
nan,nan,nan,nan
nan,nan,nan,nan
nan,nan,nan,nan
nan,nan,nan,nan
nan,nan,nan,nan
nan,nan,nan,nan
nan,nan,nan,nan
nan,nan,nan,nan
nan,nan,nan,nan
nan,nan,nan,nan
nan,nan,nan,nan
nan,nan,nan,nan
nan,nan,nan,nan
nan,nan,nan,nan
nan,nan,nan,nan
nan,nan,nan,nan
nan,nan,nan,nan
nan,nan,nan,nan
nan,nan,nan,nan
nan,nan,nan,nan
nan,nan,nan,nan
nan,nan,nan,nan
nan,nan,nan,nan
nan,nan,nan,nan
nan,nan,nan,nan
nan,nan,nan,nan
nan,nan,nan,nan
nan,nan,nan,nan
nan,nan,nan,nan
nan,nan,nan,nan
nan,nan,nan,nan
nan,nan,nan,nan
nan,nan,nan,nan
nan,nan,nan,nan
nan,nan,nan,nan
nan,nan,nan,nan
nan,nan,nan,nan
nan,nan,nan,nan
nan,nan,nan,nan
nan,nan,nan,nan
nan,nan,nan,nan
nan,nan,nan,nan
nan,nan,nan,nan
nan,nan,nan,nan
nan,nan,nan,nan
nan,nan,nan,nan
nan,nan,nan,nan
nan,nan,nan,nan
nan,nan,nan,nan
nan,nan,nan,nan
nan,nan,nan,nan
nan,nan,nan,nan
nan,nan,nan,nan
nan,nan,nan,nan
nan,nan,nan,nan
nan,nan,nan,nan
nan,nan,nan,nan
nan,nan,nan,nan
nan,nan,nan,nan
nan,nan,nan,nan
nan,nan,nan,nan
nan,nan,nan,nan
nan,nan,nan,nan
nan,nan,nan,nan
nan,nan,nan,nan
nan,nan,nan,nan
nan,nan,nan,nan
nan,nan,nan,nan
nan,nan,nan,nan
nan,nan,nan,nan
nan,nan,nan,nan
nan,nan,nan,nan
nan,nan,nan,nan
nan,nan,nan,nan
nan,nan,nan,nan
nan,nan,nan,nan
nan,nan,nan,nan
nan,nan,nan,nan
nan,nan,nan,nan
nan,nan,nan,nan
nan,nan,nan,nan
nan,nan,nan,nan
nan,nan,nan,nan
nan,nan,nan,nan
nan,nan,nan,nan
nan,nan,nan,nan
nan,nan,nan,nan
nan,nan,nan,nan
nan,nan,nan,nan
nan,nan,nan,nan
nan,nan,nan,nan
nan,nan,nan,nan
nan,nan,nan,nan
nan,nan,nan,nan
nan,nan,nan,nan
nan,nan,nan,nan
nan,nan,nan,nan
nan,nan,nan,nan
nan,nan,nan,nan
nan,nan,nan,nan
nan,nan,nan,nan
nan,nan,nan,nan
nan,nan,nan,nan
nan,nan,nan,nan
nan,nan,nan,nan
nan,nan,nan,nan
nan,nan,nan,nan
nan,nan,nan,nan
nan,nan,nan,nan
nan,nan,nan,nan
nan,nan,nan,nan
nan,nan,nan,nan
nan,nan,nan,nan
nan,nan,nan,nan
nan,nan,nan,nan
nan,nan,nan,nan
nan,nan,nan,nan
nan,nan,nan,nan
nan,nan,nan,nan
nan,nan,nan,nan
nan,nan,nan,nan
nan,nan,nan,nan
nan,nan,nan,nan
nan,nan,nan,nan
nan,nan,nan,nan
nan,nan,nan,nan
nan,nan,nan,nan
nan,nan,nan,nan
nan,nan,nan,nan
nan,nan,nan,nan
nan,nan,nan,nan
nan,nan,nan,nan
nan,nan,nan,nan
nan,nan,nan,nan
nan,nan,nan,nan
nan,nan,nan,nan
nan,nan,nan,nan
nan,nan,nan,nan
nan,nan,nan,nan
nan,nan,nan,nan
nan,nan,nan,nan
nan,nan,nan,nan
nan,nan,nan,nan
nan,nan,nan,nan
nan,nan,nan,nan
nan,nan,nan,nan
nan,nan,nan,nan
nan,nan,nan,nan
nan,nan,nan,nan
nan,nan,nan,nan
nan,nan,nan,nan
nan,nan,nan,nan
nan,nan,nan,nan
nan,nan,nan,nan
nan,nan,nan,nan
nan,nan,nan,nan
nan,nan,nan,nan
nan,nan,nan,nan
nan,nan,nan,nan
nan,nan,nan,nan
nan,nan,nan,nan
nan,nan,nan,nan
nan,nan,nan,nan
nan,nan,nan,nan
nan,nan,nan,nan
nan,nan,nan,nan
nan,nan,nan,nan
nan,nan,nan,nan
nan,nan,nan,nan
nan,nan,nan,nan
nan,nan,nan,nan
nan,nan,nan,nan
nan,nan,nan,nan
nan,nan,nan,nan
nan,nan,nan,nan
nan,nan,nan,nan
nan,nan,nan,nan
nan,nan,nan,nan
nan,nan,nan,nan
nan,nan,nan,nan
nan,nan,nan,nan
nan,nan,nan,nan
nan,nan,nan,nan
nan,nan,nan,nan
nan,nan,nan,nan
nan,nan,nan,nan
nan,nan,nan,nan
nan,nan,nan,nan
nan,nan,nan,nan
nan,nan,nan,nan
nan,nan,nan,nan
nan,nan,nan,nan
nan,nan,nan,nan
nan,nan,nan,nan
nan,nan,nan,nan
nan,nan,nan,nan
nan,nan,nan,nan
nan,nan,nan,nan
nan,nan,nan,nan
nan,nan,nan,nan
nan,nan,nan,nan
nan,nan,nan,nan
nan,nan,nan,nan
nan,nan,nan,nan
nan,nan,nan,nan
nan,nan,nan,nan
nan,nan,nan,nan
nan,nan,nan,nan
nan,nan,nan,nan
nan,nan,nan,nan
nan,nan,nan,nan
nan,nan,nan,nan
nan,nan,nan,nan
nan,nan,nan,nan
nan,nan,nan,nan
nan,nan,nan,nan
nan,nan,nan,nan
nan,nan,nan,nan
nan,nan,nan,nan
nan,nan,nan,nan
nan,nan,nan,nan
nan,nan,nan,nan
nan,nan,nan,nan
nan,nan,nan,nan
nan,nan,nan,nan
nan,nan,nan,nan
nan,nan,nan,nan
nan,nan,nan,nan
nan,nan,nan,nan
nan,nan,nan,nan
nan,nan,nan,nan
nan,nan,nan,nan
nan,nan,nan,nan
nan,nan,nan,nan
nan,nan,nan,nan
nan,nan,nan,nan
nan,nan,nan,nan
nan,nan,nan,nan
nan,nan,nan,nan
nan,nan,nan,nan
nan,nan,nan,nan
nan,nan,nan,nan
nan,nan,nan,nan
nan,nan,nan,nan
nan,nan,nan,nan
nan,nan,nan,nan
nan,nan,nan,nan
nan,nan,nan,nan
nan,nan,nan,nan
nan,nan,nan,nan
nan,nan,nan,nan
nan,nan,nan,nan
nan,nan,nan,nan
nan,nan,nan,nan
nan,nan,nan,nan
nan,nan,nan,nan
nan,nan,nan,nan
nan,nan,nan,nan
nan,nan,nan,nan
nan,nan,nan,nan
nan,nan,nan,nan
nan,nan,nan,nan
nan,nan,nan,nan
nan,nan,nan,nan
nan,nan,nan,nan
nan,nan,nan,nan
nan,nan,nan,nan
nan,nan,nan,nan
nan,nan,nan,nan
nan,nan,nan,nan
nan,nan,nan,nan
nan,nan,nan,nan
nan,nan,nan,nan
nan,nan,nan,nan
nan,nan,nan,nan
nan,nan,nan,nan
nan,nan,nan,nan
nan,nan,nan,nan
nan,nan,nan,nan
nan,nan,nan,nan
nan,nan,nan,nan
nan,nan,nan,nan
nan,nan,nan,nan
nan,nan,nan,nan
nan,nan,nan,nan
nan,nan,nan,nan
nan,nan,nan,nan
nan,nan,nan,nan
nan,nan,nan,nan
nan,nan,nan,nan
nan,nan,nan,nan
nan,nan,nan,nan
nan,nan,nan,nan
nan,nan,nan,nan
nan,nan,nan,nan
nan,nan,nan,nan
nan,nan,nan,nan
nan,nan,nan,nan
nan,nan,nan,nan
nan,nan,nan,nan
nan,nan,nan,nan
nan,nan,nan,nan
nan,nan,nan,nan
nan,nan,nan,nan
nan,nan,nan,nan
nan,nan,nan,nan
nan,nan,nan,nan
nan,nan,nan,nan
nan,nan,nan,nan
nan,nan,nan,nan
nan,nan,nan,nan
nan,nan,nan,nan
nan,nan,nan,nan
nan,nan,nan,nan
nan,nan,nan,nan
nan,nan,nan,nan
nan,nan,nan,nan
nan,nan,nan,nan
nan,nan,nan,nan
nan,nan,nan,nan
nan,nan,nan,nan
nan,nan,nan,nan
nan,nan,nan,nan
nan,nan,nan,nan
nan,nan,nan,nan
nan,nan,nan,nan
nan,nan,nan,nan
nan,nan,nan,nan
nan,nan,nan,nan
nan,nan,nan,nan
nan,nan,nan,nan
nan,nan,nan,nan
nan,nan,nan,nan
nan,nan,nan,nan
nan,nan,nan,nan
nan,nan,nan,nan
nan,nan,nan,nan
nan,nan,nan,nan
nan,nan,nan,nan
nan,nan,nan,nan
nan,nan,nan,nan
nan,nan,nan,nan
nan,nan,nan,nan
nan,nan,nan,nan
nan,nan,nan,nan
nan,nan,nan,nan
nan,nan,nan,nan
nan,nan,nan,nan
nan,nan,nan,nan
nan,nan,nan,nan
nan,nan,nan,nan
nan,nan,nan,nan
nan,nan,nan,nan
nan,nan,nan,nan
nan,nan,nan,nan
nan,nan,nan,nan
nan,nan,nan,nan
nan,nan,nan,nan
nan,nan,nan,nan
nan,nan,nan,nan
nan,nan,nan,nan
nan,nan,nan,nan
nan,nan,nan,nan
nan,nan,nan,nan
nan,nan,nan,nan
nan,nan,nan,nan
nan,nan,nan,nan
nan,nan,nan,nan
nan,nan,nan,nan
nan,nan,nan,nan
nan,nan,nan,nan
nan,nan,nan,nan
nan,nan,nan,nan
nan,nan,nan,nan
nan,nan,nan,nan
nan,nan,nan,nan
nan,nan,nan,nan
nan,nan,nan,nan
nan,nan,nan,nan
nan,nan,nan,nan
nan,nan,nan,nan
nan,nan,nan,nan
nan,nan,nan,nan
nan,nan,nan,nan
nan,nan,nan,nan
nan,nan,nan,nan
nan,nan,nan,nan
nan,nan,nan,nan
nan,nan,nan,nan
nan,nan,nan,nan
nan,nan,nan,nan
nan,nan,nan,nan
nan,nan,nan,nan
nan,nan,nan,nan
nan,nan,nan,nan
nan,nan,nan,nan
nan,nan,nan,nan
nan,nan,nan,nan
nan,nan,nan,nan
nan,nan,nan,nan
nan,nan,nan,nan
nan,nan,nan,nan
nan,nan,nan,nan
nan,nan,nan,nan
nan,nan,nan,nan
nan,nan,nan,nan
nan,nan,nan,nan
nan,nan,nan,nan
nan,nan,nan,nan
nan,nan,nan,nan
nan,nan,nan,nan
nan,nan,nan,nan
nan,nan,nan,nan
nan,nan,nan,nan
nan,nan,nan,nan
nan,nan,nan,nan
nan,nan,nan,nan
nan,nan,nan,nan
nan,nan,nan,nan
nan,nan,nan,nan
nan,nan,nan,nan
nan,nan,nan,nan
nan,nan,nan,nan
nan,nan,nan,nan
nan,nan,nan,nan
nan,nan,nan,nan
nan,nan,nan,nan
nan,nan,nan,nan
nan,nan,nan,nan
nan,nan,nan,nan
nan,nan,nan,nan
nan,nan,nan,nan
nan,nan,nan,nan
nan,nan,nan,nan
nan,nan,nan,nan
nan,nan,nan,nan
nan,nan,nan,nan
nan,nan,nan,nan
nan,nan,nan,nan
nan,nan,nan,nan
nan,nan,nan,nan
nan,nan,nan,nan
nan,nan,nan,nan
nan,nan,nan,nan
nan,nan,nan,nan
nan,nan,nan,nan
nan,nan,nan,nan
nan,nan,nan,nan
nan,nan,nan,nan
nan,nan,nan,nan
nan,nan,nan,nan
nan,nan,nan,nan
nan,nan,nan,nan
nan,nan,nan,nan
nan,nan,nan,nan
nan,nan,nan,nan
nan,nan,nan,nan
nan,nan,nan,nan
nan,nan,nan,nan
nan,nan,nan,nan
nan,nan,nan,nan
nan,nan,nan,nan
nan,nan,nan,nan
nan,nan,nan,nan
nan,nan,nan,nan
nan,nan,nan,nan
nan,nan,nan,nan
nan,nan,nan,nan
nan,nan,nan,nan
nan,nan,nan,nan
nan,nan,nan,nan
nan,nan,nan,nan
nan,nan,nan,nan
nan,nan,nan,nan
nan,nan,nan,nan
nan,nan,nan,nan
nan,nan,nan,nan
nan,nan,nan,nan
nan,nan,nan,nan
nan,nan,nan,nan
nan,nan,nan,nan
nan,nan,nan,nan
nan,nan,nan,nan
nan,nan,nan,nan
nan,nan,nan,nan
nan,nan,nan,nan
nan,nan,nan,nan
nan,nan,nan,nan
nan,nan,nan,nan
nan,nan,nan,nan
nan,nan,nan,nan
nan,nan,nan,nan
nan,nan,nan,nan
nan,nan,nan,nan
nan,nan,nan,nan
nan,nan,nan,nan
nan,nan,nan,nan
nan,nan,nan,nan
1161.0,228.0,119.0,160.0
1144.0,226.0,136.0,164.0
1136.0,218.0,144.0,178.0
1125.0,222.0,155.0,173.0
1123.0,210.0,157.0,182.0
1106.0,217.0,172.0,167.0
1088.0,219.0,192.0,172.0
1071.0,221.0,209.0,191.0
1062.0,217.0,218.0,194.0
1057.0,213.0,223.0,205.0
1043.0,208.0,237.0,209.0
1023.0,208.0,257.0,227.0
1010.0,205.0,269.0,235.0
1000.0,199.0,280.0,244.0
982.0,195.0,298.0,253.0
962.0,196.0,317.0,253.0
958.0,190.0,322.0,258.0
950.0,186.0,330.0,262.0
946.0,186.0,334.0,262.0
946.0,183.0,334.0,262.0
952.0,170.0,327.0,321.0
942.0,165.0,338.0,322.0
926.0,161.0,354.0,305.0
906.0,161.0,374.0,286.0
892.0,160.0,388.0,259.0
875.0,156.0,404.0,241.0
871.0,144.0,408.0,241.0
870.0,131.0,410.0,236.0
857.0,130.0,423.0,218.0
849.0,135.0,430.0,196.0
836.0,132.0,411.0,180.0
816.0,128.0,391.0,176.0
801.0,125.0,363.0,172.0
788.0,123.0,344.0,160.0
767.0,124.0,319.0,151.0
745.0,123.0,309.0,147.0
727.0,126.0,292.0,140.0
716.0,124.0,268.0,136.0
701.0,121.0,258.0,132.0
697.0,121.0,241.0,121.0
696.0,118.0,227.0,117.0
690.0,117.0,216.0,111.0
682.0,119.0,204.0,107.0
668.0,119.0,204.0,107.0
665.0,120.0,191.0,101.0
652.0,119.0,191.0,101.0
643.0,118.0,185.0,99.0
639.0,117.0,176.0,94.0
634.0,114.0,172.0,90.0
625.0,113.0,172.0,90.0
620.0,115.0,166.0,88.0
615.0,115.0,164.0,86.0
611.0,110.0,161.0,87.0
608.78,109.63,160.12,85.0
608.31,106.41,158.67,84.036
607.89,104.27,157.19,82.761
606.75,105.39,155.88,82.016
603.01,107.42,154.53,80.8
595.19,108.39,153.13,79.914
588.24,108.05,150.99,78.528
582.1,106.95,150.11,77.775
577.04,106.08,149.16,77.022
573.92,106.23,146.94,75.599
570.73,106.59,144.74,74.185
567.01,107.18,142.66,72.907
558.76,107.14,141.8,72.103
551.06,106.2,141.64,72.026
547.68,105.59,140.57,70.993
549.31,105.86,138.66,70.058
550.06,106.3,137.63,69.118
551.15,106.54,135.37,67.904
551.85,106.74,134.11,66.801
553.45,106.25,134.32,66.845
553.59,106.57,133.68,66.167
552.75,106.69,132.21,64.91
553.46,106.05,131.04,64.49
551.5,108.2,130.72,63.68
545.0,108.0,129.0,62.0
538.91,108.25,126.16,60.94
534.5,107.57,126.75,61.052
533.79,108.08,126.71,61.295
532.23,107.7,126.52,61.008
530.71,106.19,125.63,60.691
530.36,104.73,124.81,60.191
531.72,105.08,122.76,59.47
532.7,105.77,121.21,58.748
532.08,105.56,119.66,58.121
532.34,105.23,119.26,57.73
534.64,107.46,118.48,57.31
536.79,107.07,116.36,56.753
537.56,107.21,113.58,55.445
539.8,106.24,111.48,54.44
547.47,108.34,109.6,53.408
555.36,109.15,108.02,52.724
558.3,108.02,106.32,51.685
562.13,106.86,105.34,51.233
569.9,107.31,104.22,50.871
576.07,106.95,103.73,50.809
580.82,108.06,101.85,49.617
582.09,108.62,100.4,49.315
578.77,107.11,98.843,48.137
568.3,106.57,96.56,47.04
554.0,107.0,93.0,46.0
541.34,108.31,92.351,46.022
534.94,110.1,91.644,45.931
534.18,110.55,91.304,45.422
537.75,108.64,90.665,45.168
543.26,107.95,89.947,44.99
551.49,108.46,89.575,44.935
559.56,111.73,89.173,44.881
564.59,113.13,89.558,44.644
564.8,111.12,88.687,44.575
563.26,108.78,88.226,44.506
563.56,112.34,87.179,43.861
563.26,113.98,86.133,43.53
562.65,112.58,84.749,42.823
563.83,112.78,84.687,42.974
564.8,111.23,83.242,42.202
565.44,111.43,82.163,41.562
569.31,113.47,81.155,41.101
570.02,113.51,80.374,41.012
569.91,112.73,78.916,40.512
568.33,110.86,77.799,39.6
570.63,110.93,76.93,39.373
577.44,112.34,75.835,38.986
583.87,113.16,75.017,38.433
590.25,111.66,74.2,38.286
592.0,110.0,73.0,38.0
592.26,108.5,72.874,38.251
587.9,108.17,73.351,38.298
583.74,110.04,73.547,38.453
577.09,107.55,73.429,38.497
572.56,103.57,72.92,38.057
572.6,104.58,72.728,38.295
572.58,106.4,72.58,38.202
570.47,106.45,71.902,38.08
564.09,105.94,71.592,38.126
557.15,105.53,70.938,37.653
547.36,103.87,70.68,37.726
534.52,102.87,70.451,37.299
523.46,101.79,70.752,37.58
519.3,101.21,70.704,37.671
519.19,100.58,71.27,38.262
520.55,100.64,72.12,38.616
521.93,99.6,72.547,38.894
523.31,99.438,72.528,39.02
524.39,99.889,73.334,39.491
527.81,100.77,73.478,39.632
528.82,99.073,74.748,40.148
531.87,96.021,74.155,39.913
534.21,96.653,74.047,40.091
536.44,97.887,74.399,40.297
537.0,94.0,75.0,41.0
539.82,92.797,76.078,41.743
543.48,95.87,77.183,41.975
547.41,98.395,78.431,43.092
549.34,96.253,79.503,43.408
551.91,94.839,80.142,43.862
554.92,95.125,81.115,44.752
558.02,96.875,82.697,45.42
561.57,96.343,83.652,45.969
565.11,95.556,85.136,46.886
569.32,96.543,86.158,47.601
572.84,95.902,87.937,48.572
576.77,93.678,89.305,49.319
580.79,93.756,89.856,49.704
584.83,95.565,89.798,49.667
588.21,95.66,91.426,50.468
591.15,96.336,92.185,51.026
595.39,96.033,93.245,51.704
599.18,95.703,93.835,52.214
602.74,95.768,94.714,52.723
607.49,97.775,95.323,52.948
610.41,98.109,96.424,53.747
615.72,96.554,96.661,53.733
619.31,95.468,97.275,54.339
622.37,95.98,97.553,54.52
624.0,96.0,98.0,55.0
625.37,97.658,101.0,55.417
626.68,97.848,102.55,55.852
629.35,97.393,104.67,56.574
631.17,97.575,107.08,57.391
633.0,98.0,108.0,57.0
