244.0,377.0,38.0,41.0
242.0,372.0,38.0,41.0
241.0,366.0,38.0,41.0
241.0,366.0,38.0,41.0
236.0,360.0,44.0,48.0
232.0,352.0,43.0,47.0
232.0,348.0,38.0,41.0
233.0,345.0,38.0,41.0
232.0,343.0,39.0,42.0
232.0,343.0,39.0,42.0
234.0,343.0,40.0,43.0
236.0,344.0,42.0,45.0
239.0,343.0,43.0,46.0
244.0,340.0,42.0,46.0
250.0,335.0,41.0,44.0
250.0,335.0,41.0,44.0
253.0,325.0,42.0,46.0
256.0,311.0,45.0,45.0
252.0,305.0,48.0,46.0
263.0,304.0,33.0,38.0
254.0,292.0,44.0,48.0
254.0,292.0,44.0,48.0
253.0,288.0,46.0,49.0
247.0,286.0,45.0,48.0
243.0,289.0,44.0,47.0
239.0,293.0,42.0,45.0
236.0,299.0,42.0,45.0
236.0,299.0,42.0,45.0
233.0,303.0,42.0,52.0
229.0,321.0,40.0,50.0
227.0,332.0,40.0,50.0
227.0,344.0,39.0,48.0
226.0,358.0,39.0,49.0
226.0,358.0,39.0,49.0
224.0,372.0,39.0,48.0
223.0,398.0,37.0,46.0
227.0,404.0,35.0,43.0
229.0,402.0,36.0,44.0
234.0,399.0,36.0,45.0
234.0,399.0,36.0,45.0
239.0,396.0,36.0,45.0
253.0,394.0,32.0,40.0
258.0,395.0,32.0,39.0
262.0,396.0,32.0,40.0
266.0,398.0,32.0,39.0
266.0,398.0,32.0,39.0
270.0,400.0,33.0,40.0
277.0,408.0,34.0,42.0
272.0,399.0,54.0,62.0
278.0,400.0,52.0,60.0
281.0,397.0,53.0,61.0
281.0,397.0,53.0,61.0
286.0,391.0,55.0,63.0
293.0,382.0,56.0,64.0
297.0,379.0,56.0,65.0
299.0,377.0,57.0,66.0
317.0,376.0,42.0,55.0
317.0,376.0,42.0,55.0
320.0,376.0,43.0,56.0
329.0,382.0,43.0,56.0
334.0,386.0,43.0,57.0
340.0,392.0,43.0,57.0
346.0,396.0,44.0,58.0
346.0,396.0,44.0,58.0
352.0,397.0,44.0,58.0
364.0,392.0,43.0,56.0
370.0,386.0,43.0,57.0
376.0,382.0,44.0,57.0
382.0,378.0,45.0,58.0
382.0,378.0,45.0,58.0
388.0,374.0,46.0,60.0
399.0,373.0,44.0,58.0
405.0,374.0,44.0,75.0
410.0,377.0,44.0,75.0
416.0,382.0,44.0,74.0
416.0,382.0,44.0,74.0
423.0,388.0,43.0,74.0
441.0,401.0,44.0,74.0
449.0,399.0,46.0,78.0
459.0,394.0,46.0,79.0
468.0,387.0,47.0,80.0
469.0,387.0,46.0,79.0
481.0,380.0,45.0,76.0
0
0
0
0
0
0
0
0
0
598.0,389.0,56.0,65.0
598.0,389.0,56.0,65.0
607.0,393.0,55.0,64.0
626.0,401.0,52.0,60.0
633.0,406.0,53.0,61.0
641.0,409.0,54.0,63.0
649.0,412.0,55.0,63.0
649.0,412.0,55.0,63.0
658.0,418.0,54.0,63.0
672.0,428.0,54.0,62.0
675.0,431.0,54.0,63.0
677.0,433.0,54.0,63.0
677.0,434.0,55.0,63.0
677.0,434.0,55.0,64.0
677.0,434.0,55.0,64.0
680.0,433.0,55.0,64.0
683.0,432.0,55.0,64.0
688.0,431.0,55.0,63.0
693.0,429.0,55.0,64.0
693.0,429.0,55.0,64.0
700.0,427.0,54.0,63.0
728.0,421.0,51.0,60.0
735.0,418.0,51.0,59.0
740.0,414.0,51.0,59.0
746.0,412.0,50.0,58.0
746.0,412.0,50.0,58.0
749.0,409.0,50.0,58.0
752.0,405.0,52.0,60.0
754.0,403.0,52.0,60.0
754.0,401.0,52.0,60.0
755.0,399.0,52.0,60.0
755.0,399.0,52.0,60.0
756.0,399.0,52.0,60.0
760.0,405.0,50.0,58.0
760.0,405.0,51.0,59.0
760.0,405.0,51.0,60.0
760.0,405.0,51.0,59.0
760.0,405.0,51.0,59.0
759.0,405.0,51.0,59.0
754.0,405.0,50.0,58.0
750.0,405.0,50.0,58.0
747.0,406.0,50.0,58.0
744.0,407.0,50.0,58.0
744.0,407.0,50.0,58.0
740.0,407.0,50.0,58.0
734.0,407.0,50.0,58.0
731.0,408.0,50.0,58.0
729.0,407.0,50.0,58.0
728.0,408.0,50.0,58.0
728.0,408.0,50.0,58.0
726.0,408.0,51.0,59.0
727.0,409.0,52.0,60.0
727.0,408.0,52.0,60.0
728.0,407.0,52.0,61.0
731.0,405.0,52.0,60.0
731.0,405.0,52.0,60.0
735.0,403.0,51.0,59.0
743.0,397.0,49.0,57.0
746.0,395.0,48.0,56.0
747.0,393.0,48.0,55.0
749.0,392.0,47.0,55.0
749.0,392.0,47.0,55.0
751.0,391.0,48.0,55.0
757.0,392.0,48.0,56.0
760.0,394.0,48.0,56.0
763.0,396.0,49.0,57.0
767.0,398.0,50.0,58.0
767.0,398.0,50.0,58.0
773.0,402.0,50.0,58.0
786.0,405.0,50.0,58.0
793.0,406.0,50.0,59.0
801.0,406.0,50.0,58.0
809.0,407.0,50.0,58.0
809.0,407.0,50.0,58.0
816.0,407.0,49.0,57.0
826.0,408.0,48.0,56.0
829.0,408.0,49.0,57.0
832.0,408.0,50.0,58.0
834.0,407.0,51.0,59.0
834.0,407.0,51.0,59.0
836.0,407.0,51.0,59.0
839.0,405.0,52.0,61.0
842.0,405.0,52.0,60.0
847.0,404.0,51.0,60.0
852.0,403.0,51.0,59.0
852.0,403.0,51.0,59.0
857.0,401.0,51.0,59.0
865.0,391.0,52.0,60.0
870.0,389.0,50.0,58.0
873.0,385.0,51.0,59.0
873.0,385.0,51.0,59.0
876.0,382.0,50.0,58.0
879.0,379.0,50.0,58.0
882.0,375.0,51.0,59.0
883.0,375.0,49.0,57.0
884.0,373.0,51.0,59.0
887.0,371.0,52.0,61.0
887.0,371.0,52.0,61.0
887.0,371.0,54.0,62.0
888.0,372.0,55.0,64.0
893.0,376.0,56.0,65.0
895.0,379.0,56.0,65.0
897.0,381.0,56.0,65.0
897.0,381.0,56.0,65.0
901.0,383.0,56.0,65.0
904.0,385.0,56.0,65.0
0
0
0
0
0
0
0
343.0,245.0,56.0,65.0
342.0,249.0,56.0,65.0
339.0,246.0,56.0,65.0
340.0,256.0,56.0,65.0
339.0,263.0,55.0,62.0
339.0,264.0,54.0,61.0
340.0,263.0,54.0,61.0
341.0,263.0,55.0,62.0
341.0,263.0,55.0,62.0
339.0,260.0,58.0,66.0
341.0,261.0,57.0,64.0
346.0,263.0,59.0,66.0
333.0,247.0,57.0,65.0
340.0,251.0,56.0,64.0
334.0,246.0,56.0,64.0
342.0,250.0,55.0,63.0
0
0
322.0,242.0,57.0,55.0
321.0,242.0,57.0,55.0
321.0,242.0,57.0,55.0
321.0,241.0,57.0,55.0
323.0,240.0,57.0,55.0
330.0,242.0,57.0,55.0
334.0,244.0,57.0,55.0
340.0,246.0,57.0,55.0
340.0,246.0,57.0,55.0
346.0,249.0,56.0,55.0
351.0,251.0,57.0,55.0
364.0,257.0,53.0,51.0
370.0,260.0,47.0,45.0
374.0,260.0,47.0,45.0
374.0,260.0,47.0,45.0
379.0,260.0,47.0,45.0
383.0,257.0,47.0,45.0
377.0,259.0,40.0,39.0
375.0,259.0,38.0,37.0
404.0,250.0,43.0,45.0
404.0,250.0,43.0,45.0
402.0,247.0,43.0,45.0
401.0,241.0,45.0,47.0
411.0,242.0,45.0,51.0
414.0,243.0,42.0,47.0
414.0,243.0,39.0,44.0
414.0,243.0,39.0,44.0
415.0,243.0,39.0,44.0
416.0,242.0,45.0,51.0
431.0,252.0,56.0,52.0
436.0,253.0,57.0,53.0
440.0,253.0,57.0,53.0
440.0,253.0,57.0,53.0
444.0,254.0,57.0,53.0
448.0,255.0,57.0,53.0
456.0,259.0,57.0,53.0
460.0,262.0,55.0,51.0
462.0,263.0,56.0,52.0
462.0,263.0,56.0,52.0
463.0,263.0,56.0,52.0
463.0,263.0,56.0,52.0
463.0,263.0,57.0,53.0
463.0,263.0,57.0,53.0
463.0,263.0,57.0,53.0
0
0
0
0
0
0
0
0
0
474.0,282.0,49.0,58.0
472.0,284.0,51.0,60.0
470.0,288.0,50.0,59.0
470.0,288.0,50.0,59.0
468.0,288.0,51.0,60.0
468.0,287.0,50.0,59.0
467.0,280.0,51.0,60.0
466.0,275.0,51.0,61.0
468.0,272.0,50.0,59.0
468.0,272.0,50.0,59.0
469.0,267.0,50.0,59.0
472.0,264.0,50.0,59.0
478.0,258.0,51.0,60.0
482.0,258.0,51.0,60.0
486.0,257.0,51.0,60.0
486.0,257.0,51.0,60.0
490.0,256.0,50.0,60.0
494.0,254.0,50.0,60.0
502.0,250.0,49.0,58.0
506.0,246.0,49.0,58.0
508.0,244.0,50.0,59.0
508.0,244.0,50.0,59.0
510.0,242.0,49.0,58.0
512.0,240.0,49.0,58.0
516.0,238.0,48.0,57.0
518.0,238.0,47.0,56.0
519.0,238.0,47.0,56.0
519.0,238.0,47.0,56.0
520.0,239.0,47.0,55.0
520.0,240.0,46.0,55.0
519.0,242.0,46.0,55.0
520.0,243.0,46.0,55.0
520.0,244.0,47.0,55.0
520.0,244.0,46.0,55.0
520.0,244.0,47.0,55.0
521.0,245.0,47.0,56.0
523.0,245.0,48.0,56.0
524.0,244.0,48.0,56.0
525.0,242.0,48.0,57.0
525.0,242.0,48.0,57.0
525.0,239.0,49.0,58.0
526.0,237.0,49.0,58.0
526.0,233.0,50.0,59.0
524.0,231.0,51.0,61.0
523.0,228.0,52.0,62.0
523.0,228.0,52.0,62.0
521.0,227.0,52.0,61.0
519.0,225.0,51.0,61.0
514.0,225.0,50.0,59.0
511.0,225.0,49.0,58.0
0
0
0
0
0
461.0,237.0,62.0,63.0
458.0,239.0,60.0,60.0
459.0,240.0,59.0,60.0
455.0,241.0,58.0,59.0
453.0,242.0,56.0,57.0
447.0,240.0,57.0,58.0
445.0,238.0,56.0,57.0
442.0,234.0,56.0,57.0
442.0,234.0,56.0,57.0
439.0,231.0,55.0,55.0
437.0,229.0,52.0,53.0
432.0,229.0,47.0,48.0
428.0,230.0,47.0,48.0
425.0,232.0,47.0,47.0
425.0,232.0,47.0,47.0
425.0,234.0,46.0,47.0
428.0,238.0,43.0,44.0
429.0,245.0,39.0,39.0
428.0,243.0,38.0,39.0
427.0,239.0,35.0,35.0
0
0
0
404.0,231.0,52.0,52.0
405.0,230.0,52.0,52.0
406.0,230.0,52.0,52.0
406.0,230.0,52.0,52.0
407.0,230.0,53.0,53.0
408.0,231.0,53.0,53.0
411.0,230.0,53.0,53.0
413.0,231.0,53.0,53.0
415.0,231.0,53.0,53.0
415.0,232.0,52.0,52.0
417.0,231.0,53.0,53.0
418.0,232.0,53.0,53.0
417.0,235.0,53.0,53.0
0
0
0
0
0
0
0
0
0
0
0
381.0,235.0,67.0,58.0
379.0,233.0,68.0,59.0
378.0,232.0,67.0,58.0
378.0,232.0,67.0,58.0
379.0,231.0,67.0,58.0
379.0,231.0,67.0,58.0
384.0,232.0,65.0,57.0
387.0,231.0,67.0,58.0
389.0,231.0,68.0,59.0
389.0,231.0,67.0,58.0
391.0,232.0,66.0,57.0
393.0,234.0,68.0,59.0
396.0,235.0,65.0,57.0
403.0,236.0,67.0,58.0
407.0,238.0,66.0,57.0
407.0,238.0,66.0,57.0
412.0,239.0,66.0,57.0
417.0,241.0,66.0,57.0
422.0,242.0,67.0,58.0
434.0,247.0,67.0,58.0
442.0,249.0,67.0,58.0
442.0,249.0,67.0,58.0
450.0,250.0,66.0,57.0
458.0,249.0,66.0,57.0
468.0,244.0,66.0,57.0
494.0,226.0,71.0,62.0
508.0,222.0,71.0,62.0
508.0,222.0,71.0,62.0
519.0,221.0,75.0,65.0
532.0,226.0,73.0,63.0
545.0,234.0,71.0,62.0
566.0,254.0,68.0,59.0
573.0,262.0,68.0,59.0
573.0,262.0,68.0,59.0
579.0,270.0,68.0,59.0
584.0,279.0,69.0,60.0
601.0,288.0,61.0,69.0
613.0,325.0,45.0,49.0
611.0,329.0,49.0,54.0
611.0,329.0,49.0,54.0
610.0,329.0,49.0,54.0
602.0,343.0,55.0,48.0
596.0,343.0,55.0,48.0
584.0,341.0,48.0,42.0
577.0,338.0,44.0,39.0
577.0,338.0,44.0,39.0
570.0,328.0,43.0,45.0
558.0,319.0,43.0,45.0
550.0,312.0,41.0,43.0
538.0,298.0,38.0,40.0
532.0,292.0,39.0,41.0
532.0,292.0,39.0,41.0
528.0,287.0,42.0,44.0
526.0,283.0,41.0,42.0
525.0,280.0,36.0,42.0
522.0,269.0,44.0,45.0
518.0,263.0,48.0,50.0
518.0,262.0,49.0,49.0
517.0,258.0,49.0,49.0
517.0,254.0,49.0,49.0
518.0,250.0,48.0,48.0
520.0,243.0,49.0,49.0
523.0,242.0,47.0,47.0
523.0,242.0,48.0,48.0
525.0,241.0,47.0,47.0
526.0,240.0,47.0,47.0
528.0,239.0,46.0,46.0
532.0,239.0,47.0,47.0
534.0,240.0,47.0,47.0
534.0,240.0,47.0,47.0
536.0,240.0,46.0,46.0
537.0,241.0,46.0,46.0
538.0,243.0,46.0,46.0
538.0,244.0,46.0,46.0
539.0,246.0,45.0,45.0
538.0,245.0,46.0,46.0
538.0,246.0,45.0,45.0
538.0,247.0,46.0,46.0
538.0,248.0,46.0,46.0
537.0,247.0,46.0,46.0
536.0,246.0,46.0,46.0
536.0,247.0,46.0,46.0
536.0,246.0,47.0,47.0
535.0,246.0,47.0,47.0
535.0,245.0,47.0,47.0
536.0,245.0,48.0,48.0
536.0,246.0,49.0,49.0
536.0,246.0,49.0,49.0
537.0,247.0,48.0,48.0
0
0
0
0
0
0
0
0
547.0,246.0,52.0,54.0
549.0,246.0,52.0,54.0
549.0,246.0,52.0,54.0
549.0,245.0,54.0,56.0
552.0,245.0,53.0,55.0
554.0,246.0,53.0,55.0
556.0,246.0,52.0,54.0
557.0,247.0,51.0,53.0
557.0,246.0,52.0,54.0
558.0,246.0,51.0,53.0
560.0,246.0,50.0,52.0
561.0,244.0,50.0,52.0
563.0,242.0,48.0,50.0
564.0,240.0,48.0,49.0
564.0,240.0,48.0,49.0
563.0,239.0,47.0,49.0
564.0,239.0,47.0,48.0
565.0,238.0,46.0,47.0
568.0,239.0,44.0,46.0
569.0,239.0,45.0,46.0
569.0,239.0,45.0,46.0
571.0,240.0,45.0,46.0
573.0,241.0,44.0,46.0
574.0,242.0,45.0,46.0
579.0,243.0,44.0,46.0
581.0,243.0,45.0,47.0
581.0,243.0,45.0,47.0
584.0,244.0,46.0,47.0
588.0,244.0,46.0,47.0
593.0,244.0,46.0,48.0
603.0,241.0,46.0,48.0
609.0,238.0,47.0,49.0
609.0,238.0,47.0,49.0
614.0,234.0,47.0,49.0
620.0,232.0,47.0,48.0
626.0,230.0,46.0,48.0
634.0,231.0,47.0,49.0
635.0,235.0,47.0,49.0
635.0,235.0,47.0,49.0
636.0,239.0,48.0,50.0
636.0,244.0,49.0,51.0
636.0,253.0,50.0,51.0
636.0,253.0,50.0,51.0
0
0
0
0
0
0
0
0
0
0
0
0
0
0
641.0,251.0,44.0,40.0
639.0,250.0,46.0,42.0
636.0,249.0,48.0,43.0
638.0,249.0,34.0,39.0
636.0,248.0,34.0,39.0
636.0,248.0,34.0,39.0
629.0,248.0,44.0,42.0
628.0,248.0,45.0,43.0
624.0,246.0,48.0,46.0
620.0,246.0,47.0,45.0
619.0,246.0,46.0,44.0
619.0,246.0,46.0,44.0
620.0,245.0,46.0,44.0
616.0,244.0,47.0,45.0
616.0,240.0,47.0,45.0
0
0
0
0
0
0
0
0
0
0
0
0
0
605.0,240.0,42.0,48.0
605.0,240.0,42.0,48.0
605.0,240.0,42.0,48.0
605.0,239.0,42.0,48.0
604.0,238.0,41.0,47.0
607.0,239.0,38.0,43.0
600.0,242.0,41.0,46.0
600.0,242.0,41.0,46.0
602.0,241.0,39.0,43.0
600.0,249.0,51.0,58.0
602.0,250.0,49.0,56.0
604.0,249.0,48.0,55.0
603.0,249.0,49.0,56.0
603.0,249.0,49.0,56.0
604.0,249.0,49.0,56.0
603.0,248.0,49.0,55.0
606.0,247.0,48.0,55.0
607.0,246.0,47.0,54.0
611.0,248.0,43.0,49.0
611.0,248.0,43.0,49.0
0
0
0
594.0,243.0,50.0,58.0
595.0,243.0,50.0,58.0
595.0,243.0,50.0,58.0
598.0,242.0,48.0,56.0
600.0,241.0,48.0,56.0
587.0,237.0,63.0,51.0
589.0,236.0,65.0,53.0
605.0,239.0,58.0,47.0
606.0,239.0,58.0,47.0
611.0,238.0,58.0,47.0
614.0,236.0,61.0,49.0
621.0,239.0,53.0,47.0
620.0,245.0,56.0,49.0
624.0,244.0,61.0,52.0
624.0,244.0,61.0,52.0
627.0,242.0,62.0,51.0
626.0,241.0,66.0,54.0
622.0,239.0,60.0,49.0
622.0,238.0,59.0,49.0
637.0,232.0,59.0,48.0
637.0,232.0,59.0,48.0
648.0,222.0,65.0,46.0
659.0,220.0,65.0,46.0
659.0,219.0,63.0,45.0
672.0,213.0,67.0,52.0
706.0,210.0,63.0,54.0
706.0,210.0,63.0,54.0
706.0,210.0,63.0,54.0
703.0,212.0,77.0,53.0
704.0,211.0,78.0,54.0
717.0,219.0,78.0,49.0
718.0,216.0,85.0,53.0
722.0,217.0,80.0,50.0
726.0,214.0,81.0,51.0
733.0,213.0,77.0,48.0
735.0,209.0,82.0,51.0
737.0,207.0,89.0,56.0
763.0,211.0,69.0,48.0
763.0,211.0,69.0,48.0
769.0,212.0,71.0,49.0
775.0,214.0,71.0,49.0
782.0,216.0,71.0,49.0
790.0,219.0,70.0,48.0
809.0,221.0,68.0,47.0
809.0,221.0,68.0,47.0
821.0,223.0,65.0,45.0
833.0,223.0,64.0,44.0
837.0,221.0,67.0,47.0
846.0,221.0,67.0,47.0
857.0,218.0,65.0,45.0
857.0,218.0,65.0,45.0
859.0,216.0,63.0,44.0
858.0,215.0,62.0,43.0
854.0,214.0,61.0,43.0
836.0,213.0,77.0,48.0
819.0,223.0,68.0,42.0
819.0,223.0,68.0,42.0
810.0,227.0,78.0,49.0
802.0,231.0,84.0,52.0
799.0,234.0,87.0,54.0
795.0,236.0,64.0,57.0
791.0,238.0,66.0,59.0
800.0,252.0,50.0,53.0
798.0,253.0,50.0,53.0
796.0,253.0,47.0,50.0
792.0,249.0,48.0,51.0
787.0,243.0,50.0,53.0
786.0,236.0,51.0,54.0
786.0,236.0,51.0,54.0
785.0,236.0,49.0,52.0
788.0,238.0,42.0,42.0
783.0,240.0,41.0,41.0
772.0,240.0,41.0,41.0
748.0,240.0,48.0,48.0
748.0,240.0,48.0,48.0
737.0,243.0,49.0,49.0
727.0,247.0,50.0,49.0
724.0,252.0,49.0,48.0
719.0,252.0,53.0,52.0
705.0,264.0,60.0,49.0
705.0,264.0,60.0,49.0
697.0,261.0,60.0,49.0
689.0,257.0,60.0,49.0
680.0,254.0,57.0,47.0
672.0,252.0,54.0,44.0
652.0,245.0,54.0,44.0
652.0,245.0,54.0,44.0
640.0,243.0,56.0,46.0
630.0,248.0,51.0,42.0
613.0,249.0,55.0,45.0
601.0,251.0,57.0,47.0
581.0,253.0,63.0,51.0
581.0,253.0,63.0,51.0
575.0,255.0,60.0,49.0
559.0,262.0,53.0,47.0
558.0,263.0,52.0,46.0
559.0,262.0,53.0,47.0
551.0,263.0,59.0,52.0
551.0,263.0,59.0,52.0
547.0,262.0,61.0,54.0
544.0,260.0,63.0,56.0
540.0,259.0,65.0,58.0
535.0,256.0,70.0,62.0
517.0,245.0,63.0,67.0
517.0,245.0,63.0,67.0
506.0,244.0,63.0,67.0
495.0,245.0,64.0,68.0
485.0,246.0,63.0,67.0
474.0,248.0,59.0,63.0
471.0,256.0,55.0,58.0
471.0,256.0,55.0,58.0
470.0,256.0,59.0,62.0
469.0,257.0,64.0,68.0
465.0,259.0,62.0,54.0
464.0,252.0,65.0,57.0
455.0,234.0,69.0,60.0
455.0,234.0,69.0,60.0
452.0,226.0,70.0,61.0
445.0,219.0,74.0,64.0
440.0,215.0,74.0,65.0
435.0,213.0,76.0,66.0
430.0,215.0,77.0,67.0
430.0,215.0,77.0,67.0
431.0,215.0,81.0,70.0
441.0,215.0,66.0,54.0
446.0,218.0,66.0,54.0
459.0,224.0,62.0,51.0
474.0,234.0,59.0,48.0
474.0,234.0,59.0,48.0
479.0,236.0,58.0,48.0
482.0,235.0,58.0,48.0
486.0,231.0,60.0,49.0
490.0,223.0,61.0,50.0
491.0,208.0,64.0,52.0
491.0,208.0,64.0,52.0
494.0,206.0,63.0,52.0
497.0,205.0,63.0,52.0
500.0,205.0,63.0,51.0
503.0,205.0,66.0,54.0
526.0,206.0,54.0,47.0
526.0,206.0,54.0,47.0
0
0
0
0
0
0
0
0
0
0
554.0,210.0,50.0,64.0
554.0,210.0,50.0,64.0
554.0,209.0,49.0,63.0
556.0,209.0,50.0,64.0
558.0,211.0,49.0,63.0
557.0,210.0,51.0,66.0
563.0,218.0,60.0,61.0
563.0,218.0,60.0,61.0
564.0,217.0,64.0,66.0
570.0,223.0,62.0,63.0
571.0,223.0,63.0,64.0
572.0,222.0,66.0,67.0
573.0,219.0,71.0,72.0
573.0,219.0,71.0,72.0
574.0,217.0,72.0,74.0
576.0,215.0,74.0,75.0
594.0,223.0,52.0,61.0
594.0,223.0,52.0,61.0
594.0,223.0,52.0,61.0
594.0,223.0,52.0,61.0
593.0,223.0,53.0,63.0
591.0,224.0,55.0,64.0
590.0,227.0,53.0,62.0
587.0,229.0,53.0,62.0
582.0,230.0,52.0,61.0
582.0,230.0,52.0,61.0
580.0,229.0,52.0,61.0
578.0,229.0,52.0,61.0
575.0,228.0,51.0,60.0
574.0,227.0,50.0,58.0
570.0,226.0,48.0,56.0
570.0,226.0,48.0,56.0
0
0
570.0,227.0,43.0,53.0
569.0,227.0,43.0,53.0
568.0,227.0,42.0,52.0
568.0,227.0,42.0,52.0
567.0,226.0,42.0,52.0
566.0,226.0,41.0,51.0
565.0,225.0,43.0,53.0
564.0,225.0,43.0,53.0
568.0,224.0,43.0,53.0
568.0,224.0,43.0,53.0
565.0,224.0,43.0,53.0
563.0,225.0,43.0,53.0
563.0,227.0,43.0,53.0
562.0,228.0,43.0,53.0
556.0,230.0,44.0,54.0
556.0,230.0,44.0,54.0
547.0,231.0,45.0,56.0
548.0,232.0,43.0,53.0
546.0,231.0,42.0,51.0
545.0,231.0,41.0,50.0
543.0,231.0,40.0,49.0
543.0,231.0,40.0,49.0
543.0,231.0,40.0,49.0
0
0
0
0
0
0
0
0
0
0
0
0
0
0
0
0
0
0
0
0
0
0
0
0
0
0
0
0
0
0
0
0
0
0
0
525.0,217.0,52.0,59.0
526.0,216.0,52.0,59.0
526.0,215.0,52.0,59.0
527.0,215.0,52.0,59.0
528.0,216.0,51.0,58.0
528.0,215.0,52.0,59.0
528.0,214.0,56.0,63.0
532.0,217.0,53.0,60.0
534.0,219.0,53.0,60.0
538.0,221.0,52.0,59.0
541.0,222.0,53.0,60.0
541.0,223.0,53.0,60.0
547.0,227.0,54.0,61.0
551.0,230.0,53.0,60.0
553.0,232.0,54.0,61.0
557.0,235.0,53.0,60.0
560.0,235.0,53.0,60.0
560.0,235.0,53.0,60.0
565.0,233.0,53.0,60.0
568.0,229.0,52.0,59.0
569.0,224.0,51.0,57.0
570.0,217.0,50.0,57.0
570.0,211.0,49.0,56.0
570.0,211.0,49.0,56.0
572.0,211.0,40.0,45.0
572.0,211.0,40.0,45.0
0
0
0
0
0
0
0
0
0
0
578.0,220.0,60.0,47.0
577.0,220.0,61.0,48.0
578.0,220.0,60.0,47.0
587.0,226.0,49.0,58.0
585.0,230.0,51.0,60.0
585.0,230.0,51.0,60.0
579.0,238.0,50.0,59.0
570.0,239.0,51.0,60.0
560.0,239.0,51.0,60.0
551.0,239.0,51.0,60.0
544.0,238.0,52.0,62.0
544.0,238.0,52.0,62.0
535.0,236.0,50.0,60.0
535.0,235.0,48.0,57.0
534.0,235.0,47.0,56.0
518.0,240.0,58.0,43.0
516.0,240.0,59.0,44.0
516.0,239.0,59.0,44.0
512.0,237.0,60.0,45.0
507.0,234.0,63.0,47.0
508.0,233.0,60.0,45.0
508.0,235.0,61.0,45.0
506.0,238.0,61.0,46.0
511.0,238.0,57.0,43.0
499.0,245.0,61.0,46.0
491.0,249.0,64.0,47.0
483.0,250.0,66.0,49.0
475.0,250.0,66.0,49.0
464.0,249.0,68.0,50.0
464.0,249.0,68.0,50.0
444.0,248.0,68.0,51.0
435.0,248.0,70.0,52.0
426.0,249.0,69.0,51.0
413.0,249.0,73.0,54.0
404.0,252.0,74.0,55.0
404.0,252.0,74.0,55.0
380.0,255.0,77.0,57.0
368.0,257.0,77.0,57.0
361.0,257.0,77.0,57.0
356.0,257.0,78.0,58.0
352.0,255.0,78.0,58.0
352.0,255.0,78.0,58.0
338.0,250.0,78.0,58.0
332.0,247.0,81.0,60.0
327.0,246.0,81.0,60.0
324.0,244.0,82.0,60.0
324.0,244.0,80.0,59.0
324.0,244.0,80.0,59.0
331.0,255.0,93.0,69.0
334.0,237.0,85.0,66.0
333.0,237.0,85.0,66.0
331.0,237.0,82.0,64.0
326.0,232.0,84.0,65.0
326.0,232.0,84.0,65.0
317.0,231.0,84.0,65.0
313.0,233.0,80.0,62.0
308.0,234.0,78.0,61.0
302.0,233.0,79.0,61.0
293.0,233.0,79.0,61.0
293.0,233.0,79.0,61.0
278.0,235.0,75.0,58.0
268.0,236.0,77.0,60.0
258.0,238.0,77.0,60.0
247.0,242.0,77.0,60.0
237.0,243.0,81.0,63.0
237.0,243.0,81.0,63.0
226.0,249.0,80.0,62.0
225.0,250.0,79.0,61.0
224.0,248.0,79.0,61.0
226.0,247.0,76.0,59.0
225.0,242.0,76.0,59.0
225.0,242.0,76.0,59.0
223.0,233.0,73.0,57.0
224.0,230.0,72.0,56.0
223.0,229.0,68.0,52.0
223.0,229.0,64.0,49.0
224.0,230.0,62.0,48.0
224.0,230.0,62.0,48.0
227.0,228.0,65.0,51.0
228.0,234.0,68.0,53.0
229.0,241.0,69.0,54.0
229.0,246.0,70.0,54.0
228.0,249.0,72.0,56.0
228.0,249.0,72.0,56.0
227.0,255.0,64.0,50.0
225.0,256.0,63.0,49.0
221.0,257.0,65.0,50.0
221.0,257.0,65.0,51.0
219.0,258.0,66.0,51.0
224.0,270.0,68.0,48.0
218.0,273.0,66.0,47.0
218.0,271.0,66.0,46.0
217.0,270.0,64.0,45.0
217.0,266.0,65.0,46.0
219.0,259.0,64.0,45.0
219.0,259.0,64.0,45.0
223.0,247.0,60.0,42.0
223.0,243.0,57.0,41.0
223.0,241.0,57.0,40.0
226.0,240.0,60.0,42.0
230.0,238.0,62.0,44.0
230.0,238.0,62.0,44.0
239.0,241.0,61.0,43.0
244.0,243.0,61.0,43.0
246.0,245.0,61.0,43.0
247.0,248.0,62.0,43.0
248.0,252.0,60.0,42.0
248.0,252.0,60.0,42.0
249.0,259.0,61.0,43.0
252.0,262.0,63.0,44.0
269.0,266.0,51.0,47.0
274.0,269.0,51.0,47.0
280.0,272.0,53.0,49.0
280.0,272.0,53.0,49.0
295.0,280.0,49.0,45.0
303.0,283.0,46.0,42.0
310.0,286.0,44.0,40.0
318.0,290.0,40.0,37.0
327.0,291.0,65.0,50.0
327.0,291.0,65.0,50.0
350.0,297.0,60.0,46.0
362.0,300.0,59.0,45.0
375.0,304.0,54.0,42.0
394.0,314.0,58.0,54.0
403.0,322.0,57.0,53.0
403.0,322.0,57.0,53.0
414.0,335.0,55.0,50.0
428.0,354.0,48.0,64.0
434.0,374.0,53.0,54.0
441.0,385.0,54.0,55.0
448.0,397.0,53.0,54.0
448.0,397.0,53.0,54.0
453.0,407.0,53.0,54.0
463.0,421.0,55.0,56.0
471.0,426.0,53.0,54.0
480.0,430.0,44.0,45.0
486.0,431.0,39.0,40.0
486.0,431.0,39.0,40.0
492.0,430.0,38.0,39.0
504.0,430.0,40.0,40.0
510.0,433.0,37.0,37.0
517.0,435.0,34.0,34.0
522.0,437.0,33.0,33.0
522.0,437.0,33.0,33.0
526.0,437.0,32.0,32.0
526.0,437.0,31.0,32.0
527.0,438.0,32.0,33.0
528.0,440.0,30.0,31.0
527.0,439.0,31.0,31.0
527.0,439.0,31.0,31.0
527.0,439.0,30.0,31.0
525.0,437.0,31.0,32.0
523.0,436.0,32.0,32.0
521.0,434.0,32.0,33.0
519.0,432.0,32.0,33.0
519.0,432.0,33.0,33.0
518.0,432.0,29.0,30.0
515.0,431.0,29.0,30.0
511.0,411.0,41.0,55.0
510.0,411.0,40.0,54.0
509.0,411.0,41.0,55.0
509.0,411.0,41.0,55.0
509.0,412.0,42.0,56.0
507.0,413.0,45.0,61.0
508.0,414.0,44.0,60.0
510.0,415.0,44.0,58.0
511.0,415.0,43.0,57.0
511.0,415.0,43.0,57.0
512.0,415.0,42.0,56.0
0
0
0
0
0
0
0
0
0
0
0
0
0
0
0
0
0
0
0
0
0
0
0
0
0
0
0
0
0
0
0
0
0
0
0
0
0
0
0
0
0
0
0
0
449.0,304.0,55.0,47.0
442.0,300.0,56.0,47.0
442.0,300.0,56.0,47.0
431.0,294.0,59.0,50.0
412.0,281.0,67.0,58.0
400.0,276.0,71.0,61.0
389.0,272.0,73.0,62.0
379.0,269.0,76.0,65.0
370.0,274.0,67.0,44.0
360.0,272.0,68.0,45.0
345.0,270.0,70.0,46.0
341.0,270.0,70.0,46.0
337.0,270.0,69.0,45.0
333.0,269.0,69.0,45.0
333.0,269.0,69.0,45.0
339.0,279.0,52.0,33.0
333.0,277.0,52.0,33.0
332.0,276.0,51.0,33.0
328.0,275.0,52.0,33.0
327.0,274.0,52.0,33.0
327.0,274.0,52.0,33.0
326.0,273.0,52.0,33.0
324.0,271.0,52.0,33.0
325.0,270.0,52.0,33.0
325.0,271.0,51.0,33.0
326.0,271.0,51.0,32.0
326.0,271.0,51.0,32.0
326.0,272.0,51.0,32.0
326.0,272.0,51.0,32.0
328.0,272.0,51.0,32.0
330.0,273.0,50.0,32.0
331.0,273.0,50.0,32.0
331.0,273.0,50.0,32.0
333.0,274.0,50.0,32.0
337.0,275.0,51.0,32.0
340.0,276.0,50.0,32.0
343.0,277.0,51.0,32.0
345.0,278.0,50.0,32.0
346.0,271.0,52.0,47.0
348.0,272.0,52.0,47.0
354.0,273.0,52.0,47.0
357.0,273.0,52.0,47.0
361.0,274.0,51.0,47.0
364.0,275.0,51.0,46.0
364.0,275.0,51.0,46.0
367.0,277.0,51.0,46.0
372.0,279.0,51.0,46.0
375.0,280.0,51.0,46.0
378.0,281.0,51.0,46.0
381.0,282.0,52.0,47.0
381.0,282.0,51.0,46.0
385.0,284.0,51.0,46.0
395.0,289.0,49.0,44.0
401.0,293.0,49.0,44.0
406.0,298.0,47.0,43.0
411.0,303.0,46.0,41.0
411.0,303.0,46.0,41.0
416.0,308.0,48.0,43.0
427.0,312.0,49.0,44.0
431.0,316.0,48.0,44.0
431.0,316.0,51.0,46.0
431.0,315.0,54.0,49.0
431.0,315.0,54.0,49.0
431.0,315.0,56.0,51.0
430.0,311.0,60.0,54.0
432.0,323.0,50.0,42.0
433.0,323.0,49.0,41.0
432.0,322.0,50.0,42.0
433.0,322.0,48.0,41.0
429.0,318.0,52.0,44.0
428.0,319.0,46.0,38.0
432.0,312.0,56.0,48.0
429.0,310.0,61.0,52.0
428.0,307.0,64.0,55.0
428.0,307.0,64.0,55.0
420.0,300.0,53.0,48.0
401.0,291.0,57.0,42.0
392.0,287.0,64.0,47.0
384.0,282.0,71.0,52.0
376.0,277.0,78.0,57.0
376.0,277.0,77.0,57.0
370.0,274.0,72.0,53.0
358.0,269.0,70.0,51.0
352.0,267.0,72.0,53.0
345.0,264.0,63.0,46.0
339.0,263.0,62.0,46.0
339.0,263.0,62.0,46.0
334.0,261.0,63.0,46.0
325.0,257.0,65.0,47.0
322.0,256.0,64.0,47.0
319.0,255.0,64.0,47.0
317.0,254.0,65.0,47.0
317.0,254.0,65.0,47.0
315.0,254.0,65.0,47.0
315.0,254.0,65.0,48.0
315.0,255.0,65.0,48.0
317.0,257.0,65.0,48.0
318.0,258.0,65.0,47.0
318.0,258.0,65.0,47.0
321.0,258.0,66.0,48.0
329.0,261.0,64.0,47.0
334.0,262.0,65.0,47.0
340.0,264.0,64.0,47.0
346.0,265.0,64.0,47.0
346.0,265.0,64.0,47.0
352.0,267.0,65.0,47.0
365.0,267.0,65.0,48.0
370.0,267.0,64.0,47.0
375.0,266.0,64.0,46.0
379.0,263.0,63.0,46.0
379.0,263.0,63.0,46.0
384.0,257.0,63.0,46.0
396.0,244.0,61.0,44.0
402.0,237.0,61.0,44.0
407.0,233.0,61.0,44.0
415.0,234.0,59.0,43.0
415.0,234.0,59.0,43.0
416.0,235.0,62.0,45.0
416.0,235.0,68.0,50.0
421.0,263.0,53.0,42.0
423.0,267.0,53.0,42.0
426.0,269.0,53.0,42.0
426.0,269.0,53.0,42.0
429.0,269.0,52.0,41.0
430.0,267.0,54.0,42.0
434.0,257.0,54.0,43.0
437.0,251.0,54.0,43.0
440.0,246.0,55.0,44.0
440.0,246.0,55.0,44.0
443.0,241.0,57.0,45.0
447.0,239.0,57.0,45.0
453.0,241.0,58.0,46.0
459.0,231.0,64.0,47.0
461.0,235.0,64.0,47.0
461.0,235.0,64.0,47.0
461.0,239.0,65.0,48.0
462.0,242.0,64.0,47.0
460.0,246.0,60.0,44.0
457.0,245.0,62.0,46.0
455.0,243.0,64.0,47.0
455.0,243.0,64.0,47.0
453.0,241.0,66.0,48.0
453.0,242.0,65.0,48.0
453.0,242.0,65.0,48.0
452.0,242.0,65.0,48.0
440.0,235.0,64.0,49.0
440.0,235.0,64.0,49.0
442.0,236.0,63.0,48.0
444.0,236.0,64.0,49.0
451.0,239.0,63.0,48.0
455.0,241.0,63.0,48.0
460.0,243.0,63.0,48.0
460.0,243.0,63.0,48.0
466.0,246.0,62.0,48.0
473.0,250.0,62.0,47.0
487.0,257.0,62.0,48.0
492.0,261.0,62.0,48.0
496.0,263.0,63.0,48.0
496.0,263.0,63.0,48.0
497.0,265.0,63.0,48.0
497.0,266.0,62.0,47.0
497.0,259.0,60.0,46.0
503.0,249.0,60.0,46.0
505.0,242.0,61.0,47.0
505.0,242.0,61.0,47.0
512.0,234.0,57.0,44.0
519.0,227.0,59.0,45.0
536.0,220.0,60.0,46.0
540.0,218.0,63.0,48.0
553.0,225.0,60.0,46.0
553.0,225.0,60.0,46.0
560.0,228.0,60.0,46.0
564.0,229.0,63.0,48.0
576.0,238.0,64.0,49.0
579.0,239.0,70.0,54.0
585.0,242.0,71.0,54.0
585.0,242.0,71.0,54.0
585.0,242.0,71.0,55.0
584.0,243.0,71.0,55.0
575.0,245.0,71.0,54.0
578.0,254.0,62.0,47.0
574.0,256.0,58.0,44.0
571.0,254.0,62.0,48.0
567.0,254.0,62.0,47.0
566.0,255.0,61.0,46.0
566.0,253.0,62.0,47.0
568.0,253.0,62.0,47.0
569.0,252.0,62.0,47.0
570.0,252.0,62.0,47.0
572.0,253.0,61.0,47.0
575.0,253.0,62.0,47.0
585.0,258.0,61.0,47.0
591.0,262.0,61.0,47.0
597.0,267.0,60.0,46.0
597.0,267.0,60.0,46.0
603.0,270.0,62.0,48.0
611.0,275.0,62.0,48.0
631.0,285.0,61.0,47.0
640.0,288.0,62.0,48.0
649.0,291.0,56.0,43.0
649.0,291.0,56.0,43.0
660.0,291.0,55.0,42.0
671.0,288.0,53.0,40.0
701.0,266.0,53.0,40.0
713.0,259.0,50.0,39.0
723.0,254.0,51.0,39.0
723.0,254.0,51.0,39.0
727.0,252.0,52.0,40.0
720.0,255.0,57.0,44.0
665.0,270.0,58.0,43.0
658.0,271.0,61.0,45.0
655.0,271.0,58.0,43.0
655.0,271.0,58.0,43.0
652.0,271.0,55.0,41.0
650.0,267.0,55.0,41.0
650.0,261.0,52.0,39.0
657.0,259.0,52.0,39.0
677.0,260.0,49.0,37.0
677.0,260.0,49.0,37.0
682.0,257.0,46.0,34.0
685.0,252.0,42.0,31.0
695.0,234.0,48.0,36.0
723.0,236.0,53.0,42.0
729.0,234.0,53.0,42.0
729.0,234.0,53.0,42.0
734.0,233.0,54.0,43.0
737.0,233.0,53.0,42.0
738.0,243.0,51.0,41.0
739.0,249.0,52.0,41.0
739.0,255.0,52.0,41.0
739.0,255.0,52.0,41.0
738.0,262.0,53.0,42.0
736.0,268.0,54.0,42.0
730.0,280.0,54.0,43.0
727.0,282.0,53.0,42.0
725.0,283.0,53.0,42.0
725.0,283.0,53.0,42.0
722.0,286.0,53.0,42.0
715.0,284.0,50.0,40.0
707.0,284.0,50.0,40.0
702.0,285.0,50.0,40.0
696.0,284.0,50.0,40.0
696.0,284.0,50.0,40.0
690.0,284.0,51.0,40.0
686.0,283.0,51.0,40.0
680.0,282.0,49.0,39.0
678.0,281.0,49.0,39.0
677.0,280.0,49.0,39.0
657.0,276.0,67.0,46.0
656.0,275.0,66.0,45.0
652.0,270.0,71.0,49.0
650.0,265.0,75.0,51.0
651.0,265.0,73.0,50.0
650.0,265.0,73.0,50.0
650.0,265.0,73.0,50.0
648.0,266.0,69.0,47.0
644.0,267.0,71.0,48.0
634.0,274.0,68.0,47.0
629.0,279.0,65.0,45.0
626.0,286.0,61.0,42.0
626.0,286.0,61.0,42.0
624.0,290.0,60.0,41.0
621.0,292.0,60.0,41.0
596.0,311.0,52.0,39.0
590.0,313.0,53.0,40.0
587.0,316.0,54.0,40.0
587.0,316.0,54.0,40.0
579.0,310.0,66.0,47.0
580.0,309.0,65.0,47.0
584.0,301.0,67.0,48.0
588.0,299.0,64.0,46.0
592.0,296.0,62.0,44.0
592.0,296.0,62.0,44.0
594.0,294.0,62.0,44.0
596.0,294.0,61.0,43.0
605.0,288.0,51.0,52.0
605.0,288.0,51.0,52.0
602.0,287.0,50.0,51.0
603.0,288.0,49.0,50.0
598.0,286.0,50.0,51.0
593.0,286.0,50.0,51.0
578.0,285.0,53.0,54.0
572.0,287.0,53.0,54.0
567.0,289.0,52.0,53.0
567.0,289.0,52.0,53.0
561.0,289.0,53.0,54.0
555.0,290.0,53.0,54.0
545.0,292.0,53.0,54.0
542.0,292.0,52.0,53.0
539.0,292.0,53.0,54.0
539.0,292.0,53.0,54.0
539.0,292.0,52.0,53.0
538.0,293.0,52.0,53.0
538.0,294.0,52.0,53.0
538.0,293.0,53.0,54.0
539.0,294.0,54.0,55.0
539.0,294.0,54.0,55.0
540.0,294.0,55.0,56.0
540.0,294.0,55.0,57.0
541.0,295.0,56.0,57.0
541.0,295.0,57.0,58.0
542.0,295.0,56.0,58.0
542.0,295.0,56.0,58.0
542.0,294.0,56.0,58.0
543.0,294.0,57.0,58.0
543.0,295.0,56.0,57.0
543.0,295.0,56.0,57.0
543.0,296.0,55.0,56.0
543.0,296.0,55.0,56.0
542.0,297.0,54.0,55.0
542.0,298.0,54.0,55.0
542.0,299.0,54.0,55.0
542.0,300.0,52.0,53.0
542.0,301.0,52.0,53.0
542.0,301.0,52.0,53.0
543.0,309.0,63.0,50.0
544.0,310.0,63.0,50.0
544.0,310.0,62.0,49.0
543.0,311.0,62.0,50.0
541.0,312.0,62.0,49.0
541.0,312.0,62.0,49.0
540.0,313.0,62.0,49.0
536.0,313.0,61.0,48.0
533.0,314.0,60.0,48.0
528.0,315.0,61.0,48.0
527.0,315.0,60.0,48.0
527.0,315.0,60.0,48.0
527.0,316.0,60.0,48.0
525.0,317.0,60.0,47.0
524.0,316.0,60.0,48.0
522.0,316.0,60.0,48.0
521.0,316.0,61.0,48.0
521.0,316.0,61.0,48.0
520.0,317.0,61.0,48.0
518.0,317.0,62.0,49.0
516.0,317.0,62.0,49.0
514.0,316.0,63.0,50.0
515.0,316.0,62.0,49.0
515.0,316.0,62.0,49.0
514.0,315.0,62.0,49.0
513.0,315.0,63.0,50.0
513.0,315.0,63.0,50.0
516.0,317.0,62.0,49.0
516.0,317.0,63.0,50.0
516.0,317.0,63.0,50.0
519.0,319.0,62.0,49.0
520.0,319.0,62.0,50.0
521.0,319.0,62.0,49.0
526.0,321.0,60.0,47.0
528.0,323.0,61.0,49.0
528.0,323.0,59.0,47.0
531.0,324.0,59.0,47.0
533.0,324.0,59.0,47.0
535.0,324.0,60.0,47.0
539.0,327.0,59.0,47.0
541.0,328.0,58.0,46.0
540.0,327.0,58.0,46.0
541.0,329.0,59.0,46.0
540.0,329.0,59.0,47.0
541.0,329.0,58.0,46.0
544.0,327.0,59.0,47.0
545.0,327.0,57.0,45.0
545.0,327.0,57.0,45.0
546.0,326.0,56.0,45.0
546.0,325.0,56.0,44.0
547.0,325.0,54.0,43.0
557.0,324.0,49.0,39.0
563.0,323.0,48.0,38.0
563.0,323.0,48.0,38.0
571.0,323.0,45.0,36.0
576.0,322.0,47.0,37.0
580.0,321.0,47.0,37.0
584.0,323.0,46.0,37.0
588.0,324.0,46.0,36.0
588.0,324.0,46.0,36.0
592.0,326.0,44.0,35.0
596.0,327.0,43.0,34.0
600.0,328.0,43.0,34.0
606.0,328.0,44.0,35.0
607.0,325.0,45.0,36.0
607.0,325.0,45.0,36.0
609.0,323.0,46.0,36.0
613.0,320.0,46.0,36.0
615.0,316.0,47.0,37.0
630.0,308.0,35.0,39.0
634.0,308.0,34.0,37.0
634.0,308.0,34.0,37.0
637.0,305.0,36.0,40.0
641.0,304.0,37.0,41.0
643.0,304.0,37.0,41.0
646.0,301.0,38.0,43.0
647.0,299.0,39.0,44.0
647.0,299.0,39.0,43.0
648.0,300.0,37.0,41.0
648.0,297.0,40.0,45.0
649.0,297.0,40.0,45.0
650.0,295.0,41.0,46.0
651.0,295.0,40.0,45.0
651.0,295.0,40.0,45.0
653.0,295.0,40.0,45.0
654.0,296.0,40.0,45.0
654.0,296.0,40.0,45.0
656.0,296.0,40.0,45.0
654.0,295.0,42.0,46.0
654.0,295.0,41.0,46.0
652.0,295.0,42.0,47.0
650.0,297.0,40.0,45.0
648.0,297.0,40.0,45.0
644.0,296.0,41.0,46.0
641.0,295.0,41.0,46.0
641.0,295.0,41.0,46.0
638.0,294.0,41.0,46.0
634.0,294.0,41.0,45.0
633.0,294.0,41.0,46.0
635.0,294.0,38.0,42.0
611.0,295.0,46.0,37.0
611.0,295.0,46.0,37.0
605.0,293.0,50.0,40.0
591.0,294.0,62.0,36.0
590.0,293.0,62.0,36.0
586.0,293.0,59.0,34.0
584.0,293.0,57.0,33.0
584.0,293.0,57.0,33.0
582.0,293.0,56.0,32.0
581.0,294.0,51.0,30.0
576.0,294.0,51.0,30.0
565.0,291.0,54.0,31.0
559.0,289.0,55.0,32.0
559.0,289.0,55.0,32.0
553.0,289.0,54.0,31.0
547.0,288.0,53.0,31.0
543.0,287.0,54.0,31.0
538.0,285.0,52.0,30.0
535.0,285.0,50.0,29.0
534.0,279.0,42.0,42.0
533.0,279.0,41.0,41.0
528.0,277.0,42.0,42.0
533.0,279.0,41.0,41.0
532.0,282.0,36.0,36.0
531.0,282.0,36.0,36.0
531.0,282.0,36.0,36.0
0
0
0
0
0
0
0
0
0
0
0
0
0
0
0
0
0
463.0,294.0,56.0,37.0
459.0,293.0,58.0,38.0
455.0,292.0,58.0,39.0
451.0,291.0,60.0,40.0
444.0,290.0,64.0,42.0
443.0,292.0,63.0,42.0
443.0,292.0,63.0,41.0
442.0,293.0,63.0,42.0
439.0,294.0,65.0,43.0
438.0,294.0,66.0,43.0
426.0,291.0,76.0,50.0
421.0,290.0,81.0,53.0
421.0,290.0,81.0,53.0
416.0,288.0,86.0,57.0
423.0,293.0,62.0,48.0
419.0,291.0,63.0,49.0
410.0,283.0,64.0,50.0
405.0,279.0,64.0,49.0
405.0,279.0,64.0,49.0
400.0,274.0,64.0,49.0
396.0,271.0,63.0,49.0
391.0,269.0,64.0,49.0
383.0,268.0,63.0,49.0
379.0,270.0,62.0,48.0
379.0,270.0,62.0,48.0
376.0,272.0,63.0,49.0
373.0,274.0,65.0,51.0
370.0,274.0,68.0,52.0
363.0,278.0,68.0,53.0
360.0,280.0,69.0,53.0
360.0,280.0,69.0,53.0
357.0,277.0,57.0,48.0
354.0,276.0,58.0,49.0
350.0,275.0,58.0,49.0
340.0,267.0,59.0,49.0
333.0,262.0,60.0,50.0
333.0,262.0,60.0,51.0
326.0,259.0,61.0,51.0
317.0,259.0,63.0,53.0
308.0,261.0,62.0,52.0
297.0,264.0,59.0,50.0
291.0,265.0,60.0,51.0
292.0,265.0,60.0,51.0
288.0,266.0,59.0,50.0
285.0,267.0,61.0,51.0
282.0,268.0,61.0,51.0
274.0,266.0,61.0,51.0
271.0,266.0,62.0,52.0
271.0,266.0,62.0,52.0
268.0,265.0,63.0,53.0
259.0,276.0,68.0,43.0
256.0,274.0,70.0,44.0
253.0,270.0,68.0,43.0
252.0,268.0,68.0,43.0
252.0,268.0,68.0,43.0
250.0,267.0,69.0,44.0
248.0,267.0,68.0,43.0
246.0,266.0,69.0,44.0
244.0,267.0,68.0,43.0
240.0,269.0,66.0,42.0
239.0,268.0,69.0,43.0
238.0,269.0,58.0,41.0
236.0,269.0,58.0,41.0
235.0,268.0,59.0,42.0
235.0,267.0,59.0,42.0
234.0,265.0,60.0,43.0
233.0,260.0,62.0,45.0
233.0,260.0,62.0,45.0
234.0,260.0,62.0,45.0
235.0,259.0,62.0,45.0
237.0,259.0,62.0,45.0
240.0,257.0,62.0,45.0
240.0,257.0,62.0,45.0
243.0,257.0,60.0,44.0
247.0,255.0,61.0,44.0
251.0,256.0,60.0,43.0
253.0,256.0,59.0,43.0
257.0,256.0,58.0,42.0
257.0,256.0,58.0,42.0
259.0,256.0,56.0,41.0
263.0,257.0,54.0,40.0
266.0,257.0,53.0,38.0
270.0,258.0,50.0,36.0
276.0,258.0,48.0,35.0
276.0,258.0,48.0,35.0
279.0,259.0,48.0,35.0
280.0,259.0,51.0,37.0
283.0,260.0,51.0,37.0
291.0,261.0,46.0,33.0
0
0
0
0
0
0
0
0
0
0
0
0
0
0
0
0
0
0
0
0
0
0
0
0
0
0
0
0
0
0
0
0
0
0
0
0
338.0,253.0,41.0,41.0
338.0,253.0,41.0,41.0
338.0,253.0,41.0,41.0
339.0,253.0,41.0,41.0
339.0,252.0,40.0,40.0
341.0,253.0,40.0,40.0
341.0,253.0,39.0,39.0
341.0,253.0,39.0,39.0
342.0,253.0,39.0,39.0
343.0,252.0,39.0,39.0
344.0,251.0,39.0,39.0
344.0,250.0,40.0,40.0
346.0,250.0,40.0,40.0
346.0,250.0,40.0,40.0
346.0,249.0,41.0,41.0
348.0,249.0,40.0,40.0
349.0,247.0,46.0,52.0
350.0,248.0,46.0,52.0
351.0,252.0,47.0,53.0
351.0,252.0,47.0,53.0
352.0,254.0,47.0,53.0
353.0,255.0,48.0,54.0
353.0,257.0,48.0,54.0
355.0,259.0,47.0,54.0
357.0,261.0,48.0,54.0
357.0,261.0,48.0,54.0
357.0,261.0,49.0,55.0
358.0,262.0,48.0,54.0
359.0,262.0,49.0,55.0
360.0,263.0,47.0,54.0
361.0,263.0,49.0,55.0
361.0,263.0,49.0,55.0
361.0,264.0,49.0,56.0
362.0,265.0,49.0,55.0
363.0,266.0,48.0,55.0
362.0,267.0,49.0,55.0
362.0,268.0,47.0,54.0
362.0,268.0,47.0,54.0
361.0,268.0,48.0,54.0
361.0,268.0,47.0,54.0
360.0,268.0,47.0,54.0
360.0,268.0,47.0,53.0
361.0,269.0,47.0,53.0
361.0,269.0,47.0,53.0
361.0,270.0,47.0,53.0
361.0,271.0,47.0,54.0
362.0,272.0,47.0,53.0
363.0,273.0,47.0,53.0
366.0,275.0,47.0,53.0
366.0,275.0,47.0,53.0
369.0,275.0,46.0,52.0
370.0,276.0,48.0,54.0
371.0,276.0,46.0,52.0
375.0,276.0,46.0,52.0
379.0,267.0,45.0,51.0
379.0,267.0,45.0,51.0
385.0,259.0,44.0,50.0
392.0,248.0,45.0,51.0
399.0,240.0,45.0,51.0
406.0,236.0,45.0,51.0
415.0,240.0,44.0,49.0
415.0,240.0,44.0,49.0
418.0,245.0,41.0,46.0
420.0,245.0,43.0,48.0
422.0,242.0,43.0,49.0
426.0,239.0,39.0,44.0
428.0,227.0,37.0,42.0
428.0,227.0,37.0,42.0
428.0,225.0,34.0,39.0
427.0,224.0,33.0,38.0
422.0,225.0,55.0,39.0
421.0,225.0,55.0,39.0
421.0,230.0,58.0,41.0
421.0,229.0,60.0,42.0
425.0,229.0,48.0,34.0
427.0,231.0,52.0,46.0
430.0,233.0,53.0,46.0
434.0,236.0,52.0,46.0
444.0,246.0,52.0,46.0
444.0,246.0,51.0,45.0
447.0,252.0,52.0,46.0
451.0,257.0,53.0,47.0
457.0,262.0,53.0,47.0
462.0,266.0,54.0,48.0
475.0,267.0,56.0,50.0
475.0,266.0,57.0,51.0
479.0,264.0,58.0,52.0
483.0,260.0,59.0,52.0
489.0,259.0,57.0,50.0
492.0,254.0,61.0,54.0
501.0,257.0,60.0,53.0
501.0,257.0,58.0,52.0
504.0,259.0,60.0,53.0
507.0,264.0,60.0,53.0
511.0,270.0,61.0,54.0
514.0,276.0,62.0,55.0
518.0,287.0,63.0,56.0
518.0,287.0,63.0,56.0
522.0,290.0,63.0,56.0
526.0,292.0,63.0,55.0
530.0,294.0,63.0,55.0
534.0,294.0,64.0,56.0
539.0,294.0,65.0,57.0
539.0,295.0,63.0,56.0
541.0,295.0,64.0,56.0
541.0,296.0,66.0,58.0
543.0,300.0,64.0,57.0
542.0,301.0,65.0,58.0
541.0,302.0,68.0,60.0
541.0,302.0,68.0,60.0
540.0,303.0,68.0,60.0
540.0,303.0,69.0,61.0
539.0,303.0,69.0,61.0
539.0,303.0,70.0,62.0
538.0,303.0,71.0,63.0
546.0,305.0,51.0,62.0
546.0,305.0,51.0,62.0
546.0,306.0,51.0,63.0
547.0,307.0,51.0,62.0
546.0,306.0,53.0,64.0
549.0,309.0,52.0,63.0
550.0,309.0,51.0,62.0
551.0,312.0,51.0,62.0
553.0,315.0,50.0,61.0
553.0,316.0,51.0,62.0
0
0
0
0
0
0
0
0
0
0
0
0
0
0
494.0,249.0,43.0,42.0
495.0,241.0,53.0,44.0
498.0,236.0,62.0,52.0
503.0,243.0,65.0,54.0
518.0,245.0,72.0,48.0
524.0,249.0,72.0,50.0
525.0,248.0,74.0,51.0
547.0,263.0,65.0,50.0
551.0,266.0,63.0,48.0
552.0,265.0,63.0,49.0
550.0,258.0,65.0,50.0
546.0,251.0,66.0,51.0
546.0,251.0,66.0,51.0
538.0,236.0,69.0,53.0
536.0,230.0,70.0,54.0
536.0,225.0,70.0,54.0
536.0,222.0,70.0,54.0
537.0,221.0,70.0,54.0
537.0,221.0,70.0,54.0
530.0,221.0,72.0,55.0
530.0,222.0,73.0,56.0
532.0,225.0,72.0,55.0
529.0,224.0,75.0,57.0
530.0,230.0,71.0,54.0
530.0,230.0,71.0,54.0
530.0,236.0,73.0,56.0
530.0,237.0,74.0,56.0
530.0,237.0,74.0,57.0
529.0,237.0,75.0,57.0
529.0,237.0,76.0,58.0
529.0,237.0,76.0,58.0
530.0,237.0,77.0,59.0
550.0,239.0,52.0,52.0
550.0,239.0,52.0,52.0
550.0,240.0,52.0,52.0
551.0,240.0,52.0,52.0
551.0,240.0,53.0,53.0
552.0,241.0,51.0,51.0
553.0,242.0,51.0,51.0
554.0,242.0,51.0,51.0
554.0,243.0,50.0,50.0
553.0,245.0,50.0,50.0
553.0,245.0,49.0,49.0
549.0,244.0,54.0,54.0
545.0,247.0,53.0,53.0
543.0,251.0,52.0,52.0
540.0,254.0,52.0,52.0
536.0,257.0,52.0,52.0
536.0,257.0,52.0,52.0
526.0,262.0,51.0,51.0
523.0,263.0,51.0,51.0
521.0,263.0,50.0,50.0
519.0,261.0,50.0,50.0
517.0,256.0,50.0,50.0
517.0,256.0,50.0,50.0
513.0,240.0,46.0,46.0
509.0,233.0,45.0,45.0
505.0,229.0,44.0,44.0
501.0,227.0,44.0,44.0
499.0,229.0,43.0,43.0
499.0,229.0,43.0,43.0
502.0,244.0,39.0,39.0
502.0,259.0,37.0,37.0
502.0,266.0,37.0,37.0
503.0,269.0,38.0,38.0
504.0,272.0,42.0,42.0
504.0,272.0,42.0,42.0
510.0,276.0,44.0,44.0
510.0,276.0,44.0,44.0
510.0,276.0,44.0,44.0
508.0,279.0,52.0,68.0
505.0,278.0,53.0,70.0
505.0,278.0,53.0,70.0
497.0,265.0,48.0,64.0
493.0,254.0,48.0,64.0
490.0,243.0,48.0,65.0
487.0,233.0,49.0,65.0
486.0,231.0,48.0,63.0
486.0,231.0,48.0,63.0
486.0,226.0,48.0,65.0
483.0,217.0,47.0,63.0
483.0,216.0,48.0,64.0
485.0,217.0,49.0,66.0
488.0,219.0,50.0,67.0
488.0,219.0,50.0,67.0
494.0,228.0,49.0,66.0
494.0,230.0,51.0,68.0
492.0,231.0,53.0,71.0
490.0,232.0,56.0,75.0
498.0,256.0,44.0,50.0
498.0,256.0,44.0,50.0
497.0,263.0,43.0,49.0
496.0,265.0,43.0,49.0
496.0,265.0,43.0,49.0
494.0,264.0,42.0,48.0
493.0,263.0,41.0,47.0
493.0,263.0,42.0,47.0
491.0,261.0,42.0,47.0
490.0,261.0,40.0,45.0
488.0,259.0,40.0,45.0
485.0,257.0,40.0,45.0
484.0,257.0,40.0,45.0
484.0,257.0,40.0,45.0
484.0,258.0,40.0,45.0
484.0,258.0,40.0,46.0
483.0,258.0,41.0,47.0
482.0,259.0,42.0,47.0
481.0,259.0,42.0,47.0
481.0,259.0,42.0,47.0
481.0,260.0,43.0,48.0
482.0,261.0,43.0,48.0
482.0,261.0,42.0,48.0
483.0,262.0,42.0,48.0
482.0,261.0,42.0,48.0
482.0,261.0,42.0,48.0
481.0,256.0,42.0,48.0
482.0,253.0,42.0,48.0
484.0,250.0,43.0,49.0
489.0,246.0,43.0,49.0
494.0,243.0,43.0,49.0
494.0,243.0,43.0,49.0
491.0,234.0,52.0,52.0
498.0,235.0,52.0,52.0
507.0,238.0,53.0,53.0
514.0,241.0,53.0,53.0
522.0,245.0,53.0,53.0
521.0,244.0,55.0,55.0
533.0,253.0,54.0,54.0
537.0,256.0,53.0,53.0
540.0,257.0,53.0,53.0
544.0,256.0,54.0,54.0
548.0,252.0,54.0,54.0
549.0,253.0,55.0,55.0
552.0,245.0,55.0,55.0
554.0,242.0,55.0,55.0
555.0,240.0,55.0,55.0
555.0,237.0,56.0,56.0
556.0,235.0,56.0,56.0
556.0,235.0,56.0,56.0
557.0,234.0,57.0,57.0
558.0,234.0,57.0,57.0
558.0,234.0,57.0,57.0
558.0,234.0,57.0,57.0
558.0,235.0,57.0,57.0
558.0,235.0,57.0,57.0
555.0,239.0,56.0,56.0
552.0,241.0,56.0,56.0
549.0,243.0,56.0,56.0
545.0,245.0,56.0,56.0
541.0,248.0,55.0,55.0
541.0,248.0,55.0,55.0
530.0,252.0,55.0,55.0
524.0,254.0,55.0,55.0
517.0,255.0,55.0,55.0
510.0,256.0,55.0,55.0
503.0,254.0,57.0,57.0
503.0,254.0,57.0,57.0
494.0,248.0,55.0,55.0
489.0,241.0,54.0,54.0
482.0,234.0,54.0,54.0
476.0,232.0,55.0,55.0
472.0,237.0,52.0,52.0
472.0,237.0,52.0,52.0
469.0,253.0,53.0,53.0
468.0,255.0,53.0,53.0
467.0,255.0,52.0,52.0
466.0,253.0,52.0,52.0
468.0,247.0,53.0,53.0
468.0,247.0,53.0,53.0
473.0,237.0,49.0,49.0
473.0,230.0,51.0,51.0
472.0,223.0,54.0,54.0
471.0,220.0,56.0,56.0
470.0,218.0,57.0,57.0
470.0,218.0,57.0,57.0
469.0,218.0,57.0,57.0
468.0,218.0,57.0,57.0
466.0,218.0,58.0,58.0
464.0,218.0,59.0,59.0
462.0,218.0,59.0,59.0
462.0,218.0,59.0,59.0
456.0,220.0,60.0,60.0
452.0,222.0,60.0,60.0
444.0,220.0,66.0,66.0
453.0,238.0,44.0,47.0
448.0,242.0,43.0,46.0
447.0,242.0,43.0,46.0
434.0,251.0,43.0,46.0
426.0,256.0,43.0,46.0
419.0,262.0,43.0,46.0
413.0,265.0,43.0,46.0
408.0,267.0,43.0,46.0
408.0,267.0,43.0,46.0
404.0,268.0,43.0,46.0
398.0,263.0,43.0,46.0
396.0,261.0,43.0,46.0
395.0,258.0,42.0,45.0
393.0,255.0,42.0,45.0
393.0,255.0,42.0,45.0
391.0,254.0,42.0,45.0
390.0,253.0,41.0,43.0
389.0,253.0,41.0,43.0
387.0,254.0,41.0,43.0
386.0,254.0,41.0,44.0
386.0,254.0,41.0,44.0
385.0,256.0,41.0,44.0
383.0,259.0,41.0,44.0
383.0,260.0,41.0,43.0
384.0,260.0,41.0,44.0
385.0,261.0,40.0,43.0
385.0,261.0,40.0,43.0
388.0,263.0,39.0,42.0
393.0,264.0,40.0,43.0
397.0,265.0,40.0,43.0
401.0,265.0,41.0,44.0
406.0,266.0,42.0,45.0
406.0,266.0,42.0,45.0
419.0,270.0,42.0,54.0
427.0,274.0,44.0,56.0
430.0,277.0,44.0,57.0
432.0,282.0,45.0,57.0
432.0,287.0,45.0,58.0
432.0,287.0,45.0,58.0
433.0,298.0,46.0,59.0
433.0,306.0,44.0,57.0
434.0,305.0,45.0,58.0
433.0,301.0,45.0,58.0
433.0,296.0,44.0,57.0
433.0,296.0,44.0,57.0
431.0,289.0,45.0,57.0
432.0,282.0,44.0,57.0
437.0,271.0,45.0,58.0
440.0,269.0,45.0,58.0
442.0,268.0,45.0,58.0
442.0,268.0,45.0,58.0
443.0,268.0,44.0,57.0
445.0,271.0,45.0,58.0
445.0,273.0,47.0,61.0
443.0,276.0,49.0,62.0
444.0,281.0,49.0,63.0
454.0,283.0,49.0,59.0
455.0,286.0,50.0,60.0
456.0,293.0,48.0,58.0
455.0,293.0,48.0,58.0
455.0,292.0,48.0,57.0
455.0,287.0,48.0,58.0
455.0,287.0,48.0,58.0
455.0,283.0,49.0,59.0
457.0,274.0,48.0,57.0
458.0,272.0,45.0,54.0
460.0,270.0,43.0,51.0
461.0,270.0,42.0,50.0
461.0,270.0,42.0,50.0
462.0,269.0,41.0,49.0
467.0,272.0,37.0,44.0
469.0,274.0,36.0,44.0
472.0,276.0,36.0,43.0
475.0,277.0,36.0,43.0
475.0,277.0,36.0,43.0
476.0,277.0,36.0,43.0
478.0,276.0,35.0,42.0
478.0,274.0,35.0,42.0
479.0,272.0,35.0,42.0
480.0,270.0,35.0,42.0
480.0,270.0,35.0,42.0
480.0,269.0,34.0,41.0
480.0,267.0,35.0,42.0
480.0,267.0,35.0,43.0
480.0,267.0,36.0,43.0
481.0,267.0,36.0,43.0
481.0,267.0,36.0,43.0
481.0,267.0,36.0,43.0
482.0,268.0,35.0,42.0
482.0,268.0,35.0,43.0
483.0,269.0,36.0,43.0
484.0,269.0,36.0,44.0
484.0,269.0,36.0,44.0
485.0,270.0,36.0,44.0
486.0,270.0,38.0,46.0
487.0,270.0,38.0,46.0
488.0,271.0,39.0,46.0
489.0,271.0,39.0,47.0
489.0,271.0,39.0,47.0
490.0,270.0,39.0,47.0
492.0,271.0,40.0,48.0
493.0,271.0,39.0,48.0
494.0,271.0,39.0,48.0
495.0,271.0,40.0,48.0
495.0,271.0,40.0,48.0
496.0,271.0,39.0,47.0
498.0,272.0,38.0,46.0
500.0,272.0,38.0,46.0
500.0,271.0,39.0,47.0
501.0,272.0,39.0,47.0
501.0,272.0,39.0,47.0
503.0,273.0,39.0,47.0
504.0,273.0,39.0,47.0
506.0,274.0,39.0,47.0
507.0,275.0,39.0,47.0
508.0,277.0,39.0,47.0
508.0,277.0,39.0,47.0
509.0,278.0,40.0,48.0
511.0,283.0,39.0,47.0
512.0,285.0,40.0,49.0
513.0,288.0,40.0,48.0
516.0,291.0,39.0,46.0
516.0,291.0,39.0,46.0
516.0,292.0,40.0,48.0
518.0,293.0,42.0,50.0
519.0,292.0,42.0,51.0
0
0
0
0
0
0
528.0,262.0,51.0,42.0
527.0,259.0,56.0,46.0
527.0,259.0,56.0,46.0
526.0,254.0,58.0,48.0
526.0,244.0,56.0,46.0
526.0,239.0,55.0,45.0
524.0,233.0,56.0,46.0
523.0,229.0,56.0,46.0
523.0,229.0,56.0,46.0
524.0,230.0,55.0,45.0
523.0,229.0,59.0,49.0
523.0,230.0,61.0,50.0
523.0,230.0,62.0,51.0
523.0,230.0,64.0,53.0
532.0,228.0,53.0,49.0
533.0,230.0,53.0,49.0
249.0,317.0,77.0,69.0
533.0,230.0,53.0,49.0
237.0,315.0,78.0,70.0
193.0,300.0,82.0,73.0
193.0,300.0,82.0,73.0
187.0,306.0,81.0,57.0
20.0,247.0,113.0,83.0
-49.0,220.0,113.0,83.0
0
0
0
0
0
0
0
0
0
0
0
0
0
0
0
0
0
0
0
0
0
0
0
0
0
0
0
0
0
0
471.0,200.0,147.0,154.0
476.0,194.0,146.0,153.0
476.0,194.0,146.0,153.0
479.0,187.0,146.0,153.0
477.0,192.0,148.0,155.0
485.0,201.0,151.0,158.0
500.0,214.0,153.0,160.0
517.0,229.0,152.0,159.0
517.0,229.0,152.0,159.0
533.0,243.0,152.0,160.0
560.0,259.0,149.0,156.0
569.0,262.0,147.0,154.0
570.0,263.0,147.0,154.0
559.0,265.0,147.0,154.0
559.0,265.0,147.0,154.0
543.0,266.0,149.0,156.0
517.0,269.0,147.0,154.0
507.0,268.0,147.0,154.0
493.0,270.0,143.0,150.0
477.0,276.0,140.0,146.0
477.0,276.0,140.0,146.0
460.0,285.0,140.0,146.0
447.0,301.0,140.0,147.0
447.0,301.0,140.0,147.0
438.0,338.0,136.0,142.0
438.0,338.0,136.0,142.0
438.0,338.0,136.0,196.0
441.0,346.0,137.0,198.0
442.0,354.0,138.0,199.0
455.0,379.0,103.0,204.0
444.0,397.0,101.0,200.0
425.0,415.0,100.0,198.0
425.0,415.0,100.0,198.0
410.0,439.0,97.0,192.0
391.0,452.0,98.0,195.0
361.0,439.0,117.0,231.0
383.0,455.0,113.0,193.0
382.0,445.0,113.0,193.0
382.0,445.0,113.0,193.0
383.0,431.0,113.0,192.0
393.0,404.0,110.0,188.0
418.0,336.0,105.0,179.0
437.0,288.0,108.0,184.0
437.0,288.0,108.0,184.0
432.0,248.0,152.0,201.0
452.0,211.0,162.0,181.0
470.0,171.0,162.0,181.0
502.0,107.0,161.0,180.0
518.0,84.0,155.0,173.0
536.0,68.0,147.0,164.0
536.0,68.0,147.0,164.0
549.0,57.0,141.0,157.0
561.0,52.0,133.0,149.0
579.0,50.0,126.0,141.0
587.0,55.0,121.0,135.0
551.0,59.0,157.0,132.0
551.0,59.0,157.0,132.0
550.0,62.0,156.0,131.0
546.0,60.0,160.0,134.0
531.0,68.0,158.0,133.0
520.0,73.0,157.0,132.0
514.0,81.0,149.0,126.0
514.0,81.0,149.0,126.0
495.0,88.0,152.0,128.0
480.0,97.0,155.0,130.0
458.0,120.0,154.0,129.0
453.0,131.0,153.0,128.0
451.0,139.0,152.0,128.0
451.0,139.0,152.0,128.0
447.0,145.0,151.0,127.0
448.0,145.0,152.0,128.0
463.0,137.0,153.0,129.0
477.0,132.0,154.0,129.0
490.0,125.0,155.0,130.0
490.0,125.0,155.0,130.0
504.0,117.0,156.0,131.0
517.0,109.0,156.0,131.0
541.0,97.0,155.0,130.0
548.0,93.0,154.0,129.0
553.0,93.0,153.0,129.0
553.0,93.0,153.0,129.0
560.0,96.0,152.0,128.0
566.0,99.0,152.0,128.0
569.0,112.0,150.0,126.0
562.0,119.0,151.0,127.0
554.0,127.0,152.0,128.0
554.0,127.0,152.0,128.0
543.0,133.0,154.0,129.0
530.0,140.0,155.0,130.0
497.0,154.0,159.0,134.0
479.0,161.0,160.0,135.0
465.0,170.0,161.0,135.0
465.0,170.0,161.0,135.0
449.0,180.0,161.0,135.0
434.0,189.0,161.0,135.0
404.0,198.0,163.0,137.0
389.0,199.0,165.0,139.0
372.0,199.0,168.0,142.0
372.0,199.0,168.0,142.0
359.0,199.0,168.0,142.0
344.0,199.0,168.0,141.0
323.0,200.0,169.0,142.0
315.0,202.0,169.0,142.0
311.0,205.0,169.0,142.0
311.0,205.0,169.0,142.0
310.0,205.0,168.0,142.0
311.0,203.0,169.0,142.0
316.0,203.0,169.0,142.0
317.0,206.0,168.0,141.0
317.0,210.0,169.0,142.0
317.0,210.0,169.0,142.0
318.0,214.0,168.0,141.0
321.0,217.0,169.0,142.0
326.0,226.0,168.0,142.0
329.0,234.0,164.0,138.0
335.0,242.0,160.0,134.0
335.0,242.0,160.0,134.0
348.0,248.0,154.0,129.0
359.0,250.0,150.0,126.0
365.0,246.0,154.0,130.0
368.0,241.0,156.0,132.0
373.0,236.0,157.0,132.0
373.0,236.0,157.0,132.0
378.0,231.0,158.0,133.0
382.0,225.0,157.0,132.0
385.0,213.0,160.0,135.0
384.0,210.0,163.0,137.0
383.0,208.0,164.0,138.0
383.0,208.0,164.0,138.0
386.0,208.0,165.0,138.0
392.0,209.0,162.0,136.0
392.0,209.0,162.0,136.0
392.0,209.0,162.0,136.0
392.0,209.0,162.0,136.0
392.0,209.0,162.0,136.0
392.0,209.0,162.0,136.0
457.0,198.0,157.0,119.0
484.0,193.0,153.0,116.0
492.0,190.0,156.0,118.0
503.0,189.0,156.0,118.0
503.0,189.0,156.0,118.0
517.0,187.0,156.0,118.0
533.0,185.0,153.0,116.0
553.0,180.0,149.0,113.0
557.0,175.0,149.0,113.0
558.0,170.0,152.0,115.0
558.0,170.0,151.0,115.0
560.0,166.0,153.0,116.0
558.0,163.0,154.0,117.0
551.0,163.0,157.0,119.0
541.0,168.0,158.0,120.0
535.0,170.0,159.0,120.0
535.0,170.0,159.0,120.0
524.0,173.0,163.0,123.0
513.0,180.0,165.0,125.0
497.0,193.0,173.0,131.0
492.0,198.0,175.0,133.0
484.0,204.0,176.0,134.0
484.0,204.0,176.0,134.0
480.0,209.0,176.0,133.0
480.0,214.0,175.0,132.0
471.0,220.0,175.0,133.0
469.0,219.0,178.0,135.0
466.0,218.0,179.0,136.0
466.0,218.0,179.0,136.0
457.0,221.0,178.0,135.0
452.0,225.0,173.0,131.0
444.0,236.0,171.0,130.0
428.0,255.0,172.0,130.0
428.0,255.0,172.0,130.0
428.0,255.0,172.0,130.0
416.0,271.0,163.0,124.0
407.0,273.0,163.0,123.0
406.0,225.0,130.0,167.0
397.0,223.0,129.0,166.0
386.0,222.0,128.0,165.0
386.0,222.0,128.0,165.0
372.0,221.0,128.0,165.0
360.0,221.0,127.0,164.0
348.0,225.0,125.0,160.0
347.0,226.0,124.0,160.0
346.0,228.0,124.0,159.0
346.0,228.0,124.0,159.0
346.0,230.0,123.0,159.0
349.0,234.0,122.0,157.0
355.0,234.0,120.0,154.0
357.0,231.0,120.0,154.0
361.0,225.0,120.0,154.0
361.0,225.0,120.0,154.0
366.0,215.0,122.0,157.0
372.0,207.0,124.0,159.0
386.0,193.0,125.0,161.0
392.0,185.0,126.0,162.0
399.0,179.0,126.0,162.0
399.0,179.0,126.0,162.0
405.0,175.0,127.0,164.0
410.0,173.0,126.0,162.0
415.0,167.0,126.0,161.0
414.0,164.0,125.0,161.0
383.0,176.0,169.0,149.0
383.0,176.0,169.0,149.0
383.0,174.0,168.0,148.0
385.0,169.0,169.0,149.0
392.0,163.0,169.0,149.0
395.0,159.0,170.0,150.0
398.0,156.0,170.0,150.0
398.0,156.0,170.0,150.0
397.0,155.0,170.0,150.0
395.0,159.0,170.0,150.0
379.0,170.0,171.0,151.0
376.0,186.0,164.0,145.0
360.0,194.0,164.0,145.0
360.0,194.0,164.0,145.0
357.0,212.0,156.0,138.0
342.0,221.0,157.0,138.0
328.0,232.0,159.0,140.0
336.0,240.0,152.0,134.0
332.0,243.0,151.0,133.0
332.0,243.0,151.0,133.0
330.0,245.0,149.0,132.0
327.0,245.0,148.0,131.0
327.0,241.0,149.0,131.0
327.0,240.0,149.0,132.0
330.0,239.0,150.0,132.0
330.0,239.0,150.0,132.0
337.0,239.0,150.0,133.0
353.0,243.0,146.0,128.0
373.0,248.0,140.0,124.0
424.0,228.0,105.0,137.0
428.0,225.0,106.0,138.0
428.0,225.0,106.0,138.0
438.0,223.0,105.0,137.0
446.0,220.0,105.0,137.0
454.0,213.0,105.0,137.0
467.0,197.0,105.0,137.0
478.0,188.0,104.0,136.0
478.0,188.0,104.0,136.0
488.0,182.0,101.0,132.0
497.0,177.0,101.0,132.0
509.0,173.0,100.0,130.0
535.0,172.0,98.0,128.0
545.0,173.0,97.0,127.0
545.0,173.0,97.0,127.0
556.0,174.0,97.0,127.0
565.0,175.0,97.0,127.0
579.0,176.0,96.0,126.0
594.0,181.0,105.0,137.0
597.0,183.0,106.0,139.0
597.0,183.0,106.0,139.0
599.0,183.0,109.0,143.0
605.0,185.0,100.0,131.0
602.0,191.0,84.0,109.0
607.0,189.0,85.0,111.0
607.0,189.0,85.0,111.0
607.0,189.0,85.0,111.0
0
0
0
0
0
0
0
0
0
0
0
0
0
0
0
0
0
0
0
0
637.0,202.0,80.0,81.0
654.0,204.0,80.0,81.0
662.0,207.0,79.0,80.0
661.0,205.0,81.0,82.0
667.0,208.0,79.0,80.0
674.0,210.0,80.0,81.0
683.0,213.0,79.0,80.0
704.0,217.0,77.0,78.0
711.0,217.0,79.0,80.0
711.0,217.0,79.0,80.0
720.0,217.0,80.0,81.0
729.0,215.0,81.0,82.0
736.0,215.0,81.0,82.0
744.0,215.0,82.0,83.0
745.0,215.0,82.0,83.0
745.0,215.0,82.0,83.0
746.0,215.0,82.0,83.0
745.0,215.0,83.0,84.0
743.0,217.0,79.0,80.0
722.0,222.0,71.0,72.0
701.0,215.0,74.0,75.0
701.0,215.0,74.0,75.0
683.0,214.0,75.0,76.0
671.0,214.0,75.0,76.0
662.0,213.0,76.0,77.0
626.0,240.0,107.0,65.0
622.0,241.0,106.0,64.0
622.0,241.0,106.0,64.0
624.0,241.0,110.0,67.0
627.0,242.0,113.0,69.0
633.0,244.0,114.0,69.0
640.0,246.0,116.0,70.0
643.0,246.0,117.0,71.0
643.0,246.0,117.0,71.0
643.0,246.0,117.0,71.0
643.0,246.0,117.0,71.0
643.0,246.0,117.0,71.0
643.0,246.0,117.0,71.0
697.0,233.0,108.0,82.0
697.0,233.0,108.0,82.0
706.0,211.0,108.0,82.0
713.0,190.0,109.0,83.0
721.0,173.0,113.0,86.0
746.0,173.0,107.0,81.0
761.0,191.0,93.0,71.0
761.0,191.0,93.0,71.0
773.0,199.0,98.0,74.0
775.0,197.0,104.0,79.0
784.0,187.0,119.0,75.0
808.0,166.0,118.0,74.0
822.0,161.0,122.0,77.0
822.0,161.0,122.0,77.0
841.0,155.0,126.0,79.0
861.0,149.0,130.0,82.0
885.0,151.0,132.0,83.0
940.0,181.0,119.0,75.0
940.0,181.0,119.0,75.0
965.0,184.0,114.0,79.0
980.0,196.0,115.0,80.0
994.0,209.0,115.0,79.0
1005.0,215.0,116.0,80.0
1031.0,221.0,116.0,80.0
1034.0,217.0,114.0,79.0
1034.0,217.0,114.0,79.0
1033.0,210.0,109.0,76.0
1029.0,195.0,113.0,78.0
1025.0,183.0,112.0,78.0
1002.0,170.0,98.0,68.0
985.0,162.0,117.0,78.0
985.0,162.0,117.0,78.0
968.0,157.0,115.0,76.0
952.0,151.0,119.0,79.0
940.0,149.0,122.0,81.0
930.0,152.0,126.0,84.0
931.0,152.0,131.0,87.0
931.0,152.0,131.0,87.0
935.0,155.0,115.0,78.0
943.0,159.0,116.0,79.0
955.0,163.0,116.0,79.0
981.0,173.0,108.0,73.0
987.0,170.0,106.0,72.0
987.0,170.0,106.0,72.0
987.0,163.0,108.0,73.0
985.0,154.0,110.0,74.0
985.0,144.0,110.0,75.0
980.0,120.0,109.0,74.0
978.0,110.0,109.0,74.0
978.0,110.0,109.0,74.0
976.0,104.0,104.0,70.0
971.0,97.0,101.0,69.0
966.0,94.0,100.0,68.0
962.0,95.0,115.0,73.0
963.0,100.0,115.0,73.0
963.0,100.0,115.0,73.0
969.0,105.0,114.0,73.0
974.0,112.0,111.0,70.0
980.0,121.0,105.0,67.0
997.0,130.0,98.0,62.0
1005.0,135.0,88.0,56.0
1005.0,135.0,88.0,56.0
1010.0,138.0,92.0,58.0
1036.0,135.0,69.0,52.0
1030.0,132.0,71.0,54.0
1020.0,127.0,60.0,46.0
989.0,118.0,91.0,70.0
989.0,118.0,91.0,70.0
971.0,111.0,96.0,74.0
946.0,105.0,94.0,73.0
923.0,101.0,102.0,79.0
880.0,88.0,117.0,90.0
877.0,116.0,99.0,61.0
877.0,116.0,99.0,61.0
860.0,117.0,100.0,61.0
847.0,114.0,110.0,68.0
838.0,114.0,115.0,71.0
840.0,137.0,117.0,70.0
835.0,137.0,121.0,72.0
835.0,137.0,121.0,72.0
838.0,135.0,101.0,69.0
835.0,139.0,96.0,71.0
840.0,132.0,111.0,66.0
855.0,128.0,89.0,76.0
856.0,128.0,89.0,76.0
856.0,128.0,124.0,88.0
856.0,128.0,139.0,92.0
857.0,130.0,138.0,91.0
875.0,135.0,123.0,91.0
877.0,133.0,122.0,90.0
881.0,131.0,119.0,88.0
881.0,132.0,119.0,88.0
882.0,129.0,119.0,88.0
884.0,125.0,117.0,86.0
885.0,126.0,115.0,85.0
886.0,123.0,116.0,86.0
882.0,121.0,119.0,88.0
883.0,121.0,117.0,87.0
881.0,120.0,119.0,88.0
880.0,118.0,121.0,89.0
878.0,117.0,121.0,90.0
875.0,114.0,120.0,89.0
872.0,112.0,122.0,90.0
871.0,113.0,125.0,92.0
869.0,111.0,124.0,92.0
867.0,111.0,124.0,92.0
857.0,111.0,133.0,98.0
852.0,110.0,133.0,98.0
848.0,110.0,135.0,100.0
848.0,110.0,135.0,100.0
845.0,109.0,134.0,99.0
842.0,109.0,105.0,96.0
838.0,108.0,102.0,95.0
811.0,126.0,120.0,80.0
810.0,126.0,120.0,80.0
810.0,126.0,120.0,80.0
793.0,127.0,104.0,75.0
794.0,128.0,104.0,75.0
780.0,125.0,106.0,75.0
769.0,119.0,100.0,72.0
0
0
0
0
0
0
0
0
0
0
0
0
0
0
0
0
0
0
854.0,115.0,103.0,74.0
854.0,115.0,103.0,74.0
854.0,118.0,104.0,75.0
855.0,122.0,104.0,75.0
854.0,126.0,105.0,75.0
849.0,128.0,104.0,75.0
840.0,129.0,104.0,75.0
840.0,129.0,104.0,75.0
840.0,130.0,104.0,75.0
840.0,133.0,104.0,75.0
811.0,149.0,111.0,70.0
809.0,152.0,114.0,72.0
807.0,150.0,117.0,74.0
807.0,150.0,117.0,74.0
807.0,149.0,116.0,73.0
807.0,150.0,116.0,73.0
808.0,149.0,113.0,71.0
806.0,149.0,113.0,71.0
795.0,148.0,112.0,70.0
795.0,148.0,112.0,70.0
791.0,147.0,110.0,69.0
788.0,148.0,109.0,69.0
787.0,148.0,110.0,69.0
786.0,150.0,108.0,68.0
787.0,153.0,107.0,68.0
787.0,153.0,107.0,68.0
788.0,155.0,106.0,67.0
788.0,155.0,106.0,67.0
786.0,155.0,107.0,67.0
784.0,154.0,107.0,67.0
778.0,155.0,109.0,69.0
778.0,155.0,109.0,69.0
778.0,158.0,110.0,69.0
778.0,161.0,110.0,69.0
778.0,162.0,111.0,70.0
777.0,164.0,113.0,71.0
776.0,166.0,115.0,73.0
776.0,166.0,115.0,73.0
778.0,168.0,116.0,73.0
781.0,170.0,116.0,73.0
784.0,172.0,116.0,73.0
785.0,173.0,118.0,74.0
786.0,175.0,120.0,76.0
786.0,175.0,120.0,76.0
786.0,175.0,120.0,76.0
783.0,176.0,119.0,75.0
779.0,176.0,117.0,74.0
774.0,177.0,117.0,74.0
768.0,180.0,116.0,73.0
768.0,180.0,116.0,73.0
768.0,182.0,116.0,73.0
768.0,184.0,117.0,74.0
768.0,186.0,118.0,74.0
764.0,188.0,121.0,76.0
752.0,194.0,119.0,75.0
752.0,194.0,119.0,75.0
744.0,195.0,119.0,75.0
736.0,196.0,119.0,75.0
725.0,197.0,119.0,75.0
714.0,199.0,119.0,75.0
692.0,206.0,119.0,75.0
692.0,206.0,119.0,75.0
683.0,204.0,117.0,74.0
669.0,187.0,116.0,73.0
651.0,160.0,118.0,75.0
636.0,134.0,117.0,74.0
607.0,101.0,104.0,66.0
607.0,101.0,104.0,66.0
600.0,92.0,99.0,63.0
602.0,87.0,93.0,59.0
607.0,81.0,94.0,59.0
614.0,78.0,96.0,60.0
633.0,84.0,96.0,61.0
633.0,84.0,96.0,61.0
639.0,91.0,97.0,61.0
640.0,98.0,97.0,81.0
639.0,107.0,97.0,81.0
637.0,115.0,98.0,82.0
626.0,129.0,99.0,82.0
626.0,129.0,99.0,82.0
618.0,136.0,99.0,82.0
608.0,143.0,99.0,82.0
598.0,149.0,98.0,82.0
588.0,154.0,98.0,82.0
558.0,162.0,97.0,81.0
558.0,162.0,97.0,81.0
542.0,165.0,97.0,81.0
521.0,166.0,96.0,80.0
500.0,168.0,95.0,79.0
480.0,169.0,94.0,79.0
443.0,169.0,84.0,70.0
443.0,169.0,84.0,70.0
417.0,163.0,83.0,69.0
390.0,162.0,79.0,66.0
358.0,163.0,86.0,72.0
321.0,171.0,116.0,68.0
282.0,190.0,129.0,76.0
282.0,190.0,129.0,76.0
274.0,199.0,122.0,71.0
253.0,193.0,131.0,79.0
239.0,193.0,135.0,81.0
227.0,195.0,127.0,77.0
202.0,199.0,121.0,73.0
202.0,199.0,121.0,73.0
189.0,202.0,120.0,72.0
179.0,204.0,120.0,72.0
171.0,204.0,119.0,72.0
167.0,197.0,119.0,72.0
171.0,178.0,118.0,71.0
171.0,178.0,118.0,71.0
166.0,177.0,117.0,70.0
163.0,181.0,118.0,71.0
161.0,188.0,118.0,71.0
165.0,198.0,120.0,72.0
194.0,220.0,121.0,73.0
194.0,220.0,121.0,73.0
211.0,223.0,119.0,72.0
218.0,222.0,120.0,72.0
226.0,220.0,118.0,71.0
230.0,218.0,117.0,71.0
204.0,213.0,116.0,70.0
204.0,213.0,116.0,70.0
192.0,214.0,113.0,68.0
176.0,216.0,113.0,68.0
162.0,224.0,113.0,68.0
156.0,237.0,108.0,65.0
139.0,261.0,112.0,68.0
139.0,261.0,112.0,68.0
135.0,277.0,113.0,68.0
133.0,301.0,104.0,63.0
150.0,293.0,79.0,109.0
143.0,324.0,58.0,110.0
0
0
0
0
0
0
0
0
0
0
0
0
0
0
0
0
0
0
0
0
0
0
349.0,483.0,73.0,106.0
362.0,477.0,73.0,106.0
372.0,462.0,76.0,110.0
372.0,462.0,76.0,110.0
372.0,458.0,76.0,111.0
379.0,456.0,70.0,102.0
386.0,451.0,71.0,103.0
393.0,445.0,71.0,103.0
400.0,435.0,70.0,102.0
400.0,435.0,70.0,102.0
400.0,429.0,69.0,101.0
400.0,421.0,69.0,100.0
400.0,414.0,70.0,101.0
402.0,408.0,69.0,101.0
414.0,399.0,68.0,99.0
414.0,399.0,68.0,99.0
419.0,390.0,68.0,98.0
423.0,382.0,65.0,95.0
419.0,374.0,65.0,94.0
413.0,379.0,58.0,84.0
411.0,377.0,57.0,82.0
411.0,377.0,56.0,82.0
402.0,378.0,57.0,83.0
400.0,379.0,57.0,83.0
402.0,382.0,57.0,82.0
402.0,383.0,57.0,83.0
398.0,385.0,58.0,85.0
396.0,367.0,76.0,116.0
386.0,373.0,74.0,114.0
381.0,374.0,75.0,114.0
376.0,375.0,74.0,114.0
372.0,376.0,74.0,113.0
368.0,376.0,74.0,113.0
368.0,376.0,74.0,113.0
357.0,374.0,76.0,116.0
351.0,372.0,77.0,118.0
343.0,369.0,79.0,120.0
337.0,368.0,80.0,121.0
332.0,368.0,80.0,122.0
332.0,368.0,80.0,122.0
321.0,369.0,80.0,122.0
317.0,370.0,79.0,121.0
314.0,371.0,79.0,121.0
313.0,371.0,80.0,122.0
312.0,373.0,78.0,119.0
312.0,373.0,78.0,119.0
308.0,371.0,78.0,119.0
308.0,371.0,78.0,119.0
308.0,371.0,78.0,119.0
307.0,370.0,77.0,118.0
307.0,370.0,75.0,115.0
307.0,370.0,75.0,115.0
306.0,369.0,74.0,114.0
307.0,368.0,73.0,112.0
311.0,362.0,72.0,111.0
314.0,352.0,74.0,114.0
319.0,338.0,76.0,117.0
319.0,338.0,76.0,117.0
334.0,304.0,83.0,126.0
343.0,295.0,81.0,123.0
340.0,277.0,92.0,140.0
353.0,270.0,89.0,136.0
362.0,260.0,90.0,137.0
362.0,260.0,90.0,137.0
394.0,244.0,85.0,129.0
414.0,241.0,78.0,119.0
414.0,241.0,78.0,119.0
414.0,194.0,77.0,99.0
425.0,183.0,79.0,101.0
425.0,183.0,79.0,101.0
