708.0,58.0,31.0,108.0
708.0,58.0,31.0,108.0
708.0,58.0,31.0,108.0
708.0,58.0,31.0,108.0
708.0,57.0,33.0,109.0
708.0,56.0,35.0,111.0
708.0,55.0,37.0,112.0
708.0,54.0,37.0,112.0
708.0,54.0,38.0,113.0
708.0,53.0,38.0,113.0
708.0,52.0,39.0,113.0
708.0,50.0,40.0,113.0
708.0,49.0,41.0,113.0
709.0,48.0,41.0,112.0
710.0,47.0,40.0,111.0
711.0,46.0,40.0,110.0
712.0,45.0,40.0,110.0
712.0,43.0,39.0,111.0
713.0,42.0,39.0,111.0
712.0,40.0,40.0,115.0
712.0,37.0,42.0,119.0
711.0,35.0,43.0,123.0
712.0,35.0,43.0,123.0
712.0,35.0,44.0,123.0
713.0,35.0,44.0,123.0
713.0,34.0,43.0,122.0
713.0,34.0,43.0,122.0
713.0,33.0,42.0,121.0
713.0,33.0,42.0,119.0
713.0,32.0,41.0,117.0
713.0,32.0,41.0,115.0
713.0,31.0,42.0,115.0
713.0,29.0,43.0,116.0
713.0,28.0,44.0,116.0
713.0,26.0,45.0,118.0
713.0,24.0,45.0,121.0
713.0,22.0,46.0,123.0
713.0,21.0,47.0,124.0
713.0,19.0,47.0,125.0
713.0,18.0,48.0,126.0
715.0,18.0,46.0,123.0
716.0,18.0,45.0,121.0
718.0,18.0,43.0,118.0
718.0,19.0,44.0,115.0
718.0,20.0,44.0,113.0
718.0,21.0,45.0,110.0
719.0,19.0,45.0,113.0
720.0,18.0,45.0,115.0
721.0,16.0,45.0,118.0
722.0,15.0,45.0,119.0
723.0,14.0,46.0,120.0
724.0,13.0,46.0,121.0
724.0,14.0,46.0,120.0
724.0,15.0,46.0,119.0
724.0,16.0,46.0,118.0
725.0,18.0,44.0,116.0
727.0,20.0,42.0,115.0
728.0,22.0,40.0,113.0
727.0,20.0,41.0,115.0
727.0,19.0,41.0,116.0
726.0,17.0,42.0,118.0
723.0,17.0,42.0,120.0
721.0,17.0,42.0,121.0
718.0,17.0,42.0,123.0
714.0,19.0,40.0,121.0
710.0,21.0,38.0,118.0
706.0,23.0,36.0,116.0
700.0,25.0,38.0,114.0
693.0,28.0,40.0,111.0
687.0,30.0,42.0,109.0
682.0,29.0,42.0,111.0
676.0,28.0,42.0,113.0
671.0,27.0,42.0,115.0
665.0,27.0,42.0,117.0
659.0,27.0,42.0,120.0
653.0,27.0,42.0,122.0
645.0,29.0,42.0,122.0
638.0,31.0,42.0,122.0
630.0,33.0,42.0,122.0
624.0,36.0,42.0,116.0
619.0,40.0,42.0,111.0
613.0,43.0,42.0,105.0
608.0,43.0,43.0,109.0
603.0,43.0,44.0,114.0
598.0,43.0,45.0,118.0
595.0,45.0,45.0,120.0
593.0,46.0,45.0,121.0
590.0,48.0,45.0,123.0
590.0,49.0,43.0,121.0
590.0,51.0,41.0,120.0
590.0,52.0,39.0,118.0
590.0,54.0,39.0,116.0
590.0,57.0,39.0,113.0
590.0,59.0,39.0,111.0
590.0,58.0,40.0,112.0
590.0,56.0,41.0,114.0
590.0,55.0,42.0,115.0
590.0,55.0,42.0,118.0
590.0,55.0,43.0,121.0
590.0,55.0,43.0,124.0
590.0,58.0,43.0,121.0
590.0,62.0,43.0,117.0
590.0,65.0,43.0,114.0
590.0,66.0,43.0,113.0
590.0,67.0,43.0,112.0
590.0,68.0,43.0,111.0
590.0,67.0,43.0,112.0
590.0,67.0,43.0,112.0
590.0,66.0,43.0,113.0
590.0,66.0,44.0,117.0
590.0,66.0,45.0,121.0
590.0,66.0,46.0,125.0
590.0,68.0,46.0,123.0
590.0,70.0,46.0,121.0
590.0,72.0,46.0,119.0
591.0,73.0,45.0,117.0
593.0,74.0,43.0,114.0
594.0,75.0,42.0,112.0
594.0,74.0,42.0,116.0
594.0,72.0,42.0,120.0
594.0,71.0,42.0,124.0
594.0,71.0,42.0,124.0
593.0,70.0,43.0,125.0
593.0,70.0,43.0,125.0
593.0,71.0,43.0,123.0
593.0,71.0,43.0,122.0
593.0,72.0,43.0,120.0
593.0,72.0,43.0,120.0
593.0,73.0,43.0,119.0
593.0,73.0,43.0,119.0
593.0,72.0,45.0,120.0
593.0,70.0,47.0,121.0
593.0,69.0,49.0,122.0
593.0,69.0,48.0,122.0
592.0,68.0,46.0,123.0
592.0,68.0,45.0,123.0
592.0,68.0,44.0,121.0
592.0,68.0,43.0,119.0
592.0,68.0,42.0,117.0
592.0,68.0,42.0,117.0
592.0,68.0,42.0,117.0
592.0,68.0,42.0,117.0
592.0,65.0,41.0,121.0
592.0,61.0,40.0,125.0
592.0,58.0,39.0,129.0
590.0,58.0,41.0,128.0
589.0,58.0,42.0,127.0
587.0,58.0,44.0,126.0
586.0,58.0,43.0,124.0
585.0,58.0,43.0,123.0
584.0,58.0,42.0,121.0
582.0,57.0,44.0,122.0
581.0,56.0,45.0,123.0
579.0,55.0,47.0,124.0
579.0,54.0,47.0,125.0
579.0,52.0,47.0,127.0
579.0,51.0,47.0,128.0
579.0,51.0,45.0,121.0
579.0,50.0,44.0,113.0
579.0,50.0,42.0,106.0
577.0,50.0,42.0,111.0
575.0,51.0,43.0,117.0
573.0,51.0,43.0,122.0
572.0,48.0,43.0,124.0
570.0,46.0,44.0,127.0
569.0,43.0,44.0,129.0
567.0,43.0,43.0,125.0
566.0,43.0,43.0,121.0
564.0,43.0,42.0,117.0
562.0,43.0,42.0,115.0
560.0,43.0,43.0,113.0
558.0,43.0,43.0,111.0
555.0,40.0,48.0,116.0
552.0,38.0,52.0,121.0
549.0,35.0,57.0,126.0
547.0,35.0,57.0,125.0
545.0,34.0,58.0,125.0
543.0,34.0,58.0,124.0
543.0,34.0,55.0,118.0
543.0,34.0,52.0,113.0
543.0,34.0,49.0,107.0
540.0,34.0,48.0,109.0
538.0,34.0,46.0,110.0
535.0,34.0,45.0,112.0
532.0,32.0,47.0,115.0
530.0,31.0,50.0,118.0
527.0,29.0,52.0,121.0
524.0,29.0,52.0,120.0
521.0,29.0,53.0,120.0
518.0,29.0,53.0,119.0
515.0,30.0,52.0,116.0
511.0,32.0,52.0,112.0
508.0,33.0,51.0,109.0
505.0,32.0,51.0,112.0
502.0,31.0,51.0,114.0
499.0,30.0,51.0,117.0
495.0,30.0,53.0,119.0
490.0,29.0,55.0,120.0
486.0,29.0,57.0,122.0
483.0,30.0,56.0,121.0
480.0,30.0,56.0,120.0
477.0,31.0,55.0,119.0
475.0,33.0,51.0,117.0
472.0,34.0,47.0,116.0
470.0,36.0,43.0,114.0
467.0,36.0,45.0,116.0
464.0,36.0,46.0,117.0
461.0,36.0,48.0,119.0
461.0,36.0,49.0,119.0
462.0,36.0,51.0,119.0
462.0,36.0,52.0,119.0
469.0,36.0,51.0,117.0
476.0,36.0,49.0,116.0
483.0,36.0,48.0,114.0
492.0,35.0,49.0,116.0
501.0,35.0,50.0,118.0
510.0,34.0,51.0,120.0
523.0,31.0,53.0,123.0
535.0,28.0,54.0,127.0
548.0,25.0,56.0,130.0
567.0,24.0,54.0,131.0
585.0,24.0,53.0,133.0
604.0,23.0,51.0,134.0
625.0,26.0,49.0,129.0
647.0,30.0,48.0,123.0
668.0,33.0,46.0,118.0
688.0,33.0,45.0,121.0
708.0,33.0,43.0,123.0
728.0,33.0,42.0,126.0
743.0,34.0,42.0,129.0
759.0,35.0,41.0,132.0
774.0,36.0,41.0,135.0
786.0,39.0,42.0,133.0
799.0,43.0,42.0,130.0
811.0,46.0,43.0,128.0
817.0,48.0,43.0,125.0
823.0,49.0,43.0,123.0
829.0,51.0,43.0,120.0
830.0,51.0,47.0,122.0
832.0,51.0,50.0,123.0
833.0,51.0,54.0,125.0
832.0,51.0,54.0,127.0
830.0,50.0,53.0,129.0
829.0,50.0,53.0,131.0
826.0,51.0,54.0,126.0
822.0,53.0,55.0,122.0
819.0,54.0,56.0,117.0
819.0,55.0,52.0,120.0
818.0,57.0,49.0,124.0
818.0,58.0,45.0,127.0
815.0,58.0,45.0,131.0
813.0,58.0,44.0,135.0
810.0,58.0,44.0,139.0
808.0,59.0,43.0,134.0
805.0,61.0,43.0,128.0
803.0,62.0,42.0,123.0
796.0,63.0,44.0,123.0
788.0,63.0,46.0,122.0
781.0,64.0,48.0,122.0
775.0,63.0,51.0,126.0
769.0,62.0,54.0,129.0
763.0,61.0,57.0,133.0
759.0,60.0,56.0,133.0
754.0,60.0,54.0,132.0
750.0,59.0,53.0,132.0
747.0,62.0,53.0,126.0
743.0,65.0,54.0,119.0
740.0,68.0,54.0,113.0
736.0,68.0,53.0,117.0
732.0,68.0,51.0,120.0
728.0,68.0,50.0,124.0
725.0,68.0,48.0,124.0
722.0,68.0,45.0,125.0
719.0,68.0,43.0,125.0
714.0,70.0,44.0,120.0
710.0,71.0,44.0,116.0
705.0,73.0,45.0,111.0
698.0,73.0,49.0,113.0
690.0,73.0,54.0,114.0
683.0,73.0,58.0,116.0
678.0,73.0,58.0,118.0
673.0,74.0,59.0,120.0
668.0,74.0,59.0,122.0
664.0,77.0,59.0,116.0
661.0,80.0,58.0,110.0
657.0,83.0,58.0,104.0
652.0,87.0,55.0,99.0
647.0,90.0,53.0,93.0
642.0,94.0,50.0,88.0
635.0,96.0,57.0,89.0
628.0,99.0,64.0,91.0
621.0,101.0,71.0,92.0
616.0,103.0,74.0,91.0
610.0,106.0,76.0,89.0
605.0,108.0,79.0,88.0
602.0,111.0,75.0,83.0
600.0,115.0,72.0,77.0
597.0,118.0,68.0,72.0
593.0,121.0,69.0,74.0
589.0,125.0,69.0,77.0
585.0,128.0,70.0,79.0
583.0,133.0,69.0,76.0
582.0,137.0,68.0,73.0
580.0,142.0,67.0,70.0
580.0,147.0,67.0,67.0
580.0,153.0,67.0,65.0
580.0,158.0,67.0,62.0
578.0,162.0,73.0,63.0
577.0,166.0,79.0,63.0
575.0,170.0,85.0,64.0
581.0,177.0,83.0,64.0
587.0,183.0,80.0,63.0
593.0,190.0,78.0,63.0
597.0,195.0,71.0,63.0
601.0,201.0,65.0,63.0
605.0,206.0,58.0,63.0
611.0,212.0,65.0,65.0
618.0,217.0,71.0,66.0
624.0,223.0,78.0,68.0
632.0,231.0,79.0,71.0
639.0,240.0,80.0,73.0
647.0,248.0,81.0,76.0
655.0,258.0,73.0,75.0
664.0,268.0,66.0,75.0
672.0,278.0,58.0,74.0
676.0,286.0,64.0,78.0
681.0,295.0,71.0,83.0
685.0,303.0,77.0,87.0
689.0,314.0,85.0,90.0
692.0,324.0,92.0,93.0
696.0,335.0,100.0,96.0
704.0,345.0,94.0,96.0
711.0,355.0,87.0,96.0
719.0,365.0,81.0,96.0
721.0,372.0,78.0,98.0
723.0,379.0,75.0,101.0
725.0,386.0,72.0,103.0
727.0,390.0,81.0,109.0
730.0,395.0,90.0,115.0
732.0,399.0,99.0,121.0
736.0,403.0,101.0,123.0
740.0,407.0,103.0,125.0
744.0,411.0,105.0,127.0
758.0,417.0,89.0,127.0
772.0,422.0,74.0,126.0
786.0,428.0,58.0,126.0
795.0,430.0,59.0,132.0
805.0,432.0,59.0,137.0
814.0,434.0,60.0,143.0
825.0,437.0,70.0,149.0
835.0,439.0,79.0,156.0
846.0,442.0,89.0,162.0
867.0,447.0,85.0,158.0
888.0,452.0,82.0,154.0
909.0,457.0,78.0,150.0
936.0,463.0,76.0,145.0
963.0,469.0,73.0,141.0
990.0,475.0,71.0,136.0
1013.0,479.0,74.0,145.0
1036.0,482.0,76.0,155.0
1059.0,486.0,79.0,164.0
1074.0,489.0,81.0,165.0
1090.0,493.0,82.0,166.0
1105.0,496.0,84.0,167.0
1115.0,498.0,83.0,161.0
1126.0,500.0,82.0,154.0
1136.0,502.0,81.0,148.0
1142.0,503.0,83.0,144.0
1147.0,504.0,84.0,139.0
1153.0,505.0,86.0,135.0
1156.0,501.0,88.0,141.0
1158.0,497.0,89.0,147.0
1161.0,493.0,91.0,153.0
1157.0,487.0,88.0,152.0
1152.0,482.0,84.0,152.0
1148.0,476.0,81.0,151.0
1141.0,470.0,79.0,146.0
1133.0,464.0,77.0,142.0
1126.0,458.0,75.0,137.0
1112.0,448.0,76.0,135.0
1099.0,439.0,76.0,133.0
1085.0,429.0,77.0,131.0
1062.0,414.0,75.0,135.0
1039.0,399.0,74.0,138.0
1016.0,384.0,72.0,142.0
991.0,372.0,68.0,141.0
966.0,359.0,65.0,139.0
941.0,347.0,61.0,138.0
915.0,339.0,59.0,131.0
890.0,332.0,57.0,124.0
864.0,324.0,55.0,117.0
844.0,316.0,52.0,120.0
824.0,309.0,49.0,124.0
804.0,301.0,46.0,127.0
787.0,296.0,45.0,128.0
770.0,290.0,45.0,128.0
753.0,285.0,44.0,129.0
739.0,283.0,43.0,128.0
725.0,280.0,43.0,128.0
711.0,278.0,42.0,127.0
699.0,277.0,43.0,121.0
687.0,276.0,45.0,116.0
675.0,275.0,46.0,110.0
668.0,274.0,47.0,114.0
660.0,272.0,49.0,118.0
653.0,271.0,50.0,122.0
648.0,269.0,48.0,125.0
643.0,266.0,46.0,128.0
638.0,264.0,44.0,131.0
633.0,264.0,46.0,128.0
627.0,263.0,48.0,124.0
622.0,263.0,50.0,121.0
620.0,264.0,47.0,117.0
617.0,266.0,44.0,113.0
615.0,267.0,41.0,109.0
609.0,267.0,43.0,113.0
604.0,266.0,45.0,117.0
598.0,266.0,47.0,121.0
593.0,265.0,47.0,126.0
589.0,265.0,48.0,131.0
584.0,264.0,48.0,136.0
579.0,266.0,47.0,130.0
575.0,269.0,47.0,124.0
570.0,271.0,46.0,118.0
564.0,273.0,46.0,117.0
559.0,275.0,47.0,116.0
553.0,277.0,47.0,115.0
548.0,277.0,46.0,120.0
544.0,278.0,46.0,126.0
539.0,278.0,45.0,131.0
535.0,279.0,45.0,130.0
530.0,280.0,44.0,128.0
526.0,281.0,44.0,127.0
522.0,284.0,45.0,123.0
517.0,286.0,45.0,119.0
513.0,289.0,46.0,115.0
508.0,292.0,47.0,116.0
503.0,294.0,47.0,117.0
498.0,297.0,48.0,118.0
493.0,296.0,48.0,123.0
487.0,296.0,49.0,128.0
482.0,295.0,49.0,133.0
477.0,297.0,50.0,130.0
471.0,299.0,51.0,126.0
466.0,301.0,52.0,123.0
463.0,303.0,53.0,122.0
459.0,304.0,55.0,121.0
456.0,306.0,56.0,120.0
458.0,304.0,55.0,125.0
461.0,302.0,53.0,131.0
463.0,300.0,52.0,136.0
469.0,298.0,51.0,132.0
476.0,297.0,50.0,128.0
482.0,295.0,49.0,124.0
487.0,293.0,51.0,125.0
492.0,292.0,52.0,127.0
497.0,290.0,54.0,128.0
501.0,288.0,57.0,131.0
504.0,285.0,60.0,134.0
508.0,283.0,63.0,137.0
515.0,281.0,59.0,130.0
522.0,279.0,56.0,124.0
529.0,277.0,52.0,117.0
535.0,277.0,50.0,119.0
540.0,276.0,49.0,121.0
546.0,276.0,47.0,123.0
547.0,272.0,47.0,124.0
548.0,268.0,46.0,126.0
549.0,264.0,46.0,127.0
547.0,261.0,45.0,120.0
546.0,259.0,44.0,113.0
544.0,256.0,43.0,106.0
536.0,252.0,47.0,114.0
528.0,247.0,52.0,121.0
520.0,243.0,56.0,129.0
517.0,241.0,53.0,124.0
515.0,239.0,50.0,118.0
512.0,237.0,47.0,113.0
507.0,234.0,48.0,113.0
502.0,232.0,49.0,113.0
497.0,229.0,50.0,113.0
492.0,225.0,48.0,117.0
487.0,221.0,47.0,122.0
482.0,217.0,45.0,126.0
477.0,213.0,44.0,119.0
472.0,209.0,44.0,113.0
467.0,205.0,43.0,106.0
461.0,203.0,45.0,110.0
456.0,200.0,47.0,113.0
450.0,198.0,49.0,117.0
450.0,194.0,49.0,119.0
449.0,190.0,48.0,120.0
449.0,186.0,48.0,122.0
454.0,182.0,47.0,116.0
458.0,178.0,47.0,111.0
463.0,174.0,46.0,105.0
472.0,171.0,44.0,107.0
480.0,168.0,42.0,110.0
489.0,165.0,40.0,112.0
499.0,159.0,39.0,112.0
510.0,153.0,37.0,113.0
520.0,147.0,36.0,113.0
532.0,144.0,38.0,110.0
543.0,140.0,39.0,106.0
555.0,137.0,41.0,103.0
568.0,133.0,40.0,108.0
581.0,128.0,39.0,112.0
594.0,124.0,38.0,117.0
605.0,121.0,40.0,114.0
617.0,119.0,42.0,110.0
628.0,116.0,44.0,107.0
641.0,114.0,43.0,103.0
653.0,111.0,43.0,100.0
666.0,109.0,42.0,96.0
676.0,107.0,41.0,100.0
687.0,105.0,41.0,104.0
697.0,103.0,40.0,108.0
703.0,101.0,39.0,108.0
708.0,98.0,37.0,108.0
714.0,96.0,36.0,108.0
717.0,95.0,36.0,103.0
721.0,93.0,36.0,98.0
724.0,92.0,36.0,93.0
724.0,89.0,35.0,97.0
723.0,85.0,35.0,100.0
723.0,82.0,34.0,104.0
721.0,79.0,35.0,104.0
718.0,77.0,37.0,103.0
716.0,74.0,38.0,103.0
711.0,72.0,38.0,100.0
707.0,70.0,39.0,97.0
702.0,68.0,39.0,94.0
701.0,66.0,36.0,95.0
700.0,65.0,33.0,95.0
699.0,63.0,30.0,96.0
696.0,61.0,31.0,99.0
693.0,58.0,33.0,103.0
690.0,56.0,34.0,106.0
686.0,56.0,38.0,101.0
682.0,56.0,41.0,97.0
678.0,56.0,45.0,92.0
677.0,56.0,45.0,92.0
675.0,57.0,44.0,91.0
674.0,57.0,44.0,91.0
672.0,54.0,41.0,96.0
671.0,50.0,39.0,102.0
669.0,47.0,36.0,107.0
666.0,46.0,36.0,104.0
662.0,45.0,37.0,102.0
659.0,44.0,37.0,99.0
657.0,45.0,38.0,94.0
654.0,45.0,38.0,90.0
652.0,46.0,39.0,85.0
650.0,46.0,38.0,90.0
647.0,47.0,36.0,94.0
645.0,47.0,35.0,99.0
643.0,46.0,35.0,99.0
642.0,45.0,35.0,100.0
640.0,44.0,35.0,100.0
637.0,45.0,37.0,97.0
635.0,47.0,38.0,94.0
632.0,48.0,40.0,91.0
631.0,48.0,38.0,93.0
631.0,49.0,35.0,94.0
630.0,49.0,33.0,96.0
630.0,49.0,34.0,98.0
629.0,49.0,36.0,99.0
629.0,49.0,37.0,101.0
637.0,50.0,36.0,100.0
645.0,52.0,35.0,98.0
653.0,53.0,34.0,97.0
664.0,56.0,34.0,95.0
674.0,58.0,34.0,93.0
685.0,61.0,34.0,91.0
699.0,62.0,34.0,95.0
712.0,63.0,34.0,99.0
726.0,64.0,34.0,103.0
737.0,66.0,36.0,103.0
747.0,69.0,38.0,103.0
758.0,71.0,40.0,103.0
768.0,75.0,41.0,99.0
779.0,78.0,43.0,96.0
789.0,82.0,44.0,92.0
798.0,84.0,42.0,93.0
807.0,86.0,40.0,95.0
816.0,88.0,38.0,96.0
821.0,90.0,40.0,99.0
825.0,92.0,41.0,101.0
830.0,94.0,43.0,104.0
832.0,95.0,43.0,105.0
834.0,96.0,44.0,106.0
836.0,97.0,44.0,107.0
837.0,99.0,41.0,104.0
838.0,101.0,37.0,101.0
839.0,103.0,34.0,98.0
835.0,104.0,36.0,100.0
832.0,106.0,37.0,101.0
828.0,107.0,39.0,103.0
825.0,107.0,39.0,105.0
823.0,108.0,39.0,108.0
820.0,108.0,39.0,110.0
818.0,110.0,39.0,107.0
815.0,112.0,39.0,105.0
813.0,114.0,39.0,102.0
810.0,116.0,39.0,99.0
808.0,117.0,38.0,97.0
805.0,119.0,38.0,94.0
801.0,119.0,38.0,98.0
798.0,119.0,39.0,102.0
794.0,119.0,39.0,106.0
792.0,120.0,39.0,108.0
789.0,122.0,38.0,110.0
787.0,123.0,38.0,112.0
783.0,124.0,38.0,111.0
779.0,124.0,39.0,109.0
775.0,125.0,39.0,108.0
771.0,127.0,37.0,105.0
768.0,130.0,36.0,103.0
764.0,132.0,34.0,100.0
760.0,131.0,35.0,102.0
756.0,129.0,35.0,105.0
752.0,128.0,36.0,107.0
748.0,128.0,36.0,109.0
743.0,128.0,35.0,112.0
739.0,128.0,35.0,114.0
735.0,130.0,36.0,112.0
730.0,131.0,36.0,109.0
726.0,133.0,37.0,107.0
721.0,135.0,38.0,104.0
716.0,137.0,39.0,101.0
711.0,139.0,40.0,98.0
706.0,140.0,39.0,102.0
702.0,140.0,38.0,105.0
697.0,141.0,37.0,109.0
691.0,141.0,39.0,110.0
684.0,142.0,40.0,110.0
678.0,142.0,42.0,111.0
672.0,144.0,45.0,106.0
665.0,147.0,47.0,102.0
659.0,149.0,50.0,97.0
652.0,150.0,53.0,96.0
646.0,151.0,57.0,96.0
639.0,152.0,60.0,95.0
641.0,157.0,56.0,91.0
642.0,161.0,53.0,87.0
644.0,166.0,49.0,83.0
646.0,171.0,54.0,79.0
647.0,175.0,60.0,74.0
649.0,180.0,65.0,70.0
652.0,185.0,70.0,70.0
656.0,189.0,76.0,69.0
659.0,194.0,81.0,69.0
664.0,198.0,79.0,68.0
670.0,201.0,77.0,66.0
675.0,205.0,75.0,65.0
680.0,209.0,71.0,65.0
685.0,212.0,66.0,65.0
690.0,216.0,62.0,65.0
695.0,221.0,67.0,67.0
699.0,225.0,71.0,68.0
704.0,230.0,76.0,70.0
710.0,233.0,74.0,68.0
716.0,237.0,72.0,66.0
722.0,240.0,70.0,64.0
730.0,246.0,63.0,65.0
737.0,252.0,56.0,67.0
745.0,258.0,49.0,68.0
751.0,268.0,50.0,66.0
757.0,279.0,52.0,63.0
763.0,289.0,53.0,61.0
770.0,298.0,55.0,61.0
776.0,308.0,57.0,62.0
783.0,317.0,59.0,62.0
796.0,327.0,56.0,65.0
809.0,337.0,54.0,69.0
822.0,347.0,51.0,72.0
826.0,358.0,57.0,69.0
831.0,369.0,63.0,65.0
835.0,380.0,69.0,62.0
842.0,394.0,72.0,64.0
849.0,407.0,75.0,67.0
856.0,421.0,78.0,69.0
865.0,437.0,79.0,63.0
875.0,453.0,81.0,57.0
884.0,469.0,82.0,51.0
901.0,484.0,83.0,59.0
917.0,500.0,83.0,67.0
934.0,515.0,84.0,75.0
947.0,533.0,82.0,84.0
961.0,552.0,80.0,94.0
974.0,570.0,78.0,103.0
984.0,591.0,77.0,98.0
993.0,613.0,76.0,92.0
1003.0,634.0,75.0,87.0
nan,nan,nan,nan
nan,nan,nan,nan
nan,nan,nan,nan
nan,nan,nan,nan
nan,nan,nan,nan
nan,nan,nan,nan
nan,nan,nan,nan
nan,nan,nan,nan
nan,nan,nan,nan
nan,nan,nan,nan
nan,nan,nan,nan
nan,nan,nan,nan
nan,nan,nan,nan
nan,nan,nan,nan
nan,nan,nan,nan
nan,nan,nan,nan
nan,nan,nan,nan
nan,nan,nan,nan
nan,nan,nan,nan
nan,nan,nan,nan
nan,nan,nan,nan
nan,nan,nan,nan
nan,nan,nan,nan
nan,nan,nan,nan
nan,nan,nan,nan
nan,nan,nan,nan
nan,nan,nan,nan
nan,nan,nan,nan
nan,nan,nan,nan
817.0,658.0,53.0,62.0
793.0,641.0,72.0,79.0
769.0,625.0,92.0,96.0
745.0,608.0,111.0,113.0
739.0,594.0,98.0,115.0
732.0,581.0,85.0,118.0
726.0,567.0,72.0,120.0
710.0,552.0,70.0,121.0
695.0,538.0,68.0,121.0
679.0,523.0,66.0,122.0
663.0,510.0,76.0,123.0
646.0,498.0,85.0,125.0
630.0,485.0,95.0,126.0
618.0,475.0,96.0,124.0
607.0,465.0,96.0,121.0
595.0,455.0,97.0,119.0
587.0,447.0,88.0,119.0
580.0,440.0,79.0,118.0
572.0,432.0,70.0,118.0
564.0,422.0,64.0,121.0
557.0,411.0,59.0,124.0
549.0,401.0,53.0,127.0
540.0,391.0,56.0,130.0
531.0,380.0,60.0,134.0
522.0,370.0,63.0,137.0
515.0,364.0,62.0,135.0
508.0,357.0,60.0,132.0
501.0,351.0,59.0,130.0
495.0,346.0,54.0,124.0
489.0,341.0,49.0,118.0
483.0,336.0,44.0,112.0
477.0,329.0,45.0,117.0
470.0,323.0,46.0,123.0
464.0,316.0,47.0,128.0
459.0,311.0,51.0,128.0
455.0,307.0,54.0,128.0
450.0,302.0,58.0,128.0
449.0,298.0,57.0,125.0
449.0,294.0,57.0,121.0
448.0,290.0,56.0,118.0
449.0,287.0,55.0,114.0
449.0,284.0,54.0,110.0
450.0,281.0,53.0,106.0
458.0,275.0,53.0,111.0
465.0,270.0,52.0,117.0
473.0,264.0,52.0,122.0
480.0,259.0,53.0,124.0
487.0,255.0,54.0,126.0
494.0,250.0,55.0,128.0
504.0,248.0,53.0,126.0
513.0,247.0,51.0,125.0
523.0,245.0,49.0,123.0
529.0,246.0,48.0,117.0
534.0,247.0,46.0,111.0
540.0,248.0,45.0,105.0
544.0,246.0,45.0,109.0
548.0,244.0,44.0,114.0
552.0,242.0,44.0,118.0
553.0,241.0,42.0,121.0
554.0,240.0,40.0,124.0
555.0,239.0,38.0,127.0
553.0,241.0,38.0,124.0
552.0,243.0,38.0,120.0
550.0,245.0,38.0,117.0
548.0,248.0,38.0,112.0
546.0,250.0,37.0,106.0
544.0,253.0,37.0,101.0
542.0,254.0,37.0,106.0
539.0,254.0,36.0,110.0
537.0,255.0,36.0,115.0
534.0,257.0,37.0,117.0
530.0,259.0,37.0,119.0
527.0,261.0,38.0,121.0
523.0,264.0,40.0,117.0
519.0,267.0,42.0,114.0
515.0,270.0,44.0,110.0
513.0,273.0,43.0,107.0
510.0,277.0,43.0,104.0
508.0,280.0,42.0,101.0
503.0,280.0,44.0,106.0
498.0,279.0,46.0,111.0
493.0,279.0,48.0,116.0
492.0,279.0,46.0,118.0
490.0,280.0,45.0,119.0
489.0,280.0,43.0,121.0
487.0,280.0,43.0,118.0
485.0,279.0,42.0,114.0
483.0,279.0,42.0,111.0
483.0,279.0,39.0,111.0
484.0,280.0,36.0,112.0
484.0,280.0,33.0,112.0
481.0,280.0,37.0,112.0
477.0,280.0,41.0,111.0
474.0,280.0,45.0,111.0
471.0,281.0,47.0,106.0
469.0,283.0,48.0,102.0
466.0,284.0,50.0,97.0
468.0,285.0,50.0,91.0
471.0,287.0,49.0,84.0
473.0,288.0,49.0,78.0
476.0,290.0,45.0,76.0
480.0,292.0,42.0,73.0
483.0,294.0,38.0,71.0
482.0,297.0,42.0,68.0
480.0,300.0,45.0,65.0
479.0,303.0,49.0,62.0
477.0,305.0,52.0,63.0
476.0,308.0,56.0,64.0
474.0,310.0,59.0,65.0
474.0,313.0,60.0,64.0
475.0,315.0,62.0,63.0
475.0,318.0,63.0,62.0
480.0,322.0,59.0,60.0
486.0,327.0,56.0,59.0
491.0,331.0,52.0,57.0
490.0,334.0,56.0,59.0
489.0,338.0,59.0,61.0
488.0,341.0,63.0,63.0
487.0,346.0,66.0,67.0
487.0,352.0,70.0,70.0
486.0,357.0,73.0,74.0
491.0,364.0,70.0,72.0
496.0,370.0,66.0,71.0
501.0,377.0,63.0,69.0
504.0,385.0,62.0,69.0
506.0,393.0,61.0,69.0
509.0,401.0,60.0,69.0
510.0,406.0,60.0,77.0
510.0,410.0,59.0,84.0
511.0,415.0,59.0,92.0
515.0,420.0,56.0,90.0
519.0,426.0,54.0,89.0
523.0,431.0,51.0,87.0
526.0,436.0,48.0,79.0
528.0,441.0,46.0,71.0
531.0,446.0,43.0,63.0
532.0,447.0,47.0,71.0
534.0,448.0,51.0,78.0
535.0,449.0,55.0,86.0
537.0,451.0,55.0,89.0
539.0,453.0,55.0,91.0
541.0,455.0,55.0,94.0
543.0,458.0,56.0,90.0
544.0,461.0,57.0,86.0
546.0,464.0,58.0,82.0
546.0,466.0,59.0,82.0
546.0,467.0,59.0,83.0
546.0,469.0,60.0,83.0
546.0,467.0,59.0,93.0
547.0,466.0,59.0,104.0
547.0,464.0,58.0,114.0
548.0,466.0,57.0,115.0
550.0,467.0,57.0,115.0
551.0,469.0,56.0,116.0
555.0,470.0,53.0,109.0
559.0,471.0,51.0,103.0
563.0,472.0,48.0,96.0
562.0,469.0,51.0,97.0
560.0,467.0,55.0,98.0
559.0,464.0,58.0,99.0
557.0,462.0,65.0,105.0
556.0,459.0,71.0,112.0
554.0,457.0,78.0,118.0
558.0,456.0,79.0,114.0
562.0,456.0,80.0,109.0
566.0,455.0,81.0,105.0
572.0,450.0,81.0,105.0
577.0,446.0,80.0,104.0
583.0,441.0,80.0,104.0
584.0,436.0,83.0,110.0
586.0,430.0,85.0,115.0
587.0,425.0,88.0,121.0
596.0,420.0,84.0,121.0
604.0,415.0,80.0,120.0
613.0,410.0,76.0,120.0
623.0,402.0,71.0,118.0
633.0,395.0,65.0,115.0
643.0,387.0,60.0,113.0
643.0,377.0,66.0,114.0
643.0,366.0,73.0,114.0
643.0,356.0,79.0,115.0
646.0,348.0,81.0,113.0
649.0,339.0,82.0,112.0
652.0,331.0,84.0,110.0
657.0,323.0,77.0,111.0
662.0,316.0,70.0,112.0
667.0,308.0,63.0,113.0
659.0,299.0,59.0,114.0
651.0,291.0,55.0,115.0
643.0,282.0,51.0,116.0
626.0,273.0,58.0,117.0
609.0,264.0,66.0,119.0
592.0,255.0,73.0,120.0
579.0,248.0,66.0,114.0
567.0,242.0,60.0,109.0
554.0,235.0,53.0,103.0
540.0,227.0,48.0,106.0
527.0,220.0,44.0,108.0
513.0,212.0,39.0,111.0
492.0,206.0,41.0,113.0
472.0,201.0,43.0,116.0
451.0,195.0,45.0,118.0
432.0,190.0,45.0,117.0
414.0,186.0,45.0,116.0
395.0,181.0,45.0,115.0
381.0,179.0,43.0,111.0
367.0,177.0,40.0,107.0
353.0,175.0,38.0,103.0
340.0,172.0,39.0,104.0
326.0,168.0,40.0,106.0
313.0,165.0,41.0,107.0
301.0,162.0,45.0,109.0
290.0,159.0,48.0,110.0
278.0,156.0,52.0,112.0
271.0,154.0,50.0,111.0
263.0,153.0,49.0,109.0
256.0,151.0,47.0,108.0
251.0,150.0,45.0,105.0
246.0,149.0,44.0,102.0
241.0,148.0,42.0,99.0
238.0,145.0,41.0,102.0
236.0,142.0,41.0,105.0
233.0,139.0,40.0,108.0
231.0,137.0,45.0,109.0
229.0,134.0,49.0,111.0
227.0,132.0,54.0,112.0
233.0,130.0,53.0,110.0
238.0,128.0,51.0,108.0
244.0,126.0,50.0,106.0
256.0,125.0,46.0,103.0
268.0,125.0,42.0,101.0
280.0,124.0,38.0,98.0
287.0,121.0,40.0,101.0
294.0,117.0,41.0,104.0
301.0,114.0,43.0,107.0
304.0,114.0,47.0,107.0
307.0,115.0,50.0,107.0
310.0,115.0,54.0,107.0
316.0,115.0,50.0,103.0
322.0,116.0,47.0,99.0
328.0,116.0,43.0,95.0
335.0,117.0,41.0,95.0
342.0,118.0,40.0,95.0
349.0,119.0,38.0,95.0
353.0,119.0,38.0,99.0
358.0,118.0,39.0,104.0
362.0,118.0,39.0,108.0
363.0,121.0,45.0,108.0
363.0,123.0,50.0,108.0
364.0,126.0,56.0,108.0
368.0,131.0,51.0,105.0
371.0,136.0,45.0,101.0
375.0,141.0,40.0,98.0
377.0,144.0,37.0,99.0
378.0,148.0,35.0,99.0
380.0,151.0,32.0,100.0
378.0,154.0,39.0,101.0
375.0,158.0,46.0,103.0
373.0,161.0,53.0,104.0
372.0,165.0,58.0,104.0
371.0,168.0,63.0,104.0
370.0,172.0,68.0,104.0
374.0,178.0,62.0,102.0
379.0,183.0,56.0,100.0
383.0,189.0,50.0,98.0
386.0,192.0,49.0,100.0
390.0,194.0,49.0,101.0
393.0,197.0,48.0,103.0
396.0,199.0,49.0,108.0
400.0,202.0,50.0,112.0
403.0,204.0,51.0,117.0
407.0,207.0,52.0,114.0
410.0,211.0,52.0,110.0
414.0,214.0,53.0,107.0
421.0,217.0,48.0,105.0
428.0,221.0,42.0,104.0
435.0,224.0,37.0,102.0
438.0,226.0,39.0,103.0
442.0,227.0,40.0,105.0
445.0,229.0,42.0,106.0
443.0,230.0,49.0,107.0
442.0,230.0,55.0,108.0
440.0,231.0,62.0,109.0
441.0,233.0,60.0,107.0
441.0,236.0,57.0,106.0
442.0,238.0,55.0,104.0
447.0,239.0,48.0,102.0
453.0,239.0,42.0,99.0
458.0,240.0,35.0,97.0
456.0,242.0,40.0,97.0
455.0,243.0,46.0,98.0
453.0,245.0,51.0,98.0
452.0,246.0,56.0,97.0
452.0,247.0,60.0,95.0
451.0,248.0,65.0,94.0
455.0,251.0,59.0,87.0
459.0,255.0,54.0,80.0
463.0,258.0,48.0,73.0
467.0,260.0,46.0,70.0
472.0,263.0,45.0,66.0
476.0,265.0,43.0,63.0
473.0,267.0,52.0,63.0
471.0,268.0,60.0,64.0
468.0,270.0,69.0,64.0
468.0,273.0,73.0,62.0
468.0,276.0,78.0,61.0
468.0,279.0,82.0,59.0
475.0,284.0,74.0,58.0
481.0,290.0,66.0,57.0
488.0,295.0,58.0,56.0
496.0,301.0,55.0,54.0
504.0,306.0,51.0,52.0
512.0,312.0,48.0,50.0
511.0,318.0,58.0,53.0
511.0,323.0,68.0,55.0
510.0,329.0,78.0,58.0
514.0,337.0,75.0,58.0
518.0,345.0,73.0,58.0
522.0,353.0,70.0,58.0
527.0,362.0,67.0,58.0
533.0,370.0,65.0,57.0
538.0,379.0,62.0,57.0
538.0,386.0,62.0,63.0
539.0,394.0,63.0,70.0
539.0,401.0,63.0,76.0
542.0,408.0,62.0,79.0
546.0,414.0,60.0,83.0
549.0,421.0,59.0,86.0
554.0,427.0,54.0,79.0
558.0,432.0,48.0,72.0
563.0,438.0,43.0,65.0
565.0,442.0,44.0,68.0
567.0,445.0,46.0,70.0
569.0,449.0,47.0,73.0
570.0,452.0,50.0,82.0
571.0,456.0,52.0,90.0
572.0,459.0,55.0,99.0
572.0,465.0,54.0,95.0
573.0,470.0,54.0,92.0
573.0,476.0,53.0,88.0
572.0,478.0,55.0,83.0
572.0,481.0,57.0,79.0
571.0,483.0,59.0,74.0
571.0,484.0,59.0,83.0
570.0,484.0,59.0,93.0
570.0,485.0,59.0,102.0
572.0,486.0,60.0,106.0
573.0,487.0,60.0,110.0
575.0,488.0,61.0,114.0
575.0,490.0,61.0,110.0
575.0,492.0,61.0,106.0
575.0,494.0,61.0,102.0
577.0,493.0,58.0,95.0
578.0,491.0,56.0,87.0
580.0,490.0,53.0,80.0
582.0,487.0,52.0,89.0
584.0,483.0,50.0,99.0
586.0,480.0,49.0,108.0
588.0,478.0,50.0,110.0
589.0,475.0,52.0,112.0
591.0,473.0,53.0,114.0
592.0,471.0,54.0,110.0
592.0,468.0,54.0,105.0
593.0,466.0,55.0,101.0
594.0,462.0,54.0,99.0
596.0,459.0,52.0,96.0
597.0,455.0,51.0,94.0
598.0,447.0,50.0,100.0
599.0,440.0,49.0,107.0
600.0,432.0,48.0,113.0
602.0,425.0,49.0,114.0
603.0,419.0,49.0,114.0
605.0,412.0,50.0,115.0
607.0,407.0,50.0,112.0
609.0,401.0,51.0,109.0
611.0,396.0,51.0,106.0
613.0,387.0,50.0,102.0
616.0,379.0,49.0,98.0
618.0,370.0,48.0,94.0
616.0,363.0,51.0,99.0
615.0,357.0,55.0,104.0
613.0,350.0,58.0,109.0
613.0,345.0,58.0,111.0
614.0,341.0,59.0,112.0
614.0,336.0,59.0,114.0
617.0,333.0,60.0,114.0
619.0,331.0,62.0,113.0
622.0,328.0,63.0,113.0
627.0,325.0,59.0,109.0
633.0,322.0,54.0,106.0
638.0,319.0,50.0,102.0
639.0,315.0,54.0,102.0
639.0,312.0,59.0,103.0
640.0,308.0,63.0,103.0
643.0,307.0,70.0,100.0
645.0,306.0,76.0,97.0
648.0,305.0,83.0,94.0
652.0,303.0,76.0,93.0
655.0,301.0,69.0,91.0
659.0,299.0,62.0,90.0
659.0,297.0,60.0,88.0
660.0,296.0,57.0,86.0
660.0,294.0,55.0,84.0
659.0,291.0,54.0,85.0
657.0,288.0,54.0,86.0
656.0,285.0,53.0,87.0
657.0,283.0,52.0,90.0
657.0,280.0,50.0,93.0
658.0,278.0,49.0,96.0
655.0,276.0,52.0,98.0
652.0,273.0,55.0,99.0
649.0,271.0,58.0,101.0
648.0,271.0,59.0,99.0
646.0,270.0,59.0,98.0
645.0,270.0,60.0,96.0
641.0,271.0,61.0,87.0
636.0,271.0,62.0,78.0
632.0,272.0,63.0,69.0
627.0,272.0,65.0,69.0
622.0,271.0,66.0,69.0
617.0,271.0,68.0,69.0
611.0,272.0,70.0,67.0
604.0,274.0,73.0,65.0
598.0,275.0,75.0,63.0
590.0,273.0,74.0,63.0
581.0,270.0,72.0,64.0
573.0,268.0,71.0,64.0
568.0,266.0,63.0,67.0
563.0,265.0,56.0,70.0
558.0,263.0,48.0,73.0
555.0,266.0,50.0,73.0
551.0,269.0,52.0,74.0
548.0,272.0,54.0,74.0
547.0,277.0,56.0,70.0
546.0,283.0,59.0,66.0
545.0,288.0,61.0,62.0
554.0,292.0,54.0,58.0
562.0,297.0,48.0,53.0
571.0,301.0,41.0,49.0
585.0,305.0,43.0,50.0
600.0,308.0,45.0,50.0
614.0,312.0,47.0,51.0
634.0,319.0,54.0,55.0
655.0,326.0,61.0,58.0
675.0,333.0,68.0,62.0
698.0,341.0,65.0,62.0
720.0,349.0,61.0,63.0
743.0,357.0,58.0,63.0
756.0,370.0,61.0,61.0
768.0,383.0,65.0,58.0
781.0,396.0,68.0,56.0
793.0,408.0,65.0,61.0
804.0,419.0,62.0,66.0
816.0,431.0,59.0,71.0
815.0,441.0,62.0,73.0
813.0,450.0,66.0,75.0
812.0,460.0,69.0,77.0
807.0,467.0,62.0,75.0
801.0,474.0,54.0,72.0
796.0,481.0,47.0,70.0
782.0,486.0,51.0,69.0
769.0,490.0,54.0,69.0
755.0,495.0,58.0,68.0
730.0,499.0,69.0,75.0
706.0,504.0,79.0,83.0
681.0,508.0,90.0,90.0
656.0,517.0,87.0,92.0
632.0,527.0,85.0,93.0
607.0,536.0,82.0,95.0
584.0,549.0,78.0,89.0
561.0,562.0,73.0,83.0
538.0,575.0,69.0,77.0
514.0,592.0,75.0,77.0
490.0,610.0,82.0,78.0
466.0,627.0,88.0,78.0
447.0,644.0,93.0,66.0
428.0,660.0,98.0,54.0
409.0,677.0,103.0,42.0
nan,nan,nan,nan
nan,nan,nan,nan
nan,nan,nan,nan
nan,nan,nan,nan
nan,nan,nan,nan
nan,nan,nan,nan
nan,nan,nan,nan
nan,nan,nan,nan
nan,nan,nan,nan
nan,nan,nan,nan
nan,nan,nan,nan
nan,nan,nan,nan
nan,nan,nan,nan
nan,nan,nan,nan
nan,nan,nan,nan
nan,nan,nan,nan
nan,nan,nan,nan
nan,nan,nan,nan
nan,nan,nan,nan
nan,nan,nan,nan
nan,nan,nan,nan
nan,nan,nan,nan
nan,nan,nan,nan
nan,nan,nan,nan
nan,nan,nan,nan
nan,nan,nan,nan
nan,nan,nan,nan
nan,nan,nan,nan
nan,nan,nan,nan
nan,nan,nan,nan
nan,nan,nan,nan
nan,nan,nan,nan
nan,nan,nan,nan
nan,nan,nan,nan
nan,nan,nan,nan
nan,nan,nan,nan
nan,nan,nan,nan
nan,nan,nan,nan
nan,nan,nan,nan
nan,nan,nan,nan
nan,nan,nan,nan
172.0,620.0,71.0,100.0
202.0,593.0,68.0,111.0
233.0,566.0,65.0,123.0
263.0,539.0,62.0,134.0
298.0,518.0,58.0,130.0
332.0,498.0,55.0,127.0
367.0,477.0,51.0,123.0
402.0,461.0,49.0,117.0
438.0,445.0,47.0,111.0
473.0,429.0,45.0,105.0
506.0,419.0,46.0,108.0
539.0,408.0,48.0,110.0
572.0,398.0,49.0,113.0
597.0,391.0,51.0,114.0
623.0,385.0,54.0,115.0
648.0,378.0,56.0,116.0
669.0,376.0,55.0,109.0
691.0,375.0,55.0,103.0
712.0,373.0,54.0,96.0
731.0,372.0,54.0,95.0
750.0,370.0,55.0,93.0
769.0,369.0,55.0,92.0
779.0,365.0,59.0,96.0
789.0,361.0,63.0,101.0
799.0,357.0,67.0,105.0
805.0,355.0,69.0,104.0
811.0,353.0,70.0,102.0
817.0,351.0,72.0,101.0
824.0,348.0,69.0,96.0
830.0,345.0,66.0,91.0
837.0,342.0,63.0,86.0
836.0,337.0,66.0,88.0
836.0,332.0,70.0,89.0
835.0,327.0,73.0,91.0
830.0,321.0,75.0,92.0
824.0,316.0,76.0,94.0
819.0,310.0,78.0,95.0
810.0,303.0,78.0,94.0
802.0,297.0,78.0,94.0
793.0,290.0,78.0,93.0
786.0,285.0,71.0,92.0
779.0,279.0,64.0,90.0
772.0,274.0,57.0,89.0
757.0,266.0,59.0,93.0
741.0,258.0,62.0,98.0
726.0,250.0,64.0,102.0
713.0,245.0,64.0,102.0
701.0,239.0,64.0,103.0
688.0,234.0,64.0,103.0
678.0,229.0,62.0,101.0
668.0,225.0,61.0,100.0
658.0,220.0,59.0,98.0
654.0,216.0,52.0,96.0
650.0,213.0,46.0,95.0
646.0,209.0,39.0,93.0
638.0,205.0,41.0,95.0
631.0,201.0,44.0,97.0
623.0,197.0,46.0,99.0
619.0,193.0,50.0,100.0
615.0,188.0,55.0,101.0
611.0,184.0,59.0,102.0
609.0,181.0,58.0,101.0
608.0,177.0,56.0,99.0
606.0,174.0,55.0,98.0
610.0,172.0,51.0,96.0
614.0,170.0,47.0,93.0
618.0,168.0,43.0,91.0
619.0,163.0,45.0,93.0
621.0,159.0,46.0,96.0
622.0,154.0,48.0,98.0
624.0,150.0,50.0,101.0
626.0,145.0,51.0,103.0
628.0,141.0,53.0,106.0
631.0,138.0,51.0,105.0
634.0,134.0,50.0,103.0
637.0,131.0,48.0,102.0
642.0,129.0,45.0,100.0
648.0,128.0,41.0,97.0
653.0,126.0,38.0,95.0
653.0,122.0,42.0,95.0
654.0,119.0,46.0,94.0
654.0,115.0,50.0,94.0
654.0,113.0,55.0,95.0
653.0,112.0,60.0,95.0
653.0,110.0,65.0,96.0
655.0,110.0,64.0,91.0
657.0,111.0,64.0,86.0
659.0,111.0,63.0,81.0
668.0,111.0,57.0,78.0
678.0,111.0,50.0,76.0
687.0,111.0,44.0,73.0
689.0,111.0,46.0,74.0
691.0,112.0,47.0,75.0
693.0,112.0,49.0,76.0
695.0,114.0,51.0,74.0
696.0,116.0,54.0,72.0
698.0,118.0,56.0,70.0
703.0,121.0,51.0,68.0
708.0,123.0,45.0,65.0
713.0,126.0,40.0,63.0
708.0,128.0,43.0,67.0
703.0,129.0,45.0,71.0
698.0,131.0,48.0,75.0
691.0,135.0,55.0,76.0
683.0,140.0,63.0,77.0
676.0,144.0,70.0,78.0
672.0,150.0,65.0,75.0
667.0,155.0,60.0,72.0
663.0,161.0,55.0,69.0
660.0,166.0,51.0,67.0
656.0,172.0,46.0,65.0
653.0,177.0,42.0,63.0
645.0,185.0,48.0,66.0
636.0,192.0,53.0,68.0
628.0,200.0,59.0,71.0
619.0,209.0,61.0,73.0
610.0,217.0,64.0,75.0
601.0,226.0,66.0,77.0
591.0,237.0,66.0,70.0
580.0,248.0,67.0,64.0
570.0,259.0,67.0,57.0
558.0,269.0,70.0,63.0
547.0,279.0,72.0,68.0
535.0,289.0,75.0,74.0
526.0,301.0,73.0,81.0
516.0,314.0,71.0,87.0
507.0,326.0,69.0,94.0
502.0,339.0,65.0,88.0
498.0,353.0,62.0,81.0
493.0,366.0,58.0,75.0
486.0,378.0,60.0,71.0
480.0,389.0,62.0,67.0
473.0,401.0,64.0,63.0
466.0,413.0,64.0,77.0
460.0,424.0,64.0,90.0
453.0,436.0,64.0,104.0
449.0,448.0,61.0,108.0
444.0,459.0,58.0,111.0
440.0,471.0,55.0,115.0
436.0,485.0,57.0,106.0
431.0,500.0,59.0,97.0
427.0,514.0,61.0,88.0
424.0,524.0,65.0,87.0
421.0,535.0,69.0,86.0
418.0,545.0,73.0,85.0
417.0,554.0,72.0,99.0
416.0,563.0,71.0,113.0
415.0,572.0,70.0,127.0
415.0,585.0,72.0,121.0
415.0,597.0,74.0,114.0
415.0,610.0,76.0,108.0
417.0,620.0,73.0,98.0
420.0,630.0,71.0,89.0
422.0,640.0,68.0,79.0
427.0,642.0,66.0,77.0
432.0,643.0,65.0,76.0
437.0,645.0,63.0,74.0
441.0,650.0,66.0,70.0
445.0,655.0,69.0,65.0
449.0,660.0,72.0,61.0
455.0,667.0,77.0,54.0
460.0,673.0,82.0,46.0
466.0,680.0,87.0,39.0
477.0,685.0,86.0,34.0
487.0,690.0,84.0,30.0
498.0,695.0,83.0,25.0
503.0,694.0,84.0,26.0
509.0,694.0,84.0,27.0
514.0,693.0,85.0,28.0
521.0,691.0,88.0,29.0
528.0,690.0,90.0,29.0
535.0,688.0,93.0,30.0
547.0,687.0,90.0,32.0
560.0,685.0,86.0,34.0
572.0,684.0,83.0,36.0
586.0,676.0,78.0,44.0
600.0,668.0,73.0,52.0
614.0,660.0,68.0,60.0
618.0,650.0,77.0,70.0
623.0,640.0,85.0,81.0
627.0,630.0,94.0,91.0
635.0,625.0,97.0,96.0
642.0,620.0,101.0,101.0
650.0,615.0,104.0,106.0
662.0,613.0,106.0,105.0
673.0,612.0,107.0,103.0
685.0,610.0,109.0,102.0
699.0,603.0,105.0,97.0
714.0,597.0,101.0,93.0
728.0,590.0,97.0,88.0
731.0,584.0,101.0,96.0
734.0,577.0,105.0,105.0
737.0,571.0,109.0,113.0
746.0,565.0,108.0,115.0
754.0,560.0,106.0,118.0
763.0,554.0,105.0,120.0
775.0,551.0,102.0,115.0
786.0,547.0,99.0,111.0
798.0,544.0,96.0,106.0
808.0,538.0,94.0,100.0
818.0,533.0,91.0,95.0
828.0,527.0,89.0,89.0
830.0,522.0,97.0,95.0
831.0,517.0,105.0,101.0
833.0,512.0,113.0,107.0
838.0,510.0,116.0,110.0
843.0,508.0,120.0,112.0
848.0,506.0,123.0,115.0
860.0,505.0,117.0,112.0
873.0,504.0,112.0,108.0
885.0,503.0,106.0,105.0
891.0,500.0,106.0,102.0
898.0,497.0,106.0,100.0
904.0,494.0,106.0,97.0
900.0,489.0,111.0,104.0
896.0,483.0,115.0,110.0
892.0,478.0,120.0,117.0
892.0,475.0,121.0,116.0
891.0,472.0,121.0,115.0
891.0,469.0,122.0,114.0
895.0,466.0,117.0,111.0
898.0,463.0,113.0,107.0
902.0,460.0,108.0,104.0
902.0,454.0,106.0,101.0
903.0,449.0,105.0,97.0
903.0,443.0,103.0,94.0
896.0,438.0,107.0,97.0
888.0,433.0,111.0,101.0
881.0,428.0,115.0,104.0
876.0,423.0,118.0,106.0
871.0,419.0,121.0,108.0
866.0,414.0,124.0,110.0
869.0,412.0,118.0,106.0
872.0,409.0,111.0,103.0
875.0,407.0,105.0,99.0
874.0,403.0,106.0,99.0
872.0,398.0,106.0,99.0
871.0,394.0,107.0,99.0
867.0,389.0,111.0,104.0
863.0,384.0,115.0,109.0
859.0,379.0,119.0,114.0
857.0,377.0,119.0,113.0
854.0,374.0,118.0,113.0
852.0,372.0,118.0,112.0
856.0,369.0,111.0,110.0
860.0,366.0,103.0,108.0
864.0,363.0,96.0,106.0
862.0,357.0,96.0,107.0
861.0,350.0,95.0,107.0
859.0,344.0,95.0,108.0
851.0,337.0,100.0,109.0
844.0,331.0,105.0,109.0
836.0,324.0,110.0,110.0
831.0,321.0,110.0,110.0
825.0,317.0,110.0,110.0
820.0,314.0,110.0,110.0
819.0,310.0,101.0,108.0
819.0,306.0,92.0,107.0
818.0,302.0,83.0,105.0
807.0,295.0,84.0,107.0
797.0,289.0,85.0,110.0
786.0,282.0,86.0,112.0
772.0,276.0,88.0,112.0
758.0,271.0,91.0,113.0
744.0,265.0,93.0,113.0
730.0,259.0,92.0,113.0
716.0,253.0,92.0,114.0
702.0,247.0,91.0,114.0
695.0,244.0,83.0,114.0
689.0,240.0,76.0,113.0
682.0,237.0,68.0,113.0
669.0,231.0,67.0,115.0
657.0,225.0,67.0,117.0
644.0,219.0,66.0,119.0
630.0,213.0,68.0,122.0
615.0,207.0,71.0,126.0
601.0,201.0,73.0,129.0
591.0,199.0,74.0,124.0
580.0,198.0,74.0,119.0
570.0,196.0,75.0,114.0
570.0,193.0,67.0,112.0
570.0,190.0,59.0,110.0
570.0,187.0,51.0,108.0
566.0,183.0,53.0,109.0
562.0,178.0,54.0,111.0
558.0,174.0,56.0,112.0
553.0,170.0,62.0,113.0
549.0,166.0,69.0,113.0
544.0,162.0,75.0,114.0
542.0,158.0,78.0,114.0
541.0,155.0,80.0,113.0
539.0,151.0,83.0,113.0
544.0,150.0,75.0,112.0
549.0,150.0,67.0,110.0
554.0,149.0,59.0,109.0
559.0,146.0,60.0,112.0
565.0,143.0,60.0,114.0
570.0,140.0,61.0,117.0
570.0,137.0,65.0,120.0
570.0,133.0,69.0,122.0
570.0,130.0,73.0,125.0
573.0,129.0,73.0,123.0
577.0,127.0,74.0,121.0
580.0,126.0,74.0,119.0
589.0,126.0,66.0,118.0
598.0,125.0,59.0,116.0
607.0,125.0,51.0,115.0
613.0,124.0,49.0,117.0
619.0,123.0,48.0,118.0
625.0,122.0,46.0,120.0
626.0,120.0,50.0,122.0
626.0,117.0,54.0,123.0
627.0,115.0,58.0,125.0
628.0,114.0,63.0,125.0
630.0,114.0,68.0,125.0
631.0,113.0,73.0,125.0
637.0,115.0,69.0,122.0
642.0,117.0,65.0,118.0
648.0,119.0,61.0,115.0
656.0,120.0,61.0,116.0
663.0,122.0,60.0,118.0
671.0,123.0,60.0,119.0
672.0,122.0,63.0,121.0
672.0,121.0,65.0,122.0
673.0,120.0,68.0,124.0
677.0,120.0,68.0,124.0
680.0,121.0,68.0,124.0
684.0,121.0,68.0,124.0
692.0,123.0,63.0,121.0
700.0,126.0,59.0,117.0
708.0,128.0,54.0,114.0
712.0,130.0,55.0,116.0
716.0,131.0,57.0,117.0
720.0,133.0,58.0,119.0
721.0,134.0,62.0,120.0
722.0,134.0,67.0,120.0
723.0,135.0,71.0,121.0
727.0,136.0,72.0,122.0
730.0,136.0,72.0,122.0
734.0,137.0,73.0,123.0
742.0,139.0,69.0,120.0
749.0,142.0,66.0,117.0
757.0,144.0,62.0,114.0
762.0,144.0,62.0,117.0
767.0,143.0,61.0,121.0
772.0,143.0,61.0,124.0
771.0,140.0,61.0,127.0
770.0,138.0,61.0,131.0
769.0,135.0,61.0,134.0
769.0,134.0,59.0,132.0
769.0,132.0,56.0,129.0
769.0,131.0,54.0,127.0
771.0,131.0,49.0,125.0
772.0,131.0,45.0,122.0
774.0,131.0,40.0,120.0
769.0,127.0,40.0,124.0
763.0,122.0,41.0,127.0
758.0,118.0,41.0,131.0
751.0,114.0,42.0,131.0
744.0,110.0,42.0,131.0
737.0,106.0,43.0,131.0
728.0,104.0,43.0,124.0
720.0,102.0,43.0,118.0
711.0,100.0,43.0,111.0
701.0,95.0,44.0,116.0
692.0,91.0,46.0,120.0
682.0,86.0,47.0,125.0
678.0,81.0,46.0,125.0
673.0,77.0,46.0,124.0
669.0,72.0,45.0,124.0
667.0,67.0,45.0,119.0
666.0,63.0,44.0,114.0
664.0,58.0,44.0,109.0
661.0,53.0,46.0,111.0
657.0,49.0,47.0,114.0
654.0,44.0,49.0,116.0
651.0,39.0,50.0,116.0
649.0,34.0,50.0,117.0
646.0,29.0,51.0,117.0
646.0,25.0,47.0,113.0
646.0,21.0,42.0,109.0
646.0,17.0,38.0,105.0
642.0,12.0,41.0,110.0
639.0,8.0,45.0,114.0
635.0,3.0,48.0,119.0
633.0,2.0,48.0,114.0
632.0,2.0,49.0,108.0
630.0,1.0,49.0,103.0
628.0,1.0,48.0,95.0
625.0,1.0,48.0,87.0
623.0,1.0,47.0,79.0
619.0,1.0,49.0,80.0
615.0,1.0,51.0,80.0
611.0,1.0,53.0,81.0
610.0,1.0,50.0,74.0
609.0,1.0,46.0,66.0
608.0,1.0,43.0,59.0
605.0,1.0,40.0,58.0
601.0,1.0,36.0,56.0
598.0,1.0,33.0,55.0
595.0,1.0,37.0,53.0
591.0,1.0,40.0,50.0
588.0,1.0,44.0,48.0
585.0,1.0,41.0,42.0
582.0,1.0,37.0,36.0
579.0,1.0,34.0,30.0
575.0,1.0,33.0,30.0
572.0,1.0,31.0,31.0
568.0,1.0,30.0,31.0
564.0,1.0,31.0,33.0
560.0,1.0,31.0,34.0
556.0,1.0,32.0,36.0
556.0,1.0,31.0,30.0
556.0,1.0,31.0,25.0
556.0,1.0,30.0,19.0
561.0,1.0,27.0,21.0
566.0,1.0,25.0,24.0
571.0,1.0,22.0,26.0
572.0,1.0,31.0,27.0
573.0,1.0,40.0,29.0
574.0,1.0,49.0,30.0
584.0,1.0,47.0,25.0
594.0,1.0,44.0,21.0
604.0,1.0,42.0,16.0
620.0,1.0,41.0,21.0
636.0,1.0,39.0,25.0
652.0,1.0,38.0,30.0
667.0,1.0,35.0,34.0
683.0,1.0,31.0,38.0
698.0,1.0,28.0,42.0
711.0,1.0,31.0,39.0
723.0,1.0,35.0,35.0
736.0,1.0,38.0,32.0
746.0,1.0,35.0,37.0
755.0,1.0,31.0,41.0
765.0,1.0,28.0,46.0
771.0,1.0,30.0,53.0
776.0,1.0,31.0,60.0
782.0,1.0,33.0,67.0
782.0,1.0,35.0,64.0
783.0,1.0,38.0,61.0
783.0,1.0,40.0,58.0
787.0,1.0,39.0,59.0
790.0,1.0,38.0,61.0
794.0,1.0,37.0,62.0
799.0,1.0,39.0,70.0
803.0,1.0,41.0,79.0
808.0,1.0,43.0,87.0
810.0,1.0,44.0,89.0
812.0,1.0,46.0,92.0
814.0,1.0,47.0,94.0
817.0,1.0,46.0,92.0
820.0,1.0,45.0,91.0
823.0,1.0,44.0,89.0
826.0,1.0,41.0,94.0
830.0,1.0,38.0,99.0
833.0,1.0,35.0,104.0
834.0,1.0,36.0,107.0
835.0,1.0,37.0,110.0
836.0,1.0,38.0,113.0
837.0,1.0,38.0,108.0
837.0,1.0,38.0,102.0
838.0,1.0,38.0,97.0
835.0,1.0,41.0,98.0
831.0,1.0,45.0,98.0
828.0,1.0,48.0,99.0
825.0,1.0,50.0,101.0
822.0,1.0,51.0,104.0
819.0,1.0,53.0,106.0
817.0,1.0,53.0,105.0
815.0,2.0,52.0,105.0
813.0,2.0,52.0,104.0
810.0,2.0,49.0,101.0
807.0,3.0,47.0,99.0
804.0,3.0,44.0,96.0
801.0,5.0,42.0,97.0
799.0,6.0,41.0,98.0
796.0,8.0,39.0,99.0
790.0,9.0,44.0,101.0
783.0,9.0,50.0,102.0
777.0,10.0,55.0,104.0
772.0,13.0,56.0,99.0
766.0,16.0,57.0,95.0
761.0,19.0,58.0,90.0
756.0,21.0,55.0,89.0
750.0,22.0,51.0,88.0
745.0,24.0,48.0,87.0
744.0,26.0,49.0,88.0
742.0,29.0,51.0,88.0
741.0,31.0,52.0,89.0
741.0,34.0,48.0,87.0
742.0,38.0,44.0,86.0
742.0,41.0,40.0,84.0
745.0,46.0,41.0,82.0
749.0,50.0,42.0,81.0
752.0,55.0,43.0,79.0
755.0,60.0,52.0,78.0
757.0,66.0,60.0,77.0
760.0,71.0,69.0,76.0
776.0,77.0,65.0,76.0
791.0,84.0,62.0,75.0
807.0,90.0,58.0,75.0
817.0,95.0,56.0,78.0
826.0,101.0,55.0,82.0
836.0,106.0,53.0,85.0
841.0,114.0,55.0,83.0
845.0,122.0,56.0,82.0
850.0,130.0,58.0,80.0
853.0,139.0,53.0,77.0
857.0,148.0,47.0,73.0
860.0,157.0,42.0,70.0
850.0,166.0,54.0,70.0
839.0,174.0,65.0,70.0
829.0,183.0,77.0,70.0
826.0,191.0,80.0,69.0
824.0,200.0,84.0,68.0
821.0,208.0,87.0,67.0
822.0,216.0,80.0,66.0
822.0,224.0,72.0,64.0
823.0,232.0,65.0,63.0
816.0,237.0,61.0,63.0
808.0,243.0,57.0,62.0
801.0,248.0,53.0,62.0
783.0,251.0,62.0,64.0
765.0,255.0,70.0,66.0
747.0,258.0,79.0,68.0
737.0,263.0,81.0,70.0
726.0,269.0,82.0,72.0
716.0,274.0,84.0,74.0
705.0,279.0,79.0,71.0
695.0,283.0,73.0,68.0
684.0,288.0,68.0,65.0
677.0,293.0,66.0,72.0
671.0,299.0,63.0,78.0
664.0,304.0,61.0,85.0
656.0,308.0,63.0,87.0
649.0,313.0,64.0,89.0
641.0,317.0,66.0,91.0
643.0,322.0,61.0,87.0
645.0,326.0,56.0,84.0
647.0,331.0,51.0,80.0
652.0,334.0,53.0,77.0
656.0,336.0,55.0,74.0
661.0,339.0,57.0,71.0
669.0,344.0,59.0,79.0
678.0,348.0,61.0,86.0
686.0,353.0,63.0,94.0
702.0,357.0,62.0,93.0
718.0,362.0,61.0,91.0
734.0,366.0,60.0,90.0
745.0,370.0,63.0,84.0
756.0,375.0,65.0,79.0
767.0,379.0,68.0,73.0
785.0,383.0,67.0,83.0
804.0,388.0,67.0,94.0
822.0,392.0,66.0,104.0
831.0,397.0,69.0,107.0
841.0,401.0,72.0,110.0
850.0,406.0,75.0,113.0
861.0,409.0,65.0,107.0
872.0,413.0,56.0,101.0
883.0,416.0,46.0,95.0
883.0,413.0,52.0,93.0
883.0,411.0,58.0,91.0
883.0,408.0,64.0,89.0
877.0,405.0,76.0,96.0
871.0,403.0,89.0,103.0
865.0,400.0,101.0,110.0
866.0,398.0,98.0,111.0
867.0,395.0,96.0,113.0
868.0,393.0,93.0,114.0
865.0,390.0,86.0,110.0
861.0,386.0,78.0,107.0
858.0,383.0,71.0,103.0
855.0,379.0,74.0,107.0
852.0,374.0,78.0,112.0
849.0,370.0,81.0,116.0
838.0,367.0,89.0,115.0
826.0,364.0,97.0,115.0
815.0,361.0,105.0,114.0
818.0,359.0,90.0,112.0
820.0,357.0,74.0,111.0
823.0,355.0,59.0,109.0
813.0,350.0,62.0,110.0
803.0,345.0,64.0,110.0
793.0,340.0,67.0,111.0
784.0,335.0,78.0,111.0
774.0,329.0,89.0,110.0
765.0,324.0,100.0,110.0
762.0,322.0,97.0,109.0
760.0,319.0,93.0,107.0
757.0,317.0,90.0,106.0
754.0,313.0,80.0,107.0
751.0,308.0,70.0,109.0
748.0,304.0,60.0,110.0
741.0,298.0,66.0,111.0
734.0,293.0,73.0,111.0
727.0,287.0,79.0,112.0
716.0,283.0,88.0,109.0
706.0,280.0,97.0,107.0
695.0,276.0,106.0,104.0
697.0,274.0,95.0,104.0
699.0,271.0,84.0,104.0
701.0,269.0,73.0,104.0
698.0,265.0,68.0,106.0
695.0,260.0,63.0,107.0
692.0,256.0,58.0,109.0
691.0,250.0,61.0,112.0
689.0,244.0,65.0,114.0
688.0,238.0,68.0,117.0
681.0,234.0,75.0,115.0
673.0,230.0,82.0,113.0
666.0,226.0,89.0,111.0
667.0,225.0,78.0,108.0
669.0,224.0,67.0,105.0
670.0,223.0,56.0,102.0
664.0,219.0,55.0,106.0
657.0,216.0,54.0,110.0
651.0,212.0,53.0,114.0
643.0,210.0,61.0,114.0
635.0,209.0,69.0,114.0
627.0,207.0,77.0,114.0
621.0,206.0,79.0,110.0
616.0,204.0,81.0,105.0
610.0,203.0,83.0,101.0
607.0,204.0,77.0,100.0
603.0,206.0,71.0,100.0
600.0,207.0,65.0,99.0
596.0,205.0,63.0,102.0
591.0,203.0,61.0,106.0
587.0,201.0,59.0,109.0
582.0,199.0,63.0,111.0
578.0,197.0,66.0,114.0
573.0,195.0,70.0,116.0
570.0,195.0,71.0,113.0
566.0,196.0,71.0,111.0
563.0,196.0,72.0,108.0
565.0,198.0,66.0,107.0
566.0,199.0,59.0,107.0
568.0,201.0,53.0,106.0
572.0,200.0,56.0,107.0
575.0,200.0,59.0,108.0
579.0,199.0,62.0,109.0
586.0,200.0,66.0,111.0
593.0,200.0,70.0,112.0
600.0,201.0,74.0,114.0
608.0,202.0,75.0,111.0
617.0,204.0,77.0,107.0
625.0,205.0,78.0,104.0
631.0,208.0,74.0,104.0
637.0,211.0,71.0,104.0
643.0,214.0,67.0,104.0
651.0,213.0,62.0,108.0
659.0,213.0,56.0,113.0
667.0,212.0,51.0,117.0
670.0,212.0,54.0,120.0
674.0,211.0,58.0,123.0
677.0,211.0,61.0,126.0
681.0,214.0,60.0,123.0
686.0,218.0,59.0,120.0
690.0,221.0,58.0,117.0
691.0,222.0,51.0,112.0
693.0,224.0,44.0,108.0
694.0,225.0,37.0,103.0
693.0,226.0,39.0,107.0
692.0,228.0,42.0,110.0
691.0,229.0,44.0,114.0
687.0,229.0,51.0,116.0
684.0,230.0,57.0,118.0
680.0,230.0,64.0,120.0
677.0,232.0,66.0,116.0
675.0,233.0,69.0,113.0
672.0,235.0,71.0,109.0
670.0,236.0,68.0,107.0
668.0,236.0,64.0,106.0
666.0,237.0,61.0,104.0
664.0,237.0,58.0,109.0
661.0,236.0,56.0,114.0
659.0,236.0,53.0,119.0
655.0,236.0,56.0,122.0
651.0,235.0,60.0,124.0
647.0,235.0,63.0,127.0
645.0,237.0,63.0,126.0
642.0,238.0,63.0,126.0
640.0,240.0,63.0,125.0
638.0,243.0,58.0,121.0
637.0,245.0,53.0,116.0
635.0,248.0,48.0,112.0
632.0,248.0,48.0,113.0
628.0,249.0,47.0,113.0
625.0,249.0,47.0,114.0
622.0,248.0,52.0,117.0
618.0,246.0,56.0,120.0
615.0,245.0,61.0,123.0
612.0,248.0,64.0,120.0
608.0,250.0,67.0,117.0
605.0,253.0,70.0,114.0
602.0,255.0,71.0,111.0
598.0,257.0,72.0,108.0
595.0,259.0,73.0,105.0
594.0,257.0,66.0,108.0
594.0,255.0,60.0,112.0
593.0,253.0,53.0,115.0
590.0,252.0,56.0,118.0
586.0,250.0,59.0,121.0
583.0,249.0,62.0,124.0
581.0,250.0,63.0,124.0
579.0,251.0,64.0,124.0
577.0,252.0,65.0,124.0
576.0,253.0,62.0,122.0
576.0,255.0,59.0,120.0
575.0,256.0,56.0,118.0
573.0,255.0,54.0,117.0
572.0,255.0,52.0,115.0
570.0,254.0,50.0,114.0
568.0,253.0,53.0,116.0
567.0,251.0,57.0,119.0
565.0,250.0,60.0,121.0
563.0,250.0,64.0,122.0
562.0,251.0,69.0,122.0
560.0,251.0,73.0,123.0
558.0,253.0,73.0,120.0
556.0,255.0,73.0,116.0
554.0,257.0,73.0,113.0
552.0,257.0,69.0,111.0
551.0,256.0,66.0,110.0
549.0,256.0,62.0,108.0
548.0,254.0,60.0,113.0
548.0,251.0,59.0,117.0
547.0,249.0,57.0,122.0
546.0,248.0,59.0,125.0
545.0,248.0,61.0,127.0
544.0,247.0,63.0,130.0
542.0,247.0,64.0,130.0
541.0,248.0,64.0,129.0
539.0,248.0,65.0,129.0
540.0,248.0,60.0,126.0
540.0,247.0,55.0,124.0
541.0,247.0,50.0,121.0
540.0,245.0,50.0,121.0
540.0,244.0,50.0,122.0
539.0,242.0,50.0,122.0
538.0,242.0,53.0,123.0
538.0,242.0,55.0,125.0
537.0,242.0,58.0,126.0
536.0,242.0,61.0,127.0
535.0,242.0,63.0,129.0
534.0,242.0,66.0,130.0
534.0,244.0,67.0,128.0
534.0,246.0,67.0,127.0
534.0,248.0,68.0,125.0
533.0,248.0,65.0,123.0
532.0,249.0,62.0,121.0
531.0,249.0,59.0,119.0
530.0,247.0,57.0,120.0
530.0,246.0,55.0,120.0
529.0,244.0,53.0,121.0
528.0,244.0,54.0,124.0
527.0,244.0,56.0,126.0
526.0,244.0,57.0,129.0
525.0,243.0,59.0,133.0
525.0,243.0,61.0,136.0
524.0,242.0,63.0,140.0
524.0,242.0,64.0,141.0
524.0,243.0,64.0,143.0
524.0,243.0,65.0,144.0
525.0,243.0,61.0,142.0
526.0,242.0,57.0,141.0
527.0,242.0,53.0,139.0
527.0,242.0,51.0,136.0
528.0,241.0,49.0,132.0
528.0,241.0,47.0,129.0
527.0,240.0,48.0,131.0
526.0,239.0,48.0,133.0
525.0,238.0,49.0,135.0
524.0,239.0,50.0,137.0
524.0,239.0,52.0,139.0
523.0,240.0,53.0,141.0
520.0,241.0,55.0,141.0
516.0,241.0,56.0,142.0
513.0,242.0,58.0,142.0
512.0,243.0,58.0,141.0
510.0,244.0,58.0,139.0
509.0,245.0,58.0,138.0
505.0,244.0,58.0,136.0
502.0,242.0,57.0,134.0
498.0,241.0,57.0,132.0
493.0,240.0,56.0,131.0
489.0,240.0,56.0,130.0
484.0,239.0,55.0,129.0
480.0,237.0,57.0,133.0
476.0,234.0,59.0,138.0
472.0,232.0,61.0,142.0
469.0,233.0,64.0,143.0
465.0,234.0,67.0,144.0
462.0,235.0,70.0,145.0
459.0,235.0,69.0,145.0
457.0,234.0,68.0,144.0
454.0,234.0,67.0,144.0
455.0,233.0,64.0,144.0
455.0,231.0,60.0,145.0
456.0,230.0,57.0,145.0
454.0,227.0,55.0,143.0
451.0,224.0,53.0,141.0
449.0,221.0,51.0,139.0
448.0,219.0,52.0,139.0
446.0,218.0,52.0,138.0
445.0,216.0,53.0,138.0
443.0,216.0,55.0,138.0
440.0,215.0,56.0,139.0
438.0,215.0,58.0,139.0
436.0,215.0,57.0,140.0
435.0,214.0,56.0,140.0
433.0,214.0,55.0,141.0
428.0,211.0,59.0,143.0
422.0,209.0,64.0,145.0
417.0,206.0,68.0,147.0
417.0,205.0,64.0,143.0
417.0,203.0,61.0,139.0
417.0,202.0,57.0,135.0
412.0,200.0,60.0,132.0
407.0,198.0,62.0,130.0
402.0,196.0,65.0,127.0
