627.0,317.0,22.0,63.0
624.0,316.0,22.0,63.0
622.0,316.0,22.0,64.0
619.0,315.0,22.0,64.0
616.0,316.0,23.0,64.0
614.0,316.0,23.0,63.0
611.0,317.0,24.0,63.0
608.0,316.0,24.0,63.0
606.0,315.0,24.0,64.0
603.0,314.0,24.0,64.0
601.0,314.0,25.0,64.0
598.0,315.0,25.0,63.0
596.0,315.0,26.0,63.0
592.0,316.0,26.0,63.0
589.0,316.0,25.0,63.0
585.0,317.0,25.0,63.0
583.0,317.0,25.0,63.0
580.0,318.0,24.0,63.0
578.0,318.0,24.0,63.0
575.0,317.0,25.0,63.0
572.0,316.0,26.0,63.0
569.0,315.0,27.0,63.0
565.0,314.0,31.0,63.0
560.0,314.0,34.0,64.0
556.0,313.0,38.0,64.0
552.0,313.0,37.0,64.0
548.0,314.0,37.0,64.0
544.0,314.0,36.0,64.0
540.0,315.0,34.0,63.0
537.0,317.0,33.0,61.0
533.0,318.0,31.0,60.0
529.0,317.0,31.0,60.0
524.0,317.0,31.0,60.0
520.0,316.0,31.0,60.0
517.0,316.0,31.0,61.0
515.0,315.0,31.0,62.0
512.0,315.0,31.0,63.0
508.0,315.0,30.0,63.0
505.0,315.0,29.0,63.0
501.0,315.0,28.0,63.0
497.0,316.0,28.0,63.0
492.0,318.0,28.0,63.0
488.0,319.0,28.0,63.0
483.0,319.0,29.0,63.0
479.0,318.0,30.0,63.0
474.0,318.0,31.0,63.0
470.0,318.0,31.0,63.0
466.0,317.0,31.0,63.0
462.0,317.0,31.0,63.0
457.0,317.0,31.0,63.0
453.0,317.0,31.0,63.0
448.0,317.0,31.0,63.0
446.0,316.0,31.0,63.0
443.0,316.0,31.0,63.0
441.0,315.0,31.0,63.0
440.0,315.0,31.0,63.0
439.0,314.0,31.0,63.0
438.0,314.0,31.0,63.0
438.0,313.0,31.0,63.0
438.0,312.0,30.0,62.0
438.0,311.0,30.0,62.0
439.0,310.0,29.0,62.0
441.0,309.0,28.0,63.0
442.0,308.0,27.0,63.0
444.0,307.0,27.0,63.0
447.0,307.0,27.0,63.0
449.0,306.0,27.0,63.0
452.0,305.0,27.0,63.0
455.0,304.0,27.0,63.0
458.0,303.0,27.0,63.0
460.0,302.0,28.0,63.0
462.0,301.0,30.0,63.0
464.0,300.0,31.0,63.0
467.0,299.0,31.0,63.0
469.0,299.0,30.0,62.0
472.0,298.0,30.0,62.0
474.0,296.0,30.0,62.0
476.0,295.0,30.0,62.0
478.0,293.0,30.0,62.0
481.0,293.0,29.0,61.0
483.0,292.0,28.0,60.0
486.0,292.0,27.0,59.0
488.0,292.0,27.0,59.0
490.0,293.0,27.0,59.0
492.0,293.0,27.0,59.0
494.0,291.0,27.0,59.0
496.0,290.0,27.0,59.0
498.0,288.0,27.0,59.0
500.0,286.0,27.0,59.0
503.0,285.0,27.0,59.0
505.0,283.0,27.0,59.0
509.0,285.0,27.0,56.0
513.0,286.0,26.0,52.0
517.0,288.0,26.0,49.0
521.0,290.0,24.0,46.0
526.0,292.0,21.0,44.0
530.0,294.0,19.0,41.0
nan,nan,nan,nan
nan,nan,nan,nan
nan,nan,nan,nan
nan,nan,nan,nan
nan,nan,nan,nan
nan,nan,nan,nan
nan,nan,nan,nan
nan,nan,nan,nan
nan,nan,nan,nan
nan,nan,nan,nan
nan,nan,nan,nan
nan,nan,nan,nan
nan,nan,nan,nan
nan,nan,nan,nan
nan,nan,nan,nan
nan,nan,nan,nan
nan,nan,nan,nan
nan,nan,nan,nan
nan,nan,nan,nan
nan,nan,nan,nan
nan,nan,nan,nan
nan,nan,nan,nan
nan,nan,nan,nan
nan,nan,nan,nan
nan,nan,nan,nan
nan,nan,nan,nan
nan,nan,nan,nan
nan,nan,nan,nan
nan,nan,nan,nan
nan,nan,nan,nan
nan,nan,nan,nan
nan,nan,nan,nan
nan,nan,nan,nan
nan,nan,nan,nan
nan,nan,nan,nan
nan,nan,nan,nan
nan,nan,nan,nan
nan,nan,nan,nan
nan,nan,nan,nan
nan,nan,nan,nan
nan,nan,nan,nan
nan,nan,nan,nan
nan,nan,nan,nan
nan,nan,nan,nan
651.0,236.0,23.0,29.0
653.0,235.0,25.0,41.0
656.0,233.0,26.0,53.0
658.0,232.0,28.0,65.0
660.0,231.0,27.0,63.0
661.0,229.0,27.0,60.0
663.0,228.0,26.0,58.0
664.0,227.0,26.0,58.0
665.0,226.0,26.0,58.0
666.0,225.0,26.0,58.0
668.0,224.0,26.0,58.0
671.0,224.0,26.0,58.0
673.0,223.0,26.0,58.0
674.0,222.0,26.0,58.0
676.0,221.0,27.0,58.0
677.0,220.0,27.0,58.0
677.0,219.0,27.0,58.0
678.0,217.0,27.0,58.0
678.0,216.0,27.0,58.0
678.0,215.0,27.0,58.0
678.0,215.0,27.0,58.0
678.0,214.0,27.0,58.0
679.0,213.0,27.0,58.0
681.0,212.0,27.0,58.0
682.0,211.0,27.0,58.0
681.0,210.0,27.0,58.0
680.0,208.0,27.0,58.0
679.0,207.0,27.0,58.0
678.0,206.0,27.0,58.0
678.0,204.0,27.0,58.0
677.0,203.0,27.0,58.0
676.0,203.0,27.0,58.0
674.0,202.0,27.0,58.0
673.0,202.0,27.0,58.0
671.0,201.0,27.0,58.0
670.0,200.0,27.0,58.0
668.0,199.0,27.0,58.0
666.0,198.0,27.0,58.0
665.0,197.0,27.0,58.0
663.0,196.0,27.0,58.0
661.0,196.0,27.0,58.0
660.0,195.0,27.0,58.0
658.0,195.0,27.0,58.0
656.0,194.0,27.0,58.0
654.0,192.0,27.0,58.0
652.0,191.0,27.0,58.0
651.0,190.0,27.0,58.0
649.0,190.0,27.0,58.0
648.0,189.0,27.0,58.0
646.0,188.0,27.0,58.0
645.0,186.0,27.0,58.0
643.0,185.0,27.0,58.0
643.0,184.0,26.0,58.0
642.0,184.0,24.0,58.0
642.0,183.0,23.0,58.0
640.0,182.0,23.0,58.0
639.0,182.0,23.0,58.0
637.0,181.0,23.0,58.0
636.0,180.0,23.0,58.0
634.0,179.0,23.0,58.0
633.0,178.0,23.0,58.0
631.0,177.0,23.0,58.0
630.0,177.0,23.0,58.0
628.0,176.0,23.0,58.0
626.0,176.0,23.0,58.0
624.0,175.0,23.0,58.0
622.0,175.0,23.0,58.0
620.0,175.0,23.0,58.0
619.0,175.0,23.0,58.0
617.0,175.0,23.0,58.0
616.0,174.0,23.0,58.0
615.0,174.0,23.0,58.0
614.0,173.0,23.0,58.0
612.0,172.0,23.0,58.0
611.0,172.0,23.0,58.0
609.0,171.0,23.0,58.0
607.0,172.0,23.0,58.0
606.0,173.0,23.0,58.0
604.0,174.0,23.0,58.0
603.0,173.0,23.0,58.0
601.0,172.0,23.0,58.0
600.0,171.0,23.0,58.0
598.0,171.0,23.0,58.0
597.0,171.0,23.0,58.0
595.0,171.0,23.0,58.0
593.0,171.0,23.0,58.0
592.0,171.0,23.0,58.0
590.0,171.0,23.0,58.0
588.0,171.0,23.0,58.0
585.0,172.0,23.0,58.0
583.0,172.0,23.0,58.0
582.0,172.0,23.0,58.0
582.0,171.0,23.0,58.0
581.0,171.0,23.0,58.0
579.0,171.0,23.0,58.0
578.0,171.0,23.0,58.0
576.0,171.0,23.0,58.0
574.0,171.0,23.0,58.0
573.0,172.0,23.0,58.0
571.0,172.0,23.0,58.0
569.0,172.0,23.0,58.0
568.0,173.0,23.0,58.0
566.0,173.0,23.0,58.0
565.0,173.0,23.0,58.0
563.0,173.0,23.0,58.0
562.0,173.0,23.0,58.0
561.0,173.0,23.0,58.0
561.0,173.0,23.0,58.0
560.0,173.0,23.0,58.0
560.0,173.0,23.0,58.0
560.0,173.0,23.0,58.0
560.0,173.0,23.0,58.0
559.0,175.0,23.0,58.0
557.0,177.0,23.0,58.0
556.0,179.0,23.0,58.0
555.0,178.0,23.0,58.0
553.0,177.0,23.0,58.0
552.0,176.0,23.0,58.0
550.0,176.0,23.0,58.0
549.0,175.0,23.0,58.0
547.0,175.0,23.0,58.0
546.0,175.0,23.0,58.0
544.0,176.0,23.0,58.0
543.0,176.0,23.0,58.0
541.0,177.0,23.0,58.0
540.0,177.0,23.0,58.0
538.0,178.0,23.0,58.0
536.0,178.0,23.0,58.0
533.0,178.0,23.0,58.0
531.0,178.0,23.0,58.0
530.0,179.0,23.0,58.0
529.0,179.0,23.0,58.0
528.0,180.0,23.0,58.0
527.0,180.0,24.0,58.0
526.0,180.0,25.0,58.0
525.0,180.0,26.0,58.0
525.0,180.0,26.0,58.0
525.0,180.0,26.0,58.0
525.0,180.0,26.0,58.0
525.0,180.0,26.0,59.0
525.0,180.0,27.0,59.0
525.0,180.0,27.0,60.0
525.0,180.0,27.0,60.0
525.0,180.0,27.0,60.0
525.0,180.0,27.0,60.0
526.0,180.0,27.0,59.0
526.0,181.0,27.0,57.0
527.0,181.0,27.0,56.0
528.0,181.0,27.0,57.0
529.0,180.0,27.0,59.0
530.0,180.0,27.0,60.0
531.0,179.0,27.0,59.0
532.0,179.0,27.0,58.0
533.0,178.0,27.0,57.0
533.0,178.0,27.0,57.0
533.0,178.0,27.0,58.0
533.0,178.0,27.0,58.0
532.0,177.0,27.0,58.0
532.0,177.0,27.0,58.0
531.0,176.0,27.0,58.0
529.0,177.0,27.0,58.0
528.0,177.0,27.0,58.0
526.0,178.0,27.0,58.0
523.0,178.0,27.0,58.0
520.0,177.0,27.0,58.0
517.0,177.0,27.0,58.0
514.0,177.0,27.0,58.0
512.0,177.0,27.0,58.0
509.0,177.0,27.0,58.0
506.0,177.0,27.0,58.0
503.0,177.0,27.0,58.0
500.0,177.0,27.0,58.0
497.0,177.0,27.0,58.0
493.0,177.0,27.0,58.0
490.0,177.0,27.0,58.0
488.0,176.0,27.0,58.0
485.0,176.0,27.0,58.0
483.0,175.0,27.0,58.0
480.0,175.0,27.0,58.0
476.0,176.0,27.0,58.0
473.0,176.0,27.0,58.0
470.0,175.0,27.0,58.0
467.0,175.0,27.0,58.0
464.0,174.0,27.0,58.0
461.0,173.0,27.0,58.0
459.0,172.0,27.0,58.0
456.0,171.0,27.0,58.0
452.0,171.0,27.0,58.0
449.0,171.0,27.0,58.0
445.0,171.0,27.0,58.0
443.0,170.0,27.0,58.0
440.0,170.0,27.0,58.0
438.0,169.0,27.0,58.0
437.0,168.0,27.0,58.0
436.0,168.0,27.0,58.0
435.0,167.0,27.0,58.0
434.0,167.0,27.0,58.0
432.0,166.0,27.0,58.0
431.0,166.0,27.0,58.0
431.0,165.0,27.0,58.0
430.0,164.0,27.0,58.0
430.0,163.0,27.0,58.0
429.0,162.0,27.0,58.0
429.0,162.0,27.0,58.0
428.0,161.0,27.0,58.0
428.0,161.0,27.0,58.0
428.0,161.0,27.0,58.0
428.0,161.0,27.0,58.0
427.0,159.0,27.0,58.0
426.0,157.0,27.0,58.0
425.0,155.0,27.0,58.0
425.0,155.0,27.0,58.0
425.0,155.0,27.0,58.0
425.0,155.0,27.0,58.0
423.0,155.0,27.0,58.0
422.0,154.0,27.0,58.0
420.0,154.0,27.0,58.0
419.0,152.0,27.0,58.0
417.0,151.0,27.0,58.0
416.0,149.0,27.0,58.0
414.0,148.0,27.0,58.0
412.0,148.0,27.0,58.0
410.0,147.0,27.0,58.0
408.0,146.0,27.0,58.0
405.0,146.0,27.0,58.0
403.0,145.0,27.0,58.0
402.0,145.0,26.0,58.0
401.0,145.0,24.0,58.0
400.0,145.0,23.0,58.0
398.0,144.0,23.0,58.0
395.0,144.0,23.0,58.0
393.0,143.0,23.0,58.0
390.0,143.0,23.0,58.0
387.0,142.0,23.0,58.0
384.0,142.0,23.0,58.0
382.0,141.0,23.0,58.0
381.0,141.0,23.0,58.0
379.0,140.0,23.0,58.0
377.0,139.0,23.0,58.0
374.0,139.0,23.0,58.0
372.0,138.0,23.0,58.0
369.0,138.0,23.0,58.0
367.0,139.0,23.0,58.0
364.0,139.0,23.0,58.0
361.0,139.0,23.0,58.0
359.0,139.0,23.0,58.0
356.0,139.0,23.0,58.0
354.0,138.0,23.0,58.0
353.0,137.0,23.0,58.0
351.0,136.0,23.0,58.0
350.0,137.0,23.0,58.0
349.0,137.0,23.0,58.0
348.0,138.0,23.0,58.0
348.0,138.0,23.0,58.0
348.0,138.0,23.0,58.0
348.0,138.0,23.0,58.0
349.0,137.0,23.0,58.0
349.0,135.0,23.0,58.0
350.0,134.0,23.0,58.0
353.0,134.0,23.0,58.0
357.0,134.0,23.0,58.0
360.0,134.0,23.0,58.0
367.0,134.0,24.0,58.0
373.0,133.0,25.0,58.0
380.0,133.0,26.0,58.0
388.0,133.0,26.0,56.0
395.0,132.0,26.0,55.0
403.0,132.0,26.0,53.0
414.0,130.0,26.0,55.0
424.0,127.0,26.0,56.0
435.0,125.0,26.0,58.0
444.0,125.0,25.0,56.0
452.0,125.0,25.0,55.0
461.0,125.0,24.0,53.0
469.0,125.0,24.0,55.0
478.0,124.0,24.0,56.0
486.0,124.0,24.0,58.0
492.0,124.0,25.0,59.0
498.0,124.0,25.0,59.0
504.0,124.0,26.0,60.0
508.0,124.0,26.0,58.0
512.0,124.0,26.0,57.0
516.0,124.0,26.0,55.0
518.0,124.0,26.0,57.0
521.0,124.0,26.0,59.0
523.0,124.0,26.0,61.0
525.0,124.0,26.0,59.0
527.0,124.0,26.0,58.0
529.0,124.0,26.0,56.0
529.0,126.0,26.0,56.0
530.0,127.0,26.0,56.0
530.0,129.0,26.0,56.0
529.0,129.0,26.0,56.0
529.0,130.0,26.0,56.0
528.0,130.0,26.0,56.0
528.0,130.0,26.0,56.0
528.0,130.0,26.0,56.0
528.0,130.0,26.0,56.0
527.0,132.0,26.0,56.0
525.0,134.0,26.0,56.0
524.0,136.0,26.0,56.0
523.0,136.0,25.0,58.0
522.0,137.0,25.0,61.0
521.0,137.0,24.0,63.0
520.0,138.0,24.0,61.0
519.0,139.0,24.0,60.0
518.0,140.0,24.0,58.0
518.0,142.0,24.0,58.0
518.0,143.0,24.0,58.0
518.0,145.0,24.0,58.0
518.0,145.0,24.0,60.0
518.0,146.0,24.0,61.0
518.0,146.0,24.0,63.0
519.0,147.0,24.0,61.0
521.0,149.0,24.0,59.0
522.0,150.0,24.0,57.0
523.0,152.0,24.0,57.0
524.0,154.0,24.0,58.0
525.0,156.0,24.0,58.0
527.0,157.0,24.0,59.0
528.0,157.0,24.0,61.0
530.0,158.0,24.0,62.0
532.0,161.0,24.0,61.0
533.0,163.0,24.0,60.0
535.0,166.0,24.0,59.0
537.0,167.0,24.0,61.0
538.0,167.0,25.0,62.0
540.0,168.0,25.0,64.0
541.0,169.0,25.0,64.0
542.0,171.0,25.0,64.0
543.0,172.0,25.0,64.0
544.0,174.0,25.0,62.0
546.0,175.0,25.0,59.0
547.0,177.0,25.0,57.0
547.0,177.0,25.0,58.0
547.0,177.0,25.0,60.0
547.0,177.0,25.0,61.0
547.0,179.0,25.0,61.0
548.0,180.0,25.0,61.0
548.0,182.0,25.0,61.0
548.0,183.0,25.0,61.0
548.0,184.0,25.0,61.0
548.0,185.0,25.0,61.0
549.0,186.0,25.0,61.0
550.0,186.0,25.0,62.0
551.0,187.0,25.0,62.0
551.0,188.0,25.0,62.0
551.0,189.0,25.0,62.0
551.0,190.0,25.0,62.0
552.0,192.0,25.0,62.0
552.0,194.0,25.0,62.0
553.0,196.0,25.0,62.0
554.0,196.0,25.0,63.0
555.0,196.0,25.0,64.0
556.0,196.0,25.0,65.0
556.0,197.0,25.0,65.0
556.0,199.0,25.0,65.0
556.0,200.0,25.0,65.0
556.0,200.0,25.0,65.0
556.0,200.0,25.0,65.0
556.0,200.0,25.0,65.0
557.0,201.0,25.0,66.0
558.0,203.0,25.0,68.0
559.0,204.0,25.0,69.0
559.0,206.0,25.0,66.0
559.0,209.0,25.0,64.0
559.0,211.0,25.0,61.0
560.0,211.0,25.0,61.0
560.0,212.0,25.0,62.0
561.0,212.0,25.0,62.0
561.0,212.0,25.0,64.0
561.0,212.0,25.0,65.0
561.0,212.0,25.0,67.0
561.0,213.0,25.0,66.0
561.0,215.0,25.0,65.0
561.0,216.0,25.0,64.0
560.0,217.0,25.0,64.0
559.0,219.0,25.0,64.0
558.0,220.0,25.0,64.0
557.0,220.0,25.0,64.0
556.0,220.0,25.0,64.0
555.0,220.0,25.0,64.0
555.0,220.0,25.0,64.0
554.0,221.0,25.0,64.0
554.0,221.0,25.0,64.0
554.0,221.0,25.0,64.0
554.0,221.0,25.0,64.0
554.0,221.0,25.0,64.0
553.0,220.0,25.0,64.0
552.0,220.0,25.0,64.0
551.0,219.0,25.0,64.0
552.0,219.0,25.0,64.0
552.0,218.0,25.0,64.0
553.0,218.0,25.0,64.0
555.0,217.0,25.0,64.0
556.0,216.0,25.0,64.0
558.0,215.0,25.0,64.0
561.0,213.0,25.0,64.0
563.0,212.0,25.0,64.0
566.0,210.0,25.0,64.0
568.0,210.0,25.0,64.0
571.0,210.0,25.0,64.0
573.0,210.0,25.0,64.0
575.0,209.0,25.0,64.0
576.0,208.0,25.0,64.0
578.0,207.0,25.0,64.0
579.0,206.0,25.0,64.0
579.0,206.0,25.0,64.0
580.0,205.0,25.0,64.0
580.0,203.0,25.0,64.0
580.0,202.0,25.0,64.0
580.0,200.0,25.0,64.0
579.0,201.0,25.0,63.0
579.0,202.0,25.0,62.0
578.0,203.0,25.0,61.0
578.0,203.0,25.0,61.0
578.0,203.0,25.0,61.0
578.0,203.0,25.0,61.0
578.0,205.0,25.0,59.0
578.0,206.0,25.0,58.0
578.0,208.0,25.0,56.0
578.0,208.0,23.0,55.0
578.0,208.0,22.0,53.0
578.0,208.0,20.0,52.0
578.0,211.0,20.0,49.0
578.0,214.0,20.0,45.0
578.0,217.0,20.0,42.0
578.0,218.0,20.0,42.0
578.0,219.0,20.0,42.0
578.0,220.0,20.0,42.0
578.0,220.0,20.0,42.0
578.0,220.0,20.0,42.0
578.0,220.0,20.0,42.0
577.0,223.0,20.0,40.0
577.0,225.0,20.0,39.0
576.0,228.0,20.0,37.0
576.0,232.0,20.0,35.0
576.0,236.0,19.0,33.0
576.0,240.0,19.0,31.0
nan,nan,nan,nan
nan,nan,nan,nan
nan,nan,nan,nan
nan,nan,nan,nan
nan,nan,nan,nan
nan,nan,nan,nan
nan,nan,nan,nan
nan,nan,nan,nan
nan,nan,nan,nan
nan,nan,nan,nan
nan,nan,nan,nan
nan,nan,nan,nan
nan,nan,nan,nan
nan,nan,nan,nan
nan,nan,nan,nan
nan,nan,nan,nan
nan,nan,nan,nan
nan,nan,nan,nan
nan,nan,nan,nan
nan,nan,nan,nan
nan,nan,nan,nan
nan,nan,nan,nan
nan,nan,nan,nan
538.0,240.0,26.0,33.0
536.0,241.0,27.0,38.0
535.0,241.0,27.0,42.0
533.0,242.0,28.0,47.0
531.0,244.0,28.0,47.0
530.0,245.0,28.0,47.0
528.0,247.0,28.0,47.0
526.0,249.0,28.0,47.0
523.0,250.0,28.0,47.0
521.0,252.0,28.0,47.0
519.0,253.0,28.0,51.0
516.0,254.0,28.0,54.0
514.0,255.0,28.0,58.0
511.0,257.0,29.0,58.0
509.0,258.0,31.0,58.0
506.0,260.0,32.0,58.0
503.0,261.0,32.0,58.0
501.0,263.0,32.0,58.0
498.0,264.0,32.0,58.0
495.0,266.0,32.0,55.0
493.0,269.0,32.0,52.0
490.0,271.0,32.0,49.0
487.0,272.0,31.0,50.0
484.0,274.0,30.0,52.0
481.0,275.0,29.0,53.0
478.0,275.0,29.0,55.0
474.0,275.0,29.0,56.0
471.0,275.0,29.0,58.0
468.0,277.0,30.0,58.0
466.0,278.0,32.0,58.0
463.0,280.0,33.0,58.0
463.0,282.0,32.0,56.0
463.0,285.0,31.0,55.0
463.0,287.0,30.0,53.0
465.0,288.0,30.0,53.0
466.0,288.0,30.0,53.0
468.0,289.0,30.0,53.0
470.0,290.0,30.0,53.0
472.0,292.0,30.0,53.0
474.0,293.0,30.0,53.0
476.0,295.0,30.0,52.0
478.0,297.0,30.0,52.0
480.0,299.0,30.0,51.0
480.0,301.0,30.0,51.0
481.0,302.0,30.0,51.0
481.0,304.0,30.0,51.0
481.0,304.0,30.0,51.0
481.0,304.0,30.0,51.0
481.0,304.0,30.0,51.0
480.0,305.0,30.0,51.0
480.0,307.0,30.0,51.0
479.0,308.0,30.0,51.0
479.0,310.0,30.0,51.0
478.0,311.0,30.0,51.0
478.0,313.0,30.0,51.0
475.0,315.0,30.0,51.0
472.0,317.0,30.0,51.0
469.0,319.0,30.0,51.0
466.0,320.0,30.0,51.0
463.0,321.0,30.0,51.0
460.0,322.0,30.0,51.0
457.0,325.0,30.0,51.0
454.0,327.0,30.0,51.0
451.0,330.0,30.0,51.0
448.0,331.0,30.0,51.0
446.0,332.0,30.0,51.0
443.0,333.0,30.0,51.0
441.0,334.0,30.0,51.0
438.0,335.0,30.0,51.0
436.0,336.0,30.0,51.0
435.0,337.0,31.0,51.0
434.0,339.0,32.0,51.0
433.0,340.0,33.0,51.0
433.0,340.0,35.0,52.0
433.0,340.0,37.0,52.0
433.0,340.0,39.0,53.0
438.0,342.0,37.0,53.0
444.0,343.0,35.0,54.0
449.0,345.0,33.0,54.0
454.0,345.0,33.0,54.0
458.0,345.0,33.0,54.0
463.0,345.0,33.0,54.0
469.0,346.0,33.0,54.0
474.0,348.0,33.0,54.0
480.0,349.0,33.0,54.0
486.0,349.0,33.0,54.0
493.0,350.0,33.0,54.0
499.0,350.0,33.0,54.0
505.0,351.0,33.0,54.0
511.0,352.0,33.0,54.0
517.0,353.0,33.0,54.0
522.0,353.0,31.0,54.0
527.0,354.0,29.0,54.0
532.0,354.0,27.0,54.0
535.0,353.0,29.0,55.0
537.0,353.0,31.0,55.0
540.0,352.0,33.0,56.0
542.0,353.0,33.0,56.0
544.0,354.0,33.0,56.0
546.0,355.0,33.0,56.0
548.0,357.0,31.0,56.0
551.0,360.0,30.0,56.0
553.0,362.0,28.0,56.0
553.0,362.0,28.0,56.0
553.0,362.0,28.0,56.0
553.0,362.0,28.0,56.0
552.0,362.0,28.0,56.0
552.0,362.0,28.0,56.0
551.0,362.0,28.0,56.0
550.0,364.0,28.0,56.0
550.0,367.0,28.0,56.0
549.0,369.0,28.0,56.0
549.0,369.0,28.0,56.0
548.0,369.0,28.0,56.0
548.0,369.0,28.0,56.0
548.0,371.0,28.0,56.0
548.0,372.0,28.0,56.0
548.0,374.0,28.0,56.0
548.0,374.0,30.0,56.0
548.0,374.0,31.0,56.0
548.0,374.0,33.0,56.0
549.0,374.0,33.0,56.0
551.0,375.0,33.0,56.0
552.0,375.0,33.0,56.0
555.0,373.0,33.0,57.0
558.0,372.0,32.0,58.0
561.0,370.0,32.0,59.0
563.0,373.0,31.0,57.0
564.0,377.0,30.0,55.0
566.0,380.0,29.0,53.0
567.0,380.0,32.0,54.0
568.0,380.0,34.0,56.0
569.0,380.0,37.0,57.0
570.0,381.0,37.0,57.0
572.0,382.0,37.0,57.0
573.0,383.0,37.0,57.0
575.0,384.0,37.0,57.0
576.0,384.0,37.0,57.0
578.0,385.0,37.0,57.0
578.0,385.0,37.0,57.0
578.0,385.0,37.0,57.0
578.0,385.0,37.0,57.0
579.0,384.0,37.0,57.0
581.0,384.0,37.0,57.0
582.0,383.0,37.0,57.0
581.0,382.0,37.0,57.0
581.0,381.0,37.0,57.0
580.0,380.0,37.0,57.0
579.0,380.0,36.0,57.0
578.0,381.0,36.0,56.0
577.0,381.0,35.0,56.0
576.0,382.0,35.0,56.0
575.0,382.0,35.0,56.0
574.0,383.0,35.0,56.0
574.0,383.0,34.0,56.0
574.0,383.0,34.0,56.0
574.0,383.0,33.0,56.0
572.0,382.0,33.0,56.0
571.0,381.0,33.0,56.0
569.0,380.0,33.0,56.0
568.0,380.0,33.0,56.0
568.0,380.0,33.0,56.0
567.0,380.0,33.0,56.0
566.0,381.0,33.0,56.0
566.0,381.0,33.0,56.0
565.0,382.0,33.0,56.0
565.0,381.0,33.0,56.0
565.0,380.0,33.0,56.0
565.0,379.0,33.0,56.0
564.0,379.0,32.0,56.0
564.0,380.0,32.0,56.0
563.0,380.0,31.0,56.0
561.0,381.0,31.0,56.0
560.0,381.0,31.0,56.0
558.0,382.0,31.0,56.0
558.0,382.0,31.0,56.0
558.0,382.0,31.0,56.0
558.0,382.0,31.0,56.0
558.0,382.0,31.0,56.0
558.0,382.0,31.0,56.0
558.0,382.0,31.0,56.0
557.0,382.0,31.0,56.0
555.0,382.0,31.0,56.0
554.0,382.0,31.0,56.0
554.0,382.0,31.0,56.0
554.0,382.0,31.0,56.0
554.0,382.0,31.0,56.0
554.0,383.0,31.0,53.0
553.0,385.0,31.0,51.0
553.0,386.0,31.0,48.0
553.0,385.0,32.0,49.0
552.0,385.0,32.0,50.0
552.0,384.0,33.0,51.0
551.0,384.0,33.0,53.0
551.0,383.0,33.0,54.0
550.0,383.0,33.0,56.0
550.0,383.0,33.0,56.0
550.0,383.0,33.0,56.0
550.0,383.0,33.0,56.0
551.0,384.0,32.0,55.0
552.0,384.0,32.0,54.0
553.0,385.0,31.0,53.0
552.0,385.0,32.0,53.0
551.0,385.0,34.0,54.0
550.0,385.0,35.0,54.0
549.0,386.0,36.0,55.0
548.0,388.0,38.0,55.0
547.0,389.0,39.0,56.0
547.0,390.0,39.0,56.0
547.0,392.0,39.0,56.0
547.0,393.0,39.0,56.0
547.0,393.0,39.0,56.0
547.0,393.0,39.0,56.0
547.0,393.0,39.0,56.0
547.0,393.0,38.0,55.0
547.0,393.0,38.0,53.0
547.0,393.0,37.0,52.0
546.0,391.0,38.0,53.0
544.0,389.0,40.0,54.0
543.0,387.0,41.0,55.0
543.0,385.0,42.0,56.0
543.0,383.0,43.0,58.0
543.0,381.0,44.0,59.0
545.0,381.0,42.0,58.0
547.0,380.0,40.0,56.0
549.0,380.0,38.0,55.0
548.0,380.0,38.0,56.0
548.0,380.0,39.0,56.0
547.0,380.0,39.0,57.0
547.0,380.0,39.0,57.0
547.0,380.0,39.0,57.0
547.0,380.0,39.0,57.0
546.0,379.0,39.0,57.0
546.0,379.0,40.0,57.0
545.0,378.0,40.0,57.0
546.0,379.0,40.0,57.0
547.0,379.0,40.0,57.0
548.0,380.0,40.0,57.0
549.0,379.0,39.0,56.0
550.0,378.0,39.0,55.0
551.0,377.0,38.0,54.0
550.0,375.0,38.0,55.0
549.0,374.0,39.0,55.0
548.0,372.0,39.0,56.0
550.0,371.0,38.0,59.0
551.0,369.0,37.0,61.0
553.0,368.0,36.0,64.0
554.0,368.0,36.0,62.0
556.0,368.0,36.0,61.0
557.0,368.0,36.0,59.0
559.0,367.0,35.0,59.0
560.0,366.0,33.0,59.0
562.0,365.0,32.0,59.0
562.0,364.0,32.0,59.0
563.0,363.0,32.0,59.0
563.0,362.0,32.0,59.0
565.0,362.0,32.0,59.0
566.0,361.0,33.0,60.0
568.0,361.0,33.0,60.0
570.0,361.0,32.0,60.0
571.0,360.0,32.0,60.0
573.0,360.0,31.0,60.0
574.0,359.0,31.0,60.0
576.0,359.0,31.0,60.0
577.0,358.0,31.0,60.0
579.0,356.0,31.0,60.0
581.0,353.0,31.0,60.0
583.0,351.0,31.0,60.0
584.0,351.0,31.0,60.0
586.0,350.0,31.0,60.0
587.0,350.0,31.0,60.0
589.0,350.0,31.0,60.0
591.0,350.0,31.0,60.0
593.0,350.0,31.0,60.0
594.0,349.0,31.0,60.0
595.0,348.0,31.0,60.0
596.0,347.0,31.0,60.0
597.0,345.0,31.0,60.0
599.0,344.0,31.0,60.0
600.0,342.0,31.0,60.0
602.0,341.0,31.0,60.0
604.0,341.0,31.0,60.0
606.0,340.0,31.0,60.0
608.0,339.0,31.0,60.0
609.0,338.0,31.0,60.0
611.0,337.0,31.0,60.0
612.0,336.0,31.0,60.0
613.0,336.0,31.0,60.0
614.0,335.0,31.0,60.0
614.0,333.0,31.0,60.0
615.0,331.0,31.0,60.0
615.0,329.0,31.0,60.0
616.0,328.0,31.0,60.0
616.0,328.0,31.0,61.0
617.0,327.0,31.0,61.0
617.0,327.0,31.0,61.0
618.0,326.0,31.0,61.0
618.0,326.0,31.0,61.0
618.0,325.0,31.0,61.0
619.0,324.0,31.0,61.0
619.0,323.0,31.0,61.0
618.0,321.0,31.0,61.0
618.0,318.0,31.0,61.0
617.0,316.0,31.0,61.0
616.0,316.0,31.0,61.0
614.0,315.0,31.0,61.0
613.0,315.0,31.0,61.0
612.0,314.0,31.0,61.0
611.0,313.0,31.0,61.0
610.0,312.0,31.0,61.0
608.0,311.0,31.0,61.0
607.0,311.0,31.0,61.0
605.0,310.0,31.0,61.0
604.0,308.0,31.0,61.0
602.0,307.0,31.0,61.0
601.0,305.0,31.0,61.0
600.0,304.0,31.0,61.0
599.0,304.0,31.0,61.0
598.0,303.0,31.0,61.0
598.0,302.0,31.0,61.0
598.0,301.0,31.0,61.0
598.0,300.0,31.0,61.0
597.0,298.0,31.0,61.0
596.0,297.0,31.0,61.0
595.0,295.0,31.0,61.0
596.0,293.0,31.0,61.0
597.0,292.0,31.0,61.0
598.0,290.0,31.0,61.0
598.0,289.0,31.0,59.0
598.0,289.0,31.0,58.0
598.0,288.0,31.0,56.0
601.0,288.0,30.0,56.0
605.0,288.0,29.0,56.0
608.0,288.0,28.0,56.0
610.0,286.0,28.0,57.0
612.0,285.0,28.0,58.0
614.0,283.0,28.0,59.0
617.0,282.0,28.0,59.0
621.0,280.0,28.0,59.0
624.0,279.0,28.0,59.0
628.0,279.0,28.0,60.0
633.0,278.0,28.0,60.0
637.0,278.0,28.0,61.0
639.0,278.0,28.0,61.0
642.0,277.0,28.0,61.0
644.0,277.0,28.0,61.0
647.0,276.0,28.0,61.0
649.0,276.0,28.0,62.0
652.0,275.0,28.0,62.0
654.0,274.0,28.0,62.0
656.0,274.0,28.0,62.0
658.0,273.0,28.0,62.0
660.0,272.0,28.0,62.0
661.0,272.0,28.0,62.0
663.0,271.0,28.0,62.0
663.0,271.0,28.0,62.0
663.0,271.0,27.0,62.0
663.0,271.0,27.0,62.0
663.0,270.0,27.0,62.0
663.0,269.0,27.0,62.0
663.0,268.0,27.0,62.0
662.0,267.0,27.0,62.0
662.0,267.0,27.0,63.0
661.0,266.0,27.0,63.0
659.0,266.0,27.0,63.0
657.0,266.0,27.0,63.0
655.0,266.0,27.0,63.0
653.0,266.0,27.0,63.0
650.0,267.0,27.0,63.0
648.0,267.0,27.0,63.0
647.0,266.0,27.0,63.0
645.0,264.0,27.0,63.0
644.0,263.0,27.0,63.0
642.0,263.0,27.0,63.0
641.0,262.0,27.0,63.0
639.0,262.0,27.0,63.0
637.0,262.0,27.0,63.0
636.0,261.0,27.0,63.0
634.0,261.0,27.0,63.0
632.0,261.0,27.0,63.0
631.0,262.0,27.0,63.0
629.0,262.0,27.0,63.0
627.0,261.0,27.0,63.0
625.0,260.0,27.0,63.0
623.0,259.0,27.0,63.0
622.0,259.0,27.0,63.0
621.0,258.0,27.0,63.0
620.0,258.0,27.0,63.0
620.0,258.0,27.0,63.0
620.0,258.0,27.0,63.0
620.0,258.0,27.0,63.0
620.0,258.0,27.0,63.0
620.0,258.0,27.0,63.0
620.0,258.0,27.0,63.0
621.0,257.0,27.0,63.0
621.0,257.0,27.0,63.0
622.0,256.0,27.0,63.0
624.0,255.0,27.0,64.0
625.0,254.0,27.0,65.0
627.0,253.0,27.0,66.0
628.0,254.0,27.0,66.0
629.0,254.0,26.0,66.0
630.0,255.0,26.0,66.0
631.0,255.0,26.0,66.0
632.0,255.0,26.0,66.0
633.0,255.0,26.0,66.0
634.0,254.0,26.0,66.0
634.0,252.0,26.0,66.0
635.0,251.0,26.0,66.0
636.0,251.0,26.0,66.0
638.0,250.0,26.0,66.0
639.0,250.0,26.0,66.0
639.0,251.0,26.0,66.0
639.0,253.0,26.0,66.0
639.0,254.0,26.0,66.0
639.0,254.0,26.0,66.0
639.0,254.0,26.0,66.0
639.0,254.0,26.0,66.0
639.0,253.0,26.0,66.0
638.0,251.0,26.0,66.0
638.0,250.0,26.0,66.0
637.0,250.0,26.0,66.0
637.0,250.0,26.0,66.0
636.0,250.0,26.0,66.0
635.0,250.0,26.0,64.0
634.0,250.0,26.0,62.0
633.0,250.0,26.0,60.0
633.0,249.0,26.0,60.0
632.0,249.0,26.0,60.0
632.0,248.0,26.0,60.0
632.0,248.0,26.0,61.0
632.0,248.0,26.0,61.0
632.0,248.0,26.0,62.0
632.0,248.0,26.0,62.0
632.0,248.0,26.0,62.0
632.0,248.0,26.0,62.0
632.0,248.0,24.0,62.0
632.0,248.0,23.0,62.0
632.0,248.0,21.0,62.0
632.0,247.0,21.0,62.0
632.0,246.0,21.0,62.0
632.0,245.0,21.0,62.0
632.0,245.0,21.0,62.0
632.0,245.0,21.0,62.0
632.0,245.0,21.0,62.0
633.0,245.0,22.0,62.0
633.0,246.0,22.0,62.0
634.0,246.0,23.0,62.0
635.0,246.0,23.0,62.0
637.0,245.0,23.0,62.0
638.0,245.0,23.0,62.0
641.0,244.0,23.0,62.0
643.0,244.0,23.0,62.0
646.0,243.0,23.0,62.0
647.0,243.0,23.0,62.0
649.0,242.0,23.0,62.0
650.0,242.0,23.0,62.0
651.0,243.0,23.0,62.0
652.0,243.0,23.0,62.0
653.0,244.0,23.0,62.0
654.0,244.0,23.0,62.0
655.0,243.0,23.0,62.0
656.0,243.0,23.0,62.0
657.0,242.0,23.0,62.0
659.0,242.0,23.0,62.0
660.0,241.0,23.0,62.0
660.0,241.0,23.0,62.0
660.0,240.0,23.0,62.0
660.0,240.0,23.0,62.0
660.0,241.0,24.0,62.0
660.0,241.0,26.0,62.0
660.0,242.0,27.0,62.0
659.0,241.0,27.0,62.0
659.0,240.0,27.0,62.0
658.0,239.0,27.0,62.0
658.0,239.0,27.0,62.0
658.0,239.0,27.0,62.0
658.0,239.0,27.0,62.0
657.0,239.0,27.0,62.0
657.0,239.0,27.0,62.0
656.0,239.0,27.0,62.0
656.0,239.0,27.0,62.0
656.0,239.0,27.0,62.0
656.0,239.0,27.0,62.0
656.0,239.0,27.0,62.0
656.0,239.0,27.0,62.0
656.0,239.0,27.0,62.0
656.0,239.0,27.0,62.0
656.0,239.0,27.0,62.0
656.0,239.0,27.0,62.0
656.0,239.0,27.0,62.0
656.0,239.0,27.0,62.0
656.0,239.0,27.0,62.0
656.0,239.0,27.0,62.0
656.0,239.0,27.0,62.0
656.0,239.0,27.0,62.0
655.0,239.0,27.0,62.0
654.0,238.0,27.0,62.0
653.0,238.0,27.0,62.0
653.0,238.0,27.0,62.0
653.0,238.0,27.0,62.0
653.0,238.0,27.0,62.0
653.0,239.0,26.0,61.0
653.0,241.0,25.0,59.0
653.0,242.0,24.0,58.0
653.0,241.0,23.0,58.0
653.0,241.0,23.0,58.0
653.0,240.0,22.0,58.0
653.0,240.0,22.0,58.0
653.0,240.0,22.0,58.0
653.0,240.0,22.0,58.0
653.0,240.0,22.0,58.0
653.0,240.0,22.0,58.0
653.0,240.0,22.0,58.0
654.0,241.0,22.0,58.0
654.0,241.0,22.0,58.0
655.0,242.0,22.0,58.0
655.0,243.0,22.0,58.0
655.0,244.0,22.0,58.0
655.0,245.0,22.0,58.0
655.0,245.0,23.0,58.0
655.0,245.0,24.0,58.0
655.0,245.0,25.0,58.0
655.0,246.0,25.0,58.0
655.0,247.0,25.0,58.0
655.0,248.0,25.0,58.0
655.0,249.0,26.0,58.0
656.0,250.0,27.0,58.0
656.0,251.0,28.0,58.0
656.0,251.0,27.0,58.0
656.0,251.0,25.0,58.0
656.0,251.0,24.0,58.0
656.0,251.0,24.0,58.0
656.0,251.0,23.0,58.0
656.0,251.0,23.0,58.0
655.0,252.0,23.0,58.0
653.0,253.0,23.0,58.0
652.0,254.0,23.0,58.0
652.0,256.0,23.0,58.0
652.0,257.0,23.0,58.0
652.0,259.0,23.0,58.0
651.0,260.0,23.0,58.0
649.0,261.0,23.0,58.0
648.0,262.0,23.0,58.0
647.0,263.0,24.0,59.0
645.0,264.0,25.0,60.0
644.0,265.0,26.0,61.0
642.0,267.0,26.0,61.0
641.0,269.0,26.0,61.0
639.0,271.0,26.0,61.0
639.0,273.0,26.0,59.0
639.0,274.0,26.0,58.0
639.0,276.0,26.0,56.0
640.0,277.0,26.0,56.0
641.0,279.0,26.0,56.0
642.0,280.0,26.0,56.0
642.0,282.0,26.0,56.0
643.0,285.0,26.0,56.0
643.0,287.0,26.0,56.0
645.0,288.0,26.0,56.0
646.0,289.0,26.0,56.0
648.0,290.0,26.0,56.0
650.0,293.0,26.0,56.0
652.0,295.0,26.0,56.0
654.0,298.0,26.0,56.0
654.0,300.0,26.0,56.0
654.0,303.0,26.0,56.0
654.0,305.0,26.0,56.0
654.0,307.0,26.0,56.0
653.0,308.0,26.0,56.0
653.0,310.0,26.0,56.0
651.0,311.0,25.0,56.0
650.0,313.0,24.0,56.0
648.0,314.0,23.0,56.0
647.0,315.0,23.0,56.0
646.0,316.0,23.0,56.0
645.0,317.0,23.0,56.0
644.0,321.0,22.0,47.0
642.0,324.0,21.0,38.0
641.0,328.0,20.0,29.0
639.0,328.0,20.0,33.0
637.0,327.0,20.0,38.0
635.0,327.0,20.0,42.0
632.0,328.0,22.0,48.0
629.0,328.0,24.0,54.0
626.0,329.0,26.0,60.0
625.0,332.0,27.0,61.0
624.0,334.0,27.0,62.0
623.0,337.0,28.0,63.0
624.0,339.0,29.0,64.0
624.0,340.0,30.0,64.0
625.0,342.0,31.0,65.0
628.0,345.0,29.0,65.0
631.0,348.0,28.0,65.0
634.0,351.0,26.0,65.0
640.0,352.0,26.0,65.0
645.0,353.0,26.0,65.0
651.0,354.0,26.0,65.0
658.0,356.0,26.0,65.0
665.0,357.0,26.0,65.0
672.0,359.0,26.0,65.0
680.0,362.0,27.0,65.0
688.0,366.0,27.0,65.0
696.0,369.0,28.0,65.0
705.0,372.0,28.0,65.0
714.0,376.0,28.0,65.0
723.0,379.0,28.0,65.0
733.0,383.0,28.0,65.0
743.0,386.0,28.0,65.0
753.0,390.0,28.0,65.0
761.0,394.0,28.0,65.0
768.0,397.0,28.0,65.0
776.0,401.0,28.0,65.0
782.0,405.0,28.0,65.0
787.0,408.0,28.0,65.0
793.0,412.0,28.0,65.0
798.0,416.0,28.0,65.0
804.0,419.0,28.0,65.0
809.0,423.0,28.0,65.0
811.0,425.0,28.0,65.0
814.0,427.0,28.0,65.0
816.0,429.0,28.0,65.0
818.0,434.0,28.0,65.0
820.0,440.0,28.0,65.0
822.0,445.0,28.0,65.0
821.0,446.0,28.0,65.0
819.0,448.0,28.0,65.0
818.0,449.0,28.0,65.0
816.0,453.0,30.0,66.0
815.0,457.0,31.0,67.0
813.0,461.0,33.0,68.0
811.0,464.0,33.0,68.0
809.0,467.0,33.0,68.0
807.0,470.0,33.0,68.0
805.0,474.0,33.0,68.0
802.0,477.0,33.0,68.0
800.0,481.0,33.0,68.0
798.0,484.0,33.0,69.0
795.0,486.0,34.0,71.0
793.0,489.0,34.0,72.0
792.0,493.0,33.0,72.0
791.0,497.0,32.0,72.0
790.0,501.0,31.0,72.0
790.0,501.0,31.0,72.0
790.0,501.0,31.0,72.0
790.0,501.0,31.0,72.0
789.0,504.0,32.0,72.0
789.0,508.0,33.0,72.0
788.0,511.0,34.0,72.0
790.0,515.0,34.0,72.0
793.0,518.0,34.0,72.0
795.0,522.0,34.0,72.0
799.0,526.0,34.0,72.0
803.0,530.0,33.0,72.0
807.0,534.0,33.0,72.0
810.0,537.0,35.0,72.0
812.0,541.0,36.0,73.0
815.0,544.0,38.0,73.0
817.0,546.0,38.0,73.0
819.0,549.0,39.0,72.0
821.0,551.0,39.0,72.0
825.0,554.0,38.0,72.0
830.0,558.0,37.0,72.0
834.0,561.0,36.0,72.0
835.0,563.0,36.0,72.0
835.0,564.0,36.0,72.0
836.0,566.0,36.0,72.0
833.0,570.0,38.0,74.0
830.0,575.0,41.0,75.0
827.0,579.0,43.0,77.0
827.0,582.0,40.0,77.0
828.0,585.0,37.0,77.0
828.0,588.0,34.0,77.0
826.0,589.0,36.0,77.0
823.0,589.0,37.0,78.0
821.0,590.0,39.0,78.0
818.0,592.0,39.0,76.0
814.0,594.0,39.0,75.0
811.0,596.0,39.0,73.0
808.0,597.0,39.0,73.0
805.0,597.0,39.0,73.0
802.0,598.0,39.0,73.0
798.0,599.0,39.0,73.0
793.0,601.0,39.0,73.0
789.0,602.0,39.0,73.0
784.0,602.0,39.0,74.0
779.0,603.0,39.0,74.0
774.0,603.0,39.0,75.0
770.0,604.0,39.0,75.0
767.0,605.0,39.0,75.0
763.0,606.0,39.0,75.0
760.0,605.0,37.0,75.0
756.0,605.0,36.0,75.0
753.0,604.0,34.0,75.0
749.0,603.0,34.0,75.0
746.0,602.0,34.0,75.0
742.0,601.0,34.0,75.0
737.0,600.0,34.0,75.0
733.0,600.0,34.0,75.0
728.0,599.0,34.0,75.0
723.0,598.0,34.0,77.0
718.0,597.0,34.0,79.0
713.0,596.0,34.0,81.0
710.0,595.0,34.0,81.0
706.0,595.0,34.0,82.0
703.0,594.0,34.0,82.0
698.0,593.0,34.0,81.0
693.0,592.0,34.0,79.0
688.0,591.0,34.0,78.0
682.0,588.0,34.0,78.0
676.0,586.0,34.0,78.0
670.0,583.0,34.0,78.0
663.0,581.0,34.0,78.0
656.0,580.0,34.0,78.0
649.0,578.0,34.0,78.0
642.0,576.0,34.0,78.0
636.0,575.0,34.0,78.0
629.0,573.0,34.0,78.0
624.0,571.0,34.0,79.0
618.0,568.0,34.0,81.0
613.0,566.0,34.0,82.0
606.0,563.0,34.0,82.0
598.0,561.0,34.0,82.0
591.0,558.0,34.0,82.0
586.0,556.0,34.0,82.0
581.0,554.0,34.0,82.0
576.0,552.0,34.0,82.0
570.0,550.0,34.0,82.0
564.0,547.0,34.0,82.0
558.0,545.0,34.0,82.0
552.0,542.0,34.0,82.0
546.0,539.0,34.0,82.0
540.0,536.0,34.0,82.0
535.0,534.0,34.0,82.0
531.0,531.0,34.0,82.0
526.0,529.0,34.0,82.0
522.0,525.0,34.0,82.0
518.0,521.0,34.0,82.0
514.0,517.0,34.0,82.0
509.0,513.0,35.0,81.0
505.0,509.0,37.0,79.0
500.0,505.0,38.0,78.0
495.0,501.0,38.0,78.0
489.0,496.0,38.0,78.0
484.0,492.0,38.0,78.0
481.0,488.0,38.0,78.0
479.0,485.0,38.0,78.0
476.0,481.0,38.0,78.0
473.0,478.0,39.0,77.0
469.0,474.0,39.0,76.0
466.0,471.0,40.0,75.0
462.0,466.0,40.0,75.0
459.0,461.0,40.0,75.0
455.0,456.0,40.0,75.0
452.0,452.0,40.0,75.0
450.0,448.0,40.0,75.0
447.0,444.0,40.0,75.0
446.0,440.0,38.0,75.0
444.0,436.0,37.0,75.0
443.0,432.0,35.0,75.0
440.0,429.0,34.0,74.0
438.0,426.0,34.0,73.0
435.0,423.0,33.0,72.0
433.0,419.0,33.0,72.0
432.0,415.0,33.0,72.0
430.0,411.0,33.0,72.0
427.0,407.0,33.0,72.0
425.0,402.0,33.0,72.0
422.0,398.0,33.0,72.0
420.0,394.0,33.0,72.0
418.0,390.0,33.0,72.0
416.0,386.0,33.0,72.0
414.0,383.0,33.0,72.0
411.0,380.0,33.0,72.0
409.0,377.0,33.0,72.0
407.0,374.0,33.0,72.0
405.0,370.0,33.0,72.0
403.0,367.0,33.0,72.0
402.0,363.0,33.0,70.0
401.0,358.0,33.0,67.0
400.0,354.0,33.0,65.0
399.0,351.0,31.0,65.0
397.0,349.0,30.0,65.0
396.0,346.0,28.0,65.0
395.0,344.0,28.0,65.0
395.0,341.0,28.0,65.0
394.0,339.0,28.0,65.0
394.0,335.0,28.0,65.0
393.0,332.0,28.0,65.0
393.0,328.0,28.0,65.0
393.0,324.0,28.0,65.0
393.0,321.0,28.0,65.0
393.0,317.0,28.0,65.0
394.0,314.0,28.0,65.0
395.0,312.0,28.0,65.0
396.0,309.0,28.0,65.0
397.0,307.0,28.0,63.0
398.0,305.0,28.0,60.0
399.0,303.0,28.0,58.0
401.0,300.0,28.0,58.0
402.0,297.0,28.0,58.0
404.0,294.0,28.0,58.0
408.0,291.0,26.0,52.0
411.0,288.0,23.0,46.0
415.0,285.0,21.0,40.0
418.0,283.0,21.0,37.0
421.0,281.0,21.0,35.0
424.0,279.0,21.0,32.0
426.0,277.0,20.0,32.0
428.0,276.0,20.0,33.0
430.0,274.0,19.0,33.0
nan,nan,nan,nan
nan,nan,nan,nan
nan,nan,nan,nan
nan,nan,nan,nan
nan,nan,nan,nan
nan,nan,nan,nan
nan,nan,nan,nan
nan,nan,nan,nan
nan,nan,nan,nan
nan,nan,nan,nan
nan,nan,nan,nan
nan,nan,nan,nan
nan,nan,nan,nan
nan,nan,nan,nan
nan,nan,nan,nan
nan,nan,nan,nan
nan,nan,nan,nan
444.0,239.0,17.0,30.0
443.0,238.0,18.0,34.0
443.0,238.0,18.0,38.0
442.0,237.0,19.0,42.0
442.0,237.0,19.0,42.0
442.0,237.0,19.0,42.0
442.0,237.0,19.0,42.0
442.0,235.0,19.0,42.0
443.0,234.0,19.0,42.0
443.0,232.0,19.0,42.0
442.0,230.0,20.0,44.0
441.0,227.0,20.0,47.0
440.0,225.0,21.0,49.0
441.0,224.0,21.0,49.0
442.0,223.0,21.0,49.0
443.0,222.0,21.0,49.0
444.0,221.0,21.0,49.0
446.0,221.0,21.0,49.0
447.0,220.0,21.0,49.0
449.0,218.0,21.0,49.0
451.0,217.0,21.0,49.0
453.0,215.0,21.0,49.0
457.0,213.0,21.0,49.0
462.0,210.0,21.0,49.0
466.0,208.0,21.0,49.0
471.0,207.0,21.0,49.0
475.0,205.0,21.0,49.0
480.0,204.0,21.0,49.0
487.0,203.0,21.0,49.0
493.0,201.0,21.0,49.0
500.0,200.0,21.0,49.0
505.0,198.0,21.0,49.0
510.0,197.0,21.0,49.0
515.0,195.0,21.0,49.0
521.0,193.0,21.0,49.0
527.0,192.0,21.0,49.0
533.0,190.0,21.0,49.0
539.0,189.0,21.0,49.0
545.0,188.0,21.0,49.0
551.0,187.0,21.0,49.0
555.0,186.0,21.0,49.0
558.0,184.0,21.0,49.0
562.0,183.0,21.0,49.0
562.0,183.0,21.0,49.0
562.0,183.0,21.0,49.0
562.0,183.0,21.0,49.0
562.0,181.0,21.0,49.0
563.0,179.0,21.0,49.0
563.0,177.0,21.0,49.0
565.0,176.0,21.0,49.0
566.0,176.0,21.0,49.0
568.0,175.0,21.0,49.0
568.0,174.0,21.0,49.0
567.0,174.0,21.0,49.0
567.0,173.0,21.0,49.0
567.0,172.0,21.0,49.0
567.0,172.0,21.0,49.0
567.0,171.0,21.0,49.0
567.0,171.0,21.0,49.0
567.0,171.0,21.0,49.0
567.0,171.0,21.0,49.0
569.0,171.0,21.0,48.0
571.0,170.0,21.0,47.0
573.0,170.0,21.0,46.0
577.0,168.0,21.0,46.0
581.0,167.0,21.0,46.0
585.0,165.0,21.0,46.0
591.0,163.0,21.0,46.0
598.0,162.0,21.0,46.0
604.0,160.0,21.0,46.0
611.0,160.0,21.0,46.0
619.0,159.0,21.0,46.0
626.0,159.0,21.0,46.0
636.0,160.0,21.0,46.0
645.0,160.0,21.0,46.0
655.0,161.0,21.0,46.0
665.0,160.0,21.0,46.0
675.0,160.0,21.0,46.0
685.0,159.0,21.0,46.0
694.0,159.0,21.0,46.0
704.0,158.0,21.0,46.0
713.0,158.0,21.0,46.0
724.0,158.0,21.0,46.0
735.0,159.0,21.0,46.0
746.0,159.0,21.0,46.0
755.0,159.0,21.0,46.0
765.0,160.0,21.0,46.0
774.0,160.0,21.0,46.0
782.0,160.0,21.0,46.0
791.0,159.0,21.0,46.0
799.0,159.0,21.0,46.0
806.0,160.0,21.0,46.0
814.0,160.0,21.0,46.0
821.0,161.0,21.0,46.0
828.0,162.0,21.0,46.0
834.0,162.0,21.0,46.0
841.0,163.0,21.0,46.0
845.0,162.0,21.0,46.0
849.0,162.0,21.0,46.0
853.0,161.0,21.0,46.0
856.0,161.0,21.0,46.0
858.0,161.0,21.0,46.0
861.0,161.0,21.0,46.0
863.0,160.0,21.0,46.0
864.0,159.0,21.0,46.0
866.0,158.0,21.0,46.0
866.0,158.0,21.0,46.0
866.0,158.0,21.0,46.0
866.0,158.0,21.0,46.0
866.0,158.0,21.0,46.0
866.0,158.0,21.0,46.0
866.0,158.0,21.0,46.0
866.0,157.0,21.0,46.0
865.0,157.0,21.0,46.0
865.0,156.0,21.0,46.0
864.0,156.0,21.0,46.0
864.0,156.0,21.0,46.0
863.0,156.0,21.0,46.0
863.0,154.0,21.0,46.0
863.0,153.0,21.0,46.0
863.0,151.0,21.0,46.0
864.0,151.0,21.0,46.0
866.0,151.0,21.0,46.0
867.0,151.0,21.0,46.0
871.0,151.0,21.0,46.0
875.0,150.0,21.0,46.0
879.0,150.0,21.0,46.0
886.0,151.0,20.0,45.0
892.0,152.0,19.0,44.0
899.0,153.0,18.0,43.0
905.0,153.0,18.0,43.0
912.0,153.0,18.0,43.0
918.0,153.0,18.0,43.0
927.0,153.0,18.0,43.0
936.0,153.0,18.0,43.0
945.0,153.0,18.0,43.0
953.0,154.0,18.0,43.0
960.0,156.0,18.0,43.0
968.0,157.0,18.0,43.0
975.0,158.0,18.0,43.0
981.0,158.0,18.0,43.0
988.0,159.0,18.0,43.0
994.0,161.0,18.0,43.0
999.0,163.0,18.0,43.0
1005.0,165.0,18.0,43.0
1007.0,164.0,18.0,43.0
1010.0,163.0,18.0,43.0
1012.0,162.0,18.0,43.0
1011.0,162.0,18.0,43.0
1009.0,162.0,18.0,43.0
1008.0,162.0,18.0,43.0
1004.0,162.0,18.0,43.0
999.0,162.0,18.0,43.0
995.0,162.0,18.0,43.0
988.0,162.0,18.0,43.0
980.0,161.0,18.0,43.0
973.0,161.0,18.0,43.0
965.0,160.0,18.0,43.0
957.0,158.0,18.0,43.0
949.0,157.0,18.0,43.0
943.0,157.0,18.0,43.0
937.0,156.0,18.0,43.0
931.0,156.0,18.0,43.0
923.0,156.0,18.0,43.0
915.0,156.0,18.0,43.0
907.0,156.0,18.0,43.0
901.0,155.0,18.0,43.0
896.0,155.0,18.0,43.0
890.0,154.0,18.0,43.0
884.0,154.0,18.0,43.0
878.0,155.0,18.0,43.0
872.0,155.0,18.0,43.0
871.0,156.0,18.0,43.0
871.0,156.0,18.0,43.0
870.0,157.0,18.0,43.0
872.0,158.0,18.0,43.0
873.0,160.0,18.0,43.0
875.0,161.0,18.0,43.0
879.0,162.0,18.0,43.0
884.0,162.0,18.0,43.0
888.0,163.0,18.0,43.0
893.0,164.0,18.0,43.0
898.0,165.0,18.0,43.0
903.0,166.0,18.0,43.0
910.0,168.0,18.0,43.0
916.0,170.0,18.0,43.0
923.0,172.0,18.0,43.0
930.0,173.0,18.0,43.0
937.0,175.0,18.0,43.0
944.0,176.0,18.0,43.0
950.0,178.0,18.0,43.0
956.0,179.0,18.0,43.0
962.0,181.0,18.0,43.0
964.0,183.0,19.0,44.0
967.0,184.0,20.0,45.0
969.0,186.0,21.0,46.0
969.0,188.0,23.0,44.0
969.0,191.0,24.0,41.0
969.0,193.0,26.0,39.0
969.0,194.0,27.0,39.0
970.0,195.0,27.0,40.0
970.0,196.0,28.0,40.0
968.0,196.0,28.0,41.0
966.0,196.0,28.0,43.0
964.0,196.0,28.0,44.0
961.0,196.0,28.0,44.0
959.0,197.0,28.0,44.0
956.0,197.0,28.0,44.0
952.0,199.0,28.0,44.0
947.0,202.0,29.0,43.0
943.0,204.0,29.0,43.0
941.0,204.0,29.0,43.0
938.0,205.0,29.0,43.0
936.0,205.0,29.0,43.0
933.0,206.0,29.0,44.0
930.0,206.0,29.0,45.0
927.0,207.0,29.0,46.0
926.0,208.0,29.0,46.0
924.0,209.0,29.0,46.0
923.0,210.0,29.0,46.0
920.0,212.0,29.0,46.0
917.0,213.0,29.0,46.0
914.0,215.0,29.0,46.0
911.0,215.0,29.0,46.0
907.0,216.0,29.0,46.0
904.0,216.0,29.0,46.0
900.0,217.0,29.0,46.0
897.0,218.0,28.0,46.0
893.0,219.0,28.0,46.0
891.0,221.0,27.0,46.0
890.0,223.0,26.0,45.0
888.0,225.0,25.0,45.0
887.0,227.0,25.0,45.0
886.0,228.0,25.0,45.0
885.0,230.0,25.0,45.0
884.0,231.0,25.0,45.0
883.0,233.0,25.0,45.0
882.0,234.0,25.0,45.0
881.0,236.0,25.0,45.0
879.0,238.0,25.0,45.0
878.0,240.0,25.0,45.0
878.0,242.0,25.0,45.0
878.0,243.0,25.0,45.0
878.0,245.0,25.0,45.0
877.0,247.0,25.0,45.0
875.0,249.0,25.0,45.0
874.0,251.0,25.0,45.0
874.0,252.0,25.0,45.0
873.0,254.0,25.0,45.0
873.0,255.0,25.0,45.0
872.0,257.0,25.0,45.0
870.0,259.0,25.0,45.0
869.0,261.0,25.0,45.0
868.0,263.0,25.0,45.0
867.0,266.0,25.0,45.0
866.0,268.0,25.0,45.0
864.0,270.0,25.0,45.0
862.0,273.0,25.0,45.0
860.0,275.0,25.0,45.0
858.0,276.0,25.0,45.0
855.0,277.0,25.0,45.0
853.0,278.0,25.0,45.0
850.0,279.0,25.0,46.0
846.0,279.0,25.0,48.0
843.0,280.0,25.0,49.0
839.0,282.0,25.0,49.0
836.0,284.0,25.0,49.0
832.0,286.0,25.0,49.0
828.0,288.0,25.0,48.0
824.0,290.0,25.0,47.0
820.0,292.0,25.0,46.0
816.0,294.0,25.0,46.0
812.0,295.0,25.0,46.0
808.0,297.0,25.0,46.0
805.0,298.0,23.0,44.0
801.0,299.0,20.0,41.0
798.0,300.0,18.0,39.0
791.0,302.0,18.0,36.0
785.0,305.0,18.0,34.0
778.0,307.0,18.0,31.0
773.0,308.0,19.0,34.0
768.0,310.0,19.0,36.0
763.0,311.0,20.0,39.0
757.0,313.0,21.0,39.0
752.0,315.0,22.0,40.0
746.0,317.0,23.0,40.0
740.0,319.0,24.0,41.0
735.0,320.0,24.0,42.0
729.0,322.0,25.0,43.0
725.0,325.0,25.0,43.0
721.0,327.0,25.0,43.0
717.0,330.0,25.0,43.0
714.0,332.0,24.0,42.0
710.0,334.0,24.0,41.0
707.0,336.0,23.0,40.0
704.0,337.0,23.0,41.0
701.0,338.0,23.0,43.0
698.0,339.0,23.0,44.0
696.0,341.0,23.0,44.0
694.0,343.0,23.0,44.0
692.0,345.0,23.0,44.0
689.0,347.0,24.0,44.0
686.0,349.0,26.0,44.0
683.0,351.0,27.0,44.0
681.0,352.0,27.0,44.0
679.0,354.0,27.0,44.0
677.0,355.0,27.0,44.0
675.0,356.0,27.0,44.0
674.0,358.0,27.0,44.0
672.0,359.0,27.0,44.0
669.0,361.0,27.0,44.0
666.0,364.0,27.0,44.0
663.0,366.0,27.0,44.0
660.0,367.0,27.0,44.0
657.0,369.0,27.0,44.0
654.0,370.0,27.0,44.0
652.0,372.0,27.0,44.0
649.0,373.0,27.0,44.0
647.0,375.0,27.0,44.0
644.0,375.0,27.0,44.0
641.0,376.0,27.0,44.0
638.0,376.0,27.0,44.0
636.0,378.0,27.0,44.0
633.0,379.0,27.0,44.0
631.0,381.0,27.0,44.0
629.0,382.0,27.0,44.0
627.0,382.0,27.0,44.0
625.0,383.0,27.0,44.0
622.0,384.0,27.0,44.0
618.0,386.0,27.0,44.0
615.0,387.0,27.0,44.0
613.0,388.0,27.0,44.0
612.0,388.0,27.0,44.0
610.0,389.0,27.0,44.0
608.0,390.0,27.0,44.0
606.0,390.0,27.0,44.0
604.0,391.0,27.0,44.0
602.0,392.0,27.0,44.0
599.0,394.0,27.0,44.0
597.0,395.0,27.0,44.0
595.0,395.0,27.0,44.0
594.0,394.0,27.0,44.0
592.0,394.0,27.0,44.0
590.0,394.0,27.0,44.0
589.0,394.0,27.0,44.0
587.0,394.0,27.0,44.0
585.0,394.0,27.0,45.0
583.0,393.0,27.0,47.0
581.0,393.0,27.0,48.0
580.0,394.0,27.0,48.0
579.0,395.0,27.0,48.0
578.0,396.0,27.0,48.0
577.0,395.0,27.0,44.0
576.0,394.0,27.0,41.0
575.0,393.0,27.0,37.0
574.0,392.0,27.0,39.0
573.0,392.0,27.0,41.0
572.0,391.0,27.0,43.0
571.0,391.0,28.0,44.0
571.0,390.0,30.0,45.0
570.0,390.0,31.0,46.0
569.0,389.0,31.0,46.0
568.0,388.0,31.0,46.0
567.0,387.0,31.0,46.0
564.0,387.0,31.0,46.0
561.0,386.0,31.0,46.0
558.0,386.0,31.0,46.0
557.0,385.0,31.0,48.0
555.0,384.0,31.0,50.0
554.0,383.0,31.0,52.0
551.0,382.0,31.0,52.0
549.0,382.0,31.0,52.0
546.0,381.0,31.0,52.0
543.0,380.0,30.0,49.0
541.0,379.0,29.0,47.0
538.0,378.0,28.0,44.0
535.0,376.0,29.0,46.0
533.0,374.0,31.0,47.0
530.0,372.0,32.0,49.0
529.0,371.0,32.0,49.0
529.0,371.0,32.0,49.0
528.0,370.0,32.0,49.0
527.0,369.0,32.0,49.0
526.0,367.0,32.0,49.0
525.0,366.0,32.0,49.0
526.0,364.0,32.0,49.0
528.0,362.0,32.0,49.0
529.0,360.0,32.0,49.0
532.0,358.0,32.0,49.0
536.0,355.0,32.0,49.0
539.0,353.0,32.0,49.0
546.0,351.0,31.0,49.0
554.0,350.0,29.0,49.0
561.0,348.0,28.0,49.0
569.0,346.0,27.0,48.0
576.0,343.0,25.0,46.0
584.0,341.0,24.0,45.0
590.0,337.0,27.0,46.0
597.0,334.0,29.0,47.0
603.0,330.0,32.0,48.0
607.0,329.0,32.0,48.0
610.0,328.0,32.0,48.0
614.0,327.0,32.0,48.0
620.0,325.0,30.0,46.0
627.0,324.0,29.0,44.0
633.0,322.0,27.0,42.0
635.0,321.0,29.0,42.0
636.0,320.0,30.0,42.0
638.0,319.0,32.0,42.0
643.0,317.0,30.0,42.0
647.0,315.0,28.0,43.0
652.0,313.0,26.0,43.0
653.0,312.0,26.0,43.0
653.0,312.0,26.0,43.0
654.0,311.0,26.0,43.0
654.0,308.0,26.0,43.0
653.0,304.0,26.0,43.0
653.0,301.0,26.0,43.0
653.0,300.0,27.0,43.0
653.0,298.0,27.0,43.0
653.0,297.0,28.0,43.0
653.0,295.0,28.0,43.0
653.0,293.0,28.0,43.0
653.0,291.0,28.0,43.0
653.0,289.0,28.0,43.0
653.0,288.0,28.0,43.0
653.0,286.0,28.0,43.0
652.0,283.0,28.0,43.0
652.0,281.0,28.0,43.0
651.0,278.0,28.0,43.0
651.0,276.0,28.0,44.0
651.0,275.0,28.0,45.0
651.0,273.0,28.0,46.0
651.0,271.0,28.0,46.0
651.0,268.0,28.0,46.0
651.0,266.0,28.0,46.0
654.0,264.0,26.0,45.0
656.0,263.0,24.0,45.0
659.0,261.0,22.0,44.0
662.0,260.0,22.0,44.0
664.0,259.0,22.0,44.0
667.0,258.0,22.0,44.0
670.0,256.0,22.0,44.0
674.0,253.0,22.0,44.0
677.0,251.0,22.0,44.0
681.0,251.0,22.0,44.0
684.0,250.0,22.0,44.0
688.0,250.0,22.0,44.0
691.0,249.0,22.0,44.0
695.0,248.0,22.0,44.0
698.0,247.0,22.0,44.0
700.0,246.0,22.0,44.0
702.0,246.0,22.0,44.0
704.0,245.0,22.0,44.0
708.0,244.0,22.0,44.0
713.0,242.0,22.0,44.0
717.0,241.0,22.0,44.0
721.0,240.0,22.0,44.0
724.0,240.0,22.0,44.0
728.0,239.0,22.0,44.0
730.0,238.0,22.0,45.0
731.0,238.0,22.0,46.0
733.0,237.0,22.0,47.0
735.0,237.0,22.0,47.0
736.0,237.0,22.0,47.0
738.0,237.0,22.0,47.0
738.0,237.0,22.0,47.0
738.0,236.0,22.0,47.0
738.0,236.0,22.0,47.0
738.0,236.0,22.0,47.0
738.0,236.0,22.0,47.0
738.0,236.0,22.0,47.0
739.0,235.0,22.0,47.0
741.0,235.0,22.0,47.0
742.0,234.0,22.0,47.0
743.0,233.0,22.0,47.0
744.0,233.0,22.0,47.0
745.0,232.0,22.0,47.0
746.0,233.0,22.0,47.0
747.0,233.0,22.0,47.0
748.0,234.0,22.0,47.0
750.0,235.0,22.0,45.0
753.0,235.0,21.0,42.0
755.0,236.0,21.0,40.0
756.0,235.0,21.0,41.0
757.0,235.0,21.0,41.0
758.0,234.0,21.0,42.0
760.0,234.0,21.0,42.0
761.0,234.0,21.0,42.0
763.0,234.0,21.0,42.0
764.0,234.0,21.0,42.0
766.0,234.0,21.0,42.0
767.0,234.0,21.0,42.0
768.0,233.0,21.0,42.0
770.0,233.0,21.0,42.0
771.0,232.0,21.0,42.0
772.0,232.0,21.0,42.0
774.0,231.0,21.0,42.0
775.0,231.0,21.0,42.0
776.0,231.0,21.0,42.0
777.0,232.0,21.0,42.0
778.0,232.0,21.0,42.0
779.0,232.0,21.0,42.0
780.0,233.0,21.0,42.0
781.0,233.0,21.0,42.0
782.0,233.0,21.0,42.0
782.0,232.0,21.0,42.0
783.0,232.0,21.0,42.0
783.0,231.0,21.0,43.0
782.0,231.0,22.0,43.0
782.0,230.0,22.0,44.0
783.0,231.0,22.0,44.0
783.0,233.0,22.0,44.0
784.0,234.0,22.0,44.0
782.0,233.0,22.0,44.0
781.0,232.0,22.0,44.0
779.0,231.0,22.0,44.0
776.0,229.0,22.0,44.0
773.0,228.0,22.0,44.0
770.0,226.0,22.0,44.0
766.0,226.0,22.0,44.0
762.0,226.0,22.0,44.0
758.0,226.0,22.0,44.0
751.0,226.0,22.0,44.0
745.0,227.0,22.0,44.0
738.0,227.0,22.0,44.0
732.0,225.0,22.0,44.0
727.0,224.0,22.0,44.0
721.0,222.0,22.0,44.0
715.0,222.0,22.0,44.0
709.0,223.0,22.0,44.0
703.0,223.0,22.0,44.0
698.0,223.0,22.0,44.0
692.0,224.0,22.0,44.0
687.0,224.0,22.0,44.0
682.0,223.0,22.0,44.0
677.0,221.0,22.0,44.0
672.0,220.0,22.0,44.0
666.0,219.0,22.0,44.0
660.0,219.0,22.0,44.0
654.0,218.0,22.0,44.0
650.0,219.0,22.0,44.0
647.0,219.0,22.0,44.0
643.0,220.0,22.0,44.0
641.0,220.0,22.0,44.0
639.0,221.0,22.0,44.0
637.0,221.0,22.0,44.0
637.0,221.0,22.0,44.0
637.0,221.0,22.0,44.0
637.0,221.0,22.0,44.0
639.0,222.0,22.0,44.0
640.0,222.0,22.0,44.0
642.0,223.0,22.0,44.0
644.0,224.0,22.0,44.0
646.0,224.0,22.0,44.0
648.0,225.0,22.0,44.0
653.0,225.0,22.0,44.0
657.0,225.0,22.0,44.0
662.0,225.0,22.0,44.0
668.0,224.0,22.0,44.0
675.0,222.0,22.0,44.0
681.0,221.0,22.0,44.0
687.0,222.0,22.0,45.0
692.0,222.0,22.0,46.0
698.0,223.0,22.0,47.0
703.0,225.0,22.0,47.0
708.0,226.0,22.0,47.0
713.0,228.0,22.0,47.0
717.0,227.0,22.0,47.0
722.0,227.0,22.0,47.0
726.0,226.0,22.0,47.0
730.0,226.0,22.0,47.0
734.0,226.0,22.0,47.0
738.0,226.0,22.0,47.0
739.0,228.0,22.0,47.0
740.0,229.0,22.0,47.0
741.0,231.0,22.0,47.0
742.0,231.0,22.0,47.0
742.0,231.0,22.0,47.0
743.0,231.0,22.0,47.0
741.0,231.0,22.0,47.0
740.0,231.0,22.0,47.0
738.0,231.0,22.0,47.0
734.0,232.0,22.0,47.0
730.0,233.0,22.0,47.0
726.0,234.0,22.0,47.0
723.0,234.0,22.0,47.0
719.0,234.0,22.0,47.0
716.0,234.0,22.0,47.0
711.0,235.0,22.0,47.0
707.0,235.0,22.0,47.0
702.0,236.0,22.0,47.0
697.0,236.0,22.0,47.0
693.0,236.0,22.0,47.0
688.0,236.0,22.0,47.0
684.0,236.0,22.0,47.0
680.0,236.0,22.0,47.0
676.0,236.0,22.0,47.0
673.0,237.0,22.0,47.0
670.0,239.0,22.0,47.0
667.0,240.0,22.0,47.0
665.0,240.0,22.0,47.0
662.0,240.0,22.0,47.0
660.0,240.0,22.0,47.0
658.0,240.0,22.0,47.0
657.0,241.0,22.0,47.0
655.0,241.0,22.0,47.0
654.0,241.0,22.0,47.0
654.0,241.0,22.0,47.0
653.0,241.0,22.0,47.0
653.0,243.0,22.0,47.0
653.0,244.0,22.0,47.0
653.0,246.0,22.0,47.0
653.0,245.0,22.0,47.0
653.0,245.0,22.0,47.0
653.0,244.0,22.0,47.0
654.0,244.0,22.0,48.0
655.0,245.0,22.0,48.0
656.0,245.0,22.0,49.0
657.0,247.0,22.0,49.0
657.0,249.0,22.0,49.0
658.0,251.0,22.0,49.0
659.0,250.0,22.0,49.0
659.0,250.0,22.0,49.0
660.0,249.0,22.0,49.0
660.0,249.0,22.0,49.0
660.0,249.0,22.0,49.0
660.0,249.0,22.0,49.0
660.0,250.0,22.0,49.0
659.0,250.0,22.0,49.0
659.0,251.0,22.0,49.0
657.0,252.0,22.0,49.0
655.0,252.0,22.0,49.0
653.0,253.0,22.0,49.0
652.0,254.0,22.0,49.0
650.0,254.0,22.0,48.0
649.0,255.0,22.0,48.0
648.0,256.0,22.0,48.0
648.0,257.0,22.0,48.0
647.0,258.0,22.0,48.0
646.0,259.0,22.0,48.0
644.0,260.0,22.0,48.0
643.0,261.0,22.0,48.0
642.0,261.0,22.0,48.0
641.0,261.0,22.0,48.0
640.0,261.0,22.0,48.0
640.0,261.0,22.0,48.0
640.0,261.0,22.0,48.0
640.0,261.0,22.0,48.0
640.0,261.0,22.0,48.0
640.0,261.0,22.0,48.0
640.0,261.0,22.0,48.0
642.0,262.0,22.0,49.0
644.0,263.0,22.0,51.0
646.0,264.0,22.0,52.0
648.0,265.0,22.0,52.0
651.0,265.0,22.0,52.0
653.0,266.0,22.0,52.0
656.0,266.0,22.0,52.0
658.0,266.0,22.0,52.0
661.0,266.0,22.0,52.0
664.0,266.0,22.0,53.0
667.0,267.0,22.0,53.0
670.0,267.0,22.0,54.0
676.0,269.0,22.0,54.0
681.0,271.0,22.0,54.0
687.0,273.0,22.0,54.0
692.0,272.0,22.0,54.0
698.0,272.0,22.0,54.0
703.0,271.0,22.0,54.0
708.0,272.0,22.0,53.0
714.0,272.0,22.0,53.0
719.0,273.0,22.0,52.0
724.0,273.0,22.0,52.0
730.0,273.0,22.0,52.0
735.0,273.0,22.0,52.0
739.0,275.0,22.0,52.0
744.0,276.0,22.0,52.0
748.0,278.0,22.0,52.0
751.0,277.0,22.0,52.0
755.0,276.0,22.0,51.0
758.0,275.0,22.0,51.0
762.0,276.0,22.0,51.0
766.0,276.0,22.0,51.0
770.0,277.0,22.0,51.0
773.0,278.0,22.0,51.0
775.0,279.0,22.0,51.0
778.0,280.0,22.0,51.0
780.0,280.0,22.0,51.0
781.0,280.0,22.0,51.0
783.0,280.0,22.0,51.0
783.0,280.0,22.0,51.0
783.0,280.0,22.0,51.0
783.0,280.0,22.0,51.0
782.0,281.0,22.0,51.0
782.0,281.0,22.0,51.0
781.0,282.0,22.0,51.0
780.0,282.0,22.0,51.0
779.0,282.0,22.0,51.0
778.0,282.0,22.0,51.0
776.0,282.0,22.0,51.0
774.0,282.0,22.0,51.0
772.0,282.0,22.0,51.0
769.0,282.0,22.0,51.0
767.0,282.0,22.0,52.0
764.0,282.0,22.0,52.0
761.0,282.0,22.0,52.0
759.0,283.0,22.0,52.0
756.0,283.0,22.0,52.0
753.0,284.0,22.0,52.0
750.0,285.0,22.0,52.0
747.0,286.0,22.0,52.0
742.0,285.0,22.0,52.0
738.0,285.0,22.0,52.0
733.0,284.0,22.0,52.0
730.0,284.0,22.0,54.0
727.0,284.0,22.0,56.0
724.0,284.0,22.0,58.0
719.0,285.0,22.0,58.0
714.0,286.0,22.0,58.0
709.0,287.0,22.0,58.0
706.0,287.0,22.0,58.0
704.0,288.0,22.0,58.0
701.0,288.0,22.0,58.0
698.0,287.0,22.0,58.0
696.0,287.0,22.0,58.0
693.0,286.0,22.0,58.0
691.0,286.0,22.0,58.0
690.0,286.0,22.0,58.0
688.0,286.0,22.0,58.0
686.0,287.0,22.0,58.0
685.0,289.0,22.0,58.0
683.0,290.0,22.0,58.0
683.0,290.0,22.0,58.0
683.0,290.0,22.0,58.0
683.0,290.0,22.0,58.0
685.0,290.0,22.0,58.0
686.0,289.0,22.0,58.0
688.0,289.0,22.0,58.0
690.0,289.0,22.0,58.0
691.0,288.0,22.0,58.0
693.0,288.0,22.0,58.0
696.0,289.0,22.0,58.0
698.0,290.0,22.0,58.0
701.0,291.0,22.0,58.0
703.0,291.0,22.0,58.0
706.0,291.0,22.0,58.0
708.0,291.0,22.0,58.0
710.0,290.0,22.0,58.0
713.0,290.0,22.0,58.0
715.0,289.0,22.0,58.0
718.0,290.0,22.0,59.0
720.0,290.0,22.0,61.0
723.0,291.0,22.0,62.0
724.0,291.0,22.0,62.0
724.0,292.0,22.0,62.0
725.0,292.0,22.0,62.0
725.0,293.0,22.0,62.0
726.0,294.0,22.0,62.0
726.0,295.0,22.0,62.0
726.0,295.0,22.0,62.0
726.0,295.0,22.0,62.0
726.0,295.0,22.0,62.0
724.0,294.0,23.0,64.0
721.0,293.0,24.0,65.0
719.0,292.0,25.0,67.0
717.0,293.0,25.0,65.0
715.0,294.0,25.0,62.0
713.0,295.0,25.0,60.0
711.0,295.0,25.0,60.0
710.0,296.0,25.0,60.0
708.0,296.0,25.0,60.0
705.0,296.0,25.0,60.0
703.0,295.0,25.0,60.0
700.0,295.0,25.0,60.0
699.0,294.0,25.0,60.0
699.0,294.0,25.0,60.0
698.0,293.0,25.0,60.0
698.0,293.0,25.0,60.0
698.0,293.0,25.0,60.0
698.0,293.0,25.0,60.0
698.0,293.0,25.0,60.0
698.0,293.0,25.0,60.0
698.0,293.0,25.0,60.0
701.0,293.0,25.0,60.0
704.0,292.0,25.0,60.0
707.0,292.0,25.0,60.0
709.0,292.0,25.0,60.0
711.0,291.0,25.0,60.0
713.0,291.0,25.0,60.0
716.0,291.0,25.0,60.0
718.0,291.0,25.0,60.0
721.0,291.0,25.0,60.0
723.0,291.0,25.0,60.0
725.0,290.0,25.0,60.0
727.0,290.0,25.0,60.0
727.0,289.0,25.0,61.0
728.0,289.0,26.0,62.0
728.0,288.0,26.0,63.0
728.0,288.0,26.0,63.0
728.0,288.0,26.0,63.0
728.0,288.0,26.0,63.0
728.0,288.0,26.0,63.0
728.0,288.0,26.0,63.0
728.0,288.0,26.0,63.0
727.0,287.0,26.0,63.0
726.0,287.0,26.0,63.0
725.0,286.0,26.0,63.0
724.0,285.0,26.0,63.0
722.0,283.0,26.0,63.0
721.0,282.0,26.0,63.0
718.0,282.0,26.0,63.0
714.0,282.0,26.0,63.0
711.0,282.0,26.0,63.0
708.0,282.0,26.0,63.0
704.0,281.0,26.0,63.0
701.0,281.0,26.0,63.0
697.0,280.0,26.0,63.0
692.0,278.0,26.0,63.0
688.0,277.0,26.0,63.0
686.0,277.0,26.0,63.0
685.0,276.0,26.0,63.0
683.0,276.0,26.0,63.0
680.0,275.0,26.0,63.0
676.0,274.0,26.0,63.0
673.0,273.0,26.0,63.0
671.0,273.0,26.0,63.0
668.0,272.0,26.0,63.0
666.0,272.0,26.0,63.0
665.0,270.0,26.0,63.0
665.0,268.0,26.0,63.0
664.0,266.0,26.0,63.0
664.0,266.0,26.0,63.0
664.0,266.0,26.0,63.0
664.0,266.0,26.0,63.0
665.0,266.0,26.0,63.0
665.0,265.0,26.0,63.0
666.0,265.0,26.0,63.0
668.0,264.0,26.0,63.0
670.0,264.0,26.0,63.0
672.0,263.0,26.0,63.0
675.0,262.0,24.0,61.0
677.0,261.0,22.0,59.0
680.0,260.0,20.0,57.0
681.0,259.0,21.0,58.0
683.0,257.0,21.0,59.0
684.0,256.0,22.0,60.0
685.0,256.0,22.0,60.0
686.0,255.0,23.0,61.0
687.0,255.0,23.0,61.0
689.0,255.0,23.0,61.0
690.0,255.0,23.0,61.0
692.0,255.0,23.0,61.0
694.0,254.0,23.0,61.0
696.0,252.0,23.0,61.0
698.0,251.0,23.0,61.0
698.0,249.0,25.0,61.0
698.0,248.0,26.0,62.0
698.0,246.0,28.0,62.0
701.0,247.0,27.0,59.0
704.0,248.0,27.0,57.0
707.0,249.0,26.0,54.0
710.0,249.0,26.0,54.0
713.0,248.0,26.0,54.0
716.0,248.0,26.0,54.0
719.0,247.0,26.0,54.0
721.0,246.0,26.0,54.0
724.0,245.0,26.0,54.0
727.0,244.0,26.0,54.0
730.0,243.0,26.0,54.0
733.0,242.0,26.0,54.0
736.0,241.0,26.0,54.0
740.0,241.0,26.0,54.0
743.0,240.0,26.0,54.0
746.0,241.0,26.0,54.0
750.0,241.0,26.0,54.0
753.0,242.0,26.0,54.0
759.0,242.0,24.0,54.0
764.0,242.0,22.0,55.0
770.0,242.0,20.0,55.0
777.0,242.0,20.0,55.0
784.0,241.0,20.0,55.0
791.0,241.0,20.0,55.0
797.0,241.0,21.0,56.0
802.0,241.0,22.0,56.0
808.0,241.0,23.0,57.0
817.0,243.0,23.0,57.0
825.0,244.0,23.0,57.0
834.0,246.0,23.0,57.0
841.0,245.0,23.0,57.0
847.0,245.0,23.0,57.0
854.0,244.0,23.0,57.0
864.0,245.0,23.0,57.0
873.0,245.0,23.0,57.0
883.0,246.0,23.0,57.0
893.0,246.0,24.0,56.0
902.0,247.0,26.0,55.0
912.0,247.0,27.0,54.0
921.0,249.0,27.0,54.0
930.0,252.0,26.0,53.0
939.0,254.0,26.0,53.0
947.0,256.0,26.0,53.0
955.0,257.0,26.0,52.0
963.0,259.0,26.0,52.0
967.0,259.0,26.0,52.0
971.0,258.0,26.0,52.0
975.0,258.0,26.0,52.0
977.0,259.0,26.0,52.0
979.0,261.0,26.0,52.0
981.0,262.0,26.0,52.0
978.0,263.0,26.0,51.0
976.0,263.0,26.0,49.0
973.0,264.0,26.0,48.0
969.0,265.0,26.0,48.0
964.0,265.0,25.0,48.0
960.0,266.0,25.0,48.0
953.0,268.0,26.0,44.0
947.0,271.0,26.0,41.0
940.0,273.0,27.0,37.0
933.0,273.0,27.0,37.0
927.0,274.0,26.0,37.0
920.0,274.0,26.0,37.0
913.0,274.0,26.0,37.0
905.0,274.0,26.0,37.0
898.0,274.0,26.0,37.0
890.0,273.0,24.0,36.0
882.0,273.0,23.0,34.0
874.0,272.0,21.0,33.0
867.0,271.0,21.0,33.0
859.0,270.0,21.0,33.0
852.0,269.0,21.0,33.0
847.0,269.0,20.0,34.0
843.0,269.0,20.0,35.0
838.0,269.0,19.0,36.0
nan,nan,nan,nan
nan,nan,nan,nan
nan,nan,nan,nan
nan,nan,nan,nan
nan,nan,nan,nan
nan,nan,nan,nan
nan,nan,nan,nan
nan,nan,nan,nan
nan,nan,nan,nan
nan,nan,nan,nan
nan,nan,nan,nan
nan,nan,nan,nan
nan,nan,nan,nan
nan,nan,nan,nan
nan,nan,nan,nan
nan,nan,nan,nan
nan,nan,nan,nan
793.0,283.0,9.0,24.0
791.0,285.0,9.0,25.0
789.0,286.0,10.0,26.0
787.0,288.0,10.0,27.0
785.0,288.0,10.0,30.0
783.0,289.0,10.0,34.0
781.0,289.0,10.0,37.0
778.0,290.0,11.0,37.0
776.0,290.0,11.0,38.0
773.0,291.0,12.0,38.0
770.0,293.0,12.0,38.0
766.0,295.0,12.0,38.0
763.0,297.0,12.0,38.0
760.0,298.0,12.0,38.0
756.0,298.0,12.0,38.0
753.0,299.0,12.0,38.0
748.0,301.0,12.0,38.0
744.0,303.0,12.0,38.0
739.0,305.0,12.0,38.0
736.0,307.0,12.0,38.0
732.0,308.0,13.0,37.0
729.0,310.0,13.0,37.0
725.0,312.0,13.0,37.0
720.0,314.0,13.0,37.0
716.0,316.0,13.0,37.0
712.0,317.0,13.0,37.0
708.0,317.0,13.0,37.0
704.0,318.0,13.0,37.0
699.0,318.0,14.0,37.0
693.0,319.0,16.0,37.0
688.0,319.0,17.0,37.0
683.0,320.0,18.0,36.0
678.0,322.0,19.0,36.0
673.0,323.0,20.0,35.0
669.0,324.0,20.0,36.0
664.0,324.0,20.0,38.0
660.0,325.0,20.0,39.0
656.0,326.0,20.0,39.0
652.0,326.0,20.0,39.0
648.0,327.0,20.0,39.0
646.0,327.0,20.0,39.0
644.0,328.0,20.0,39.0
642.0,328.0,20.0,39.0
639.0,329.0,20.0,39.0
636.0,330.0,20.0,39.0
633.0,331.0,20.0,39.0
632.0,332.0,20.0,39.0
632.0,333.0,20.0,39.0
631.0,334.0,20.0,39.0
632.0,334.0,20.0,39.0
632.0,333.0,20.0,39.0
633.0,333.0,20.0,39.0
634.0,334.0,20.0,39.0
635.0,335.0,20.0,39.0
636.0,336.0,20.0,39.0
638.0,336.0,20.0,39.0
639.0,336.0,20.0,39.0
641.0,336.0,20.0,39.0
643.0,336.0,20.0,39.0
644.0,336.0,20.0,39.0
646.0,336.0,20.0,39.0
647.0,336.0,20.0,39.0
649.0,336.0,20.0,39.0
650.0,336.0,20.0,39.0
650.0,336.0,20.0,39.0
650.0,336.0,20.0,39.0
650.0,336.0,20.0,39.0
649.0,336.0,20.0,39.0
649.0,336.0,20.0,39.0
648.0,336.0,20.0,39.0
648.0,336.0,20.0,38.0
648.0,336.0,20.0,38.0
648.0,336.0,20.0,37.0
645.0,336.0,20.0,37.0
642.0,336.0,20.0,37.0
639.0,336.0,20.0,37.0
635.0,336.0,20.0,37.0
630.0,336.0,20.0,37.0
626.0,336.0,20.0,37.0
622.0,335.0,21.0,38.0
617.0,335.0,21.0,38.0
613.0,334.0,22.0,39.0
609.0,335.0,22.0,39.0
606.0,335.0,22.0,39.0
602.0,336.0,22.0,39.0
599.0,336.0,22.0,39.0
596.0,337.0,22.0,39.0
593.0,337.0,22.0,39.0
591.0,336.0,22.0,39.0
589.0,336.0,22.0,39.0
587.0,335.0,22.0,39.0
587.0,335.0,22.0,39.0
587.0,335.0,22.0,39.0
587.0,335.0,22.0,39.0
587.0,335.0,22.0,39.0
588.0,336.0,22.0,39.0
588.0,336.0,22.0,39.0
591.0,336.0,22.0,39.0
595.0,335.0,22.0,39.0
598.0,335.0,22.0,39.0
601.0,335.0,22.0,38.0
604.0,335.0,22.0,38.0
607.0,335.0,22.0,37.0
612.0,334.0,22.0,37.0
617.0,334.0,22.0,37.0
622.0,333.0,22.0,37.0
627.0,333.0,22.0,37.0
632.0,333.0,22.0,37.0
637.0,333.0,22.0,37.0
642.0,333.0,21.0,37.0
647.0,332.0,20.0,37.0
652.0,332.0,19.0,37.0
657.0,331.0,19.0,37.0
662.0,331.0,19.0,37.0
667.0,330.0,19.0,37.0
670.0,330.0,19.0,37.0
674.0,330.0,19.0,37.0
677.0,330.0,19.0,37.0
680.0,330.0,19.0,37.0
684.0,329.0,19.0,37.0
687.0,329.0,19.0,37.0
689.0,328.0,19.0,37.0
692.0,327.0,19.0,37.0
694.0,326.0,19.0,37.0
696.0,326.0,19.0,37.0
697.0,326.0,19.0,37.0
699.0,326.0,19.0,37.0
700.0,326.0,19.0,37.0
702.0,326.0,19.0,37.0
703.0,326.0,19.0,37.0
703.0,326.0,19.0,37.0
703.0,326.0,19.0,37.0
703.0,326.0,19.0,37.0
703.0,326.0,19.0,37.0
703.0,326.0,19.0,37.0
703.0,326.0,19.0,37.0
703.0,326.0,19.0,37.0
703.0,327.0,19.0,37.0
703.0,327.0,19.0,37.0
703.0,329.0,19.0,35.0
703.0,331.0,19.0,33.0
703.0,333.0,19.0,31.0
703.0,332.0,17.0,30.0
703.0,331.0,16.0,28.0
703.0,330.0,14.0,27.0
701.0,330.0,15.0,28.0
700.0,329.0,17.0,29.0
698.0,329.0,18.0,30.0
699.0,329.0,17.0,30.0
701.0,329.0,16.0,30.0
702.0,329.0,15.0,30.0
702.0,331.0,15.0,27.0
702.0,333.0,15.0,23.0
702.0,335.0,15.0,20.0
702.0,335.0,15.0,20.0
702.0,335.0,15.0,19.0
702.0,335.0,15.0,19.0
nan,nan,nan,nan
nan,nan,nan,nan
nan,nan,nan,nan
nan,nan,nan,nan
nan,nan,nan,nan
nan,nan,nan,nan
nan,nan,nan,nan
nan,nan,nan,nan
nan,nan,nan,nan
nan,nan,nan,nan
nan,nan,nan,nan
nan,nan,nan,nan
nan,nan,nan,nan
nan,nan,nan,nan
nan,nan,nan,nan
nan,nan,nan,nan
nan,nan,nan,nan
nan,nan,nan,nan
nan,nan,nan,nan
nan,nan,nan,nan
nan,nan,nan,nan
nan,nan,nan,nan
nan,nan,nan,nan
nan,nan,nan,nan
nan,nan,nan,nan
nan,nan,nan,nan
nan,nan,nan,nan
nan,nan,nan,nan
nan,nan,nan,nan
nan,nan,nan,nan
nan,nan,nan,nan
nan,nan,nan,nan
nan,nan,nan,nan
nan,nan,nan,nan
nan,nan,nan,nan
nan,nan,nan,nan
nan,nan,nan,nan
nan,nan,nan,nan
nan,nan,nan,nan
nan,nan,nan,nan
nan,nan,nan,nan
nan,nan,nan,nan
nan,nan,nan,nan
nan,nan,nan,nan
nan,nan,nan,nan
nan,nan,nan,nan
nan,nan,nan,nan
nan,nan,nan,nan
nan,nan,nan,nan
nan,nan,nan,nan
nan,nan,nan,nan
nan,nan,nan,nan
nan,nan,nan,nan
nan,nan,nan,nan
nan,nan,nan,nan
nan,nan,nan,nan
nan,nan,nan,nan
nan,nan,nan,nan
nan,nan,nan,nan
nan,nan,nan,nan
nan,nan,nan,nan
nan,nan,nan,nan
nan,nan,nan,nan
nan,nan,nan,nan
nan,nan,nan,nan
nan,nan,nan,nan
nan,nan,nan,nan
nan,nan,nan,nan
nan,nan,nan,nan
nan,nan,nan,nan
nan,nan,nan,nan
nan,nan,nan,nan
nan,nan,nan,nan
nan,nan,nan,nan
nan,nan,nan,nan
nan,nan,nan,nan
nan,nan,nan,nan
nan,nan,nan,nan
nan,nan,nan,nan
nan,nan,nan,nan
nan,nan,nan,nan
nan,nan,nan,nan
nan,nan,nan,nan
nan,nan,nan,nan
nan,nan,nan,nan
nan,nan,nan,nan
nan,nan,nan,nan
nan,nan,nan,nan
nan,nan,nan,nan
nan,nan,nan,nan
nan,nan,nan,nan
nan,nan,nan,nan
nan,nan,nan,nan
nan,nan,nan,nan
nan,nan,nan,nan
nan,nan,nan,nan
nan,nan,nan,nan
nan,nan,nan,nan
nan,nan,nan,nan
nan,nan,nan,nan
nan,nan,nan,nan
nan,nan,nan,nan
nan,nan,nan,nan
nan,nan,nan,nan
nan,nan,nan,nan
nan,nan,nan,nan
nan,nan,nan,nan
614.0,369.0,18.0,24.0
614.0,367.0,17.0,26.0
615.0,364.0,16.0,28.0
615.0,362.0,15.0,30.0
613.0,359.0,16.0,33.0
612.0,357.0,18.0,37.0
610.0,354.0,19.0,40.0
610.0,352.0,19.0,42.0
610.0,351.0,19.0,43.0
610.0,349.0,19.0,45.0
608.0,347.0,19.0,46.0
607.0,344.0,19.0,47.0
605.0,342.0,19.0,48.0
604.0,342.0,19.0,48.0
602.0,341.0,19.0,48.0
601.0,341.0,19.0,48.0
601.0,341.0,19.0,48.0
602.0,341.0,19.0,48.0
602.0,341.0,19.0,48.0
602.0,339.0,19.0,48.0
603.0,338.0,19.0,48.0
603.0,336.0,19.0,48.0
603.0,336.0,19.0,48.0
604.0,335.0,19.0,48.0
604.0,335.0,19.0,48.0
605.0,334.0,19.0,48.0
606.0,334.0,19.0,48.0
607.0,333.0,19.0,48.0
607.0,333.0,19.0,48.0
607.0,333.0,19.0,48.0
607.0,333.0,19.0,48.0
607.0,332.0,19.0,48.0
608.0,330.0,19.0,48.0
608.0,329.0,19.0,48.0
607.0,327.0,19.0,48.0
607.0,326.0,19.0,48.0
606.0,324.0,19.0,48.0
