581.0,245.0,101.0,260.0
580.0,243.0,101.0,260.0
578.0,241.0,103.0,266.0
578.0,241.0,100.0,257.0
577.0,241.0,100.0,258.0
575.0,240.0,99.0,255.0
575.0,241.0,93.0,238.0
574.0,238.0,93.0,240.0
574.0,237.0,94.0,242.0
573.0,236.0,95.0,245.0
574.0,235.0,96.0,248.0
569.0,233.0,110.0,259.0
571.0,230.0,112.0,258.0
575.0,230.0,111.0,253.0
580.0,229.0,111.0,253.0
583.0,226.0,112.0,258.0
584.0,226.0,122.0,260.0
585.0,224.0,124.0,260.0
587.0,223.0,110.0,254.0
586.0,221.0,107.0,261.0
581.0,219.0,117.0,261.0
581.0,218.0,115.0,266.0
581.0,217.0,115.0,259.0
578.0,215.0,113.0,263.0
575.0,213.0,111.0,267.0
582.0,210.0,104.0,273.0
582.0,210.0,102.0,271.0
580.0,209.0,103.0,272.0
578.0,207.0,105.0,279.0
577.0,207.0,104.0,275.0
577.0,205.0,105.0,280.0
579.0,205.0,107.0,276.0
581.0,205.0,108.0,278.0
578.0,213.0,114.0,267.0
583.0,212.0,112.0,268.0
588.0,211.0,113.0,269.0
593.0,212.0,113.0,269.0
598.0,215.0,112.0,268.0
600.0,216.0,112.0,269.0
603.0,219.0,112.0,267.0
602.0,223.0,113.0,270.0
602.0,223.0,113.0,271.0
602.0,224.0,114.0,272.0
602.0,225.0,114.0,272.0
603.0,226.0,115.0,274.0
604.0,227.0,115.0,275.0
604.0,227.0,116.0,277.0
606.0,228.0,116.0,278.0
608.0,228.0,116.0,279.0
610.0,229.0,117.0,279.0
613.0,229.0,117.0,281.0
617.0,229.0,118.0,283.0
622.0,231.0,119.0,284.0
627.0,232.0,119.0,286.0
632.0,232.0,120.0,287.0
635.0,232.0,121.0,289.0
638.0,233.0,122.0,291.0
641.0,233.0,122.0,292.0
643.0,242.0,122.0,280.0
649.0,242.0,118.0,282.0
650.0,243.0,119.0,283.0
651.0,243.0,119.0,284.0
651.0,242.0,119.0,285.0
650.0,242.0,119.0,285.0
650.0,243.0,119.0,285.0
649.0,244.0,120.0,286.0
649.0,244.0,120.0,287.0
649.0,245.0,120.0,288.0
649.0,245.0,121.0,288.0
652.0,245.0,121.0,289.0
654.0,245.0,122.0,290.0
660.0,245.0,115.0,292.0
662.0,245.0,116.0,293.0
664.0,243.0,116.0,296.0
664.0,242.0,117.0,296.0
663.0,242.0,118.0,299.0
663.0,241.0,118.0,299.0
664.0,241.0,118.0,299.0
663.0,239.0,119.0,303.0
663.0,238.0,120.0,304.0
664.0,237.0,119.0,303.0
665.0,236.0,120.0,305.0
667.0,237.0,121.0,306.0
669.0,236.0,121.0,307.0
669.0,235.0,121.0,307.0
669.0,234.0,121.0,308.0
670.0,233.0,122.0,309.0
671.0,232.0,122.0,310.0
672.0,231.0,123.0,311.0
672.0,230.0,123.0,312.0
672.0,230.0,123.0,313.0
671.0,230.0,124.0,314.0
670.0,229.0,124.0,315.0
682.0,229.0,112.0,316.0
683.0,230.0,112.0,316.0
683.0,229.0,113.0,319.0
683.0,228.0,116.0,327.0
686.0,235.0,110.0,311.0
688.0,242.0,108.0,304.0
690.0,233.0,120.0,316.0
692.0,235.0,120.0,316.0
694.0,234.0,121.0,318.0
700.0,240.0,119.0,312.0
704.0,246.0,116.0,307.0
708.0,247.0,117.0,308.0
712.0,247.0,117.0,309.0
716.0,248.0,118.0,309.0
718.0,248.0,118.0,312.0
719.0,247.0,119.0,314.0
720.0,247.0,121.0,318.0
717.0,236.0,126.0,322.0
716.0,235.0,127.0,326.0
716.0,234.0,129.0,329.0
715.0,234.0,131.0,334.0
714.0,242.0,132.0,312.0
713.0,241.0,133.0,315.0
712.0,241.0,135.0,319.0
711.0,241.0,137.0,324.0
724.0,245.0,119.0,326.0
724.0,245.0,127.0,331.0
716.0,254.0,131.0,330.0
717.0,259.0,131.0,330.0
723.0,270.0,128.0,322.0
727.0,278.0,126.0,318.0
729.0,278.0,129.0,325.0
736.0,279.0,133.0,331.0
739.0,280.0,134.0,333.0
741.0,280.0,136.0,338.0
745.0,287.0,133.0,330.0
746.0,288.0,133.0,331.0
751.0,291.0,135.0,336.0
743.0,292.0,147.0,333.0
753.0,299.0,134.0,330.0
754.0,298.0,135.0,330.0
755.0,298.0,136.0,332.0
754.0,298.0,136.0,332.0
752.0,298.0,137.0,334.0
752.0,299.0,137.0,334.0
747.0,295.0,143.0,351.0
749.0,294.0,144.0,353.0
748.0,294.0,145.0,354.0
741.0,292.0,146.0,356.0
732.0,289.0,139.0,337.0
724.0,286.0,139.0,338.0
718.0,279.0,140.0,339.0
718.0,273.0,139.0,338.0
715.0,268.0,141.0,342.0
707.0,266.0,135.0,342.0
700.0,264.0,135.0,342.0
695.0,263.0,136.0,344.0
693.0,266.0,133.0,338.0
687.0,269.0,132.0,335.0
681.0,273.0,130.0,330.0
673.0,274.0,130.0,330.0
667.0,274.0,131.0,331.0
662.0,275.0,131.0,331.0
658.0,275.0,131.0,331.0
652.0,274.0,131.0,332.0
647.0,273.0,127.0,334.0
643.0,271.0,127.0,335.0
639.0,269.0,128.0,337.0
634.0,268.0,128.0,336.0
632.0,268.0,128.0,336.0
632.0,267.0,128.0,337.0
631.0,268.0,128.0,338.0
628.0,269.0,128.0,337.0
627.0,270.0,128.0,337.0
626.0,270.0,128.0,338.0
627.0,270.0,128.0,338.0
627.0,270.0,129.0,338.0
629.0,271.0,129.0,338.0
629.0,270.0,129.0,339.0
630.0,268.0,129.0,339.0
631.0,267.0,129.0,339.0
632.0,266.0,129.0,340.0
632.0,264.0,130.0,341.0
632.0,262.0,130.0,342.0
635.0,260.0,130.0,342.0
637.0,259.0,131.0,344.0
640.0,259.0,131.0,346.0
639.0,259.0,132.0,347.0
639.0,259.0,133.0,349.0
638.0,258.0,134.0,352.0
638.0,258.0,135.0,355.0
637.0,258.0,135.0,356.0
636.0,258.0,136.0,358.0
634.0,259.0,137.0,360.0
631.0,259.0,138.0,362.0
620.0,261.0,144.0,361.0
616.0,261.0,145.0,364.0
613.0,265.0,144.0,361.0
608.0,268.0,143.0,359.0
605.0,269.0,143.0,358.0
602.0,270.0,143.0,359.0
599.0,271.0,144.0,361.0
597.0,271.0,145.0,364.0
595.0,271.0,146.0,366.0
592.0,270.0,147.0,368.0
590.0,270.0,148.0,371.0
589.0,269.0,149.0,373.0
588.0,268.0,150.0,376.0
588.0,278.0,135.0,367.0
587.0,277.0,136.0,369.0
584.0,278.0,136.0,369.0
583.0,278.0,136.0,370.0
582.0,278.0,137.0,371.0
580.0,279.0,137.0,373.0
572.0,279.0,144.0,373.0
572.0,280.0,144.0,372.0
573.0,279.0,143.0,371.0
573.0,277.0,145.0,375.0
573.0,277.0,146.0,378.0
574.0,275.0,146.0,379.0
575.0,274.0,148.0,382.0
576.0,276.0,149.0,386.0
576.0,278.0,151.0,391.0
576.0,278.0,152.0,395.0
577.0,278.0,155.0,402.0
576.0,301.0,155.0,379.0
575.0,300.0,156.0,383.0
580.0,300.0,154.0,378.0
583.0,300.0,155.0,378.0
587.0,302.0,153.0,374.0
590.0,302.0,153.0,363.0
590.0,300.0,154.0,366.0
591.0,298.0,155.0,367.0
593.0,297.0,155.0,369.0
595.0,297.0,156.0,371.0
599.0,295.0,156.0,370.0
602.0,294.0,156.0,370.0
605.0,294.0,156.0,371.0
620.0,293.0,144.0,371.0
622.0,292.0,144.0,371.0
625.0,292.0,144.0,372.0
627.0,292.0,144.0,370.0
632.0,293.0,144.0,370.0
634.0,294.0,145.0,373.0
635.0,294.0,145.0,375.0
637.0,293.0,145.0,374.0
639.0,290.0,145.0,372.0
646.0,289.0,145.0,373.0
654.0,290.0,154.0,374.0
656.0,292.0,154.0,374.0
653.0,291.0,157.0,380.0
648.0,290.0,158.0,383.0
647.0,288.0,157.0,381.0
649.0,285.0,156.0,380.0
650.0,284.0,156.0,380.0
650.0,283.0,156.0,379.0
648.0,281.0,157.0,381.0
646.0,280.0,157.0,382.0
643.0,280.0,157.0,382.0
638.0,278.0,156.0,379.0
633.0,275.0,156.0,380.0
632.0,275.0,157.0,380.0
629.0,276.0,156.0,379.0
626.0,275.0,157.0,382.0
620.0,275.0,158.0,383.0
611.0,274.0,158.0,383.0
610.0,285.0,142.0,360.0
606.0,285.0,143.0,361.0
604.0,288.0,142.0,360.0
607.0,290.0,140.0,356.0
599.0,286.0,141.0,357.0
594.0,284.0,142.0,359.0
591.0,284.0,141.0,358.0
596.0,285.0,141.0,358.0
601.0,286.0,141.0,358.0
590.0,286.0,141.0,357.0
587.0,283.0,140.0,355.0
591.0,282.0,139.0,352.0
599.0,283.0,139.0,352.0
600.0,287.0,137.0,348.0
600.0,289.0,136.0,346.0
601.0,288.0,136.0,346.0
601.0,288.0,136.0,344.0
601.0,287.0,137.0,347.0
603.0,289.0,137.0,347.0
603.0,290.0,137.0,346.0
604.0,291.0,137.0,347.0
599.0,291.0,137.0,349.0
600.0,292.0,137.0,348.0
591.0,303.0,133.0,338.0
589.0,303.0,133.0,339.0
587.0,302.0,134.0,341.0
587.0,309.0,130.0,331.0
587.0,315.0,126.0,321.0
586.0,316.0,125.0,319.0
583.0,314.0,123.0,314.0
581.0,311.0,123.0,311.0
580.0,306.0,124.0,314.0
577.0,302.0,126.0,319.0
572.0,294.0,129.0,327.0
564.0,285.0,131.0,333.0
562.0,280.0,132.0,337.0
561.0,274.0,135.0,343.0
555.0,268.0,137.0,347.0
546.0,263.0,137.0,349.0
546.0,260.0,138.0,350.0
547.0,260.0,138.0,351.0
545.0,260.0,137.0,349.0
542.0,258.0,137.0,347.0
543.0,258.0,137.0,347.0
545.0,259.0,136.0,347.0
548.0,259.0,136.0,347.0
552.0,260.0,136.0,345.0
552.0,263.0,136.0,345.0
553.0,268.0,136.0,347.0
553.0,274.0,136.0,347.0
550.0,276.0,137.0,348.0
552.0,280.0,138.0,350.0
553.0,283.0,138.0,350.0
554.0,286.0,138.0,350.0
553.0,288.0,138.0,350.0
555.0,288.0,138.0,350.0
557.0,288.0,138.0,351.0
559.0,287.0,138.0,352.0
562.0,287.0,139.0,353.0
563.0,287.0,139.0,354.0
564.0,290.0,139.0,354.0
564.0,293.0,139.0,354.0
567.0,297.0,139.0,353.0
567.0,299.0,139.0,353.0
569.0,303.0,139.0,353.0
572.0,308.0,138.0,351.0
575.0,316.0,137.0,348.0
579.0,326.0,134.0,341.0
581.0,333.0,132.0,336.0
583.0,338.0,131.0,332.0
584.0,342.0,130.0,330.0
585.0,346.0,130.0,330.0
585.0,348.0,130.0,331.0
586.0,349.0,131.0,333.0
588.0,350.0,131.0,333.0
589.0,351.0,130.0,331.0
591.0,350.0,130.0,329.0
594.0,348.0,129.0,327.0
598.0,347.0,127.0,322.0
601.0,344.0,126.0,319.0
602.0,341.0,125.0,317.0
604.0,335.0,124.0,314.0
606.0,328.0,123.0,312.0
607.0,317.0,124.0,315.0
609.0,307.0,125.0,317.0
608.0,299.0,125.0,318.0
608.0,290.0,126.0,321.0
608.0,281.0,127.0,323.0
609.0,274.0,127.0,323.0
611.0,266.0,128.0,324.0
615.0,258.0,127.0,324.0
620.0,251.0,127.0,323.0
627.0,247.0,126.0,319.0
633.0,242.0,125.0,318.0
633.0,242.0,125.0,318.0
643.0,234.0,126.0,321.0
646.0,229.0,128.0,325.0
646.0,229.0,128.0,325.0
655.0,219.0,131.0,334.0
657.0,213.0,133.0,339.0
657.0,213.0,133.0,339.0
669.0,205.0,137.0,349.0
669.0,205.0,137.0,349.0
672.0,201.0,139.0,354.0
684.0,196.0,142.0,360.0
684.0,196.0,142.0,360.0
689.0,191.0,144.0,366.0
700.0,188.0,149.0,378.0
700.0,188.0,149.0,378.0
704.0,185.0,153.0,388.0
705.0,183.0,158.0,402.0
705.0,209.0,146.0,371.0
708.0,210.0,149.0,378.0
709.0,208.0,151.0,384.0
709.0,208.0,153.0,388.0
710.0,205.0,155.0,394.0
712.0,204.0,157.0,400.0
714.0,202.0,158.0,402.0
716.0,198.0,159.0,405.0
715.0,191.0,162.0,411.0
715.0,182.0,165.0,418.0
717.0,174.0,168.0,426.0
718.0,170.0,170.0,432.0
720.0,166.0,173.0,439.0
719.0,161.0,175.0,444.0
716.0,175.0,164.0,427.0
720.0,169.0,166.0,431.0
716.0,165.0,169.0,440.0
715.0,163.0,171.0,444.0
716.0,162.0,173.0,450.0
719.0,160.0,174.0,453.0
711.0,157.0,174.0,454.0
702.0,156.0,175.0,456.0
690.0,159.0,176.0,458.0
690.0,162.0,177.0,460.0
692.0,163.0,179.0,466.0
689.0,162.0,180.0,469.0
682.0,163.0,182.0,473.0
681.0,163.0,182.0,475.0
681.0,161.0,184.0,478.0
681.0,160.0,184.0,480.0
679.0,162.0,186.0,484.0
677.0,163.0,189.0,492.0
679.0,163.0,191.0,497.0
679.0,163.0,195.0,507.0
675.0,164.0,197.0,512.0
669.0,164.0,199.0,518.0
664.0,164.0,200.0,522.0
663.0,164.0,202.0,527.0
664.0,164.0,203.0,529.0
665.0,162.0,203.0,530.0
666.0,158.0,205.0,534.0
664.0,156.0,206.0,537.0
663.0,153.0,207.0,539.0
664.0,150.0,208.0,541.0
661.0,150.0,208.0,543.0
661.0,151.0,208.0,542.0
666.0,151.0,209.0,544.0
674.0,152.0,209.0,543.0
682.0,151.0,208.0,541.0
684.0,149.0,208.0,541.0
682.0,149.0,207.0,539.0
680.0,149.0,211.0,550.0
686.0,147.0,217.0,557.0
697.0,174.0,211.0,531.0
704.0,174.0,206.0,531.0
700.0,179.0,208.0,521.0
695.0,171.0,223.0,528.0
717.0,183.0,198.0,514.0
723.0,182.0,199.0,516.0
725.0,180.0,200.0,519.0
727.0,179.0,193.0,518.0
726.0,178.0,196.0,527.0
730.0,178.0,198.0,532.0
734.0,177.0,200.0,537.0
735.0,177.0,202.0,526.0
727.0,177.0,213.0,524.0
728.0,176.0,213.0,524.0
727.0,174.0,215.0,528.0
725.0,174.0,217.0,522.0
725.0,173.0,217.0,522.0
724.0,173.0,216.0,519.0
720.0,183.0,217.0,511.0
718.0,182.0,218.0,504.0
738.0,188.0,196.0,495.0
733.0,189.0,206.0,495.0
727.0,191.0,210.0,492.0
725.0,200.0,210.0,483.0
722.0,201.0,211.0,483.0
709.0,206.0,223.0,476.0
714.0,211.0,198.0,465.0
707.0,212.0,198.0,466.0
705.0,211.0,199.0,467.0
701.0,222.0,197.0,453.0
696.0,222.0,197.0,453.0
691.0,221.0,196.0,452.0
687.0,221.0,196.0,450.0
684.0,221.0,196.0,451.0
682.0,220.0,196.0,451.0
679.0,220.0,196.0,450.0
677.0,219.0,196.0,451.0
674.0,219.0,195.0,448.0
669.0,218.0,196.0,450.0
665.0,217.0,196.0,451.0
660.0,217.0,197.0,452.0
653.0,215.0,197.0,452.0
647.0,213.0,197.0,452.0
635.0,210.0,183.0,452.0
631.0,209.0,183.0,451.0
625.0,208.0,183.0,453.0
620.0,208.0,184.0,453.0
615.0,208.0,184.0,455.0
609.0,207.0,185.0,456.0
604.0,206.0,185.0,457.0
599.0,205.0,185.0,457.0
595.0,202.0,185.0,457.0
592.0,200.0,184.0,455.0
589.0,208.0,184.0,436.0
589.0,207.0,184.0,435.0
588.0,203.0,184.0,437.0
587.0,201.0,184.0,437.0
588.0,200.0,184.0,435.0
592.0,199.0,184.0,435.0
597.0,188.0,184.0,448.0
601.0,188.0,185.0,450.0
605.0,189.0,186.0,453.0
612.0,187.0,188.0,458.0
613.0,189.0,188.0,458.0
625.0,184.0,191.0,465.0
629.0,183.0,192.0,468.0
633.0,183.0,193.0,469.0
636.0,182.0,193.0,471.0
638.0,180.0,194.0,473.0
639.0,178.0,195.0,474.0
639.0,177.0,195.0,475.0
638.0,177.0,196.0,478.0
638.0,176.0,197.0,479.0
636.0,175.0,198.0,482.0
634.0,187.0,199.0,473.0
631.0,189.0,201.0,474.0
627.0,190.0,204.0,478.0
624.0,199.0,207.0,475.0
620.0,202.0,209.0,476.0
617.0,210.0,212.0,472.0
656.0,221.0,172.0,456.0
657.0,230.0,175.0,457.0
661.0,239.0,178.0,458.0
667.0,246.0,179.0,461.0
671.0,253.0,178.0,459.0
672.0,255.0,181.0,467.0
683.0,269.0,174.0,444.0
674.0,269.0,202.0,447.0
679.0,270.0,203.0,450.0
681.0,269.0,204.0,452.0
683.0,278.0,204.0,441.0
702.0,277.0,179.0,438.0
708.0,282.0,180.0,436.0
718.0,286.0,169.0,419.0
720.0,288.0,170.0,422.0
722.0,287.0,170.0,422.0
722.0,292.0,170.0,416.0
726.0,291.0,171.0,419.0
732.0,294.0,171.0,404.0
738.0,294.0,170.0,402.0
742.0,300.0,169.0,392.0
745.0,299.0,169.0,391.0
746.0,303.0,171.0,365.0
747.0,301.0,174.0,371.0
767.0,299.0,144.0,350.0
770.0,297.0,146.0,354.0
772.0,295.0,147.0,357.0
773.0,294.0,147.0,338.0
771.0,293.0,147.0,337.0
771.0,293.0,148.0,341.0
771.0,293.0,140.0,341.0
773.0,292.0,143.0,347.0
775.0,296.0,145.0,325.0
775.0,295.0,147.0,328.0
776.0,295.0,146.0,327.0
778.0,294.0,145.0,326.0
780.0,303.0,138.0,304.0
781.0,303.0,141.0,310.0
784.0,303.0,142.0,313.0
792.0,316.0,139.0,288.0
797.0,316.0,140.0,291.0
795.0,316.0,143.0,296.0
810.0,324.0,122.0,270.0
814.0,325.0,122.0,270.0
821.0,321.0,128.0,284.0
825.0,331.0,117.0,253.0
828.0,331.0,118.0,255.0
826.0,336.0,115.0,249.0
828.0,336.0,116.0,252.0
831.0,345.0,110.0,238.0
836.0,345.0,111.0,240.0
845.0,345.0,113.0,246.0
848.0,358.0,104.0,234.0
846.0,361.0,105.0,235.0
847.0,371.0,102.0,230.0
851.0,377.0,99.0,223.0
853.0,382.0,97.0,218.0
852.0,391.0,94.0,201.0
853.0,396.0,91.0,195.0
857.0,400.0,89.0,190.0
854.0,404.0,88.0,188.0
851.0,406.0,87.0,186.0
850.0,408.0,86.0,183.0
847.0,407.0,84.0,180.0
847.0,403.0,84.0,180.0
851.0,399.0,84.0,180.0
852.0,395.0,83.0,178.0
852.0,391.0,81.0,174.0
855.0,387.0,81.0,174.0
859.0,383.0,80.0,171.0
864.0,379.0,78.0,168.0
865.0,374.0,77.0,165.0
856.0,368.0,76.0,164.0
850.0,361.0,76.0,163.0
848.0,352.0,76.0,162.0
846.0,341.0,76.0,162.0
841.0,328.0,76.0,162.0
833.0,314.0,76.0,162.0
830.0,291.0,76.0,170.0
829.0,273.0,76.0,171.0
824.0,257.0,77.0,172.0
822.0,239.0,77.0,173.0
818.0,222.0,78.0,174.0
820.0,202.0,80.0,179.0
827.0,185.0,81.0,180.0
820.0,176.0,82.0,175.0
818.0,161.0,77.0,173.0
820.0,145.0,78.0,176.0
827.0,133.0,79.0,178.0
823.0,123.0,78.0,176.0
813.0,116.0,78.0,174.0
812.0,108.0,78.0,175.0
812.0,107.0,77.0,173.0
809.0,103.0,77.0,174.0
798.0,99.0,77.0,173.0
783.0,109.0,81.0,162.0
781.0,110.0,80.0,160.0
781.0,110.0,80.0,160.0
765.0,111.0,80.0,160.0
758.0,108.0,81.0,162.0
756.0,108.0,81.0,162.0
755.0,110.0,82.0,165.0
749.0,114.0,83.0,154.0
742.0,118.0,83.0,154.0
734.0,123.0,84.0,155.0
729.0,138.0,84.0,148.0
726.0,149.0,84.0,148.0
721.0,162.0,84.0,149.0
720.0,181.0,83.0,147.0
715.0,204.0,82.0,122.0
710.0,227.0,81.0,121.0
712.0,253.0,75.0,112.0
711.0,265.0,72.0,116.0
703.0,285.0,77.0,110.0
708.0,301.0,76.0,109.0
701.0,312.0,86.0,55.0
698.0,322.0,86.0,55.0
693.0,332.0,84.0,54.0
699.0,340.0,71.0,55.0
701.0,349.0,72.0,56.0
706.0,359.0,77.0,101.0
700.0,364.0,78.0,102.0
702.0,362.0,77.0,117.0
704.0,366.0,83.0,132.0
704.0,370.0,82.0,130.0
704.0,373.0,81.0,129.0
704.0,375.0,79.0,126.0
704.0,376.0,78.0,124.0
703.0,376.0,84.0,131.0
701.0,375.0,82.0,129.0
699.0,373.0,82.0,128.0
697.0,369.0,81.0,126.0
696.0,365.0,80.0,125.0
693.0,361.0,79.0,124.0
689.0,355.0,78.0,122.0
683.0,349.0,78.0,122.0
678.0,342.0,77.0,121.0
676.0,337.0,77.0,120.0
683.0,333.0,75.0,117.0
678.0,329.0,74.0,115.0
670.0,327.0,73.0,114.0
668.0,323.0,73.0,114.0
668.0,320.0,72.0,112.0
665.0,318.0,72.0,113.0
663.0,314.0,73.0,114.0
660.0,310.0,74.0,116.0
656.0,306.0,75.0,116.0
657.0,304.0,74.0,115.0
656.0,302.0,73.0,114.0
656.0,299.0,73.0,114.0
669.0,294.0,57.0,117.0
672.0,292.0,57.0,116.0
670.0,289.0,57.0,118.0
669.0,287.0,57.0,118.0
671.0,285.0,58.0,118.0
673.0,283.0,58.0,118.0
676.0,282.0,57.0,118.0
675.0,280.0,58.0,118.0
674.0,278.0,58.0,118.0
676.0,278.0,58.0,119.0
678.0,277.0,58.0,119.0
685.0,276.0,58.0,119.0
683.0,273.0,58.0,119.0
685.0,272.0,58.0,119.0
686.0,270.0,59.0,121.0
687.0,267.0,59.0,121.0
690.0,263.0,59.0,122.0
689.0,257.0,60.0,123.0
688.0,251.0,61.0,124.0
685.0,244.0,61.0,125.0
682.0,235.0,62.0,127.0
680.0,229.0,61.0,126.0
678.0,222.0,61.0,125.0
675.0,217.0,59.0,121.0
671.0,210.0,58.0,119.0
668.0,207.0,55.0,113.0
667.0,204.0,53.0,109.0
666.0,203.0,52.0,98.0
662.0,201.0,52.0,99.0
656.0,198.0,66.0,85.0
655.0,196.0,67.0,86.0
653.0,196.0,66.0,86.0
653.0,195.0,70.0,90.0
654.0,203.0,52.0,81.0
653.0,204.0,53.0,82.0
652.0,206.0,53.0,83.0
648.0,207.0,55.0,86.0
644.0,209.0,57.0,89.0
640.0,213.0,58.0,91.0
637.0,217.0,59.0,92.0
638.0,223.0,60.0,94.0
644.0,237.0,53.0,83.0
645.0,250.0,53.0,83.0
645.0,248.0,53.0,96.0
652.0,264.0,53.0,97.0
662.0,284.0,54.0,97.0
663.0,302.0,54.0,117.0
665.0,304.0,57.0,124.0
569.0,272.0,52.0,112.0
569.0,271.0,53.0,114.0
569.0,269.0,54.0,117.0
572.0,269.0,55.0,118.0
570.0,268.0,56.0,120.0
568.0,267.0,57.0,123.0
570.0,268.0,58.0,124.0
567.0,267.0,65.0,125.0
560.0,265.0,66.0,127.0
557.0,265.0,66.0,127.0
556.0,265.0,66.0,127.0
554.0,264.0,67.0,129.0
549.0,262.0,67.0,129.0
545.0,261.0,70.0,134.0
547.0,259.0,71.0,136.0
550.0,258.0,72.0,139.0
542.0,255.0,74.0,142.0
537.0,261.0,72.0,137.0
539.0,261.0,73.0,139.0
545.0,262.0,73.0,140.0
534.0,263.0,74.0,140.0
527.0,259.0,75.0,142.0
531.0,259.0,75.0,144.0
521.0,262.0,96.0,147.0
524.0,261.0,98.0,151.0
509.0,257.0,117.0,155.0
503.0,252.0,122.0,162.0
497.0,250.0,136.0,166.0
499.0,248.0,144.0,175.0
507.0,257.0,149.0,152.0
499.0,254.0,154.0,157.0
480.0,250.0,177.0,167.0
482.0,248.0,187.0,176.0
490.0,259.0,171.0,173.0
486.0,259.0,181.0,183.0
482.0,279.0,167.0,172.0
485.0,287.0,160.0,176.0
492.0,297.0,158.0,157.0
486.0,300.0,154.0,158.0
481.0,309.0,147.0,157.0
478.0,321.0,144.0,155.0
469.0,327.0,148.0,159.0
457.0,326.0,146.0,173.0
449.0,334.0,140.0,185.0
450.0,342.0,135.0,191.0
444.0,349.0,134.0,190.0
436.0,348.0,127.0,180.0
423.0,351.0,128.0,182.0
421.0,351.0,123.0,190.0
419.0,358.0,125.0,221.0
418.0,364.0,128.0,226.0
418.0,368.0,129.0,228.0
419.0,373.0,130.0,230.0
424.0,378.0,132.0,233.0
436.0,389.0,132.0,234.0
445.0,398.0,130.0,231.0
481.0,407.0,108.0,230.0
501.0,417.0,108.0,230.0
518.0,428.0,107.0,227.0
532.0,433.0,108.0,231.0
547.0,437.0,111.0,236.0
577.0,439.0,83.0,206.0
590.0,442.0,83.0,205.0
608.0,445.0,82.0,204.0
627.0,448.0,80.0,199.0
644.0,446.0,81.0,202.0
658.0,443.0,83.0,206.0
671.0,438.0,85.0,211.0
684.0,431.0,88.0,218.0
698.0,425.0,89.0,222.0
709.0,420.0,90.0,224.0
720.0,410.0,92.0,229.0
732.0,423.0,102.0,228.0
734.0,413.0,105.0,234.0
738.0,408.0,103.0,230.0
747.0,406.0,102.0,228.0
761.0,407.0,103.0,231.0
762.0,404.0,104.0,232.0
762.0,402.0,104.0,232.0
771.0,398.0,103.0,231.0
798.0,425.0,103.0,211.0
808.0,431.0,109.0,223.0
819.0,436.0,101.0,227.0
815.0,432.0,104.0,234.0
812.0,430.0,107.0,240.0
806.0,453.0,98.0,221.0
804.0,456.0,100.0,225.0
801.0,457.0,99.0,224.0
793.0,456.0,100.0,225.0
782.0,453.0,101.0,227.0
776.0,450.0,102.0,230.0
769.0,443.0,105.0,198.0
762.0,437.0,104.0,196.0
748.0,427.0,108.0,203.0
737.0,424.0,109.0,206.0
737.0,418.0,107.0,200.0
736.0,414.0,105.0,196.0
734.0,406.0,106.0,197.0
727.0,404.0,103.0,193.0
722.0,401.0,101.0,189.0
722.0,399.0,100.0,186.0
727.0,386.0,96.0,180.0
726.0,380.0,94.0,177.0
721.0,369.0,96.0,179.0
722.0,348.0,94.0,195.0
731.0,346.0,95.0,197.0
743.0,326.0,81.0,198.0
732.0,322.0,81.0,199.0
739.0,297.0,79.0,193.0
754.0,292.0,82.0,200.0
763.0,278.0,83.0,203.0
749.0,271.0,82.0,201.0
749.0,267.0,84.0,205.0
765.0,260.0,88.0,215.0
767.0,258.0,90.0,220.0
764.0,255.0,91.0,222.0
757.0,252.0,92.0,226.0
771.0,271.0,87.0,188.0
772.0,272.0,87.0,189.0
777.0,273.0,88.0,190.0
771.0,274.0,89.0,191.0
766.0,276.0,88.0,190.0
762.0,278.0,87.0,187.0
763.0,280.0,85.0,184.0
770.0,285.0,82.0,178.0
759.0,289.0,80.0,173.0
752.0,292.0,80.0,172.0
747.0,291.0,82.0,178.0
741.0,296.0,83.0,180.0
732.0,302.0,85.0,183.0
723.0,311.0,85.0,185.0
715.0,316.0,88.0,190.0
708.0,316.0,92.0,200.0
712.0,347.0,81.0,168.0
703.0,349.0,84.0,175.0
699.0,354.0,84.0,174.0
692.0,358.0,87.0,181.0
685.0,357.0,89.0,185.0
677.0,357.0,89.0,185.0
670.0,357.0,89.0,184.0
664.0,356.0,88.0,182.0
661.0,353.0,88.0,182.0
655.0,349.0,88.0,182.0
647.0,344.0,87.0,181.0
647.0,327.0,86.0,178.0
652.0,324.0,86.0,177.0
650.0,320.0,85.0,176.0
643.0,313.0,86.0,178.0
645.0,308.0,85.0,176.0
658.0,302.0,84.0,173.0
665.0,286.0,82.0,170.0
673.0,280.0,81.0,167.0
681.0,275.0,80.0,166.0
681.0,268.0,80.0,166.0
682.0,259.0,81.0,182.0
689.0,249.0,81.0,183.0
690.0,242.0,84.0,188.0
697.0,236.0,86.0,193.0
696.0,228.0,88.0,198.0
688.0,218.0,92.0,207.0
696.0,213.0,93.0,209.0
713.0,210.0,95.0,172.0
709.0,209.0,96.0,173.0
710.0,207.0,97.0,176.0
709.0,226.0,100.0,164.0
727.0,230.0,87.0,164.0
727.0,241.0,88.0,156.0
718.0,245.0,85.0,161.0
714.0,252.0,84.0,176.0
716.0,263.0,80.0,170.0
720.0,274.0,82.0,174.0
714.0,287.0,82.0,174.0
714.0,307.0,80.0,178.0
714.0,324.0,79.0,176.0
714.0,342.0,81.0,180.0
706.0,347.0,86.0,189.0
706.0,366.0,87.0,191.0
699.0,368.0,96.0,210.0
703.0,391.0,92.0,203.0
704.0,406.0,93.0,204.0
708.0,422.0,97.0,167.0
710.0,425.0,97.0,167.0
713.0,436.0,79.0,150.0
714.0,437.0,79.0,150.0
715.0,437.0,79.0,150.0
709.0,428.0,83.0,150.0
707.0,422.0,84.0,151.0
707.0,415.0,84.0,151.0
707.0,407.0,83.0,150.0
707.0,399.0,81.0,190.0
706.0,390.0,80.0,187.0
707.0,381.0,77.0,180.0
706.0,372.0,75.0,176.0
705.0,362.0,83.0,180.0
702.0,350.0,83.0,181.0
699.0,335.0,85.0,184.0
702.0,309.0,80.0,189.0
700.0,292.0,81.0,192.0
698.0,273.0,82.0,195.0
691.0,252.0,84.0,199.0
689.0,234.0,88.0,207.0
688.0,218.0,90.0,212.0
693.0,204.0,91.0,216.0
715.0,197.0,82.0,201.0
715.0,193.0,82.0,201.0
716.0,190.0,83.0,205.0
717.0,187.0,85.0,209.0
718.0,185.0,85.0,195.0
720.0,182.0,85.0,195.0
725.0,179.0,84.0,192.0
729.0,177.0,84.0,192.0
731.0,174.0,83.0,191.0
733.0,171.0,83.0,191.0
737.0,168.0,84.0,192.0
738.0,167.0,84.0,193.0
738.0,166.0,85.0,194.0
731.0,165.0,85.0,196.0
723.0,163.0,102.0,198.0
718.0,162.0,103.0,201.0
707.0,161.0,106.0,205.0
694.0,171.0,113.0,179.0
675.0,176.0,126.0,179.0
667.0,184.0,126.0,179.0
658.0,191.0,140.0,180.0
653.0,190.0,141.0,182.0
629.0,208.0,159.0,166.0
620.0,219.0,159.0,166.0
604.0,231.0,162.0,169.0
605.0,233.0,167.0,174.0
589.0,251.0,131.0,154.0
564.0,255.0,135.0,159.0
542.0,253.0,178.0,192.0
548.0,254.0,182.0,196.0
538.0,265.0,192.0,207.0
524.0,273.0,193.0,202.0
517.0,272.0,198.0,208.0
492.0,272.0,194.0,229.0
485.0,272.0,199.0,233.0
493.0,281.0,187.0,228.0
486.0,280.0,195.0,233.0
483.0,280.0,193.0,238.0
479.0,280.0,184.0,241.0
490.0,301.0,169.0,226.0
492.0,306.0,170.0,228.0
495.0,317.0,144.0,221.0
492.0,317.0,162.0,240.0
504.0,316.0,166.0,247.0
505.0,342.0,143.0,238.0
517.0,357.0,135.0,224.0
529.0,358.0,139.0,232.0
541.0,357.0,143.0,238.0
550.0,357.0,112.0,246.0
558.0,368.0,108.0,237.0
566.0,358.0,119.0,261.0
583.0,390.0,118.0,231.0
591.0,391.0,121.0,238.0
593.0,405.0,123.0,217.0
597.0,403.0,125.0,221.0
605.0,399.0,124.0,219.0
608.0,398.0,125.0,221.0
628.0,387.0,108.0,220.0
631.0,379.0,108.0,220.0
632.0,371.0,108.0,219.0
631.0,362.0,107.0,219.0
635.0,354.0,107.0,217.0
643.0,349.0,105.0,214.0
643.0,345.0,106.0,216.0
641.0,341.0,107.0,218.0
642.0,339.0,107.0,218.0
642.0,337.0,108.0,219.0
653.0,337.0,111.0,222.0
653.0,336.0,112.0,223.0
651.0,334.0,113.0,226.0
647.0,330.0,118.0,236.0
651.0,327.0,120.0,241.0
653.0,326.0,122.0,217.0
647.0,323.0,122.0,217.0
656.0,330.0,106.0,217.0
660.0,331.0,106.0,217.0
663.0,334.0,104.0,212.0
661.0,336.0,103.0,210.0
656.0,336.0,103.0,211.0
658.0,336.0,103.0,211.0
664.0,336.0,102.0,208.0
670.0,337.0,100.0,205.0
669.0,336.0,99.0,203.0
662.0,334.0,99.0,202.0
661.0,329.0,100.0,205.0
669.0,326.0,98.0,201.0
671.0,298.0,96.0,219.0
666.0,290.0,96.0,220.0
663.0,281.0,96.0,219.0
664.0,279.0,92.0,211.0
650.0,273.0,103.0,210.0
642.0,267.0,111.0,201.0
632.0,262.0,113.0,204.0
640.0,257.0,117.0,193.0
641.0,257.0,117.0,194.0
625.0,256.0,121.0,182.0
622.0,255.0,125.0,187.0
620.0,254.0,128.0,193.0
621.0,254.0,129.0,193.0
622.0,264.0,132.0,190.0
614.0,263.0,138.0,198.0
605.0,262.0,141.0,203.0
601.0,270.0,128.0,201.0
600.0,270.0,131.0,205.0
597.0,268.0,135.0,212.0
576.0,262.0,128.0,211.0
572.0,258.0,138.0,211.0
575.0,257.0,124.0,217.0
561.0,243.0,142.0,234.0
549.0,232.0,135.0,219.0
528.0,238.0,137.0,199.0
532.0,233.0,143.0,207.0
536.0,230.0,118.0,204.0
518.0,226.0,135.0,209.0
521.0,223.0,123.0,199.0
518.0,219.0,126.0,203.0
501.0,218.0,111.0,199.0
501.0,219.0,113.0,203.0
494.0,218.0,120.0,216.0
497.0,218.0,123.0,220.0
499.0,218.0,126.0,243.0
502.0,215.0,128.0,247.0
522.0,230.0,131.0,253.0
536.0,249.0,134.0,259.0
542.0,265.0,138.0,252.0
549.0,283.0,136.0,241.0
554.0,284.0,138.0,266.0
558.0,285.0,143.0,276.0
589.0,315.0,127.0,246.0
617.0,324.0,99.0,237.0
625.0,335.0,99.0,236.0
629.0,325.0,112.0,268.0
629.0,325.0,112.0,268.0
650.0,326.0,125.0,299.0
623.0,345.0,130.0,233.0
622.0,345.0,132.0,236.0
627.0,344.0,133.0,239.0
629.0,342.0,136.0,244.0
629.0,341.0,139.0,249.0
627.0,339.0,142.0,254.0
630.0,336.0,129.0,246.0
629.0,334.0,129.0,246.0
626.0,343.0,128.0,225.0
622.0,336.0,132.0,231.0
610.0,330.0,135.0,238.0
603.0,328.0,134.0,236.0
599.0,332.0,132.0,226.0
597.0,332.0,137.0,235.0
597.0,340.0,139.0,218.0
585.0,338.0,145.0,227.0
579.0,335.0,156.0,224.0
574.0,337.0,164.0,236.0
556.0,356.0,184.0,217.0
548.0,356.0,199.0,235.0
541.0,356.0,206.0,243.0
505.0,350.0,208.0,245.0
502.0,350.0,212.0,249.0
462.0,351.0,216.0,222.0
432.0,344.0,234.0,215.0
420.0,341.0,234.0,215.0
393.0,324.0,254.0,215.0
365.0,318.0,254.0,215.0
334.0,309.0,269.0,215.0
321.0,312.0,258.0,215.0
293.0,309.0,274.0,230.0
273.0,312.0,274.0,230.0
258.0,304.0,274.0,240.0
231.0,313.0,274.0,240.0
215.0,308.0,274.0,258.0
215.0,311.0,274.0,270.0
221.0,314.0,274.0,279.0
207.0,317.0,274.0,279.0
187.0,313.0,274.0,289.0
187.0,323.0,256.0,289.0
190.0,329.0,260.0,300.0
196.0,342.0,260.0,300.0
187.0,338.0,260.0,316.0
203.0,340.0,260.0,330.0
219.0,347.0,246.0,330.0
232.0,355.0,246.0,330.0
255.0,359.0,267.0,330.0
269.0,372.0,267.0,330.0
288.0,379.0,267.0,330.0
315.0,390.0,254.0,318.0
325.0,390.0,254.0,318.0
345.0,393.0,232.0,318.0
362.0,398.0,232.0,318.0
393.0,397.0,201.0,318.0
407.0,397.0,201.0,318.0
419.0,394.0,201.0,318.0
435.0,395.0,201.0,318.0
443.0,396.0,201.0,318.0
452.0,394.0,178.0,310.0
464.0,396.0,178.0,310.0
477.0,399.0,178.0,310.0
484.0,392.0,178.0,310.0
496.0,390.0,178.0,310.0
511.0,389.0,178.0,310.0
521.0,398.0,171.0,287.0
533.0,397.0,171.0,287.0
542.0,393.0,171.0,287.0
551.0,393.0,171.0,287.0
562.0,391.0,154.0,279.0
573.0,391.0,154.0,279.0
581.0,390.0,154.0,279.0
592.0,392.0,154.0,279.0
605.0,396.0,138.0,263.0
625.0,400.0,138.0,263.0
636.0,402.0,125.0,260.0
659.0,405.0,125.0,260.0
667.0,414.0,125.0,260.0
665.0,416.0,135.0,260.0
680.0,423.0,135.0,260.0
686.0,427.0,135.0,260.0
692.0,419.0,115.0,251.0
706.0,426.0,115.0,251.0
717.0,425.0,106.0,251.0
729.0,423.0,106.0,251.0
737.0,422.0,106.0,251.0
744.0,420.0,106.0,239.0
751.0,416.0,106.0,239.0
761.0,416.0,106.0,239.0
771.0,413.0,106.0,239.0
781.0,398.0,93.0,235.0
794.0,395.0,93.0,235.0
802.0,386.0,93.0,235.0
810.0,379.0,93.0,235.0
818.0,389.0,89.0,212.0
824.0,387.0,89.0,212.0
823.0,386.0,89.0,212.0
820.0,383.0,89.0,212.0
816.0,385.0,85.0,202.0
813.0,381.0,85.0,202.0
805.0,380.0,85.0,202.0
801.0,381.0,81.0,192.0
795.0,376.0,81.0,192.0
789.0,374.0,77.0,183.0
771.0,366.0,87.0,183.0
772.0,363.0,87.0,183.0
767.0,364.0,87.0,183.0
759.0,357.0,87.0,183.0
750.0,355.0,87.0,194.0
745.0,350.0,87.0,194.0
742.0,348.0,87.0,194.0
746.0,342.0,87.0,194.0
748.0,339.0,87.0,194.0
749.0,336.0,87.0,194.0
753.0,341.0,87.0,194.0
758.0,342.0,87.0,194.0
762.0,342.0,87.0,194.0
764.0,342.0,87.0,194.0
765.0,345.0,87.0,194.0
767.0,350.0,83.0,185.0
773.0,360.0,79.0,176.0
777.0,361.0,79.0,176.0
781.0,367.0,79.0,176.0
786.0,377.0,75.0,168.0
790.0,380.0,75.0,168.0
793.0,383.0,75.0,168.0
794.0,386.0,75.0,168.0
796.0,389.0,72.0,160.0
795.0,391.0,72.0,160.0
795.0,395.0,72.0,160.0
801.0,388.0,75.0,168.0
810.0,386.0,72.0,160.0
815.0,384.0,72.0,160.0
818.0,385.0,68.0,152.0
820.0,387.0,65.0,145.0
823.0,384.0,68.0,152.0
826.0,385.0,68.0,152.0
824.0,380.0,68.0,152.0
823.0,380.0,68.0,152.0
824.0,383.0,65.0,145.0
821.0,385.0,65.0,145.0
804.0,399.0,79.0,130.0
808.0,405.0,79.0,130.0
806.0,406.0,79.0,130.0
797.0,408.0,79.0,130.0
789.0,411.0,79.0,130.0
768.0,417.0,94.0,130.0
762.0,424.0,94.0,130.0
755.0,423.0,94.0,130.0
755.0,425.0,94.0,130.0
755.0,427.0,94.0,130.0
760.0,425.0,94.0,130.0
763.0,427.0,94.0,130.0
765.0,426.0,94.0,130.0
773.0,429.0,90.0,124.0
762.0,420.0,104.0,128.0
765.0,421.0,104.0,128.0
771.0,419.0,109.0,134.0
788.0,422.0,109.0,134.0
800.0,421.0,109.0,134.0
806.0,421.0,109.0,134.0
816.0,421.0,109.0,134.0
837.0,422.0,109.0,134.0
861.0,424.0,109.0,134.0
853.0,427.0,136.0,121.0
872.0,427.0,136.0,121.0
889.0,429.0,136.0,121.0
904.0,430.0,136.0,121.0
916.0,432.0,136.0,121.0
930.0,430.0,136.0,121.0
950.0,429.0,136.0,121.0
965.0,426.0,143.0,127.0
986.0,424.0,143.0,127.0
1003.0,422.0,143.0,127.0
1022.0,393.0,143.0,150.0
1040.0,393.0,143.0,150.0
1056.0,385.0,150.0,158.0
1081.0,373.0,150.0,158.0
1094.0,358.0,167.0,170.0
1113.0,353.0,167.0,170.0
1112.0,326.0,146.0,196.0
1123.0,318.0,146.0,196.0
1152.0,318.0,127.0,185.0
1152.0,320.0,127.0,185.0
1175.0,317.0,105.0,170.0
1175.0,315.0,105.0,170.0
1188.0,309.0,90.0,167.0
1190.0,312.0,90.0,167.0
1185.0,315.0,94.0,175.0
1187.0,298.0,94.0,175.0
1186.0,296.0,94.0,175.0
1186.0,298.0,94.0,175.0
1185.0,300.0,94.0,175.0
1173.0,299.0,106.0,175.0
1170.0,305.0,106.0,175.0
1157.0,303.0,106.0,175.0
1141.0,303.0,106.0,175.0
1124.0,301.0,111.0,175.0
1100.0,298.0,111.0,175.0
1081.0,297.0,111.0,175.0
1065.0,296.0,111.0,175.0
1054.0,290.0,111.0,175.0
1033.0,289.0,111.0,175.0
1010.0,289.0,111.0,175.0
984.0,298.0,111.0,175.0
978.0,283.0,111.0,175.0
948.0,285.0,111.0,175.0
928.0,290.0,111.0,175.0
910.0,286.0,111.0,175.0
884.0,289.0,111.0,175.0
858.0,288.0,111.0,175.0
837.0,287.0,111.0,175.0
825.0,289.0,111.0,175.0
815.0,291.0,106.0,167.0
810.0,288.0,101.0,159.0
805.0,286.0,96.0,151.0
799.0,290.0,91.0,114.0
793.0,284.0,91.0,114.0
781.0,278.0,91.0,114.0
776.0,268.0,96.0,175.0
776.0,267.0,96.0,175.0
766.0,264.0,96.0,175.0
761.0,260.0,96.0,175.0
750.0,243.0,101.0,168.0
742.0,233.0,101.0,168.0
740.0,230.0,101.0,168.0
740.0,254.0,89.0,140.0
726.0,259.0,89.0,140.0
718.0,269.0,89.0,140.0
714.0,273.0,89.0,140.0
703.0,273.0,89.0,140.0
692.0,280.0,89.0,140.0
681.0,283.0,89.0,140.0
673.0,285.0,89.0,140.0
668.0,290.0,89.0,140.0
666.0,290.0,89.0,140.0
664.0,292.0,89.0,140.0
664.0,295.0,89.0,140.0
656.0,298.0,89.0,140.0
658.0,302.0,85.0,133.0
655.0,305.0,85.0,133.0
660.0,306.0,85.0,133.0
670.0,310.0,89.0,140.0
662.0,315.0,89.0,140.0
665.0,319.0,89.0,169.0
677.0,319.0,89.0,169.0
678.0,322.0,89.0,169.0
672.0,323.0,89.0,169.0
670.0,326.0,89.0,169.0
670.0,325.0,89.0,169.0
668.0,324.0,93.0,177.0
671.0,323.0,93.0,177.0
672.0,323.0,93.0,177.0
669.0,321.0,93.0,167.0
675.0,316.0,93.0,167.0
676.0,314.0,93.0,167.0
671.0,308.0,98.0,175.0
666.0,301.0,103.0,184.0
660.0,295.0,85.0,161.0
669.0,293.0,85.0,161.0
678.0,289.0,85.0,161.0
678.0,285.0,89.0,169.0
677.0,282.0,89.0,169.0
687.0,278.0,89.0,169.0
687.0,278.0,69.0,152.0
690.0,274.0,69.0,152.0
691.0,265.0,69.0,152.0
706.0,261.0,69.0,152.0
722.0,260.0,69.0,152.0
720.0,258.0,72.0,160.0
715.0,263.0,72.0,160.0
718.0,268.0,72.0,160.0
722.0,268.0,72.0,160.0
726.0,270.0,72.0,160.0
730.0,273.0,72.0,160.0
731.0,276.0,72.0,160.0
728.0,274.0,76.0,168.0
725.0,273.0,80.0,176.0
731.0,273.0,80.0,176.0
733.0,274.0,80.0,176.0
734.0,279.0,80.0,176.0
733.0,277.0,84.0,185.0
736.0,276.0,84.0,185.0
744.0,302.0,71.0,135.0
746.0,303.0,71.0,135.0
750.0,307.0,71.0,135.0
751.0,311.0,75.0,142.0
755.0,313.0,78.0,149.0
755.0,303.0,78.0,164.0
756.0,304.0,78.0,164.0
757.0,298.0,78.0,164.0
766.0,296.0,78.0,164.0
770.0,300.0,78.0,164.0
763.0,295.0,78.0,164.0
769.0,280.0,74.0,156.0
781.0,277.0,74.0,156.0
778.0,271.0,74.0,156.0
773.0,269.0,74.0,156.0
774.0,264.0,74.0,156.0
776.0,263.0,74.0,156.0
768.0,260.0,74.0,185.0
763.0,257.0,74.0,185.0
760.0,254.0,74.0,185.0
759.0,244.0,74.0,185.0
761.0,254.0,70.0,176.0
765.0,261.0,70.0,176.0
761.0,248.0,70.0,176.0
748.0,256.0,67.0,168.0
737.0,268.0,70.0,137.0
738.0,272.0,70.0,137.0
736.0,273.0,70.0,137.0
730.0,271.0,70.0,137.0
724.0,259.0,70.0,138.0
719.0,260.0,70.0,138.0
713.0,250.0,70.0,138.0
700.0,243.0,82.0,146.0
689.0,242.0,82.0,146.0
692.0,228.0,87.0,159.0
695.0,229.0,87.0,159.0
678.0,227.0,91.0,167.0
664.0,234.0,83.0,158.0
671.0,235.0,83.0,158.0
643.0,231.0,85.0,185.0
647.0,233.0,89.0,194.0
639.0,234.0,89.0,176.0
640.0,241.0,93.0,185.0
638.0,247.0,71.0,167.0
644.0,251.0,71.0,167.0
627.0,250.0,88.0,175.0
632.0,250.0,88.0,175.0
631.0,252.0,88.0,175.0
627.0,252.0,92.0,184.0
625.0,251.0,92.0,184.0
628.0,256.0,92.0,184.0
635.0,259.0,92.0,184.0
636.0,260.0,74.0,165.0
642.0,263.0,74.0,165.0
649.0,263.0,74.0,165.0
662.0,266.0,74.0,165.0
658.0,267.0,74.0,165.0
661.0,268.0,74.0,165.0
672.0,272.0,78.0,173.0
680.0,286.0,73.0,151.0
681.0,294.0,73.0,151.0
684.0,297.0,73.0,151.0
696.0,300.0,77.0,159.0
710.0,305.0,77.0,159.0
720.0,308.0,77.0,159.0
730.0,313.0,77.0,159.0
739.0,317.0,73.0,151.0
726.0,312.0,93.0,136.0
738.0,312.0,93.0,136.0
756.0,315.0,93.0,136.0
764.0,313.0,93.0,136.0
776.0,313.0,93.0,136.0
788.0,314.0,82.0,136.0
796.0,306.0,86.0,143.0
807.0,303.0,82.0,143.0
815.0,296.0,83.0,143.0
823.0,292.0,85.0,143.0
838.0,278.0,74.0,143.0
852.0,269.0,72.0,143.0
867.0,269.0,65.0,150.0
879.0,263.0,64.0,150.0
897.0,250.0,60.0,150.0
914.0,245.0,52.0,163.0
913.0,234.0,58.0,169.0
925.0,226.0,58.0,169.0
938.0,223.0,61.0,169.0
932.0,217.0,61.0,169.0
926.0,213.0,61.0,169.0
937.0,211.0,61.0,169.0
952.0,207.0,61.0,169.0
937.0,204.0,61.0,169.0
923.0,202.0,61.0,169.0
918.0,199.0,61.0,169.0
921.0,200.0,61.0,169.0
904.0,198.0,61.0,169.0
884.0,197.0,61.0,169.0
870.0,201.0,61.0,169.0
867.0,204.0,58.0,161.0
860.0,212.0,58.0,161.0
837.0,215.0,58.0,161.0
805.0,219.0,72.0,161.0
804.0,221.0,72.0,161.0
798.0,219.0,72.0,161.0
775.0,237.0,72.0,157.0
759.0,236.0,72.0,157.0
750.0,237.0,72.0,157.0
727.0,240.0,84.0,157.0
714.0,239.0,84.0,157.0
704.0,240.0,84.0,157.0
695.0,242.0,84.0,157.0
685.0,239.0,88.0,165.0
683.0,235.0,88.0,165.0
674.0,238.0,88.0,165.0
664.0,263.0,84.0,139.0
661.0,264.0,84.0,139.0
655.0,267.0,88.0,146.0
650.0,268.0,88.0,146.0
649.0,274.0,88.0,146.0
649.0,278.0,88.0,146.0
640.0,275.0,88.0,169.0
636.0,283.0,88.0,169.0
642.0,286.0,88.0,169.0
646.0,286.0,88.0,169.0
643.0,287.0,88.0,169.0
647.0,289.0,88.0,169.0
650.0,295.0,84.0,161.0
653.0,298.0,84.0,161.0
667.0,303.0,84.0,161.0
669.0,305.0,84.0,161.0
662.0,317.0,84.0,146.0
661.0,317.0,84.0,146.0
665.0,308.0,84.0,146.0
667.0,316.0,84.0,146.0
677.0,301.0,84.0,146.0
675.0,307.0,88.0,153.0
670.0,313.0,88.0,153.0
674.0,311.0,88.0,153.0
677.0,310.0,88.0,153.0
677.0,308.0,88.0,153.0
673.0,296.0,88.0,161.0
674.0,292.0,88.0,161.0
673.0,284.0,88.0,161.0
670.0,280.0,88.0,161.0
668.0,276.0,88.0,161.0
665.0,269.0,88.0,161.0
666.0,266.0,88.0,161.0
677.0,263.0,84.0,139.0
683.0,267.0,84.0,139.0
679.0,266.0,84.0,139.0
677.0,268.0,84.0,139.0
670.0,264.0,84.0,139.0
668.0,266.0,84.0,139.0
673.0,269.0,84.0,139.0
673.0,274.0,84.0,139.0
660.0,282.0,84.0,139.0
657.0,271.0,84.0,151.0
660.0,276.0,84.0,151.0
646.0,277.0,84.0,151.0
635.0,278.0,84.0,151.0
631.0,280.0,84.0,151.0
626.0,284.0,84.0,151.0
611.0,292.0,84.0,151.0
602.0,290.0,84.0,151.0
589.0,285.0,84.0,83.0
591.0,295.0,84.0,151.0
585.0,338.0,96.0,101.0
582.0,346.0,96.0,101.0
554.0,297.0,112.0,157.0
534.0,293.0,90.0,96.0
527.0,304.0,116.0,139.0
519.0,309.0,127.0,141.0
498.0,308.0,127.0,141.0
480.0,288.0,147.0,159.0
464.0,289.0,147.0,159.0
454.0,293.0,147.0,159.0
448.0,288.0,147.0,148.0
437.0,293.0,147.0,148.0
427.0,287.0,161.0,148.0
411.0,288.0,161.0,148.0
394.0,282.0,161.0,148.0
399.0,282.0,161.0,148.0
393.0,283.0,161.0,148.0
385.0,284.0,161.0,140.0
385.0,288.0,155.0,140.0
385.0,292.0,155.0,140.0
365.0,292.0,169.0,140.0
354.0,290.0,169.0,140.0
349.0,300.0,177.0,147.0
323.0,300.0,177.0,147.0
316.0,305.0,177.0,147.0
303.0,310.0,177.0,147.0
277.0,310.0,177.0,147.0
282.0,308.0,174.0,148.0
296.0,312.0,164.0,154.0
284.0,308.0,165.0,154.0
279.0,307.0,155.0,153.0
281.0,308.0,154.0,175.0
284.0,302.0,144.0,171.0
294.0,305.0,135.0,170.0
304.0,304.0,127.0,171.0
282.0,311.0,148.0,164.0
301.0,316.0,124.0,171.0
303.0,321.0,118.0,176.0
280.0,308.0,137.0,195.0
278.0,302.0,140.0,197.0
313.0,310.0,104.0,189.0
323.0,308.0,87.0,190.0
329.0,302.0,78.0,202.0
333.0,314.0,77.0,189.0
328.0,313.0,83.0,193.0
330.0,311.0,80.0,196.0
335.0,309.0,80.0,196.0
323.0,316.0,95.0,187.0
333.0,320.0,95.0,187.0
341.0,325.0,95.0,187.0
347.0,330.0,95.0,187.0
357.0,339.0,95.0,187.0
368.0,343.0,95.0,187.0
380.0,355.0,90.0,178.0
395.0,358.0,90.0,178.0
409.0,374.0,86.0,170.0
425.0,380.0,86.0,170.0
438.0,388.0,86.0,170.0
448.0,388.0,86.0,170.0
459.0,393.0,86.0,170.0
467.0,394.0,86.0,170.0
473.0,396.0,86.0,170.0
477.0,396.0,86.0,170.0
485.0,398.0,86.0,170.0
491.0,398.0,86.0,170.0
499.0,396.0,86.0,170.0
502.0,389.0,90.0,178.0
506.0,383.0,90.0,178.0
509.0,394.0,90.0,178.0
509.0,392.0,90.0,178.0
511.0,389.0,90.0,178.0
517.0,386.0,90.0,178.0
536.0,381.0,89.0,175.0
539.0,389.0,93.0,184.0
535.0,373.0,93.0,178.0
532.0,375.0,93.0,178.0
541.0,375.0,93.0,178.0
557.0,373.0,93.0,178.0
557.0,370.0,93.0,178.0
548.0,368.0,93.0,178.0
549.0,365.0,93.0,178.0
559.0,365.0,93.0,178.0
570.0,367.0,93.0,178.0
569.0,369.0,116.0,158.0
554.0,372.0,116.0,158.0
544.0,369.0,116.0,158.0
541.0,371.0,116.0,158.0
537.0,369.0,122.0,166.0
533.0,368.0,128.0,174.0
532.0,382.0,156.0,147.0
522.0,381.0,156.0,147.0
510.0,379.0,164.0,154.0
508.0,378.0,172.0,162.0
510.0,386.0,166.0,139.0
490.0,387.0,174.0,146.0
459.0,380.0,168.0,156.0
436.0,368.0,178.0,158.0
428.0,365.0,180.0,170.0
411.0,363.0,184.0,168.0
376.0,375.0,184.0,168.0
353.0,357.0,193.0,176.0
375.0,358.0,165.0,161.0
365.0,365.0,165.0,161.0
347.0,367.0,181.0,185.0
315.0,358.0,190.0,207.0
300.0,355.0,177.0,218.0
286.0,359.0,194.0,235.0
281.0,365.0,168.0,230.0
263.0,373.0,156.0,230.0
254.0,373.0,151.0,241.0
238.0,375.0,163.0,241.0
239.0,385.0,132.0,229.0
247.0,386.0,132.0,229.0
250.0,388.0,121.0,229.0
259.0,393.0,121.0,224.0
276.0,397.0,121.0,224.0
288.0,400.0,121.0,214.0
322.0,391.0,93.0,217.0
341.0,392.0,93.0,217.0
360.0,383.0,93.0,225.0
380.0,383.0,93.0,225.0
397.0,360.0,98.0,236.0
411.0,360.0,98.0,236.0
422.0,350.0,103.0,248.0
433.0,345.0,108.0,260.0
448.0,357.0,101.0,211.0
457.0,361.0,101.0,211.0
468.0,365.0,101.0,211.0
476.0,351.0,101.0,186.0
481.0,350.0,101.0,186.0
490.0,347.0,101.0,186.0
501.0,344.0,101.0,186.0
509.0,346.0,101.0,186.0
517.0,348.0,101.0,186.0
523.0,354.0,101.0,186.0
537.0,369.0,73.0,169.0
549.0,375.0,70.0,167.0
545.0,376.0,77.0,173.0
550.0,388.0,86.0,159.0
566.0,400.0,91.0,156.0
575.0,407.0,72.0,155.0
566.0,413.0,83.0,152.0
575.0,421.0,81.0,152.0
580.0,430.0,79.0,144.0
590.0,429.0,87.0,148.0
590.0,430.0,93.0,148.0
587.0,431.0,87.0,147.0
595.0,422.0,87.0,156.0
599.0,412.0,81.0,167.0
612.0,413.0,81.0,159.0
619.0,411.0,64.0,157.0
615.0,403.0,64.0,157.0
621.0,396.0,69.0,157.0
622.0,393.0,79.0,155.0
635.0,394.0,73.0,150.0
647.0,396.0,66.0,150.0
645.0,399.0,74.0,150.0
647.0,401.0,63.0,152.0
646.0,411.0,65.0,142.0
652.0,406.0,59.0,145.0
661.0,411.0,63.0,131.0
668.0,412.0,60.0,136.0
674.0,403.0,53.0,141.0
674.0,405.0,65.0,141.0
673.0,400.0,66.0,139.0
677.0,403.0,66.0,132.0
683.0,399.0,57.0,131.0
685.0,395.0,60.0,135.0
690.0,391.0,60.0,132.0
700.0,385.0,71.0,143.0
695.0,384.0,73.0,138.0
705.0,392.0,62.0,133.0
710.0,383.0,61.0,139.0
0
719.0,393.0,66.0,136.0
736.0,400.0,56.0,126.0
741.0,399.0,57.0,129.0
748.0,410.0,50.0,117.0
748.0,405.0,62.0,130.0
754.0,414.0,63.0,125.0
766.0,422.0,63.0,115.0
770.0,417.0,62.0,123.0
765.0,424.0,71.0,121.0
763.0,425.0,76.0,122.0
784.0,436.0,54.0,110.0
783.0,439.0,62.0,108.0
782.0,441.0,62.0,108.0
783.0,441.0,62.0,108.0
784.0,442.0,62.0,108.0
787.0,440.0,62.0,108.0
792.0,441.0,62.0,108.0
794.0,439.0,62.0,108.0
796.0,438.0,59.0,103.0
796.0,437.0,59.0,103.0
797.0,434.0,59.0,103.0
798.0,430.0,59.0,103.0
806.0,430.0,56.0,98.0
809.0,429.0,56.0,98.0
809.0,428.0,56.0,98.0
811.0,427.0,56.0,98.0
815.0,428.0,56.0,98.0
815.0,426.0,56.0,98.0
814.0,425.0,56.0,98.0
816.0,425.0,56.0,98.0
817.0,424.0,56.0,112.0
817.0,423.0,56.0,112.0
817.0,421.0,56.0,112.0
817.0,418.0,56.0,112.0
817.0,415.0,56.0,112.0
815.0,411.0,56.0,112.0
815.0,405.0,56.0,112.0
816.0,404.0,56.0,112.0
815.0,400.0,56.0,112.0
816.0,399.0,56.0,112.0
815.0,394.0,56.0,112.0
808.0,392.0,56.0,112.0
806.0,390.0,56.0,96.0
809.0,390.0,56.0,96.0
814.0,388.0,56.0,96.0
814.0,385.0,56.0,96.0
810.0,380.0,56.0,96.0
809.0,378.0,53.0,91.0
816.0,375.0,53.0,91.0
822.0,368.0,53.0,108.0
823.0,361.0,53.0,109.0
828.0,355.0,53.0,109.0
832.0,351.0,53.0,112.0
834.0,350.0,51.0,110.0
837.0,348.0,51.0,108.0
840.0,338.0,50.0,122.0
846.0,337.0,51.0,109.0
849.0,340.0,51.0,109.0
855.0,337.0,51.0,109.0
859.0,337.0,51.0,109.0
858.0,336.0,51.0,109.0
865.0,335.0,51.0,109.0
873.0,332.0,51.0,109.0
871.0,331.0,70.0,109.0
875.0,331.0,70.0,109.0
886.0,332.0,70.0,109.0
891.0,331.0,70.0,109.0
897.0,332.0,70.0,109.0
902.0,331.0,70.0,109.0
909.0,331.0,70.0,109.0
905.0,328.0,85.0,122.0
914.0,330.0,85.0,121.0
918.0,329.0,88.0,112.0
925.0,317.0,93.0,126.0
931.0,319.0,91.0,118.0
946.0,319.0,83.0,117.0
943.0,313.0,97.0,122.0
952.0,310.0,88.0,123.0
952.0,312.0,102.0,123.0
960.0,301.0,103.0,136.0
968.0,298.0,89.0,140.0
963.0,294.0,107.0,148.0
968.0,297.0,107.0,148.0
970.0,299.0,107.0,133.0
969.0,298.0,107.0,133.0
972.0,302.0,104.0,135.0
965.0,295.0,104.0,138.0
963.0,296.0,94.0,142.0
966.0,303.0,75.0,133.0
966.0,310.0,67.0,128.0
971.0,316.0,53.0,126.0
965.0,320.0,61.0,117.0
956.0,321.0,58.0,111.0
937.0,310.0,64.0,119.0
945.0,319.0,61.0,125.0
950.0,301.0,90.0,127.0
954.0,304.0,85.0,132.0
944.0,304.0,87.0,129.0
932.0,304.0,101.0,134.0
933.0,306.0,105.0,130.0
945.0,299.0,92.0,140.0
935.0,302.0,96.0,138.0
926.0,304.0,105.0,135.0
923.0,295.0,112.0,141.0
923.0,300.0,121.0,148.0
0
0
0
0
0
0
0
0
0
938.0,306.0,81.0,133.0
932.0,298.0,79.0,145.0
928.0,301.0,82.0,138.0
925.0,307.0,85.0,127.0
927.0,304.0,83.0,128.0
921.0,303.0,86.0,127.0
917.0,309.0,86.0,127.0
891.0,312.0,103.0,130.0
891.0,318.0,103.0,130.0
887.0,320.0,103.0,130.0
883.0,324.0,103.0,117.0
889.0,321.0,64.0,121.0
886.0,331.0,66.0,116.0
882.0,323.0,67.0,128.0
891.0,326.0,59.0,116.0
0
0
0
0
0
0
0
0
0
0
0
0
0
0
0
0
0
0
0
0
990.0,296.0,106.0,167.0
998.0,292.0,87.0,175.0
970.0,294.0,106.0,173.0
956.0,293.0,113.0,170.0
954.0,295.0,113.0,170.0
946.0,295.0,113.0,170.0
916.0,294.0,113.0,170.0
886.0,291.0,119.0,178.0
854.0,292.0,119.0,178.0
831.0,291.0,113.0,170.0
803.0,286.0,113.0,170.0
790.0,281.0,113.0,170.0
739.0,296.0,119.0,178.0
713.0,302.0,119.0,178.0
0
0
0
0
541.0,291.0,150.0,162.0
518.0,286.0,146.0,162.0
494.0,287.0,147.0,161.0
465.0,291.0,147.0,161.0
433.0,273.0,158.0,171.0
408.0,270.0,163.0,171.0
381.0,266.0,158.0,171.0
363.0,256.0,152.0,169.0
342.0,254.0,152.0,169.0
314.0,242.0,160.0,177.0
297.0,238.0,160.0,177.0
264.0,228.0,160.0,177.0
230.0,224.0,160.0,177.0
212.0,217.0,175.0,187.0
208.0,216.0,175.0,187.0
181.0,208.0,180.0,196.0
137.0,197.0,189.0,206.0
127.0,192.0,189.0,206.0
102.0,186.0,189.0,206.0
95.0,164.0,191.0,232.0
87.0,155.0,191.0,232.0
76.0,144.0,200.0,250.0
77.0,148.0,200.0,250.0
58.0,133.0,200.0,261.0
40.0,129.0,212.0,271.0
39.0,127.0,212.0,274.0
40.0,133.0,212.0,270.0
45.0,146.0,205.0,270.0
37.0,154.0,217.0,248.0
32.0,162.0,217.0,238.0
31.0,163.0,217.0,238.0
61.0,165.0,194.0,238.0
52.0,172.0,194.0,238.0
108.0,192.0,113.0,227.0
116.0,194.0,119.0,238.0
124.0,202.0,119.0,238.0
145.0,207.0,119.0,238.0
163.0,216.0,119.0,238.0
188.0,232.0,113.0,227.0
211.0,268.0,113.0,204.0
244.0,274.0,113.0,204.0
272.0,284.0,113.0,204.0
300.0,293.0,113.0,204.0
335.0,301.0,113.0,204.0
370.0,312.0,108.0,194.0
404.0,317.0,119.0,194.0
436.0,319.0,119.0,194.0
471.0,328.0,131.0,194.0
503.0,338.0,131.0,194.0
556.0,344.0,131.0,194.0
592.0,349.0,131.0,194.0
629.0,362.0,125.0,185.0
669.0,371.0,125.0,185.0
701.0,379.0,131.0,194.0
732.0,391.0,131.0,194.0
758.0,394.0,138.0,204.0
781.0,399.0,138.0,204.0
831.0,413.0,111.0,181.0
852.0,410.0,111.0,181.0
874.0,405.0,117.0,190.0
901.0,403.0,117.0,190.0
930.0,398.0,117.0,190.0
955.0,392.0,117.0,190.0
986.0,368.0,117.0,200.0
1013.0,375.0,117.0,200.0
1027.0,372.0,117.0,200.0
1041.0,350.0,117.0,219.0
1056.0,351.0,123.0,230.0
1058.0,349.0,129.0,241.0
1051.0,345.0,129.0,241.0
1053.0,341.0,129.0,241.0
1058.0,334.0,135.0,254.0
1056.0,343.0,135.0,254.0
1038.0,339.0,135.0,254.0
1029.0,336.0,116.0,205.0
1013.0,338.0,116.0,205.0
1003.0,337.0,116.0,205.0
988.0,336.0,116.0,205.0
970.0,338.0,116.0,205.0
951.0,336.0,122.0,215.0
937.0,340.0,122.0,215.0
921.0,340.0,122.0,215.0
905.0,341.0,122.0,215.0
893.0,345.0,111.0,185.0
875.0,349.0,111.0,185.0
856.0,351.0,111.0,185.0
838.0,350.0,111.0,185.0
821.0,348.0,109.0,170.0
807.0,349.0,109.0,170.0
787.0,349.0,109.0,170.0
758.0,331.0,115.0,185.0
746.0,333.0,115.0,185.0
734.0,335.0,115.0,185.0
722.0,331.0,86.0,179.0
709.0,332.0,86.0,179.0
693.0,333.0,86.0,179.0
676.0,333.0,86.0,179.0
667.0,334.0,90.0,158.0
660.0,342.0,90.0,158.0
638.0,335.0,103.0,166.0
629.0,337.0,103.0,166.0
626.0,336.0,103.0,166.0
605.0,334.0,116.0,165.0
605.0,339.0,116.0,165.0
594.0,341.0,121.0,141.0
588.0,341.0,121.0,141.0
578.0,340.0,123.0,143.0
570.0,344.0,117.0,132.0
565.0,350.0,117.0,132.0
533.0,337.0,132.0,139.0
530.0,332.0,137.0,148.0
519.0,330.0,137.0,148.0
512.0,330.0,137.0,148.0
509.0,330.0,127.0,148.0
493.0,326.0,129.0,154.0
482.0,324.0,126.0,163.0
469.0,326.0,132.0,162.0
449.0,321.0,123.0,169.0
432.0,318.0,123.0,169.0
420.0,319.0,114.0,169.0
405.0,321.0,126.0,169.0
391.0,320.0,93.0,145.0
0
0
0
0
0
308.0,334.0,114.0,170.0
304.0,340.0,106.0,167.0
299.0,343.0,106.0,167.0
293.0,347.0,106.0,167.0
293.0,353.0,106.0,167.0
299.0,359.0,106.0,167.0
303.0,367.0,106.0,167.0
304.0,377.0,101.0,159.0
308.0,381.0,111.0,159.0
310.0,386.0,111.0,159.0
328.0,391.0,114.0,159.0
333.0,395.0,124.0,148.0
350.0,399.0,122.0,152.0
359.0,400.0,124.0,153.0
363.0,402.0,128.0,145.0
366.0,406.0,129.0,141.0
382.0,406.0,127.0,140.0
380.0,408.0,138.0,135.0
381.0,406.0,144.0,134.0
386.0,405.0,144.0,137.0
385.0,401.0,149.0,140.0
395.0,400.0,139.0,138.0
391.0,399.0,143.0,136.0
397.0,396.0,143.0,136.0
391.0,392.0,143.0,136.0
396.0,390.0,143.0,136.0
392.0,387.0,144.0,148.0
389.0,382.0,143.0,147.0
382.0,378.0,142.0,148.0
381.0,375.0,139.0,149.0
374.0,378.0,142.0,148.0
378.0,380.0,133.0,142.0
381.0,383.0,123.0,142.0
369.0,384.0,124.0,142.0
369.0,384.0,124.0,142.0
370.0,386.0,124.0,142.0
370.0,392.0,124.0,142.0
369.0,394.0,124.0,142.0
370.0,396.0,105.0,149.0
376.0,403.0,105.0,149.0
383.0,406.0,105.0,149.0
383.0,411.0,90.0,142.0
390.0,414.0,99.0,150.0
402.0,411.0,93.0,155.0
410.0,417.0,93.0,155.0
419.0,417.0,93.0,155.0
430.0,422.0,93.0,155.0
441.0,426.0,93.0,155.0
452.0,432.0,93.0,155.0
460.0,431.0,98.0,163.0
473.0,434.0,98.0,163.0
487.0,436.0,98.0,163.0
499.0,436.0,98.0,163.0
512.0,441.0,93.0,155.0
525.0,444.0,89.0,164.0
536.0,448.0,84.0,161.0
549.0,455.0,82.0,150.0
552.0,454.0,82.0,150.0
560.0,455.0,82.0,150.0
568.0,456.0,82.0,150.0
572.0,453.0,86.0,158.0
576.0,453.0,86.0,158.0
582.0,452.0,86.0,148.0
584.0,450.0,86.0,145.0
582.0,445.0,90.0,146.0
581.0,438.0,95.0,153.0
597.0,448.0,82.0,144.0
601.0,446.0,82.0,144.0
599.0,443.0,82.0,144.0
597.0,437.0,86.0,143.0
600.0,436.0,86.0,143.0
603.0,435.0,86.0,143.0
606.0,429.0,90.0,150.0
606.0,423.0,90.0,150.0
605.0,421.0,95.0,158.0
612.0,420.0,95.0,158.0
614.0,421.0,82.0,145.0
616.0,424.0,74.0,145.0
598.0,403.0,85.0,155.0
597.0,410.0,85.0,155.0
600.0,411.0,81.0,148.0
609.0,409.0,81.0,148.0
614.0,404.0,81.0,148.0
609.0,401.0,81.0,148.0
600.0,402.0,81.0,148.0
602.0,396.0,81.0,148.0
618.0,393.0,81.0,148.0
624.0,393.0,81.0,148.0
626.0,393.0,81.0,148.0
603.0,394.0,101.0,156.0
613.0,397.0,101.0,156.0
592.0,396.0,128.0,154.0
603.0,399.0,130.0,143.0
613.0,390.0,151.0,157.0
613.0,385.0,148.0,159.0
628.0,387.0,139.0,152.0
618.0,369.0,160.0,174.0
622.0,369.0,160.0,173.0
652.0,370.0,157.0,170.0
671.0,374.0,171.0,172.0
682.0,368.0,181.0,180.0
704.0,367.0,181.0,180.0
726.0,366.0,181.0,170.0
754.0,366.0,181.0,170.0
776.0,365.0,190.0,178.0
808.0,379.0,173.0,162.0
837.0,382.0,182.0,170.0
864.0,389.0,173.0,162.0
891.0,394.0,173.0,162.0
950.0,400.0,163.0,170.0
971.0,405.0,171.0,178.0
985.0,408.0,171.0,178.0
0
0
0
0
0
0
0
0
0
0
0
0
0
0
0
0
0
0
0
0
0
0
0
0
0
0
0
0
0
0
0
0
1106.0,337.0,148.0,242.0
1095.0,333.0,148.0,242.0
1076.0,329.0,148.0,242.0
1054.0,326.0,148.0,242.0
1034.0,324.0,148.0,242.0
1011.0,318.0,148.0,242.0
1005.0,325.0,132.0,219.0
999.0,321.0,132.0,219.0
982.0,319.0,117.0,207.0
974.0,320.0,117.0,207.0
957.0,312.0,117.0,207.0
941.0,309.0,117.0,207.0
927.0,304.0,117.0,207.0
913.0,286.0,102.0,215.0
906.0,287.0,97.0,205.0
893.0,283.0,97.0,205.0
878.0,278.0,97.0,205.0
868.0,267.0,97.0,205.0
858.0,261.0,102.0,215.0
852.0,259.0,97.0,205.0
842.0,255.0,97.0,205.0
831.0,250.0,102.0,215.0
822.0,250.0,102.0,215.0
812.0,266.0,92.0,163.0
807.0,265.0,92.0,163.0
798.0,264.0,92.0,163.0
783.0,263.0,92.0,163.0
774.0,263.0,92.0,163.0
765.0,263.0,92.0,163.0
757.0,262.0,97.0,171.0
750.0,272.0,97.0,147.0
742.0,273.0,97.0,147.0
733.0,271.0,97.0,147.0
729.0,271.0,97.0,147.0
723.0,273.0,97.0,147.0
723.0,275.0,97.0,147.0
720.0,273.0,97.0,147.0
716.0,271.0,97.0,147.0
714.0,272.0,97.0,147.0
720.0,276.0,92.0,140.0
724.0,279.0,92.0,140.0
729.0,278.0,92.0,140.0
731.0,274.0,97.0,147.0
733.0,278.0,97.0,147.0
738.0,285.0,97.0,147.0
742.0,287.0,97.0,126.0
751.0,285.0,97.0,126.0
761.0,287.0,97.0,126.0
767.0,287.0,102.0,132.0
779.0,291.0,102.0,132.0
771.0,292.0,119.0,143.0
788.0,298.0,119.0,143.0
781.0,282.0,142.0,152.0
789.0,284.0,110.0,148.0
808.0,286.0,110.0,148.0
825.0,283.0,110.0,148.0
832.0,285.0,110.0,148.0
825.0,264.0,124.0,159.0
837.0,264.0,124.0,159.0
844.0,262.0,130.0,167.0
847.0,250.0,130.0,167.0
851.0,258.0,130.0,167.0
859.0,253.0,130.0,167.0
863.0,251.0,130.0,167.0
866.0,245.0,130.0,167.0
872.0,246.0,136.0,175.0
878.0,249.0,136.0,175.0
878.0,252.0,143.0,184.0
884.0,256.0,136.0,175.0
881.0,268.0,136.0,175.0
882.0,258.0,136.0,175.0
885.0,271.0,136.0,175.0
888.0,274.0,143.0,184.0
882.0,269.0,136.0,175.0
887.0,269.0,81.0,184.0
890.0,263.0,85.0,193.0
893.0,267.0,85.0,193.0
896.0,264.0,89.0,203.0
890.0,280.0,79.0,165.0
880.0,286.0,79.0,165.0
852.0,287.0,79.0,165.0
852.0,299.0,79.0,165.0
833.0,295.0,79.0,165.0
825.0,306.0,79.0,165.0
814.0,314.0,79.0,165.0
784.0,318.0,83.0,173.0
769.0,333.0,83.0,173.0
730.0,338.0,87.0,182.0
720.0,349.0,87.0,182.0
703.0,360.0,91.0,191.0
658.0,358.0,96.0,201.0
646.0,370.0,96.0,201.0
619.0,368.0,96.0,201.0
606.0,374.0,96.0,201.0
571.0,385.0,96.0,201.0
548.0,394.0,148.0,166.0
525.0,395.0,148.0,166.0
497.0,393.0,155.0,174.0
463.0,394.0,155.0,174.0
434.0,393.0,155.0,174.0
408.0,391.0,180.0,164.0
380.0,400.0,180.0,164.0
357.0,396.0,194.0,164.0
337.0,395.0,194.0,164.0
286.0,373.0,205.0,172.0
259.0,375.0,205.0,172.0
228.0,372.0,219.0,181.0
197.0,378.0,219.0,181.0
157.0,390.0,219.0,181.0
116.0,363.0,242.0,193.0
111.0,365.0,242.0,193.0
124.0,359.0,199.0,189.0
27.0,355.0,251.0,193.0
0.0,355.0,254.0,190.0
0.0,373.0,261.0,196.0
0.0,375.0,202.0,168.0
0.0,373.0,192.0,184.0
0.0,376.0,191.0,172.0
0.0,387.0,165.0,180.0
0
0
0
0
0
0
0
0
0
0
0
0
0
0
0
0
0
0
0
0
0
0
0
71.0,405.0,169.0,201.0
101.0,404.0,158.0,203.0
131.0,403.0,158.0,203.0
167.0,403.0,158.0,203.0
201.0,397.0,158.0,203.0
232.0,393.0,158.0,203.0
264.0,405.0,141.0,172.0
298.0,403.0,141.0,172.0
333.0,405.0,141.0,172.0
357.0,394.0,141.0,172.0
376.0,402.0,141.0,172.0
393.0,387.0,124.0,183.0
416.0,382.0,124.0,183.0
443.0,384.0,124.0,183.0
456.0,380.0,108.0,177.0
470.0,378.0,108.0,177.0
489.0,374.0,108.0,177.0
505.0,376.0,108.0,177.0
514.0,373.0,113.0,186.0
523.0,365.0,119.0,195.0
535.0,362.0,90.0,178.0
550.0,363.0,90.0,178.0
558.0,364.0,90.0,178.0
558.0,358.0,72.0,165.0
570.0,354.0,72.0,165.0
582.0,355.0,72.0,165.0
587.0,350.0,76.0,173.0
589.0,338.0,79.0,182.0
595.0,333.0,79.0,182.0
603.0,330.0,79.0,182.0
614.0,323.0,83.0,191.0
620.0,334.0,76.0,151.0
631.0,330.0,76.0,151.0
638.0,328.0,76.0,151.0
644.0,325.0,76.0,151.0
651.0,323.0,76.0,151.0
657.0,321.0,76.0,151.0
662.0,318.0,76.0,151.0
670.0,314.0,76.0,151.0
679.0,305.0,72.0,144.0
685.0,306.0,72.0,144.0
686.0,279.0,72.0,162.0
692.0,280.0,72.0,162.0
693.0,267.0,76.0,170.0
692.0,254.0,79.0,179.0
693.0,247.0,76.0,170.0
694.0,236.0,79.0,179.0
696.0,231.0,79.0,179.0
699.0,246.0,79.0,143.0
697.0,245.0,79.0,125.0
690.0,243.0,83.0,128.0
692.0,246.0,83.0,142.0
689.0,238.0,83.0,148.0
688.0,253.0,83.0,129.0
681.0,252.0,83.0,134.0
677.0,252.0,83.0,139.0
670.0,251.0,87.0,147.0
667.0,249.0,85.0,157.0
670.0,276.0,87.0,138.0
669.0,280.0,87.0,138.0
664.0,286.0,87.0,138.0
661.0,293.0,83.0,131.0
656.0,299.0,87.0,138.0
657.0,305.0,87.0,138.0
657.0,315.0,87.0,125.0
651.0,328.0,87.0,125.0
662.0,330.0,91.0,121.0
663.0,337.0,91.0,121.0
669.0,333.0,91.0,121.0
0
0
0
0
0
696.0,355.0,93.0,146.0
699.0,359.0,93.0,146.0
700.0,360.0,93.0,146.0
697.0,358.0,98.0,153.0
697.0,358.0,98.0,153.0
694.0,356.0,103.0,161.0
692.0,356.0,103.0,161.0
686.0,357.0,103.0,161.0
686.0,359.0,92.0,146.0
690.0,363.0,92.0,146.0
687.0,364.0,92.0,146.0
681.0,361.0,97.0,153.0
662.0,366.0,104.0,142.0
659.0,373.0,104.0,142.0
656.0,372.0,109.0,149.0
654.0,371.0,109.0,149.0
644.0,377.0,98.0,125.0
632.0,378.0,98.0,125.0
623.0,380.0,98.0,125.0
613.0,381.0,98.0,125.0
609.0,383.0,98.0,125.0
592.0,378.0,88.0,131.0
577.0,378.0,88.0,131.0
566.0,375.0,82.0,140.0
564.0,372.0,82.0,140.0
559.0,370.0,76.0,142.0
543.0,370.0,76.0,142.0
535.0,365.0,80.0,149.0
544.0,366.0,80.0,149.0
541.0,367.0,80.0,149.0
512.0,367.0,80.0,149.0
498.0,372.0,84.0,156.0
500.0,372.0,84.0,156.0
504.0,376.0,84.0,156.0
494.0,376.0,84.0,156.0
480.0,374.0,84.0,156.0
475.0,369.0,88.0,164.0
490.0,372.0,100.0,143.0
496.0,376.0,100.0,143.0
491.0,381.0,105.0,150.0
490.0,382.0,105.0,134.0
490.0,382.0,105.0,150.0
489.0,386.0,110.0,135.0
499.0,396.0,110.0,158.0
496.0,392.0,116.0,127.0
502.0,387.0,102.0,140.0
500.0,386.0,103.0,139.0
507.0,389.0,103.0,139.0
528.0,392.0,103.0,139.0
533.0,392.0,103.0,139.0
530.0,388.0,108.0,146.0
533.0,391.0,84.0,147.0
536.0,389.0,84.0,147.0
541.0,391.0,84.0,147.0
545.0,398.0,84.0,147.0
544.0,394.0,88.0,154.0
543.0,398.0,88.0,154.0
550.0,401.0,88.0,154.0
550.0,395.0,93.0,147.0
553.0,396.0,93.0,142.0
554.0,391.0,97.0,155.0
560.0,405.0,86.0,130.0
567.0,408.0,84.0,141.0
572.0,405.0,90.0,145.0
587.0,405.0,90.0,145.0
589.0,402.0,90.0,145.0
594.0,406.0,90.0,145.0
613.0,406.0,94.0,152.0
645.0,406.0,94.0,152.0
662.0,406.0,90.0,145.0
672.0,407.0,90.0,145.0
698.0,402.0,86.0,138.0
729.0,411.0,88.0,109.0
743.0,406.0,79.0,88.0
748.0,404.0,79.0,92.0
763.0,405.0,96.0,84.0
781.0,405.0,101.0,154.0
798.0,405.0,101.0,150.0
810.0,407.0,101.0,157.0
830.0,409.0,96.0,145.0
863.0,401.0,92.0,146.0
859.0,405.0,94.0,134.0
866.0,398.0,112.0,151.0
889.0,393.0,111.0,144.0
907.0,385.0,108.0,155.0
909.0,375.0,111.0,159.0
917.0,368.0,111.0,159.0
940.0,360.0,111.0,159.0
950.0,353.0,117.0,167.0
978.0,352.0,99.0,159.0
984.0,352.0,99.0,159.0
980.0,348.0,104.0,154.0
986.0,345.0,109.0,162.0
994.0,345.0,109.0,162.0
1007.0,321.0,104.0,167.0
1008.0,327.0,104.0,167.0
1011.0,294.0,109.0,182.0
1002.0,295.0,109.0,182.0
1010.0,290.0,109.0,182.0
1016.0,279.0,109.0,182.0
1024.0,258.0,109.0,182.0
1017.0,253.0,71.0,179.0
1012.0,248.0,76.0,172.0
1004.0,235.0,96.0,172.0
1011.0,230.0,96.0,172.0
1008.0,225.0,96.0,172.0
994.0,226.0,96.0,172.0
993.0,223.0,96.0,172.0
976.0,225.0,96.0,172.0
962.0,222.0,101.0,181.0
960.0,225.0,101.0,181.0
952.0,235.0,96.0,172.0
943.0,242.0,91.0,164.0
926.0,250.0,91.0,164.0
910.0,254.0,91.0,164.0
893.0,259.0,91.0,164.0
878.0,267.0,91.0,164.0
856.0,272.0,91.0,164.0
834.0,275.0,87.0,156.0
816.0,275.0,83.0,149.0
793.0,275.0,83.0,149.0
773.0,279.0,83.0,149.0
752.0,283.0,87.0,156.0
725.0,282.0,87.0,156.0
718.0,294.0,87.0,156.0
0
0
0
643.0,284.0,102.0,169.0
634.0,287.0,102.0,158.0
629.0,290.0,102.0,158.0
618.0,293.0,102.0,158.0
600.0,281.0,110.0,171.0
591.0,282.0,110.0,171.0
577.0,282.0,110.0,171.0
568.0,282.0,110.0,171.0
548.0,271.0,107.0,168.0
556.0,278.0,107.0,168.0
568.0,282.0,107.0,168.0
560.0,276.0,107.0,168.0
551.0,286.0,107.0,168.0
551.0,287.0,107.0,168.0
545.0,289.0,109.0,165.0
531.0,291.0,109.0,165.0
531.0,293.0,109.0,165.0
532.0,299.0,109.0,165.0
525.0,305.0,109.0,165.0
527.0,308.0,109.0,165.0
527.0,315.0,109.0,165.0
528.0,321.0,109.0,165.0
530.0,330.0,109.0,125.0
538.0,332.0,109.0,125.0
549.0,338.0,109.0,125.0
552.0,341.0,114.0,131.0
554.0,348.0,114.0,131.0
532.0,342.0,143.0,145.0
547.0,348.0,143.0,145.0
534.0,340.0,150.0,152.0
549.0,347.0,150.0,152.0
522.0,337.0,145.0,149.0
520.0,339.0,145.0,149.0
516.0,340.0,145.0,149.0
499.0,343.0,147.0,139.0
494.0,331.0,146.0,154.0
490.0,330.0,156.0,160.0
481.0,333.0,156.0,160.0
474.0,332.0,156.0,160.0
456.0,324.0,164.0,168.0
449.0,323.0,164.0,168.0
454.0,322.0,176.0,168.0
446.0,319.0,176.0,168.0
437.0,319.0,176.0,168.0
433.0,320.0,176.0,168.0
434.0,321.0,176.0,168.0
437.0,319.0,167.0,168.0
419.0,314.0,156.0,168.0
409.0,311.0,156.0,168.0
400.0,307.0,155.0,168.0
392.0,300.0,162.0,178.0
402.0,297.0,145.0,181.0
375.0,299.0,153.0,188.0
364.0,298.0,152.0,180.0
366.0,286.0,145.0,189.0
375.0,289.0,145.0,189.0
368.0,283.0,155.0,200.0
355.0,286.0,149.0,190.0
353.0,287.0,149.0,190.0
348.0,287.0,149.0,190.0
351.0,289.0,149.0,190.0
348.0,295.0,149.0,190.0
350.0,303.0,149.0,190.0
358.0,302.0,149.0,190.0
359.0,305.0,149.0,190.0
365.0,310.0,149.0,190.0
371.0,314.0,149.0,190.0
368.0,314.0,119.0,182.0
390.0,328.0,119.0,182.0
402.0,335.0,119.0,182.0
413.0,345.0,119.0,182.0
423.0,349.0,80.0,182.0
440.0,362.0,80.0,182.0
441.0,354.0,94.0,192.0
464.0,360.0,94.0,192.0
473.0,356.0,99.0,202.0
481.0,356.0,99.0,202.0
493.0,352.0,99.0,202.0
503.0,345.0,104.0,212.0
520.0,344.0,104.0,212.0
537.0,339.0,104.0,212.0
553.0,336.0,99.0,202.0
566.0,337.0,94.0,192.0
579.0,337.0,94.0,192.0
595.0,343.0,90.0,183.0
612.0,343.0,94.0,192.0
627.0,346.0,90.0,183.0
640.0,348.0,90.0,183.0
651.0,351.0,90.0,183.0
661.0,356.0,85.0,174.0
674.0,360.0,85.0,174.0
689.0,365.0,85.0,174.0
701.0,371.0,85.0,174.0
714.0,378.0,85.0,174.0
726.0,383.0,85.0,174.0
733.0,388.0,85.0,174.0
737.0,392.0,85.0,174.0
741.0,396.0,85.0,174.0
749.0,403.0,81.0,166.0
760.0,408.0,77.0,158.0
762.0,410.0,77.0,158.0
761.0,418.0,74.0,150.0
756.0,421.0,74.0,150.0
758.0,426.0,74.0,150.0
755.0,430.0,74.0,150.0
751.0,436.0,74.0,150.0
742.0,436.0,70.0,143.0
733.0,433.0,74.0,150.0
729.0,427.0,74.0,150.0
725.0,425.0,78.0,178.0
716.0,421.0,78.0,178.0
708.0,410.0,78.0,178.0
700.0,415.0,82.0,187.0
693.0,414.0,82.0,174.0
688.0,416.0,82.0,174.0
679.0,408.0,86.0,183.0
670.0,422.0,75.0,147.0
665.0,418.0,75.0,147.0
656.0,415.0,75.0,147.0
650.0,414.0,75.0,147.0
646.0,413.0,75.0,147.0
641.0,410.0,79.0,154.0
640.0,410.0,79.0,154.0
644.0,425.0,79.0,125.0
638.0,426.0,79.0,125.0
630.0,431.0,79.0,125.0
637.0,431.0,83.0,131.0
635.0,438.0,87.0,138.0
625.0,438.0,73.0,123.0
626.0,439.0,73.0,123.0
630.0,444.0,73.0,123.0
632.0,450.0,73.0,123.0
631.0,447.0,77.0,129.0
631.0,447.0,77.0,129.0
622.0,449.0,77.0,129.0
623.0,446.0,77.0,129.0
625.0,451.0,77.0,129.0
634.0,448.0,77.0,129.0
637.0,443.0,77.0,129.0
639.0,439.0,80.0,136.0
645.0,438.0,80.0,136.0
647.0,441.0,80.0,136.0
652.0,442.0,80.0,136.0
656.0,441.0,77.0,129.0
662.0,443.0,73.0,123.0
666.0,445.0,70.0,117.0
670.0,451.0,66.0,112.0
676.0,454.0,63.0,106.0
676.0,452.0,63.0,106.0
672.0,451.0,63.0,106.0
671.0,447.0,63.0,106.0
668.0,443.0,63.0,106.0
670.0,438.0,60.0,101.0
673.0,431.0,60.0,101.0
671.0,425.0,60.0,101.0
667.0,417.0,60.0,101.0
655.0,414.0,57.0,96.0
653.0,404.0,57.0,121.0
671.0,400.0,57.0,121.0
679.0,399.0,57.0,121.0
679.0,396.0,57.0,121.0
678.0,394.0,54.0,115.0
682.0,395.0,54.0,115.0
690.0,392.0,54.0,115.0
696.0,391.0,54.0,115.0
706.0,389.0,54.0,115.0
714.0,387.0,54.0,115.0
720.0,382.0,57.0,121.0
728.0,385.0,54.0,115.0
738.0,385.0,54.0,115.0
746.0,380.0,54.0,115.0
752.0,384.0,54.0,115.0
761.0,392.0,54.0,115.0
775.0,395.0,54.0,115.0
787.0,394.0,54.0,115.0
777.0,395.0,57.0,121.0
777.0,400.0,57.0,121.0
786.0,403.0,57.0,121.0
779.0,402.0,57.0,121.0
772.0,401.0,57.0,121.0
790.0,403.0,54.0,115.0
786.0,406.0,54.0,115.0
777.0,406.0,54.0,115.0
770.0,406.0,54.0,115.0
761.0,408.0,54.0,115.0
730.0,410.0,73.0,115.0
724.0,410.0,73.0,115.0
719.0,414.0,73.0,115.0
705.0,399.0,77.0,121.0
709.0,403.0,77.0,121.0
713.0,395.0,58.0,128.0
696.0,401.0,62.0,117.0
690.0,401.0,68.0,122.0
684.0,395.0,60.0,130.0
676.0,402.0,60.0,130.0
671.0,399.0,60.0,130.0
665.0,398.0,60.0,130.0
658.0,392.0,60.0,130.0
653.0,386.0,60.0,130.0
648.0,383.0,60.0,130.0
644.0,379.0,60.0,130.0
641.0,374.0,60.0,130.0
637.0,368.0,60.0,130.0
632.0,363.0,60.0,130.0
630.0,357.0,60.0,130.0
622.0,348.0,60.0,130.0
619.0,344.0,60.0,130.0
616.0,342.0,60.0,114.0
626.0,342.0,60.0,114.0
628.0,345.0,60.0,114.0
624.0,347.0,60.0,114.0
624.0,349.0,60.0,114.0
625.0,351.0,60.0,114.0
624.0,350.0,60.0,114.0
622.0,351.0,60.0,114.0
616.0,349.0,60.0,114.0
614.0,346.0,60.0,114.0
617.0,343.0,60.0,114.0
618.0,344.0,60.0,114.0
616.0,342.0,57.0,109.0
616.0,344.0,54.0,103.0
618.0,341.0,54.0,118.0
620.0,339.0,54.0,118.0
617.0,340.0,54.0,118.0
617.0,337.0,54.0,118.0
618.0,333.0,54.0,118.0
605.0,334.0,72.0,113.0
615.0,330.0,65.0,107.0
618.0,326.0,67.0,112.0
620.0,323.0,75.0,113.0
612.0,323.0,70.0,118.0
610.0,324.0,72.0,109.0
623.0,333.0,84.0,110.0
627.0,337.0,84.0,110.0
626.0,339.0,84.0,110.0
629.0,343.0,84.0,110.0
634.0,349.0,84.0,110.0
643.0,352.0,84.0,110.0
651.0,357.0,88.0,115.0
651.0,357.0,93.0,121.0
668.0,357.0,70.0,104.0
672.0,354.0,79.0,116.0
681.0,370.0,84.0,93.0
683.0,367.0,83.0,114.0
680.0,371.0,83.0,114.0
708.0,369.0,66.0,117.0
727.0,368.0,61.0,120.0
742.0,364.0,53.0,153.0
747.0,366.0,56.0,161.0
754.0,363.0,58.0,169.0
765.0,371.0,58.0,169.0
776.0,380.0,58.0,169.0
775.0,398.0,58.0,140.0
782.0,400.0,58.0,140.0
791.0,407.0,58.0,140.0
801.0,407.0,61.0,147.0
808.0,405.0,61.0,147.0
811.0,409.0,61.0,147.0
815.0,415.0,61.0,147.0
818.0,418.0,61.0,147.0
817.0,419.0,64.0,154.0
820.0,425.0,64.0,154.0
825.0,427.0,64.0,154.0
826.0,432.0,64.0,154.0
827.0,437.0,64.0,154.0
828.0,442.0,61.0,147.0
830.0,449.0,58.0,140.0
829.0,447.0,55.0,133.0
825.0,449.0,55.0,133.0
816.0,443.0,55.0,133.0
805.0,442.0,55.0,133.0
794.0,440.0,55.0,133.0
784.0,446.0,53.0,127.0
767.0,442.0,55.0,133.0
761.0,445.0,55.0,133.0
750.0,444.0,55.0,133.0
734.0,445.0,55.0,133.0
720.0,459.0,55.0,121.0
710.0,459.0,55.0,121.0
699.0,459.0,55.0,121.0
695.0,459.0,55.0,121.0
688.0,460.0,55.0,121.0
675.0,459.0,55.0,121.0
667.0,458.0,52.0,115.0
664.0,454.0,52.0,115.0
665.0,450.0,52.0,115.0
663.0,447.0,52.0,115.0
660.0,444.0,50.0,110.0
653.0,440.0,50.0,110.0
647.0,434.0,50.0,110.0
646.0,426.0,50.0,110.0
644.0,419.0,50.0,110.0
646.0,416.0,50.0,110.0
647.0,407.0,50.0,110.0
647.0,405.0,50.0,110.0
646.0,396.0,50.0,110.0
663.0,393.0,50.0,110.0
666.0,399.0,50.0,110.0
659.0,397.0,50.0,110.0
660.0,394.0,52.0,115.0
663.0,392.0,52.0,115.0
658.0,400.0,52.0,115.0
637.0,394.0,89.0,92.0
646.0,400.0,89.0,92.0
642.0,402.0,89.0,92.0
633.0,401.0,93.0,97.0
620.0,392.0,106.0,110.0
622.0,400.0,106.0,110.0
614.0,402.0,111.0,115.0
606.0,399.0,102.0,98.0
597.0,393.0,102.0,98.0
587.0,393.0,107.0,103.0
578.0,392.0,112.0,108.0
573.0,392.0,112.0,122.0
561.0,391.0,112.0,122.0
549.0,392.0,118.0,128.0
545.0,395.0,118.0,128.0
545.0,393.0,118.0,128.0
531.0,394.0,118.0,128.0
520.0,393.0,118.0,128.0
517.0,383.0,118.0,128.0
520.0,385.0,112.0,122.0
528.0,404.0,64.0,118.0
527.0,402.0,64.0,118.0
511.0,407.0,64.0,118.0
508.0,407.0,64.0,118.0
510.0,412.0,64.0,118.0
497.0,407.0,64.0,118.0
494.0,405.0,64.0,118.0
502.0,408.0,61.0,112.0
503.0,402.0,61.0,112.0
504.0,396.0,64.0,118.0
508.0,395.0,64.0,118.0
512.0,389.0,64.0,118.0
522.0,390.0,64.0,118.0
540.0,395.0,61.0,112.0
541.0,388.0,64.0,118.0
551.0,395.0,67.0,124.0
570.0,389.0,67.0,124.0
593.0,379.0,88.0,133.0
620.0,381.0,88.0,133.0
647.0,377.0,88.0,133.0
638.0,367.0,129.0,141.0
665.0,366.0,129.0,141.0
691.0,363.0,129.0,141.0
722.0,358.0,129.0,141.0
741.0,352.0,152.0,141.0
777.0,351.0,152.0,141.0
803.0,349.0,152.0,141.0
830.0,348.0,152.0,141.0
834.0,346.0,178.0,141.0
869.0,348.0,178.0,141.0
897.0,349.0,178.0,141.0
921.0,349.0,178.0,141.0
954.0,323.0,178.0,152.0
990.0,330.0,178.0,152.0
1016.0,328.0,187.0,160.0
1047.0,325.0,196.0,168.0
1073.0,320.0,206.0,176.0
747.0,314.0,93.0,125.0
748.0,315.0,93.0,125.0
746.0,312.0,93.0,125.0
745.0,307.0,93.0,125.0
741.0,306.0,93.0,125.0
738.0,302.0,98.0,131.0
736.0,297.0,98.0,131.0
742.0,298.0,98.0,131.0
744.0,297.0,98.0,131.0
739.0,298.0,98.0,131.0
728.0,298.0,103.0,138.0
722.0,296.0,103.0,138.0
722.0,294.0,103.0,138.0
728.0,292.0,103.0,138.0
730.0,296.0,103.0,138.0
728.0,297.0,98.0,131.0
731.0,302.0,93.0,125.0
731.0,305.0,93.0,125.0
731.0,307.0,93.0,125.0
727.0,310.0,93.0,125.0
724.0,312.0,93.0,125.0
725.0,318.0,89.0,119.0
724.0,319.0,89.0,119.0
723.0,320.0,89.0,119.0
719.0,321.0,89.0,119.0
714.0,320.0,89.0,119.0
709.0,318.0,89.0,119.0
704.0,317.0,89.0,119.0
697.0,317.0,89.0,119.0
687.0,312.0,89.0,119.0
678.0,311.0,93.0,125.0
673.0,309.0,93.0,125.0
661.0,306.0,98.0,131.0
653.0,306.0,103.0,138.0
641.0,328.0,108.0,113.0
630.0,334.0,96.0,107.0
617.0,337.0,96.0,107.0
591.0,343.0,115.0,106.0
581.0,339.0,115.0,106.0
572.0,341.0,115.0,106.0
565.0,339.0,115.0,106.0
550.0,354.0,107.0,100.0
528.0,352.0,107.0,100.0
522.0,358.0,107.0,100.0
502.0,357.0,107.0,100.0
482.0,355.0,107.0,100.0
457.0,356.0,107.0,100.0
435.0,347.0,122.0,104.0
415.0,345.0,122.0,104.0
395.0,346.0,122.0,104.0
379.0,344.0,122.0,104.0
361.0,345.0,122.0,104.0
341.0,348.0,122.0,104.0
315.0,347.0,122.0,104.0
300.0,349.0,122.0,104.0
294.0,349.0,122.0,104.0
289.0,350.0,132.0,94.0
278.0,347.0,132.0,94.0
260.0,348.0,132.0,94.0
256.0,352.0,132.0,94.0
256.0,357.0,132.0,94.0
239.0,360.0,126.0,90.0
218.0,356.0,126.0,90.0
210.0,357.0,126.0,90.0
204.0,359.0,126.0,90.0
202.0,361.0,126.0,90.0
194.0,364.0,120.0,85.0
193.0,369.0,120.0,85.0
190.0,367.0,120.0,85.0
188.0,366.0,126.0,90.0
179.0,367.0,138.0,95.0
175.0,371.0,138.0,95.0
181.0,376.0,138.0,95.0
180.0,378.0,138.0,95.0
180.0,384.0,131.0,90.0
180.0,388.0,131.0,90.0
184.0,390.0,131.0,90.0
185.0,391.0,131.0,90.0
193.0,390.0,131.0,90.0
186.0,389.0,141.0,100.0
196.0,394.0,141.0,100.0
204.0,401.0,141.0,100.0
202.0,402.0,141.0,100.0
199.0,401.0,141.0,100.0
204.0,407.0,141.0,100.0
203.0,408.0,141.0,100.0
201.0,416.0,141.0,100.0
208.0,410.0,141.0,100.0
208.0,414.0,141.0,100.0
211.0,424.0,134.0,95.0
210.0,421.0,134.0,95.0
208.0,418.0,128.0,91.0
202.0,411.0,128.0,91.0
200.0,413.0,128.0,105.0
219.0,413.0,128.0,105.0
223.0,414.0,128.0,105.0
228.0,412.0,92.0,108.0
248.0,415.0,92.0,108.0
254.0,412.0,92.0,108.0
241.0,398.0,93.0,117.0
252.0,400.0,93.0,117.0
265.0,400.0,93.0,117.0
278.0,396.0,93.0,117.0
288.0,394.0,93.0,117.0
291.0,388.0,93.0,117.0
298.0,387.0,79.0,110.0
309.0,377.0,79.0,110.0
318.0,369.0,79.0,123.0
332.0,366.0,79.0,124.0
346.0,359.0,79.0,124.0
378.0,359.0,57.0,115.0
383.0,350.0,83.0,130.0
407.0,350.0,56.0,119.0
424.0,349.0,56.0,119.0
442.0,348.0,56.0,119.0
460.0,339.0,59.0,125.0
471.0,334.0,59.0,125.0
481.0,330.0,59.0,125.0
490.0,329.0,59.0,125.0
502.0,323.0,59.0,125.0
514.0,320.0,59.0,125.0
522.0,313.0,59.0,125.0
534.0,311.0,59.0,125.0
551.0,312.0,59.0,125.0
563.0,312.0,56.0,119.0
568.0,308.0,56.0,119.0
582.0,307.0,53.0,113.0
595.0,308.0,53.0,113.0
603.0,305.0,53.0,113.0
607.0,296.0,53.0,110.0
620.0,290.0,53.0,118.0
633.0,292.0,53.0,118.0
625.0,276.0,70.0,126.0
627.0,271.0,70.0,126.0
632.0,270.0,70.0,126.0
636.0,267.0,70.0,126.0
638.0,252.0,70.0,122.0
656.0,251.0,60.0,121.0
657.0,246.0,60.0,121.0
654.0,238.0,60.0,121.0
653.0,228.0,60.0,121.0
666.0,223.0,60.0,121.0
668.0,220.0,60.0,121.0
668.0,219.0,60.0,121.0
669.0,213.0,60.0,121.0
668.0,210.0,63.0,127.0
654.0,204.0,76.0,110.0
660.0,202.0,76.0,110.0
654.0,197.0,88.0,110.0
657.0,196.0,88.0,110.0
647.0,195.0,109.0,103.0
649.0,194.0,109.0,103.0
650.0,192.0,109.0,103.0
655.0,191.0,109.0,103.0
658.0,188.0,114.0,108.0
661.0,189.0,114.0,108.0
664.0,189.0,114.0,108.0
654.0,195.0,120.0,114.0
662.0,198.0,120.0,114.0
666.0,201.0,126.0,119.0
679.0,209.0,108.0,119.0
683.0,218.0,108.0,119.0
684.0,232.0,113.0,125.0
676.0,259.0,113.0,107.0
679.0,274.0,113.0,107.0
709.0,297.0,76.0,146.0
701.0,310.0,76.0,146.0
697.0,343.0,76.0,132.0
691.0,357.0,80.0,139.0
689.0,390.0,80.0,127.0
689.0,402.0,80.0,127.0
675.0,433.0,68.0,102.0
673.0,452.0,56.0,93.0
660.0,444.0,57.0,114.0
648.0,438.0,60.0,134.0
651.0,486.0,60.0,102.0
651.0,498.0,52.0,105.0
645.0,507.0,52.0,105.0
643.0,513.0,52.0,105.0
642.0,519.0,52.0,105.0
646.0,527.0,52.0,105.0
651.0,532.0,52.0,105.0
657.0,538.0,52.0,105.0
666.0,543.0,52.0,105.0
672.0,546.0,52.0,105.0
680.0,540.0,52.0,105.0
685.0,542.0,55.0,110.0
690.0,542.0,66.0,112.0
693.0,544.0,66.0,112.0
697.0,542.0,66.0,112.0
698.0,533.0,66.0,112.0
703.0,535.0,66.0,112.0
706.0,519.0,66.0,112.0
705.0,511.0,66.0,112.0
704.0,506.0,66.0,112.0
704.0,504.0,66.0,112.0
706.0,486.0,63.0,107.0
704.0,477.0,63.0,107.0
703.0,468.0,63.0,107.0
693.0,460.0,63.0,107.0
690.0,447.0,66.0,112.0
713.0,441.0,63.0,107.0
705.0,441.0,63.0,107.0
701.0,439.0,63.0,107.0
699.0,434.0,63.0,107.0
701.0,429.0,63.0,107.0
702.0,427.0,63.0,107.0
705.0,423.0,63.0,107.0
707.0,420.0,63.0,107.0
708.0,415.0,63.0,107.0
709.0,408.0,63.0,107.0
710.0,405.0,60.0,102.0
723.0,402.0,57.0,97.0
728.0,397.0,57.0,97.0
729.0,387.0,60.0,98.0
736.0,383.0,60.0,98.0
741.0,380.0,60.0,98.0
748.0,378.0,60.0,98.0
755.0,374.0,60.0,98.0
761.0,375.0,57.0,93.0
769.0,376.0,54.0,89.0
773.0,376.0,49.0,89.0
778.0,380.0,49.0,89.0
785.0,380.0,49.0,89.0
788.0,383.0,49.0,89.0
793.0,386.0,49.0,89.0
799.0,387.0,49.0,89.0
808.0,387.0,49.0,89.0
815.0,387.0,49.0,89.0
820.0,385.0,49.0,89.0
812.0,379.0,72.0,93.0
815.0,380.0,72.0,93.0
818.0,377.0,72.0,93.0
824.0,372.0,72.0,93.0
830.0,370.0,72.0,93.0
835.0,366.0,72.0,75.0
838.0,369.0,72.0,75.0
842.0,367.0,72.0,75.0
848.0,353.0,83.0,84.0
860.0,357.0,83.0,84.0
866.0,354.0,79.0,74.0
855.0,357.0,79.0,74.0
858.0,351.0,93.0,80.0
864.0,354.0,93.0,80.0
883.0,340.0,95.0,75.0
874.0,344.0,95.0,75.0
878.0,342.0,95.0,66.0
890.0,342.0,100.0,69.0
898.0,340.0,100.0,69.0
903.0,333.0,100.0,69.0
912.0,335.0,105.0,72.0
923.0,332.0,105.0,72.0
944.0,322.0,100.0,69.0
950.0,313.0,98.0,72.0
947.0,311.0,98.0,72.0
969.0,307.0,100.0,70.0
976.0,302.0,113.0,77.0
979.0,302.0,113.0,77.0
975.0,299.0,119.0,81.0
989.0,297.0,119.0,81.0
1010.0,297.0,119.0,81.0
1023.0,283.0,119.0,81.0
1024.0,281.0,119.0,81.0
1037.0,290.0,119.0,81.0
1041.0,271.0,119.0,81.0
1049.0,269.0,119.0,81.0
1050.0,272.0,119.0,81.0
1065.0,262.0,119.0,81.0
1067.0,263.0,119.0,81.0
1072.0,264.0,126.0,87.0
1083.0,263.0,126.0,87.0
1082.0,264.0,126.0,87.0
1087.0,264.0,132.0,91.0
1088.0,264.0,132.0,91.0
1092.0,266.0,132.0,91.0
1102.0,266.0,132.0,91.0
1124.0,257.0,114.0,111.0
1128.0,263.0,114.0,111.0
1131.0,266.0,120.0,117.0
1140.0,269.0,120.0,117.0
1140.0,268.0,120.0,117.0
1136.0,266.0,120.0,129.0
1160.0,268.0,120.0,133.0
1154.0,277.0,126.0,134.0
1150.0,274.0,93.0,129.0
1156.0,278.0,84.0,137.0
1166.0,286.0,80.0,130.0
1158.0,290.0,80.0,130.0
1155.0,298.0,80.0,130.0
1148.0,306.0,80.0,130.0
1132.0,299.0,80.0,130.0
1124.0,313.0,80.0,130.0
1134.0,318.0,76.0,124.0
1134.0,320.0,76.0,124.0
1122.0,322.0,76.0,124.0
1103.0,325.0,76.0,124.0
1094.0,331.0,76.0,124.0
1087.0,331.0,76.0,124.0
1078.0,338.0,73.0,118.0
1060.0,345.0,73.0,118.0
1043.0,349.0,73.0,118.0
1028.0,353.0,73.0,118.0
1019.0,355.0,73.0,118.0
990.0,355.0,73.0,118.0
971.0,351.0,73.0,118.0
955.0,359.0,70.0,123.0
941.0,359.0,70.0,123.0
917.0,361.0,70.0,123.0
896.0,376.0,57.0,108.0
879.0,375.0,57.0,108.0
847.0,383.0,57.0,108.0
823.0,373.0,60.0,113.0
807.0,380.0,60.0,113.0
791.0,380.0,63.0,119.0
771.0,382.0,60.0,113.0
738.0,382.0,63.0,119.0
717.0,383.0,63.0,119.0
708.0,382.0,60.0,113.0
688.0,381.0,60.0,113.0
668.0,377.0,60.0,113.0
644.0,375.0,60.0,113.0
633.0,374.0,60.0,113.0
622.0,370.0,60.0,113.0
604.0,368.0,60.0,113.0
580.0,361.0,63.0,119.0
568.0,355.0,63.0,119.0
566.0,353.0,63.0,119.0
554.0,350.0,60.0,113.0
546.0,342.0,60.0,113.0
538.0,334.0,60.0,113.0
531.0,323.0,57.0,108.0
514.0,317.0,57.0,108.0
512.0,300.0,57.0,108.0
523.0,285.0,57.0,108.0
520.0,270.0,57.0,108.0
511.0,255.0,57.0,108.0
503.0,245.0,57.0,108.0
496.0,233.0,57.0,108.0
497.0,225.0,57.0,108.0
491.0,210.0,57.0,108.0
489.0,202.0,57.0,108.0
489.0,192.0,57.0,108.0
488.0,185.0,54.0,103.0
470.0,176.0,70.0,103.0
467.0,171.0,88.0,98.0
464.0,169.0,100.0,101.0
467.0,164.0,100.0,101.0
471.0,158.0,105.0,106.0
472.0,153.0,105.0,94.0
477.0,150.0,105.0,94.0
485.0,147.0,105.0,94.0
488.0,145.0,105.0,94.0
482.0,147.0,105.0,94.0
489.0,151.0,105.0,94.0
486.0,149.0,105.0,94.0
492.0,153.0,105.0,94.0
479.0,156.0,110.0,99.0
488.0,163.0,110.0,99.0
496.0,173.0,110.0,99.0
493.0,188.0,115.0,104.0
500.0,209.0,121.0,113.0
520.0,234.0,121.0,113.0
529.0,253.0,100.0,118.0
541.0,273.0,107.0,112.0
549.0,290.0,94.0,112.0
557.0,315.0,105.0,106.0
570.0,332.0,105.0,106.0
578.0,347.0,105.0,106.0
607.0,371.0,92.0,91.0
619.0,383.0,92.0,91.0
628.0,412.0,92.0,91.0
652.0,426.0,78.0,92.0
660.0,430.0,78.0,109.0
657.0,443.0,78.0,109.0
0
0
0
0
0
0
0
0
703.0,491.0,51.0,102.0
706.0,491.0,51.0,102.0
708.0,489.0,51.0,102.0
709.0,488.0,51.0,102.0
698.0,477.0,61.0,110.0
706.0,476.0,61.0,110.0
708.0,469.0,61.0,110.0
708.0,464.0,64.0,115.0
711.0,456.0,53.0,109.0
717.0,449.0,53.0,109.0
718.0,443.0,53.0,109.0
722.0,433.0,53.0,109.0
726.0,426.0,53.0,109.0
731.0,419.0,53.0,109.0
735.0,409.0,53.0,109.0
740.0,402.0,53.0,109.0
744.0,394.0,50.0,104.0
747.0,386.0,48.0,99.0
740.0,376.0,46.0,94.0
744.0,365.0,46.0,94.0
761.0,356.0,46.0,94.0
765.0,354.0,46.0,94.0
754.0,346.0,46.0,94.0
747.0,340.0,46.0,94.0
745.0,334.0,46.0,94.0
745.0,326.0,46.0,94.0
748.0,315.0,46.0,94.0
748.0,304.0,48.0,99.0
744.0,293.0,50.0,104.0
743.0,280.0,53.0,109.0
741.0,267.0,53.0,109.0
735.0,252.0,56.0,114.0
732.0,236.0,58.0,120.0
731.0,227.0,58.0,120.0
731.0,216.0,56.0,114.0
727.0,214.0,56.0,114.0
716.0,200.0,58.0,120.0
712.0,192.0,56.0,114.0
699.0,186.0,75.0,114.0
699.0,182.0,75.0,114.0
695.0,174.0,75.0,101.0
689.0,161.0,79.0,96.0
685.0,165.0,81.0,86.0
681.0,159.0,81.0,86.0
677.0,153.0,81.0,86.0
664.0,148.0,109.0,86.0
649.0,137.0,121.0,88.0
660.0,134.0,107.0,84.0
649.0,131.0,123.0,91.0
644.0,138.0,127.0,90.0
644.0,137.0,113.0,92.0
638.0,145.0,119.0,93.0
648.0,151.0,119.0,93.0
636.0,164.0,119.0,93.0
639.0,176.0,119.0,93.0
638.0,194.0,119.0,93.0
633.0,212.0,119.0,93.0
632.0,231.0,119.0,93.0
640.0,252.0,113.0,89.0
643.0,266.0,119.0,93.0
651.0,292.0,119.0,93.0
653.0,308.0,119.0,93.0
659.0,333.0,113.0,89.0
656.0,350.0,113.0,89.0
0
0
0
0
0
0
0
0
0
0
0
0
0
0
0
0
0
703.0,495.0,66.0,126.0
706.0,494.0,66.0,126.0
706.0,493.0,66.0,126.0
710.0,491.0,66.0,126.0
712.0,485.0,66.0,126.0
711.0,476.0,66.0,126.0
710.0,457.0,66.0,126.0
712.0,450.0,66.0,126.0
713.0,440.0,66.0,126.0
712.0,428.0,66.0,116.0
712.0,414.0,66.0,116.0
714.0,404.0,66.0,116.0
708.0,393.0,66.0,116.0
697.0,377.0,69.0,122.0
702.0,370.0,69.0,122.0
705.0,360.0,69.0,122.0
699.0,358.0,69.0,122.0
687.0,357.0,69.0,122.0
676.0,351.0,69.0,122.0
666.0,345.0,69.0,122.0
659.0,342.0,66.0,116.0
647.0,334.0,66.0,116.0
636.0,328.0,63.0,110.0
617.0,321.0,73.0,100.0
614.0,318.0,73.0,100.0
589.0,314.0,73.0,100.0
583.0,307.0,73.0,100.0
578.0,303.0,73.0,100.0
568.0,302.0,73.0,100.0
550.0,298.0,73.0,100.0
541.0,301.0,73.0,100.0
530.0,306.0,73.0,100.0
516.0,305.0,73.0,100.0
513.0,310.0,73.0,100.0
503.0,313.0,73.0,100.0
491.0,327.0,85.0,92.0
481.0,336.0,85.0,92.0
467.0,338.0,93.0,92.0
465.0,343.0,98.0,97.0
464.0,348.0,98.0,97.0
462.0,349.0,92.0,86.0
458.0,352.0,92.0,86.0
453.0,354.0,92.0,86.0
429.0,354.0,110.0,90.0
425.0,352.0,110.0,90.0
427.0,359.0,110.0,90.0
418.0,355.0,110.0,90.0
419.0,359.0,110.0,90.0
399.0,351.0,110.0,90.0
397.0,353.0,110.0,90.0
393.0,352.0,110.0,90.0
378.0,351.0,123.0,90.0
389.0,352.0,123.0,90.0
384.0,350.0,123.0,90.0
368.0,349.0,123.0,90.0
362.0,349.0,123.0,90.0
347.0,344.0,123.0,90.0
345.0,350.0,123.0,90.0
320.0,349.0,127.0,75.0
313.0,343.0,134.0,76.0
307.0,335.0,132.0,75.0
302.0,337.0,132.0,75.0
289.0,337.0,132.0,75.0
282.0,335.0,132.0,75.0
263.0,334.0,132.0,75.0
251.0,332.0,132.0,75.0
244.0,332.0,132.0,75.0
234.0,333.0,132.0,75.0
225.0,333.0,132.0,75.0
218.0,333.0,132.0,75.0
204.0,331.0,132.0,75.0
199.0,333.0,132.0,75.0
178.0,335.0,164.0,75.0
171.0,338.0,164.0,75.0
171.0,343.0,164.0,75.0
147.0,344.0,175.0,75.0
140.0,350.0,184.0,79.0
137.0,352.0,184.0,79.0
134.0,362.0,169.0,79.0
130.0,370.0,169.0,79.0
119.0,377.0,169.0,79.0
121.0,386.0,169.0,79.0
120.0,389.0,169.0,79.0
112.0,396.0,177.0,95.0
112.0,404.0,177.0,95.0
122.0,413.0,177.0,95.0
118.0,414.0,177.0,105.0
111.0,421.0,177.0,105.0
110.0,431.0,177.0,105.0
101.0,436.0,186.0,110.0
91.0,445.0,186.0,110.0
95.0,450.0,186.0,110.0
94.0,464.0,186.0,110.0
93.0,464.0,186.0,110.0
98.0,476.0,186.0,110.0
124.0,484.0,168.0,130.0
125.0,480.0,168.0,130.0
142.0,492.0,160.0,124.0
149.0,495.0,160.0,124.0
148.0,506.0,160.0,113.0
184.0,517.0,139.0,125.0
182.0,516.0,139.0,125.0
194.0,515.0,139.0,125.0
219.0,525.0,139.0,125.0
218.0,524.0,139.0,125.0
229.0,524.0,139.0,125.0
258.0,519.0,139.0,125.0
259.0,520.0,139.0,125.0
302.0,518.0,139.0,125.0
335.0,515.0,139.0,125.0
362.0,520.0,93.0,140.0
377.0,523.0,93.0,140.0
393.0,512.0,93.0,133.0
427.0,509.0,93.0,133.0
441.0,504.0,93.0,133.0
453.0,499.0,93.0,133.0
468.0,493.0,93.0,133.0
486.0,487.0,93.0,133.0
506.0,478.0,93.0,133.0
527.0,473.0,89.0,127.0
538.0,466.0,89.0,127.0
551.0,459.0,89.0,127.0
568.0,451.0,84.0,121.0
594.0,442.0,80.0,115.0
616.0,437.0,77.0,109.0
639.0,431.0,73.0,104.0
657.0,423.0,73.0,104.0
676.0,412.0,77.0,109.0
690.0,399.0,77.0,109.0
693.0,390.0,88.0,109.0
707.0,377.0,92.0,104.0
733.0,364.0,92.0,109.0
754.0,354.0,93.0,109.0
766.0,340.0,98.0,115.0
777.0,327.0,103.0,115.0
788.0,315.0,110.0,115.0
814.0,306.0,117.0,106.0
837.0,303.0,117.0,106.0
852.0,295.0,117.0,106.0
871.0,292.0,117.0,106.0
893.0,284.0,117.0,106.0
911.0,279.0,117.0,106.0
929.0,275.0,117.0,106.0
942.0,271.0,117.0,106.0
955.0,251.0,131.0,101.0
965.0,252.0,131.0,101.0
997.0,244.0,131.0,101.0
1015.0,240.0,131.0,101.0
1024.0,240.0,131.0,101.0
1053.0,235.0,131.0,101.0
1075.0,234.0,131.0,101.0
1082.0,232.0,131.0,101.0
1068.0,228.0,160.0,101.0
1080.0,230.0,168.0,106.0
1093.0,215.0,181.0,121.0
1099.0,222.0,181.0,121.0
1122.0,227.0,158.0,114.0
1139.0,233.0,141.0,114.0
1141.0,236.0,141.0,114.0
1151.0,245.0,128.0,114.0
1151.0,256.0,128.0,114.0
1161.0,274.0,119.0,114.0
1164.0,267.0,116.0,130.0
1172.0,281.0,107.0,130.0
1189.0,301.0,91.0,113.0
0
0
0
0
0
0
0
0
0
0
0
0
0
0
0
0
0
0
0
0
0
1078.0,485.0,143.0,166.0
1074.0,491.0,143.0,166.0
1057.0,495.0,143.0,166.0
1038.0,496.0,143.0,166.0
1025.0,498.0,143.0,166.0
1018.0,502.0,136.0,158.0
1001.0,502.0,130.0,151.0
1009.0,539.0,88.0,131.0
990.0,542.0,88.0,131.0
976.0,543.0,88.0,131.0
973.0,550.0,84.0,125.0
967.0,555.0,84.0,125.0
953.0,558.0,80.0,119.0
946.0,538.0,80.0,119.0
0
0
0
897.0,578.0,74.0,110.0
888.0,586.0,74.0,110.0
882.0,589.0,74.0,110.0
870.0,592.0,74.0,110.0
852.0,594.0,74.0,110.0
840.0,583.0,74.0,120.0
832.0,584.0,74.0,120.0
827.0,582.0,74.0,120.0
820.0,581.0,74.0,120.0
812.0,577.0,74.0,120.0
803.0,571.0,74.0,120.0
796.0,566.0,74.0,120.0
791.0,561.0,70.0,114.0
784.0,553.0,70.0,114.0
776.0,542.0,67.0,109.0
766.0,529.0,67.0,109.0
756.0,516.0,67.0,109.0
749.0,507.0,64.0,104.0
741.0,494.0,64.0,104.0
732.0,481.0,64.0,104.0
722.0,464.0,64.0,104.0
711.0,446.0,64.0,104.0
704.0,430.0,64.0,104.0
695.0,412.0,64.0,104.0
680.0,398.0,64.0,104.0
670.0,379.0,64.0,104.0
671.0,367.0,64.0,104.0
663.0,357.0,64.0,104.0
656.0,350.0,64.0,104.0
646.0,343.0,64.0,104.0
628.0,332.0,64.0,104.0
631.0,321.0,64.0,104.0
627.0,310.0,64.0,104.0
615.0,301.0,64.0,104.0
613.0,294.0,64.0,104.0
615.0,296.0,61.0,82.0
613.0,296.0,61.0,70.0
610.0,288.0,61.0,79.0
605.0,290.0,61.0,73.0
607.0,288.0,61.0,77.0
605.0,286.0,61.0,77.0
602.0,287.0,57.0,70.0
605.0,287.0,57.0,70.0
603.0,290.0,49.0,67.0
601.0,293.0,49.0,67.0
601.0,296.0,42.0,66.0
604.0,302.0,42.0,66.0
605.0,304.0,42.0,66.0
607.0,309.0,42.0,66.0
608.0,313.0,42.0,66.0
611.0,318.0,42.0,66.0
603.0,341.0,51.0,50.0
605.0,345.0,51.0,50.0
608.0,352.0,51.0,50.0
613.0,361.0,49.0,48.0
617.0,371.0,49.0,48.0
620.0,376.0,49.0,48.0
628.0,383.0,49.0,48.0
638.0,389.0,49.0,72.0
642.0,391.0,49.0,72.0
649.0,392.0,49.0,72.0
654.0,394.0,49.0,72.0
649.0,395.0,46.0,81.0
659.0,394.0,46.0,81.0
655.0,402.0,46.0,81.0
663.0,398.0,46.0,81.0
665.0,397.0,46.0,81.0
669.0,398.0,46.0,81.0
669.0,395.0,46.0,81.0
672.0,396.0,46.0,81.0
674.0,393.0,46.0,81.0
677.0,390.0,46.0,81.0
673.0,387.0,46.0,81.0
676.0,384.0,46.0,81.0
680.0,382.0,46.0,81.0
683.0,376.0,46.0,81.0
685.0,368.0,46.0,81.0
687.0,364.0,46.0,81.0
689.0,356.0,46.0,81.0
688.0,349.0,46.0,81.0
689.0,341.0,46.0,81.0
687.0,331.0,46.0,81.0
692.0,319.0,46.0,81.0
695.0,311.0,44.0,77.0
713.0,303.0,42.0,73.0
708.0,300.0,40.0,70.0
714.0,290.0,40.0,70.0
719.0,284.0,40.0,70.0
717.0,274.0,40.0,70.0
714.0,264.0,40.0,70.0
714.0,250.0,38.0,67.0
715.0,237.0,38.0,67.0
712.0,225.0,40.0,70.0
711.0,210.0,40.0,70.0
714.0,197.0,40.0,70.0
714.0,181.0,38.0,67.0
706.0,167.0,38.0,67.0
703.0,148.0,38.0,88.0
702.0,136.0,38.0,88.0
710.0,121.0,38.0,88.0
710.0,107.0,40.0,92.0
701.0,98.0,38.0,88.0
696.0,87.0,38.0,88.0
690.0,83.0,38.0,72.0
685.0,75.0,55.0,77.0
686.0,67.0,55.0,77.0
680.0,59.0,58.0,81.0
678.0,52.0,58.0,81.0
676.0,47.0,61.0,85.0
674.0,42.0,64.0,81.0
674.0,41.0,64.0,81.0
675.0,39.0,61.0,66.0
677.0,41.0,61.0,66.0
673.0,39.0,61.0,66.0
673.0,36.0,61.0,66.0
671.0,38.0,61.0,66.0
668.0,41.0,61.0,66.0
669.0,44.0,61.0,66.0
668.0,51.0,64.0,69.0
667.0,57.0,64.0,69.0
657.0,64.0,93.0,69.0
659.0,72.0,93.0,69.0
660.0,84.0,93.0,69.0
662.0,99.0,93.0,79.0
664.0,114.0,93.0,79.0
666.0,134.0,93.0,79.0
663.0,154.0,93.0,79.0
661.0,173.0,98.0,83.0
668.0,191.0,98.0,83.0
670.0,208.0,98.0,83.0
662.0,232.0,98.0,83.0
645.0,248.0,98.0,83.0
656.0,267.0,70.0,83.0
656.0,288.0,70.0,83.0
655.0,304.0,70.0,83.0
655.0,323.0,67.0,102.0
654.0,340.0,67.0,102.0
650.0,362.0,67.0,88.0
643.0,374.0,67.0,88.0
0
0
0
0
676.0,449.0,55.0,94.0
690.0,460.0,55.0,94.0
697.0,469.0,55.0,94.0
702.0,477.0,55.0,94.0
707.0,485.0,55.0,94.0
710.0,494.0,52.0,90.0
712.0,499.0,52.0,90.0
714.0,504.0,52.0,90.0
718.0,509.0,52.0,90.0
720.0,515.0,52.0,90.0
723.0,518.0,50.0,85.0
727.0,523.0,50.0,85.0
731.0,526.0,48.0,81.0
735.0,529.0,48.0,81.0
741.0,530.0,45.0,77.0
743.0,529.0,45.0,77.0
744.0,527.0,48.0,81.0
746.0,529.0,48.0,81.0
747.0,523.0,50.0,85.0
748.0,521.0,52.0,90.0
749.0,520.0,52.0,90.0
751.0,517.0,52.0,90.0
753.0,510.0,52.0,90.0
755.0,507.0,52.0,90.0
755.0,503.0,52.0,90.0
755.0,503.0,52.0,90.0
755.0,498.0,50.0,85.0
755.0,493.0,48.0,81.0
753.0,483.0,48.0,81.0
749.0,476.0,48.0,81.0
744.0,470.0,45.0,77.0
748.0,464.0,48.0,81.0
765.0,440.0,45.0,77.0
781.0,446.0,43.0,74.0
780.0,456.0,33.0,67.0
775.0,452.0,45.0,69.0
763.0,451.0,45.0,69.0
756.0,447.0,45.0,69.0
751.0,445.0,45.0,69.0
745.0,431.0,45.0,78.0
738.0,425.0,45.0,80.0
735.0,418.0,43.0,80.0
730.0,413.0,43.0,80.0
726.0,411.0,43.0,76.0
722.0,406.0,43.0,73.0
723.0,398.0,46.0,66.0
727.0,395.0,46.0,66.0
726.0,391.0,46.0,66.0
724.0,386.0,46.0,66.0
722.0,380.0,46.0,66.0
718.0,376.0,46.0,66.0
719.0,361.0,46.0,70.0
720.0,358.0,46.0,70.0
723.0,350.0,46.0,70.0
722.0,345.0,46.0,70.0
718.0,342.0,46.0,70.0
718.0,337.0,46.0,70.0
716.0,334.0,46.0,70.0
714.0,326.0,46.0,65.0
725.0,323.0,46.0,65.0
721.0,315.0,46.0,74.0
716.0,311.0,46.0,74.0
718.0,311.0,46.0,74.0
717.0,306.0,46.0,74.0
718.0,304.0,46.0,74.0
717.0,300.0,46.0,74.0
715.0,297.0,46.0,74.0
716.0,294.0,46.0,74.0
717.0,294.0,46.0,74.0
715.0,293.0,46.0,74.0
710.0,288.0,46.0,74.0
714.0,288.0,46.0,74.0
718.0,287.0,46.0,74.0
718.0,289.0,46.0,74.0
717.0,287.0,44.0,70.0
717.0,285.0,44.0,70.0
724.0,286.0,44.0,70.0
723.0,286.0,44.0,70.0
721.0,282.0,44.0,70.0
716.0,279.0,44.0,70.0
710.0,276.0,44.0,70.0
704.0,270.0,44.0,70.0
700.0,265.0,46.0,74.0
709.0,259.0,36.0,76.0
714.0,250.0,31.0,76.0
710.0,242.0,35.0,78.0
701.0,231.0,35.0,78.0
698.0,226.0,35.0,78.0
698.0,223.0,35.0,78.0
699.0,212.0,35.0,78.0
701.0,215.0,35.0,78.0
700.0,205.0,35.0,80.0
694.0,206.0,35.0,80.0
687.0,203.0,35.0,80.0
691.0,196.0,35.0,80.0
692.0,189.0,35.0,80.0
692.0,185.0,37.0,84.0
690.0,183.0,37.0,84.0
685.0,179.0,45.0,75.0
684.0,176.0,45.0,75.0
688.0,171.0,45.0,75.0
689.0,168.0,47.0,79.0
691.0,167.0,47.0,79.0
698.0,165.0,47.0,79.0
701.0,167.0,50.0,74.0
697.0,170.0,50.0,74.0
698.0,170.0,50.0,74.0
692.0,171.0,50.0,74.0
690.0,175.0,50.0,74.0
689.0,179.0,50.0,74.0
687.0,185.0,50.0,74.0
691.0,194.0,50.0,74.0
687.0,203.0,50.0,74.0
690.0,213.0,50.0,74.0
693.0,225.0,50.0,74.0
693.0,237.0,50.0,74.0
692.0,245.0,50.0,74.0
696.0,255.0,50.0,74.0
694.0,266.0,48.0,70.0
693.0,275.0,48.0,70.0
0
0
0
0
0
0
0
706.0,328.0,32.0,77.0
700.0,329.0,42.0,70.0
705.0,333.0,42.0,70.0
706.0,333.0,42.0,70.0
707.0,334.0,42.0,70.0
707.0,335.0,42.0,70.0
709.0,327.0,42.0,70.0
712.0,324.0,42.0,70.0
711.0,321.0,42.0,70.0
713.0,319.0,42.0,70.0
717.0,315.0,42.0,70.0
718.0,315.0,42.0,70.0
720.0,311.0,42.0,70.0
724.0,310.0,42.0,70.0
727.0,306.0,42.0,70.0
733.0,303.0,42.0,70.0
725.0,295.0,42.0,70.0
724.0,291.0,42.0,70.0
727.0,291.0,42.0,70.0
733.0,286.0,42.0,70.0
750.0,286.0,42.0,70.0
746.0,286.0,42.0,70.0
737.0,283.0,42.0,70.0
732.0,280.0,42.0,70.0
728.0,278.0,42.0,70.0
729.0,275.0,42.0,70.0
731.0,274.0,44.0,74.0
730.0,273.0,44.0,74.0
729.0,268.0,44.0,74.0
727.0,263.0,44.0,74.0
727.0,262.0,42.0,70.0
728.0,260.0,42.0,70.0
727.0,257.0,42.0,70.0
504.0,286.0,92.0,187.0
786.0,209.0,42.0,70.0
786.0,204.0,44.0,74.0
512.0,284.0,92.0,187.0
510.0,282.0,92.0,187.0
504.0,276.0,97.0,196.0
502.0,270.0,97.0,196.0
503.0,269.0,97.0,196.0
505.0,270.0,92.0,187.0
505.0,273.0,92.0,187.0
508.0,271.0,92.0,187.0
504.0,269.0,92.0,187.0
504.0,274.0,88.0,178.0
504.0,274.0,88.0,178.0
505.0,270.0,92.0,187.0
507.0,270.0,92.0,187.0
507.0,271.0,88.0,178.0
515.0,272.0,83.0,170.0
521.0,271.0,88.0,178.0
523.0,273.0,92.0,187.0
525.0,272.0,97.0,178.0
530.0,271.0,97.0,196.0
537.0,273.0,97.0,196.0
547.0,277.0,97.0,196.0
559.0,284.0,92.0,187.0
570.0,291.0,110.0,182.0
567.0,298.0,123.0,177.0
569.0,297.0,123.0,177.0
576.0,297.0,123.0,177.0
582.0,299.0,123.0,177.0
581.0,297.0,123.0,177.0
583.0,298.0,123.0,177.0
588.0,297.0,123.0,177.0
578.0,296.0,131.0,152.0
569.0,296.0,139.0,150.0
561.0,291.0,144.0,150.0
547.0,280.0,149.0,149.0
549.0,279.0,149.0,149.0
549.0,280.0,149.0,149.0
524.0,275.0,156.0,156.0
521.0,269.0,156.0,156.0
512.0,266.0,154.0,167.0
506.0,265.0,154.0,167.0
494.0,267.0,154.0,167.0
480.0,269.0,154.0,167.0
494.0,269.0,154.0,167.0
493.0,272.0,138.0,167.0
507.0,276.0,138.0,167.0
501.0,278.0,131.0,182.0
501.0,284.0,129.0,180.0
502.0,286.0,132.0,183.0
514.0,289.0,132.0,183.0
514.0,290.0,134.0,186.0
511.0,291.0,134.0,186.0
513.0,291.0,134.0,186.0
521.0,281.0,135.0,213.0
531.0,277.0,144.0,227.0
553.0,266.0,105.0,236.0
565.0,262.0,105.0,235.0
576.0,256.0,105.0,235.0
585.0,249.0,103.0,232.0
598.0,242.0,102.0,230.0
609.0,235.0,101.0,227.0
618.0,229.0,99.0,222.0
630.0,223.0,98.0,220.0
648.0,231.0,96.0,205.0
663.0,228.0,103.0,199.0
670.0,225.0,103.0,199.0
681.0,218.0,105.0,204.0
698.0,217.0,107.0,189.0
696.0,216.0,108.0,190.0
706.0,213.0,108.0,192.0
726.0,229.0,105.0,176.0
723.0,238.0,111.0,170.0
727.0,242.0,112.0,208.0
733.0,266.0,114.0,204.0
738.0,283.0,116.0,192.0
745.0,297.0,113.0,211.0
750.0,320.0,114.0,212.0
761.0,350.0,115.0,208.0
776.0,365.0,98.0,215.0
778.0,387.0,100.0,219.0
779.0,425.0,92.0,201.0
774.0,453.0,86.0,188.0
0
0
0
0
0
0
0
0
0
0
0
801.0,497.0,103.0,200.0
800.0,492.0,103.0,200.0
799.0,484.0,102.0,199.0
806.0,475.0,103.0,201.0
813.0,467.0,103.0,200.0
812.0,459.0,102.0,199.0
802.0,447.0,104.0,201.0
798.0,435.0,104.0,202.0
803.0,425.0,105.0,203.0
811.0,417.0,105.0,204.0
812.0,409.0,106.0,205.0
809.0,401.0,106.0,206.0
801.0,391.0,106.0,206.0
801.0,382.0,106.0,206.0
802.0,374.0,106.0,205.0
797.0,366.0,104.0,203.0
791.0,358.0,104.0,202.0
792.0,353.0,103.0,200.0
789.0,349.0,103.0,200.0
780.0,347.0,103.0,200.0
770.0,346.0,102.0,198.0
762.0,346.0,101.0,196.0
756.0,346.0,100.0,194.0
750.0,346.0,100.0,194.0
743.0,344.0,99.0,193.0
734.0,341.0,99.0,192.0
726.0,337.0,98.0,190.0
722.0,332.0,98.0,190.0
720.0,324.0,98.0,190.0
714.0,302.0,99.0,206.0
707.0,292.0,100.0,209.0
699.0,283.0,101.0,210.0
694.0,276.0,101.0,209.0
690.0,271.0,103.0,215.0
690.0,265.0,106.0,221.0
684.0,258.0,108.0,225.0
679.0,254.0,109.0,206.0
674.0,250.0,111.0,200.0
667.0,249.0,113.0,198.0
654.0,243.0,111.0,199.0
660.0,243.0,112.0,200.0
656.0,244.0,111.0,199.0
646.0,243.0,114.0,204.0
642.0,243.0,113.0,203.0
639.0,242.0,114.0,204.0
638.0,241.0,113.0,203.0
637.0,240.0,114.0,204.0
630.0,238.0,115.0,205.0
623.0,236.0,115.0,207.0
618.0,234.0,116.0,209.0
614.0,234.0,117.0,209.0
610.0,230.0,119.0,204.0
603.0,229.0,121.0,208.0
596.0,232.0,121.0,208.0
593.0,238.0,120.0,206.0
587.0,243.0,119.0,205.0
579.0,245.0,115.0,197.0
572.0,244.0,92.0,199.0
571.0,245.0,92.0,199.0
570.0,246.0,92.0,199.0
565.0,244.0,92.0,199.0
558.0,240.0,93.0,201.0
551.0,233.0,95.0,205.0
551.0,230.0,96.0,208.0
550.0,233.0,104.0,211.0
548.0,227.0,97.0,209.0
550.0,228.0,96.0,208.0
547.0,228.0,97.0,209.0
571.0,400.0,77.0,77.0
569.0,398.0,81.0,81.0
573.0,401.0,77.0,77.0
586.0,404.0,77.0,77.0
601.0,402.0,60.0,80.0
599.0,401.0,62.0,83.0
606.0,405.0,60.0,79.0
620.0,406.0,60.0,80.0
627.0,406.0,60.0,80.0
627.0,406.0,61.0,82.0
631.0,407.0,60.0,79.0
637.0,407.0,61.0,81.0
646.0,407.0,60.0,80.0
650.0,406.0,60.0,80.0
653.0,405.0,61.0,81.0
655.0,404.0,60.0,81.0
660.0,403.0,60.0,80.0
663.0,404.0,60.0,80.0
665.0,401.0,60.0,80.0
667.0,400.0,60.0,80.0
683.0,399.0,59.0,79.0
689.0,401.0,59.0,78.0
684.0,388.0,58.0,88.0
684.0,387.0,58.0,88.0
685.0,383.0,58.0,88.0
688.0,381.0,59.0,89.0
690.0,378.0,59.0,89.0
693.0,374.0,58.0,88.0
695.0,371.0,58.0,88.0
700.0,369.0,58.0,87.0
703.0,364.0,59.0,90.0
702.0,360.0,60.0,91.0
698.0,357.0,59.0,90.0
698.0,355.0,47.0,88.0
699.0,354.0,46.0,87.0
700.0,351.0,46.0,86.0
708.0,348.0,46.0,86.0
706.0,344.0,46.0,85.0
707.0,341.0,46.0,85.0
714.0,338.0,45.0,85.0
716.0,334.0,45.0,85.0
720.0,319.0,46.0,97.0
719.0,314.0,46.0,97.0
724.0,310.0,46.0,96.0
733.0,306.0,46.0,98.0
734.0,303.0,47.0,99.0
743.0,299.0,48.0,100.0
752.0,296.0,48.0,101.0
753.0,293.0,49.0,103.0
763.0,291.0,50.0,105.0
772.0,290.0,51.0,91.0
778.0,288.0,51.0,92.0
782.0,287.0,51.0,92.0
789.0,285.0,52.0,93.0
799.0,284.0,52.0,93.0
805.0,283.0,52.0,93.0
811.0,281.0,53.0,95.0
815.0,280.0,53.0,94.0
820.0,279.0,54.0,96.0
824.0,278.0,55.0,98.0
829.0,279.0,53.0,95.0
830.0,279.0,53.0,95.0
831.0,280.0,54.0,96.0
832.0,279.0,56.0,99.0
833.0,278.0,57.0,102.0
830.0,277.0,59.0,106.0
825.0,276.0,61.0,109.0
822.0,290.0,81.0,98.0
822.0,290.0,83.0,100.0
822.0,292.0,80.0,90.0
819.0,294.0,80.0,91.0
819.0,292.0,85.0,95.0
820.0,296.0,89.0,93.0
804.0,291.0,93.0,99.0
817.0,297.0,78.0,95.0
822.0,297.0,84.0,92.0
815.0,301.0,82.0,86.0
824.0,300.0,88.0,91.0
817.0,302.0,90.0,84.0
816.0,289.0,92.0,99.0
820.0,287.0,94.0,102.0
825.0,284.0,97.0,104.0
826.0,296.0,87.0,92.0
833.0,295.0,88.0,93.0
840.0,293.0,89.0,94.0
846.0,293.0,89.0,94.0
852.0,290.0,91.0,96.0
859.0,288.0,92.0,97.0
866.0,285.0,93.0,98.0
876.0,284.0,94.0,99.0
882.0,281.0,95.0,101.0
887.0,279.0,96.0,102.0
897.0,276.0,98.0,104.0
907.0,273.0,98.0,104.0
916.0,274.0,96.0,101.0
923.0,259.0,98.0,113.0
925.0,251.0,103.0,119.0
942.0,242.0,105.0,121.0
946.0,237.0,103.0,119.0
952.0,236.0,105.0,121.0
979.0,234.0,84.0,115.0
988.0,232.0,85.0,116.0
982.0,230.0,86.0,118.0
982.0,229.0,86.0,117.0
980.0,229.0,84.0,115.0
976.0,233.0,82.0,112.0
967.0,236.0,91.0,100.0
963.0,241.0,89.0,97.0
952.0,246.0,88.0,96.0
932.0,245.0,88.0,96.0
924.0,254.0,87.0,96.0
915.0,273.0,87.0,95.0
899.0,281.0,95.0,97.0
880.0,280.0,95.0,106.0
870.0,302.0,91.0,90.0
859.0,311.0,83.0,94.0
845.0,320.0,85.0,94.0
832.0,334.0,86.0,95.0
829.0,347.0,77.0,95.0
815.0,359.0,79.0,89.0
793.0,372.0,80.0,90.0
776.0,386.0,81.0,92.0
776.0,400.0,69.0,100.0
757.0,413.0,69.0,108.0
743.0,431.0,73.0,120.0
737.0,453.0,67.0,110.0
721.0,468.0,63.0,103.0
711.0,483.0,59.0,96.0
708.0,496.0,55.0,91.0
700.0,505.0,55.0,90.0
0
0
0
0
0
0
0
0
0
623.0,537.0,54.0,101.0
619.0,538.0,54.0,101.0
616.0,538.0,54.0,101.0
614.0,537.0,54.0,101.0
613.0,535.0,53.0,100.0
612.0,531.0,54.0,101.0
613.0,528.0,54.0,100.0
614.0,523.0,54.0,100.0
615.0,517.0,54.0,101.0
617.0,510.0,53.0,100.0
620.0,502.0,54.0,101.0
625.0,494.0,54.0,100.0
627.0,484.0,55.0,102.0
629.0,474.0,56.0,104.0
632.0,465.0,55.0,104.0
635.0,453.0,56.0,105.0
630.0,442.0,57.0,106.0
633.0,435.0,57.0,107.0
655.0,429.0,58.0,108.0
671.0,430.0,58.0,109.0
662.0,430.0,58.0,109.0
652.0,428.0,59.0,110.0
651.0,427.0,59.0,110.0
659.0,426.0,58.0,109.0
661.0,424.0,58.0,95.0
659.0,421.0,59.0,96.0
665.0,418.0,58.0,94.0
666.0,411.0,58.0,94.0
672.0,409.0,57.0,94.0
680.0,407.0,57.0,93.0
679.0,401.0,58.0,95.0
680.0,399.0,59.0,96.0
683.0,397.0,59.0,97.0
682.0,396.0,60.0,98.0
679.0,395.0,61.0,99.0
681.0,394.0,61.0,101.0
682.0,394.0,62.0,102.0
682.0,392.0,64.0,105.0
685.0,393.0,66.0,93.0
686.0,393.0,67.0,94.0
683.0,390.0,68.0,96.0
684.0,390.0,66.0,94.0
684.0,391.0,70.0,99.0
684.0,391.0,65.0,91.0
682.0,390.0,64.0,90.0
687.0,390.0,65.0,91.0
687.0,389.0,65.0,92.0
686.0,389.0,66.0,93.0
688.0,387.0,67.0,94.0
686.0,385.0,68.0,92.0
678.0,385.0,68.0,92.0
674.0,384.0,66.0,89.0
679.0,382.0,67.0,90.0
678.0,382.0,67.0,90.0
672.0,381.0,66.0,90.0
665.0,380.0,66.0,90.0
661.0,379.0,68.0,92.0
656.0,377.0,71.0,96.0
652.0,374.0,74.0,100.0
651.0,373.0,76.0,103.0
649.0,371.0,52.0,95.0
643.0,370.0,53.0,97.0
635.0,369.0,52.0,94.0
626.0,368.0,52.0,96.0
620.0,366.0,52.0,95.0
620.0,366.0,51.0,94.0
615.0,367.0,51.0,94.0
607.0,367.0,51.0,93.0
597.0,364.0,51.0,94.0
597.0,363.0,52.0,95.0
592.0,360.0,52.0,96.0
573.0,355.0,54.0,98.0
573.0,352.0,54.0,98.0
574.0,349.0,54.0,98.0
568.0,344.0,55.0,99.0
563.0,341.0,55.0,100.0
565.0,338.0,56.0,102.0
563.0,337.0,56.0,102.0
561.0,338.0,54.0,99.0
562.0,339.0,54.0,98.0
564.0,340.0,53.0,97.0
568.0,340.0,52.0,95.0
577.0,342.0,51.0,93.0
577.0,343.0,50.0,91.0
579.0,342.0,50.0,90.0
584.0,342.0,50.0,90.0
589.0,340.0,50.0,91.0
594.0,333.0,50.0,90.0
600.0,331.0,50.0,90.0
605.0,331.0,50.0,90.0
616.0,330.0,50.0,91.0
617.0,328.0,50.0,91.0
613.0,325.0,51.0,92.0
618.0,323.0,51.0,93.0
627.0,324.0,51.0,93.0
629.0,324.0,52.0,93.0
636.0,322.0,51.0,93.0
645.0,322.0,52.0,93.0
649.0,324.0,52.0,93.0
650.0,323.0,52.0,93.0
657.0,323.0,52.0,94.0
661.0,324.0,52.0,94.0
664.0,324.0,53.0,95.0
670.0,325.0,53.0,96.0
674.0,326.0,53.0,96.0
678.0,328.0,53.0,95.0
682.0,330.0,53.0,96.0
684.0,332.0,54.0,96.0
688.0,336.0,53.0,96.0
691.0,338.0,54.0,96.0
691.0,342.0,53.0,95.0
691.0,344.0,52.0,94.0
693.0,347.0,52.0,94.0
694.0,350.0,52.0,94.0
692.0,352.0,52.0,94.0
690.0,354.0,52.0,93.0
691.0,356.0,51.0,93.0
693.0,357.0,52.0,93.0
693.0,359.0,52.0,93.0
687.0,360.0,52.0,94.0
685.0,362.0,53.0,95.0
686.0,363.0,53.0,95.0
686.0,365.0,53.0,96.0
686.0,366.0,53.0,96.0
686.0,368.0,53.0,96.0
688.0,371.0,53.0,96.0
688.0,373.0,53.0,95.0
685.0,372.0,54.0,97.0
684.0,371.0,53.0,96.0
684.0,372.0,53.0,96.0
688.0,373.0,53.0,96.0
689.0,375.0,53.0,95.0
688.0,375.0,53.0,95.0
685.0,373.0,53.0,96.0
685.0,374.0,53.0,96.0
691.0,374.0,53.0,96.0
695.0,375.0,53.0,96.0
690.0,376.0,53.0,96.0
688.0,375.0,53.0,95.0
687.0,374.0,53.0,95.0
686.0,373.0,54.0,96.0
689.0,372.0,54.0,97.0
690.0,372.0,54.0,98.0
687.0,372.0,55.0,98.0
685.0,371.0,55.0,100.0
683.0,370.0,56.0,101.0
680.0,369.0,56.0,101.0
678.0,368.0,56.0,101.0
674.0,368.0,57.0,102.0
671.0,367.0,57.0,102.0
668.0,366.0,57.0,102.0
663.0,365.0,57.0,103.0
660.0,363.0,57.0,103.0
657.0,362.0,58.0,104.0
654.0,361.0,58.0,104.0
650.0,360.0,58.0,104.0
645.0,359.0,58.0,104.0
641.0,358.0,58.0,105.0
637.0,358.0,59.0,106.0
636.0,357.0,59.0,107.0
632.0,358.0,59.0,107.0
625.0,356.0,60.0,107.0
621.0,354.0,60.0,108.0
620.0,354.0,61.0,109.0
617.0,343.0,62.0,111.0
613.0,341.0,63.0,112.0
608.0,339.0,63.0,113.0
604.0,337.0,63.0,112.0
601.0,335.0,63.0,113.0
600.0,333.0,64.0,114.0
597.0,330.0,64.0,115.0
595.0,326.0,66.0,118.0
596.0,324.0,64.0,113.0
595.0,322.0,60.0,114.0
589.0,319.0,63.0,115.0
584.0,315.0,62.0,117.0
581.0,311.0,62.0,122.0
568.0,312.0,68.0,113.0
566.0,310.0,69.0,114.0
564.0,308.0,70.0,116.0
560.0,305.0,70.0,116.0
552.0,298.0,73.0,122.0
550.0,296.0,74.0,122.0
549.0,294.0,74.0,122.0
548.0,292.0,73.0,122.0
546.0,289.0,73.0,122.0
545.0,287.0,73.0,122.0
545.0,287.0,73.0,121.0
546.0,285.0,73.0,121.0
547.0,282.0,72.0,119.0
551.0,281.0,71.0,117.0
553.0,282.0,70.0,116.0
557.0,282.0,69.0,114.0
557.0,280.0,69.0,114.0
557.0,277.0,69.0,115.0
560.0,274.0,69.0,115.0
564.0,272.0,70.0,116.0
569.0,270.0,71.0,117.0
571.0,265.0,71.0,118.0
586.0,264.0,60.0,119.0
592.0,264.0,59.0,118.0
597.0,263.0,59.0,117.0
602.0,260.0,60.0,119.0
607.0,259.0,60.0,118.0
614.0,259.0,58.0,116.0
622.0,259.0,58.0,115.0
628.0,257.0,59.0,116.0
635.0,256.0,59.0,116.0
643.0,254.0,58.0,115.0
653.0,254.0,58.0,115.0
661.0,253.0,58.0,115.0
659.0,252.0,58.0,115.0
654.0,251.0,58.0,114.0
649.0,251.0,58.0,115.0
645.0,252.0,58.0,114.0
642.0,251.0,58.0,115.0
640.0,251.0,58.0,116.0
638.0,250.0,59.0,117.0
637.0,249.0,59.0,118.0
647.0,239.0,66.0,123.0
648.0,238.0,66.0,124.0
649.0,236.0,68.0,127.0
651.0,232.0,69.0,129.0
657.0,231.0,68.0,128.0
661.0,227.0,71.0,132.0
664.0,224.0,73.0,136.0
666.0,222.0,74.0,138.0
670.0,224.0,84.0,136.0
675.0,221.0,86.0,139.0
683.0,219.0,86.0,140.0
690.0,218.0,87.0,141.0
700.0,216.0,88.0,143.0
708.0,212.0,91.0,147.0
713.0,208.0,107.0,153.0
