563.0,311.0,103.0,123.0
570.0,314.0,103.0,124.0
573.0,317.0,102.0,122.0
569.0,320.0,102.0,124.0
560.0,321.0,104.0,124.0
552.38,323.19,104.33,124.33
547.26,324.38,104.06,124.06
541.94,325.51,104.26,124.26
534.34,327.29,104.75,124.75
534.37,329.24,104.33,124.33
539.02,329.98,104.79,124.79
540.65,330.71,104.88,125.22
542.67,332.51,104.54,124.54
545.01,333.23,104.33,124.33
549.45,334.78,104.14,124.14
553.39,336.64,104.33,124.33
556.8,338.23,104.51,124.68
554.83,339.89,104.33,124.33
555.67,340.55,104.51,124.51
555.9,340.68,104.33,124.33
556.96,339.72,104.53,124.67
565.29,339.51,104.21,124.21
568.65,339.62,104.0,124.0
569.75,339.79,104.23,124.23
572.44,339.25,104.15,124.15
574.53,336.64,104.75,124.75
576.87,337.6,104.26,124.26
580.3,338.44,104.27,124.54
581.34,337.9,104.39,124.39
581.0,338.0,104.0,124.0
577.02,337.82,106.77,124.49
576.03,331.06,107.49,124.73
572.01,330.44,107.99,124.48
570.85,330.04,108.23,124.25
571.61,326.15,108.49,124.04
566.06,323.78,109.23,124.31
570.0,324.0,105.74,124.34
572.0,324.55,104.61,124.73
568.0,321.99,105.01,124.66
570.0,322.37,103.53,124.71
577.0,322.38,106.05,124.91
583.0,322.46,102.41,124.65
586.0,322.78,101.26,125.02
586.0,323.52,105.77,125.06
586.0,323.11,106.04,124.86
587.0,322.5,102.26,124.6
586.0,322.52,105.22,125.09
590.0,322.92,103.71,125.11
587.0,323.48,105.77,124.69
585.0,323.46,106.12,124.57
584.0,323.7,108.86,124.83
584.0,324.59,113.35,124.85
580.9,323.37,117.92,125.05
585.65,324.27,118.51,125.15
588.0,325.0,121.0,125.0
589.35,325.01,118.04,125.46
591.01,325.43,117.56,125.61
588.35,326.02,116.78,125.42
587.15,326.59,116.96,126.23
582.36,328.08,116.64,126.54
580.98,329.35,116.3,126.82
579.29,331.44,115.62,126.76
577.1,333.17,115.18,127.29
575.85,334.83,114.7,127.1
575.54,335.47,114.18,127.2
573.77,338.15,112.74,126.46
574.06,339.37,112.13,126.32
573.45,339.24,112.36,127.17
574.49,340.71,111.63,127.06
575.55,341.81,110.95,127.0
574.63,342.17,110.46,127.34
572.25,344.04,109.37,126.67
573.11,345.06,108.09,126.0
571.46,345.67,107.39,125.92
567.9,346.1,106.75,125.91
565.57,346.63,106.56,126.42
563.52,347.53,105.86,126.52
560.66,349.12,104.98,126.0
560.33,349.49,104.2,125.84
560.0,350.0,101.0,126.0
557.78,349.2,100.32,126.89
556.95,349.66,100.86,128.15
556.84,349.25,101.32,128.62
556.43,347.27,100.83,128.42
560.36,347.27,100.35,128.23
567.17,346.3,100.21,128.36
571.51,344.86,99.81,128.28
578.15,343.67,100.21,129.12
583.99,342.75,99.667,128.61
585.72,342.69,98.963,128.0
587.61,342.78,98.852,128.21
589.78,342.67,98.643,128.27
591.42,342.69,98.595,128.49
592.32,341.88,98.376,128.54
594.37,342.53,97.54,127.98
593.54,342.98,97.536,128.24
594.12,341.9,97.563,128.54
595.49,341.01,97.279,128.53
594.89,340.08,97.512,129.03
595.02,338.13,97.21,129.24
597.3,333.42,96.845,128.82
597.54,330.79,96.217,128.55
599.52,325.03,96.215,128.75
601.43,322.01,95.852,128.44
603.0,320.0,95.0,129.0
610.33,319.27,91.213,129.09
615.02,317.2,90.387,128.86
617.14,316.71,89.567,128.96
624.46,317.31,88.287,128.3
626.86,317.92,87.479,128.09
628.09,318.2,86.818,128.13
630.48,319.03,86.397,128.64
632.89,320.36,85.521,128.36
633.49,322.4,84.69,128.21
634.93,325.11,83.922,128.01
637.2,326.34,83.001,127.94
635.01,328.25,82.061,127.38
640.0,331.7,78.611,126.52
642.0,332.48,77.691,125.95
644.0,334.6,72.741,125.84
646.0,336.04,69.973,125.76
648.0,335.98,69.415,125.98
648.0,336.27,70.657,125.82
647.06,336.55,75.796,125.54
652.0,336.8,71.047,125.73
648.53,337.21,74.466,125.85
648.97,337.56,73.476,125.57
649.5,337.23,72.801,125.33
648.63,337.19,72.105,125.33
652.0,337.0,68.0,125.0
652.7,337.75,68.029,124.28
651.67,338.0,68.035,124.14
651.6,339.19,68.04,123.75
649.14,340.47,67.294,122.87
640.59,341.11,67.477,122.93
630.67,342.11,67.492,122.81
624.24,341.66,67.729,122.92
615.32,342.99,67.645,122.71
613.23,344.46,68.004,123.07
611.61,346.0,67.646,122.59
610.13,348.48,67.915,122.7
609.43,350.31,67.974,122.69
609.65,351.22,67.686,121.98
608.77,352.28,67.452,121.67
609.5,354.02,67.339,121.14
610.37,353.91,67.339,120.86
610.1,354.44,67.599,121.24
609.0,355.24,65.325,120.89
608.68,354.82,67.718,121.54
608.0,355.32,66.017,121.61
607.0,355.13,66.335,121.91
607.0,354.15,66.114,121.66
606.0,353.9,64.144,121.78
605.85,354.57,68.453,121.99
605.0,354.0,69.0,122.0
602.78,354.81,69.6,122.05
602.58,356.02,69.711,122.18
601.2,357.84,69.704,121.94
599.97,359.64,69.75,121.88
600.0,362.12,69.362,121.05
601.29,362.27,69.667,121.37
600.52,363.08,69.731,121.65
603.88,363.47,69.795,121.46
605.32,363.8,69.598,121.02
606.01,364.7,69.426,120.49
606.74,365.3,69.97,121.03
608.85,365.43,70.0,121.08
608.92,366.17,69.838,120.43
610.97,367.32,69.848,120.61
610.92,366.68,70.142,120.89
611.14,367.05,70.264,121.05
612.28,367.42,70.211,120.29
613.26,367.45,70.446,120.47
613.21,366.96,70.539,120.92
614.46,367.16,70.186,119.71
615.58,367.47,70.0,119.83
615.75,367.36,70.219,119.94
616.34,367.41,70.126,119.6
617.55,367.16,70.053,119.35
618.0,368.0,70.0,118.0
619.52,372.22,65.73,114.43
620.77,372.96,64.878,113.65
621.72,373.5,64.091,112.78
624.81,374.35,63.126,111.49
627.79,374.39,62.123,110.58
628.78,374.88,61.442,109.98
630.99,375.82,60.558,109.19
632.09,376.74,59.897,108.61
633.62,377.9,59.255,108.19
635.48,378.85,58.477,107.66
637.29,379.77,57.549,106.81
637.86,381.34,56.811,106.32
638.2,384.75,56.058,105.69
639.22,387.24,55.305,105.05
638.2,389.94,54.552,103.88
638.69,391.94,53.23,102.52
638.62,392.8,52.588,101.83
638.36,393.74,51.608,101.04
638.47,395.27,50.978,100.49
637.66,394.99,50.377,100.06
636.67,395.93,49.472,98.891
636.85,396.95,48.442,97.857
637.3,398.04,47.393,96.887
635.7,398.39,46.324,95.337
640.0,403.0,42.0,91.0
638.35,402.59,42.0,91.0
638.63,402.11,41.667,90.667
638.4,401.92,42.0,91.0
639.28,401.04,42.0,91.0
637.33,400.03,42.0,91.0
642.0,399.22,40.0,91.0
641.0,398.5,38.0,91.333
643.0,398.76,36.0,91.333
645.0,398.5,30.31,91.333
648.0,396.13,30.0,91.01
647.0,395.54,30.0,91.0
643.0,400.0,34.0,86.667
649.0,400.0,25.706,82.333
653.0,399.0,24.0,84.0
652.0,399.0,25.0,81.0
656.0,400.0,22.0,80.0
655.0,401.0,19.0,76.0
658.0,399.0,20.0,78.0
657.0,400.0,18.0,78.0
661.0,399.0,15.0,53.0
662.0,397.0,16.0,52.0
660.0,398.0,16.0,52.0
657.0,399.0,16.0,52.0
nan,nan,nan,nan
nan,nan,nan,nan
nan,nan,nan,nan
nan,nan,nan,nan
nan,nan,nan,nan
nan,nan,nan,nan
nan,nan,nan,nan
nan,nan,nan,nan
nan,nan,nan,nan
nan,nan,nan,nan
nan,nan,nan,nan
nan,nan,nan,nan
nan,nan,nan,nan
nan,nan,nan,nan
nan,nan,nan,nan
nan,nan,nan,nan
nan,nan,nan,nan
nan,nan,nan,nan
nan,nan,nan,nan
nan,nan,nan,nan
nan,nan,nan,nan
nan,nan,nan,nan
nan,nan,nan,nan
nan,nan,nan,nan
nan,nan,nan,nan
nan,nan,nan,nan
nan,nan,nan,nan
nan,nan,nan,nan
nan,nan,nan,nan
nan,nan,nan,nan
nan,nan,nan,nan
nan,nan,nan,nan
nan,nan,nan,nan
nan,nan,nan,nan
nan,nan,nan,nan
nan,nan,nan,nan
nan,nan,nan,nan
nan,nan,nan,nan
nan,nan,nan,nan
nan,nan,nan,nan
nan,nan,nan,nan
nan,nan,nan,nan
nan,nan,nan,nan
nan,nan,nan,nan
nan,nan,nan,nan
nan,nan,nan,nan
nan,nan,nan,nan
nan,nan,nan,nan
nan,nan,nan,nan
nan,nan,nan,nan
nan,nan,nan,nan
nan,nan,nan,nan
nan,nan,nan,nan
nan,nan,nan,nan
nan,nan,nan,nan
nan,nan,nan,nan
nan,nan,nan,nan
nan,nan,nan,nan
nan,nan,nan,nan
nan,nan,nan,nan
nan,nan,nan,nan
nan,nan,nan,nan
nan,nan,nan,nan
nan,nan,nan,nan
nan,nan,nan,nan
nan,nan,nan,nan
nan,nan,nan,nan
nan,nan,nan,nan
nan,nan,nan,nan
nan,nan,nan,nan
nan,nan,nan,nan
nan,nan,nan,nan
nan,nan,nan,nan
nan,nan,nan,nan
nan,nan,nan,nan
nan,nan,nan,nan
nan,nan,nan,nan
nan,nan,nan,nan
nan,nan,nan,nan
nan,nan,nan,nan
nan,nan,nan,nan
nan,nan,nan,nan
nan,nan,nan,nan
449.0,393.0,19.0,41.0
487.0,375.0,23.0,49.0
497.0,361.0,25.0,68.0
507.0,338.0,31.0,72.0
519.0,309.0,27.0,83.0
543.0,287.0,28.0,105.0
556.0,285.0,32.0,100.0
556.0,279.0,31.0,104.0
557.0,277.0,37.0,103.0
516.0,284.52,44.004,104.43
470.0,312.67,40.004,105.1
396.0,372.0,41.0,105.0
356.0,392.0,40.0,106.0
344.0,406.0,40.0,102.0
340.0,406.0,42.0,100.0
374.0,406.0,40.0,95.0
450.99,403.2,44.667,101.67
473.91,402.26,45.0,102.0
474.0,400.0,45.0,102.0
473.25,392.87,44.391,103.31
463.54,390.73,44.279,104.09
457.29,392.5,44.238,104.27
445.19,392.87,44.386,105.12
445.62,391.9,44.514,105.58
446.0,391.0,45.0,106.0
482.0,387.0,45.0,111.0
518.0,385.0,45.0,111.0
533.0,377.0,45.0,111.0
567.0,370.0,45.0,111.0
593.0,363.0,45.0,111.0
612.0,350.0,45.0,111.0
640.0,343.0,39.0,114.0
641.0,343.0,39.0,114.0
644.0,344.0,39.0,110.0
649.0,345.0,39.0,110.0
647.0,349.0,39.0,106.0
647.0,352.0,39.0,106.0
646.0,353.0,39.0,106.0
660.0,353.0,39.0,106.0
676.0,353.0,39.0,106.0
735.0,345.0,38.0,113.0
777.45,346.87,41.369,107.21
826.6,348.21,40.173,104.88
843.0,330.0,39.0,104.0
848.9,322.28,39.571,104.44
856.24,322.46,39.738,104.71
847.12,321.18,39.63,104.66
829.22,319.43,40.271,105.34
779.37,320.02,39.97,104.73
763.9,328.21,40.339,105.93
754.78,335.32,41.186,107.38
740.0,346.0,41.0,107.0
737.0,352.0,41.0,107.0
738.0,353.0,45.0,107.0
742.0,352.0,45.0,107.0
748.0,353.0,45.0,107.0
748.0,352.0,45.0,107.0
752.0,352.0,45.0,107.0
735.0,351.0,45.0,107.0
713.0,352.0,45.0,107.0
682.0,350.0,45.0,107.0
660.0,350.0,47.0,112.0
652.0,351.0,45.0,112.0
652.0,351.0,45.0,112.0
654.0,350.0,45.0,112.0
672.0,349.0,45.0,112.0
704.0,353.0,42.0,101.0
734.0,339.0,42.0,101.0
791.0,321.0,44.0,106.0
823.0,305.0,44.0,106.0
830.0,286.0,44.0,106.0
831.0,283.0,44.0,106.0
830.0,283.0,44.0,106.0
797.0,283.0,44.0,106.0
739.0,288.0,47.0,97.0
692.0,303.0,49.0,102.0
653.0,338.0,47.0,102.0
635.0,369.0,47.0,102.0
623.0,388.0,47.0,102.0
620.0,394.0,49.0,107.0
634.0,396.0,49.0,107.0
706.0,400.0,46.0,105.0
790.0,390.0,47.0,107.0
862.98,348.13,46.509,107.74
907.0,332.0,44.0,99.0
934.0,315.0,44.0,102.0
945.0,310.0,45.0,97.0
947.0,307.0,45.0,97.0
937.0,304.0,47.0,102.0
885.0,303.0,47.0,102.0
864.0,302.0,49.0,107.0
847.0,310.0,49.0,107.0
823.0,317.0,49.0,107.0
823.0,322.0,46.0,100.0
825.0,322.0,46.0,100.0
828.0,322.0,46.0,98.0
838.0,327.0,48.0,87.0
843.0,325.0,48.0,87.0
846.0,315.0,48.0,87.0
846.0,304.0,48.0,87.0
848.0,298.0,44.0,93.0
832.0,296.0,44.0,93.0
795.0,294.0,42.0,99.0
761.0,294.0,42.0,99.0
740.0,295.0,42.0,99.0
734.0,295.0,42.0,99.0
736.0,298.0,42.0,95.0
737.0,297.0,42.0,95.0
745.0,295.0,42.0,95.0
754.0,291.0,40.0,95.0
753.0,291.0,40.0,95.0
744.0,287.0,40.0,95.0
657.0,292.0,37.0,95.0
554.0,332.0,41.0,89.0
452.0,373.0,40.0,92.0
339.0,436.0,38.0,85.0
240.0,494.0,39.0,83.0
186.0,526.0,38.0,81.0
181.0,544.0,38.0,81.0
216.0,549.0,40.0,85.0
285.0,553.0,38.0,84.0
381.0,513.0,39.0,83.0
485.0,461.0,39.0,80.0
585.0,392.0,40.0,84.0
671.0,341.0,37.0,77.0
733.0,291.0,39.0,79.0
755.0,256.0,41.0,83.0
761.0,238.0,41.0,83.0
764.0,230.0,41.0,83.0
708.0,223.0,44.0,92.0
642.0,225.0,40.0,89.0
613.0,228.0,40.0,89.0
614.0,233.0,40.0,89.0
621.0,236.0,40.0,89.0
699.0,224.0,47.0,92.0
801.0,165.0,53.0,96.0
879.0,111.0,54.0,95.0
897.0,92.0,54.0,95.0
905.0,84.0,54.0,95.0
897.0,78.0,54.0,95.0
884.0,75.0,54.0,95.0
842.0,78.0,54.0,95.0
770.0,113.0,65.0,103.0
727.0,132.0,72.0,108.0
689.63,136.97,74.859,106.84
671.38,135.46,76.196,107.93
664.16,134.2,76.924,108.24
661.76,141.45,77.965,108.68
661.15,157.43,79.226,109.05
663.8,182.76,79.858,108.99
666.82,214.83,81.197,109.59
671.12,255.24,82.163,110.12
674.52,285.75,83.087,110.19
677.4,321.13,84.408,111.04
678.73,343.2,85.301,111.35
682.15,357.69,85.729,110.89
686.09,362.77,85.902,110.14
687.82,366.5,86.96,110.47
692.57,360.02,88.118,110.85
695.27,332.58,89.123,111.62
697.56,312.77,89.487,111.08
701.94,303.81,90.184,110.65
704.92,303.9,90.419,110.07
710.22,304.17,91.11,110.01
714.07,306.83,91.583,109.53
715.36,309.93,91.87,108.88
716.15,312.38,92.491,108.95
717.73,315.6,92.605,107.88
719.0,319.0,94.0,104.0
707.56,319.9,93.453,103.13
698.78,324.27,93.144,102.83
698.47,327.31,92.708,102.27
699.75,325.72,93.335,102.59
704.66,328.15,93.536,103.22
706.74,330.05,93.487,102.87
710.42,331.26,93.325,102.65
715.95,332.5,92.933,102.2
721.7,334.43,93.276,102.48
727.39,334.81,93.339,102.63
735.64,339.32,93.059,102.3
738.52,342.99,93.363,102.56
743.49,355.19,93.466,102.44
737.34,365.42,93.215,102.31
727.42,370.91,92.852,102.04
719.77,372.23,92.661,101.32
703.56,372.67,92.612,101.35
687.66,373.34,92.454,101.13
673.12,369.22,92.513,101.13
662.54,367.97,92.464,101.02
656.95,359.6,92.332,100.75
650.12,339.16,92.365,100.8
649.88,329.22,92.379,100.82
649.96,319.7,92.093,100.41
647.0,316.0,92.0,100.0
647.92,316.51,91.347,99.827
647.67,314.35,91.621,100.19
646.4,313.55,91.635,100.22
645.07,314.53,91.668,100.41
640.88,315.12,91.388,100.13
634.07,317.45,91.59,100.28
632.49,318.36,91.442,100.45
631.91,321.37,91.089,100.19
631.62,322.4,90.868,99.925
631.25,323.78,90.716,99.852
631.64,325.67,90.485,99.852
631.42,327.72,90.667,100.12
632.22,330.18,90.819,100.19
632.99,332.39,90.941,100.39
634.34,337.8,91.235,100.77
635.0,341.59,91.063,100.87
635.54,345.15,90.911,100.81
636.2,347.13,90.783,100.55
638.43,348.33,90.641,100.49
639.5,351.07,90.852,101.02
641.27,353.27,90.832,101.09
643.47,353.95,91.146,101.49
646.89,354.72,91.0,101.43
651.67,355.67,90.827,101.35
664.0,355.0,91.0,102.0
678.91,354.33,91.044,102.45
688.61,353.62,91.177,102.39
693.19,350.43,91.256,102.55
697.55,349.86,91.25,102.85
702.75,349.15,91.465,103.14
706.74,345.24,90.822,102.34
707.52,342.58,91.122,102.72
709.4,341.9,91.069,102.66
707.28,337.74,91.726,103.69
699.07,337.0,90.71,102.51
685.97,337.98,90.367,102.25
665.58,339.12,90.799,102.59
644.16,340.53,91.534,103.91
636.0,340.61,92.37,104.76
633.88,342.89,91.623,103.77
632.28,345.18,91.603,103.81
632.29,346.44,91.0,103.48
633.14,346.38,91.221,103.55
635.54,346.76,91.0,103.38
639.05,345.99,91.0,103.44
657.62,343.85,90.917,103.42
672.0,342.31,90.667,103.16
674.73,335.44,90.73,103.41
680.61,329.03,90.667,103.35
681.0,325.0,91.0,104.0
681.06,323.52,90.843,103.99
682.22,323.57,90.814,103.98
682.36,322.42,90.785,103.91
679.02,322.03,90.673,103.81
671.79,322.45,90.634,103.79
662.47,323.62,90.795,104.33
654.53,324.24,90.663,103.89
653.65,325.21,90.878,104.21
649.32,327.0,90.868,104.26
648.32,328.26,90.858,104.28
648.81,329.94,90.848,104.3
648.52,329.79,91.0,104.49
649.04,330.83,91.0,104.51
649.76,331.16,90.819,104.18
650.11,332.14,90.809,104.19
649.14,333.23,90.598,104.2
648.67,333.49,90.367,103.79
639.99,333.58,90.558,104.0
633.64,334.76,90.539,104.13
621.5,334.59,90.278,103.76
612.44,335.5,89.998,103.75
606.82,336.53,90.219,103.81
606.33,337.16,91.063,104.33
603.94,339.27,90.493,104.33
602.0,340.0,91.0,105.0
599.95,341.99,93.387,103.76
599.18,343.8,94.033,103.47
596.37,344.13,94.652,103.42
595.49,345.9,94.977,103.09
591.81,348.09,95.304,102.76
589.39,349.19,95.9,102.92
587.06,350.36,96.515,102.87
583.47,351.12,96.905,102.59
581.08,351.53,97.143,102.16
579.71,352.58,97.484,101.83
577.67,353.75,97.805,101.48
575.86,354.55,98.268,101.27
574.16,353.71,98.732,100.9
572.34,355.9,99.376,101.04
570.4,356.45,100.23,101.08
570.34,355.9,100.52,100.84
568.19,356.09,101.01,100.54
566.82,356.66,101.71,100.58
565.48,355.68,102.56,100.77
564.9,355.02,103.57,101.11
564.1,355.27,103.61,100.58
562.78,355.47,104.13,100.36
560.87,355.71,104.79,100.03
559.44,355.42,105.73,100.36
557.0,356.0,109.0,100.0
559.48,354.91,105.87,101.06
559.13,355.03,105.33,100.97
558.84,355.23,104.81,101.17
556.9,355.42,103.9,100.99
556.12,356.09,103.43,101.15
557.48,357.11,102.18,100.46
563.49,357.93,101.11,100.06
567.58,357.63,99.91,99.846
586.54,358.51,98.407,99.195
594.36,357.73,98.482,99.426
600.02,357.22,96.885,98.881
604.21,356.82,95.774,98.156
602.82,356.83,94.656,97.873
601.3,355.76,94.083,97.963
599.07,354.08,93.589,98.132
595.4,352.71,93.066,98.614
591.8,352.68,91.636,97.436
589.05,352.15,90.457,96.926
586.06,352.34,89.817,96.955
584.18,353.27,88.51,96.15
581.17,353.79,87.378,95.859
576.0,354.49,87.045,96.182
585.22,356.46,86.274,96.004
597.9,357.76,85.657,96.106
616.0,358.0,83.0,97.0
628.51,362.88,76.372,93.559
628.65,361.88,75.292,93.084
628.01,361.38,73.901,92.213
630.11,362.8,72.219,90.861
633.02,364.09,70.574,89.899
633.0,362.0,71.0,94.0
641.0,365.0,71.0,94.0
645.0,367.0,71.0,94.0
651.0,367.0,71.0,94.0
655.0,368.0,71.0,94.0
665.0,367.0,71.0,94.0
676.0,366.0,71.0,94.0
684.0,366.0,71.0,94.0
691.0,365.0,71.0,94.0
685.0,364.0,74.0,96.0
684.0,364.0,74.0,96.0
678.0,366.0,74.0,96.0
671.0,361.0,74.0,96.0
663.0,363.0,74.0,96.0
656.0,365.0,74.0,96.0
649.0,363.0,74.0,96.0
642.0,363.0,74.0,96.0
644.0,364.0,69.0,85.0
649.0,379.0,59.0,68.0
656.0,382.0,43.0,77.0
661.0,388.0,36.0,68.0
661.0,388.0,30.0,55.0
670.0,391.0,21.0,47.0
nan,nan,nan,nan
nan,nan,nan,nan
nan,nan,nan,nan
nan,nan,nan,nan
nan,nan,nan,nan
nan,nan,nan,nan
nan,nan,nan,nan
nan,nan,nan,nan
nan,nan,nan,nan
nan,nan,nan,nan
nan,nan,nan,nan
nan,nan,nan,nan
nan,nan,nan,nan
nan,nan,nan,nan
nan,nan,nan,nan
nan,nan,nan,nan
nan,nan,nan,nan
nan,nan,nan,nan
nan,nan,nan,nan
nan,nan,nan,nan
nan,nan,nan,nan
nan,nan,nan,nan
nan,nan,nan,nan
nan,nan,nan,nan
nan,nan,nan,nan
nan,nan,nan,nan
nan,nan,nan,nan
nan,nan,nan,nan
nan,nan,nan,nan
nan,nan,nan,nan
597.0,389.0,29.0,41.0
588.0,394.0,32.0,55.0
582.0,392.0,43.0,71.0
577.0,392.0,49.0,78.0
574.0,389.0,58.0,82.0
571.0,390.0,72.0,83.0
568.0,386.78,77.0,84.0
562.84,386.83,78.667,83.667
564.96,387.67,76.413,81.333
568.75,385.45,75.413,80.333
574.4,385.36,75.079,80.0
574.99,384.7,75.413,80.333
574.31,383.42,76.079,81.0
573.86,381.14,78.333,83.333
571.86,379.92,78.0,83.0
571.03,379.06,78.333,83.333
568.0,380.0,79.0,84.0
569.75,380.68,77.26,84.579
568.9,382.29,76.604,84.288
569.13,382.38,75.816,83.815
569.87,384.33,74.565,82.684
577.97,384.0,72.708,81.278
588.14,381.41,72.049,80.541
604.67,380.28,71.394,80.73
623.32,378.45,70.976,80.484
643.01,377.78,70.519,80.439
668.8,379.55,69.504,79.465
686.6,381.46,68.94,79.141
695.93,382.4,68.447,79.367
704.0,382.26,68.274,79.603
707.73,384.31,67.125,78.84
713.12,384.23,66.56,78.566
716.25,384.94,65.977,78.348
720.75,385.28,65.316,77.687
721.72,386.6,64.76,77.382
722.13,389.98,63.456,76.178
716.85,394.11,62.92,76.246
710.61,395.6,62.404,75.995
701.82,395.08,61.314,75.239
699.14,394.9,60.29,74.126
694.88,394.55,59.599,74.0
691.0,394.0,58.0,74.0
690.18,395.15,56.411,73.977
684.28,396.06,56.574,74.159
679.51,396.96,55.707,73.316
678.82,398.15,55.199,73.616
676.99,397.85,54.599,73.21
673.74,395.43,54.996,73.803
674.03,391.18,54.502,73.358
674.1,388.88,54.097,73.143
674.32,387.5,53.917,73.331
676.73,385.13,53.594,73.239
666.91,383.44,53.355,72.941
658.34,383.08,52.51,72.406
646.82,381.37,51.923,71.744
634.93,381.53,51.768,72.023
621.98,383.62,51.501,72.093
611.92,384.61,50.94,71.722
600.92,385.12,50.274,71.174
597.86,387.91,49.456,70.056
595.06,388.73,49.515,70.12
594.28,390.91,48.556,69.934
594.96,391.3,48.143,69.495
595.78,391.38,48.404,70.14
593.18,387.1,47.762,69.467
594.45,387.28,47.312,68.992
598.0,388.0,46.0,69.0
599.22,386.4,45.069,69.582
599.93,385.71,44.689,69.354
604.52,385.97,44.849,69.847
604.23,386.07,44.571,69.422
607.69,385.47,44.295,69.591
608.69,386.68,44.056,69.53
609.7,385.97,43.745,69.375
610.16,385.53,43.875,69.765
611.4,384.57,43.652,69.67
608.48,384.61,43.522,69.551
608.45,383.93,43.402,69.998
607.59,380.96,43.244,69.921
606.3,380.13,42.715,69.345
604.08,379.62,42.689,69.669
604.76,380.46,42.348,69.304
600.59,380.87,42.027,69.319
598.96,380.0,42.271,69.723
595.01,380.67,42.196,70.02
594.63,381.4,42.39,70.776
594.88,385.12,41.819,70.02
596.27,386.64,41.497,69.883
596.06,385.89,41.028,69.351
597.22,383.61,41.1,69.889
599.38,384.82,40.846,69.884
602.0,382.0,40.0,70.0
603.06,380.27,39.733,70.16
606.71,379.76,39.414,69.919
607.07,382.54,39.301,69.552
611.19,381.47,38.692,68.998
612.9,379.35,38.411,68.569
614.29,376.49,38.381,68.641
614.76,377.96,38.571,69.155
615.04,376.79,39.266,70.245
612.96,377.25,39.075,70.333
608.13,377.72,39.459,71.056
604.42,378.56,39.583,71.251
600.0,379.68,39.848,71.589
594.64,379.26,39.619,71.26
590.22,377.75,39.561,71.265
589.5,378.45,39.169,70.985
590.2,380.69,38.979,70.877
591.49,380.55,39.053,71.245
590.97,378.76,39.216,71.499
592.05,378.86,38.972,71.248
593.77,379.4,39.601,72.068
593.06,378.07,39.823,72.633
597.35,376.39,40.211,73.492
598.99,376.09,40.039,73.449
601.25,375.49,40.207,73.763
604.0,375.0,40.0,74.0
608.77,373.86,39.697,73.143
609.77,371.24,39.701,73.481
612.7,372.17,39.061,72.547
614.9,373.18,39.275,72.903
616.4,372.09,38.967,72.367
618.98,370.47,38.825,72.346
624.3,369.17,39.218,72.914
625.2,369.37,38.711,72.068
630.74,369.39,38.766,72.072
641.07,369.1,38.89,72.194
647.94,369.14,38.843,72.045
653.42,368.25,38.428,71.454
664.0,366.21,36.36,70.836
671.0,368.7,34.149,70.752
677.0,370.0,34.0,71.0
682.0,371.0,34.0,71.0
685.0,370.0,34.0,71.0
688.0,370.0,34.0,71.0
694.0,370.0,34.0,71.0
695.0,369.0,36.0,75.0
696.0,370.0,36.0,75.0
694.61,367.06,39.572,73.821
689.54,368.31,39.963,74.602
685.23,369.49,40.635,75.329
683.0,369.0,41.0,76.0
679.16,368.12,40.6,75.274
682.08,367.34,40.178,74.952
682.48,367.5,40.44,75.263
681.74,366.1,39.493,73.968
683.77,365.33,39.502,73.8
687.21,363.97,39.413,73.569
685.94,362.59,39.103,72.989
686.45,358.43,38.629,72.529
687.39,356.8,38.396,72.239
687.53,356.74,38.153,71.588
686.64,358.64,38.087,71.803
687.71,358.61,38.046,71.588
685.15,358.77,38.167,71.545
681.02,358.85,38.086,71.613
677.97,357.47,38.036,71.675
673.27,357.13,38.185,71.887
670.86,357.53,37.932,71.558
664.48,356.87,37.583,70.952
659.0,357.79,37.199,69.942
654.99,356.42,36.61,69.376
651.9,357.52,36.901,69.529
647.09,356.14,36.803,69.46
644.36,355.17,36.975,69.642
643.96,354.67,37.381,70.503
643.0,355.0,37.0,70.0
642.94,356.04,38.121,69.764
642.7,357.18,38.454,70.387
640.35,357.04,39.081,70.673
639.45,359.13,39.03,70.354
638.87,360.67,39.145,70.242
635.36,362.41,39.344,69.844
634.6,363.89,39.209,69.78
632.22,363.68,39.918,70.172
629.77,362.63,40.442,70.302
627.29,363.89,40.441,70.222
627.7,366.1,40.46,70.083
626.05,367.98,41.004,70.214
627.31,369.5,41.204,70.154
629.87,370.01,41.395,70.235
635.0,370.0,44.0,71.0
639.0,370.0,52.0,70.0
647.0,368.0,58.0,68.0
653.0,367.0,59.0,66.0
657.0,365.0,55.0,65.0
661.0,365.0,47.0,66.0
662.0,362.62,44.28,68.92
661.0,362.01,44.706,69.217
661.3,360.09,42.61,69.098
658.44,359.93,43.388,69.872
658.0,361.0,45.0,70.0
658.21,362.93,45.428,69.154
657.85,366.47,45.508,69.268
655.26,367.04,46.773,70.619
653.7,367.43,46.921,70.639
650.01,369.16,46.826,70.234
648.01,371.21,46.83,69.923
647.38,373.35,46.209,68.839
644.97,372.97,46.28,68.607
643.58,373.76,46.423,68.766
644.05,373.61,46.543,68.44
643.66,374.04,45.939,67.234
643.61,375.82,45.364,66.198
651.01,377.27,45.142,65.667
660.55,378.51,44.754,64.732
666.88,382.28,44.988,64.815
674.54,383.15,45.182,64.97
680.8,384.7,45.514,64.979
685.49,383.65,45.557,64.955
685.09,385.75,45.704,64.441
685.43,387.49,44.992,63.49
685.22,391.84,44.342,62.11
684.24,392.85,43.418,60.743
682.03,391.55,42.984,59.995
682.84,391.69,43.096,59.726
682.0,393.0,43.0,58.0
679.7,393.13,44.904,57.947
679.59,394.63,45.382,58.002
681.06,394.04,46.588,58.959
681.39,394.11,47.524,59.69
681.32,391.45,48.292,59.886
680.61,390.77,49.135,60.608
678.9,388.48,49.555,60.662
677.19,388.76,49.683,60.462
677.92,387.54,49.701,59.901
676.16,386.64,50.119,59.869
676.0,385.69,50.332,59.566
675.23,383.59,50.378,59.336
675.78,381.35,50.356,58.703
674.55,379.64,50.274,58.174
676.41,377.33,50.952,58.41
675.71,378.22,51.627,58.639
676.04,380.99,52.503,58.99
677.76,378.53,52.748,59.208
678.33,379.81,52.645,58.376
673.1,381.08,52.538,58.041
672.88,382.82,52.103,56.957
669.24,385.29,52.622,57.018
668.66,385.78,52.871,56.872
664.86,384.89,53.047,56.58
662.0,386.0,54.0,55.0
657.93,385.99,53.801,53.919
655.22,385.02,53.952,53.907
649.0,383.76,54.078,53.853
642.47,384.33,54.344,53.872
638.69,382.57,54.705,54.057
636.61,381.37,55.539,54.692
630.49,383.26,56.656,55.647
625.83,379.99,56.67,55.61
619.28,379.5,57.245,55.889
616.58,378.62,56.994,55.461
614.97,377.61,56.703,54.993
613.18,376.49,56.112,54.409
609.55,375.11,55.433,53.393
609.12,370.77,55.583,53.367
609.39,367.43,55.911,53.527
615.34,366.06,56.404,53.865
626.24,363.59,57.28,54.494
640.59,363.65,57.559,54.594
652.95,364.76,57.73,54.586
661.11,363.85,58.477,55.158
662.76,360.77,58.663,55.163
666.9,360.04,58.891,55.212
674.15,360.38,58.889,55.034
674.7,359.39,58.697,54.665
675.0,360.0,59.0,54.0
677.77,358.65,59.758,54.441
675.86,357.16,60.565,54.831
676.71,356.01,60.39,54.604
677.19,354.97,60.454,54.55
678.12,355.19,60.537,54.517
678.99,356.42,60.307,54.272
681.47,359.54,60.763,54.842
677.32,361.18,60.919,54.601
676.72,362.02,62.065,55.586
674.68,362.18,62.426,55.816
674.23,364.24,63.201,56.481
671.1,367.25,63.574,56.907
672.22,369.35,63.28,56.342
668.63,370.1,63.151,56.12
667.64,370.42,63.11,56.161
668.04,369.8,63.374,56.122
666.56,369.93,63.171,55.838
667.18,371.65,64.24,56.753
669.0,372.0,52.0,58.0
668.0,371.0,52.0,58.0
665.0,370.0,59.0,60.0
660.7,373.57,68.284,60.118
661.12,371.34,68.986,60.445
656.88,373.8,68.461,60.023
651.0,373.0,70.0,61.0
643.6,373.46,69.217,58.983
635.0,373.05,65.071,58.609
623.0,371.0,61.0,57.0
608.0,370.0,61.0,57.0
601.0,369.0,61.0,57.0
598.0,368.0,55.0,57.0
592.0,369.0,55.0,57.0
588.0,369.0,55.0,57.0
588.0,369.0,55.0,57.0
587.0,366.0,55.0,57.0
588.0,364.0,64.0,58.0
600.62,362.98,68.675,55.575
627.77,361.41,68.451,55.564
647.78,361.85,68.808,55.335
662.21,360.43,68.379,54.657
681.0,359.0,58.0,54.0
693.0,360.0,58.0,51.0
708.0,356.0,54.0,53.0
709.0,351.0,53.0,56.0
712.0,353.0,55.0,54.0
713.0,352.0,54.0,57.0
717.0,351.0,58.0,58.0
711.0,352.0,62.0,57.0
709.55,351.8,71.056,54.535
712.0,350.0,72.0,54.0
710.19,349.34,71.05,55.067
704.45,349.3,70.609,54.993
699.34,348.87,70.444,55.387
693.58,350.22,70.23,55.203
695.02,349.52,70.563,55.806
694.0,350.0,57.0,57.0
694.0,352.0,56.0,56.0
696.0,351.0,52.0,58.0
693.0,350.0,55.0,60.0
694.0,353.0,55.0,60.0
689.0,353.0,62.0,60.0
685.0,352.0,62.0,60.0
677.0,351.0,62.0,60.0
671.0,350.0,62.0,60.0
656.0,358.0,67.0,52.0
645.92,352.66,70.02,59.555
639.32,350.8,69.72,59.412
629.84,349.14,69.456,59.687
623.0,349.0,57.0,58.0
619.0,345.0,58.0,60.0
618.0,344.0,58.0,61.0
616.0,342.0,55.0,61.0
615.0,345.0,63.0,60.0
619.0,346.0,63.0,60.0
629.0,346.0,63.0,60.0
643.0,346.0,63.0,60.0
661.0,346.0,63.0,60.0
674.0,347.0,63.0,60.0
685.0,348.0,63.0,60.0
687.0,347.0,63.0,60.0
691.0,347.0,59.0,60.0
694.0,346.0,59.0,60.0
694.0,346.0,59.0,60.0
696.0,347.0,59.0,60.0
697.0,348.0,59.0,60.0
700.0,350.0,55.0,58.0
701.0,350.0,55.0,58.0
700.21,346.42,61.355,65.566
699.56,346.13,61.068,65.855
696.81,347.91,59.908,64.952
697.42,348.99,59.614,65.42
697.35,349.63,59.038,65.428
697.0,357.0,58.0,54.0
692.0,356.0,58.0,54.0
683.0,356.0,58.0,54.0
673.0,355.0,53.0,57.0
664.0,356.0,53.0,57.0
656.0,357.0,53.0,57.0
651.0,358.0,53.0,57.0
643.0,358.0,53.0,57.0
636.0,354.0,59.0,63.0
627.0,354.0,59.0,63.0
622.0,354.0,66.0,58.0
615.0,357.0,66.0,58.0
611.0,358.0,66.0,58.0
610.0,359.0,66.0,58.0
606.0,367.0,62.0,54.0
605.0,368.0,62.0,54.0
606.0,370.0,57.0,51.0
605.0,370.0,50.0,51.0
605.0,371.0,50.0,51.0
607.0,371.0,50.0,51.0
609.0,373.0,50.0,51.0
606.0,371.0,56.0,51.0
605.0,367.0,64.0,61.0
605.0,367.0,67.0,54.0
608.0,360.0,67.0,54.0
611.0,353.0,67.0,54.0
609.0,347.0,63.0,54.0
610.0,346.0,60.0,51.0
613.0,340.0,60.0,51.0
616.0,332.0,55.0,50.0
619.71,323.91,48.731,64.27
621.84,323.07,48.565,64.123
626.0,322.0,48.0,64.0
629.13,322.44,46.596,63.791
636.24,320.86,46.372,63.545
640.21,319.8,46.136,63.4
642.53,320.19,45.503,62.922
645.05,320.37,45.465,63.126
648.58,321.29,45.385,63.095
650.92,318.7,44.925,62.808
658.12,317.6,44.244,62.362
663.6,314.87,43.628,61.613
668.44,310.95,42.802,60.792
672.79,309.17,41.885,59.413
677.61,306.64,41.303,59.151
674.93,306.13,40.468,58.423
670.2,305.72,40.232,58.171
665.82,305.03,39.627,57.701
654.62,303.76,39.198,57.246
648.54,302.97,38.548,56.754
644.33,304.41,38.041,56.171
637.13,305.47,37.517,55.748
632.89,305.9,37.455,55.794
629.7,304.98,37.494,55.974
631.92,304.67,37.497,56.119
635.05,301.92,37.457,56.22
640.9,301.83,37.177,56.253
646.0,303.0,36.0,56.0
652.57,304.24,35.13,53.08
664.55,306.48,35.198,52.959
676.19,307.43,35.157,52.464
684.98,307.27,34.827,51.421
694.47,309.63,34.706,50.766
700.09,311.33,33.891,49.53
706.09,312.73,33.31,48.067
714.29,313.22,33.026,47.327
720.14,312.75,32.631,46.282
725.0,312.0,33.0,36.0
734.0,313.0,32.0,30.0
740.0,314.0,32.0,27.0
744.0,314.0,32.0,31.0
752.0,312.0,33.0,28.0
758.0,313.0,30.0,31.0
760.0,315.0,31.0,30.0
766.0,318.0,30.0,29.0
763.0,322.0,28.0,30.0
761.0,325.0,28.0,31.0
757.0,328.0,28.0,31.0
749.0,329.0,31.0,31.0
740.0,332.0,28.0,32.0
732.0,333.0,31.0,33.0
723.2,332.0,29.153,34.015
714.0,335.0,29.0,34.0
705.59,335.19,29.353,35.252
698.33,337.71,29.418,35.547
691.22,337.05,29.723,35.984
690.38,339.26,29.709,36.386
684.93,344.37,30.009,36.6
683.0,347.94,26.058,36.814
687.0,351.0,26.0,37.0
687.0,354.0,26.0,37.0
684.0,357.0,26.0,37.0
684.0,360.0,26.0,37.0
678.0,363.0,26.0,37.0
674.0,366.0,26.0,37.0
669.0,368.0,27.0,39.0
663.0,371.0,27.0,39.0
658.0,375.0,27.0,39.0
658.0,378.0,27.0,39.0
654.0,382.0,27.0,39.0
653.0,383.0,31.0,41.0
654.95,382.56,32.288,41.737
647.71,385.21,32.167,41.68
642.06,385.49,32.101,41.951
636.21,385.52,32.141,41.999
629.52,386.64,32.122,42.07
623.38,386.13,32.103,42.215
606.0,386.0,32.0,43.0
593.66,386.4,33.89,42.543
588.03,383.01,34.239,42.459
582.51,382.31,34.699,42.643
573.58,379.82,35.365,42.779
562.16,378.54,35.783,42.994
549.44,378.15,36.387,43.304
537.92,377.68,37.064,43.429
531.74,376.8,37.598,43.625
528.63,375.27,38.429,43.896
520.53,373.31,38.955,44.198
516.11,371.83,39.444,44.238
513.53,365.93,39.493,43.578
509.74,362.09,40.5,44.045
503.93,360.17,41.079,44.272
499.86,357.59,41.286,44.016
492.02,356.23,42.555,44.784
490.42,354.68,42.783,44.799
487.11,354.69,44.191,45.379
481.77,353.74,45.334,46.042
474.48,350.81,45.751,46.162
464.15,348.2,46.321,46.18
452.05,343.96,46.538,46.084
451.25,343.35,47.131,46.073
442.92,341.06,47.912,46.221
434.0,339.0,50.0,46.0
432.9,337.09,49.402,46.522
433.83,335.89,49.146,46.473
431.73,335.46,48.903,46.56
430.27,334.64,48.473,46.278
428.76,333.76,47.976,46.187
426.5,334.4,47.816,46.224
424.71,333.97,48.269,46.68
423.15,333.98,48.732,47.327
420.77,331.88,48.661,47.463
421.42,330.96,48.512,47.537
422.37,329.26,48.573,47.804
420.06,327.48,48.806,48.243
416.11,326.78,48.668,48.314
407.0,327.54,48.659,48.485
403.23,326.08,48.61,48.64
400.34,326.81,48.513,48.736
394.79,327.42,48.263,48.691
393.32,328.35,48.322,48.955
389.9,330.07,48.42,49.259
386.59,330.06,48.369,49.421
383.27,332.84,48.482,49.739
380.94,334.36,48.242,49.443
372.9,333.88,48.585,50.252
366.3,333.54,48.555,50.444
360.0,332.0,49.0,52.0
347.0,337.0,52.0,44.0
334.0,338.0,52.0,44.0
328.0,338.0,52.0,44.0
317.0,338.0,52.0,44.0
312.0,338.0,52.0,44.0
305.0,338.0,52.0,44.0
291.0,336.0,52.0,44.0
279.0,337.0,52.0,44.0
273.0,338.0,46.0,43.0
264.0,340.0,46.0,43.0
257.0,341.0,48.0,45.0
251.0,343.0,48.0,45.0
246.0,345.0,48.0,45.0
240.0,346.0,48.0,45.0
238.0,347.0,48.0,45.0
242.0,348.0,52.0,45.0
255.0,348.0,48.0,45.0
264.0,347.0,48.0,45.0
274.0,347.0,48.0,45.0
282.0,347.0,48.0,45.0
297.0,347.0,48.0,45.0
306.45,346.89,49.672,50.247
318.08,347.67,49.698,50.259
328.62,347.21,49.517,49.991
340.0,349.0,50.0,50.0
346.1,347.56,48.874,51.256
349.82,345.46,48.271,51.093
355.29,343.37,47.863,51.15
355.33,342.38,47.65,51.352
357.37,340.14,47.947,52.093
357.55,339.39,47.292,51.874
358.32,337.27,47.264,52.25
357.24,334.3,46.791,52.052
356.29,332.96,46.37,52.187
357.82,331.66,46.43,52.681
361.81,331.51,45.847,52.485
366.12,330.06,45.99,53.059
372.72,326.16,45.493,52.992
384.0,325.0,45.0,53.0
389.0,324.0,45.0,53.0
391.0,324.0,45.0,51.0
389.0,324.0,45.0,51.0
390.0,323.0,45.0,51.0
385.0,321.0,45.0,51.0
386.85,318.94,43.179,53.693
383.88,318.63,42.889,53.582
380.8,318.26,42.69,53.804
379.94,318.56,41.591,53.207
377.46,319.23,41.187,52.947
372.0,319.0,39.0,53.0
361.42,321.17,39.643,51.781
342.74,323.85,40.032,51.763
331.44,325.75,39.693,51.144
316.06,327.52,39.831,50.855
305.83,331.34,40.08,50.774
296.95,333.04,40.097,50.435
291.1,334.39,39.881,50.068
283.32,336.84,39.871,49.479
275.18,337.19,39.71,48.958
268.97,336.95,39.979,48.872
263.84,337.69,40.192,49.101
258.0,336.9,40.287,48.643
252.25,336.87,40.345,48.329
243.94,337.99,40.153,47.516
240.22,338.99,39.956,46.988
235.8,339.88,39.981,46.748
230.15,341.52,40.183,46.399
224.12,342.04,39.837,45.818
218.03,341.6,40.044,45.678
213.98,343.51,40.729,46.005
209.62,343.86,40.233,45.27
204.28,345.57,40.618,45.367
197.9,344.96,40.79,45.188
190.89,346.52,40.84,44.861
186.0,347.0,41.0,43.0
185.46,347.42,41.583,43.263
187.07,346.69,41.753,43.374
192.64,346.98,41.871,43.433
197.12,346.71,42.239,43.742
201.15,346.42,42.642,44.086
208.09,346.02,42.813,44.197
214.51,350.34,43.002,44.328
218.0,352.0,43.0,44.0
218.0,354.0,43.0,44.0
213.0,356.0,43.0,44.0
210.0,357.0,43.0,44.0
213.08,358.33,42.465,43.495
213.86,359.14,42.342,43.313
213.44,359.08,42.744,43.655
212.04,358.46,43.042,43.895
207.49,357.55,43.464,44.257
202.09,358.48,43.551,44.285
197.9,359.08,43.418,44.093
192.36,359.87,43.266,43.881
186.31,358.96,43.043,43.6
181.0,360.32,43.323,43.82
180.99,359.42,43.163,43.608
176.54,360.44,43.197,43.582
175.3,360.87,43.003,43.328
171.0,360.0,43.0,43.0
170.62,358.11,42.947,41.98
173.65,355.75,42.333,41.251
173.63,350.75,42.219,40.895
175.1,346.01,42.499,40.924
176.48,338.85,42.765,41.094
177.09,333.17,42.775,40.927
176.65,326.15,43.119,41.094
175.44,317.98,43.122,40.903
173.68,309.31,43.724,41.289
170.43,306.9,43.611,40.994
170.31,304.73,43.811,41.013
172.86,302.66,43.333,40.422
182.64,302.11,43.495,40.406
202.01,309.05,43.66,40.394
219.88,316.57,43.422,39.953
234.8,320.59,43.618,39.997
252.9,324.06,43.578,39.569
266.83,325.33,43.779,39.803
276.05,326.49,43.431,39.278
281.9,325.08,44.463,39.827
285.43,324.28,44.14,39.565
290.51,324.4,43.941,39.221
300.49,324.2,43.374,38.512
303.99,323.88,43.369,38.329
307.0,324.0,43.0,37.0
309.47,323.62,42.84,35.92
311.53,324.4,42.797,35.72
318.49,324.81,42.318,35.333
326.16,328.16,42.25,35.154
333.54,332.59,42.722,35.279
344.53,333.38,42.564,34.794
356.04,334.38,42.442,34.58
363.86,334.56,42.333,34.237
370.79,333.74,42.397,34.347
374.85,332.51,42.407,33.902
375.16,334.62,42.133,33.575
377.13,335.14,42.354,33.609
378.42,335.16,42.238,33.319
379.39,335.19,41.722,32.732
377.72,334.54,41.546,32.492
379.64,333.87,41.212,32.032
379.76,333.87,41.007,31.7
381.41,335.85,40.67,31.414
378.86,336.18,40.338,30.86
376.94,336.28,40.482,31.035
376.95,337.25,40.498,30.3
377.72,336.2,40.253,30.386
375.76,336.73,40.715,30.196
376.59,337.67,40.227,30.062
379.0,338.0,40.0,29.0
378.33,338.01,39.941,28.385
377.9,337.72,39.534,27.921
378.26,338.28,39.697,27.996
372.72,338.57,39.444,27.638
361.19,339.99,39.692,27.688
342.56,342.31,39.477,27.481
329.27,342.36,38.879,26.98
320.11,342.09,38.506,26.574
318.09,341.9,38.596,26.483
314.27,342.14,39.257,26.728
312.75,343.6,39.182,26.903
312.06,344.31,39.122,26.759
310.81,345.58,39.027,26.42
314.74,346.14,38.599,26.1
321.63,347.96,38.162,25.656
330.88,349.09,37.791,25.184
338.77,350.89,37.89,24.994
345.97,351.4,37.167,24.768
351.86,351.27,36.806,24.33
359.76,352.48,36.738,24.207
364.89,352.74,36.931,24.073
368.75,352.12,37.501,24.584
376.48,350.96,38.006,24.684
382.37,350.1,38.058,24.62
385.0,350.0,38.0,24.0
392.66,351.29,38.633,23.598
401.0,351.0,39.0,24.0
404.0,351.0,41.0,25.0
412.0,350.0,41.0,27.0
421.0,350.0,41.0,27.0
425.0,348.0,43.0,28.0
431.0,350.0,41.0,26.0
442.0,350.0,41.0,26.0
450.0,350.0,41.0,26.0
456.0,349.0,41.0,26.0
466.0,349.0,41.0,26.0
475.0,348.0,39.0,24.0
485.0,346.0,41.0,25.0
499.0,346.0,41.0,25.0
506.0,346.0,41.0,25.0
513.0,344.0,41.0,25.0
521.0,344.0,41.0,25.0
528.0,340.0,45.0,27.0
536.0,339.0,45.0,27.0
551.0,339.0,43.0,25.0
557.0,339.0,43.0,25.0
574.0,340.0,43.0,25.0
584.0,339.0,43.0,25.0
592.0,339.0,41.0,24.0
599.0,339.0,41.0,24.0
610.0,337.0,41.0,24.0
614.0,336.0,41.0,24.0
618.0,336.0,41.0,24.0
624.0,336.0,41.0,24.0
627.0,336.0,41.0,24.0
630.0,336.0,41.0,24.0
638.0,336.0,41.0,24.0
641.57,340.88,38.856,20.976
645.27,340.19,38.917,21.038
648.59,337.9,38.609,20.63
649.27,338.0,38.425,20.865
650.6,337.94,38.384,20.737
648.27,337.65,37.676,20.457
643.49,338.89,37.605,20.662
642.75,337.35,37.403,20.706
641.77,337.66,37.635,20.806
644.93,339.26,37.258,20.768
646.17,342.48,37.0,20.779
649.1,346.11,36.965,20.611
650.33,350.48,36.523,20.292
655.28,357.74,36.328,20.431
659.54,361.78,36.22,20.43
661.62,363.07,36.303,20.706
665.13,366.8,35.975,20.472
668.0,367.0,36.0,21.0
666.08,367.87,36.0,21.0
668.11,368.74,36.599,21.0
672.72,369.09,36.932,21.488
674.73,369.59,36.599,21.488
674.67,369.33,37.0,21.98
677.76,370.14,37.204,21.647
678.3,369.32,37.204,21.647
678.97,368.88,37.204,21.647
680.26,369.01,37.204,21.647
683.78,369.24,36.603,21.157
686.0,372.0,37.0,21.0
687.0,371.0,37.0,21.0
688.0,370.0,33.0,21.0
693.0,370.0,29.0,21.0
694.0,370.0,29.0,21.0
691.0,370.0,29.0,21.0
690.0,371.0,29.0,21.0
692.0,370.0,35.0,21.0
690.0,370.0,35.0,21.0
690.0,370.0,35.0,21.0
693.0,372.0,35.0,21.0
694.0,373.0,35.0,21.0
696.0,375.0,33.0,20.0
703.0,375.0,33.0,20.0
702.0,376.0,35.0,21.0
700.0,376.0,35.0,21.0
nan,nan,nan,nan
nan,nan,nan,nan
nan,nan,nan,nan
nan,nan,nan,nan
nan,nan,nan,nan
nan,nan,nan,nan
nan,nan,nan,nan
nan,nan,nan,nan
nan,nan,nan,nan
nan,nan,nan,nan
nan,nan,nan,nan
nan,nan,nan,nan
nan,nan,nan,nan
nan,nan,nan,nan
nan,nan,nan,nan
nan,nan,nan,nan
nan,nan,nan,nan
nan,nan,nan,nan
nan,nan,nan,nan
nan,nan,nan,nan
nan,nan,nan,nan
nan,nan,nan,nan
nan,nan,nan,nan
nan,nan,nan,nan
nan,nan,nan,nan
nan,nan,nan,nan
nan,nan,nan,nan
nan,nan,nan,nan
nan,nan,nan,nan
nan,nan,nan,nan
nan,nan,nan,nan
nan,nan,nan,nan
nan,nan,nan,nan
nan,nan,nan,nan
nan,nan,nan,nan
nan,nan,nan,nan
nan,nan,nan,nan
nan,nan,nan,nan
nan,nan,nan,nan
nan,nan,nan,nan
nan,nan,nan,nan
nan,nan,nan,nan
nan,nan,nan,nan
nan,nan,nan,nan
