1000.0,378.0,77.0,82.0
999.0,380.0,76.0,81.0
998.0,381.0,74.0,79.0
997.0,383.0,69.0,74.0
996.0,379.0,70.0,88.0
995.0,380.0,69.0,87.0
992.0,379.0,70.0,88.0
992.0,381.0,70.0,87.0
989.0,398.0,58.0,70.0
987.0,398.0,60.0,72.0
984.0,399.0,60.0,72.0
969.0,400.0,74.0,74.0
967.0,402.0,75.0,75.0
952.0,397.0,92.0,82.0
949.0,400.0,92.0,82.0
947.0,400.0,92.0,82.0
932.0,402.0,106.0,81.0
929.0,403.0,107.0,82.0
911.0,405.0,106.0,81.0
912.0,406.0,106.0,81.0
910.0,408.0,105.0,80.0
909.0,408.0,106.0,81.0
910.0,408.0,106.0,81.0
908.0,408.0,85.0,83.0
908.0,408.0,85.0,83.0
910.0,407.0,85.0,83.0
910.0,407.0,85.0,83.0
906.0,402.0,88.0,85.0
908.0,401.0,87.0,84.0
909.0,399.0,88.0,85.0
908.0,396.0,88.0,85.0
932.0,395.0,64.0,83.0
937.0,393.0,64.0,82.0
939.0,385.0,70.0,90.0
942.0,378.0,72.0,93.0
948.0,374.0,74.0,96.0
951.0,371.0,75.0,97.0
956.0,367.0,76.0,98.0
963.0,365.0,76.0,98.0
966.0,361.0,87.0,100.0
968.0,374.0,93.0,87.0
972.0,372.0,93.0,87.0
975.0,368.0,94.0,88.0
974.0,365.0,96.0,89.0
977.0,361.0,99.0,92.0
980.0,361.0,100.0,94.0
980.0,359.0,102.0,95.0
982.0,357.0,103.0,96.0
985.0,357.0,103.0,96.0
1003.0,356.0,85.0,90.0
1008.0,356.0,84.0,89.0
1012.0,354.0,84.0,88.0
1015.0,353.0,82.0,87.0
1020.0,352.0,81.0,86.0
1022.0,352.0,82.0,86.0
1024.0,352.0,81.0,86.0
1027.0,353.0,81.0,86.0
1030.0,353.0,81.0,85.0
1043.0,353.0,70.0,85.0
1044.0,354.0,70.0,85.0
1046.0,354.0,70.0,85.0
1048.0,354.0,70.0,86.0
1049.0,353.0,71.0,86.0
1050.0,363.0,72.0,75.0
1051.0,362.0,70.0,73.0
1048.0,362.0,73.0,76.0
1062.0,363.0,62.0,72.0
1058.0,363.0,62.0,72.0
1050.0,364.0,63.0,73.0
1018.0,364.0,63.0,73.0
975.0,371.0,74.0,71.0
967.0,375.0,70.0,71.0
959.0,377.0,75.0,73.0
950.0,378.0,81.0,75.0
939.0,380.0,90.0,76.0
934.0,383.0,85.0,73.0
921.0,385.0,89.0,72.0
911.0,386.0,92.0,72.0
902.0,387.0,93.0,73.0
893.0,386.0,93.0,77.0
880.0,387.0,100.0,75.0
865.0,386.0,106.0,79.0
861.0,389.0,103.0,77.0
849.0,388.0,107.0,80.0
829.0,385.0,113.0,84.0
827.0,391.0,106.0,79.0
813.0,392.0,104.0,78.0
797.0,390.0,109.0,81.0
782.0,389.0,113.0,84.0
762.0,389.0,120.0,90.0
744.0,391.0,120.0,90.0
750.0,393.0,116.0,82.0
733.0,393.0,123.0,87.0
733.0,397.0,116.0,82.0
726.0,395.0,110.0,78.0
713.0,394.0,121.0,84.0
705.0,393.0,121.0,84.0
699.0,391.0,121.0,84.0
694.0,389.0,121.0,84.0
686.0,391.0,121.0,84.0
670.0,391.0,127.0,88.0
658.0,393.0,127.0,88.0
669.0,392.0,127.0,88.0
663.0,394.0,127.0,88.0
662.0,395.0,121.0,84.0
663.0,396.0,121.0,84.0
659.0,394.0,121.0,84.0
654.0,393.0,121.0,84.0
652.0,393.0,121.0,84.0
651.0,394.0,121.0,84.0
648.0,395.0,121.0,84.0
644.0,398.0,121.0,84.0
636.0,398.0,127.0,88.0
631.0,400.0,127.0,88.0
625.0,402.0,127.0,88.0
611.0,403.0,127.0,88.0
608.0,406.0,121.0,84.0
607.0,411.0,110.0,78.0
589.0,411.0,110.0,78.0
580.0,410.0,110.0,78.0
568.0,407.0,110.0,78.0
567.0,411.0,110.0,78.0
557.0,410.0,110.0,78.0
547.0,412.0,110.0,78.0
540.0,412.0,110.0,78.0
535.0,413.0,110.0,78.0
528.0,413.0,110.0,78.0
521.0,404.0,108.0,89.0
521.0,408.0,108.0,89.0
520.0,407.0,108.0,89.0
516.0,409.0,108.0,89.0
514.0,409.0,108.0,89.0
511.0,409.0,113.0,93.0
515.0,411.0,113.0,93.0
519.0,413.0,113.0,93.0
520.0,416.0,113.0,93.0
530.0,419.0,126.0,93.0
533.0,421.0,126.0,93.0
535.0,421.0,142.0,98.0
532.0,420.0,149.0,103.0
535.0,421.0,149.0,103.0
562.0,447.0,127.0,80.0
558.0,449.0,127.0,80.0
562.0,453.0,127.0,80.0
560.0,456.0,127.0,80.0
583.0,456.0,127.0,80.0
575.0,459.0,127.0,80.0
575.0,465.0,127.0,80.0
575.0,464.0,139.0,84.0
566.0,467.0,139.0,84.0
552.0,469.0,139.0,84.0
536.0,473.0,149.0,86.0
520.0,476.0,149.0,86.0
514.0,466.0,156.0,103.0
506.0,470.0,156.0,103.0
506.0,473.0,156.0,103.0
520.0,473.0,153.0,104.0
510.0,476.0,153.0,104.0
504.0,477.0,153.0,104.0
503.0,475.0,163.0,104.0
493.0,474.0,163.0,104.0
496.0,474.0,163.0,104.0
488.0,476.0,164.0,97.0
488.0,477.0,164.0,97.0
484.0,476.0,164.0,97.0
482.0,474.0,164.0,97.0
479.0,465.0,172.0,102.0
479.0,459.0,172.0,102.0
481.0,434.0,172.0,123.0
483.0,428.0,174.0,124.0
485.0,426.0,174.0,124.0
486.0,422.0,172.0,123.0
488.0,415.0,172.0,123.0
511.0,408.0,148.0,123.0
509.0,400.0,152.0,127.0
521.0,403.0,163.0,118.0
514.0,401.0,174.0,126.0
510.0,401.0,175.0,127.0
541.0,425.0,152.0,97.0
538.0,429.0,153.0,97.0
537.0,434.0,153.0,98.0
560.0,439.0,125.0,90.0
555.0,443.0,124.0,89.0
552.0,445.0,125.0,90.0
548.0,421.0,110.0,114.0
542.0,424.0,108.0,112.0
537.0,429.0,104.0,108.0
534.0,430.0,103.0,107.0
530.0,430.0,102.0,106.0
529.0,431.0,99.0,103.0
527.0,432.0,99.0,103.0
523.0,433.0,99.0,102.0
522.0,434.0,99.0,103.0
521.0,434.0,100.0,104.0
520.0,436.0,100.0,104.0
520.0,436.0,100.0,104.0
519.0,436.0,100.0,104.0
494.0,443.0,134.0,103.0
494.0,444.0,134.0,103.0
494.0,445.0,134.0,103.0
494.0,444.0,134.0,103.0
496.0,444.0,135.0,103.0
494.0,445.0,135.0,103.0
526.0,450.0,138.0,88.0
524.0,450.0,138.0,88.0
525.0,449.0,138.0,88.0
526.0,450.0,138.0,88.0
539.0,437.0,147.0,107.0
539.0,437.0,149.0,108.0
535.0,438.0,147.0,107.0
528.0,438.0,148.0,107.0
534.0,438.0,172.0,104.0
530.0,436.0,181.0,109.0
524.0,438.0,172.0,104.0
555.0,437.0,158.0,96.0
552.0,437.0,162.0,98.0
545.0,437.0,159.0,96.0
563.0,439.0,155.0,94.0
561.0,437.0,159.0,96.0
555.0,435.0,167.0,101.0
552.0,433.0,174.0,105.0
573.0,426.0,152.0,109.0
572.0,424.0,154.0,111.0
567.0,425.0,152.0,109.0
564.0,425.0,153.0,110.0
583.0,438.0,142.0,101.0
581.0,438.0,142.0,101.0
579.0,437.0,142.0,101.0
577.0,436.0,143.0,101.0
597.0,439.0,111.0,100.0
597.0,437.0,112.0,100.0
595.0,437.0,110.0,99.0
594.0,436.0,111.0,100.0
595.0,435.0,111.0,100.0
606.0,433.0,88.0,99.0
604.0,432.0,88.0,99.0
600.0,433.0,89.0,100.0
599.0,434.0,86.0,97.0
592.0,429.0,89.0,100.0
594.0,421.0,79.0,100.0
595.0,418.0,79.0,100.0
594.0,415.0,79.0,100.0
595.0,415.0,79.0,100.0
596.0,413.0,79.0,100.0
598.0,412.0,79.0,100.0
579.0,433.0,75.0,89.0
573.0,432.0,78.0,92.0
563.0,427.0,80.0,95.0
552.0,414.0,85.0,101.0
540.0,406.0,94.0,111.0
530.0,410.0,105.0,114.0
532.0,408.0,105.0,114.0
505.0,420.0,101.0,99.0
495.0,423.0,108.0,106.0
498.0,421.0,108.0,106.0
494.0,441.0,90.0,73.0
499.0,439.0,90.0,73.0
503.0,430.0,94.0,76.0
506.0,427.0,92.0,75.0
492.0,420.0,98.0,88.0
496.0,415.0,100.0,90.0
497.0,418.0,98.0,88.0
500.0,417.0,100.0,90.0
487.0,397.0,124.0,101.0
489.0,396.0,127.0,104.0
493.0,394.0,123.0,101.0
494.0,393.0,123.0,100.0
508.0,413.0,138.0,90.0
513.0,413.0,137.0,89.0
517.0,412.0,135.0,88.0
521.0,406.0,162.0,98.0
523.0,405.0,162.0,98.0
524.0,403.0,162.0,98.0
540.0,391.0,172.0,112.0
541.0,388.0,179.0,117.0
543.0,388.0,172.0,112.0
550.0,383.0,194.0,121.0
570.0,389.0,177.0,101.0
575.0,388.0,177.0,101.0
572.0,387.0,178.0,102.0
577.0,382.0,188.0,107.0
614.0,388.0,189.0,102.0
614.0,388.0,189.0,102.0
616.0,387.0,189.0,102.0
652.0,377.0,180.0,121.0
654.0,375.0,187.0,126.0
656.0,376.0,180.0,121.0
656.0,376.0,180.0,121.0
658.0,376.0,180.0,121.0
704.0,371.0,186.0,123.0
706.0,371.0,186.0,123.0
705.0,371.0,186.0,123.0
732.0,385.0,179.0,110.0
734.0,381.0,181.0,111.0
733.0,380.0,181.0,111.0
736.0,380.0,181.0,111.0
754.0,369.0,172.0,124.0
754.0,369.0,172.0,124.0
780.0,367.0,159.0,117.0
781.0,366.0,159.0,117.0
777.0,367.0,159.0,117.0
799.0,367.0,174.0,134.0
797.0,368.0,175.0,134.0
795.0,370.0,174.0,134.0
824.0,377.0,183.0,109.0
824.0,374.0,191.0,114.0
817.0,374.0,192.0,114.0
847.0,373.0,168.0,126.0
843.0,373.0,168.0,126.0
865.0,366.0,170.0,125.0
871.0,370.0,168.0,120.0
873.0,374.0,181.0,127.0
890.0,375.0,182.0,118.0
909.0,391.0,158.0,104.0
904.0,392.0,159.0,104.0
939.0,403.0,148.0,82.0
935.0,403.0,150.0,83.0
953.0,400.0,140.0,94.0
948.0,397.0,154.0,103.0
944.0,389.0,163.0,120.0
931.0,392.0,162.0,119.0
946.0,395.0,159.0,122.0
921.0,399.0,160.0,123.0
947.0,424.0,147.0,92.0
934.0,427.0,151.0,94.0
936.0,439.0,145.0,88.0
918.0,439.0,168.0,102.0
956.0,429.0,122.0,107.0
957.0,433.0,122.0,107.0
958.0,439.0,117.0,102.0
954.0,452.0,116.0,94.0
950.0,450.0,113.0,92.0
943.0,452.0,113.0,92.0
959.0,460.0,111.0,90.0
957.0,460.0,111.0,90.0
981.0,470.0,82.0,83.0
981.0,470.0,82.0,83.0
982.0,439.0,86.0,109.0
981.0,437.0,89.0,112.0
985.0,436.0,86.0,109.0
973.0,448.0,107.0,110.0
975.0,447.0,108.0,111.0
960.0,450.0,142.0,103.0
963.0,448.0,142.0,103.0
968.0,440.0,176.0,111.0
970.0,439.0,176.0,111.0
972.0,436.0,176.0,111.0
974.0,435.0,176.0,111.0
976.0,435.0,176.0,111.0
978.0,434.0,176.0,111.0
980.0,434.0,176.0,111.0
981.0,433.0,177.0,111.0
962.0,438.0,211.0,120.0
964.0,439.0,211.0,120.0
967.0,439.0,211.0,120.0
971.0,440.0,211.0,120.0
973.0,440.0,211.0,120.0
978.0,441.0,211.0,120.0
1021.0,420.0,163.0,129.0
1025.0,420.0,163.0,129.0
1029.0,420.0,163.0,129.0
1031.0,421.0,163.0,129.0
1035.0,421.0,163.0,129.0
1038.0,423.0,163.0,129.0
1040.0,423.0,163.0,129.0
1041.0,423.0,163.0,129.0
1043.0,424.0,163.0,129.0
1031.0,439.0,158.0,118.0
1032.0,439.0,158.0,118.0
1034.0,440.0,158.0,118.0
1031.0,440.0,158.0,118.0
1032.0,439.0,158.0,118.0
1010.0,443.0,157.0,109.0
1011.0,442.0,157.0,109.0
1009.0,442.0,157.0,109.0
1010.0,441.0,157.0,109.0
1010.0,442.0,157.0,109.0
1000.0,420.0,158.0,123.0
998.0,421.0,160.0,124.0
1002.0,420.0,158.0,123.0
1000.0,420.0,158.0,123.0
959.0,442.0,170.0,104.0
958.0,441.0,171.0,99.0
941.0,430.0,175.0,106.0
940.0,428.0,176.0,107.0
939.0,427.0,177.0,107.0
939.0,428.0,177.0,107.0
912.0,426.0,182.0,112.0
912.0,426.0,182.0,112.0
912.0,426.0,182.0,112.0
913.0,425.0,182.0,112.0
880.0,421.0,182.0,111.0
880.0,420.0,182.0,111.0
856.0,431.0,197.0,100.0
857.0,431.0,197.0,100.0
849.0,430.0,196.0,99.0
821.0,411.0,188.0,124.0
823.0,410.0,188.0,124.0
802.0,420.0,192.0,116.0
804.0,420.0,192.0,116.0
808.0,420.0,192.0,116.0
812.0,420.0,192.0,116.0
769.0,427.0,197.0,113.0
774.0,426.0,197.0,113.0
776.0,425.0,197.0,113.0
781.0,425.0,197.0,113.0
760.0,411.0,189.0,115.0
764.0,411.0,188.0,115.0
767.0,409.0,188.0,114.0
754.0,412.0,186.0,115.0
755.0,411.0,186.0,115.0
757.0,410.0,186.0,115.0
738.0,414.0,182.0,109.0
738.0,413.0,182.0,109.0
741.0,411.0,182.0,109.0
742.0,410.0,182.0,109.0
742.0,409.0,181.0,108.0
747.0,408.0,179.0,107.0
749.0,408.0,176.0,105.0
752.0,409.0,174.0,104.0
785.0,409.0,144.0,102.0
783.0,408.0,144.0,102.0
786.0,407.0,144.0,102.0
787.0,406.0,144.0,102.0
790.0,406.0,144.0,102.0
790.0,404.0,144.0,102.0
791.0,404.0,114.0,102.0
792.0,406.0,112.0,100.0
794.0,407.0,109.0,98.0
797.0,405.0,114.0,102.0
798.0,405.0,115.0,103.0
799.0,405.0,114.0,102.0
801.0,408.0,111.0,99.0
803.0,409.0,109.0,98.0
803.0,410.0,107.0,96.0
805.0,410.0,105.0,94.0
806.0,411.0,104.0,93.0
800.0,410.0,104.0,93.0
801.0,411.0,104.0,93.0
792.0,411.0,103.0,93.0
785.0,411.0,103.0,92.0
776.0,392.0,103.0,113.0
763.0,393.0,103.0,113.0
742.0,398.0,103.0,113.0
727.0,400.0,102.0,112.0
702.0,403.0,102.0,112.0
679.0,405.0,102.0,112.0
663.0,404.0,103.0,113.0
637.0,405.0,104.0,114.0
609.0,406.0,104.0,114.0
596.0,404.0,104.0,114.0
568.0,406.0,104.0,114.0
543.0,407.0,105.0,115.0
535.0,406.0,106.0,116.0
512.0,408.0,106.0,116.0
495.0,410.0,107.0,117.0
475.0,412.0,107.0,117.0
460.0,414.0,108.0,118.0
447.0,417.0,108.0,118.0
436.0,420.0,108.0,119.0
425.0,423.0,109.0,119.0
417.0,425.0,109.0,119.0
412.0,427.0,109.0,119.0
407.0,429.0,109.0,120.0
403.0,432.0,109.0,120.0
398.0,433.0,110.0,120.0
395.0,434.0,110.0,120.0
393.0,435.0,110.0,121.0
391.0,437.0,110.0,121.0
391.0,438.0,110.0,121.0
390.0,439.0,110.0,121.0
388.0,439.0,111.0,121.0
388.0,439.0,111.0,121.0
386.0,440.0,111.0,121.0
386.0,440.0,111.0,122.0
383.0,441.0,111.0,122.0
381.0,441.0,111.0,122.0
380.0,443.0,111.0,122.0
378.0,444.0,111.0,122.0
378.0,445.0,111.0,122.0
376.0,446.0,111.0,122.0
376.0,448.0,111.0,122.0
375.0,449.0,111.0,122.0
374.0,450.0,111.0,122.0
375.0,451.0,111.0,122.0
373.0,451.0,111.0,122.0
372.0,452.0,111.0,122.0
371.0,452.0,111.0,122.0
370.0,452.0,112.0,122.0
369.0,454.0,112.0,123.0
369.0,453.0,112.0,123.0
367.0,456.0,112.0,123.0
367.0,456.0,112.0,123.0
366.0,457.0,112.0,123.0
364.0,458.0,112.0,123.0
362.0,459.0,112.0,123.0
360.0,459.0,113.0,124.0
356.0,459.0,113.0,124.0
350.0,460.0,113.0,124.0
343.0,460.0,113.0,124.0
333.0,462.0,113.0,124.0
326.0,466.0,112.0,123.0
326.0,466.0,112.0,123.0
320.0,470.0,112.0,123.0
307.0,471.0,112.0,123.0
299.0,472.0,113.0,123.0
294.0,490.0,129.0,104.0
279.0,492.0,129.0,104.0
263.0,496.0,130.0,105.0
244.0,499.0,130.0,105.0
220.0,494.0,165.0,110.0
207.0,494.0,165.0,110.0
201.0,492.0,179.0,117.0
182.0,492.0,179.0,117.0
161.0,490.0,217.0,130.0
137.0,492.0,217.0,130.0
119.0,492.0,217.0,130.0
130.0,511.0,225.0,118.0
76.0,492.0,218.0,130.0
86.0,509.0,225.0,118.0
62.0,509.0,226.0,118.0
81.0,509.0,227.0,118.0
60.0,506.0,227.0,118.0
38.0,490.0,227.0,118.0
67.0,486.0,191.0,111.0
52.0,479.0,191.0,111.0
39.0,476.0,191.0,111.0
61.0,464.0,200.0,109.0
52.0,458.0,200.0,109.0
46.0,451.0,200.0,109.0
94.0,452.0,183.0,104.0
89.0,445.0,183.0,104.0
87.0,438.0,196.0,111.0
104.0,427.0,233.0,116.0
103.0,426.0,233.0,116.0
104.0,430.0,233.0,116.0
108.0,434.0,233.0,116.0
175.0,424.0,178.0,123.0
178.0,426.0,178.0,123.0
183.0,426.0,183.0,127.0
188.0,425.0,183.0,127.0
233.0,434.0,183.0,124.0
239.0,435.0,183.0,124.0
246.0,436.0,183.0,124.0
275.0,431.0,183.0,126.0
309.0,436.0,163.0,119.0
307.0,446.0,174.0,118.0
338.0,445.0,161.0,110.0
348.0,443.0,147.0,104.0
353.0,441.0,147.0,111.0
361.0,452.0,163.0,104.0
356.0,438.0,163.0,124.0
383.0,457.0,156.0,110.0
388.0,458.0,168.0,114.0
382.0,467.0,171.0,107.0
404.0,459.0,175.0,118.0
409.0,455.0,172.0,115.0
409.0,455.0,172.0,115.0
405.0,460.0,174.0,116.0
427.0,465.0,174.0,116.0
429.0,468.0,189.0,126.0
469.0,503.0,189.0,126.0
469.0,503.0,189.0,126.0
479.0,507.0,194.0,120.0
480.0,516.0,220.0,129.0
507.0,529.0,178.0,110.0
498.0,540.0,192.0,112.0
517.0,551.0,192.0,112.0
549.0,576.0,179.0,105.0
559.0,571.0,184.0,108.0
568.0,570.0,197.0,115.0
570.0,578.0,205.0,119.0
566.0,604.0,224.0,131.0
578.0,653.0,223.0,130.0
602.0,675.0,209.0,45.0
600.0,680.0,233.0,47.0
614.0,679.0,239.0,41.0
605.0,684.0,247.0,42.0
607.0,689.0,252.0,43.0
609.0,665.0,257.0,68.0
608.0,653.0,276.0,69.0
670.0,613.0,212.0,107.0
704.0,550.0,198.0,133.0
727.0,466.0,195.0,131.0
753.0,415.0,205.0,125.0
763.0,389.0,187.0,114.0
779.0,393.0,198.0,94.0
790.0,376.0,193.0,92.0
792.0,348.0,193.0,120.0
802.0,338.0,179.0,111.0
794.0,327.0,184.0,114.0
786.0,328.0,202.0,126.0
767.0,339.0,223.0,139.0
772.0,356.0,220.0,137.0
779.0,371.0,213.0,132.0
777.0,384.0,209.0,130.0
780.0,395.0,210.0,131.0
789.0,411.0,193.0,120.0
799.0,427.0,174.0,108.0
778.0,433.0,206.0,128.0
805.0,440.0,159.0,151.0
790.0,432.0,158.0,150.0
804.0,424.0,167.0,150.0
791.0,416.0,189.0,151.0
787.0,415.0,204.0,134.0
770.0,414.0,204.0,134.0
754.0,396.0,235.0,154.0
799.0,393.0,171.0,154.0
783.0,392.0,171.0,154.0
768.0,394.0,171.0,154.0
823.0,398.0,124.0,142.0
830.0,395.0,124.0,142.0
821.0,396.0,148.0,135.0
823.0,396.0,146.0,133.0
829.0,400.0,135.0,123.0
816.0,391.0,163.0,132.0
806.0,389.0,164.0,133.0
799.0,386.0,164.0,133.0
793.0,384.0,164.0,133.0
847.0,394.0,151.0,115.0
844.0,392.0,151.0,115.0
841.0,388.0,158.0,121.0
880.0,383.0,127.0,119.0
887.0,385.0,120.0,112.0
893.0,385.0,111.0,104.0
899.0,385.0,105.0,99.0
905.0,390.0,103.0,97.0
906.0,388.0,103.0,96.0
907.0,387.0,102.0,96.0
908.0,385.0,102.0,96.0
909.0,384.0,102.0,96.0
943.0,384.0,63.0,83.0
943.0,385.0,61.0,80.0
935.0,363.0,68.0,99.0
933.0,361.0,67.0,98.0
933.0,360.0,67.0,98.0
931.0,359.0,68.0,100.0
925.0,359.0,69.0,101.0
893.0,368.0,101.0,91.0
892.0,368.0,100.0,90.0
882.0,355.0,108.0,106.0
876.0,356.0,118.0,98.0
872.0,356.0,128.0,107.0
864.0,344.0,145.0,128.0
851.0,347.0,166.0,111.0
857.0,351.0,128.0,111.0
853.0,353.0,145.0,126.0
860.0,358.0,145.0,97.0
856.0,359.0,149.0,100.0
844.0,384.0,176.0,88.0
838.0,384.0,145.0,88.0
831.0,380.0,159.0,96.0
838.0,372.0,141.0,98.0
847.0,371.0,139.0,97.0
841.0,387.0,127.0,77.0
841.0,387.0,127.0,77.0
800.0,387.0,158.0,77.0
779.0,382.0,168.0,80.0
779.0,382.0,168.0,80.0
763.0,376.0,155.0,80.0
767.0,373.0,160.0,83.0
750.0,368.0,138.0,88.0
762.0,369.0,129.0,82.0
713.0,369.0,160.0,83.0
713.0,382.0,147.0,74.0
713.0,387.0,132.0,68.0
719.0,387.0,131.0,68.0
0
0
0
0
0
0
561.0,365.0,105.0,96.0
545.0,368.0,135.0,96.0
531.0,369.0,158.0,94.0
509.0,371.0,156.0,102.0
499.0,372.0,157.0,103.0
486.0,376.0,150.0,98.0
472.0,377.0,122.0,98.0
457.0,377.0,122.0,98.0
420.0,379.0,114.0,90.0
404.0,380.0,113.0,89.0
386.0,380.0,115.0,91.0
364.0,393.0,105.0,84.0
341.0,393.0,106.0,85.0
316.0,404.0,92.0,72.0
288.0,399.0,87.0,78.0
316.0,404.0,94.0,73.0
243.0,392.0,82.0,73.0
221.0,390.0,69.0,86.0
196.0,388.0,69.0,86.0
170.0,385.0,68.0,85.0
146.0,385.0,69.0,86.0
119.0,392.0,67.0,83.0
84.0,394.0,62.0,89.0
62.0,398.0,61.0,88.0
43.0,398.0,62.0,90.0
27.0,395.0,62.0,90.0
8.0,386.0,67.0,96.0
-10.0,380.0,79.0,113.0
-14.0,380.0,69.0,112.0
-23.0,384.0,64.0,106.0
-28.0,393.0,57.0,93.0
-37.0,402.0,57.0,94.0
-37.0,402.0,57.0,94.0
0
0
0
0
0
0
0
0
0
0
0
0
0
0
0
0
0
0
0
0
0
0
0
2.0,396.0,80.0,107.0
-2.0,395.0,99.0,107.0
-6.0,400.0,127.0,105.0
-5.0,411.0,165.0,103.0
-1.0,419.0,192.0,103.0
28.0,428.0,191.0,103.0
52.0,436.0,195.0,105.0
78.0,437.0,194.0,105.0
88.0,442.0,222.0,104.0
125.0,439.0,203.0,109.0
152.0,438.0,206.0,111.0
173.0,441.0,207.0,111.0
209.0,437.0,214.0,137.0
233.0,440.0,213.0,136.0
255.0,444.0,212.0,136.0
279.0,447.0,239.0,135.0
290.0,448.0,238.0,134.0
302.0,448.0,237.0,134.0
309.0,449.0,236.0,133.0
344.0,456.0,219.0,125.0
345.0,455.0,218.0,125.0
347.0,456.0,217.0,124.0
353.0,456.0,216.0,124.0
378.0,438.0,200.0,140.0
382.0,439.0,199.0,139.0
386.0,438.0,198.0,139.0
389.0,439.0,198.0,138.0
392.0,438.0,196.0,138.0
391.0,438.0,196.0,137.0
391.0,437.0,195.0,136.0
389.0,436.0,194.0,136.0
385.0,436.0,194.0,135.0
387.0,434.0,193.0,135.0
381.0,434.0,192.0,134.0
378.0,432.0,191.0,134.0
375.0,433.0,190.0,133.0
370.0,431.0,190.0,133.0
367.0,430.0,189.0,132.0
365.0,429.0,188.0,132.0
361.0,429.0,187.0,131.0
359.0,429.0,187.0,131.0
355.0,429.0,186.0,130.0
351.0,430.0,185.0,130.0
348.0,430.0,185.0,130.0
348.0,430.0,184.0,129.0
346.0,430.0,183.0,128.0
366.0,428.0,170.0,126.0
366.0,429.0,169.0,126.0
365.0,429.0,169.0,125.0
366.0,430.0,168.0,124.0
366.0,431.0,168.0,124.0
366.0,430.0,166.0,123.0
370.0,412.0,151.0,133.0
369.0,412.0,151.0,133.0
368.0,413.0,151.0,133.0
364.0,414.0,156.0,138.0
365.0,413.0,149.0,131.0
363.0,412.0,148.0,131.0
361.0,438.0,148.0,105.0
359.0,438.0,148.0,105.0
358.0,439.0,147.0,105.0
353.0,439.0,147.0,104.0
352.0,440.0,146.0,103.0
350.0,442.0,144.0,102.0
345.0,443.0,143.0,102.0
344.0,444.0,144.0,102.0
338.0,440.0,148.0,109.0
337.0,442.0,147.0,108.0
335.0,444.0,146.0,107.0
335.0,444.0,143.0,106.0
333.0,445.0,144.0,106.0
332.0,445.0,144.0,106.0
331.0,445.0,137.0,101.0
330.0,446.0,137.0,101.0
327.0,446.0,139.0,103.0
323.0,445.0,137.0,101.0
319.0,445.0,136.0,100.0
308.0,446.0,137.0,101.0
267.0,446.0,137.0,101.0
225.0,457.0,136.0,100.0
203.0,470.0,136.0,100.0
201.0,468.0,139.0,102.0
170.0,470.0,139.0,102.0
142.0,467.0,140.0,103.0
144.0,462.0,140.0,103.0
135.0,460.0,139.0,103.0
116.0,455.0,139.0,103.0
106.0,455.0,133.0,98.0
96.0,450.0,139.0,102.0
91.0,447.0,139.0,102.0
87.0,448.0,138.0,102.0
85.0,450.0,138.0,101.0
85.0,446.0,137.0,101.0
85.0,440.0,136.0,100.0
88.0,435.0,137.0,101.0
91.0,429.0,134.0,99.0
93.0,426.0,135.0,99.0
95.0,419.0,134.0,99.0
99.0,416.0,134.0,99.0
105.0,412.0,134.0,98.0
109.0,408.0,133.0,98.0
116.0,406.0,133.0,98.0
125.0,402.0,132.0,97.0
133.0,401.0,132.0,97.0
143.0,400.0,132.0,97.0
152.0,400.0,131.0,96.0
161.0,399.0,131.0,96.0
170.0,398.0,130.0,96.0
175.0,398.0,130.0,96.0
179.0,398.0,130.0,95.0
184.0,399.0,129.0,95.0
187.0,399.0,129.0,95.0
188.0,398.0,128.0,95.0
203.0,393.0,130.0,98.0
204.0,393.0,132.0,99.0
218.0,396.0,119.0,96.0
220.0,396.0,118.0,95.0
220.0,396.0,138.0,96.0
220.0,397.0,139.0,96.0
221.0,394.0,145.0,101.0
221.0,392.0,152.0,106.0
222.0,389.0,159.0,110.0
240.0,388.0,151.0,105.0
238.0,387.0,150.0,104.0
238.0,387.0,168.0,104.0
260.0,387.0,155.0,103.0
263.0,406.0,155.0,80.0
276.0,405.0,152.0,78.0
285.0,405.0,151.0,78.0
293.0,405.0,147.0,76.0
299.0,405.0,151.0,78.0
305.0,405.0,154.0,80.0
322.0,412.0,152.0,78.0
331.0,413.0,154.0,79.0
338.0,412.0,160.0,82.0
348.0,412.0,159.0,82.0
359.0,411.0,158.0,81.0
368.0,411.0,156.0,80.0
377.0,410.0,151.0,78.0
381.0,410.0,152.0,78.0
386.0,412.0,148.0,76.0
389.0,414.0,149.0,76.0
382.0,416.0,158.0,81.0
378.0,421.0,164.0,84.0
380.0,421.0,165.0,84.0
380.0,416.0,170.0,87.0
382.0,415.0,165.0,85.0
388.0,414.0,150.0,77.0
376.0,401.0,179.0,92.0
364.0,400.0,179.0,92.0
399.0,409.0,132.0,84.0
400.0,416.0,128.0,79.0
401.0,419.0,134.0,70.0
409.0,428.0,127.0,70.0
399.0,425.0,140.0,77.0
399.0,427.0,148.0,78.0
390.0,427.0,151.0,80.0
396.0,429.0,136.0,71.0
387.0,428.0,142.0,74.0
379.0,427.0,149.0,78.0
370.0,425.0,153.0,80.0
362.0,425.0,160.0,84.0
355.0,425.0,160.0,83.0
399.0,420.0,103.0,86.0
394.0,421.0,103.0,86.0
390.0,421.0,103.0,86.0
384.0,420.0,102.0,85.0
384.0,427.0,108.0,79.0
378.0,426.0,108.0,79.0
373.0,426.0,107.0,79.0
368.0,426.0,106.0,78.0
364.0,426.0,106.0,77.0
358.0,426.0,106.0,77.0
353.0,427.0,105.0,77.0
375.0,435.0,73.0,64.0
368.0,435.0,73.0,64.0
364.0,436.0,72.0,64.0
358.0,436.0,72.0,63.0
353.0,437.0,72.0,63.0
348.0,437.0,72.0,63.0
349.0,426.0,71.0,76.0
342.0,425.0,71.0,76.0
338.0,423.0,72.0,77.0
333.0,423.0,71.0,76.0
334.0,431.0,64.0,81.0
331.0,430.0,64.0,81.0
326.0,429.0,63.0,80.0
320.0,429.0,64.0,81.0
319.0,429.0,63.0,80.0
313.0,428.0,63.0,80.0
309.0,428.0,63.0,80.0
307.0,427.0,63.0,80.0
303.0,427.0,63.0,80.0
303.0,426.0,63.0,80.0
301.0,427.0,63.0,79.0
300.0,425.0,63.0,79.0
302.0,425.0,63.0,79.0
303.0,423.0,63.0,79.0
305.0,422.0,62.0,79.0
308.0,420.0,62.0,78.0
311.0,418.0,62.0,78.0
314.0,415.0,62.0,78.0
318.0,413.0,61.0,78.0
321.0,411.0,61.0,78.0
324.0,409.0,61.0,77.0
341.0,418.0,57.0,77.0
342.0,416.0,57.0,76.0
343.0,414.0,57.0,76.0
346.0,412.0,56.0,76.0
344.0,411.0,56.0,76.0
345.0,409.0,56.0,75.0
346.0,407.0,55.0,75.0
345.0,405.0,55.0,74.0
345.0,404.0,55.0,74.0
344.0,402.0,55.0,74.0
343.0,400.0,55.0,74.0
340.0,400.0,55.0,74.0
340.0,398.0,54.0,73.0
336.0,398.0,54.0,72.0
336.0,397.0,54.0,73.0
334.0,396.0,54.0,73.0
331.0,395.0,55.0,74.0
330.0,394.0,55.0,74.0
327.0,393.0,56.0,76.0
327.0,393.0,55.0,74.0
327.0,393.0,54.0,73.0
325.0,393.0,53.0,72.0
326.0,392.0,53.0,72.0
324.0,391.0,53.0,72.0
324.0,391.0,53.0,72.0
323.0,391.0,53.0,72.0
324.0,390.0,53.0,72.0
323.0,390.0,53.0,71.0
325.0,389.0,53.0,71.0
326.0,389.0,52.0,71.0
328.0,389.0,52.0,70.0
330.0,389.0,52.0,70.0
334.0,390.0,52.0,71.0
337.0,389.0,52.0,70.0
341.0,390.0,52.0,70.0
347.0,390.0,52.0,70.0
353.0,390.0,51.0,69.0
354.0,389.0,53.0,72.0
360.0,388.0,54.0,73.0
364.0,388.0,54.0,73.0
371.0,388.0,54.0,73.0
375.0,388.0,54.0,73.0
380.0,389.0,54.0,72.0
384.0,389.0,54.0,72.0
387.0,390.0,54.0,73.0
390.0,389.0,53.0,72.0
392.0,390.0,53.0,72.0
394.0,390.0,53.0,72.0
399.0,390.0,53.0,72.0
399.0,391.0,53.0,72.0
404.0,392.0,53.0,72.0
407.0,392.0,53.0,72.0
411.0,393.0,53.0,72.0
416.0,393.0,53.0,72.0
414.0,407.0,78.0,63.0
419.0,407.0,78.0,63.0
421.0,408.0,79.0,63.0
423.0,408.0,79.0,64.0
426.0,409.0,79.0,64.0
425.0,410.0,79.0,64.0
427.0,409.0,80.0,65.0
427.0,410.0,81.0,66.0
427.0,412.0,82.0,66.0
427.0,412.0,82.0,66.0
426.0,413.0,82.0,66.0
423.0,414.0,82.0,66.0
422.0,414.0,82.0,66.0
422.0,415.0,82.0,67.0
399.0,418.0,129.0,56.0
398.0,418.0,129.0,56.0
398.0,419.0,130.0,56.0
397.0,419.0,130.0,56.0
396.0,419.0,130.0,56.0
395.0,419.0,129.0,56.0
393.0,419.0,130.0,56.0
393.0,419.0,131.0,57.0
388.0,419.0,133.0,58.0
390.0,420.0,132.0,57.0
389.0,419.0,136.0,59.0
388.0,419.0,140.0,61.0
392.0,419.0,138.0,60.0
389.0,419.0,138.0,60.0
388.0,419.0,138.0,60.0
387.0,419.0,138.0,60.0
385.0,420.0,138.0,60.0
384.0,420.0,137.0,60.0
383.0,421.0,138.0,60.0
382.0,421.0,137.0,60.0
382.0,423.0,137.0,59.0
382.0,423.0,137.0,59.0
381.0,423.0,137.0,59.0
381.0,424.0,136.0,59.0
394.0,417.0,134.0,66.0
398.0,424.0,144.0,63.0
406.0,417.0,137.0,66.0
411.0,424.0,136.0,58.0
419.0,423.0,119.0,52.0
430.0,418.0,118.0,49.0
423.0,408.0,120.0,65.0
421.0,407.0,123.0,67.0
442.0,408.0,112.0,72.0
442.0,407.0,115.0,74.0
439.0,408.0,137.0,81.0
438.0,407.0,137.0,81.0
437.0,407.0,137.0,81.0
437.0,407.0,137.0,81.0
456.0,402.0,103.0,73.0
456.0,400.0,107.0,76.0
454.0,398.0,114.0,81.0
453.0,398.0,116.0,82.0
472.0,399.0,103.0,76.0
473.0,397.0,107.0,79.0
472.0,397.0,106.0,78.0
471.0,397.0,106.0,78.0
469.0,397.0,106.0,78.0
509.0,397.0,101.0,73.0
509.0,397.0,101.0,73.0
505.0,396.0,101.0,73.0
517.0,395.0,102.0,79.0
518.0,393.0,104.0,80.0
512.0,394.0,102.0,79.0
527.0,399.0,107.0,71.0
525.0,399.0,108.0,72.0
535.0,399.0,102.0,68.0
535.0,398.0,102.0,68.0
550.0,394.0,80.0,75.0
548.0,393.0,80.0,75.0
546.0,391.0,78.0,73.0
543.0,391.0,78.0,73.0
539.0,391.0,79.0,74.0
535.0,391.0,79.0,74.0
531.0,391.0,78.0,73.0
528.0,391.0,77.0,73.0
524.0,391.0,77.0,72.0
520.0,390.0,77.0,72.0
516.0,389.0,76.0,72.0
512.0,389.0,77.0,72.0
509.0,389.0,76.0,72.0
520.0,373.0,43.0,87.0
516.0,375.0,42.0,84.0
512.0,375.0,42.0,85.0
509.0,374.0,42.0,85.0
504.0,374.0,42.0,86.0
501.0,374.0,42.0,85.0
484.0,373.0,42.0,71.0
480.0,372.0,42.0,71.0
476.0,373.0,42.0,71.0
472.0,374.0,41.0,70.0
468.0,375.0,40.0,68.0
464.0,375.0,39.0,67.0
441.0,376.0,43.0,66.0
437.0,375.0,43.0,66.0
433.0,375.0,44.0,67.0
428.0,376.0,44.0,67.0
422.0,377.0,44.0,67.0
419.0,377.0,44.0,68.0
414.0,378.0,44.0,68.0
410.0,379.0,44.0,68.0
407.0,380.0,44.0,67.0
386.0,383.0,48.0,63.0
384.0,384.0,48.0,63.0
380.0,384.0,47.0,62.0
378.0,386.0,47.0,62.0
375.0,386.0,48.0,63.0
372.0,386.0,48.0,63.0
369.0,388.0,48.0,63.0
367.0,388.0,48.0,63.0
358.0,378.0,54.0,71.0
356.0,379.0,54.0,71.0
354.0,379.0,54.0,71.0
352.0,379.0,54.0,71.0
350.0,380.0,54.0,71.0
340.0,382.0,92.0,62.0
339.0,382.0,92.0,62.0
337.0,383.0,92.0,62.0
336.0,383.0,92.0,62.0
349.0,377.0,113.0,70.0
348.0,377.0,114.0,70.0
348.0,377.0,113.0,70.0
346.0,378.0,113.0,70.0
345.0,378.0,113.0,70.0
363.0,384.0,96.0,64.0
364.0,384.0,97.0,64.0
359.0,383.0,110.0,73.0
358.0,384.0,110.0,73.0
378.0,382.0,92.0,68.0
377.0,382.0,95.0,71.0
376.0,384.0,92.0,68.0
393.0,386.0,85.0,62.0
393.0,385.0,89.0,65.0
402.0,387.0,88.0,64.0
408.0,396.0,94.0,63.0
410.0,396.0,95.0,63.0
405.0,395.0,102.0,68.0
407.0,391.0,106.0,71.0
431.0,390.0,84.0,58.0
433.0,390.0,86.0,59.0
428.0,390.0,87.0,60.0
428.0,390.0,87.0,60.0
443.0,404.0,82.0,52.0
442.0,404.0,82.0,52.0
442.0,404.0,83.0,52.0
440.0,403.0,83.0,53.0
438.0,404.0,83.0,53.0
439.0,404.0,83.0,53.0
438.0,404.0,82.0,52.0
438.0,404.0,83.0,52.0
438.0,404.0,82.0,52.0
436.0,403.0,82.0,52.0
424.0,389.0,75.0,68.0
424.0,390.0,74.0,67.0
423.0,390.0,73.0,66.0
420.0,391.0,72.0,65.0
419.0,393.0,67.0,61.0
420.0,394.0,63.0,57.0
428.0,389.0,46.0,63.0
427.0,389.0,44.0,60.0
426.0,390.0,41.0,56.0
425.0,390.0,40.0,55.0
422.0,391.0,37.0,51.0
417.0,390.0,40.0,55.0
415.0,390.0,40.0,54.0
414.0,392.0,39.0,54.0
412.0,392.0,39.0,54.0
410.0,393.0,40.0,54.0
408.0,394.0,41.0,56.0
406.0,394.0,40.0,55.0
405.0,389.0,55.0,65.0
404.0,389.0,56.0,66.0
404.0,388.0,57.0,67.0
402.0,390.0,55.0,65.0
401.0,390.0,54.0,64.0
407.0,385.0,50.0,65.0
406.0,385.0,50.0,65.0
403.0,385.0,50.0,65.0
404.0,385.0,50.0,66.0
412.0,398.0,63.0,49.0
411.0,398.0,65.0,50.0
411.0,399.0,64.0,49.0
411.0,395.0,73.0,57.0
411.0,395.0,74.0,58.0
412.0,395.0,72.0,56.0
410.0,396.0,73.0,57.0
412.0,394.0,84.0,61.0
413.0,393.0,87.0,63.0
412.0,394.0,84.0,61.0
424.0,392.0,89.0,56.0
424.0,391.0,92.0,58.0
438.0,394.0,96.0,52.0
445.0,395.0,90.0,49.0
438.0,394.0,97.0,52.0
473.0,390.0,90.0,55.0
474.0,390.0,91.0,55.0
475.0,390.0,91.0,55.0
488.0,381.0,111.0,72.0
0
0
0
0
0
0
0
0
0
0
0
0
0
683.0,403.0,67.0,45.0
687.0,403.0,67.0,45.0
702.0,403.0,68.0,47.0
705.0,402.0,67.0,46.0
724.0,396.0,73.0,54.0
726.0,396.0,73.0,54.0
746.0,391.0,71.0,63.0
747.0,391.0,71.0,63.0
770.0,395.0,77.0,60.0
770.0,395.0,77.0,60.0
778.0,384.0,84.0,71.0
791.0,383.0,85.0,72.0
805.0,404.0,87.0,47.0
814.0,402.0,93.0,50.0
825.0,399.0,89.0,53.0
833.0,399.0,94.0,56.0
837.0,397.0,92.0,55.0
849.0,407.0,103.0,55.0
863.0,410.0,92.0,49.0
875.0,407.0,91.0,41.0
875.0,406.0,90.0,41.0
879.0,405.0,90.0,41.0
901.0,396.0,92.0,47.0
902.0,393.0,99.0,51.0
905.0,392.0,107.0,55.0
903.0,392.0,106.0,54.0
905.0,391.0,106.0,54.0
906.0,391.0,106.0,54.0
939.0,393.0,83.0,55.0
939.0,393.0,83.0,55.0
937.0,392.0,87.0,57.0
972.0,387.0,53.0,63.0
967.0,387.0,53.0,63.0
961.0,386.0,54.0,64.0
956.0,385.0,57.0,67.0
947.0,386.0,57.0,68.0
943.0,385.0,58.0,69.0
0
0
0
914.0,385.0,80.0,57.0
907.0,384.0,76.0,54.0
904.0,388.0,69.0,49.0
901.0,390.0,65.0,47.0
901.0,395.0,59.0,42.0
865.0,383.0,86.0,55.0
864.0,383.0,86.0,55.0
862.0,382.0,87.0,55.0
841.0,384.0,87.0,52.0
841.0,383.0,87.0,52.0
818.0,378.0,89.0,46.0
806.0,380.0,91.0,46.0
794.0,383.0,80.0,41.0
793.0,382.0,81.0,41.0
777.0,382.0,76.0,39.0
765.0,383.0,84.0,36.0
0
0
0
0
690.0,370.0,84.0,53.0
673.0,365.0,81.0,49.0
678.0,364.0,81.0,49.0
672.0,370.0,80.0,45.0
680.0,370.0,78.0,44.0
648.0,374.0,66.0,35.0
0
0
0
0
578.0,350.0,95.0,58.0
583.0,349.0,97.0,59.0
555.0,356.0,94.0,50.0
530.0,351.0,98.0,55.0
510.0,358.0,100.0,48.0
517.0,357.0,99.0,48.0
496.0,360.0,103.0,49.0
486.0,358.0,108.0,51.0
461.0,354.0,128.0,48.0
456.0,356.0,95.0,45.0
446.0,356.0,96.0,45.0
430.0,355.0,95.0,46.0
425.0,356.0,83.0,46.0
409.0,356.0,105.0,46.0
381.0,348.0,113.0,53.0
357.0,347.0,113.0,50.0
350.0,346.0,116.0,46.0
329.0,339.0,116.0,59.0
324.0,349.0,96.0,45.0
317.0,352.0,84.0,39.0
294.0,348.0,98.0,48.0
297.0,354.0,82.0,40.0
285.0,354.0,86.0,40.0
276.0,350.0,94.0,42.0
274.0,352.0,86.0,40.0
266.0,350.0,108.0,46.0
267.0,350.0,95.0,46.0
280.0,353.0,81.0,42.0
278.0,348.0,91.0,42.0
0
0
0
303.0,333.0,72.0,47.0
298.0,338.0,88.0,49.0
311.0,338.0,87.0,48.0
328.0,337.0,87.0,49.0
322.0,334.0,68.0,45.0
339.0,333.0,69.0,46.0
364.0,332.0,67.0,44.0
359.0,331.0,66.0,50.0
363.0,335.0,66.0,50.0
363.0,338.0,66.0,50.0
362.0,343.0,66.0,50.0
359.0,335.0,63.0,43.0
358.0,341.0,63.0,43.0
351.0,340.0,63.0,43.0
341.0,339.0,63.0,43.0
332.0,336.0,63.0,43.0
325.0,340.0,63.0,43.0
315.0,344.0,63.0,43.0
308.0,342.0,66.0,45.0
299.0,341.0,66.0,45.0
299.0,343.0,66.0,45.0
295.0,343.0,66.0,45.0
297.0,344.0,63.0,43.0
294.0,345.0,66.0,45.0
293.0,346.0,69.0,47.0
294.0,348.0,69.0,47.0
295.0,348.0,69.0,47.0
294.0,346.0,73.0,50.0
295.0,346.0,73.0,50.0
298.0,347.0,73.0,50.0
298.0,350.0,73.0,50.0
308.0,348.0,73.0,50.0
311.0,349.0,73.0,50.0
311.0,351.0,77.0,52.0
313.0,350.0,77.0,52.0
317.0,345.0,77.0,52.0
318.0,346.0,77.0,52.0
325.0,342.0,73.0,50.0
332.0,339.0,73.0,50.0
338.0,341.0,69.0,47.0
342.0,342.0,69.0,47.0
298.0,343.0,113.0,46.0
302.0,346.0,108.0,44.0
294.0,348.0,108.0,44.0
289.0,348.0,108.0,44.0
287.0,333.0,125.0,59.0
318.0,339.0,98.0,62.0
307.0,335.0,98.0,67.0
297.0,344.0,98.0,67.0
292.0,338.0,122.0,60.0
290.0,343.0,122.0,60.0
284.0,350.0,122.0,60.0
307.0,355.0,107.0,55.0
309.0,358.0,107.0,55.0
324.0,350.0,96.0,63.0
324.0,355.0,96.0,63.0
343.0,355.0,97.0,60.0
348.0,362.0,97.0,60.0
354.0,351.0,102.0,67.0
357.0,358.0,102.0,67.0
367.0,360.0,97.0,64.0
380.0,354.0,106.0,65.0
386.0,358.0,106.0,65.0
396.0,356.0,111.0,68.0
424.0,352.0,84.0,62.0
434.0,353.0,84.0,62.0
441.0,352.0,88.0,65.0
450.0,352.0,88.0,65.0
458.0,352.0,88.0,65.0
462.0,353.0,88.0,65.0
475.0,352.0,84.0,62.0
497.0,352.0,77.0,53.0
502.0,356.0,77.0,53.0
512.0,355.0,77.0,53.0
515.0,357.0,77.0,53.0
514.0,357.0,81.0,56.0
514.0,358.0,81.0,56.0
513.0,356.0,81.0,56.0
544.0,353.0,81.0,56.0
551.0,352.0,77.0,53.0
559.0,351.0,73.0,50.0
566.0,354.0,70.0,48.0
571.0,353.0,70.0,48.0
578.0,356.0,67.0,46.0
588.0,355.0,63.0,44.0
586.0,357.0,63.0,44.0
593.0,356.0,60.0,42.0
616.0,350.0,60.0,42.0
619.0,352.0,60.0,42.0
625.0,348.0,63.0,44.0
631.0,349.0,63.0,44.0
638.0,349.0,63.0,44.0
643.0,351.0,63.0,44.0
651.0,350.0,63.0,44.0
668.0,347.0,60.0,42.0
670.0,350.0,57.0,40.0
673.0,332.0,77.0,60.0
679.0,337.0,77.0,60.0
689.0,332.0,77.0,60.0
701.0,334.0,77.0,60.0
707.0,332.0,77.0,60.0
714.0,328.0,77.0,60.0
723.0,327.0,77.0,60.0
736.0,326.0,77.0,60.0
745.0,326.0,77.0,60.0
752.0,323.0,77.0,60.0
760.0,324.0,73.0,57.0
765.0,323.0,73.0,57.0
766.0,322.0,73.0,57.0
771.0,323.0,73.0,57.0
778.0,317.0,73.0,57.0
789.0,316.0,73.0,57.0
790.0,312.0,77.0,60.0
793.0,313.0,77.0,60.0
811.0,305.0,72.0,64.0
816.0,304.0,72.0,64.0
818.0,304.0,72.0,64.0
818.0,305.0,72.0,64.0
820.0,324.0,65.0,44.0
822.0,324.0,65.0,44.0
823.0,321.0,68.0,46.0
839.0,315.0,39.0,49.0
836.0,313.0,39.0,49.0
834.0,314.0,39.0,49.0
834.0,313.0,39.0,49.0
835.0,313.0,39.0,49.0
837.0,312.0,39.0,49.0
820.0,309.0,47.0,44.0
828.0,310.0,47.0,44.0
829.0,311.0,47.0,44.0
806.0,304.0,70.0,48.0
809.0,302.0,70.0,48.0
807.0,298.0,74.0,50.0
804.0,301.0,74.0,50.0
802.0,303.0,74.0,50.0
800.0,300.0,74.0,50.0
791.0,299.0,74.0,50.0
789.0,300.0,74.0,50.0
791.0,302.0,74.0,50.0
776.0,295.0,63.0,48.0
773.0,298.0,63.0,48.0
767.0,295.0,63.0,48.0
764.0,297.0,63.0,48.0
759.0,295.0,63.0,48.0
754.0,295.0,63.0,48.0
752.0,293.0,66.0,50.0
750.0,289.0,69.0,53.0
754.0,297.0,42.0,42.0
754.0,301.0,42.0,42.0
754.0,297.0,40.0,40.0
757.0,291.0,40.0,40.0
754.0,293.0,45.0,53.0
754.0,294.0,45.0,53.0
755.0,295.0,45.0,53.0
731.0,298.0,75.0,44.0
734.0,301.0,75.0,44.0
732.0,301.0,75.0,44.0
733.0,300.0,75.0,44.0
733.0,284.0,78.0,66.0
733.0,284.0,78.0,66.0
733.0,284.0,78.0,66.0
732.0,284.0,78.0,66.0
728.0,285.0,78.0,66.0
730.0,284.0,90.0,66.0
736.0,282.0,90.0,66.0
737.0,282.0,86.0,63.0
737.0,282.0,86.0,63.0
739.0,283.0,86.0,63.0
736.0,282.0,86.0,63.0
740.0,284.0,86.0,63.0
741.0,285.0,86.0,63.0
741.0,284.0,86.0,63.0
744.0,285.0,86.0,63.0
745.0,285.0,86.0,63.0
746.0,286.0,86.0,63.0
749.0,285.0,86.0,63.0
748.0,289.0,82.0,60.0
752.0,288.0,82.0,60.0
751.0,289.0,82.0,60.0
752.0,286.0,86.0,63.0
751.0,286.0,86.0,63.0
760.0,294.0,96.0,50.0
763.0,294.0,96.0,50.0
763.0,295.0,96.0,50.0
762.0,296.0,96.0,50.0
761.0,299.0,91.0,48.0
763.0,301.0,91.0,48.0
762.0,305.0,91.0,48.0
758.0,308.0,91.0,48.0
753.0,313.0,96.0,50.0
741.0,316.0,96.0,50.0
737.0,319.0,96.0,50.0
759.0,319.0,87.0,47.0
768.0,323.0,87.0,47.0
768.0,324.0,87.0,47.0
763.0,326.0,91.0,49.0
763.0,324.0,91.0,49.0
775.0,320.0,86.0,56.0
768.0,318.0,86.0,56.0
767.0,321.0,86.0,56.0
786.0,317.0,88.0,55.0
781.0,317.0,88.0,55.0
780.0,320.0,88.0,55.0
783.0,321.0,88.0,55.0
783.0,319.0,92.0,58.0
795.0,317.0,92.0,58.0
795.0,318.0,92.0,58.0
794.0,317.0,92.0,58.0
792.0,315.0,92.0,58.0
789.0,311.0,92.0,58.0
811.0,319.0,58.0,60.0
812.0,321.0,58.0,60.0
810.0,319.0,58.0,60.0
809.0,319.0,58.0,60.0
810.0,320.0,58.0,60.0
806.0,320.0,58.0,60.0
810.0,326.0,44.0,52.0
806.0,325.0,44.0,52.0
806.0,327.0,44.0,52.0
808.0,328.0,44.0,52.0
809.0,326.0,46.0,55.0
792.0,332.0,56.0,57.0
796.0,333.0,56.0,57.0
794.0,333.0,56.0,57.0
793.0,334.0,56.0,57.0
764.0,333.0,78.0,54.0
763.0,333.0,78.0,54.0
762.0,334.0,78.0,54.0
760.0,334.0,78.0,54.0
738.0,332.0,93.0,45.0
738.0,331.0,93.0,45.0
733.0,329.0,93.0,45.0
720.0,338.0,101.0,53.0
722.0,338.0,101.0,53.0
727.0,338.0,96.0,50.0
728.0,339.0,96.0,50.0
706.0,328.0,118.0,58.0
718.0,328.0,118.0,58.0
717.0,327.0,118.0,58.0
723.0,331.0,118.0,58.0
725.0,329.0,118.0,58.0
718.0,331.0,99.0,48.0
726.0,332.0,99.0,48.0
728.0,330.0,99.0,48.0
726.0,328.0,99.0,48.0
725.0,330.0,99.0,48.0
725.0,330.0,99.0,48.0
721.0,327.0,99.0,48.0
722.0,326.0,99.0,48.0
714.0,314.0,68.0,58.0
716.0,315.0,68.0,58.0
716.0,314.0,68.0,58.0
716.0,313.0,68.0,58.0
708.0,319.0,71.0,57.0
713.0,321.0,71.0,57.0
698.0,317.0,72.0,54.0
702.0,311.0,72.0,54.0
703.0,311.0,72.0,54.0
703.0,311.0,57.0,63.0
705.0,311.0,57.0,63.0
705.0,311.0,57.0,63.0
704.0,314.0,57.0,63.0
704.0,314.0,60.0,66.0
704.0,313.0,60.0,66.0
703.0,310.0,60.0,66.0
705.0,312.0,60.0,66.0
703.0,308.0,60.0,66.0
703.0,305.0,60.0,66.0
698.0,307.0,60.0,66.0
697.0,301.0,60.0,66.0
696.0,303.0,60.0,66.0
697.0,304.0,60.0,66.0
696.0,304.0,60.0,66.0
700.0,307.0,60.0,66.0
698.0,304.0,60.0,66.0
700.0,306.0,60.0,66.0
700.0,305.0,60.0,66.0
696.0,305.0,60.0,66.0
696.0,311.0,60.0,66.0
687.0,314.0,57.0,63.0
661.0,323.0,54.0,60.0
641.0,326.0,54.0,60.0
644.0,316.0,57.0,63.0
637.0,315.0,57.0,63.0
633.0,312.0,57.0,63.0
633.0,313.0,83.0,60.0
630.0,315.0,83.0,60.0
630.0,314.0,83.0,60.0
630.0,318.0,79.0,57.0
626.0,318.0,83.0,60.0
642.0,324.0,79.0,41.0
642.0,328.0,83.0,45.0
639.0,330.0,83.0,45.0
643.0,330.0,98.0,53.0
642.0,330.0,98.0,53.0
646.0,331.0,98.0,53.0
653.0,335.0,93.0,50.0
658.0,336.0,93.0,50.0
662.0,339.0,89.0,48.0
660.0,342.0,85.0,46.0
658.0,341.0,89.0,48.0
669.0,344.0,104.0,59.0
666.0,346.0,104.0,59.0
668.0,346.0,104.0,59.0
706.0,342.0,95.0,55.0
716.0,342.0,95.0,55.0
718.0,344.0,95.0,55.0
717.0,346.0,95.0,55.0
0
0
0
0
0
0
0
0
0
0
0
0
0
0
0
0
0
0
0
0
749.0,407.0,59.0,49.0
750.0,409.0,59.0,49.0
749.0,407.0,59.0,49.0
747.0,412.0,59.0,49.0
742.0,410.0,59.0,49.0
737.0,409.0,62.0,51.0
736.0,411.0,62.0,51.0
730.0,414.0,62.0,51.0
734.0,426.0,59.0,49.0
730.0,428.0,62.0,51.0
733.0,431.0,62.0,51.0
733.0,431.0,62.0,51.0
728.0,429.0,62.0,51.0
726.0,428.0,65.0,54.0
722.0,426.0,68.0,57.0
720.0,430.0,72.0,60.0
705.0,415.0,107.0,70.0
712.0,419.0,107.0,70.0
718.0,417.0,107.0,70.0
715.0,420.0,107.0,70.0
714.0,425.0,102.0,67.0
702.0,427.0,102.0,67.0
688.0,428.0,102.0,67.0
680.0,433.0,102.0,67.0
660.0,438.0,102.0,67.0
642.0,445.0,102.0,67.0
632.0,449.0,102.0,67.0
624.0,449.0,102.0,67.0
609.0,449.0,102.0,67.0
598.0,450.0,102.0,67.0
582.0,447.0,107.0,70.0
557.0,447.0,112.0,74.0
536.0,448.0,118.0,77.0
519.0,445.0,124.0,81.0
496.0,455.0,124.0,81.0
465.0,462.0,143.0,72.0
456.0,462.0,132.0,69.0
439.0,462.0,135.0,72.0
436.0,467.0,117.0,66.0
423.0,460.0,106.0,72.0
409.0,451.0,106.0,84.0
400.0,455.0,106.0,84.0
386.0,455.0,111.0,88.0
377.0,459.0,111.0,88.0
380.0,458.0,106.0,84.0
384.0,451.0,106.0,84.0
358.0,454.0,97.0,67.0
356.0,455.0,97.0,67.0
344.0,451.0,102.0,70.0
336.0,447.0,102.0,70.0
355.0,420.0,76.0,90.0
353.0,420.0,76.0,90.0
352.0,416.0,76.0,90.0
351.0,417.0,76.0,90.0
352.0,415.0,76.0,90.0
354.0,416.0,76.0,90.0
360.0,411.0,76.0,90.0
362.0,411.0,76.0,90.0
364.0,413.0,76.0,90.0
366.0,414.0,76.0,90.0
370.0,398.0,111.0,99.0
371.0,404.0,111.0,99.0
379.0,405.0,111.0,99.0
390.0,406.0,111.0,99.0
402.0,407.0,111.0,99.0
413.0,405.0,111.0,99.0
407.0,403.0,117.0,104.0
414.0,402.0,117.0,104.0
413.0,403.0,117.0,104.0
422.0,413.0,145.0,84.0
423.0,420.0,145.0,84.0
428.0,425.0,145.0,84.0
444.0,424.0,149.0,91.0
446.0,431.0,149.0,91.0
453.0,435.0,149.0,91.0
454.0,437.0,156.0,96.0
460.0,431.0,172.0,96.0
453.0,435.0,172.0,96.0
460.0,439.0,172.0,96.0
475.0,431.0,174.0,104.0
466.0,431.0,174.0,104.0
464.0,430.0,174.0,104.0
476.0,426.0,177.0,101.0
469.0,426.0,177.0,101.0
466.0,424.0,177.0,101.0
464.0,419.0,180.0,107.0
464.0,421.0,180.0,107.0
462.0,421.0,180.0,107.0
462.0,419.0,180.0,107.0
460.0,422.0,180.0,107.0
469.0,424.0,171.0,102.0
477.0,426.0,163.0,97.0
478.0,424.0,163.0,97.0
482.0,424.0,163.0,97.0
484.0,420.0,163.0,97.0
487.0,419.0,163.0,97.0
491.0,416.0,163.0,97.0
492.0,413.0,163.0,97.0
498.0,410.0,163.0,97.0
505.0,404.0,163.0,97.0
513.0,402.0,163.0,97.0
518.0,399.0,163.0,97.0
529.0,397.0,155.0,92.0
541.0,395.0,155.0,92.0
547.0,390.0,155.0,92.0
550.0,384.0,163.0,97.0
556.0,383.0,163.0,97.0
557.0,381.0,163.0,97.0
560.0,378.0,163.0,97.0
561.0,376.0,163.0,97.0
564.0,373.0,163.0,97.0
565.0,372.0,163.0,97.0
566.0,370.0,163.0,97.0
594.0,385.0,135.0,100.0
588.0,383.0,135.0,100.0
590.0,380.0,135.0,100.0
590.0,380.0,135.0,100.0
593.0,380.0,135.0,100.0
594.0,378.0,135.0,100.0
600.0,376.0,135.0,100.0
614.0,387.0,193.0,90.0
624.0,382.0,193.0,90.0
630.0,381.0,193.0,90.0
644.0,378.0,184.0,86.0
652.0,369.0,193.0,90.0
645.0,371.0,193.0,90.0
643.0,368.0,193.0,90.0
661.0,361.0,163.0,87.0
674.0,359.0,163.0,87.0
681.0,357.0,163.0,87.0
677.0,357.0,171.0,91.0
678.0,353.0,180.0,96.0
681.0,347.0,189.0,101.0
685.0,344.0,189.0,101.0
688.0,339.0,189.0,101.0
688.0,339.0,189.0,101.0
722.0,337.0,169.0,101.0
719.0,334.0,169.0,101.0
727.0,331.0,169.0,101.0
727.0,330.0,169.0,101.0
727.0,325.0,177.0,106.0
730.0,326.0,177.0,106.0
727.0,327.0,177.0,106.0
724.0,320.0,186.0,111.0
720.0,316.0,186.0,111.0
713.0,314.0,186.0,111.0
735.0,288.0,105.0,152.0
731.0,287.0,105.0,152.0
727.0,284.0,105.0,152.0
718.0,286.0,105.0,152.0
707.0,286.0,105.0,152.0
696.0,283.0,105.0,152.0
684.0,286.0,105.0,152.0
681.0,290.0,105.0,152.0
678.0,292.0,105.0,152.0
673.0,308.0,105.0,152.0
665.0,310.0,75.0,122.0
668.0,312.0,75.0,122.0
665.0,318.0,71.0,116.0
659.0,319.0,71.0,116.0
652.0,319.0,71.0,116.0
648.0,318.0,75.0,122.0
646.0,322.0,75.0,122.0
645.0,327.0,75.0,122.0
641.0,330.0,75.0,122.0
643.0,330.0,75.0,122.0
643.0,335.0,75.0,122.0
646.0,330.0,79.0,128.0
652.0,334.0,79.0,128.0
655.0,335.0,79.0,128.0
655.0,336.0,79.0,128.0
654.0,339.0,79.0,128.0
657.0,340.0,79.0,128.0
634.0,344.0,155.0,107.0
627.0,347.0,155.0,107.0
625.0,350.0,155.0,107.0
624.0,351.0,163.0,112.0
624.0,356.0,163.0,112.0
647.0,352.0,159.0,114.0
632.0,355.0,159.0,114.0
630.0,358.0,159.0,114.0
629.0,359.0,159.0,114.0
642.0,359.0,170.0,107.0
623.0,358.0,170.0,107.0
610.0,357.0,170.0,107.0
595.0,360.0,162.0,102.0
585.0,361.0,192.0,113.0
573.0,359.0,192.0,113.0
550.0,357.0,192.0,113.0
543.0,356.0,192.0,113.0
534.0,354.0,192.0,113.0
549.0,363.0,191.0,109.0
525.0,364.0,191.0,109.0
518.0,364.0,191.0,109.0
510.0,365.0,191.0,109.0
497.0,365.0,191.0,109.0
522.0,365.0,164.0,113.0
507.0,367.0,164.0,113.0
502.0,371.0,165.0,95.0
492.0,368.0,165.0,95.0
487.0,369.0,157.0,90.0
505.0,372.0,172.0,97.0
497.0,380.0,164.0,92.0
489.0,384.0,164.0,92.0
486.0,378.0,207.0,112.0
476.0,384.0,207.0,112.0
463.0,389.0,207.0,112.0
450.0,394.0,207.0,112.0
437.0,399.0,207.0,112.0
429.0,385.0,215.0,136.0
438.0,393.0,215.0,136.0
423.0,399.0,215.0,136.0
410.0,405.0,215.0,136.0
398.0,407.0,215.0,136.0
390.0,412.0,215.0,136.0
388.0,419.0,215.0,136.0
387.0,427.0,215.0,136.0
384.0,428.0,215.0,136.0
377.0,422.0,226.0,143.0
370.0,423.0,226.0,143.0
359.0,421.0,226.0,143.0
388.0,422.0,158.0,116.0
385.0,431.0,158.0,116.0
385.0,433.0,158.0,116.0
385.0,432.0,158.0,116.0
386.0,432.0,158.0,116.0
391.0,431.0,158.0,116.0
394.0,425.0,166.0,122.0
398.0,425.0,166.0,122.0
407.0,428.0,158.0,116.0
407.0,426.0,158.0,116.0
410.0,425.0,158.0,116.0
413.0,428.0,150.0,110.0
416.0,426.0,150.0,110.0
413.0,427.0,150.0,110.0
412.0,428.0,150.0,110.0
429.0,427.0,210.0,128.0
432.0,428.0,210.0,128.0
423.0,428.0,210.0,128.0
416.0,427.0,210.0,128.0
414.0,427.0,210.0,128.0
414.0,429.0,210.0,128.0
410.0,428.0,210.0,128.0
405.0,425.0,220.0,134.0
394.0,426.0,220.0,134.0
394.0,427.0,220.0,134.0
395.0,430.0,220.0,134.0
391.0,428.0,232.0,141.0
385.0,432.0,232.0,141.0
374.0,433.0,232.0,141.0
348.0,432.0,232.0,141.0
336.0,432.0,232.0,141.0
331.0,433.0,232.0,141.0
380.0,448.0,147.0,107.0
375.0,452.0,147.0,107.0
372.0,453.0,147.0,107.0
368.0,457.0,147.0,107.0
363.0,461.0,147.0,107.0
361.0,462.0,147.0,107.0
355.0,461.0,147.0,107.0
351.0,462.0,147.0,107.0
349.0,461.0,147.0,107.0
343.0,465.0,147.0,107.0
343.0,471.0,140.0,102.0
340.0,472.0,140.0,102.0
335.0,472.0,140.0,102.0
332.0,475.0,140.0,102.0
331.0,476.0,140.0,102.0
327.0,478.0,140.0,102.0
320.0,478.0,147.0,107.0
319.0,477.0,147.0,107.0
316.0,478.0,147.0,107.0
318.0,477.0,147.0,107.0
312.0,475.0,147.0,107.0
307.0,477.0,147.0,107.0
306.0,478.0,147.0,107.0
304.0,475.0,147.0,107.0
308.0,474.0,147.0,107.0
312.0,472.0,147.0,107.0
308.0,469.0,154.0,112.0
310.0,464.0,162.0,118.0
315.0,464.0,162.0,118.0
314.0,464.0,162.0,118.0
311.0,466.0,162.0,118.0
319.0,462.0,162.0,118.0
320.0,460.0,162.0,118.0
330.0,457.0,162.0,118.0
334.0,455.0,162.0,118.0
339.0,461.0,162.0,118.0
340.0,459.0,170.0,124.0
342.0,457.0,179.0,130.0
349.0,456.0,179.0,130.0
360.0,452.0,179.0,130.0
375.0,449.0,179.0,130.0
390.0,446.0,179.0,130.0
407.0,441.0,179.0,130.0
420.0,437.0,179.0,130.0
434.0,432.0,188.0,137.0
443.0,431.0,188.0,137.0
477.0,436.0,188.0,137.0
495.0,436.0,188.0,137.0
513.0,433.0,188.0,137.0
523.0,428.0,188.0,137.0
534.0,426.0,188.0,137.0
552.0,427.0,179.0,130.0
566.0,426.0,179.0,130.0
590.0,435.0,170.0,124.0
603.0,437.0,170.0,124.0
612.0,437.0,170.0,124.0
631.0,437.0,162.0,118.0
641.0,434.0,162.0,118.0
653.0,438.0,162.0,118.0
667.0,441.0,162.0,118.0
673.0,438.0,170.0,124.0
674.0,428.0,179.0,130.0
691.0,422.0,179.0,130.0
698.0,423.0,179.0,130.0
707.0,431.0,170.0,124.0
710.0,428.0,170.0,124.0
708.0,426.0,170.0,124.0
712.0,423.0,170.0,124.0
714.0,431.0,170.0,124.0
713.0,434.0,170.0,124.0
714.0,444.0,162.0,118.0
746.0,438.0,86.0,109.0
749.0,444.0,86.0,109.0
738.0,442.0,86.0,109.0
732.0,443.0,86.0,109.0
723.0,441.0,86.0,109.0
716.0,443.0,86.0,109.0
705.0,439.0,86.0,109.0
656.0,432.0,112.0,106.0
653.0,438.0,112.0,106.0
634.0,433.0,112.0,106.0
619.0,439.0,112.0,106.0
613.0,438.0,118.0,111.0
601.0,438.0,118.0,111.0
592.0,440.0,118.0,111.0
587.0,440.0,112.0,106.0
588.0,442.0,112.0,106.0
590.0,444.0,107.0,101.0
590.0,445.0,107.0,101.0
596.0,433.0,112.0,106.0
595.0,431.0,118.0,111.0
614.0,432.0,118.0,111.0
623.0,442.0,65.0,92.0
613.0,445.0,65.0,92.0
601.0,460.0,65.0,92.0
623.0,445.0,106.0,90.0
627.0,446.0,106.0,90.0
631.0,449.0,106.0,90.0
637.0,451.0,106.0,90.0
643.0,452.0,111.0,94.0
650.0,452.0,111.0,94.0
658.0,451.0,111.0,94.0
673.0,448.0,111.0,94.0
663.0,449.0,111.0,94.0
670.0,450.0,111.0,94.0
685.0,448.0,111.0,94.0
716.0,446.0,111.0,94.0
721.0,453.0,111.0,94.0
711.0,454.0,117.0,99.0
710.0,457.0,111.0,94.0
661.0,456.0,199.0,87.0
667.0,457.0,190.0,83.0
662.0,458.0,190.0,83.0
657.0,455.0,190.0,83.0
649.0,454.0,199.0,87.0
637.0,452.0,209.0,91.0
629.0,451.0,209.0,91.0
619.0,449.0,209.0,91.0
614.0,448.0,209.0,91.0
612.0,446.0,209.0,91.0
594.0,444.0,209.0,91.0
589.0,443.0,199.0,87.0
576.0,443.0,199.0,87.0
568.0,442.0,199.0,87.0
567.0,448.0,199.0,87.0
564.0,441.0,199.0,87.0
563.0,425.0,209.0,91.0
502.0,427.0,219.0,96.0
468.0,429.0,209.0,91.0
476.0,445.0,209.0,91.0
485.0,450.0,199.0,87.0
553.0,456.0,199.0,87.0
723.0,433.0,140.0,81.0
745.0,436.0,140.0,81.0
766.0,433.0,140.0,81.0
793.0,424.0,140.0,81.0
823.0,420.0,140.0,81.0
837.0,411.0,140.0,81.0
847.0,407.0,140.0,81.0
863.0,404.0,140.0,81.0
869.0,410.0,140.0,81.0
870.0,413.0,133.0,77.0
873.0,413.0,133.0,77.0
875.0,412.0,133.0,77.0
868.0,408.0,133.0,77.0
862.0,407.0,133.0,77.0
858.0,408.0,133.0,77.0
844.0,407.0,133.0,77.0
828.0,406.0,140.0,81.0
811.0,405.0,147.0,85.0
799.0,405.0,147.0,85.0
786.0,404.0,147.0,85.0
777.0,403.0,147.0,85.0
742.0,398.0,154.0,89.0
741.0,399.0,154.0,89.0
747.0,405.0,154.0,89.0
729.0,404.0,162.0,94.0
727.0,408.0,162.0,94.0
723.0,408.0,170.0,98.0
730.0,406.0,170.0,98.0
748.0,405.0,170.0,98.0
751.0,406.0,170.0,98.0
759.0,406.0,170.0,98.0
763.0,408.0,170.0,98.0
766.0,406.0,170.0,98.0
769.0,400.0,170.0,98.0
768.0,401.0,170.0,98.0
778.0,406.0,170.0,98.0
787.0,410.0,170.0,98.0
795.0,408.0,162.0,94.0
793.0,407.0,162.0,94.0
769.0,407.0,177.0,94.0
770.0,408.0,177.0,94.0
769.0,412.0,177.0,94.0
730.0,391.0,203.0,114.0
739.0,389.0,193.0,109.0
726.0,400.0,184.0,103.0
713.0,395.0,184.0,103.0
696.0,394.0,184.0,103.0
676.0,392.0,184.0,103.0
662.0,392.0,184.0,103.0
634.0,393.0,184.0,103.0
618.0,394.0,184.0,103.0
608.0,396.0,184.0,103.0
592.0,394.0,184.0,103.0
583.0,395.0,175.0,98.0
550.0,381.0,177.0,112.0
549.0,381.0,177.0,112.0
544.0,382.0,177.0,112.0
525.0,372.0,142.0,106.0
522.0,374.0,142.0,106.0
515.0,375.0,149.0,111.0
512.0,379.0,149.0,111.0
494.0,376.0,149.0,111.0
461.0,361.0,154.0,103.0
461.0,368.0,154.0,103.0
442.0,363.0,162.0,108.0
429.0,358.0,162.0,108.0
418.0,360.0,162.0,108.0
403.0,356.0,170.0,114.0
392.0,352.0,178.0,119.0
380.0,347.0,187.0,125.0
395.0,344.0,121.0,124.0
384.0,346.0,121.0,124.0
379.0,343.0,121.0,124.0
373.0,341.0,121.0,124.0
365.0,341.0,121.0,124.0
359.0,341.0,121.0,124.0
352.0,340.0,121.0,124.0
345.0,344.0,121.0,124.0
344.0,346.0,121.0,124.0
341.0,345.0,121.0,124.0
335.0,343.0,121.0,124.0
334.0,342.0,121.0,124.0
328.0,341.0,121.0,124.0
327.0,339.0,121.0,124.0
320.0,341.0,121.0,124.0
316.0,339.0,127.0,130.0
312.0,341.0,127.0,130.0
309.0,342.0,127.0,130.0
307.0,343.0,127.0,130.0
302.0,343.0,127.0,130.0
302.0,344.0,127.0,130.0
301.0,343.0,127.0,130.0
297.0,344.0,127.0,130.0
304.0,345.0,121.0,124.0
310.0,345.0,115.0,118.0
310.0,343.0,115.0,118.0
320.0,342.0,110.0,112.0
323.0,340.0,110.0,112.0
322.0,339.0,110.0,112.0
330.0,339.0,105.0,107.0
333.0,336.0,105.0,107.0
333.0,338.0,105.0,107.0
328.0,339.0,110.0,112.0
327.0,343.0,110.0,112.0
328.0,342.0,110.0,112.0
334.0,339.0,110.0,112.0
337.0,338.0,110.0,112.0
342.0,336.0,110.0,112.0
347.0,336.0,110.0,112.0
350.0,334.0,110.0,112.0
352.0,331.0,115.0,118.0
356.0,334.0,115.0,118.0
359.0,339.0,115.0,118.0
363.0,346.0,115.0,118.0
364.0,342.0,121.0,124.0
369.0,342.0,121.0,124.0
373.0,338.0,121.0,124.0
376.0,340.0,121.0,124.0
383.0,337.0,121.0,124.0
390.0,336.0,121.0,124.0
394.0,339.0,121.0,124.0
402.0,344.0,121.0,124.0
404.0,343.0,127.0,130.0
408.0,346.0,127.0,130.0
409.0,346.0,127.0,130.0
411.0,345.0,127.0,130.0
417.0,342.0,127.0,130.0
416.0,339.0,133.0,137.0
423.0,344.0,127.0,130.0
435.0,344.0,127.0,130.0
428.0,349.0,172.0,108.0
427.0,355.0,172.0,108.0
427.0,357.0,172.0,108.0
431.0,358.0,172.0,108.0
433.0,360.0,172.0,108.0
434.0,363.0,172.0,108.0
436.0,367.0,172.0,108.0
430.0,370.0,172.0,108.0
428.0,372.0,172.0,108.0
428.0,374.0,172.0,108.0
425.0,375.0,172.0,108.0
425.0,376.0,172.0,108.0
423.0,376.0,172.0,108.0
421.0,376.0,172.0,108.0
418.0,377.0,172.0,108.0
424.0,382.0,164.0,103.0
425.0,384.0,164.0,103.0
424.0,384.0,164.0,103.0
426.0,389.0,156.0,98.0
423.0,391.0,156.0,98.0
422.0,393.0,156.0,98.0
418.0,394.0,156.0,98.0
418.0,358.0,146.0,137.0
423.0,361.0,146.0,137.0
421.0,363.0,146.0,137.0
420.0,363.0,146.0,137.0
416.0,364.0,146.0,137.0
415.0,364.0,146.0,137.0
413.0,365.0,146.0,137.0
412.0,365.0,146.0,137.0
409.0,367.0,146.0,137.0
405.0,368.0,146.0,137.0
400.0,364.0,153.0,144.0
398.0,365.0,153.0,144.0
398.0,363.0,153.0,144.0
401.0,362.0,153.0,144.0
408.0,364.0,153.0,144.0
397.0,377.0,198.0,107.0
398.0,377.0,198.0,107.0
399.0,375.0,198.0,107.0
401.0,375.0,198.0,107.0
410.0,374.0,198.0,107.0
413.0,376.0,198.0,107.0
413.0,376.0,198.0,107.0
411.0,377.0,198.0,107.0
407.0,380.0,198.0,107.0
399.0,379.0,198.0,107.0
394.0,380.0,198.0,107.0
391.0,379.0,198.0,107.0
380.0,377.0,198.0,107.0
369.0,377.0,198.0,107.0
364.0,377.0,198.0,107.0
360.0,379.0,189.0,102.0
370.0,349.0,131.0,133.0
372.0,351.0,131.0,133.0
370.0,353.0,131.0,133.0
366.0,355.0,131.0,133.0
362.0,355.0,131.0,133.0
358.0,359.0,131.0,133.0
356.0,358.0,131.0,133.0
353.0,353.0,131.0,133.0
354.0,345.0,131.0,133.0
354.0,342.0,131.0,133.0
357.0,342.0,125.0,127.0
356.0,347.0,125.0,127.0
361.0,351.0,125.0,127.0
367.0,360.0,125.0,127.0
379.0,407.0,125.0,127.0
384.0,432.0,125.0,127.0
395.0,442.0,125.0,127.0
407.0,454.0,125.0,127.0
403.0,466.0,166.0,115.0
403.0,466.0,166.0,115.0
410.0,470.0,166.0,115.0
419.0,477.0,166.0,115.0
426.0,481.0,166.0,115.0
434.0,481.0,166.0,115.0
437.0,483.0,166.0,115.0
442.0,484.0,166.0,115.0
447.0,480.0,166.0,115.0
451.0,480.0,166.0,115.0
448.0,475.0,174.0,121.0
443.0,474.0,183.0,127.0
457.0,484.0,171.0,112.0
451.0,486.0,171.0,112.0
444.0,484.0,171.0,112.0
453.0,493.0,172.0,84.0
461.0,490.0,163.0,88.0
447.0,490.0,174.0,87.0
446.0,492.0,147.0,83.0
439.0,490.0,118.0,82.0
424.0,486.0,178.0,83.0
419.0,490.0,166.0,74.0
409.0,481.0,166.0,79.0
414.0,482.0,136.0,73.0
415.0,482.0,136.0,73.0
407.0,480.0,136.0,73.0
403.0,480.0,136.0,73.0
399.0,480.0,136.0,73.0
398.0,473.0,148.0,82.0
398.0,472.0,148.0,82.0
396.0,476.0,141.0,78.0
392.0,472.0,148.0,82.0
393.0,470.0,148.0,82.0
393.0,469.0,148.0,82.0
428.0,468.0,169.0,85.0
421.0,458.0,169.0,85.0
424.0,455.0,169.0,85.0
483.0,455.0,141.0,92.0
479.0,451.0,141.0,92.0
509.0,455.0,135.0,89.0
498.0,452.0,135.0,89.0
503.0,455.0,135.0,89.0
522.0,436.0,121.0,118.0
525.0,435.0,121.0,118.0
531.0,435.0,127.0,124.0
541.0,457.0,122.0,99.0
534.0,453.0,122.0,99.0
536.0,446.0,128.0,104.0
554.0,448.0,146.0,101.0
553.0,450.0,146.0,101.0
554.0,449.0,146.0,101.0
577.0,449.0,131.0,88.0
585.0,449.0,131.0,88.0
586.0,451.0,131.0,88.0
592.0,447.0,131.0,88.0
588.0,444.0,138.0,92.0
610.0,453.0,150.0,87.0
605.0,449.0,150.0,87.0
591.0,447.0,150.0,87.0
642.0,453.0,119.0,78.0
637.0,448.0,119.0,78.0
662.0,437.0,112.0,97.0
667.0,439.0,112.0,97.0
668.0,439.0,112.0,97.0
671.0,442.0,112.0,97.0
673.0,442.0,112.0,97.0
673.0,444.0,112.0,97.0
669.0,442.0,118.0,102.0
669.0,439.0,118.0,102.0
670.0,435.0,118.0,102.0
663.0,433.0,123.0,107.0
653.0,433.0,123.0,107.0
652.0,438.0,123.0,107.0
647.0,439.0,123.0,107.0
642.0,440.0,123.0,107.0
625.0,433.0,130.0,112.0
618.0,435.0,130.0,112.0
605.0,437.0,130.0,112.0
588.0,433.0,130.0,112.0
560.0,431.0,130.0,112.0
538.0,436.0,130.0,112.0
547.0,438.0,130.0,112.0
518.0,428.0,136.0,118.0
474.0,427.0,192.0,117.0
461.0,425.0,183.0,111.0
439.0,424.0,183.0,111.0
418.0,423.0,183.0,111.0
360.0,399.0,220.0,142.0
347.0,405.0,210.0,135.0
330.0,403.0,220.0,142.0
294.0,427.0,192.0,87.0
275.0,423.0,192.0,87.0
258.0,418.0,202.0,91.0
269.0,421.0,192.0,87.0
210.0,403.0,179.0,99.0
193.0,398.0,186.0,107.0
177.0,406.0,180.0,95.0
166.0,409.0,180.0,95.0
163.0,410.0,171.0,90.0
144.0,405.0,132.0,90.0
143.0,405.0,132.0,90.0
145.0,391.0,96.0,99.0
135.0,393.0,96.0,99.0
129.0,390.0,96.0,99.0
125.0,384.0,101.0,104.0
122.0,385.0,101.0,104.0
119.0,381.0,101.0,104.0
115.0,380.0,101.0,104.0
112.0,381.0,96.0,99.0
100.0,380.0,96.0,99.0
103.0,382.0,96.0,99.0
103.0,384.0,96.0,99.0
106.0,383.0,96.0,99.0
112.0,381.0,96.0,99.0
117.0,378.0,101.0,104.0
125.0,379.0,96.0,99.0
133.0,387.0,91.0,94.0
144.0,396.0,87.0,90.0
155.0,400.0,83.0,86.0
157.0,389.0,137.0,92.0
174.0,391.0,137.0,92.0
188.0,391.0,137.0,92.0
201.0,396.0,137.0,92.0
200.0,384.0,179.0,113.0
216.0,384.0,179.0,113.0
230.0,379.0,179.0,113.0
241.0,374.0,188.0,119.0
282.0,371.0,184.0,118.0
290.0,373.0,184.0,118.0
306.0,371.0,184.0,118.0
330.0,381.0,203.0,106.0
350.0,381.0,203.0,106.0
361.0,384.0,203.0,106.0
416.0,380.0,184.0,83.0
445.0,384.0,175.0,79.0
462.0,383.0,201.0,118.0
478.0,385.0,201.0,118.0
501.0,387.0,166.0,85.0
496.0,390.0,166.0,85.0
501.0,390.0,166.0,85.0
510.0,391.0,158.0,81.0
586.0,401.0,129.0,79.0
0
0
0
0
0
0
0
826.0,390.0,58.0,85.0
828.0,393.0,58.0,85.0
841.0,406.0,58.0,85.0
851.0,405.0,58.0,85.0
823.0,403.0,107.0,85.0
829.0,407.0,107.0,85.0
837.0,405.0,107.0,85.0
838.0,401.0,112.0,89.0
852.0,384.0,98.0,116.0
851.0,384.0,98.0,116.0
852.0,386.0,98.0,116.0
853.0,390.0,98.0,116.0
849.0,393.0,98.0,116.0
846.0,397.0,98.0,116.0
840.0,393.0,103.0,122.0
804.0,409.0,127.0,90.0
806.0,409.0,127.0,90.0
802.0,413.0,127.0,90.0
793.0,414.0,127.0,90.0
739.0,418.0,189.0,91.0
729.0,418.0,198.0,96.0
721.0,418.0,198.0,96.0
675.0,405.0,207.0,87.0
667.0,404.0,207.0,87.0
657.0,403.0,207.0,87.0
648.0,405.0,207.0,87.0
601.0,393.0,203.0,96.0
588.0,397.0,203.0,96.0
573.0,397.0,203.0,96.0
561.0,394.0,203.0,96.0
544.0,391.0,203.0,96.0
514.0,378.0,160.0,102.0
515.0,381.0,160.0,102.0
491.0,375.0,160.0,102.0
474.0,369.0,168.0,107.0
454.0,368.0,168.0,107.0
438.0,365.0,176.0,112.0
425.0,367.0,168.0,107.0
414.0,368.0,160.0,102.0
396.0,369.0,160.0,102.0
396.0,361.0,113.0,101.0
390.0,362.0,113.0,101.0
382.0,360.0,113.0,101.0
376.0,362.0,113.0,101.0
373.0,358.0,113.0,101.0
368.0,360.0,113.0,101.0
361.0,356.0,113.0,101.0
350.0,358.0,113.0,101.0
349.0,359.0,113.0,101.0
346.0,360.0,113.0,101.0
344.0,357.0,113.0,101.0
349.0,350.0,113.0,101.0
353.0,355.0,108.0,96.0
357.0,353.0,108.0,96.0
360.0,358.0,108.0,96.0
366.0,361.0,102.0,92.0
376.0,360.0,102.0,92.0
377.0,363.0,102.0,92.0
370.0,355.0,174.0,97.0
370.0,357.0,174.0,97.0
383.0,358.0,174.0,97.0
408.0,366.0,166.0,92.0
411.0,365.0,166.0,92.0
429.0,363.0,158.0,88.0
441.0,362.0,158.0,88.0
446.0,361.0,158.0,88.0
483.0,362.0,170.0,94.0
491.0,368.0,162.0,90.0
491.0,369.0,170.0,94.0
507.0,367.0,189.0,102.0
520.0,362.0,189.0,102.0
521.0,360.0,189.0,102.0
554.0,381.0,164.0,95.0
573.0,378.0,164.0,95.0
0
0
0
0
0
0
0
0
708.0,408.0,145.0,77.0
713.0,407.0,145.0,77.0
0
0
0
0
0
0
889.0,420.0,74.0,79.0
893.0,420.0,74.0,79.0
854.0,430.0,123.0,80.0
868.0,430.0,123.0,80.0
874.0,429.0,123.0,80.0
893.0,418.0,90.0,89.0
899.0,423.0,90.0,89.0
901.0,430.0,90.0,89.0
898.0,434.0,90.0,89.0
889.0,430.0,94.0,93.0
882.0,431.0,94.0,93.0
870.0,428.0,94.0,93.0
857.0,426.0,94.0,93.0
826.0,429.0,141.0,91.0
820.0,439.0,141.0,91.0
809.0,443.0,141.0,91.0
799.0,444.0,141.0,91.0
788.0,444.0,141.0,91.0
771.0,445.0,141.0,91.0
753.0,443.0,148.0,96.0
733.0,444.0,148.0,96.0
700.0,442.0,148.0,96.0
678.0,445.0,155.0,100.0
660.0,444.0,155.0,100.0
639.0,442.0,155.0,100.0
621.0,440.0,155.0,100.0
595.0,441.0,148.0,96.0
569.0,436.0,155.0,100.0
505.0,437.0,205.0,105.0
496.0,439.0,205.0,105.0
459.0,439.0,215.0,110.0
438.0,442.0,215.0,110.0
420.0,437.0,226.0,116.0
391.0,438.0,215.0,80.0
384.0,440.0,215.0,80.0
373.0,427.0,144.0,95.0
364.0,429.0,144.0,95.0
329.0,423.0,154.0,94.0
316.0,427.0,154.0,94.0
298.0,427.0,154.0,94.0
287.0,426.0,154.0,94.0
286.0,426.0,147.0,90.0
267.0,431.0,140.0,85.0
262.0,432.0,133.0,81.0
238.0,428.0,140.0,85.0
241.0,411.0,98.0,98.0
234.0,410.0,98.0,98.0
227.0,413.0,98.0,98.0
224.0,413.0,98.0,98.0
216.0,413.0,98.0,98.0
214.0,413.0,98.0,98.0
212.0,411.0,98.0,98.0
213.0,408.0,98.0,98.0
213.0,406.0,98.0,98.0
209.0,407.0,98.0,98.0
208.0,397.0,121.0,95.0
209.0,400.0,121.0,95.0
210.0,401.0,121.0,95.0
210.0,405.0,121.0,95.0
211.0,407.0,127.0,100.0
221.0,405.0,127.0,100.0
228.0,399.0,127.0,100.0
245.0,395.0,133.0,105.0
253.0,393.0,140.0,110.0
259.0,392.0,140.0,110.0
267.0,393.0,147.0,115.0
278.0,393.0,147.0,115.0
290.0,394.0,147.0,115.0
303.0,395.0,147.0,115.0
318.0,394.0,154.0,121.0
338.0,401.0,147.0,115.0
348.0,396.0,154.0,121.0
361.0,395.0,154.0,121.0
380.0,394.0,154.0,121.0
396.0,390.0,154.0,121.0
408.0,385.0,162.0,127.0
422.0,380.0,170.0,134.0
434.0,385.0,170.0,134.0
449.0,390.0,170.0,134.0
464.0,397.0,162.0,127.0
482.0,403.0,154.0,121.0
496.0,405.0,154.0,121.0
506.0,404.0,154.0,121.0
527.0,407.0,147.0,115.0
536.0,402.0,154.0,121.0
553.0,402.0,147.0,115.0
590.0,403.0,140.0,110.0
600.0,405.0,140.0,110.0
606.0,405.0,147.0,115.0
609.0,413.0,140.0,110.0
612.0,414.0,140.0,110.0
616.0,412.0,140.0,110.0
614.0,412.0,140.0,110.0
564.0,408.0,198.0,97.0
559.0,412.0,198.0,97.0
558.0,411.0,198.0,97.0
542.0,414.0,198.0,97.0
535.0,417.0,198.0,97.0
539.0,420.0,189.0,92.0
531.0,421.0,189.0,92.0
528.0,421.0,189.0,92.0
527.0,422.0,189.0,92.0
543.0,396.0,119.0,115.0
547.0,400.0,119.0,115.0
546.0,401.0,119.0,115.0
536.0,404.0,119.0,115.0
536.0,404.0,119.0,115.0
535.0,410.0,119.0,115.0
530.0,411.0,119.0,115.0
530.0,410.0,119.0,115.0
529.0,411.0,119.0,115.0
526.0,408.0,119.0,115.0
525.0,410.0,119.0,115.0
524.0,407.0,119.0,115.0
521.0,404.0,119.0,115.0
522.0,405.0,119.0,115.0
516.0,403.0,125.0,121.0
515.0,402.0,125.0,121.0
513.0,404.0,125.0,121.0
511.0,404.0,125.0,121.0
509.0,407.0,125.0,121.0
506.0,405.0,125.0,121.0
502.0,402.0,125.0,121.0
502.0,402.0,125.0,121.0
498.0,405.0,119.0,115.0
491.0,404.0,119.0,115.0
487.0,406.0,119.0,115.0
483.0,404.0,119.0,115.0
486.0,399.0,119.0,115.0
487.0,400.0,119.0,115.0
489.0,397.0,125.0,121.0
495.0,397.0,125.0,121.0
498.0,398.0,125.0,121.0
506.0,398.0,125.0,121.0
513.0,409.0,125.0,121.0
517.0,404.0,125.0,121.0
524.0,402.0,125.0,121.0
530.0,406.0,125.0,121.0
539.0,406.0,125.0,121.0
543.0,407.0,119.0,115.0
548.0,407.0,136.0,115.0
545.0,409.0,136.0,115.0
545.0,410.0,136.0,115.0
547.0,407.0,136.0,115.0
551.0,405.0,136.0,115.0
553.0,405.0,136.0,115.0
560.0,406.0,136.0,115.0
558.0,406.0,136.0,115.0
561.0,406.0,136.0,115.0
560.0,401.0,143.0,121.0
560.0,400.0,143.0,121.0
566.0,401.0,143.0,121.0
565.0,402.0,143.0,121.0
568.0,401.0,143.0,121.0
572.0,399.0,143.0,121.0
574.0,402.0,143.0,121.0
581.0,400.0,143.0,121.0
584.0,401.0,143.0,121.0
584.0,401.0,143.0,121.0
584.0,403.0,143.0,121.0
583.0,403.0,143.0,121.0
580.0,400.0,150.0,127.0
585.0,402.0,150.0,127.0
584.0,403.0,150.0,127.0
587.0,402.0,150.0,127.0
589.0,402.0,150.0,127.0
592.0,402.0,150.0,127.0
603.0,403.0,143.0,121.0
613.0,407.0,136.0,115.0
616.0,408.0,136.0,115.0
623.0,407.0,136.0,115.0
631.0,411.0,130.0,110.0
640.0,413.0,123.0,104.0
644.0,416.0,123.0,104.0
645.0,416.0,123.0,104.0
643.0,415.0,123.0,104.0
643.0,418.0,123.0,104.0
640.0,418.0,123.0,104.0
626.0,417.0,123.0,104.0
624.0,424.0,123.0,104.0
618.0,422.0,123.0,104.0
610.0,425.0,117.0,99.0
604.0,426.0,117.0,99.0
600.0,430.0,117.0,99.0
591.0,437.0,112.0,95.0
588.0,445.0,107.0,90.0
586.0,448.0,107.0,90.0
587.0,447.0,107.0,90.0
583.0,452.0,107.0,90.0
577.0,448.0,107.0,90.0
569.0,447.0,107.0,90.0
564.0,442.0,107.0,90.0
566.0,443.0,101.0,86.0
561.0,448.0,101.0,86.0
557.0,450.0,101.0,86.0
565.0,450.0,101.0,86.0
573.0,441.0,101.0,86.0
577.0,430.0,107.0,90.0
598.0,436.0,101.0,86.0
577.0,427.0,107.0,90.0
584.0,420.0,107.0,90.0
592.0,411.0,107.0,90.0
599.0,410.0,112.0,95.0
612.0,405.0,112.0,95.0
0
0
0
508.0,415.0,167.0,96.0
493.0,413.0,146.0,86.0
497.0,408.0,146.0,86.0
491.0,410.0,146.0,86.0
452.0,406.0,161.0,87.0
430.0,407.0,176.0,85.0
426.0,408.0,176.0,85.0
399.0,411.0,157.0,82.0
413.0,406.0,157.0,82.0
382.0,413.0,150.0,79.0
393.0,415.0,150.0,79.0
395.0,414.0,150.0,79.0
357.0,412.0,158.0,71.0
356.0,411.0,158.0,71.0
358.0,413.0,158.0,71.0
355.0,419.0,153.0,62.0
368.0,418.0,153.0,62.0
381.0,411.0,161.0,65.0
368.0,411.0,115.0,69.0
376.0,407.0,115.0,69.0
380.0,391.0,77.0,89.0
387.0,391.0,77.0,89.0
391.0,391.0,77.0,89.0
399.0,390.0,77.0,89.0
402.0,391.0,77.0,89.0
406.0,392.0,77.0,89.0
411.0,382.0,77.0,89.0
400.0,384.0,105.0,90.0
397.0,391.0,116.0,82.0
401.0,385.0,130.0,88.0
393.0,401.0,142.0,80.0
409.0,401.0,143.0,75.0
414.0,401.0,143.0,75.0
411.0,401.0,150.0,79.0
412.0,402.0,150.0,79.0
425.0,398.0,158.0,83.0
441.0,399.0,150.0,79.0
451.0,391.0,166.0,82.0
451.0,386.0,193.0,92.0
457.0,387.0,193.0,92.0
498.0,384.0,179.0,90.0
512.0,384.0,179.0,90.0
555.0,388.0,183.0,92.0
574.0,385.0,183.0,92.0
593.0,394.0,166.0,96.0
597.0,388.0,166.0,96.0
623.0,396.0,129.0,66.0
627.0,389.0,190.0,89.0
616.0,384.0,190.0,89.0
651.0,379.0,206.0,101.0
704.0,391.0,203.0,82.0
748.0,389.0,140.0,75.0
755.0,391.0,147.0,79.0
783.0,385.0,154.0,83.0
808.0,385.0,154.0,83.0
849.0,391.0,147.0,79.0
864.0,391.0,147.0,79.0
881.0,388.0,147.0,79.0
899.0,385.0,147.0,79.0
922.0,384.0,147.0,79.0
950.0,380.0,147.0,79.0
979.0,379.0,147.0,79.0
1001.0,378.0,147.0,79.0
1023.0,387.0,140.0,75.0
1045.0,390.0,140.0,75.0
1062.0,392.0,133.0,71.0
1075.0,386.0,133.0,71.0
1091.0,373.0,140.0,75.0
1108.0,365.0,140.0,75.0
1117.0,366.0,140.0,75.0
1121.0,386.0,133.0,71.0
1121.0,391.0,133.0,71.0
1095.0,370.0,142.0,90.0
949.0,378.0,135.0,82.0
830.0,393.0,110.0,77.0
842.0,403.0,103.0,82.0
846.0,412.0,80.0,86.0
820.0,418.0,76.0,82.0
815.0,419.0,76.0,82.0
817.0,419.0,76.0,82.0
769.0,418.0,105.0,87.0
760.0,421.0,105.0,87.0
720.0,426.0,131.0,86.0
704.0,427.0,131.0,86.0
680.0,424.0,133.0,96.0
676.0,424.0,133.0,96.0
628.0,420.0,174.0,97.0
617.0,415.0,174.0,97.0
589.0,411.0,174.0,97.0
576.0,411.0,166.0,92.0
541.0,419.0,164.0,89.0
543.0,417.0,164.0,89.0
537.0,418.0,164.0,89.0
537.0,420.0,156.0,85.0
535.0,419.0,156.0,85.0
536.0,417.0,156.0,85.0
531.0,413.0,164.0,89.0
527.0,415.0,164.0,89.0
525.0,415.0,164.0,89.0
532.0,418.0,164.0,89.0
521.0,419.0,164.0,89.0
522.0,420.0,164.0,89.0
534.0,419.0,164.0,89.0
524.0,412.0,172.0,93.0
523.0,405.0,181.0,98.0
535.0,401.0,181.0,98.0
530.0,401.0,181.0,98.0
518.0,391.0,181.0,98.0
0
0
0
0
0
0
0
459.0,417.0,145.0,81.0
469.0,423.0,145.0,81.0
471.0,423.0,145.0,81.0
433.0,424.0,127.0,72.0
430.0,425.0,127.0,72.0
374.0,424.0,172.0,73.0
377.0,423.0,172.0,73.0
361.0,427.0,143.0,71.0
346.0,423.0,157.0,84.0
335.0,428.0,77.0,66.0
322.0,429.0,125.0,80.0
306.0,421.0,116.0,77.0
290.0,421.0,116.0,77.0
272.0,419.0,116.0,77.0
266.0,423.0,143.0,81.0
248.0,429.0,136.0,77.0
240.0,428.0,136.0,77.0
219.0,430.0,136.0,77.0
203.0,429.0,136.0,77.0
202.0,429.0,136.0,77.0
220.0,427.0,76.0,72.0
216.0,428.0,76.0,72.0
214.0,430.0,76.0,72.0
209.0,433.0,76.0,72.0
211.0,435.0,76.0,72.0
213.0,434.0,76.0,72.0
210.0,434.0,76.0,72.0
188.0,432.0,119.0,75.0
195.0,431.0,119.0,75.0
197.0,429.0,119.0,75.0
205.0,431.0,119.0,75.0
199.0,420.0,134.0,85.0
212.0,419.0,141.0,89.0
222.0,417.0,148.0,94.0
234.0,418.0,141.0,89.0
244.0,418.0,141.0,89.0
255.0,417.0,141.0,89.0
266.0,418.0,134.0,85.0
275.0,418.0,134.0,85.0
299.0,414.0,141.0,89.0
326.0,417.0,134.0,85.0
337.0,417.0,134.0,85.0
352.0,416.0,134.0,85.0
369.0,418.0,128.0,81.0
374.0,421.0,122.0,77.0
379.0,419.0,122.0,77.0
361.0,414.0,122.0,77.0
365.0,413.0,128.0,81.0
375.0,413.0,128.0,81.0
381.0,415.0,128.0,81.0
393.0,392.0,148.0,104.0
404.0,390.0,148.0,104.0
411.0,397.0,148.0,104.0
420.0,402.0,148.0,104.0
426.0,397.0,155.0,109.0
423.0,393.0,155.0,109.0
422.0,391.0,155.0,109.0
438.0,387.0,155.0,109.0
437.0,378.0,155.0,109.0
441.0,367.0,155.0,109.0
448.0,363.0,148.0,104.0
492.0,377.0,83.0,113.0
510.0,380.0,62.0,104.0
501.0,381.0,70.0,111.0
523.0,371.0,72.0,108.0
536.0,382.0,75.0,86.0
538.0,378.0,75.0,104.0
557.0,372.0,82.0,112.0
582.0,379.0,78.0,92.0
606.0,383.0,72.0,97.0
623.0,383.0,84.0,100.0
651.0,386.0,89.0,91.0
660.0,389.0,78.0,103.0
642.0,362.0,155.0,109.0
728.0,434.0,70.0,83.0
749.0,468.0,103.0,75.0
773.0,502.0,103.0,75.0
783.0,525.0,103.0,75.0
789.0,533.0,103.0,75.0
799.0,547.0,103.0,75.0
775.0,550.0,115.0,91.0
784.0,557.0,129.0,88.0
786.0,574.0,132.0,86.0
777.0,584.0,107.0,89.0
776.0,593.0,156.0,76.0
751.0,598.0,153.0,86.0
764.0,598.0,138.0,87.0
724.0,582.0,164.0,101.0
715.0,590.0,161.0,95.0
701.0,585.0,157.0,91.0
712.0,573.0,125.0,99.0
710.0,575.0,138.0,89.0
685.0,560.0,166.0,99.0
652.0,544.0,198.0,92.0
644.0,531.0,193.0,79.0
660.0,532.0,193.0,74.0
658.0,526.0,193.0,74.0
621.0,504.0,136.0,79.0
0
0
0
0
0
531.0,510.0,176.0,69.0
536.0,508.0,154.0,89.0
532.0,506.0,154.0,89.0
527.0,504.0,154.0,89.0
522.0,497.0,154.0,89.0
526.0,491.0,154.0,89.0
0
0
0
0
0
0
0
0
0
0
0
498.0,441.0,87.0,82.0
505.0,435.0,87.0,82.0
511.0,434.0,87.0,82.0
524.0,431.0,87.0,82.0
542.0,422.0,87.0,82.0
516.0,417.0,121.0,82.0
524.0,416.0,121.0,82.0
525.0,415.0,115.0,78.0
533.0,411.0,115.0,78.0
547.0,393.0,162.0,91.0
560.0,389.0,162.0,91.0
565.0,385.0,170.0,96.0
548.0,381.0,170.0,96.0
594.0,382.0,178.0,82.0
590.0,385.0,187.0,86.0
604.0,386.0,187.0,86.0
610.0,390.0,187.0,86.0
620.0,385.0,187.0,86.0
628.0,383.0,187.0,86.0
644.0,388.0,178.0,82.0
656.0,390.0,178.0,82.0
674.0,391.0,178.0,82.0
681.0,397.0,178.0,82.0
691.0,395.0,178.0,82.0
740.0,394.0,170.0,78.0
754.0,392.0,161.0,74.0
780.0,393.0,161.0,74.0
807.0,388.0,154.0,71.0
819.0,387.0,154.0,71.0
830.0,381.0,161.0,74.0
858.0,355.0,141.0,104.0
873.0,350.0,141.0,104.0
888.0,341.0,141.0,104.0
900.0,335.0,141.0,104.0
933.0,317.0,123.0,114.0
944.0,310.0,129.0,120.0
959.0,307.0,129.0,120.0
974.0,297.0,129.0,120.0
1018.0,304.0,75.0,92.0
1026.0,298.0,75.0,92.0
1031.0,295.0,75.0,92.0
1034.0,290.0,75.0,92.0
1036.0,285.0,75.0,92.0
1037.0,284.0,75.0,92.0
1033.0,290.0,86.0,82.0
1031.0,286.0,86.0,82.0
1003.0,280.0,97.0,96.0
999.0,278.0,97.0,96.0
992.0,282.0,97.0,96.0
980.0,279.0,97.0,96.0
966.0,287.0,97.0,96.0
950.0,293.0,97.0,96.0
938.0,293.0,102.0,101.0
925.0,293.0,107.0,106.0
904.0,290.0,107.0,106.0
879.0,295.0,149.0,106.0
866.0,293.0,149.0,106.0
826.0,297.0,177.0,101.0
805.0,301.0,138.0,82.0
792.0,298.0,138.0,82.0
757.0,292.0,147.0,89.0
749.0,291.0,147.0,89.0
743.0,294.0,140.0,85.0
704.0,281.0,148.0,84.0
689.0,276.0,148.0,84.0
674.0,273.0,148.0,84.0
645.0,273.0,124.0,81.0
640.0,269.0,124.0,81.0
0
0
0
0
0
0
0
0
0
0
0
0
416.0,348.0,176.0,95.0
415.0,354.0,176.0,95.0
430.0,358.0,168.0,90.0
439.0,360.0,160.0,86.0
370.0,346.0,174.0,98.0
363.0,344.0,174.0,98.0
336.0,338.0,183.0,103.0
316.0,336.0,183.0,103.0
312.0,340.0,174.0,98.0
294.0,341.0,174.0,98.0
273.0,339.0,174.0,98.0
254.0,336.0,174.0,98.0
238.0,327.0,183.0,103.0
226.0,327.0,183.0,103.0
207.0,322.0,183.0,103.0
213.0,332.0,174.0,98.0
205.0,331.0,183.0,103.0
196.0,331.0,183.0,103.0
184.0,330.0,183.0,103.0
157.0,329.0,183.0,103.0
139.0,328.0,183.0,103.0
114.0,324.0,183.0,103.0
93.0,321.0,183.0,103.0
70.0,318.0,192.0,108.0
49.0,318.0,192.0,108.0
42.0,313.0,192.0,108.0
27.0,315.0,192.0,108.0
1.0,316.0,192.0,108.0
-1.0,317.0,192.0,108.0
-27.0,313.0,192.0,108.0
-32.0,313.0,192.0,108.0
-33.0,311.0,192.0,108.0
-51.0,305.0,192.0,108.0
0.0,297.0,192.0,108.0
0.0,302.0,110.0,103.0
16.0,306.0,110.0,103.0
45.0,298.0,115.0,108.0
0.0,305.0,155.0,75.0
-21.0,303.0,155.0,75.0
24.0,317.0,117.0,90.0
0.0,323.0,130.0,77.0
3.0,322.0,118.0,81.0
0.0,322.0,137.0,98.0
0.0,319.0,171.0,111.0
0.0,322.0,171.0,111.0
-1.0,323.0,171.0,111.0
-1.0,327.0,163.0,106.0
0.0,325.0,171.0,111.0
-23.0,329.0,163.0,106.0
-31.0,333.0,155.0,101.0
-43.0,335.0,131.0,92.0
-44.0,334.0,131.0,92.0
-48.0,328.0,95.0,84.0
-48.0,331.0,95.0,84.0
0
0
0
0
0
0
0
0
0
0
0
0
0
0
0
0
0
0
0
0
0
0
0
26.0,459.0,176.0,76.0
43.0,442.0,176.0,76.0
53.0,411.0,185.0,80.0
72.0,369.0,185.0,80.0
123.0,336.0,176.0,76.0
143.0,339.0,176.0,76.0
150.0,321.0,176.0,76.0
156.0,306.0,176.0,76.0
166.0,294.0,176.0,76.0
170.0,286.0,168.0,72.0
160.0,276.0,176.0,76.0
148.0,286.0,176.0,76.0
136.0,303.0,176.0,76.0
128.0,315.0,176.0,76.0
112.0,318.0,185.0,80.0
103.0,324.0,185.0,80.0
102.0,334.0,185.0,80.0
105.0,336.0,185.0,80.0
123.0,336.0,194.0,84.0
105.0,336.0,204.0,88.0
125.0,326.0,117.0,106.0
138.0,323.0,117.0,106.0
146.0,325.0,117.0,106.0
160.0,322.0,117.0,106.0
171.0,320.0,117.0,106.0
175.0,320.0,111.0,101.0
182.0,329.0,80.0,85.0
189.0,328.0,80.0,85.0
0
0
0
0
0
223.0,352.0,60.0,66.0
225.0,356.0,60.0,66.0
222.0,361.0,60.0,66.0
215.0,370.0,60.0,66.0
195.0,380.0,60.0,66.0
180.0,387.0,60.0,66.0
164.0,392.0,63.0,69.0
150.0,399.0,63.0,69.0
136.0,402.0,63.0,69.0
127.0,401.0,66.0,73.0
119.0,401.0,66.0,73.0
108.0,396.0,69.0,76.0
106.0,393.0,69.0,76.0
98.0,395.0,69.0,76.0
68.0,386.0,94.0,85.0
63.0,390.0,94.0,85.0
62.0,386.0,94.0,85.0
58.0,383.0,94.0,85.0
54.0,377.0,99.0,89.0
57.0,377.0,99.0,89.0
65.0,368.0,99.0,89.0
68.0,362.0,99.0,89.0
69.0,357.0,99.0,89.0
14.0,354.0,151.0,89.0
24.0,350.0,151.0,89.0
29.0,349.0,151.0,89.0
37.0,347.0,151.0,89.0
48.0,345.0,151.0,89.0
52.0,344.0,151.0,89.0
65.0,337.0,159.0,93.0
72.0,338.0,166.0,98.0
78.0,334.0,175.0,103.0
96.0,337.0,166.0,98.0
109.0,334.0,166.0,98.0
119.0,332.0,166.0,98.0
123.0,333.0,166.0,98.0
132.0,333.0,166.0,98.0
139.0,331.0,166.0,98.0
157.0,331.0,166.0,98.0
172.0,331.0,166.0,98.0
187.0,332.0,159.0,93.0
191.0,332.0,151.0,89.0
198.0,328.0,151.0,89.0
205.0,328.0,151.0,89.0
207.0,329.0,151.0,89.0
222.0,325.0,151.0,89.0
230.0,321.0,159.0,93.0
249.0,324.0,151.0,89.0
259.0,322.0,151.0,89.0
275.0,321.0,151.0,89.0
287.0,319.0,151.0,89.0
300.0,319.0,144.0,85.0
308.0,321.0,144.0,85.0
318.0,312.0,151.0,89.0
331.0,314.0,144.0,85.0
353.0,313.0,144.0,85.0
369.0,312.0,144.0,85.0
388.0,312.0,144.0,85.0
408.0,313.0,137.0,81.0
429.0,316.0,137.0,81.0
449.0,315.0,137.0,81.0
465.0,316.0,137.0,81.0
483.0,313.0,137.0,81.0
498.0,313.0,137.0,81.0
523.0,314.0,137.0,81.0
543.0,312.0,137.0,81.0
564.0,315.0,130.0,77.0
584.0,314.0,124.0,73.0
605.0,311.0,124.0,73.0
621.0,310.0,124.0,73.0
633.0,310.0,124.0,73.0
635.0,308.0,124.0,73.0
681.0,290.0,107.0,79.0
697.0,293.0,102.0,75.0
705.0,291.0,102.0,75.0
716.0,297.0,102.0,75.0
725.0,296.0,102.0,75.0
725.0,291.0,102.0,75.0
726.0,296.0,102.0,75.0
767.0,271.0,80.0,99.0
761.0,273.0,80.0,99.0
755.0,278.0,80.0,99.0
752.0,279.0,80.0,99.0
799.0,273.0,71.0,80.0
803.0,273.0,71.0,80.0
806.0,271.0,71.0,80.0
812.0,256.0,64.0,85.0
809.0,255.0,64.0,85.0
809.0,255.0,64.0,85.0
829.0,263.0,45.0,73.0
822.0,278.0,45.0,60.0
819.0,276.0,45.0,60.0
827.0,270.0,55.0,66.0
827.0,271.0,55.0,66.0
827.0,265.0,50.0,67.0
828.0,270.0,50.0,67.0
828.0,269.0,50.0,67.0
815.0,263.0,59.0,70.0
808.0,267.0,59.0,70.0
806.0,265.0,59.0,70.0
801.0,260.0,59.0,70.0
800.0,260.0,59.0,70.0
796.0,260.0,59.0,70.0
798.0,260.0,59.0,70.0
802.0,260.0,59.0,70.0
788.0,266.0,86.0,68.0
791.0,265.0,86.0,68.0
776.0,260.0,89.0,50.0
779.0,260.0,89.0,50.0
764.0,263.0,88.0,54.0
757.0,266.0,88.0,54.0
753.0,266.0,88.0,54.0
750.0,266.0,88.0,54.0
727.0,259.0,102.0,59.0
727.0,261.0,102.0,59.0
726.0,251.0,83.0,58.0
730.0,253.0,83.0,58.0
705.0,253.0,71.0,44.0
706.0,251.0,71.0,44.0
683.0,251.0,90.0,54.0
673.0,246.0,90.0,54.0
664.0,252.0,94.0,55.0
657.0,246.0,99.0,58.0
631.0,244.0,91.0,51.0
642.0,242.0,96.0,54.0
609.0,236.0,81.0,53.0
608.0,239.0,81.0,53.0
583.0,236.0,96.0,54.0
566.0,237.0,105.0,56.0
560.0,238.0,105.0,56.0
553.0,236.0,87.0,40.0
541.0,235.0,83.0,38.0
529.0,233.0,83.0,38.0
518.0,234.0,79.0,36.0
507.0,234.0,75.0,35.0
490.0,234.0,75.0,35.0
472.0,230.0,79.0,36.0
455.0,237.0,83.0,38.0
445.0,233.0,83.0,38.0
430.0,235.0,83.0,38.0
421.0,233.0,83.0,38.0
421.0,230.0,83.0,38.0
464.0,235.0,83.0,38.0
480.0,235.0,83.0,38.0
467.0,235.0,83.0,38.0
474.0,235.0,83.0,38.0
480.0,235.0,83.0,38.0
487.0,238.0,83.0,38.0
498.0,241.0,79.0,36.0
507.0,240.0,79.0,36.0
511.0,242.0,79.0,36.0
511.0,245.0,79.0,36.0
520.0,248.0,79.0,36.0
537.0,253.0,79.0,36.0
547.0,255.0,83.0,38.0
558.0,259.0,83.0,38.0
564.0,264.0,79.0,36.0
568.0,269.0,79.0,36.0
558.0,268.0,79.0,36.0
557.0,269.0,79.0,36.0
578.0,263.0,62.0,49.0
584.0,265.0,62.0,49.0
585.0,266.0,65.0,51.0
588.0,263.0,65.0,51.0
587.0,264.0,65.0,51.0
583.0,267.0,65.0,51.0
578.0,266.0,65.0,51.0
572.0,269.0,65.0,51.0
568.0,268.0,65.0,51.0
563.0,269.0,65.0,51.0
555.0,269.0,65.0,51.0
543.0,270.0,68.0,54.0
537.0,270.0,68.0,54.0
531.0,272.0,65.0,51.0
520.0,273.0,65.0,51.0
513.0,272.0,65.0,51.0
499.0,276.0,65.0,51.0
493.0,278.0,62.0,49.0
475.0,268.0,62.0,49.0
467.0,271.0,65.0,51.0
469.0,274.0,65.0,51.0
474.0,276.0,65.0,51.0
479.0,277.0,68.0,54.0
492.0,277.0,68.0,54.0
470.0,275.0,64.0,73.0
486.0,276.0,64.0,73.0
470.0,278.0,75.0,73.0
469.0,281.0,75.0,73.0
469.0,283.0,75.0,73.0
470.0,283.0,75.0,73.0
470.0,284.0,75.0,73.0
471.0,284.0,75.0,73.0
474.0,284.0,75.0,73.0
479.0,285.0,75.0,73.0
478.0,288.0,79.0,77.0
472.0,290.0,83.0,80.0
446.0,289.0,109.0,80.0
445.0,289.0,109.0,80.0
445.0,289.0,109.0,80.0
448.0,290.0,109.0,80.0
439.0,293.0,114.0,84.0
434.0,291.0,114.0,84.0
418.0,287.0,120.0,88.0
410.0,288.0,120.0,88.0
398.0,292.0,120.0,88.0
391.0,291.0,120.0,88.0
388.0,292.0,120.0,88.0
388.0,292.0,120.0,88.0
388.0,295.0,120.0,88.0
382.0,293.0,126.0,93.0
381.0,290.0,132.0,97.0
380.0,288.0,139.0,102.0
380.0,291.0,139.0,102.0
386.0,288.0,139.0,102.0
393.0,288.0,139.0,102.0
401.0,289.0,139.0,102.0
413.0,298.0,132.0,97.0
418.0,298.0,139.0,102.0
435.0,300.0,139.0,102.0
448.0,299.0,139.0,102.0
458.0,299.0,139.0,102.0
478.0,318.0,136.0,65.0
479.0,319.0,136.0,65.0
485.0,318.0,136.0,65.0
496.0,322.0,130.0,62.0
499.0,324.0,136.0,65.0
502.0,327.0,130.0,62.0
506.0,325.0,136.0,65.0
511.0,326.0,136.0,65.0
514.0,323.0,143.0,68.0
523.0,326.0,136.0,65.0
533.0,328.0,136.0,65.0
540.0,328.0,136.0,65.0
543.0,331.0,136.0,65.0
544.0,329.0,143.0,68.0
578.0,312.0,88.0,84.0
580.0,314.0,88.0,84.0
584.0,317.0,88.0,84.0
586.0,316.0,88.0,84.0
586.0,316.0,88.0,84.0
590.0,315.0,88.0,84.0
592.0,314.0,88.0,84.0
593.0,316.0,88.0,84.0
597.0,315.0,88.0,84.0
595.0,315.0,88.0,84.0
591.0,317.0,88.0,84.0
590.0,321.0,88.0,84.0
588.0,316.0,88.0,84.0
584.0,313.0,84.0,80.0
583.0,311.0,80.0,76.0
579.0,312.0,76.0,73.0
579.0,316.0,72.0,69.0
582.0,319.0,72.0,69.0
581.0,319.0,72.0,69.0
554.0,314.0,98.0,80.0
557.0,313.0,98.0,80.0
557.0,312.0,98.0,80.0
554.0,313.0,98.0,80.0
554.0,312.0,98.0,80.0
558.0,309.0,103.0,84.0
562.0,312.0,103.0,84.0
566.0,315.0,103.0,84.0
550.0,307.0,79.0,83.0
555.0,311.0,79.0,83.0
553.0,311.0,79.0,83.0
555.0,312.0,79.0,83.0
557.0,313.0,79.0,83.0
560.0,312.0,79.0,83.0
560.0,311.0,79.0,83.0
557.0,312.0,79.0,83.0
557.0,311.0,79.0,83.0
553.0,313.0,75.0,79.0
552.0,313.0,72.0,75.0
555.0,314.0,68.0,72.0
561.0,315.0,65.0,68.0
562.0,314.0,65.0,68.0
564.0,312.0,65.0,68.0
563.0,311.0,65.0,68.0
561.0,308.0,65.0,68.0
566.0,308.0,65.0,68.0
566.0,305.0,65.0,68.0
568.0,303.0,65.0,68.0
569.0,301.0,65.0,68.0
570.0,298.0,65.0,68.0
571.0,281.0,68.0,72.0
572.0,281.0,68.0,72.0
575.0,280.0,68.0,72.0
574.0,290.0,68.0,72.0
576.0,290.0,68.0,72.0
575.0,291.0,65.0,68.0
574.0,293.0,65.0,68.0
576.0,291.0,65.0,68.0
575.0,289.0,65.0,68.0
578.0,294.0,62.0,65.0
581.0,295.0,59.0,62.0
580.0,293.0,59.0,62.0
583.0,293.0,59.0,62.0
586.0,294.0,59.0,62.0
587.0,296.0,59.0,62.0
588.0,296.0,62.0,65.0
593.0,291.0,62.0,65.0
596.0,294.0,62.0,65.0
602.0,292.0,62.0,65.0
607.0,291.0,62.0,65.0
612.0,291.0,62.0,65.0
624.0,291.0,62.0,65.0
634.0,289.0,62.0,65.0
642.0,286.0,62.0,65.0
650.0,286.0,62.0,65.0
661.0,286.0,65.0,68.0
662.0,285.0,68.0,72.0
657.0,286.0,72.0,75.0
657.0,285.0,75.0,79.0
672.0,288.0,83.0,52.0
678.0,289.0,83.0,52.0
681.0,293.0,83.0,52.0
696.0,283.0,92.0,64.0
704.0,288.0,92.0,64.0
707.0,276.0,89.0,68.0
715.0,278.0,89.0,68.0
724.0,276.0,89.0,54.0
721.0,282.0,89.0,54.0
721.0,283.0,89.0,54.0
0
0
0
0
0
0
0
0
0
0
0
0
0
0
0
0
0
0
739.0,296.0,48.0,56.0
733.0,301.0,48.0,56.0
729.0,301.0,48.0,56.0
720.0,300.0,48.0,56.0
718.0,300.0,48.0,56.0
712.0,300.0,48.0,56.0
713.0,301.0,48.0,56.0
712.0,301.0,48.0,56.0
710.0,302.0,48.0,56.0
712.0,301.0,48.0,56.0
712.0,302.0,48.0,56.0
713.0,302.0,48.0,56.0
716.0,313.0,48.0,56.0
688.0,310.0,81.0,51.0
694.0,310.0,81.0,51.0
697.0,311.0,81.0,51.0
666.0,305.0,114.0,61.0
669.0,307.0,114.0,61.0
666.0,307.0,120.0,64.0
663.0,309.0,120.0,64.0
664.0,307.0,120.0,64.0
672.0,308.0,120.0,64.0
651.0,313.0,89.0,52.0
659.0,313.0,89.0,52.0
630.0,312.0,106.0,51.0
637.0,313.0,106.0,51.0
617.0,312.0,108.0,49.0
627.0,313.0,103.0,47.0
593.0,313.0,113.0,54.0
598.0,312.0,108.0,51.0
593.0,309.0,113.0,54.0
567.0,305.0,106.0,55.0
572.0,306.0,106.0,55.0
562.0,302.0,111.0,58.0
533.0,307.0,118.0,44.0
535.0,309.0,118.0,44.0
535.0,311.0,118.0,44.0
524.0,296.0,74.0,59.0
528.0,297.0,74.0,59.0
498.0,296.0,80.0,60.0
493.0,297.0,80.0,60.0
488.0,298.0,80.0,60.0
478.0,297.0,80.0,60.0
474.0,299.0,76.0,57.0
467.0,299.0,73.0,54.0
459.0,300.0,69.0,52.0
451.0,298.0,73.0,54.0
445.0,293.0,76.0,57.0
440.0,291.0,76.0,57.0
440.0,293.0,73.0,54.0
434.0,292.0,73.0,54.0
433.0,292.0,73.0,54.0
430.0,292.0,73.0,54.0
427.0,292.0,76.0,57.0
424.0,289.0,76.0,57.0
435.0,270.0,43.0,63.0
437.0,275.0,43.0,63.0
435.0,275.0,43.0,63.0
437.0,273.0,43.0,63.0
433.0,273.0,45.0,66.0
432.0,274.0,45.0,66.0
429.0,277.0,45.0,66.0
423.0,271.0,45.0,66.0
404.0,257.0,57.0,60.0
395.0,266.0,65.0,63.0
396.0,264.0,65.0,63.0
391.0,265.0,65.0,63.0
381.0,262.0,65.0,63.0
377.0,258.0,65.0,63.0
373.0,258.0,65.0,63.0
363.0,264.0,65.0,63.0
358.0,264.0,65.0,63.0
355.0,264.0,65.0,63.0
343.0,264.0,65.0,63.0
315.0,269.0,79.0,54.0
309.0,271.0,79.0,54.0
308.0,272.0,79.0,54.0
358.0,277.0,83.0,57.0
407.0,283.0,83.0,57.0
418.0,281.0,83.0,57.0
439.0,284.0,83.0,57.0
469.0,288.0,83.0,57.0
480.0,285.0,83.0,57.0
504.0,285.0,79.0,54.0
526.0,287.0,79.0,54.0
539.0,286.0,79.0,54.0
558.0,288.0,79.0,54.0
575.0,293.0,79.0,54.0
585.0,295.0,79.0,54.0
599.0,298.0,79.0,54.0
617.0,302.0,79.0,54.0
635.0,303.0,79.0,54.0
651.0,302.0,79.0,54.0
664.0,305.0,79.0,54.0
676.0,300.0,79.0,54.0
702.0,304.0,44.0,60.0
712.0,302.0,44.0,60.0
722.0,305.0,44.0,60.0
730.0,306.0,44.0,60.0
741.0,302.0,44.0,60.0
742.0,306.0,44.0,60.0
742.0,307.0,44.0,60.0
748.0,306.0,38.0,56.0
747.0,308.0,38.0,56.0
748.0,308.0,38.0,56.0
743.0,304.0,43.0,49.0
744.0,305.0,43.0,49.0
741.0,309.0,43.0,49.0
735.0,308.0,43.0,49.0
729.0,306.0,41.0,47.0
729.0,301.0,41.0,47.0
723.0,304.0,43.0,49.0
717.0,304.0,43.0,49.0
700.0,306.0,67.0,50.0
699.0,305.0,67.0,50.0
697.0,305.0,67.0,50.0
691.0,305.0,67.0,50.0
685.0,306.0,67.0,50.0
678.0,303.0,67.0,50.0
670.0,304.0,67.0,50.0
664.0,302.0,67.0,50.0
666.0,304.0,64.0,48.0
655.0,303.0,64.0,48.0
651.0,302.0,64.0,48.0
652.0,303.0,64.0,48.0
645.0,299.0,61.0,45.0
641.0,304.0,61.0,45.0
642.0,303.0,61.0,45.0
636.0,300.0,61.0,45.0
634.0,301.0,61.0,45.0
635.0,302.0,61.0,45.0
633.0,302.0,61.0,45.0
644.0,303.0,36.0,49.0
648.0,303.0,36.0,49.0
645.0,302.0,36.0,49.0
645.0,303.0,36.0,49.0
646.0,301.0,36.0,49.0
645.0,302.0,36.0,49.0
645.0,302.0,36.0,49.0
646.0,297.0,36.0,49.0
649.0,296.0,36.0,49.0
648.0,297.0,36.0,49.0
651.0,296.0,36.0,49.0
650.0,296.0,36.0,49.0
651.0,292.0,38.0,51.0
650.0,291.0,38.0,51.0
645.0,286.0,60.0,53.0
643.0,292.0,58.0,46.0
650.0,288.0,55.0,48.0
643.0,289.0,72.0,47.0
659.0,290.0,54.0,44.0
