722.0,331.0,18.0,34.0
722.0,331.0,18.0,34.0
722.0,331.0,18.0,34.0
722.0,331.0,18.0,34.0
721.0,331.0,18.0,34.0
721.0,331.0,18.0,34.0
721.0,331.0,18.0,34.0
721.0,331.0,18.0,34.0
721.0,331.0,18.0,34.0
721.0,331.0,18.0,34.0
720.0,331.0,18.0,34.0
720.0,331.0,18.0,34.0
720.0,331.0,18.0,34.0
720.0,331.0,18.0,34.0
720.0,331.0,18.0,33.0
720.0,331.0,18.0,34.0
720.0,331.0,18.0,34.0
719.0,331.0,18.0,34.0
719.0,331.0,18.0,34.0
719.0,331.0,18.0,33.0
719.0,331.0,18.0,34.0
719.0,331.0,18.0,34.0
718.0,331.0,18.0,34.0
718.0,331.0,18.0,34.0
718.0,331.0,17.0,33.0
717.0,331.0,18.0,34.0
717.0,331.0,18.0,34.0
717.0,331.0,18.0,34.0
717.0,331.0,18.0,34.0
717.0,331.0,18.0,33.0
717.0,331.0,18.0,33.0
717.0,331.0,18.0,33.0
717.0,330.0,18.0,34.0
716.0,330.0,18.0,34.0
716.0,331.0,17.0,33.0
716.0,330.0,18.0,33.0
716.0,330.0,18.0,33.0
716.0,330.0,18.0,33.0
716.0,331.0,17.0,33.0
715.0,330.0,17.0,33.0
715.0,330.0,18.0,33.0
715.0,330.0,18.0,33.0
715.0,330.0,18.0,33.0
715.0,330.0,17.0,33.0
714.0,330.0,18.0,33.0
714.0,329.0,18.0,33.0
714.0,329.0,18.0,33.0
714.0,329.0,18.0,33.0
713.0,329.0,18.0,33.0
713.0,329.0,18.0,33.0
713.0,329.0,18.0,33.0
713.0,329.0,18.0,33.0
713.0,329.0,18.0,33.0
712.0,329.0,18.0,33.0
712.0,329.0,17.0,33.0
712.0,329.0,17.0,33.0
712.0,329.0,17.0,33.0
712.0,328.0,18.0,33.0
711.0,328.0,18.0,33.0
711.0,328.0,18.0,33.0
711.0,328.0,18.0,33.0
711.0,328.0,18.0,33.0
711.0,328.0,17.0,33.0
711.0,328.0,18.0,33.0
710.0,328.0,18.0,33.0
710.0,328.0,17.0,33.0
710.0,327.0,18.0,33.0
710.0,327.0,18.0,33.0
710.0,328.0,17.0,33.0
710.0,327.0,18.0,33.0
709.0,327.0,17.0,33.0
709.0,327.0,18.0,33.0
709.0,327.0,18.0,33.0
709.0,328.0,17.0,32.0
709.0,326.0,18.0,33.0
709.0,326.0,18.0,33.0
709.0,326.0,18.0,33.0
708.0,326.0,18.0,34.0
708.0,326.0,18.0,33.0
708.0,326.0,18.0,33.0
708.0,326.0,17.0,33.0
708.0,326.0,17.0,33.0
708.0,325.0,17.0,33.0
708.0,325.0,18.0,33.0
708.0,326.0,17.0,32.0
708.0,325.0,18.0,33.0
708.0,325.0,18.0,33.0
708.0,325.0,18.0,33.0
708.0,324.0,17.0,33.0
708.0,325.0,17.0,33.0
707.0,324.0,18.0,33.0
707.0,324.0,18.0,33.0
707.0,324.0,18.0,33.0
707.0,323.0,18.0,33.0
707.0,323.0,18.0,33.0
707.0,324.0,17.0,33.0
707.0,324.0,17.0,33.0
707.0,323.0,18.0,33.0
707.0,322.0,18.0,34.0
708.0,323.0,17.0,33.0
708.0,322.0,18.0,33.0
708.0,322.0,18.0,33.0
708.0,322.0,18.0,33.0
708.0,322.0,18.0,33.0
708.0,321.0,18.0,33.0
708.0,321.0,18.0,34.0
708.0,321.0,18.0,34.0
708.0,321.0,18.0,34.0
708.0,321.0,18.0,33.0
708.0,321.0,18.0,33.0
708.0,321.0,18.0,33.0
708.0,321.0,18.0,33.0
708.0,321.0,18.0,33.0
708.0,321.0,18.0,33.0
708.0,320.0,18.0,33.0
708.0,320.0,18.0,33.0
708.0,320.0,18.0,33.0
708.0,320.0,18.0,33.0
708.0,320.0,18.0,33.0
708.0,320.0,17.0,33.0
708.0,319.0,18.0,33.0
708.0,319.0,18.0,33.0
708.0,319.0,18.0,33.0
708.0,319.0,18.0,34.0
708.0,319.0,18.0,33.0
708.0,319.0,18.0,33.0
708.0,319.0,18.0,33.0
708.0,319.0,18.0,33.0
708.0,319.0,18.0,33.0
708.0,319.0,18.0,34.0
708.0,319.0,18.0,33.0
708.0,318.0,18.0,33.0
708.0,319.0,18.0,33.0
708.0,318.0,18.0,33.0
708.0,318.0,18.0,33.0
708.0,318.0,18.0,33.0
708.0,318.0,18.0,34.0
708.0,318.0,18.0,33.0
708.0,318.0,18.0,34.0
708.0,318.0,18.0,34.0
708.0,318.0,18.0,34.0
709.0,318.0,18.0,33.0
709.0,318.0,18.0,33.0
709.0,318.0,18.0,33.0
708.0,317.0,18.0,34.0
708.0,317.0,18.0,34.0
708.0,317.0,18.0,34.0
709.0,317.0,18.0,33.0
709.0,317.0,18.0,33.0
708.0,317.0,18.0,34.0
708.0,317.0,18.0,34.0
709.0,317.0,18.0,34.0
708.0,317.0,18.0,34.0
708.0,317.0,18.0,34.0
708.0,317.0,18.0,34.0
708.0,317.0,18.0,34.0
708.0,317.0,18.0,34.0
708.0,317.0,18.0,33.0
708.0,316.0,18.0,33.0
708.0,316.0,18.0,34.0
708.0,316.0,18.0,34.0
708.0,316.0,18.0,34.0
708.0,316.0,18.0,34.0
708.0,316.0,18.0,33.0
708.0,316.0,18.0,33.0
708.0,316.0,18.0,33.0
709.0,316.0,18.0,33.0
708.0,316.0,18.0,34.0
708.0,316.0,18.0,34.0
709.0,316.0,18.0,33.0
709.0,316.0,18.0,33.0
709.0,316.0,18.0,33.0
709.0,316.0,18.0,34.0
709.0,316.0,18.0,33.0
709.0,315.0,18.0,34.0
709.0,315.0,18.0,34.0
709.0,315.0,18.0,34.0
709.0,315.0,18.0,34.0
709.0,315.0,18.0,34.0
709.0,315.0,18.0,34.0
709.0,315.0,18.0,34.0
709.0,315.0,18.0,34.0
709.0,315.0,18.0,34.0
709.0,315.0,18.0,33.0
709.0,315.0,18.0,34.0
709.0,315.0,18.0,34.0
709.0,314.0,18.0,34.0
709.0,314.0,18.0,33.0
709.0,314.0,18.0,33.0
709.0,314.0,18.0,34.0
709.0,314.0,18.0,34.0
709.0,314.0,18.0,34.0
709.0,314.0,18.0,34.0
709.0,313.0,18.0,34.0
709.0,313.0,18.0,34.0
709.0,313.0,18.0,34.0
709.0,313.0,18.0,34.0
709.0,313.0,18.0,34.0
709.0,313.0,18.0,33.0
709.0,313.0,18.0,33.0
709.0,313.0,18.0,33.0
709.0,313.0,18.0,33.0
709.0,313.0,18.0,34.0
709.0,313.0,18.0,34.0
709.0,313.0,18.0,33.0
709.0,313.0,18.0,33.0
709.0,312.0,18.0,33.0
709.0,312.0,18.0,33.0
709.0,312.0,18.0,33.0
709.0,312.0,18.0,33.0
709.0,312.0,18.0,33.0
709.0,312.0,18.0,34.0
709.0,312.0,18.0,34.0
709.0,312.0,18.0,34.0
708.0,311.0,18.0,33.0
708.0,311.0,18.0,33.0
708.0,311.0,18.0,33.0
708.0,311.0,18.0,33.0
708.0,311.0,18.0,33.0
708.0,311.0,18.0,34.0
708.0,311.0,18.0,34.0
708.0,311.0,18.0,34.0
708.0,311.0,18.0,34.0
708.0,311.0,18.0,34.0
708.0,311.0,18.0,34.0
708.0,311.0,18.0,34.0
708.0,311.0,18.0,34.0
708.0,310.0,18.0,34.0
708.0,310.0,18.0,34.0
707.0,310.0,18.0,34.0
707.0,310.0,18.0,34.0
707.0,310.0,18.0,34.0
707.0,310.0,18.0,34.0
707.0,310.0,18.0,34.0
707.0,310.0,18.0,34.0
707.0,310.0,18.0,34.0
707.0,310.0,18.0,34.0
707.0,309.0,18.0,34.0
707.0,309.0,18.0,34.0
707.0,309.0,18.0,34.0
707.0,309.0,18.0,34.0
707.0,309.0,18.0,34.0
707.0,309.0,18.0,34.0
706.0,309.0,18.0,34.0
706.0,309.0,18.0,33.0
706.0,309.0,18.0,33.0
706.0,309.0,18.0,33.0
706.0,309.0,18.0,34.0
706.0,309.0,18.0,33.0
706.0,309.0,18.0,33.0
706.0,309.0,18.0,33.0
706.0,308.0,18.0,34.0
706.0,308.0,18.0,34.0
706.0,308.0,18.0,34.0
706.0,308.0,18.0,34.0
706.0,308.0,18.0,34.0
706.0,308.0,18.0,34.0
706.0,308.0,18.0,34.0
706.0,308.0,18.0,34.0
706.0,308.0,18.0,34.0
706.0,308.0,18.0,34.0
706.0,307.0,18.0,34.0
706.0,308.0,18.0,33.0
706.0,308.0,18.0,33.0
706.0,308.0,18.0,33.0
706.0,308.0,18.0,33.0
706.0,307.0,18.0,33.0
706.0,307.0,18.0,34.0
706.0,307.0,18.0,33.0
706.0,307.0,18.0,33.0
706.0,307.0,18.0,33.0
706.0,307.0,18.0,33.0
706.0,307.0,18.0,33.0
706.0,307.0,18.0,33.0
706.0,307.0,18.0,33.0
706.0,307.0,18.0,33.0
706.0,307.0,18.0,33.0
705.0,307.0,18.0,33.0
705.0,307.0,18.0,33.0
705.0,306.0,18.0,34.0
705.0,306.0,18.0,34.0
705.0,306.0,18.0,33.0
705.0,306.0,18.0,33.0
705.0,306.0,18.0,33.0
705.0,306.0,18.0,33.0
705.0,306.0,18.0,33.0
705.0,306.0,18.0,33.0
705.0,306.0,18.0,33.0
705.0,306.0,18.0,34.0
705.0,306.0,18.0,33.0
705.0,306.0,18.0,33.0
705.0,306.0,18.0,33.0
705.0,305.0,18.0,34.0
705.0,305.0,18.0,34.0
705.0,305.0,18.0,33.0
705.0,305.0,18.0,33.0
705.0,305.0,18.0,33.0
705.0,305.0,18.0,33.0
705.0,305.0,18.0,33.0
705.0,305.0,17.0,33.0
705.0,305.0,17.0,33.0
705.0,305.0,18.0,33.0
705.0,305.0,18.0,33.0
705.0,305.0,18.0,33.0
705.0,305.0,18.0,34.0
705.0,305.0,18.0,33.0
705.0,305.0,18.0,33.0
704.0,305.0,18.0,33.0
704.0,305.0,18.0,33.0
704.0,305.0,17.0,33.0
704.0,305.0,17.0,33.0
704.0,305.0,17.0,33.0
704.0,305.0,18.0,33.0
704.0,305.0,17.0,33.0
704.0,304.0,18.0,33.0
704.0,304.0,18.0,33.0
704.0,304.0,18.0,33.0
704.0,304.0,18.0,34.0
704.0,304.0,17.0,33.0
704.0,304.0,18.0,33.0
704.0,304.0,18.0,33.0
704.0,304.0,18.0,33.0
704.0,304.0,18.0,33.0
704.0,304.0,17.0,33.0
704.0,304.0,17.0,33.0
704.0,304.0,17.0,33.0
704.0,304.0,17.0,33.0
704.0,303.0,18.0,34.0
704.0,303.0,18.0,33.0
704.0,303.0,18.0,33.0
704.0,303.0,18.0,33.0
704.0,303.0,18.0,33.0
704.0,303.0,17.0,33.0
704.0,303.0,17.0,33.0
704.0,303.0,18.0,33.0
704.0,303.0,17.0,33.0
704.0,303.0,17.0,33.0
704.0,302.0,18.0,34.0
704.0,302.0,18.0,33.0
704.0,303.0,17.0,33.0
704.0,303.0,17.0,33.0
704.0,303.0,17.0,33.0
704.0,303.0,17.0,33.0
704.0,302.0,17.0,33.0
704.0,302.0,17.0,33.0
704.0,302.0,17.0,33.0
704.0,302.0,17.0,33.0
704.0,302.0,17.0,33.0
704.0,302.0,18.0,34.0
704.0,302.0,18.0,33.0
704.0,302.0,18.0,33.0
704.0,301.0,18.0,33.0
704.0,301.0,18.0,33.0
704.0,302.0,17.0,33.0
703.0,302.0,17.0,33.0
704.0,302.0,17.0,33.0
703.0,301.0,18.0,33.0
703.0,301.0,18.0,33.0
703.0,301.0,17.0,33.0
703.0,301.0,18.0,34.0
703.0,301.0,18.0,33.0
703.0,301.0,18.0,33.0
703.0,301.0,18.0,33.0
703.0,301.0,18.0,33.0
703.0,301.0,18.0,33.0
703.0,301.0,18.0,33.0
703.0,301.0,18.0,33.0
703.0,301.0,17.0,33.0
702.0,300.0,18.0,34.0
703.0,300.0,18.0,33.0
703.0,300.0,18.0,33.0
703.0,300.0,18.0,33.0
702.0,300.0,18.0,33.0
702.0,300.0,18.0,33.0
702.0,300.0,18.0,33.0
702.0,300.0,18.0,33.0
702.0,300.0,18.0,33.0
702.0,300.0,17.0,33.0
702.0,300.0,17.0,33.0
702.0,300.0,17.0,33.0
702.0,300.0,17.0,33.0
702.0,300.0,17.0,33.0
702.0,300.0,17.0,33.0
702.0,300.0,18.0,33.0
702.0,300.0,17.0,33.0
702.0,300.0,18.0,33.0
702.0,300.0,18.0,33.0
701.0,300.0,17.0,33.0
701.0,300.0,17.0,33.0
701.0,300.0,17.0,33.0
701.0,300.0,18.0,33.0
701.0,300.0,17.0,33.0
701.0,299.0,17.0,33.0
701.0,299.0,17.0,33.0
701.0,299.0,17.0,33.0
701.0,299.0,17.0,33.0
701.0,299.0,17.0,33.0
701.0,299.0,17.0,33.0
701.0,299.0,18.0,33.0
701.0,299.0,18.0,33.0
700.0,299.0,17.0,33.0
701.0,299.0,17.0,33.0
700.0,299.0,17.0,33.0
700.0,299.0,17.0,33.0
701.0,299.0,17.0,33.0
700.0,298.0,18.0,33.0
700.0,298.0,17.0,33.0
700.0,298.0,17.0,33.0
700.0,298.0,17.0,33.0
700.0,298.0,17.0,33.0
700.0,298.0,17.0,33.0
700.0,298.0,17.0,33.0
700.0,298.0,17.0,33.0
700.0,297.0,18.0,33.0
700.0,297.0,18.0,33.0
700.0,297.0,17.0,33.0
700.0,297.0,17.0,33.0
700.0,297.0,18.0,33.0
700.0,297.0,17.0,33.0
700.0,297.0,17.0,33.0
700.0,297.0,17.0,33.0
700.0,297.0,17.0,33.0
700.0,297.0,17.0,33.0
700.0,296.0,18.0,34.0
700.0,296.0,18.0,34.0
700.0,296.0,18.0,33.0
700.0,296.0,18.0,33.0
700.0,296.0,17.0,33.0
700.0,296.0,18.0,33.0
700.0,296.0,17.0,33.0
700.0,296.0,18.0,34.0
700.0,296.0,18.0,33.0
700.0,296.0,18.0,33.0
700.0,296.0,18.0,33.0
700.0,296.0,18.0,33.0
700.0,296.0,18.0,33.0
700.0,296.0,17.0,33.0
700.0,295.0,18.0,33.0
700.0,295.0,18.0,33.0
700.0,295.0,18.0,33.0
700.0,295.0,18.0,33.0
700.0,295.0,18.0,33.0
700.0,295.0,17.0,33.0
700.0,295.0,18.0,34.0
700.0,295.0,18.0,34.0
700.0,295.0,18.0,33.0
700.0,295.0,18.0,33.0
700.0,295.0,18.0,33.0
700.0,294.0,18.0,33.0
700.0,294.0,18.0,33.0
700.0,294.0,18.0,33.0
700.0,294.0,18.0,33.0
700.0,294.0,18.0,33.0
700.0,294.0,17.0,33.0
700.0,294.0,17.0,33.0
700.0,294.0,18.0,33.0
700.0,294.0,18.0,33.0
700.0,294.0,17.0,33.0
700.0,294.0,17.0,33.0
700.0,294.0,17.0,33.0
700.0,294.0,17.0,33.0
699.0,293.0,18.0,33.0
699.0,293.0,18.0,33.0
699.0,293.0,18.0,33.0
699.0,293.0,18.0,33.0
699.0,293.0,18.0,33.0
699.0,293.0,18.0,33.0
699.0,293.0,17.0,33.0
699.0,293.0,17.0,33.0
699.0,293.0,17.0,33.0
699.0,293.0,17.0,33.0
699.0,293.0,17.0,33.0
699.0,293.0,17.0,33.0
699.0,293.0,17.0,33.0
699.0,293.0,17.0,33.0
699.0,292.0,18.0,33.0
699.0,292.0,18.0,33.0
699.0,292.0,17.0,33.0
699.0,292.0,17.0,33.0
699.0,292.0,17.0,33.0
698.0,292.0,17.0,33.0
698.0,292.0,17.0,33.0
698.0,292.0,17.0,33.0
698.0,292.0,17.0,33.0
698.0,292.0,17.0,33.0
698.0,292.0,17.0,33.0
698.0,292.0,17.0,33.0
698.0,292.0,17.0,33.0
698.0,292.0,17.0,33.0
698.0,292.0,17.0,33.0
698.0,292.0,17.0,33.0
698.0,292.0,17.0,33.0
697.0,291.0,18.0,33.0
697.0,292.0,17.0,33.0
697.0,292.0,17.0,33.0
697.0,291.0,17.0,33.0
697.0,291.0,17.0,33.0
697.0,291.0,17.0,33.0
697.0,291.0,17.0,33.0
697.0,291.0,17.0,33.0
697.0,291.0,18.0,33.0
696.0,291.0,17.0,33.0
696.0,291.0,17.0,33.0
696.0,291.0,17.0,33.0
696.0,291.0,17.0,33.0
696.0,291.0,17.0,33.0
696.0,291.0,17.0,33.0
696.0,290.0,18.0,33.0
696.0,290.0,18.0,33.0
696.0,290.0,17.0,33.0
696.0,290.0,17.0,33.0
696.0,290.0,17.0,33.0
696.0,290.0,17.0,33.0
696.0,290.0,17.0,33.0
696.0,290.0,17.0,33.0
697.0,290.0,17.0,33.0
697.0,290.0,18.0,33.0
697.0,290.0,17.0,33.0
697.0,289.0,17.0,33.0
697.0,289.0,17.0,33.0
698.0,289.0,18.0,34.0
698.0,289.0,17.0,33.0
698.0,289.0,18.0,33.0
699.0,289.0,17.0,33.0
699.0,289.0,17.0,33.0
699.0,289.0,17.0,33.0
699.0,289.0,17.0,33.0
700.0,289.0,17.0,33.0
700.0,289.0,17.0,33.0
700.0,289.0,17.0,33.0
700.0,288.0,17.0,33.0
701.0,289.0,17.0,33.0
701.0,288.0,17.0,33.0
701.0,288.0,18.0,33.0
701.0,288.0,18.0,33.0
702.0,288.0,17.0,33.0
703.0,288.0,17.0,33.0
704.0,288.0,18.0,33.0
706.0,288.0,17.0,33.0
706.0,288.0,17.0,33.0
708.0,288.0,17.0,33.0
709.0,288.0,18.0,33.0
711.0,288.0,17.0,33.0
712.0,287.0,18.0,33.0
712.0,287.0,18.0,33.0
714.0,288.0,17.0,33.0
716.0,288.0,17.0,33.0
717.0,288.0,17.0,33.0
719.0,287.0,17.0,33.0
719.0,287.0,17.0,33.0
720.0,287.0,17.0,33.0
722.0,287.0,17.0,33.0
724.0,287.0,18.0,34.0
725.0,287.0,18.0,33.0
725.0,287.0,18.0,33.0
727.0,287.0,17.0,33.0
728.0,287.0,18.0,33.0
730.0,287.0,17.0,33.0
732.0,287.0,17.0,33.0
732.0,287.0,17.0,33.0
733.0,287.0,17.0,33.0
735.0,287.0,18.0,33.0
736.0,287.0,17.0,33.0
738.0,287.0,17.0,33.0
738.0,287.0,17.0,33.0
739.0,287.0,18.0,33.0
741.0,287.0,18.0,33.0
742.0,287.0,18.0,33.0
744.0,286.0,18.0,33.0
744.0,286.0,18.0,33.0
745.0,286.0,18.0,33.0
747.0,286.0,18.0,33.0
749.0,287.0,17.0,33.0
750.0,286.0,18.0,33.0
750.0,286.0,18.0,33.0
752.0,287.0,17.0,33.0
753.0,287.0,17.0,33.0
755.0,286.0,18.0,33.0
756.0,287.0,17.0,33.0
756.0,287.0,17.0,33.0
758.0,287.0,17.0,33.0
760.0,286.0,18.0,34.0
761.0,287.0,17.0,33.0
763.0,287.0,17.0,33.0
763.0,287.0,17.0,33.0
764.0,287.0,17.0,33.0
766.0,286.0,18.0,33.0
768.0,287.0,17.0,33.0
769.0,287.0,17.0,33.0
769.0,287.0,17.0,33.0
771.0,287.0,18.0,33.0
773.0,287.0,18.0,33.0
774.0,287.0,17.0,33.0
776.0,287.0,18.0,33.0
776.0,287.0,18.0,33.0
777.0,287.0,18.0,33.0
779.0,287.0,18.0,33.0
780.0,287.0,17.0,33.0
782.0,287.0,18.0,33.0
782.0,287.0,18.0,33.0
784.0,287.0,18.0,33.0
785.0,287.0,17.0,33.0
787.0,287.0,18.0,33.0
788.0,288.0,18.0,33.0
788.0,287.0,18.0,33.0
790.0,287.0,18.0,33.0
791.0,288.0,17.0,33.0
793.0,288.0,18.0,33.0
793.0,288.0,18.0,33.0
794.0,288.0,18.0,33.0
796.0,288.0,18.0,33.0
797.0,288.0,18.0,33.0
799.0,288.0,18.0,34.0
800.0,288.0,18.0,33.0
800.0,288.0,18.0,33.0
802.0,288.0,18.0,33.0
803.0,288.0,18.0,33.0
805.0,288.0,18.0,33.0
806.0,288.0,17.0,33.0
806.0,288.0,17.0,33.0
807.0,288.0,18.0,33.0
808.0,289.0,17.0,33.0
809.0,289.0,18.0,33.0
809.0,289.0,18.0,33.0
810.0,289.0,18.0,33.0
811.0,289.0,18.0,33.0
811.0,289.0,18.0,33.0
811.0,289.0,18.0,33.0
811.0,289.0,18.0,33.0
811.0,289.0,18.0,33.0
811.0,289.0,18.0,33.0
811.0,289.0,18.0,33.0
812.0,289.0,18.0,33.0
812.0,289.0,18.0,33.0
812.0,289.0,17.0,33.0
812.0,289.0,18.0,33.0
812.0,289.0,18.0,33.0
812.0,289.0,17.0,33.0
812.0,289.0,17.0,33.0
812.0,290.0,17.0,33.0
813.0,290.0,17.0,33.0
813.0,290.0,17.0,33.0
813.0,290.0,17.0,33.0
813.0,290.0,17.0,33.0
813.0,290.0,17.0,33.0
813.0,290.0,17.0,33.0
814.0,290.0,17.0,33.0
814.0,290.0,17.0,33.0
814.0,290.0,17.0,33.0
814.0,290.0,17.0,33.0
814.0,290.0,17.0,33.0
814.0,290.0,17.0,33.0
815.0,290.0,17.0,33.0
815.0,290.0,17.0,33.0
815.0,290.0,17.0,33.0
815.0,290.0,17.0,33.0
816.0,290.0,17.0,33.0
816.0,290.0,17.0,33.0
816.0,290.0,17.0,33.0
816.0,290.0,17.0,33.0
817.0,290.0,17.0,33.0
817.0,290.0,17.0,33.0
818.0,290.0,17.0,33.0
818.0,290.0,17.0,33.0
818.0,290.0,17.0,33.0
818.0,290.0,17.0,33.0
818.0,290.0,17.0,33.0
819.0,290.0,17.0,33.0
819.0,290.0,17.0,33.0
819.0,290.0,17.0,33.0
819.0,290.0,17.0,33.0
820.0,290.0,18.0,33.0
820.0,290.0,17.0,33.0
820.0,290.0,17.0,33.0
821.0,290.0,17.0,33.0
821.0,290.0,17.0,33.0
821.0,290.0,17.0,33.0
822.0,291.0,17.0,33.0
822.0,291.0,17.0,33.0
822.0,291.0,17.0,33.0
822.0,290.0,17.0,33.0
823.0,290.0,17.0,33.0
823.0,291.0,17.0,33.0
823.0,291.0,17.0,33.0
823.0,291.0,17.0,33.0
824.0,291.0,17.0,33.0
824.0,291.0,17.0,33.0
824.0,291.0,17.0,33.0
824.0,291.0,17.0,33.0
825.0,291.0,17.0,33.0
825.0,291.0,17.0,33.0
826.0,290.0,17.0,33.0
826.0,291.0,17.0,33.0
826.0,291.0,17.0,33.0
826.0,291.0,17.0,33.0
827.0,290.0,17.0,33.0
827.0,291.0,17.0,33.0
828.0,290.0,17.0,33.0
828.0,290.0,17.0,33.0
828.0,291.0,17.0,32.0
828.0,291.0,17.0,33.0
829.0,290.0,18.0,34.0
829.0,291.0,17.0,33.0
829.0,291.0,17.0,33.0
830.0,290.0,18.0,34.0
830.0,291.0,17.0,33.0
831.0,291.0,17.0,33.0
831.0,290.0,18.0,33.0
831.0,290.0,18.0,33.0
832.0,291.0,17.0,33.0
832.0,291.0,17.0,33.0
832.0,291.0,17.0,33.0
833.0,291.0,17.0,33.0
833.0,291.0,17.0,33.0
833.0,291.0,17.0,33.0
834.0,291.0,17.0,33.0
834.0,291.0,17.0,33.0
835.0,291.0,17.0,33.0
835.0,291.0,17.0,33.0
835.0,291.0,17.0,33.0
835.0,290.0,18.0,33.0
836.0,290.0,18.0,33.0
836.0,290.0,18.0,33.0
836.0,290.0,18.0,33.0
837.0,291.0,18.0,33.0
837.0,291.0,18.0,33.0
838.0,291.0,17.0,33.0
838.0,291.0,17.0,33.0
838.0,291.0,17.0,33.0
838.0,290.0,18.0,33.0
839.0,290.0,18.0,34.0
839.0,291.0,17.0,33.0
840.0,291.0,17.0,33.0
840.0,291.0,17.0,33.0
840.0,291.0,18.0,33.0
841.0,291.0,17.0,33.0
841.0,290.0,18.0,33.0
842.0,291.0,17.0,33.0
842.0,290.0,18.0,33.0
842.0,291.0,17.0,33.0
843.0,291.0,17.0,32.0
843.0,290.0,17.0,33.0
844.0,291.0,17.0,33.0
844.0,291.0,17.0,33.0
844.0,290.0,18.0,33.0
845.0,291.0,17.0,33.0
845.0,291.0,17.0,33.0
845.0,291.0,17.0,33.0
845.0,291.0,17.0,33.0
845.0,289.0,18.0,34.0
847.0,291.0,17.0,33.0
847.0,290.0,18.0,33.0
848.0,290.0,17.0,33.0
848.0,290.0,17.0,33.0
848.0,290.0,17.0,33.0
849.0,290.0,17.0,33.0
849.0,290.0,18.0,33.0
849.0,290.0,18.0,33.0
849.0,290.0,18.0,33.0
850.0,291.0,17.0,33.0
850.0,290.0,18.0,33.0
851.0,291.0,17.0,33.0
852.0,291.0,17.0,32.0
852.0,291.0,17.0,32.0
852.0,291.0,17.0,33.0
853.0,291.0,17.0,33.0
853.0,290.0,18.0,33.0
853.0,291.0,18.0,33.0
854.0,291.0,17.0,33.0
854.0,291.0,17.0,33.0
855.0,291.0,18.0,33.0
855.0,291.0,17.0,32.0
855.0,291.0,17.0,33.0
856.0,291.0,17.0,33.0
856.0,291.0,17.0,33.0
856.0,291.0,17.0,33.0
856.0,291.0,18.0,33.0
857.0,291.0,17.0,33.0
857.0,291.0,17.0,33.0
858.0,291.0,17.0,33.0
858.0,291.0,18.0,33.0
859.0,291.0,17.0,33.0
859.0,291.0,17.0,33.0
859.0,291.0,17.0,33.0
859.0,291.0,17.0,33.0
860.0,291.0,18.0,33.0
860.0,291.0,18.0,33.0
861.0,292.0,17.0,33.0
861.0,291.0,17.0,33.0
861.0,291.0,17.0,33.0
862.0,292.0,17.0,33.0
863.0,292.0,17.0,33.0
863.0,292.0,17.0,33.0
863.0,292.0,17.0,33.0
863.0,292.0,17.0,33.0
864.0,292.0,17.0,33.0
864.0,292.0,17.0,33.0
865.0,292.0,18.0,33.0
865.0,292.0,17.0,33.0
865.0,292.0,17.0,33.0
865.0,289.0,19.0,36.0
867.0,292.0,17.0,33.0
867.0,292.0,17.0,33.0
866.0,292.0,17.0,33.0
867.0,292.0,18.0,33.0
867.0,292.0,17.0,33.0
867.0,292.0,17.0,33.0
867.0,292.0,17.0,33.0
867.0,292.0,17.0,33.0
867.0,291.0,18.0,34.0
867.0,292.0,18.0,33.0
868.0,292.0,18.0,33.0
868.0,292.0,17.0,33.0
868.0,292.0,17.0,33.0
867.0,290.0,19.0,36.0
868.0,292.0,18.0,33.0
868.0,292.0,18.0,33.0
868.0,292.0,17.0,33.0
868.0,292.0,17.0,33.0
868.0,292.0,18.0,33.0
868.0,290.0,19.0,35.0
870.0,293.0,17.0,33.0
870.0,292.0,18.0,33.0
870.0,292.0,18.0,33.0
870.0,292.0,18.0,33.0
871.0,293.0,17.0,33.0
870.0,290.0,19.0,36.0
870.0,291.0,19.0,35.0
870.0,291.0,19.0,35.0
871.0,293.0,18.0,33.0
871.0,291.0,19.0,36.0
872.0,292.0,18.0,34.0
872.0,293.0,18.0,33.0
872.0,293.0,18.0,33.0
873.0,293.0,18.0,33.0
873.0,293.0,18.0,33.0
873.0,293.0,18.0,33.0
873.0,293.0,18.0,33.0
873.0,293.0,18.0,33.0
874.0,293.0,18.0,33.0
874.0,293.0,18.0,33.0
874.0,292.0,18.0,34.0
875.0,293.0,18.0,33.0
875.0,293.0,18.0,33.0
875.0,293.0,17.0,33.0
875.0,293.0,17.0,33.0
875.0,293.0,18.0,33.0
876.0,293.0,17.0,33.0
876.0,293.0,17.0,33.0
875.0,293.0,18.0,33.0
876.0,293.0,18.0,33.0
876.0,291.0,19.0,36.0
876.0,293.0,18.0,33.0
876.0,293.0,18.0,33.0
877.0,293.0,18.0,33.0
877.0,293.0,18.0,33.0
877.0,293.0,18.0,33.0
877.0,293.0,18.0,33.0
878.0,293.0,18.0,33.0
878.0,293.0,18.0,33.0
878.0,294.0,18.0,33.0
878.0,293.0,18.0,33.0
879.0,293.0,18.0,33.0
879.0,293.0,18.0,33.0
879.0,294.0,18.0,33.0
879.0,293.0,18.0,33.0
880.0,294.0,18.0,33.0
880.0,294.0,18.0,33.0
880.0,294.0,18.0,33.0
880.0,293.0,18.0,33.0
880.0,293.0,18.0,33.0
881.0,294.0,18.0,34.0
881.0,294.0,18.0,34.0
881.0,293.0,18.0,33.0
881.0,294.0,18.0,33.0
882.0,294.0,18.0,33.0
882.0,294.0,18.0,33.0
882.0,294.0,18.0,33.0
882.0,294.0,18.0,33.0
883.0,294.0,18.0,33.0
883.0,294.0,18.0,33.0
883.0,294.0,18.0,34.0
883.0,294.0,18.0,34.0
884.0,294.0,18.0,33.0
884.0,294.0,17.0,33.0
884.0,294.0,18.0,33.0
885.0,294.0,18.0,33.0
884.0,294.0,18.0,33.0
885.0,295.0,18.0,33.0
885.0,295.0,18.0,33.0
885.0,295.0,18.0,33.0
885.0,294.0,18.0,33.0
886.0,294.0,18.0,33.0
886.0,294.0,18.0,34.0
886.0,294.0,18.0,34.0
886.0,295.0,18.0,33.0
886.0,295.0,18.0,33.0
886.0,295.0,18.0,33.0
886.0,295.0,17.0,33.0
886.0,295.0,17.0,33.0
886.0,295.0,17.0,33.0
886.0,295.0,17.0,33.0
886.0,295.0,18.0,33.0
886.0,295.0,18.0,33.0
886.0,295.0,18.0,33.0
886.0,295.0,18.0,33.0
886.0,295.0,18.0,33.0
886.0,295.0,18.0,33.0
885.0,295.0,18.0,33.0
886.0,295.0,18.0,33.0
886.0,295.0,18.0,33.0
886.0,295.0,18.0,33.0
886.0,295.0,18.0,33.0
885.0,295.0,18.0,33.0
886.0,295.0,18.0,33.0
886.0,295.0,18.0,33.0
886.0,295.0,18.0,33.0
886.0,295.0,18.0,34.0
886.0,295.0,18.0,34.0
886.0,295.0,18.0,33.0
885.0,295.0,18.0,34.0
886.0,295.0,18.0,34.0
886.0,295.0,18.0,33.0
886.0,296.0,18.0,33.0
886.0,296.0,18.0,33.0
886.0,296.0,17.0,33.0
886.0,296.0,17.0,33.0
886.0,296.0,17.0,33.0
885.0,296.0,18.0,33.0
885.0,296.0,18.0,33.0
885.0,296.0,18.0,33.0
885.0,296.0,18.0,33.0
885.0,296.0,18.0,33.0
885.0,296.0,18.0,33.0
885.0,296.0,18.0,33.0
885.0,296.0,18.0,33.0
885.0,296.0,17.0,33.0
885.0,296.0,17.0,33.0
885.0,296.0,18.0,33.0
885.0,296.0,18.0,33.0
885.0,296.0,18.0,33.0
885.0,296.0,18.0,34.0
885.0,296.0,18.0,34.0
885.0,296.0,18.0,33.0
885.0,296.0,18.0,33.0
885.0,296.0,18.0,33.0
885.0,297.0,17.0,33.0
885.0,297.0,18.0,33.0
885.0,297.0,17.0,33.0
885.0,296.0,18.0,34.0
885.0,297.0,18.0,33.0
885.0,297.0,18.0,33.0
886.0,297.0,18.0,33.0
886.0,297.0,17.0,33.0
888.0,297.0,18.0,33.0
890.0,297.0,17.0,33.0
892.0,297.0,18.0,34.0
892.0,297.0,18.0,34.0
894.0,297.0,18.0,33.0
896.0,298.0,18.0,33.0
898.0,298.0,18.0,33.0
900.0,298.0,18.0,33.0
900.0,298.0,18.0,33.0
902.0,298.0,17.0,33.0
905.0,298.0,18.0,34.0
907.0,298.0,18.0,33.0
910.0,299.0,18.0,33.0
910.0,299.0,17.0,33.0
912.0,299.0,18.0,33.0
913.0,299.0,18.0,33.0
916.0,299.0,18.0,33.0
918.0,299.0,17.0,33.0
918.0,299.0,17.0,33.0
921.0,299.0,18.0,33.0
923.0,299.0,18.0,34.0
925.0,300.0,18.0,33.0
927.0,300.0,18.0,33.0
928.0,300.0,17.0,33.0
929.0,300.0,18.0,33.0
930.0,299.0,18.0,35.0
933.0,300.0,17.0,33.0
935.0,300.0,18.0,33.0
933.0,300.0,18.0,33.0
936.0,300.0,18.0,34.0
937.0,301.0,17.0,33.0
939.0,300.0,18.0,34.0
941.0,301.0,18.0,33.0
941.0,301.0,18.0,33.0
942.0,301.0,18.0,33.0
944.0,301.0,18.0,33.0
945.0,301.0,18.0,33.0
946.0,301.0,18.0,34.0
946.0,301.0,18.0,34.0
947.0,301.0,18.0,34.0
949.0,302.0,17.0,33.0
948.0,301.0,18.0,33.0
951.0,302.0,17.0,33.0
951.0,302.0,17.0,33.0
950.0,302.0,18.0,33.0
951.0,302.0,18.0,33.0
953.0,302.0,18.0,34.0
953.0,302.0,18.0,33.0
953.0,302.0,18.0,33.0
955.0,303.0,17.0,33.0
955.0,302.0,18.0,33.0
957.0,303.0,18.0,33.0
958.0,302.0,18.0,34.0
958.0,302.0,18.0,34.0
959.0,302.0,18.0,34.0
960.0,302.0,18.0,34.0
960.0,303.0,18.0,34.0
962.0,303.0,18.0,33.0
962.0,303.0,18.0,33.0
961.0,303.0,18.0,33.0
963.0,303.0,18.0,34.0
964.0,304.0,18.0,33.0
964.0,303.0,18.0,34.0
964.0,303.0,18.0,34.0
965.0,303.0,18.0,34.0
967.0,304.0,18.0,33.0
967.0,303.0,18.0,34.0
968.0,304.0,17.0,33.0
968.0,304.0,18.0,33.0
967.0,304.0,18.0,33.0
969.0,304.0,18.0,34.0
969.0,304.0,18.0,34.0
970.0,304.0,18.0,34.0
969.0,304.0,18.0,34.0
970.0,304.0,18.0,34.0
971.0,304.0,18.0,34.0
972.0,305.0,18.0,33.0
973.0,305.0,18.0,34.0
973.0,305.0,18.0,34.0
973.0,305.0,18.0,34.0
974.0,305.0,18.0,34.0
974.0,305.0,18.0,34.0
975.0,305.0,18.0,34.0
975.0,305.0,18.0,34.0
975.0,306.0,18.0,34.0
976.0,306.0,18.0,34.0
977.0,306.0,18.0,34.0
977.0,306.0,18.0,34.0
977.0,306.0,18.0,34.0
978.0,306.0,18.0,34.0
979.0,306.0,18.0,34.0
979.0,306.0,18.0,34.0
981.0,307.0,18.0,34.0
981.0,307.0,18.0,34.0
980.0,307.0,18.0,34.0
977.0,306.0,22.0,35.0
978.0,306.0,22.0,35.0
978.0,306.0,22.0,35.0
978.0,306.0,22.0,35.0
979.0,307.0,22.0,35.0
980.0,307.0,22.0,35.0
981.0,307.0,22.0,35.0
981.0,307.0,22.0,35.0
981.0,307.0,22.0,35.0
982.0,307.0,22.0,35.0
983.0,307.0,22.0,35.0
984.0,307.0,22.0,35.0
984.0,308.0,22.0,35.0
984.0,308.0,22.0,35.0
985.0,308.0,22.0,35.0
986.0,308.0,22.0,35.0
986.0,308.0,22.0,35.0
987.0,308.0,22.0,35.0
987.0,308.0,22.0,35.0
988.0,309.0,22.0,35.0
989.0,309.0,22.0,35.0
990.0,309.0,22.0,35.0
990.0,309.0,22.0,35.0
990.0,309.0,22.0,35.0
991.0,309.0,22.0,35.0
992.0,309.0,22.0,35.0
992.0,309.0,22.0,35.0
993.0,309.0,22.0,35.0
993.0,309.0,22.0,36.0
994.0,309.0,22.0,36.0
994.0,309.0,22.0,36.0
995.0,309.0,22.0,36.0
996.0,310.0,22.0,36.0
996.0,310.0,22.0,36.0
997.0,310.0,22.0,35.0
997.0,310.0,22.0,36.0
998.0,310.0,22.0,36.0
999.0,310.0,22.0,35.0
999.0,310.0,22.0,35.0
999.0,311.0,22.0,35.0
1000.0,311.0,22.0,35.0
1001.0,311.0,22.0,35.0
1001.0,311.0,22.0,36.0
1001.0,311.0,22.0,36.0
1002.0,311.0,22.0,35.0
1002.0,311.0,22.0,36.0
1003.0,311.0,22.0,36.0
1004.0,311.0,22.0,35.0
1004.0,311.0,22.0,35.0
1004.0,311.0,23.0,36.0
1005.0,312.0,22.0,36.0
1005.0,312.0,23.0,36.0
1006.0,312.0,23.0,36.0
1006.0,312.0,23.0,36.0
1006.0,312.0,22.0,36.0
1007.0,312.0,22.0,36.0
1008.0,312.0,22.0,36.0
1008.0,312.0,22.0,36.0
1008.0,312.0,23.0,36.0
1009.0,313.0,22.0,36.0
1009.0,313.0,22.0,36.0
1010.0,313.0,22.0,36.0
1010.0,313.0,22.0,35.0
1010.0,313.0,22.0,35.0
1011.0,313.0,22.0,36.0
1011.0,313.0,22.0,36.0
1012.0,313.0,22.0,36.0
1012.0,313.0,22.0,36.0
1012.0,313.0,22.0,36.0
1013.0,314.0,22.0,36.0
1013.0,314.0,22.0,36.0
1014.0,314.0,23.0,36.0
1014.0,314.0,23.0,36.0
1014.0,314.0,23.0,36.0
1015.0,314.0,22.0,36.0
1016.0,314.0,22.0,36.0
1016.0,314.0,23.0,36.0
1016.0,314.0,23.0,36.0
1016.0,314.0,23.0,36.0
1017.0,315.0,23.0,36.0
1018.0,315.0,23.0,36.0
1018.0,315.0,22.0,35.0
1018.0,315.0,22.0,35.0
1018.0,315.0,22.0,36.0
1018.0,315.0,23.0,36.0
1018.0,315.0,23.0,36.0
1018.0,315.0,23.0,36.0
1018.0,315.0,23.0,36.0
1018.0,316.0,23.0,36.0
1018.0,315.0,23.0,36.0
1018.0,315.0,23.0,36.0
1018.0,316.0,23.0,36.0
1018.0,316.0,23.0,36.0
1017.0,316.0,23.0,36.0
1017.0,316.0,23.0,36.0
1017.0,316.0,23.0,36.0
1017.0,316.0,23.0,36.0
1017.0,316.0,23.0,36.0
1017.0,316.0,23.0,36.0
1017.0,316.0,23.0,36.0
1017.0,317.0,23.0,36.0
1017.0,317.0,23.0,36.0
1017.0,317.0,23.0,36.0
1017.0,317.0,23.0,36.0
1017.0,317.0,23.0,36.0
1017.0,317.0,23.0,36.0
1017.0,317.0,23.0,36.0
1017.0,317.0,23.0,36.0
1017.0,317.0,23.0,36.0
1017.0,318.0,23.0,36.0
1016.0,318.0,23.0,36.0
1016.0,318.0,23.0,36.0
1016.0,318.0,23.0,36.0
1016.0,318.0,23.0,36.0
1016.0,318.0,23.0,36.0
1016.0,318.0,23.0,36.0
1016.0,318.0,23.0,36.0
1016.0,318.0,23.0,36.0
1016.0,318.0,23.0,36.0
1016.0,319.0,23.0,36.0
1016.0,319.0,23.0,36.0
1016.0,319.0,23.0,37.0
1016.0,319.0,23.0,37.0
1016.0,319.0,23.0,36.0
1016.0,319.0,23.0,36.0
1016.0,319.0,23.0,36.0
1015.0,319.0,23.0,37.0
1015.0,319.0,23.0,36.0
1016.0,320.0,23.0,36.0
1015.0,320.0,23.0,36.0
1015.0,320.0,23.0,36.0
1015.0,320.0,23.0,36.0
1015.0,320.0,23.0,36.0
1015.0,320.0,23.0,37.0
1015.0,320.0,23.0,36.0
1015.0,320.0,23.0,36.0
1015.0,320.0,23.0,37.0
1015.0,320.0,23.0,36.0
1015.0,321.0,23.0,36.0
1015.0,321.0,23.0,36.0
1015.0,321.0,23.0,36.0
1015.0,321.0,23.0,37.0
1016.0,321.0,23.0,36.0
1015.0,321.0,23.0,37.0
1016.0,321.0,23.0,36.0
1016.0,321.0,23.0,36.0
1016.0,322.0,23.0,36.0
1016.0,322.0,23.0,36.0
1016.0,321.0,23.0,37.0
1016.0,322.0,23.0,37.0
1016.0,322.0,23.0,36.0
1016.0,322.0,23.0,37.0
1016.0,322.0,23.0,36.0
1017.0,322.0,23.0,36.0
1017.0,322.0,23.0,36.0
1017.0,322.0,23.0,36.0
1017.0,322.0,23.0,37.0
1017.0,322.0,23.0,37.0
1018.0,323.0,23.0,36.0
1018.0,323.0,23.0,36.0
1018.0,323.0,23.0,36.0
1018.0,323.0,23.0,36.0
1018.0,323.0,23.0,36.0
1019.0,323.0,23.0,37.0
1019.0,323.0,23.0,37.0
1019.0,323.0,23.0,36.0
1019.0,324.0,23.0,36.0
1019.0,324.0,23.0,36.0
1020.0,324.0,23.0,37.0
1020.0,324.0,23.0,36.0
1020.0,324.0,23.0,37.0
1021.0,324.0,23.0,36.0
1021.0,324.0,23.0,36.0
1021.0,324.0,23.0,36.0
1022.0,324.0,23.0,36.0
1022.0,324.0,23.0,36.0
1022.0,324.0,23.0,36.0
1022.0,324.0,23.0,36.0
1022.0,324.0,23.0,36.0
1022.0,324.0,23.0,37.0
1023.0,325.0,23.0,36.0
1023.0,325.0,23.0,37.0
1023.0,325.0,23.0,37.0
1023.0,325.0,23.0,37.0
1024.0,325.0,23.0,37.0
1024.0,325.0,23.0,36.0
1024.0,325.0,23.0,36.0
1024.0,325.0,23.0,36.0
1025.0,325.0,23.0,37.0
1025.0,325.0,23.0,36.0
1025.0,325.0,23.0,36.0
1025.0,326.0,23.0,37.0
1025.0,326.0,23.0,37.0
1026.0,326.0,23.0,37.0
1026.0,326.0,23.0,37.0
1026.0,326.0,23.0,37.0
1027.0,326.0,23.0,37.0
1027.0,326.0,23.0,37.0
1027.0,326.0,23.0,37.0
1027.0,326.0,23.0,37.0
1028.0,327.0,23.0,37.0
1028.0,327.0,23.0,36.0
1028.0,327.0,23.0,36.0
1028.0,327.0,23.0,37.0
1028.0,327.0,23.0,37.0
1029.0,327.0,23.0,37.0
1029.0,327.0,23.0,37.0
1029.0,327.0,23.0,37.0
1029.0,327.0,23.0,37.0
1030.0,328.0,23.0,36.0
1030.0,328.0,23.0,37.0
1030.0,328.0,23.0,37.0
1030.0,328.0,23.0,37.0
1031.0,328.0,23.0,36.0
1031.0,328.0,23.0,37.0
1031.0,328.0,23.0,37.0
1031.0,328.0,23.0,37.0
1031.0,328.0,23.0,37.0
1032.0,328.0,23.0,37.0
1032.0,328.0,23.0,37.0
1032.0,329.0,23.0,37.0
1032.0,329.0,23.0,37.0
1032.0,329.0,23.0,37.0
1033.0,329.0,23.0,37.0
1033.0,329.0,23.0,37.0
1033.0,329.0,23.0,37.0
1033.0,329.0,23.0,37.0
1033.0,329.0,23.0,37.0
1034.0,329.0,23.0,37.0
1034.0,329.0,23.0,37.0
1034.0,329.0,23.0,37.0
1034.0,329.0,23.0,37.0
1034.0,329.0,23.0,37.0
1034.0,329.0,23.0,37.0
1035.0,330.0,23.0,37.0
1035.0,330.0,23.0,37.0
1035.0,330.0,23.0,37.0
1035.0,330.0,23.0,37.0
1035.0,330.0,23.0,37.0
1036.0,330.0,23.0,37.0
1036.0,330.0,23.0,37.0
1036.0,330.0,23.0,37.0
1036.0,330.0,23.0,37.0
1036.0,330.0,23.0,37.0
1036.0,330.0,23.0,37.0
1037.0,330.0,23.0,37.0
1037.0,330.0,23.0,37.0
1037.0,330.0,23.0,37.0
1037.0,330.0,24.0,38.0
1037.0,331.0,23.0,37.0
1037.0,331.0,23.0,37.0
1037.0,331.0,23.0,37.0
1037.0,331.0,23.0,37.0
1037.0,331.0,23.0,37.0
1038.0,331.0,23.0,37.0
1038.0,331.0,24.0,37.0
1038.0,332.0,23.0,37.0
1038.0,332.0,23.0,37.0
1038.0,332.0,24.0,37.0
1038.0,332.0,23.0,37.0
1038.0,332.0,23.0,37.0
1039.0,332.0,23.0,37.0
1039.0,332.0,23.0,37.0
1039.0,332.0,24.0,38.0
1039.0,332.0,24.0,37.0
1039.0,332.0,23.0,37.0
1039.0,332.0,24.0,38.0
1039.0,332.0,24.0,38.0
1039.0,332.0,24.0,38.0
1039.0,332.0,24.0,38.0
1039.0,333.0,24.0,37.0
1039.0,333.0,24.0,38.0
1039.0,333.0,24.0,38.0
1039.0,333.0,24.0,38.0
1040.0,333.0,24.0,38.0
1040.0,333.0,24.0,37.0
1040.0,333.0,24.0,37.0
1040.0,333.0,24.0,38.0
1040.0,333.0,24.0,38.0
1040.0,333.0,24.0,38.0
1040.0,334.0,24.0,38.0
1040.0,334.0,24.0,38.0
1040.0,334.0,24.0,38.0
1040.0,334.0,24.0,38.0
1040.0,334.0,24.0,38.0
1040.0,334.0,24.0,38.0
1040.0,335.0,24.0,38.0
1040.0,335.0,24.0,38.0
1040.0,335.0,24.0,38.0
1040.0,335.0,24.0,38.0
1040.0,335.0,24.0,38.0
1040.0,335.0,24.0,38.0
1040.0,335.0,24.0,38.0
1040.0,335.0,24.0,38.0
1040.0,336.0,24.0,38.0
1040.0,336.0,24.0,38.0
1040.0,336.0,24.0,38.0
1040.0,336.0,24.0,38.0
1040.0,336.0,24.0,38.0
1040.0,336.0,24.0,38.0
1040.0,336.0,24.0,38.0
1039.0,336.0,24.0,38.0
1039.0,336.0,24.0,38.0
1039.0,337.0,24.0,38.0
1038.0,337.0,24.0,38.0
1037.0,337.0,24.0,37.0
1036.0,337.0,24.0,38.0
1036.0,337.0,24.0,38.0
1035.0,337.0,24.0,38.0
1034.0,337.0,24.0,37.0
1034.0,337.0,24.0,38.0
1033.0,337.0,24.0,38.0
1033.0,337.0,24.0,38.0
1032.0,337.0,24.0,38.0
1031.0,337.0,24.0,38.0
1030.0,337.0,24.0,38.0
1029.0,337.0,24.0,38.0
1029.0,337.0,24.0,38.0
1028.0,337.0,24.0,38.0
1027.0,337.0,24.0,38.0
1026.0,337.0,24.0,38.0
1026.0,337.0,24.0,38.0
1025.0,338.0,24.0,38.0
1024.0,338.0,24.0,37.0
1023.0,338.0,24.0,38.0
1022.0,338.0,24.0,38.0
1022.0,338.0,24.0,38.0
1022.0,338.0,24.0,37.0
1021.0,338.0,24.0,38.0
1020.0,338.0,24.0,37.0
1019.0,338.0,24.0,38.0
1019.0,338.0,24.0,38.0
1018.0,338.0,24.0,38.0
1017.0,338.0,24.0,38.0
1016.0,338.0,24.0,38.0
1015.0,338.0,24.0,38.0
1015.0,338.0,24.0,38.0
1014.0,338.0,23.0,37.0
1013.0,338.0,23.0,37.0
1012.0,338.0,24.0,38.0
1012.0,338.0,23.0,37.0
1012.0,338.0,24.0,37.0
1011.0,338.0,24.0,38.0
1010.0,338.0,24.0,37.0
1009.0,338.0,24.0,38.0
1008.0,338.0,24.0,38.0
1008.0,338.0,24.0,38.0
1007.0,338.0,24.0,38.0
1006.0,338.0,23.0,37.0
1005.0,339.0,23.0,37.0
1004.0,339.0,23.0,37.0
1004.0,339.0,23.0,37.0
1003.0,339.0,23.0,37.0
1002.0,338.0,24.0,37.0
1002.0,339.0,23.0,36.0
1001.0,339.0,24.0,37.0
1001.0,338.0,24.0,38.0
1001.0,339.0,23.0,36.0
1001.0,339.0,23.0,36.0
1001.0,338.0,24.0,37.0
1001.0,339.0,23.0,37.0
1001.0,339.0,23.0,37.0
1001.0,340.0,23.0,36.0
1001.0,340.0,23.0,36.0
1001.0,339.0,23.0,37.0
1001.0,339.0,24.0,38.0
1001.0,339.0,24.0,38.0
1002.0,340.0,23.0,36.0
1002.0,339.0,24.0,37.0
1002.0,339.0,24.0,37.0
1002.0,339.0,24.0,38.0
1002.0,339.0,24.0,37.0
1003.0,340.0,24.0,37.0
1003.0,340.0,24.0,38.0
1003.0,340.0,24.0,38.0
1003.0,340.0,24.0,38.0
1003.0,340.0,24.0,38.0
1004.0,340.0,24.0,38.0
1004.0,340.0,24.0,38.0
1004.0,340.0,24.0,38.0
1005.0,340.0,24.0,38.0
1005.0,341.0,24.0,37.0
1005.0,341.0,24.0,38.0
1005.0,341.0,24.0,38.0
1006.0,341.0,24.0,38.0
1005.0,341.0,24.0,38.0
1005.0,341.0,24.0,38.0
1006.0,341.0,24.0,38.0
1006.0,341.0,24.0,38.0
1006.0,341.0,24.0,38.0
1007.0,342.0,24.0,38.0
1007.0,342.0,24.0,38.0
1007.0,342.0,24.0,38.0
1007.0,342.0,24.0,38.0
1007.0,342.0,24.0,38.0
1007.0,342.0,24.0,38.0
1007.0,342.0,24.0,38.0
1007.0,342.0,24.0,38.0
1007.0,342.0,24.0,38.0
1007.0,343.0,24.0,38.0
1007.0,342.0,24.0,38.0
1007.0,342.0,24.0,38.0
1007.0,343.0,24.0,38.0
1007.0,343.0,24.0,38.0
1007.0,343.0,24.0,38.0
1007.0,343.0,24.0,38.0
1007.0,343.0,24.0,38.0
1007.0,343.0,24.0,38.0
1006.0,343.0,24.0,38.0
1007.0,344.0,24.0,38.0
1006.0,343.0,24.0,39.0
1006.0,343.0,24.0,39.0
1006.0,343.0,24.0,38.0
1006.0,344.0,24.0,38.0
1006.0,344.0,24.0,38.0
1005.0,344.0,24.0,39.0
1005.0,344.0,24.0,39.0
1005.0,344.0,24.0,39.0
1006.0,345.0,23.0,37.0
1006.0,345.0,23.0,37.0
1006.0,345.0,24.0,38.0
1005.0,344.0,24.0,39.0
1005.0,344.0,24.0,39.0
1005.0,344.0,24.0,39.0
1004.0,344.0,24.0,39.0
1004.0,344.0,24.0,39.0
1004.0,344.0,24.0,39.0
1004.0,345.0,24.0,39.0
1004.0,345.0,24.0,39.0
1004.0,345.0,24.0,39.0
1003.0,345.0,24.0,39.0
1003.0,345.0,24.0,39.0
1004.0,346.0,23.0,37.0
1003.0,346.0,24.0,38.0
1003.0,346.0,24.0,38.0
1003.0,346.0,24.0,38.0
1003.0,346.0,24.0,38.0
1002.0,345.0,24.0,39.0
1002.0,346.0,24.0,39.0
1001.0,346.0,24.0,39.0
1001.0,346.0,25.0,39.0
1001.0,346.0,24.0,39.0
1001.0,346.0,24.0,39.0
1001.0,346.0,24.0,39.0
1000.0,346.0,25.0,39.0
1000.0,347.0,25.0,39.0
1000.0,347.0,25.0,39.0
1000.0,347.0,24.0,39.0
999.0,347.0,25.0,39.0
999.0,347.0,24.0,39.0
999.0,347.0,25.0,39.0
999.0,347.0,25.0,39.0
998.0,347.0,25.0,39.0
998.0,348.0,24.0,39.0
998.0,348.0,24.0,39.0
997.0,348.0,25.0,39.0
997.0,348.0,25.0,39.0
997.0,348.0,25.0,39.0
997.0,348.0,24.0,39.0
997.0,348.0,25.0,39.0
996.0,348.0,25.0,39.0
996.0,348.0,25.0,39.0
996.0,348.0,24.0,39.0
995.0,348.0,25.0,39.0
995.0,349.0,25.0,39.0
995.0,349.0,25.0,39.0
995.0,349.0,25.0,39.0
995.0,349.0,24.0,39.0
994.0,349.0,25.0,39.0
994.0,349.0,25.0,39.0
994.0,349.0,25.0,39.0
994.0,349.0,25.0,39.0
993.0,349.0,25.0,39.0
993.0,349.0,25.0,39.0
993.0,349.0,25.0,39.0
992.0,349.0,25.0,39.0
992.0,349.0,25.0,39.0
992.0,350.0,25.0,39.0
992.0,350.0,25.0,39.0
991.0,350.0,25.0,39.0
991.0,350.0,25.0,39.0
991.0,350.0,25.0,39.0
991.0,350.0,25.0,40.0
990.0,350.0,25.0,40.0
990.0,350.0,25.0,39.0
990.0,350.0,25.0,39.0
990.0,350.0,25.0,39.0
990.0,351.0,25.0,39.0
989.0,351.0,24.0,39.0
989.0,351.0,25.0,39.0
989.0,351.0,25.0,39.0
989.0,351.0,25.0,39.0
988.0,351.0,25.0,39.0
988.0,352.0,25.0,39.0
988.0,352.0,25.0,39.0
987.0,352.0,24.0,39.0
987.0,352.0,24.0,39.0
987.0,352.0,24.0,39.0
986.0,352.0,25.0,39.0
986.0,352.0,25.0,39.0
986.0,352.0,25.0,39.0
986.0,352.0,25.0,39.0
985.0,353.0,25.0,39.0
985.0,353.0,25.0,39.0
984.0,353.0,25.0,39.0
984.0,353.0,25.0,39.0
984.0,353.0,25.0,39.0
984.0,353.0,25.0,40.0
983.0,353.0,25.0,39.0
983.0,353.0,25.0,40.0
983.0,353.0,25.0,39.0
982.0,353.0,25.0,39.0
982.0,353.0,25.0,39.0
982.0,354.0,25.0,40.0
981.0,354.0,25.0,39.0
981.0,354.0,25.0,39.0
981.0,354.0,25.0,39.0
980.0,354.0,25.0,39.0
980.0,354.0,25.0,39.0
979.0,354.0,25.0,39.0
979.0,354.0,25.0,39.0
979.0,354.0,25.0,39.0
978.0,354.0,25.0,39.0
978.0,355.0,25.0,40.0
977.0,355.0,25.0,39.0
977.0,355.0,25.0,39.0
977.0,355.0,25.0,39.0
976.0,355.0,25.0,39.0
976.0,355.0,25.0,40.0
975.0,355.0,25.0,39.0
975.0,355.0,25.0,40.0
975.0,355.0,25.0,40.0
974.0,355.0,25.0,40.0
974.0,355.0,25.0,39.0
973.0,356.0,24.0,39.0
972.0,356.0,24.0,38.0
972.0,356.0,24.0,38.0
971.0,356.0,24.0,38.0
972.0,356.0,24.0,38.0
971.0,357.0,24.0,38.0
970.0,356.0,24.0,39.0
970.0,356.0,24.0,39.0
969.0,356.0,24.0,39.0
969.0,356.0,25.0,39.0
969.0,357.0,24.0,39.0
968.0,357.0,25.0,39.0
968.0,357.0,25.0,40.0
967.0,357.0,25.0,40.0
966.0,357.0,25.0,40.0
965.0,357.0,26.0,41.0
964.0,357.0,26.0,41.0
964.0,357.0,26.0,41.0
963.0,356.0,26.0,42.0
962.0,357.0,26.0,41.0
964.0,358.0,25.0,40.0
963.0,358.0,25.0,40.0
963.0,358.0,25.0,40.0
962.0,358.0,26.0,41.0
962.0,358.0,25.0,40.0
961.0,358.0,25.0,40.0
961.0,358.0,25.0,40.0
961.0,358.0,25.0,40.0
960.0,358.0,25.0,40.0
959.0,358.0,25.0,41.0
958.0,359.0,25.0,40.0
958.0,359.0,25.0,40.0
958.0,359.0,25.0,40.0
958.0,359.0,25.0,40.0
957.0,359.0,25.0,40.0
956.0,359.0,25.0,40.0
956.0,359.0,25.0,40.0
956.0,359.0,25.0,40.0
955.0,360.0,25.0,40.0
954.0,360.0,25.0,40.0
954.0,360.0,25.0,40.0
954.0,360.0,25.0,40.0
953.0,360.0,25.0,40.0
952.0,360.0,25.0,40.0
952.0,360.0,25.0,40.0
951.0,361.0,25.0,40.0
951.0,361.0,25.0,40.0
950.0,361.0,25.0,40.0
950.0,361.0,25.0,40.0
949.0,361.0,25.0,40.0
948.0,361.0,25.0,40.0
948.0,361.0,25.0,40.0
947.0,361.0,25.0,41.0
947.0,361.0,25.0,40.0
946.0,362.0,25.0,41.0
945.0,362.0,25.0,40.0
945.0,362.0,25.0,40.0
945.0,362.0,25.0,40.0
944.0,362.0,25.0,40.0
943.0,362.0,25.0,40.0
942.0,362.0,25.0,40.0
942.0,362.0,25.0,40.0
941.0,362.0,25.0,40.0
941.0,363.0,25.0,40.0
940.0,363.0,25.0,40.0
939.0,363.0,25.0,40.0
939.0,363.0,25.0,40.0
938.0,363.0,25.0,40.0
937.0,363.0,26.0,41.0
936.0,363.0,25.0,40.0
936.0,363.0,25.0,40.0
936.0,363.0,25.0,40.0
935.0,364.0,25.0,40.0
934.0,364.0,25.0,40.0
933.0,364.0,25.0,40.0
932.0,364.0,25.0,40.0
932.0,364.0,25.0,40.0
931.0,364.0,25.0,40.0
930.0,364.0,25.0,40.0
929.0,364.0,25.0,40.0
928.0,365.0,25.0,40.0
928.0,365.0,25.0,40.0
927.0,365.0,25.0,40.0
926.0,365.0,25.0,40.0
925.0,365.0,25.0,40.0
924.0,365.0,25.0,40.0
924.0,365.0,25.0,40.0
923.0,365.0,25.0,41.0
922.0,365.0,25.0,40.0
921.0,366.0,25.0,40.0
920.0,366.0,25.0,40.0
920.0,366.0,25.0,40.0
919.0,366.0,25.0,40.0
918.0,366.0,25.0,40.0
917.0,366.0,25.0,40.0
916.0,366.0,25.0,40.0
916.0,366.0,25.0,40.0
915.0,366.0,25.0,40.0
914.0,366.0,26.0,41.0
913.0,367.0,25.0,40.0
912.0,367.0,25.0,40.0
912.0,367.0,25.0,40.0
911.0,367.0,25.0,40.0
910.0,367.0,25.0,40.0
908.0,367.0,25.0,41.0
908.0,367.0,25.0,40.0
907.0,367.0,25.0,40.0
906.0,367.0,26.0,41.0
905.0,367.0,26.0,41.0
904.0,367.0,25.0,40.0
903.0,367.0,26.0,41.0
903.0,367.0,26.0,41.0
902.0,367.0,25.0,41.0
901.0,367.0,25.0,40.0
900.0,368.0,25.0,41.0
899.0,368.0,25.0,40.0
899.0,368.0,25.0,40.0
898.0,368.0,25.0,41.0
897.0,368.0,25.0,40.0
896.0,368.0,25.0,40.0
895.0,368.0,25.0,41.0
895.0,368.0,25.0,41.0
893.0,368.0,25.0,40.0
892.0,368.0,25.0,41.0
891.0,368.0,25.0,40.0
890.0,368.0,25.0,40.0
890.0,368.0,26.0,41.0
888.0,368.0,25.0,41.0
887.0,368.0,25.0,40.0
886.0,369.0,25.0,40.0
885.0,369.0,25.0,40.0
885.0,369.0,25.0,40.0
884.0,368.0,26.0,41.0
882.0,369.0,25.0,40.0
881.0,368.0,26.0,41.0
879.0,369.0,25.0,40.0
879.0,369.0,25.0,40.0
877.0,369.0,25.0,40.0
875.0,369.0,26.0,41.0
874.0,369.0,25.0,40.0
872.0,369.0,26.0,41.0
872.0,369.0,26.0,41.0
870.0,369.0,26.0,41.0
868.0,369.0,26.0,41.0
866.0,368.0,26.0,42.0
864.0,369.0,26.0,41.0
864.0,369.0,26.0,41.0
862.0,368.0,26.0,41.0
860.0,368.0,26.0,41.0
858.0,369.0,25.0,41.0
857.0,369.0,25.0,40.0
857.0,369.0,25.0,40.0
855.0,369.0,25.0,40.0
853.0,369.0,25.0,40.0
851.0,369.0,25.0,40.0
849.0,369.0,25.0,40.0
849.0,369.0,25.0,40.0
847.0,369.0,25.0,40.0
845.0,369.0,25.0,40.0
843.0,369.0,25.0,40.0
842.0,369.0,25.0,40.0
842.0,369.0,25.0,40.0
840.0,369.0,25.0,41.0
838.0,369.0,25.0,41.0
836.0,369.0,25.0,40.0
834.0,370.0,25.0,40.0
834.0,370.0,25.0,40.0
832.0,369.0,25.0,41.0
830.0,369.0,26.0,41.0
829.0,370.0,25.0,40.0
827.0,370.0,25.0,40.0
827.0,370.0,25.0,40.0
825.0,369.0,26.0,41.0
823.0,370.0,25.0,40.0
821.0,370.0,25.0,40.0
819.0,370.0,25.0,40.0
819.0,370.0,25.0,40.0
817.0,370.0,26.0,41.0
815.0,370.0,26.0,41.0
813.0,370.0,26.0,41.0
812.0,370.0,25.0,40.0
812.0,370.0,25.0,40.0
810.0,370.0,25.0,40.0
808.0,370.0,26.0,41.0
806.0,370.0,25.0,41.0
804.0,371.0,25.0,40.0
804.0,371.0,26.0,41.0
802.0,370.0,26.0,41.0
800.0,371.0,25.0,40.0
798.0,371.0,25.0,40.0
796.0,371.0,25.0,40.0
796.0,371.0,25.0,40.0
795.0,371.0,25.0,40.0
793.0,371.0,25.0,40.0
791.0,371.0,25.0,40.0
789.0,372.0,25.0,40.0
789.0,372.0,25.0,40.0
787.0,372.0,25.0,40.0
785.0,372.0,25.0,40.0
783.0,372.0,25.0,40.0
781.0,372.0,25.0,40.0
781.0,372.0,25.0,40.0
780.0,372.0,25.0,40.0
778.0,372.0,25.0,40.0
776.0,372.0,25.0,40.0
774.0,372.0,25.0,40.0
774.0,372.0,25.0,40.0
772.0,372.0,25.0,40.0
770.0,372.0,25.0,40.0
768.0,373.0,25.0,40.0
766.0,373.0,25.0,41.0
766.0,373.0,25.0,40.0
764.0,373.0,25.0,40.0
763.0,373.0,25.0,40.0
761.0,373.0,25.0,40.0
759.0,373.0,25.0,40.0
759.0,373.0,25.0,40.0
757.0,373.0,25.0,40.0
755.0,374.0,25.0,40.0
753.0,374.0,25.0,40.0
751.0,374.0,25.0,40.0
751.0,374.0,25.0,40.0
749.0,374.0,25.0,40.0
748.0,374.0,25.0,40.0
746.0,375.0,25.0,40.0
744.0,375.0,25.0,40.0
744.0,375.0,25.0,40.0
742.0,375.0,25.0,39.0
740.0,375.0,25.0,40.0
