703.0,361.0,57.0,114.0
703.0,361.0,57.0,114.0
703.0,361.0,57.0,114.0
703.0,361.0,57.0,114.0
705.0,362.0,57.0,114.0
707.0,363.0,57.0,115.0
709.0,364.0,57.0,115.0
714.0,367.0,57.0,116.0
718.0,370.0,58.0,116.0
723.0,373.0,58.0,117.0
726.0,375.0,60.0,118.0
730.0,376.0,61.0,119.0
733.0,378.0,63.0,120.0
737.0,379.0,64.0,120.0
742.0,381.0,66.0,120.0
746.0,382.0,67.0,120.0
749.0,383.0,70.0,122.0
753.0,384.0,74.0,125.0
756.0,385.0,77.0,127.0
758.0,386.0,77.0,127.0
760.0,387.0,77.0,127.0
762.0,388.0,77.0,127.0
765.0,388.0,75.0,129.0
769.0,388.0,74.0,131.0
772.0,388.0,72.0,133.0
775.0,388.0,73.0,134.0
778.0,387.0,75.0,136.0
781.0,387.0,76.0,137.0
785.0,388.0,75.0,138.0
788.0,389.0,75.0,139.0
792.0,390.0,74.0,140.0
792.0,389.0,75.0,141.0
792.0,389.0,77.0,142.0
792.0,388.0,78.0,143.0
792.0,387.0,78.0,144.0
791.0,385.0,79.0,146.0
791.0,384.0,79.0,147.0
791.0,384.0,81.0,147.0
790.0,384.0,82.0,147.0
790.0,384.0,84.0,147.0
790.0,383.0,86.0,148.0
790.0,383.0,87.0,149.0
790.0,382.0,89.0,150.0
790.0,380.0,90.0,152.0
790.0,379.0,92.0,155.0
790.0,377.0,93.0,157.0
791.0,378.0,92.0,157.0
793.0,378.0,91.0,157.0
794.0,379.0,90.0,157.0
795.0,379.0,91.0,158.0
795.0,378.0,93.0,158.0
796.0,378.0,94.0,159.0
798.0,377.0,96.0,162.0
799.0,377.0,97.0,165.0
801.0,376.0,99.0,168.0
801.0,375.0,101.0,169.0
802.0,374.0,104.0,171.0
802.0,373.0,106.0,172.0
804.0,373.0,108.0,174.0
806.0,372.0,109.0,176.0
808.0,372.0,111.0,178.0
807.0,372.0,113.0,178.0
807.0,371.0,115.0,178.0
806.0,371.0,117.0,178.0
806.0,371.0,119.0,179.0
806.0,370.0,120.0,180.0
806.0,370.0,122.0,181.0
804.0,369.0,124.0,179.0
802.0,367.0,126.0,176.0
800.0,366.0,128.0,174.0
797.0,365.0,130.0,173.0
793.0,364.0,132.0,173.0
790.0,363.0,134.0,172.0
786.0,360.0,137.0,170.0
782.0,358.0,139.0,169.0
778.0,355.0,142.0,167.0
774.0,354.0,144.0,164.0
771.0,352.0,145.0,162.0
767.0,351.0,147.0,159.0
764.0,348.0,145.0,159.0
762.0,346.0,144.0,158.0
759.0,343.0,142.0,158.0
755.0,339.0,143.0,158.0
750.0,336.0,143.0,159.0
746.0,332.0,144.0,159.0
743.0,329.0,146.0,160.0
740.0,326.0,147.0,161.0
737.0,323.0,149.0,162.0
733.0,322.0,149.0,161.0
730.0,322.0,150.0,160.0
726.0,321.0,150.0,159.0
723.0,320.0,152.0,156.0
720.0,320.0,155.0,154.0
717.0,319.0,157.0,151.0
715.0,318.0,157.0,149.0
714.0,318.0,157.0,148.0
712.0,317.0,157.0,146.0
710.0,315.0,158.0,144.0
708.0,314.0,160.0,143.0
706.0,312.0,161.0,141.0
704.0,311.0,160.0,139.0
703.0,309.0,159.0,136.0
701.0,308.0,158.0,134.0
698.0,305.0,159.0,133.0
695.0,302.0,159.0,132.0
692.0,299.0,160.0,131.0
692.0,297.0,159.0,131.0
692.0,295.0,159.0,130.0
692.0,293.0,158.0,130.0
691.0,289.0,157.0,131.0
690.0,286.0,155.0,133.0
689.0,282.0,154.0,134.0
686.0,276.0,155.0,137.0
684.0,270.0,157.0,140.0
681.0,264.0,158.0,143.0
680.0,260.0,157.0,145.0
678.0,256.0,155.0,146.0
677.0,252.0,154.0,148.0
672.0,246.0,151.0,150.0
666.0,241.0,147.0,151.0
661.0,235.0,144.0,153.0
656.0,230.0,143.0,155.0
651.0,226.0,142.0,156.0
646.0,221.0,141.0,158.0
643.0,218.0,137.0,157.0
640.0,216.0,132.0,155.0
637.0,213.0,128.0,154.0
628.0,207.0,126.0,155.0
619.0,200.0,123.0,156.0
610.0,194.0,121.0,157.0
603.0,192.0,121.0,154.0
596.0,190.0,120.0,152.0
589.0,188.0,120.0,149.0
577.0,182.0,120.0,150.0
565.0,176.0,119.0,150.0
553.0,170.0,119.0,151.0
546.0,167.0,117.0,151.0
540.0,164.0,116.0,150.0
533.0,161.0,114.0,150.0
525.0,157.0,113.0,151.0
517.0,152.0,111.0,153.0
509.0,148.0,110.0,154.0
497.0,145.0,108.0,153.0
485.0,141.0,105.0,152.0
473.0,138.0,103.0,151.0
466.0,135.0,100.0,152.0
460.0,133.0,96.0,152.0
453.0,130.0,93.0,153.0
443.0,128.0,92.0,151.0
434.0,127.0,91.0,150.0
424.0,125.0,90.0,148.0
420.0,123.0,88.0,149.0
416.0,122.0,85.0,149.0
412.0,120.0,83.0,150.0
407.0,120.0,82.0,148.0
403.0,121.0,82.0,145.0
398.0,121.0,81.0,143.0
392.0,120.0,81.0,143.0
386.0,120.0,80.0,143.0
380.0,119.0,80.0,143.0
377.0,119.0,80.0,142.0
375.0,120.0,80.0,141.0
372.0,120.0,80.0,140.0
370.0,120.0,80.0,140.0
367.0,120.0,79.0,140.0
365.0,120.0,79.0,140.0
363.0,122.0,78.0,139.0
362.0,123.0,77.0,139.0
360.0,125.0,76.0,138.0
358.0,127.0,75.0,137.0
355.0,130.0,75.0,135.0
353.0,132.0,74.0,134.0
350.0,136.0,72.0,133.0
348.0,140.0,70.0,131.0
345.0,144.0,68.0,130.0
345.0,148.0,66.0,130.0
345.0,153.0,64.0,129.0
345.0,157.0,62.0,129.0
345.0,164.0,60.0,128.0
344.0,171.0,58.0,127.0
344.0,178.0,56.0,126.0
344.0,184.0,56.0,125.0
343.0,191.0,56.0,125.0
343.0,197.0,56.0,124.0
343.0,203.0,57.0,123.0
342.0,208.0,57.0,121.0
342.0,214.0,58.0,120.0
344.0,219.0,58.0,120.0
347.0,223.0,59.0,120.0
349.0,228.0,59.0,120.0
351.0,229.0,59.0,119.0
352.0,231.0,58.0,118.0
354.0,232.0,58.0,117.0
359.0,235.0,58.0,117.0
363.0,239.0,58.0,116.0
368.0,242.0,58.0,116.0
371.0,245.0,58.0,115.0
374.0,248.0,58.0,113.0
377.0,251.0,58.0,112.0
380.0,253.0,58.0,112.0
384.0,256.0,57.0,112.0
387.0,258.0,57.0,112.0
392.0,258.0,55.0,109.0
398.0,258.0,54.0,107.0
403.0,258.0,52.0,104.0
407.0,258.0,52.0,103.0
411.0,257.0,52.0,102.0
415.0,257.0,52.0,101.0
419.0,257.0,53.0,100.0
423.0,257.0,53.0,98.0
427.0,257.0,54.0,97.0
431.0,256.0,54.0,97.0
434.0,256.0,53.0,97.0
438.0,255.0,53.0,97.0
442.0,255.0,52.0,97.0
445.0,254.0,52.0,96.0
449.0,254.0,51.0,96.0
454.0,253.0,51.0,96.0
458.0,252.0,51.0,97.0
463.0,251.0,51.0,97.0
464.0,250.0,52.0,97.0
466.0,249.0,52.0,97.0
467.0,248.0,53.0,97.0
471.0,248.0,51.0,97.0
475.0,247.0,49.0,98.0
479.0,247.0,47.0,98.0
480.0,248.0,47.0,97.0
482.0,249.0,46.0,95.0
483.0,250.0,46.0,94.0
484.0,250.0,45.0,95.0
484.0,249.0,45.0,95.0
485.0,249.0,44.0,96.0
487.0,249.0,43.0,95.0
489.0,249.0,41.0,93.0
491.0,249.0,40.0,92.0
491.0,249.0,41.0,91.0
490.0,249.0,41.0,90.0
490.0,249.0,42.0,89.0
490.0,248.0,43.0,90.0
490.0,248.0,43.0,90.0
490.0,247.0,44.0,91.0
491.0,247.0,43.0,91.0
493.0,247.0,43.0,90.0
494.0,247.0,42.0,90.0
494.0,246.0,44.0,90.0
494.0,246.0,47.0,89.0
494.0,245.0,49.0,89.0
497.0,245.0,48.0,89.0
500.0,244.0,47.0,90.0
503.0,244.0,46.0,90.0
505.0,243.0,45.0,90.0
507.0,242.0,43.0,89.0
509.0,241.0,42.0,89.0
511.0,241.0,41.0,88.0
512.0,241.0,39.0,88.0
514.0,241.0,38.0,87.0
515.0,241.0,38.0,87.0
517.0,240.0,38.0,86.0
518.0,240.0,38.0,86.0
519.0,239.0,38.0,86.0
520.0,239.0,38.0,86.0
521.0,238.0,38.0,86.0
524.0,238.0,38.0,85.0
526.0,237.0,37.0,83.0
529.0,237.0,37.0,82.0
530.0,236.0,37.0,83.0
530.0,235.0,38.0,83.0
531.0,234.0,38.0,84.0
533.0,233.0,38.0,85.0
534.0,233.0,39.0,86.0
536.0,232.0,39.0,87.0
538.0,231.0,38.0,87.0
541.0,231.0,38.0,86.0
543.0,230.0,37.0,86.0
544.0,230.0,37.0,86.0
546.0,230.0,37.0,86.0
547.0,230.0,37.0,86.0
549.0,230.0,36.0,86.0
551.0,229.0,35.0,86.0
553.0,229.0,34.0,86.0
555.0,229.0,35.0,85.0
556.0,229.0,36.0,84.0
558.0,229.0,37.0,83.0
560.0,229.0,36.0,83.0
561.0,230.0,35.0,83.0
563.0,230.0,34.0,83.0
564.0,230.0,34.0,83.0
566.0,229.0,34.0,84.0
567.0,229.0,34.0,84.0
568.0,229.0,35.0,83.0
569.0,229.0,35.0,83.0
570.0,229.0,36.0,82.0
573.0,228.0,36.0,83.0
575.0,226.0,36.0,85.0
578.0,225.0,36.0,86.0
580.0,225.0,35.0,86.0
581.0,225.0,34.0,86.0
583.0,225.0,33.0,86.0
584.0,225.0,34.0,86.0
585.0,224.0,36.0,86.0
586.0,224.0,37.0,86.0
589.0,224.0,35.0,86.0
593.0,223.0,33.0,86.0
596.0,223.0,31.0,86.0
597.0,223.0,32.0,85.0
598.0,222.0,32.0,85.0
599.0,222.0,33.0,84.0
602.0,222.0,32.0,83.0
606.0,222.0,30.0,82.0
609.0,222.0,29.0,81.0
610.0,221.0,29.0,81.0
612.0,221.0,29.0,81.0
613.0,220.0,29.0,81.0
615.0,220.0,30.0,82.0
616.0,219.0,30.0,82.0
618.0,219.0,31.0,83.0
621.0,219.0,30.0,82.0
623.0,219.0,30.0,80.0
626.0,219.0,29.0,79.0
628.0,218.0,28.0,80.0
629.0,218.0,28.0,80.0
631.0,217.0,27.0,81.0
633.0,216.0,28.0,81.0
634.0,216.0,28.0,80.0
636.0,215.0,29.0,80.0
638.0,215.0,29.0,80.0
639.0,215.0,29.0,80.0
641.0,215.0,29.0,80.0
643.0,215.0,29.0,81.0
644.0,214.0,29.0,82.0
646.0,214.0,29.0,83.0
649.0,214.0,27.0,83.0
651.0,213.0,26.0,82.0
654.0,213.0,24.0,82.0
655.0,213.0,26.0,81.0
656.0,212.0,28.0,81.0
657.0,212.0,30.0,80.0
659.0,212.0,30.0,80.0
661.0,212.0,31.0,79.0
663.0,212.0,31.0,79.0
665.0,212.0,31.0,79.0
667.0,211.0,31.0,79.0
669.0,211.0,31.0,79.0
670.0,211.0,31.0,78.0
671.0,211.0,32.0,77.0
672.0,211.0,32.0,76.0
675.0,211.0,32.0,77.0
679.0,210.0,32.0,77.0
682.0,210.0,32.0,78.0
685.0,209.0,32.0,78.0
687.0,209.0,31.0,79.0
690.0,208.0,31.0,79.0
693.0,208.0,31.0,79.0
697.0,209.0,32.0,78.0
700.0,209.0,32.0,78.0
701.0,209.0,33.0,78.0
703.0,209.0,35.0,77.0
704.0,209.0,36.0,77.0
707.0,208.0,35.0,78.0
710.0,206.0,34.0,79.0
713.0,205.0,33.0,80.0
716.0,205.0,33.0,80.0
720.0,205.0,32.0,79.0
723.0,205.0,32.0,79.0
725.0,204.0,32.0,80.0
727.0,204.0,31.0,80.0
729.0,203.0,31.0,81.0
732.0,203.0,31.0,80.0
735.0,204.0,32.0,80.0
738.0,204.0,32.0,79.0
739.0,203.0,33.0,80.0
740.0,202.0,33.0,80.0
741.0,201.0,34.0,81.0
742.0,200.0,35.0,81.0
743.0,200.0,35.0,81.0
744.0,199.0,36.0,81.0
747.0,198.0,34.0,80.0
751.0,196.0,31.0,80.0
754.0,195.0,29.0,79.0
755.0,194.0,29.0,80.0
757.0,194.0,29.0,80.0
758.0,193.0,29.0,81.0
759.0,192.0,29.0,82.0
760.0,191.0,30.0,83.0
761.0,190.0,30.0,84.0
762.0,189.0,30.0,83.0
762.0,188.0,30.0,82.0
763.0,187.0,30.0,81.0
763.0,186.0,30.0,81.0
763.0,185.0,31.0,80.0
763.0,184.0,31.0,80.0
764.0,183.0,31.0,81.0
765.0,181.0,31.0,81.0
766.0,180.0,31.0,82.0
767.0,180.0,30.0,82.0
767.0,179.0,28.0,83.0
768.0,179.0,27.0,83.0
766.0,178.0,28.0,82.0
765.0,176.0,30.0,81.0
763.0,175.0,31.0,80.0
763.0,174.0,30.0,81.0
763.0,172.0,29.0,83.0
763.0,171.0,28.0,84.0
762.0,170.0,28.0,84.0
762.0,170.0,27.0,83.0
761.0,169.0,27.0,83.0
759.0,168.0,27.0,83.0
758.0,166.0,28.0,82.0
756.0,165.0,28.0,82.0
755.0,165.0,28.0,82.0
753.0,164.0,29.0,82.0
752.0,164.0,29.0,82.0
751.0,163.0,28.0,82.0
750.0,162.0,28.0,83.0
749.0,161.0,27.0,83.0
747.0,161.0,28.0,82.0
746.0,162.0,28.0,81.0
744.0,162.0,29.0,80.0
743.0,161.0,29.0,81.0
742.0,160.0,28.0,83.0
741.0,159.0,28.0,84.0
738.0,159.0,28.0,84.0
736.0,159.0,29.0,84.0
733.0,159.0,29.0,84.0
731.0,159.0,29.0,85.0
730.0,159.0,28.0,85.0
728.0,159.0,28.0,86.0
725.0,160.0,29.0,84.0
722.0,162.0,29.0,82.0
719.0,163.0,30.0,80.0
717.0,163.0,29.0,81.0
715.0,163.0,29.0,82.0
713.0,163.0,28.0,83.0
711.0,164.0,29.0,83.0
708.0,164.0,30.0,84.0
706.0,165.0,31.0,84.0
700.0,167.0,32.0,85.0
695.0,168.0,33.0,85.0
689.0,170.0,34.0,86.0
686.0,171.0,35.0,85.0
682.0,173.0,35.0,84.0
679.0,174.0,36.0,83.0
675.0,176.0,36.0,83.0
670.0,177.0,36.0,84.0
666.0,179.0,36.0,84.0
662.0,179.0,36.0,85.0
658.0,180.0,36.0,85.0
654.0,180.0,36.0,86.0
650.0,180.0,36.0,85.0
647.0,181.0,37.0,85.0
643.0,181.0,37.0,84.0
638.0,182.0,36.0,85.0
634.0,182.0,35.0,85.0
629.0,183.0,34.0,86.0
624.0,183.0,35.0,87.0
619.0,184.0,37.0,88.0
614.0,184.0,38.0,89.0
609.0,185.0,38.0,90.0
603.0,186.0,39.0,90.0
598.0,187.0,39.0,91.0
595.0,189.0,38.0,90.0
591.0,190.0,38.0,88.0
588.0,192.0,37.0,87.0
585.0,192.0,37.0,89.0
581.0,191.0,37.0,92.0
578.0,191.0,37.0,94.0
576.0,192.0,36.0,94.0
573.0,193.0,34.0,93.0
571.0,194.0,33.0,93.0
568.0,196.0,35.0,92.0
564.0,197.0,37.0,91.0
561.0,199.0,39.0,90.0
559.0,202.0,39.0,90.0
556.0,204.0,39.0,90.0
554.0,207.0,39.0,90.0
552.0,209.0,39.0,89.0
550.0,211.0,39.0,88.0
548.0,213.0,39.0,87.0
546.0,213.0,40.0,88.0
543.0,213.0,41.0,89.0
541.0,213.0,42.0,90.0
538.0,215.0,42.0,91.0
536.0,217.0,41.0,91.0
533.0,219.0,41.0,92.0
531.0,220.0,40.0,92.0
530.0,220.0,38.0,92.0
528.0,221.0,37.0,92.0
525.0,223.0,37.0,91.0
522.0,225.0,36.0,91.0
519.0,227.0,36.0,90.0
517.0,228.0,36.0,90.0
514.0,230.0,37.0,89.0
512.0,231.0,37.0,89.0
510.0,231.0,37.0,90.0
509.0,232.0,37.0,91.0
507.0,232.0,37.0,92.0
504.0,234.0,37.0,92.0
501.0,235.0,37.0,91.0
498.0,237.0,37.0,91.0
496.0,238.0,37.0,91.0
494.0,238.0,36.0,91.0
492.0,239.0,36.0,91.0
489.0,240.0,37.0,90.0
487.0,241.0,37.0,89.0
484.0,242.0,38.0,88.0
481.0,244.0,39.0,88.0
478.0,245.0,40.0,89.0
475.0,247.0,41.0,89.0
472.0,249.0,43.0,89.0
470.0,252.0,46.0,90.0
467.0,254.0,48.0,90.0
466.0,255.0,47.0,92.0
465.0,256.0,45.0,94.0
464.0,257.0,44.0,96.0
463.0,258.0,42.0,95.0
461.0,259.0,41.0,94.0
460.0,260.0,39.0,93.0
459.0,262.0,39.0,92.0
457.0,263.0,40.0,91.0
456.0,265.0,40.0,90.0
454.0,265.0,40.0,93.0
451.0,265.0,41.0,95.0
449.0,265.0,41.0,98.0
447.0,265.0,41.0,97.0
446.0,264.0,42.0,95.0
444.0,264.0,42.0,94.0
442.0,265.0,43.0,95.0
440.0,266.0,43.0,96.0
438.0,267.0,44.0,97.0
437.0,266.0,43.0,97.0
435.0,265.0,43.0,97.0
434.0,264.0,42.0,97.0
433.0,264.0,42.0,95.0
431.0,265.0,42.0,93.0
430.0,265.0,42.0,91.0
428.0,267.0,42.0,92.0
426.0,268.0,42.0,93.0
424.0,270.0,42.0,94.0
423.0,268.0,42.0,95.0
423.0,266.0,42.0,95.0
422.0,264.0,42.0,96.0
421.0,265.0,42.0,94.0
419.0,266.0,43.0,92.0
418.0,267.0,43.0,90.0
417.0,266.0,43.0,91.0
415.0,266.0,44.0,92.0
414.0,265.0,44.0,93.0
413.0,264.0,45.0,93.0
412.0,263.0,45.0,94.0
411.0,262.0,46.0,94.0
407.0,263.0,47.0,92.0
404.0,263.0,48.0,91.0
400.0,264.0,49.0,89.0
398.0,264.0,50.0,90.0
396.0,264.0,51.0,90.0
394.0,264.0,52.0,91.0
391.0,264.0,55.0,91.0
389.0,264.0,58.0,90.0
386.0,264.0,61.0,90.0
385.0,264.0,61.0,89.0
385.0,265.0,62.0,89.0
384.0,265.0,62.0,88.0
384.0,263.0,62.0,91.0
385.0,261.0,62.0,93.0
385.0,259.0,62.0,96.0
386.0,260.0,61.0,93.0
388.0,262.0,59.0,89.0
389.0,263.0,58.0,86.0
391.0,263.0,58.0,87.0
392.0,263.0,57.0,89.0
394.0,263.0,57.0,90.0
397.0,264.0,55.0,89.0
401.0,264.0,53.0,89.0
404.0,265.0,51.0,88.0
406.0,267.0,51.0,86.0
408.0,268.0,52.0,85.0
410.0,270.0,52.0,83.0
412.0,269.0,51.0,86.0
413.0,268.0,51.0,88.0
415.0,267.0,50.0,91.0
418.0,266.0,49.0,90.0
420.0,264.0,48.0,90.0
423.0,263.0,47.0,89.0
422.0,262.0,49.0,92.0
420.0,261.0,51.0,95.0
419.0,260.0,53.0,98.0
420.0,258.0,53.0,99.0
422.0,256.0,52.0,101.0
423.0,254.0,52.0,102.0
424.0,255.0,52.0,101.0
426.0,257.0,51.0,101.0
427.0,258.0,51.0,100.0
427.0,260.0,51.0,99.0
428.0,261.0,52.0,99.0
428.0,263.0,52.0,98.0
429.0,265.0,54.0,98.0
430.0,266.0,55.0,99.0
431.0,268.0,57.0,99.0
431.0,268.0,58.0,99.0
431.0,268.0,59.0,98.0
431.0,268.0,60.0,98.0
434.0,268.0,60.0,99.0
436.0,269.0,60.0,101.0
439.0,269.0,60.0,102.0
441.0,270.0,59.0,101.0
443.0,272.0,58.0,100.0
445.0,273.0,57.0,99.0
447.0,273.0,57.0,99.0
448.0,274.0,57.0,99.0
450.0,274.0,57.0,99.0
452.0,274.0,57.0,100.0
455.0,274.0,57.0,102.0
457.0,274.0,57.0,103.0
458.0,274.0,58.0,103.0
459.0,274.0,58.0,103.0
460.0,274.0,59.0,103.0
462.0,276.0,59.0,103.0
465.0,277.0,60.0,104.0
467.0,279.0,60.0,104.0
468.0,279.0,60.0,104.0
470.0,280.0,60.0,103.0
471.0,280.0,60.0,103.0
472.0,280.0,59.0,105.0
474.0,279.0,58.0,106.0
475.0,279.0,57.0,108.0
477.0,279.0,57.0,109.0
478.0,279.0,58.0,109.0
480.0,279.0,58.0,110.0
481.0,280.0,57.0,109.0
481.0,282.0,57.0,108.0
482.0,283.0,56.0,107.0
482.0,283.0,58.0,108.0
483.0,284.0,59.0,108.0
483.0,284.0,61.0,109.0
485.0,284.0,61.0,109.0
486.0,284.0,62.0,108.0
488.0,284.0,62.0,108.0
490.0,285.0,61.0,107.0
493.0,286.0,61.0,107.0
495.0,287.0,60.0,106.0
500.0,286.0,59.0,106.0
505.0,285.0,59.0,107.0
510.0,284.0,58.0,107.0
513.0,285.0,58.0,106.0
516.0,287.0,59.0,105.0
519.0,288.0,59.0,104.0
523.0,288.0,59.0,103.0
526.0,289.0,60.0,102.0
530.0,289.0,60.0,101.0
533.0,289.0,60.0,101.0
535.0,289.0,60.0,101.0
538.0,289.0,60.0,101.0
541.0,290.0,60.0,100.0
544.0,291.0,61.0,100.0
547.0,292.0,61.0,99.0
551.0,292.0,61.0,100.0
554.0,291.0,61.0,101.0
558.0,291.0,61.0,102.0
561.0,291.0,61.0,102.0
563.0,290.0,62.0,103.0
566.0,290.0,62.0,103.0
571.0,291.0,62.0,102.0
577.0,291.0,61.0,101.0
582.0,292.0,61.0,100.0
585.0,292.0,61.0,100.0
588.0,293.0,61.0,100.0
591.0,293.0,61.0,100.0
594.0,293.0,61.0,100.0
596.0,293.0,60.0,101.0
599.0,293.0,60.0,101.0
605.0,293.0,58.0,101.0
611.0,293.0,56.0,100.0
617.0,293.0,54.0,100.0
619.0,292.0,55.0,101.0
620.0,291.0,57.0,102.0
622.0,290.0,58.0,103.0
627.0,291.0,57.0,102.0
631.0,292.0,57.0,100.0
636.0,293.0,56.0,99.0
639.0,293.0,54.0,99.0
643.0,294.0,53.0,100.0
646.0,294.0,51.0,100.0
649.0,294.0,50.0,99.0
653.0,295.0,50.0,97.0
656.0,295.0,49.0,96.0
660.0,295.0,50.0,95.0
664.0,295.0,52.0,94.0
668.0,295.0,53.0,93.0
671.0,294.0,54.0,94.0
675.0,294.0,55.0,96.0
678.0,293.0,56.0,97.0
682.0,294.0,56.0,97.0
687.0,294.0,57.0,96.0
691.0,295.0,57.0,96.0
694.0,295.0,57.0,95.0
697.0,295.0,58.0,94.0
700.0,295.0,58.0,93.0
703.0,295.0,57.0,93.0
707.0,295.0,55.0,93.0
710.0,295.0,54.0,93.0
715.0,294.0,54.0,94.0
721.0,294.0,54.0,95.0
726.0,293.0,54.0,96.0
729.0,294.0,53.0,95.0
733.0,296.0,53.0,93.0
736.0,297.0,52.0,92.0
741.0,295.0,51.0,93.0
745.0,294.0,50.0,95.0
750.0,292.0,49.0,96.0
753.0,292.0,49.0,96.0
757.0,292.0,50.0,97.0
760.0,292.0,50.0,97.0
763.0,292.0,49.0,97.0
766.0,292.0,48.0,96.0
769.0,292.0,47.0,96.0
773.0,292.0,47.0,95.0
777.0,292.0,48.0,95.0
781.0,292.0,48.0,94.0
784.0,292.0,47.0,95.0
786.0,291.0,47.0,96.0
789.0,291.0,46.0,97.0
793.0,291.0,45.0,97.0
797.0,291.0,43.0,98.0
801.0,291.0,42.0,98.0
804.0,292.0,42.0,97.0
806.0,292.0,41.0,95.0
809.0,293.0,41.0,94.0
810.0,293.0,41.0,94.0
812.0,292.0,42.0,94.0
813.0,292.0,42.0,94.0
817.0,292.0,41.0,95.0
820.0,293.0,39.0,95.0
824.0,293.0,38.0,96.0
825.0,293.0,39.0,95.0
826.0,292.0,40.0,95.0
827.0,292.0,41.0,94.0
829.0,292.0,40.0,93.0
831.0,292.0,40.0,93.0
833.0,292.0,39.0,92.0
834.0,292.0,39.0,92.0
836.0,292.0,39.0,93.0
837.0,292.0,39.0,93.0
838.0,292.0,39.0,92.0
840.0,292.0,38.0,91.0
841.0,292.0,38.0,90.0
842.0,292.0,37.0,90.0
843.0,293.0,37.0,91.0
844.0,293.0,36.0,91.0
844.0,293.0,36.0,91.0
843.0,292.0,37.0,90.0
843.0,292.0,37.0,90.0
842.0,291.0,37.0,90.0
842.0,291.0,36.0,89.0
841.0,290.0,36.0,89.0
839.0,290.0,36.0,89.0
836.0,290.0,37.0,90.0
834.0,290.0,37.0,90.0
832.0,289.0,37.0,90.0
829.0,289.0,38.0,89.0
827.0,288.0,38.0,89.0
823.0,287.0,38.0,89.0
818.0,286.0,38.0,90.0
814.0,285.0,38.0,90.0
812.0,284.0,38.0,90.0
809.0,284.0,39.0,91.0
807.0,283.0,39.0,91.0
804.0,283.0,39.0,90.0
800.0,284.0,38.0,90.0
797.0,284.0,38.0,89.0
792.0,283.0,36.0,89.0
788.0,283.0,35.0,89.0
783.0,282.0,33.0,89.0
780.0,282.0,33.0,88.0
777.0,282.0,34.0,88.0
774.0,282.0,34.0,87.0
771.0,280.0,34.0,88.0
769.0,279.0,33.0,88.0
766.0,277.0,33.0,89.0
765.0,277.0,33.0,89.0
763.0,277.0,32.0,89.0
762.0,277.0,32.0,89.0
761.0,276.0,32.0,89.0
759.0,276.0,31.0,89.0
758.0,275.0,31.0,89.0
755.0,274.0,32.0,88.0
753.0,273.0,33.0,87.0
750.0,272.0,34.0,86.0
749.0,272.0,33.0,85.0
749.0,273.0,32.0,85.0
748.0,273.0,31.0,84.0
745.0,272.0,33.0,85.0
742.0,272.0,34.0,86.0
739.0,271.0,36.0,87.0
737.0,271.0,35.0,86.0
736.0,270.0,35.0,85.0
734.0,270.0,34.0,84.0
733.0,270.0,34.0,84.0
731.0,269.0,34.0,83.0
730.0,269.0,34.0,83.0
727.0,267.0,34.0,85.0
725.0,265.0,34.0,87.0
722.0,263.0,34.0,89.0
720.0,263.0,35.0,89.0
719.0,264.0,36.0,88.0
717.0,264.0,37.0,88.0
714.0,264.0,38.0,87.0
711.0,264.0,38.0,87.0
708.0,264.0,39.0,86.0
706.0,263.0,37.0,86.0
705.0,263.0,36.0,86.0
703.0,262.0,34.0,86.0
701.0,261.0,35.0,87.0
700.0,260.0,35.0,88.0
698.0,259.0,36.0,89.0
694.0,259.0,37.0,89.0
691.0,259.0,38.0,88.0
687.0,259.0,39.0,88.0
685.0,259.0,39.0,88.0
683.0,259.0,40.0,89.0
681.0,259.0,40.0,89.0
678.0,258.0,40.0,88.0
674.0,258.0,39.0,87.0
671.0,257.0,39.0,86.0
668.0,256.0,41.0,85.0
664.0,255.0,44.0,83.0
661.0,254.0,46.0,82.0
660.0,253.0,44.0,82.0
658.0,253.0,41.0,83.0
657.0,252.0,39.0,83.0
654.0,252.0,40.0,82.0
651.0,252.0,40.0,82.0
648.0,252.0,41.0,81.0
644.0,252.0,43.0,81.0
641.0,252.0,44.0,81.0
637.0,252.0,46.0,81.0
634.0,253.0,44.0,80.0
631.0,253.0,43.0,78.0
628.0,254.0,41.0,77.0
626.0,254.0,41.0,77.0
625.0,254.0,41.0,77.0
623.0,254.0,41.0,77.0
620.0,255.0,42.0,76.0
617.0,256.0,42.0,74.0
614.0,257.0,43.0,73.0
612.0,258.0,42.0,74.0
610.0,258.0,40.0,75.0
608.0,259.0,39.0,76.0
605.0,259.0,40.0,74.0
602.0,260.0,40.0,73.0
599.0,260.0,41.0,71.0
595.0,262.0,43.0,70.0
591.0,263.0,45.0,70.0
587.0,265.0,47.0,69.0
585.0,266.0,46.0,69.0
584.0,267.0,45.0,70.0
582.0,268.0,44.0,70.0
579.0,268.0,45.0,71.0
577.0,269.0,46.0,71.0
574.0,269.0,47.0,72.0
572.0,269.0,45.0,78.0
569.0,270.0,44.0,85.0
567.0,270.0,42.0,91.0
564.0,270.0,42.0,91.0
562.0,270.0,43.0,90.0
559.0,270.0,43.0,90.0
556.0,270.0,43.0,91.0
552.0,270.0,43.0,92.0
549.0,270.0,43.0,93.0
546.0,271.0,43.0,93.0
544.0,271.0,42.0,92.0
541.0,272.0,42.0,92.0
539.0,272.0,41.0,92.0
536.0,273.0,41.0,93.0
534.0,273.0,40.0,93.0
530.0,274.0,40.0,92.0
526.0,276.0,41.0,92.0
522.0,277.0,41.0,91.0
520.0,277.0,41.0,92.0
518.0,277.0,41.0,93.0
516.0,277.0,41.0,94.0
513.0,279.0,42.0,93.0
510.0,281.0,43.0,91.0
507.0,283.0,44.0,90.0
505.0,284.0,45.0,91.0
502.0,284.0,45.0,92.0
500.0,285.0,46.0,93.0
498.0,286.0,47.0,92.0
497.0,288.0,49.0,92.0
495.0,289.0,50.0,91.0
495.0,289.0,51.0,92.0
495.0,290.0,51.0,93.0
495.0,290.0,52.0,94.0
496.0,291.0,52.0,93.0
497.0,293.0,51.0,92.0
498.0,294.0,51.0,91.0
498.0,295.0,51.0,92.0
499.0,296.0,52.0,92.0
499.0,297.0,52.0,93.0
499.0,299.0,53.0,92.0
500.0,300.0,53.0,91.0
500.0,302.0,54.0,90.0
499.0,303.0,55.0,91.0
498.0,304.0,56.0,92.0
497.0,305.0,57.0,93.0
497.0,306.0,57.0,93.0
498.0,306.0,56.0,93.0
498.0,307.0,56.0,93.0
499.0,309.0,55.0,93.0
499.0,310.0,55.0,93.0
500.0,312.0,54.0,93.0
499.0,313.0,53.0,93.0
498.0,313.0,53.0,94.0
497.0,314.0,52.0,94.0
495.0,315.0,53.0,94.0
492.0,317.0,53.0,94.0
490.0,318.0,54.0,94.0
488.0,319.0,54.0,95.0
485.0,320.0,54.0,96.0
483.0,321.0,54.0,97.0
481.0,322.0,55.0,97.0
479.0,324.0,55.0,96.0
477.0,325.0,56.0,96.0
476.0,326.0,56.0,95.0
474.0,327.0,57.0,95.0
473.0,328.0,57.0,94.0
471.0,329.0,57.0,95.0
469.0,330.0,58.0,97.0
467.0,331.0,58.0,98.0
466.0,332.0,57.0,97.0
465.0,332.0,57.0,97.0
464.0,333.0,56.0,96.0
463.0,334.0,56.0,96.0
461.0,334.0,57.0,97.0
460.0,335.0,57.0,97.0
460.0,337.0,55.0,96.0
459.0,340.0,54.0,94.0
459.0,342.0,52.0,93.0
459.0,343.0,52.0,93.0
458.0,344.0,52.0,92.0
458.0,345.0,52.0,92.0
458.0,346.0,52.0,93.0
457.0,346.0,52.0,95.0
457.0,347.0,52.0,96.0
459.0,348.0,52.0,95.0
462.0,349.0,51.0,95.0
464.0,350.0,51.0,94.0
466.0,350.0,52.0,94.0
467.0,351.0,53.0,93.0
469.0,351.0,54.0,93.0
469.0,352.0,55.0,93.0
469.0,353.0,57.0,92.0
469.0,354.0,58.0,92.0
467.0,354.0,60.0,93.0
466.0,355.0,62.0,95.0
464.0,355.0,64.0,96.0
460.0,357.0,65.0,94.0
455.0,360.0,65.0,93.0
451.0,362.0,66.0,91.0
449.0,363.0,64.0,91.0
447.0,363.0,63.0,91.0
445.0,364.0,61.0,91.0
441.0,364.0,62.0,91.0
436.0,364.0,62.0,92.0
432.0,364.0,63.0,92.0
428.0,365.0,62.0,92.0
424.0,366.0,61.0,92.0
420.0,367.0,60.0,92.0
415.0,367.0,61.0,92.0
410.0,368.0,63.0,92.0
405.0,368.0,64.0,92.0
400.0,368.0,65.0,94.0
395.0,369.0,67.0,96.0
390.0,369.0,68.0,98.0
387.0,370.0,68.0,97.0
384.0,370.0,68.0,97.0
381.0,371.0,68.0,96.0
378.0,372.0,69.0,95.0
375.0,372.0,71.0,95.0
372.0,373.0,72.0,94.0
367.0,375.0,74.0,93.0
363.0,376.0,77.0,93.0
358.0,378.0,79.0,92.0
355.0,378.0,79.0,92.0
352.0,378.0,80.0,93.0
349.0,378.0,80.0,93.0
348.0,378.0,80.0,94.0
346.0,379.0,80.0,96.0
345.0,379.0,80.0,97.0
344.0,379.0,81.0,98.0
344.0,379.0,81.0,98.0
343.0,379.0,82.0,99.0
342.0,379.0,82.0,99.0
342.0,380.0,83.0,100.0
341.0,380.0,83.0,100.0
340.0,381.0,83.0,101.0
339.0,381.0,83.0,102.0
338.0,382.0,83.0,103.0
338.0,382.0,83.0,104.0
338.0,382.0,82.0,105.0
338.0,382.0,82.0,106.0
336.0,384.0,83.0,105.0
335.0,385.0,85.0,103.0
333.0,387.0,86.0,102.0
334.0,387.0,85.0,102.0
334.0,387.0,84.0,101.0
335.0,387.0,83.0,101.0
336.0,386.0,82.0,102.0
338.0,384.0,81.0,103.0
339.0,383.0,80.0,104.0
341.0,382.0,80.0,104.0
342.0,381.0,81.0,104.0
344.0,380.0,81.0,104.0
350.0,379.0,82.0,103.0
356.0,378.0,83.0,103.0
362.0,377.0,84.0,102.0
371.0,375.0,83.0,103.0
379.0,372.0,82.0,105.0
388.0,370.0,81.0,106.0
402.0,369.0,82.0,104.0
415.0,367.0,82.0,103.0
429.0,366.0,83.0,101.0
437.0,365.0,85.0,100.0
446.0,363.0,86.0,100.0
454.0,362.0,88.0,99.0
467.0,359.0,87.0,99.0
481.0,357.0,85.0,100.0
494.0,354.0,84.0,100.0
500.0,353.0,85.0,99.0
507.0,353.0,86.0,99.0
513.0,352.0,87.0,98.0
514.0,351.0,88.0,98.0
515.0,350.0,90.0,99.0
516.0,349.0,91.0,99.0
516.0,347.0,91.0,99.0
517.0,346.0,90.0,99.0
517.0,344.0,90.0,99.0
517.0,344.0,90.0,98.0
518.0,343.0,89.0,98.0
518.0,343.0,89.0,97.0
519.0,340.0,89.0,98.0
519.0,338.0,88.0,99.0
520.0,335.0,88.0,100.0
520.0,335.0,89.0,99.0
520.0,334.0,89.0,97.0
520.0,334.0,90.0,96.0
522.0,332.0,90.0,97.0
525.0,329.0,90.0,97.0
527.0,327.0,90.0,98.0
534.0,322.0,89.0,97.0
541.0,318.0,89.0,97.0
548.0,313.0,88.0,96.0
550.0,310.0,88.0,97.0
552.0,306.0,89.0,97.0
554.0,303.0,89.0,98.0
556.0,300.0,89.0,96.0
558.0,296.0,88.0,95.0
560.0,293.0,88.0,93.0
563.0,290.0,87.0,94.0
565.0,287.0,87.0,95.0
568.0,284.0,86.0,96.0
568.0,281.0,87.0,97.0
569.0,278.0,87.0,97.0
569.0,275.0,88.0,98.0
569.0,270.0,89.0,99.0
570.0,266.0,90.0,99.0
570.0,261.0,91.0,100.0
571.0,258.0,90.0,100.0
572.0,255.0,90.0,99.0
573.0,252.0,89.0,99.0
575.0,247.0,89.0,100.0
577.0,243.0,88.0,101.0
579.0,238.0,88.0,102.0
582.0,236.0,86.0,101.0
585.0,234.0,85.0,99.0
588.0,232.0,83.0,98.0
591.0,229.0,83.0,99.0
595.0,226.0,83.0,101.0
598.0,223.0,83.0,102.0
601.0,220.0,83.0,101.0
604.0,218.0,84.0,100.0
607.0,215.0,84.0,99.0
608.0,213.0,84.0,99.0
609.0,212.0,84.0,100.0
610.0,210.0,84.0,100.0
613.0,208.0,83.0,101.0
615.0,207.0,82.0,103.0
618.0,205.0,81.0,104.0
619.0,206.0,81.0,104.0
620.0,206.0,81.0,103.0
621.0,207.0,81.0,103.0
623.0,207.0,80.0,103.0
625.0,207.0,80.0,102.0
627.0,207.0,79.0,102.0
628.0,206.0,80.0,103.0
630.0,206.0,81.0,105.0
631.0,205.0,82.0,106.0
633.0,206.0,81.0,105.0
634.0,206.0,80.0,103.0
636.0,207.0,79.0,102.0
638.0,207.0,80.0,102.0
639.0,208.0,80.0,103.0
641.0,208.0,81.0,103.0
644.0,208.0,80.0,103.0
647.0,207.0,78.0,102.0
650.0,207.0,77.0,102.0
651.0,207.0,77.0,101.0
652.0,208.0,78.0,101.0
653.0,208.0,78.0,100.0
656.0,207.0,78.0,101.0
659.0,205.0,77.0,102.0
662.0,204.0,77.0,103.0
663.0,204.0,78.0,103.0
665.0,204.0,79.0,102.0
666.0,204.0,80.0,102.0
668.0,203.0,79.0,102.0
669.0,203.0,79.0,102.0
671.0,202.0,78.0,102.0
672.0,201.0,78.0,103.0
673.0,199.0,78.0,105.0
674.0,198.0,78.0,106.0
675.0,198.0,77.0,105.0
675.0,199.0,75.0,103.0
676.0,199.0,74.0,102.0
674.0,198.0,74.0,102.0
671.0,198.0,73.0,102.0
669.0,197.0,73.0,102.0
666.0,196.0,74.0,102.0
663.0,196.0,75.0,101.0
660.0,195.0,76.0,101.0
656.0,194.0,76.0,101.0
653.0,192.0,76.0,100.0
649.0,191.0,76.0,100.0
647.0,190.0,75.0,100.0
646.0,190.0,75.0,100.0
644.0,189.0,74.0,100.0
642.0,189.0,75.0,99.0
639.0,188.0,75.0,98.0
637.0,188.0,76.0,97.0
638.0,187.0,75.0,97.0
638.0,185.0,74.0,96.0
639.0,184.0,73.0,96.0
639.0,182.0,73.0,97.0
640.0,180.0,73.0,97.0
640.0,178.0,73.0,98.0
640.0,177.0,73.0,98.0
639.0,175.0,73.0,99.0
639.0,174.0,73.0,99.0
638.0,175.0,73.0,97.0
638.0,176.0,72.0,94.0
637.0,177.0,72.0,92.0
637.0,176.0,72.0,91.0
637.0,176.0,71.0,91.0
637.0,175.0,71.0,90.0
634.0,174.0,71.0,91.0
632.0,172.0,72.0,92.0
629.0,171.0,72.0,93.0
627.0,171.0,72.0,91.0
626.0,171.0,71.0,89.0
624.0,171.0,71.0,87.0
622.0,170.0,71.0,88.0
621.0,168.0,70.0,90.0
619.0,167.0,70.0,91.0
618.0,167.0,69.0,90.0
617.0,167.0,69.0,89.0
616.0,167.0,68.0,88.0
615.0,167.0,68.0,88.0
613.0,168.0,67.0,87.0
612.0,168.0,67.0,87.0
609.0,167.0,67.0,88.0
607.0,166.0,67.0,88.0
604.0,165.0,67.0,89.0
603.0,166.0,66.0,87.0
603.0,168.0,65.0,86.0
602.0,169.0,64.0,84.0
599.0,169.0,65.0,85.0
596.0,169.0,65.0,85.0
593.0,169.0,66.0,86.0
593.0,170.0,64.0,85.0
594.0,171.0,61.0,83.0
594.0,172.0,59.0,82.0
593.0,173.0,58.0,82.0
591.0,173.0,58.0,82.0
590.0,174.0,57.0,82.0
589.0,174.0,54.0,83.0
587.0,175.0,52.0,85.0
586.0,175.0,49.0,86.0
583.0,177.0,49.0,86.0
581.0,178.0,50.0,86.0
578.0,180.0,50.0,86.0
577.0,180.0,48.0,87.0
575.0,181.0,46.0,87.0
574.0,181.0,44.0,88.0
571.0,182.0,46.0,88.0
569.0,183.0,47.0,89.0
566.0,184.0,49.0,89.0
565.0,184.0,48.0,89.0
565.0,185.0,47.0,90.0
564.0,185.0,46.0,90.0
562.0,187.0,47.0,89.0
560.0,189.0,47.0,89.0
558.0,191.0,48.0,88.0
557.0,192.0,48.0,88.0
555.0,192.0,49.0,88.0
554.0,193.0,49.0,88.0
553.0,194.0,49.0,88.0
553.0,196.0,50.0,89.0
552.0,197.0,50.0,89.0
551.0,199.0,51.0,87.0
551.0,201.0,51.0,84.0
550.0,203.0,52.0,82.0
549.0,204.0,52.0,81.0
547.0,204.0,53.0,81.0
546.0,205.0,53.0,80.0
546.0,205.0,52.0,81.0
547.0,204.0,50.0,83.0
547.0,204.0,49.0,84.0
547.0,204.0,49.0,83.0
546.0,205.0,50.0,83.0
546.0,205.0,50.0,82.0
547.0,206.0,49.0,81.0
547.0,207.0,49.0,81.0
548.0,208.0,48.0,80.0
550.0,208.0,47.0,81.0
551.0,208.0,45.0,83.0
553.0,208.0,44.0,84.0
553.0,208.0,44.0,83.0
553.0,209.0,44.0,82.0
553.0,209.0,44.0,81.0
555.0,211.0,45.0,80.0
556.0,212.0,46.0,78.0
558.0,214.0,47.0,77.0
559.0,214.0,47.0,77.0
561.0,213.0,48.0,76.0
562.0,213.0,48.0,76.0
566.0,214.0,48.0,76.0
570.0,214.0,48.0,77.0
574.0,215.0,48.0,77.0
576.0,216.0,48.0,77.0
578.0,216.0,48.0,78.0
580.0,217.0,48.0,78.0
581.0,217.0,48.0,78.0
582.0,217.0,47.0,77.0
583.0,217.0,47.0,77.0
585.0,217.0,46.0,78.0
588.0,218.0,44.0,78.0
590.0,218.0,43.0,79.0
591.0,219.0,42.0,78.0
593.0,220.0,41.0,78.0
594.0,221.0,40.0,77.0
595.0,221.0,40.0,78.0
596.0,221.0,40.0,78.0
597.0,221.0,40.0,79.0
596.0,222.0,41.0,78.0
595.0,224.0,43.0,78.0
594.0,225.0,44.0,77.0
595.0,225.0,44.0,77.0
595.0,224.0,43.0,77.0
596.0,224.0,43.0,77.0
597.0,225.0,44.0,77.0
598.0,226.0,45.0,78.0
599.0,227.0,46.0,78.0
601.0,227.0,45.0,79.0
602.0,228.0,43.0,79.0
604.0,228.0,42.0,80.0
604.0,228.0,43.0,79.0
603.0,229.0,45.0,79.0
603.0,229.0,46.0,78.0
605.0,229.0,46.0,78.0
608.0,230.0,46.0,78.0
610.0,230.0,46.0,78.0
611.0,231.0,45.0,78.0
613.0,231.0,44.0,78.0
614.0,232.0,43.0,78.0
615.0,232.0,43.0,78.0
616.0,233.0,43.0,77.0
617.0,233.0,43.0,77.0
617.0,233.0,44.0,77.0
618.0,232.0,45.0,77.0
618.0,232.0,46.0,77.0
620.0,232.0,46.0,77.0
621.0,233.0,46.0,77.0
623.0,233.0,46.0,77.0
626.0,233.0,47.0,77.0
629.0,232.0,48.0,77.0
632.0,232.0,49.0,77.0
634.0,232.0,49.0,77.0
636.0,232.0,49.0,77.0
638.0,232.0,49.0,77.0
642.0,233.0,48.0,76.0
645.0,233.0,48.0,75.0
649.0,234.0,47.0,74.0
651.0,234.0,46.0,74.0
653.0,235.0,44.0,74.0
655.0,235.0,43.0,74.0
656.0,236.0,43.0,74.0
657.0,236.0,43.0,74.0
658.0,237.0,43.0,74.0
659.0,238.0,43.0,73.0
661.0,239.0,43.0,73.0
662.0,240.0,43.0,72.0
664.0,241.0,43.0,72.0
665.0,241.0,43.0,72.0
667.0,242.0,43.0,72.0
669.0,243.0,42.0,71.0
671.0,244.0,41.0,71.0
673.0,245.0,40.0,70.0
674.0,245.0,40.0,70.0
676.0,246.0,40.0,70.0
677.0,246.0,40.0,70.0
679.0,247.0,40.0,70.0
680.0,247.0,40.0,70.0
682.0,248.0,40.0,70.0
684.0,247.0,42.0,71.0
685.0,247.0,43.0,72.0
687.0,246.0,45.0,73.0
688.0,245.0,45.0,74.0
689.0,245.0,46.0,74.0
690.0,244.0,46.0,75.0
691.0,244.0,45.0,76.0
693.0,243.0,45.0,77.0
694.0,243.0,44.0,78.0
695.0,243.0,43.0,79.0
697.0,242.0,42.0,79.0
698.0,242.0,41.0,80.0
699.0,242.0,41.0,81.0
701.0,242.0,41.0,82.0
702.0,242.0,41.0,83.0
703.0,242.0,41.0,83.0
705.0,243.0,41.0,83.0
706.0,243.0,41.0,83.0
707.0,243.0,41.0,83.0
709.0,244.0,41.0,83.0
710.0,244.0,41.0,83.0
711.0,245.0,41.0,83.0
713.0,246.0,41.0,83.0
714.0,247.0,41.0,83.0
715.0,247.0,41.0,83.0
715.0,247.0,41.0,83.0
716.0,247.0,41.0,83.0
717.0,247.0,41.0,83.0
718.0,246.0,41.0,84.0
719.0,246.0,41.0,84.0
720.0,247.0,41.0,84.0
722.0,247.0,41.0,84.0
723.0,248.0,41.0,84.0
724.0,248.0,41.0,84.0
724.0,249.0,41.0,84.0
725.0,249.0,41.0,84.0
727.0,249.0,41.0,84.0
729.0,248.0,42.0,84.0
731.0,248.0,42.0,84.0
733.0,248.0,42.0,84.0
734.0,249.0,41.0,84.0
736.0,249.0,41.0,84.0
737.0,249.0,41.0,84.0
738.0,249.0,41.0,85.0
739.0,249.0,41.0,85.0
741.0,249.0,40.0,86.0
743.0,250.0,40.0,86.0
745.0,250.0,39.0,87.0
745.0,250.0,39.0,87.0
746.0,250.0,39.0,87.0
746.0,250.0,39.0,87.0
746.0,250.0,40.0,87.0
747.0,250.0,41.0,88.0
747.0,250.0,42.0,88.0
748.0,251.0,42.0,88.0
748.0,251.0,42.0,88.0
749.0,252.0,42.0,88.0
750.0,252.0,42.0,88.0
751.0,253.0,42.0,88.0
752.0,253.0,42.0,88.0
754.0,253.0,42.0,88.0
755.0,253.0,41.0,88.0
757.0,253.0,41.0,88.0
758.0,253.0,41.0,88.0
759.0,253.0,41.0,88.0
760.0,253.0,41.0,88.0
760.0,253.0,41.0,88.0
761.0,253.0,41.0,88.0
761.0,253.0,41.0,88.0
761.0,253.0,41.0,88.0
762.0,254.0,41.0,88.0
762.0,254.0,41.0,88.0
763.0,254.0,41.0,88.0
765.0,255.0,41.0,88.0
766.0,255.0,41.0,88.0
768.0,255.0,41.0,88.0
769.0,256.0,41.0,88.0
771.0,256.0,41.0,88.0
772.0,256.0,41.0,88.0
773.0,256.0,41.0,88.0
774.0,256.0,41.0,88.0
775.0,256.0,41.0,89.0
775.0,257.0,41.0,89.0
776.0,257.0,41.0,90.0
777.0,257.0,41.0,90.0
778.0,258.0,41.0,90.0
779.0,258.0,41.0,90.0
779.0,258.0,42.0,90.0
780.0,258.0,43.0,90.0
780.0,258.0,44.0,90.0
782.0,259.0,44.0,90.0
783.0,261.0,44.0,90.0
785.0,262.0,44.0,90.0
787.0,262.0,43.0,89.0
788.0,263.0,42.0,88.0
790.0,263.0,41.0,87.0
791.0,263.0,41.0,87.0
793.0,264.0,41.0,87.0
794.0,264.0,41.0,87.0
794.0,264.0,41.0,87.0
794.0,264.0,41.0,87.0
794.0,264.0,41.0,87.0
794.0,264.0,41.0,88.0
794.0,264.0,41.0,89.0
794.0,264.0,41.0,90.0
794.0,265.0,41.0,90.0
794.0,265.0,41.0,90.0
794.0,266.0,41.0,90.0
794.0,266.0,41.0,90.0
794.0,266.0,41.0,90.0
794.0,266.0,41.0,90.0
793.0,267.0,41.0,90.0
792.0,268.0,41.0,90.0
791.0,269.0,41.0,90.0
790.0,270.0,41.0,90.0
788.0,270.0,41.0,90.0
787.0,271.0,41.0,90.0
786.0,271.0,42.0,90.0
786.0,272.0,44.0,90.0
785.0,272.0,45.0,90.0
784.0,272.0,45.0,90.0
784.0,272.0,45.0,90.0
783.0,272.0,45.0,90.0
783.0,272.0,44.0,90.0
783.0,272.0,42.0,90.0
783.0,272.0,41.0,90.0
782.0,273.0,41.0,90.0
782.0,274.0,41.0,91.0
781.0,275.0,41.0,91.0
780.0,275.0,41.0,91.0
780.0,276.0,41.0,91.0
779.0,276.0,41.0,91.0
778.0,276.0,41.0,91.0
777.0,277.0,41.0,91.0
776.0,277.0,41.0,91.0
776.0,277.0,41.0,92.0
775.0,278.0,41.0,92.0
775.0,278.0,41.0,93.0
774.0,279.0,41.0,93.0
773.0,279.0,42.0,93.0
772.0,280.0,42.0,93.0
771.0,280.0,42.0,93.0
771.0,281.0,42.0,93.0
770.0,281.0,42.0,93.0
769.0,282.0,42.0,93.0
768.0,282.0,42.0,93.0
767.0,283.0,42.0,93.0
766.0,284.0,42.0,93.0
766.0,284.0,42.0,93.0
765.0,285.0,42.0,93.0
764.0,286.0,42.0,93.0
764.0,286.0,42.0,93.0
763.0,287.0,42.0,93.0
763.0,287.0,42.0,93.0
764.0,288.0,42.0,94.0
764.0,288.0,42.0,94.0
764.0,289.0,42.0,94.0
764.0,290.0,42.0,94.0
764.0,291.0,42.0,94.0
764.0,292.0,42.0,94.0
763.0,292.0,42.0,94.0
763.0,293.0,42.0,94.0
763.0,294.0,42.0,94.0
762.0,294.0,41.0,95.0
762.0,295.0,41.0,95.0
762.0,295.0,41.0,96.0
762.0,296.0,41.0,96.0
762.0,296.0,41.0,97.0
762.0,297.0,41.0,97.0
763.0,298.0,42.0,97.0
763.0,299.0,42.0,97.0
763.0,300.0,42.0,97.0
762.0,300.0,42.0,98.0
762.0,301.0,42.0,98.0
762.0,302.0,42.0,99.0
762.0,302.0,42.0,99.0
762.0,303.0,42.0,100.0
762.0,304.0,42.0,100.0
762.0,304.0,42.0,100.0
762.0,305.0,42.0,100.0
763.0,306.0,42.0,100.0
764.0,306.0,42.0,100.0
765.0,307.0,42.0,100.0
766.0,307.0,42.0,100.0
766.0,308.0,42.0,100.0
767.0,308.0,42.0,100.0
767.0,308.0,42.0,100.0
768.0,309.0,42.0,100.0
768.0,309.0,42.0,100.0
768.0,310.0,42.0,100.0
768.0,310.0,42.0,100.0
768.0,311.0,42.0,100.0
768.0,312.0,42.0,100.0
768.0,312.0,43.0,100.0
768.0,313.0,43.0,100.0
767.0,312.0,45.0,102.0
767.0,312.0,46.0,104.0
766.0,311.0,48.0,106.0
767.0,312.0,47.0,106.0
767.0,312.0,46.0,106.0
768.0,313.0,45.0,106.0
768.0,313.0,45.0,106.0
769.0,313.0,44.0,106.0
769.0,313.0,44.0,106.0
768.0,313.0,44.0,106.0
768.0,312.0,44.0,107.0
767.0,312.0,44.0,107.0
767.0,312.0,44.0,107.0
766.0,312.0,44.0,107.0
766.0,312.0,44.0,107.0
766.0,312.0,44.0,107.0
765.0,312.0,44.0,107.0
765.0,312.0,44.0,107.0
765.0,312.0,44.0,107.0
765.0,312.0,44.0,107.0
765.0,312.0,44.0,107.0
765.0,312.0,44.0,107.0
765.0,312.0,44.0,107.0
765.0,312.0,44.0,107.0
764.0,311.0,44.0,107.0
763.0,309.0,44.0,107.0
762.0,308.0,44.0,107.0
761.0,308.0,44.0,107.0
761.0,307.0,44.0,107.0
760.0,307.0,44.0,107.0
760.0,306.0,44.0,108.0
760.0,306.0,43.0,108.0
760.0,305.0,43.0,109.0
759.0,305.0,43.0,109.0
759.0,305.0,43.0,109.0
758.0,305.0,43.0,109.0
758.0,304.0,43.0,110.0
757.0,303.0,43.0,110.0
757.0,302.0,43.0,111.0
756.0,302.0,43.0,111.0
754.0,301.0,43.0,111.0
753.0,301.0,43.0,111.0
753.0,301.0,44.0,111.0
753.0,301.0,44.0,111.0
753.0,301.0,45.0,111.0
752.0,300.0,45.0,111.0
752.0,300.0,45.0,111.0
751.0,299.0,45.0,111.0
751.0,299.0,45.0,111.0
751.0,298.0,45.0,111.0
751.0,298.0,45.0,111.0
751.0,298.0,45.0,111.0
751.0,298.0,45.0,111.0
751.0,298.0,45.0,111.0
751.0,297.0,45.0,111.0
750.0,296.0,45.0,111.0
750.0,295.0,45.0,111.0
751.0,295.0,45.0,111.0
751.0,294.0,45.0,111.0
752.0,294.0,45.0,111.0
753.0,293.0,45.0,111.0
753.0,292.0,45.0,111.0
754.0,291.0,45.0,111.0
755.0,290.0,45.0,111.0
755.0,290.0,45.0,111.0
756.0,289.0,45.0,111.0
757.0,288.0,45.0,111.0
757.0,288.0,45.0,111.0
758.0,287.0,45.0,111.0
760.0,286.0,44.0,111.0
761.0,286.0,44.0,111.0
763.0,285.0,43.0,111.0
764.0,284.0,43.0,111.0
764.0,283.0,43.0,111.0
765.0,282.0,43.0,111.0
766.0,281.0,43.0,111.0
768.0,281.0,43.0,111.0
769.0,280.0,43.0,111.0
770.0,279.0,43.0,111.0
771.0,277.0,43.0,111.0
772.0,276.0,43.0,111.0
773.0,276.0,43.0,110.0
775.0,276.0,43.0,109.0
776.0,276.0,43.0,108.0
777.0,274.0,43.0,108.0
778.0,273.0,43.0,108.0
779.0,271.0,43.0,108.0
780.0,271.0,43.0,108.0
780.0,270.0,43.0,108.0
781.0,270.0,43.0,108.0
783.0,269.0,43.0,108.0
784.0,269.0,43.0,108.0
786.0,268.0,43.0,108.0
786.0,268.0,43.0,107.0
787.0,267.0,43.0,106.0
787.0,267.0,43.0,105.0
788.0,267.0,43.0,105.0
789.0,266.0,43.0,105.0
790.0,266.0,43.0,105.0
790.0,266.0,43.0,104.0
791.0,265.0,44.0,103.0
791.0,265.0,44.0,102.0
791.0,265.0,44.0,102.0
791.0,264.0,44.0,102.0
791.0,264.0,44.0,102.0
790.0,263.0,44.0,101.0
790.0,263.0,44.0,100.0
789.0,262.0,44.0,99.0
789.0,262.0,44.0,99.0
788.0,262.0,44.0,99.0
788.0,262.0,44.0,99.0
787.0,261.0,44.0,99.0
787.0,260.0,44.0,99.0
786.0,259.0,44.0,99.0
785.0,259.0,44.0,99.0
784.0,258.0,44.0,99.0
783.0,258.0,44.0,99.0
782.0,259.0,44.0,97.0
782.0,260.0,44.0,95.0
781.0,261.0,44.0,93.0
780.0,260.0,44.0,93.0
778.0,260.0,45.0,93.0
777.0,259.0,45.0,93.0
776.0,258.0,45.0,93.0
774.0,258.0,45.0,93.0
773.0,257.0,45.0,93.0
772.0,256.0,45.0,93.0
770.0,256.0,45.0,93.0
769.0,255.0,45.0,93.0
767.0,254.0,45.0,94.0
766.0,253.0,46.0,95.0
764.0,252.0,46.0,96.0
763.0,251.0,45.0,97.0
763.0,249.0,45.0,99.0
762.0,248.0,44.0,100.0
760.0,246.0,44.0,101.0
759.0,245.0,44.0,101.0
757.0,243.0,44.0,102.0
756.0,243.0,44.0,102.0
756.0,243.0,44.0,102.0
755.0,243.0,44.0,102.0
754.0,243.0,43.0,102.0
754.0,243.0,43.0,102.0
753.0,243.0,42.0,102.0
751.0,242.0,42.0,102.0
749.0,242.0,42.0,102.0
747.0,241.0,42.0,102.0
746.0,241.0,42.0,102.0
745.0,240.0,42.0,102.0
744.0,240.0,42.0,102.0
744.0,240.0,42.0,102.0
743.0,240.0,42.0,102.0
743.0,240.0,42.0,102.0
741.0,240.0,42.0,102.0
740.0,239.0,42.0,102.0
738.0,239.0,42.0,102.0
737.0,239.0,42.0,102.0
736.0,239.0,42.0,102.0
735.0,239.0,42.0,102.0
734.0,239.0,42.0,102.0
732.0,240.0,42.0,102.0
731.0,240.0,42.0,102.0
730.0,240.0,42.0,102.0
730.0,239.0,42.0,102.0
729.0,239.0,42.0,102.0
727.0,239.0,42.0,102.0
726.0,239.0,42.0,102.0
724.0,239.0,42.0,102.0
723.0,239.0,42.0,102.0
722.0,239.0,42.0,102.0
721.0,239.0,42.0,102.0
720.0,239.0,42.0,102.0
719.0,239.0,42.0,102.0
718.0,239.0,42.0,102.0
716.0,239.0,42.0,103.0
714.0,238.0,42.0,105.0
712.0,238.0,42.0,106.0
711.0,238.0,42.0,106.0
709.0,238.0,43.0,106.0
708.0,238.0,43.0,106.0
706.0,238.0,43.0,106.0
704.0,238.0,43.0,106.0
702.0,238.0,43.0,106.0
701.0,238.0,43.0,106.0
701.0,238.0,43.0,106.0
700.0,238.0,43.0,106.0
699.0,238.0,43.0,106.0
697.0,238.0,43.0,106.0
696.0,238.0,43.0,106.0
694.0,238.0,43.0,106.0
692.0,238.0,43.0,106.0
690.0,238.0,43.0,106.0
689.0,238.0,43.0,106.0
688.0,238.0,43.0,106.0
687.0,238.0,43.0,106.0
685.0,238.0,43.0,106.0
682.0,238.0,43.0,106.0
680.0,238.0,43.0,106.0
678.0,238.0,43.0,106.0
677.0,239.0,43.0,106.0
675.0,239.0,43.0,106.0
674.0,239.0,43.0,106.0
673.0,238.0,43.0,106.0
672.0,238.0,43.0,106.0
671.0,238.0,43.0,106.0
669.0,238.0,43.0,106.0
668.0,238.0,43.0,106.0
667.0,238.0,43.0,106.0
666.0,237.0,43.0,106.0
665.0,237.0,43.0,106.0
665.0,236.0,43.0,107.0
664.0,234.0,43.0,107.0
664.0,233.0,43.0,108.0
664.0,233.0,43.0,108.0
663.0,233.0,43.0,108.0
663.0,233.0,43.0,108.0
663.0,233.0,43.0,108.0
663.0,232.0,43.0,108.0
663.0,232.0,43.0,108.0
662.0,231.0,43.0,108.0
660.0,230.0,43.0,108.0
659.0,229.0,43.0,108.0
659.0,229.0,43.0,108.0
659.0,229.0,43.0,108.0
659.0,229.0,43.0,108.0
658.0,228.0,43.0,108.0
658.0,227.0,43.0,108.0
657.0,226.0,43.0,108.0
657.0,226.0,43.0,108.0
657.0,226.0,43.0,108.0
657.0,226.0,43.0,108.0
657.0,226.0,43.0,108.0
657.0,226.0,43.0,108.0
657.0,226.0,43.0,108.0
657.0,226.0,43.0,108.0
657.0,226.0,43.0,108.0
657.0,226.0,43.0,108.0
657.0,226.0,43.0,108.0
657.0,226.0,43.0,108.0
657.0,226.0,43.0,108.0
657.0,226.0,43.0,108.0
657.0,226.0,43.0,108.0
657.0,226.0,43.0,108.0
658.0,226.0,43.0,108.0
658.0,227.0,43.0,108.0
659.0,227.0,43.0,108.0
659.0,227.0,43.0,109.0
659.0,228.0,43.0,110.0
659.0,228.0,43.0,111.0
660.0,229.0,43.0,111.0
660.0,229.0,43.0,111.0
661.0,230.0,43.0,111.0
661.0,231.0,43.0,112.0
660.0,231.0,44.0,112.0
660.0,232.0,44.0,113.0
660.0,233.0,44.0,113.0
660.0,233.0,44.0,113.0
660.0,234.0,44.0,113.0
661.0,235.0,44.0,114.0
661.0,236.0,44.0,114.0
662.0,237.0,44.0,115.0
663.0,238.0,44.0,115.0
663.0,238.0,44.0,115.0
664.0,239.0,44.0,115.0
664.0,240.0,44.0,116.0
665.0,241.0,44.0,117.0
665.0,242.0,44.0,118.0
666.0,243.0,44.0,118.0
667.0,243.0,44.0,118.0
668.0,244.0,44.0,118.0
668.0,246.0,44.0,117.0
669.0,247.0,45.0,117.0
669.0,249.0,45.0,116.0
669.0,250.0,45.0,117.0
670.0,252.0,45.0,118.0
670.0,253.0,45.0,119.0
671.0,254.0,45.0,119.0
671.0,256.0,45.0,119.0
672.0,257.0,45.0,119.0
672.0,259.0,45.0,120.0
673.0,261.0,45.0,121.0
673.0,263.0,45.0,122.0
673.0,264.0,45.0,122.0
674.0,266.0,45.0,122.0
674.0,267.0,45.0,122.0
674.0,268.0,45.0,122.0
675.0,270.0,45.0,122.0
675.0,271.0,45.0,122.0
674.0,274.0,47.0,123.0
674.0,277.0,49.0,123.0
673.0,280.0,51.0,124.0
674.0,282.0,51.0,124.0
674.0,284.0,51.0,124.0
675.0,286.0,51.0,124.0
676.0,288.0,50.0,124.0
676.0,289.0,49.0,125.0
677.0,291.0,48.0,125.0
677.0,293.0,48.0,125.0
677.0,295.0,48.0,125.0
677.0,297.0,48.0,125.0
677.0,299.0,49.0,126.0
676.0,302.0,49.0,126.0
676.0,304.0,50.0,127.0
675.0,307.0,50.0,127.0
675.0,311.0,51.0,127.0
674.0,314.0,51.0,127.0
673.0,317.0,52.0,125.0
672.0,321.0,52.0,123.0
671.0,324.0,53.0,121.0
670.0,327.0,53.0,121.0
669.0,331.0,54.0,122.0
668.0,334.0,54.0,122.0
666.0,337.0,54.0,122.0
665.0,339.0,54.0,122.0
663.0,342.0,54.0,122.0
661.0,344.0,54.0,122.0
660.0,345.0,55.0,123.0
658.0,347.0,55.0,123.0
655.0,350.0,55.0,123.0
653.0,354.0,55.0,124.0
650.0,357.0,55.0,124.0
648.0,359.0,56.0,125.0
646.0,361.0,56.0,125.0
644.0,363.0,57.0,126.0
641.0,365.0,57.0,128.0
638.0,367.0,58.0,131.0
635.0,369.0,58.0,133.0
632.0,371.0,58.0,133.0
630.0,374.0,58.0,133.0
627.0,376.0,58.0,133.0
625.0,378.0,58.0,133.0
624.0,379.0,58.0,133.0
622.0,381.0,58.0,133.0
619.0,384.0,59.0,134.0
615.0,387.0,61.0,135.0
612.0,390.0,62.0,136.0
610.0,392.0,62.0,136.0
608.0,394.0,62.0,135.0
606.0,396.0,62.0,135.0
602.0,399.0,62.0,136.0
598.0,402.0,62.0,136.0
594.0,405.0,62.0,137.0
592.0,407.0,62.0,137.0
589.0,408.0,62.0,137.0
587.0,410.0,62.0,137.0
585.0,411.0,62.0,139.0
582.0,413.0,63.0,141.0
580.0,414.0,63.0,143.0
578.0,417.0,63.0,143.0
575.0,419.0,63.0,143.0
573.0,422.0,63.0,143.0
572.0,424.0,63.0,143.0
571.0,426.0,63.0,143.0
570.0,428.0,63.0,143.0
568.0,430.0,65.0,143.0
565.0,431.0,66.0,144.0
563.0,433.0,68.0,144.0
562.0,434.0,69.0,145.0
561.0,434.0,71.0,145.0
560.0,435.0,72.0,146.0
558.0,435.0,75.0,147.0
555.0,435.0,77.0,147.0
553.0,435.0,80.0,148.0
550.0,434.0,87.0,149.0
547.0,434.0,94.0,149.0
544.0,433.0,101.0,150.0
544.0,433.0,104.0,150.0
544.0,432.0,106.0,151.0
544.0,432.0,109.0,151.0
545.0,430.0,113.0,152.0
545.0,428.0,118.0,153.0
546.0,426.0,122.0,154.0
548.0,424.0,125.0,154.0
550.0,423.0,128.0,154.0
552.0,421.0,131.0,154.0
556.0,419.0,132.0,152.0
560.0,418.0,134.0,151.0
564.0,416.0,135.0,149.0
571.0,411.0,135.0,150.0
577.0,407.0,135.0,152.0
584.0,402.0,135.0,153.0
589.0,398.0,134.0,154.0
594.0,394.0,133.0,155.0
599.0,390.0,132.0,156.0
606.0,384.0,127.0,157.0
612.0,378.0,122.0,157.0
619.0,372.0,117.0,158.0
621.0,368.0,115.0,158.0
622.0,364.0,112.0,159.0
624.0,360.0,110.0,159.0
625.0,356.0,108.0,159.0
625.0,351.0,105.0,159.0
626.0,347.0,103.0,159.0
625.0,341.0,102.0,159.0
625.0,334.0,100.0,158.0
624.0,328.0,99.0,158.0
625.0,324.0,97.0,158.0
625.0,320.0,95.0,157.0
626.0,316.0,93.0,157.0
627.0,312.0,91.0,155.0
629.0,307.0,90.0,154.0
630.0,303.0,88.0,152.0
632.0,301.0,87.0,151.0
633.0,298.0,87.0,151.0
635.0,296.0,86.0,150.0
637.0,294.0,85.0,149.0
640.0,292.0,84.0,148.0
642.0,290.0,83.0,147.0
646.0,286.0,81.0,146.0
650.0,283.0,78.0,144.0
654.0,279.0,76.0,143.0
657.0,277.0,74.0,142.0
661.0,274.0,71.0,141.0
664.0,272.0,69.0,140.0
668.0,268.0,68.0,139.0
673.0,265.0,67.0,139.0
677.0,261.0,66.0,138.0
680.0,258.0,65.0,138.0
683.0,256.0,64.0,138.0
686.0,253.0,63.0,138.0
688.0,252.0,63.0,137.0
691.0,251.0,63.0,136.0
693.0,250.0,63.0,135.0
695.0,247.0,62.0,135.0
698.0,244.0,60.0,135.0
700.0,241.0,59.0,135.0
702.0,239.0,59.0,135.0
704.0,238.0,58.0,135.0
706.0,236.0,58.0,135.0
708.0,234.0,57.0,136.0
711.0,232.0,57.0,136.0
713.0,230.0,56.0,137.0
714.0,229.0,57.0,137.0
716.0,227.0,57.0,137.0
717.0,226.0,58.0,137.0
719.0,226.0,58.0,137.0
721.0,226.0,58.0,137.0
723.0,226.0,58.0,137.0
726.0,225.0,58.0,135.0
729.0,223.0,58.0,133.0
732.0,222.0,58.0,131.0
733.0,222.0,58.0,130.0
735.0,222.0,58.0,129.0
736.0,222.0,58.0,128.0
740.0,222.0,56.0,125.0
743.0,222.0,55.0,123.0
747.0,222.0,53.0,120.0
749.0,221.0,53.0,120.0
750.0,219.0,53.0,120.0
752.0,218.0,53.0,120.0
754.0,218.0,52.0,120.0
756.0,217.0,50.0,119.0
758.0,217.0,49.0,119.0
761.0,215.0,48.0,119.0
763.0,213.0,47.0,119.0
766.0,211.0,46.0,119.0
767.0,211.0,46.0,119.0
768.0,211.0,47.0,119.0
769.0,211.0,47.0,119.0
770.0,210.0,47.0,120.0
771.0,208.0,47.0,121.0
772.0,207.0,47.0,122.0
772.0,207.0,47.0,122.0
773.0,206.0,47.0,122.0
773.0,206.0,47.0,122.0
773.0,206.0,48.0,122.0
774.0,205.0,50.0,122.0
774.0,205.0,51.0,122.0
774.0,205.0,51.0,120.0
775.0,205.0,52.0,119.0
775.0,205.0,52.0,117.0
775.0,205.0,51.0,116.0
776.0,205.0,50.0,114.0
776.0,205.0,49.0,113.0
776.0,204.0,48.0,113.0
775.0,202.0,47.0,113.0
775.0,201.0,46.0,113.0
775.0,199.0,45.0,114.0
776.0,198.0,45.0,115.0
776.0,196.0,44.0,116.0
776.0,195.0,44.0,116.0
775.0,195.0,44.0,116.0
775.0,194.0,44.0,116.0
775.0,193.0,43.0,116.0
776.0,193.0,43.0,116.0
776.0,192.0,42.0,116.0
776.0,192.0,42.0,116.0
776.0,192.0,42.0,116.0
776.0,192.0,42.0,116.0
774.0,192.0,43.0,115.0
771.0,191.0,43.0,113.0
769.0,191.0,44.0,112.0
768.0,190.0,44.0,112.0
767.0,189.0,44.0,112.0
766.0,188.0,44.0,112.0
764.0,188.0,45.0,111.0
762.0,187.0,47.0,110.0
760.0,187.0,48.0,109.0
759.0,186.0,48.0,109.0
759.0,185.0,48.0,109.0
758.0,184.0,48.0,109.0
758.0,183.0,48.0,109.0
757.0,182.0,48.0,109.0
757.0,181.0,48.0,109.0
758.0,182.0,46.0,108.0
758.0,182.0,45.0,106.0
759.0,183.0,43.0,105.0
757.0,182.0,45.0,105.0
755.0,182.0,46.0,104.0
753.0,181.0,48.0,104.0
751.0,180.0,49.0,104.0
750.0,178.0,50.0,104.0
748.0,177.0,51.0,104.0
746.0,176.0,50.0,104.0
745.0,174.0,49.0,104.0
743.0,173.0,48.0,104.0
741.0,172.0,48.0,104.0
739.0,171.0,48.0,104.0
737.0,170.0,48.0,104.0
736.0,169.0,48.0,104.0
734.0,168.0,48.0,104.0
733.0,167.0,48.0,104.0
732.0,166.0,48.0,103.0
730.0,164.0,47.0,103.0
729.0,163.0,47.0,102.0
728.0,162.0,47.0,102.0
728.0,162.0,47.0,102.0
727.0,161.0,47.0,102.0
726.0,161.0,47.0,102.0
724.0,160.0,47.0,102.0
723.0,160.0,47.0,102.0
722.0,160.0,47.0,101.0
722.0,159.0,47.0,100.0
721.0,159.0,47.0,99.0
720.0,158.0,47.0,100.0
719.0,157.0,47.0,100.0
718.0,156.0,47.0,101.0
718.0,155.0,47.0,101.0
718.0,155.0,47.0,101.0
718.0,154.0,47.0,101.0
718.0,153.0,46.0,102.0
719.0,153.0,46.0,102.0
719.0,152.0,45.0,103.0
718.0,152.0,47.0,103.0
716.0,153.0,50.0,103.0
715.0,153.0,52.0,103.0
714.0,153.0,53.0,103.0
713.0,153.0,54.0,103.0
712.0,153.0,55.0,103.0
712.0,154.0,54.0,102.0
713.0,155.0,53.0,100.0
713.0,156.0,52.0,99.0
711.0,156.0,52.0,99.0
710.0,156.0,52.0,99.0
708.0,156.0,52.0,99.0
708.0,155.0,51.0,101.0
708.0,155.0,50.0,102.0
708.0,154.0,49.0,104.0
706.0,154.0,49.0,104.0
704.0,155.0,49.0,104.0
702.0,155.0,49.0,104.0
702.0,156.0,48.0,103.0
701.0,158.0,47.0,102.0
701.0,159.0,46.0,101.0
699.0,159.0,46.0,101.0
698.0,160.0,46.0,101.0
696.0,160.0,46.0,101.0
694.0,160.0,46.0,101.0
693.0,161.0,46.0,101.0
691.0,161.0,46.0,101.0
691.0,161.0,45.0,100.0
692.0,161.0,45.0,100.0
692.0,161.0,44.0,99.0
693.0,162.0,43.0,97.0
693.0,164.0,42.0,96.0
694.0,165.0,41.0,94.0
694.0,166.0,41.0,93.0
693.0,168.0,41.0,93.0
693.0,169.0,41.0,92.0
693.0,169.0,41.0,91.0
694.0,170.0,40.0,91.0
694.0,170.0,40.0,90.0
694.0,170.0,40.0,90.0
693.0,169.0,40.0,90.0
693.0,169.0,40.0,90.0
692.0,168.0,40.0,91.0
692.0,166.0,40.0,93.0
691.0,165.0,40.0,94.0
691.0,164.0,40.0,95.0
691.0,164.0,40.0,96.0
691.0,163.0,40.0,97.0
690.0,163.0,41.0,97.0
689.0,164.0,42.0,97.0
688.0,164.0,43.0,97.0
687.0,164.0,44.0,97.0
686.0,163.0,45.0,98.0
685.0,163.0,46.0,98.0
685.0,163.0,46.0,98.0
685.0,163.0,46.0,98.0
685.0,163.0,46.0,98.0
686.0,164.0,46.0,97.0
687.0,165.0,45.0,96.0
688.0,166.0,45.0,95.0
691.0,167.0,44.0,94.0
695.0,169.0,42.0,94.0
698.0,170.0,41.0,93.0
699.0,170.0,41.0,93.0
701.0,170.0,41.0,93.0
702.0,170.0,41.0,93.0
702.0,170.0,42.0,93.0
703.0,171.0,42.0,93.0
703.0,171.0,43.0,93.0
703.0,172.0,43.0,92.0
704.0,172.0,44.0,92.0
704.0,173.0,44.0,91.0
704.0,172.0,44.0,92.0
703.0,172.0,43.0,93.0
703.0,171.0,43.0,94.0
703.0,171.0,43.0,94.0
703.0,171.0,43.0,94.0
703.0,171.0,43.0,94.0
703.0,171.0,43.0,95.0
703.0,171.0,44.0,95.0
703.0,171.0,44.0,96.0
703.0,171.0,44.0,96.0
703.0,171.0,44.0,96.0
703.0,171.0,44.0,96.0
702.0,172.0,44.0,95.0
702.0,174.0,45.0,94.0
701.0,175.0,45.0,93.0
701.0,176.0,44.0,94.0
701.0,176.0,44.0,96.0
701.0,177.0,43.0,97.0
700.0,178.0,43.0,97.0
699.0,178.0,43.0,98.0
698.0,179.0,43.0,98.0
698.0,179.0,43.0,99.0
698.0,179.0,42.0,99.0
698.0,179.0,42.0,100.0
696.0,181.0,43.0,100.0
694.0,183.0,43.0,100.0
692.0,185.0,44.0,100.0
691.0,187.0,45.0,101.0
691.0,188.0,45.0,101.0
690.0,190.0,46.0,102.0
689.0,192.0,46.0,102.0
689.0,193.0,46.0,102.0
688.0,195.0,46.0,102.0
688.0,197.0,46.0,102.0
687.0,199.0,46.0,102.0
687.0,201.0,46.0,102.0
687.0,203.0,46.0,101.0
687.0,204.0,46.0,101.0
687.0,206.0,46.0,100.0
687.0,207.0,46.0,100.0
687.0,207.0,45.0,100.0
687.0,208.0,45.0,100.0
686.0,208.0,46.0,101.0
686.0,208.0,46.0,102.0
685.0,208.0,47.0,103.0
685.0,208.0,47.0,103.0
685.0,207.0,48.0,104.0
685.0,207.0,48.0,104.0
685.0,206.0,48.0,105.0
686.0,206.0,47.0,105.0
686.0,205.0,47.0,106.0
687.0,206.0,47.0,106.0
687.0,206.0,47.0,106.0
688.0,207.0,47.0,106.0
688.0,207.0,47.0,106.0
688.0,207.0,47.0,106.0
688.0,207.0,47.0,106.0
688.0,207.0,48.0,106.0
689.0,207.0,48.0,107.0
689.0,207.0,49.0,107.0
689.0,207.0,49.0,108.0
689.0,206.0,50.0,109.0
689.0,206.0,50.0,110.0
691.0,206.0,49.0,109.0
692.0,206.0,48.0,108.0
694.0,206.0,47.0,107.0
695.0,205.0,47.0,108.0
696.0,205.0,47.0,110.0
697.0,204.0,47.0,111.0
698.0,203.0,47.0,112.0
699.0,202.0,47.0,112.0
700.0,201.0,47.0,113.0
702.0,201.0,48.0,112.0
703.0,201.0,48.0,111.0
705.0,201.0,49.0,110.0
706.0,201.0,49.0,110.0
707.0,202.0,50.0,110.0
708.0,202.0,50.0,110.0
709.0,203.0,52.0,109.0
709.0,203.0,55.0,108.0
710.0,204.0,57.0,107.0
711.0,202.0,57.0,108.0
713.0,201.0,57.0,110.0
714.0,199.0,57.0,111.0
716.0,198.0,56.0,111.0
718.0,198.0,56.0,112.0
720.0,197.0,55.0,112.0
722.0,197.0,55.0,112.0
725.0,196.0,55.0,112.0
727.0,196.0,55.0,112.0
728.0,195.0,55.0,113.0
730.0,194.0,56.0,114.0
731.0,193.0,56.0,115.0
734.0,192.0,56.0,116.0
738.0,191.0,56.0,117.0
741.0,190.0,56.0,118.0
743.0,190.0,56.0,119.0
744.0,190.0,57.0,119.0
746.0,190.0,57.0,120.0
748.0,190.0,57.0,120.0
749.0,191.0,57.0,120.0
751.0,191.0,57.0,120.0
754.0,191.0,58.0,120.0
757.0,192.0,59.0,120.0
760.0,192.0,60.0,120.0
762.0,192.0,60.0,120.0
764.0,192.0,60.0,120.0
766.0,192.0,60.0,120.0
769.0,192.0,60.0,121.0
772.0,192.0,60.0,121.0
775.0,192.0,60.0,122.0
777.0,192.0,60.0,122.0
778.0,192.0,61.0,123.0
780.0,192.0,61.0,123.0
782.0,192.0,60.0,124.0
784.0,193.0,60.0,125.0
786.0,193.0,59.0,126.0
788.0,193.0,58.0,127.0
791.0,192.0,58.0,128.0
793.0,192.0,57.0,129.0
794.0,193.0,57.0,129.0
795.0,195.0,57.0,129.0
796.0,196.0,57.0,129.0
796.0,198.0,58.0,127.0
797.0,200.0,59.0,126.0
797.0,202.0,60.0,124.0
797.0,204.0,61.0,124.0
797.0,205.0,62.0,124.0
797.0,207.0,63.0,124.0
797.0,207.0,64.0,125.0
797.0,207.0,66.0,126.0
797.0,207.0,67.0,127.0
797.0,207.0,67.0,129.0
797.0,207.0,67.0,130.0
797.0,207.0,67.0,132.0
797.0,207.0,66.0,133.0
797.0,207.0,66.0,135.0
797.0,207.0,65.0,136.0
796.0,207.0,64.0,137.0
796.0,206.0,63.0,138.0
795.0,206.0,62.0,139.0
794.0,206.0,62.0,141.0
793.0,206.0,62.0,142.0
792.0,206.0,62.0,144.0
791.0,206.0,62.0,144.0
789.0,207.0,61.0,144.0
788.0,207.0,61.0,144.0
786.0,208.0,61.0,144.0
783.0,209.0,61.0,144.0
781.0,210.0,61.0,144.0
779.0,211.0,62.0,144.0
776.0,211.0,64.0,143.0
774.0,212.0,65.0,143.0
772.0,212.0,66.0,144.0
770.0,212.0,68.0,144.0
768.0,212.0,69.0,145.0
765.0,212.0,68.0,145.0
763.0,212.0,67.0,146.0
760.0,212.0,66.0,146.0
758.0,212.0,67.0,148.0
756.0,211.0,67.0,149.0
754.0,211.0,68.0,151.0
751.0,210.0,69.0,153.0
748.0,210.0,69.0,154.0
745.0,209.0,70.0,156.0
743.0,210.0,71.0,157.0
742.0,211.0,71.0,157.0
740.0,212.0,72.0,158.0
738.0,213.0,72.0,159.0
737.0,213.0,72.0,160.0
735.0,214.0,72.0,161.0
733.0,215.0,72.0,163.0
731.0,215.0,73.0,164.0
729.0,216.0,73.0,166.0
726.0,217.0,73.0,166.0
724.0,219.0,73.0,166.0
721.0,220.0,73.0,166.0
718.0,223.0,75.0,166.0
714.0,225.0,78.0,167.0
711.0,228.0,80.0,167.0
709.0,230.0,81.0,167.0
708.0,231.0,82.0,167.0
706.0,233.0,83.0,167.0
704.0,234.0,84.0,168.0
701.0,235.0,84.0,170.0
699.0,236.0,85.0,171.0
696.0,237.0,84.0,172.0
693.0,238.0,84.0,173.0
690.0,239.0,83.0,174.0
689.0,240.0,83.0,174.0
687.0,242.0,83.0,174.0
686.0,243.0,83.0,174.0
684.0,245.0,84.0,176.0
681.0,246.0,84.0,179.0
679.0,248.0,85.0,181.0
677.0,250.0,86.0,181.0
674.0,251.0,88.0,181.0
672.0,253.0,89.0,181.0
669.0,253.0,91.0,184.0
666.0,254.0,92.0,188.0
663.0,254.0,94.0,191.0
660.0,256.0,93.0,192.0
657.0,258.0,93.0,193.0
654.0,260.0,92.0,194.0
652.0,262.0,92.0,195.0
650.0,263.0,92.0,195.0
648.0,265.0,92.0,196.0
646.0,267.0,95.0,199.0
643.0,269.0,97.0,201.0
641.0,271.0,100.0,204.0
641.0,272.0,100.0,204.0
640.0,274.0,100.0,205.0
640.0,275.0,100.0,205.0
640.0,277.0,99.0,207.0
641.0,278.0,97.0,209.0
641.0,280.0,96.0,211.0
642.0,284.0,94.0,210.0
642.0,288.0,92.0,210.0
643.0,292.0,90.0,209.0
644.0,294.0,90.0,210.0
645.0,296.0,90.0,210.0
646.0,298.0,90.0,211.0
646.0,301.0,92.0,212.0
646.0,303.0,93.0,213.0
646.0,306.0,95.0,214.0
646.0,306.0,96.0,216.0
646.0,306.0,96.0,218.0
646.0,306.0,97.0,220.0
644.0,309.0,101.0,221.0
643.0,311.0,104.0,223.0
641.0,314.0,108.0,224.0
639.0,316.0,109.0,225.0
637.0,318.0,110.0,226.0
635.0,320.0,111.0,227.0
635.0,321.0,111.0,229.0
635.0,321.0,111.0,230.0
635.0,322.0,111.0,232.0
636.0,323.0,111.0,234.0
636.0,323.0,112.0,236.0
637.0,324.0,112.0,238.0
638.0,325.0,112.0,239.0
638.0,326.0,111.0,240.0
639.0,327.0,111.0,241.0
640.0,329.0,111.0,241.0
642.0,330.0,112.0,242.0
643.0,332.0,112.0,242.0
646.0,333.0,114.0,241.0
649.0,334.0,116.0,241.0
652.0,335.0,118.0,240.0
652.0,333.0,122.0,242.0
652.0,332.0,125.0,244.0
652.0,330.0,129.0,246.0
651.0,328.0,133.0,248.0
651.0,327.0,137.0,251.0
650.0,325.0,141.0,253.0
651.0,325.0,142.0,254.0
652.0,325.0,143.0,254.0
653.0,325.0,144.0,255.0
654.0,325.0,145.0,257.0
654.0,325.0,145.0,258.0
655.0,325.0,146.0,260.0
656.0,325.0,149.0,262.0
657.0,326.0,151.0,263.0
658.0,326.0,154.0,265.0
660.0,326.0,154.0,266.0
662.0,327.0,154.0,267.0
664.0,327.0,154.0,268.0
673.0,326.0,150.0,269.0
681.0,324.0,146.0,271.0
690.0,323.0,142.0,272.0
696.0,322.0,139.0,272.0
702.0,320.0,135.0,272.0
708.0,319.0,132.0,272.0
713.0,317.0,131.0,274.0
718.0,316.0,129.0,275.0
723.0,314.0,128.0,277.0
729.0,312.0,131.0,277.0
734.0,309.0,133.0,278.0
740.0,307.0,136.0,278.0
742.0,306.0,140.0,277.0
744.0,305.0,144.0,277.0
746.0,304.0,148.0,276.0
747.0,304.0,154.0,275.0
747.0,303.0,160.0,274.0
748.0,303.0,166.0,273.0
747.0,303.0,170.0,272.0
747.0,303.0,174.0,272.0
746.0,303.0,178.0,271.0
746.0,304.0,179.0,271.0
745.0,306.0,180.0,271.0
745.0,307.0,181.0,271.0
743.0,307.0,183.0,273.0
742.0,306.0,184.0,274.0
740.0,306.0,186.0,276.0
738.0,307.0,187.0,275.0
735.0,307.0,187.0,274.0
733.0,308.0,188.0,273.0
725.0,309.0,189.0,271.0
716.0,311.0,191.0,268.0
708.0,312.0,192.0,266.0
699.0,313.0,195.0,264.0
689.0,313.0,198.0,261.0
680.0,314.0,201.0,259.0
668.0,314.0,204.0,258.0
657.0,315.0,208.0,257.0
645.0,315.0,211.0,256.0
628.0,314.0,213.0,255.0
611.0,314.0,214.0,254.0
594.0,313.0,216.0,253.0
581.0,312.0,218.0,253.0
567.0,310.0,219.0,253.0
554.0,309.0,221.0,253.0
532.0,306.0,223.0,254.0
511.0,302.0,224.0,255.0
489.0,299.0,226.0,256.0
476.0,299.0,225.0,254.0
463.0,298.0,224.0,253.0
450.0,298.0,223.0,251.0
439.0,295.0,224.0,252.0
429.0,292.0,226.0,254.0
418.0,289.0,227.0,255.0
412.0,288.0,225.0,254.0
405.0,287.0,224.0,253.0
399.0,286.0,222.0,252.0
397.0,282.0,221.0,253.0
395.0,278.0,220.0,253.0
393.0,274.0,219.0,254.0
389.0,271.0,220.0,252.0
384.0,267.0,220.0,250.0
380.0,264.0,221.0,248.0
376.0,261.0,223.0,246.0
371.0,259.0,226.0,245.0
367.0,256.0,228.0,243.0
365.0,253.0,229.0,242.0
364.0,249.0,230.0,240.0
362.0,246.0,231.0,239.0
359.0,240.0,232.0,238.0
356.0,235.0,233.0,238.0
353.0,229.0,234.0,237.0
350.0,225.0,236.0,237.0
346.0,222.0,237.0,238.0
343.0,218.0,239.0,238.0
338.0,212.0,239.0,239.0
333.0,206.0,239.0,241.0
328.0,200.0,239.0,242.0
325.0,195.0,239.0,242.0
322.0,191.0,239.0,242.0
319.0,186.0,239.0,242.0
316.0,176.0,239.0,248.0
313.0,166.0,239.0,255.0
310.0,156.0,239.0,261.0
305.0,137.0,240.0,274.0
301.0,117.0,242.0,287.0
296.0,98.0,243.0,300.0
295.0,93.0,242.0,302.0
294.0,88.0,242.0,304.0
293.0,83.0,241.0,306.0
292.0,79.0,241.0,304.0
292.0,74.0,240.0,303.0
291.0,70.0,240.0,301.0
292.0,70.0,240.0,298.0
292.0,70.0,239.0,296.0
293.0,70.0,239.0,293.0
293.0,70.0,240.0,293.0
293.0,70.0,242.0,293.0
293.0,70.0,243.0,293.0
296.0,68.0,242.0,294.0
298.0,65.0,242.0,295.0
301.0,63.0,241.0,296.0
304.0,63.0,241.0,296.0
306.0,63.0,240.0,296.0
309.0,63.0,240.0,296.0
313.0,60.0,241.0,297.0
316.0,57.0,242.0,299.0
320.0,54.0,243.0,300.0
323.0,54.0,242.0,297.0
326.0,55.0,240.0,294.0
329.0,55.0,239.0,291.0
332.0,56.0,239.0,288.0
334.0,56.0,239.0,285.0
337.0,57.0,239.0,282.0
341.0,64.0,237.0,273.0
346.0,71.0,235.0,265.0
350.0,78.0,233.0,256.0
352.0,79.0,232.0,253.0
355.0,81.0,232.0,251.0
357.0,82.0,231.0,248.0
359.0,82.0,232.0,248.0
360.0,82.0,232.0,248.0
362.0,82.0,233.0,248.0
365.0,82.0,232.0,249.0
369.0,83.0,232.0,250.0
372.0,83.0,231.0,251.0
375.0,83.0,230.0,251.0
379.0,83.0,229.0,251.0
382.0,83.0,228.0,251.0
383.0,82.0,229.0,253.0
384.0,81.0,230.0,254.0
385.0,80.0,231.0,256.0
383.0,81.0,231.0,255.0
382.0,81.0,230.0,255.0
380.0,82.0,230.0,254.0
377.0,84.0,230.0,253.0
373.0,86.0,231.0,251.0
370.0,88.0,231.0,250.0
370.0,92.0,228.0,246.0
369.0,96.0,226.0,242.0
369.0,100.0,223.0,238.0
368.0,103.0,223.0,235.0
368.0,107.0,223.0,232.0
367.0,110.0,223.0,229.0
365.0,117.0,222.0,225.0
364.0,123.0,221.0,220.0
362.0,130.0,220.0,216.0
358.0,131.0,221.0,215.0
354.0,133.0,223.0,215.0
350.0,134.0,224.0,214.0
346.0,135.0,224.0,215.0
342.0,135.0,224.0,217.0
338.0,136.0,224.0,218.0
336.0,136.0,224.0,218.0
335.0,135.0,224.0,218.0
333.0,135.0,224.0,218.0
331.0,136.0,224.0,218.0
330.0,137.0,224.0,218.0
328.0,138.0,224.0,218.0
325.0,139.0,224.0,218.0
321.0,141.0,224.0,218.0
318.0,142.0,224.0,218.0
315.0,142.0,224.0,218.0
312.0,143.0,224.0,218.0
309.0,143.0,224.0,218.0
307.0,141.0,223.0,224.0
306.0,140.0,223.0,230.0
304.0,138.0,222.0,236.0
304.0,140.0,221.0,235.0
304.0,143.0,221.0,233.0
304.0,145.0,220.0,232.0
304.0,145.0,220.0,232.0
303.0,146.0,220.0,232.0
303.0,146.0,220.0,232.0
299.0,148.0,221.0,232.0
294.0,150.0,223.0,233.0
290.0,152.0,224.0,233.0
290.0,150.0,223.0,235.0
289.0,147.0,223.0,237.0
289.0,145.0,222.0,239.0
289.0,146.0,222.0,240.0
288.0,147.0,221.0,242.0
288.0,148.0,221.0,243.0
292.0,145.0,220.0,249.0
295.0,143.0,218.0,256.0
299.0,140.0,217.0,262.0
301.0,141.0,217.0,262.0
303.0,141.0,217.0,262.0
305.0,142.0,217.0,262.0
308.0,144.0,218.0,261.0
310.0,146.0,218.0,260.0
313.0,148.0,219.0,259.0
317.0,148.0,219.0,256.0
320.0,148.0,218.0,252.0
324.0,148.0,218.0,249.0
326.0,150.0,219.0,246.0
329.0,151.0,220.0,242.0
331.0,153.0,221.0,239.0
334.0,154.0,221.0,234.0
337.0,156.0,221.0,229.0
340.0,157.0,221.0,224.0
342.0,156.0,220.0,225.0
345.0,154.0,220.0,227.0
347.0,153.0,219.0,228.0
351.0,151.0,217.0,229.0
354.0,150.0,216.0,229.0
358.0,148.0,214.0,230.0
361.0,146.0,213.0,233.0
365.0,144.0,211.0,235.0
368.0,142.0,210.0,238.0
369.0,139.0,210.0,240.0
371.0,137.0,210.0,242.0
372.0,134.0,210.0,244.0
374.0,131.0,210.0,246.0
376.0,129.0,211.0,249.0
378.0,126.0,211.0,251.0
380.0,123.0,210.0,253.0
382.0,121.0,209.0,255.0
384.0,118.0,208.0,257.0
386.0,119.0,208.0,253.0
389.0,121.0,207.0,248.0
391.0,122.0,207.0,244.0
391.0,122.0,208.0,242.0
391.0,122.0,208.0,240.0
391.0,122.0,209.0,238.0
392.0,124.0,209.0,235.0
394.0,126.0,209.0,232.0
395.0,128.0,209.0,229.0
396.0,130.0,210.0,225.0
397.0,132.0,211.0,222.0
398.0,134.0,212.0,218.0
400.0,133.0,209.0,218.0
401.0,133.0,207.0,217.0
403.0,132.0,204.0,217.0
404.0,129.0,204.0,218.0
406.0,127.0,203.0,219.0
407.0,124.0,203.0,220.0
410.0,124.0,201.0,220.0
414.0,123.0,200.0,220.0
417.0,123.0,198.0,220.0
418.0,121.0,199.0,223.0
418.0,118.0,199.0,226.0
419.0,116.0,200.0,229.0
422.0,116.0,200.0,229.0
425.0,116.0,199.0,230.0
428.0,116.0,199.0,230.0
431.0,117.0,199.0,227.0
434.0,119.0,198.0,224.0
437.0,120.0,198.0,221.0
440.0,123.0,199.0,217.0
442.0,127.0,200.0,214.0
445.0,130.0,201.0,210.0
449.0,132.0,199.0,207.0
453.0,133.0,196.0,203.0
457.0,135.0,194.0,200.0
459.0,136.0,194.0,197.0
461.0,137.0,194.0,193.0
463.0,138.0,194.0,190.0
465.0,136.0,195.0,190.0
468.0,134.0,197.0,191.0
470.0,132.0,198.0,191.0
473.0,129.0,196.0,193.0
475.0,125.0,195.0,196.0
478.0,122.0,193.0,198.0
483.0,119.0,191.0,201.0
489.0,116.0,189.0,204.0
494.0,113.0,187.0,207.0
498.0,112.0,185.0,209.0
501.0,110.0,183.0,210.0
505.0,109.0,181.0,212.0
508.0,108.0,179.0,213.0
512.0,106.0,178.0,215.0
515.0,105.0,176.0,216.0
520.0,106.0,176.0,216.0
524.0,106.0,176.0,216.0
529.0,107.0,176.0,216.0
532.0,107.0,176.0,216.0
534.0,108.0,177.0,216.0
537.0,108.0,177.0,216.0
543.0,109.0,176.0,212.0
548.0,111.0,175.0,208.0
554.0,112.0,174.0,204.0
556.0,110.0,174.0,206.0
558.0,109.0,173.0,208.0
560.0,107.0,173.0,210.0
563.0,106.0,172.0,211.0
565.0,106.0,171.0,213.0
568.0,105.0,170.0,214.0
572.0,103.0,169.0,215.0
576.0,102.0,169.0,215.0
580.0,100.0,168.0,216.0
583.0,100.0,166.0,217.0
587.0,100.0,165.0,217.0
590.0,100.0,163.0,218.0
594.0,99.0,162.0,218.0
597.0,97.0,162.0,219.0
601.0,96.0,161.0,219.0
602.0,95.0,160.0,219.0
604.0,95.0,160.0,219.0
605.0,94.0,159.0,219.0
607.0,93.0,159.0,219.0
609.0,93.0,158.0,220.0
611.0,92.0,158.0,220.0
612.0,91.0,159.0,220.0
613.0,89.0,160.0,220.0
614.0,88.0,161.0,220.0
616.0,88.0,161.0,219.0
618.0,87.0,161.0,219.0
620.0,87.0,161.0,218.0
623.0,84.0,161.0,218.0
626.0,80.0,161.0,218.0
629.0,77.0,161.0,218.0
631.0,74.0,160.0,218.0
632.0,72.0,159.0,219.0
634.0,69.0,158.0,219.0
636.0,69.0,158.0,219.0
638.0,68.0,158.0,219.0
640.0,68.0,158.0,219.0
644.0,68.0,157.0,217.0
648.0,68.0,157.0,214.0
652.0,68.0,156.0,212.0
656.0,68.0,154.0,210.0
660.0,67.0,151.0,208.0
664.0,67.0,149.0,206.0
667.0,64.0,149.0,208.0
670.0,61.0,149.0,211.0
673.0,58.0,149.0,213.0
676.0,58.0,147.0,211.0
680.0,58.0,145.0,210.0
683.0,58.0,143.0,208.0
683.0,57.0,144.0,209.0
684.0,56.0,146.0,210.0
684.0,55.0,147.0,211.0
686.0,56.0,147.0,211.0
689.0,56.0,147.0,212.0
691.0,57.0,147.0,212.0
694.0,57.0,148.0,211.0
696.0,58.0,149.0,210.0
699.0,58.0,150.0,209.0
703.0,58.0,149.0,208.0
707.0,57.0,147.0,208.0
711.0,57.0,146.0,207.0
714.0,58.0,146.0,206.0
717.0,59.0,146.0,205.0
720.0,60.0,146.0,204.0
722.0,59.0,145.0,205.0
723.0,57.0,143.0,206.0
725.0,56.0,142.0,207.0
731.0,58.0,139.0,205.0
736.0,60.0,136.0,204.0
742.0,62.0,133.0,202.0
746.0,63.0,131.0,202.0
749.0,65.0,130.0,201.0
753.0,66.0,128.0,201.0
757.0,66.0,128.0,201.0
761.0,66.0,128.0,201.0
765.0,66.0,128.0,201.0
767.0,64.0,129.0,204.0
768.0,61.0,129.0,207.0
770.0,59.0,130.0,210.0
773.0,60.0,129.0,209.0
775.0,61.0,128.0,209.0
778.0,62.0,127.0,208.0
780.0,63.0,128.0,206.0
783.0,63.0,129.0,204.0
785.0,64.0,130.0,202.0
787.0,65.0,130.0,200.0
790.0,65.0,131.0,198.0
792.0,66.0,131.0,196.0
794.0,66.0,131.0,195.0
797.0,66.0,132.0,195.0
799.0,66.0,132.0,194.0
803.0,66.0,132.0,194.0
806.0,66.0,132.0,194.0
810.0,66.0,132.0,194.0
811.0,67.0,132.0,193.0
813.0,67.0,132.0,192.0
814.0,68.0,132.0,191.0
820.0,69.0,130.0,189.0
827.0,69.0,128.0,188.0
833.0,70.0,126.0,186.0
838.0,72.0,123.0,184.0
842.0,75.0,121.0,181.0
847.0,77.0,118.0,179.0
851.0,78.0,117.0,179.0
855.0,78.0,117.0,178.0
859.0,79.0,116.0,178.0
864.0,79.0,114.0,177.0
868.0,80.0,112.0,177.0
873.0,80.0,110.0,176.0
877.0,79.0,109.0,176.0
880.0,77.0,109.0,177.0
884.0,76.0,108.0,177.0
889.0,74.0,109.0,178.0
894.0,72.0,110.0,180.0
899.0,70.0,111.0,181.0
901.0,69.0,112.0,181.0
903.0,67.0,112.0,182.0
905.0,66.0,113.0,182.0
908.0,66.0,114.0,181.0
911.0,66.0,115.0,179.0
914.0,66.0,116.0,178.0
915.0,65.0,119.0,176.0
916.0,63.0,121.0,175.0
917.0,62.0,124.0,173.0
920.0,62.0,124.0,172.0
924.0,62.0,123.0,170.0
927.0,62.0,123.0,169.0
931.0,61.0,122.0,167.0
934.0,60.0,121.0,166.0
938.0,59.0,120.0,164.0
943.0,58.0,119.0,163.0
947.0,58.0,117.0,161.0
952.0,57.0,116.0,160.0
957.0,56.0,114.0,161.0
962.0,55.0,112.0,163.0
967.0,54.0,110.0,164.0
974.0,51.0,109.0,166.0
982.0,49.0,108.0,167.0
989.0,46.0,107.0,169.0
993.0,46.0,107.0,169.0
998.0,46.0,107.0,169.0
1002.0,46.0,107.0,169.0
1010.0,44.0,107.0,169.0
1019.0,43.0,107.0,169.0
1027.0,41.0,107.0,169.0
1033.0,40.0,105.0,170.0
1038.0,39.0,103.0,170.0
1044.0,38.0,101.0,171.0
1048.0,37.0,101.0,173.0
1053.0,36.0,101.0,174.0
1057.0,35.0,101.0,176.0
1065.0,34.0,101.0,176.0
1073.0,33.0,101.0,176.0
1081.0,32.0,101.0,176.0
1086.0,32.0,101.0,176.0
1090.0,32.0,101.0,176.0
1095.0,32.0,101.0,176.0
1100.0,29.0,101.0,178.0
1105.0,25.0,101.0,179.0
1110.0,22.0,101.0,181.0
1113.0,20.0,101.0,181.0
1115.0,19.0,101.0,181.0
1118.0,17.0,101.0,181.0
1121.0,15.0,100.0,181.0
1124.0,14.0,100.0,182.0
1127.0,12.0,99.0,182.0
1130.0,11.0,97.0,182.0
1132.0,10.0,96.0,183.0
1135.0,9.0,94.0,183.0
1136.0,9.0,95.0,181.0
1137.0,9.0,96.0,180.0
1138.0,9.0,97.0,178.0
1140.0,9.0,95.0,178.0
1142.0,8.0,94.0,177.0
1144.0,8.0,92.0,177.0
1144.0,8.0,92.0,176.0
1145.0,8.0,91.0,174.0
1145.0,8.0,91.0,173.0
1144.0,8.0,92.0,173.0
1143.0,8.0,93.0,174.0
1142.0,8.0,94.0,174.0
1141.0,9.0,94.0,174.0
1141.0,10.0,94.0,174.0
1140.0,11.0,94.0,174.0
1140.0,12.0,93.0,174.0
1141.0,14.0,91.0,173.0
1141.0,15.0,90.0,173.0
1141.0,16.0,90.0,173.0
1142.0,16.0,90.0,173.0
1142.0,17.0,90.0,173.0
1142.0,17.0,90.0,173.0
1142.0,17.0,90.0,173.0
1142.0,17.0,90.0,173.0
1142.0,19.0,86.0,173.0
1143.0,21.0,83.0,173.0
1143.0,23.0,79.0,173.0
1141.0,23.0,79.0,173.0
1139.0,24.0,79.0,173.0
1137.0,24.0,79.0,173.0
1135.0,25.0,79.0,173.0
1132.0,26.0,79.0,173.0
1130.0,27.0,79.0,173.0
1127.0,28.0,79.0,173.0
1123.0,30.0,79.0,173.0
1120.0,31.0,79.0,173.0
1118.0,30.0,78.0,171.0
1116.0,30.0,77.0,168.0
1114.0,29.0,76.0,166.0
1110.0,30.0,76.0,163.0
1106.0,32.0,77.0,161.0
1102.0,33.0,77.0,158.0
1096.0,33.0,77.0,159.0
1089.0,34.0,78.0,159.0
1083.0,34.0,78.0,160.0
1078.0,34.0,78.0,160.0
1074.0,34.0,78.0,160.0
1069.0,34.0,78.0,160.0
1060.0,34.0,78.0,160.0
1052.0,35.0,77.0,161.0
1043.0,35.0,77.0,161.0
1039.0,36.0,75.0,159.0
1034.0,37.0,72.0,157.0
1030.0,38.0,70.0,155.0
1024.0,38.0,70.0,155.0
1017.0,39.0,70.0,155.0
1011.0,39.0,70.0,155.0
1004.0,40.0,69.0,154.0
996.0,42.0,67.0,152.0
989.0,43.0,66.0,151.0
984.0,43.0,66.0,151.0
979.0,43.0,66.0,151.0
974.0,43.0,66.0,151.0
967.0,43.0,65.0,150.0
959.0,42.0,63.0,149.0
952.0,42.0,62.0,148.0
947.0,42.0,62.0,147.0
943.0,43.0,62.0,145.0
938.0,43.0,62.0,144.0
934.0,43.0,62.0,144.0
930.0,44.0,62.0,144.0
926.0,44.0,62.0,144.0
920.0,43.0,62.0,144.0
913.0,42.0,62.0,144.0
907.0,41.0,62.0,144.0
903.0,41.0,62.0,144.0
898.0,40.0,62.0,144.0
894.0,40.0,62.0,144.0
888.0,39.0,61.0,144.0
883.0,38.0,59.0,144.0
877.0,37.0,58.0,144.0
873.0,37.0,58.0,144.0
868.0,36.0,58.0,144.0
864.0,36.0,58.0,144.0
860.0,35.0,58.0,144.0
856.0,33.0,58.0,144.0
852.0,32.0,58.0,144.0
845.0,32.0,58.0,144.0
839.0,32.0,58.0,144.0
832.0,32.0,58.0,144.0
828.0,31.0,58.0,144.0
824.0,31.0,58.0,144.0
820.0,30.0,58.0,144.0
815.0,30.0,56.0,142.0
810.0,29.0,55.0,141.0
805.0,29.0,53.0,139.0
802.0,30.0,53.0,138.0
800.0,30.0,54.0,137.0
797.0,31.0,54.0,136.0
794.0,30.0,54.0,136.0
790.0,28.0,54.0,136.0
787.0,27.0,54.0,136.0
783.0,26.0,54.0,136.0
779.0,25.0,54.0,136.0
775.0,24.0,54.0,136.0
773.0,24.0,54.0,136.0
772.0,25.0,54.0,136.0
770.0,25.0,54.0,136.0
768.0,24.0,54.0,136.0
765.0,24.0,54.0,136.0
763.0,23.0,54.0,136.0
761.0,22.0,54.0,136.0
758.0,20.0,54.0,136.0
756.0,19.0,54.0,136.0
754.0,20.0,53.0,134.0
753.0,21.0,51.0,132.0
751.0,22.0,50.0,130.0
747.0,21.0,51.0,129.0
742.0,19.0,52.0,129.0
738.0,18.0,53.0,128.0
735.0,18.0,53.0,128.0
731.0,17.0,52.0,128.0
728.0,17.0,52.0,128.0
724.0,17.0,52.0,128.0
720.0,16.0,52.0,128.0
716.0,16.0,52.0,128.0
714.0,16.0,52.0,128.0
712.0,16.0,52.0,128.0
710.0,16.0,52.0,128.0
708.0,15.0,52.0,128.0
706.0,14.0,52.0,128.0
704.0,13.0,52.0,128.0
700.0,13.0,52.0,126.0
697.0,12.0,52.0,125.0
693.0,12.0,52.0,123.0
690.0,12.0,52.0,123.0
688.0,12.0,52.0,123.0
685.0,12.0,52.0,123.0
681.0,12.0,52.0,123.0
678.0,12.0,52.0,123.0
674.0,12.0,52.0,123.0
671.0,12.0,52.0,123.0
668.0,12.0,52.0,122.0
665.0,12.0,52.0,122.0
663.0,12.0,52.0,121.0
660.0,12.0,53.0,120.0
658.0,12.0,53.0,119.0
655.0,11.0,53.0,119.0
652.0,11.0,53.0,119.0
649.0,10.0,53.0,119.0
647.0,10.0,53.0,119.0
646.0,10.0,53.0,119.0
644.0,10.0,53.0,119.0
642.0,10.0,53.0,119.0
639.0,10.0,53.0,119.0
637.0,10.0,53.0,119.0
635.0,11.0,53.0,119.0
634.0,11.0,53.0,119.0
632.0,12.0,53.0,119.0
631.0,13.0,52.0,118.0
631.0,13.0,52.0,116.0
630.0,14.0,51.0,115.0
628.0,15.0,51.0,114.0
626.0,15.0,51.0,114.0
624.0,16.0,51.0,113.0
622.0,17.0,51.0,112.0
621.0,17.0,52.0,111.0
619.0,18.0,52.0,110.0
617.0,18.0,52.0,110.0
616.0,18.0,52.0,110.0
614.0,18.0,52.0,110.0
612.0,19.0,52.0,110.0
609.0,19.0,52.0,110.0
607.0,20.0,52.0,110.0
605.0,19.0,52.0,110.0
604.0,19.0,52.0,110.0
602.0,18.0,52.0,110.0
599.0,18.0,52.0,110.0
597.0,19.0,52.0,110.0
594.0,19.0,52.0,110.0
592.0,18.0,52.0,111.0
590.0,18.0,52.0,111.0
588.0,17.0,52.0,112.0
587.0,17.0,51.0,112.0
586.0,18.0,49.0,112.0
585.0,18.0,48.0,112.0
583.0,18.0,48.0,112.0
582.0,18.0,48.0,112.0
580.0,18.0,48.0,112.0
578.0,18.0,48.0,112.0
577.0,18.0,48.0,112.0
575.0,18.0,48.0,112.0
573.0,18.0,48.0,112.0
571.0,19.0,48.0,112.0
569.0,19.0,48.0,112.0
568.0,19.0,47.0,111.0
568.0,20.0,47.0,109.0
567.0,20.0,46.0,108.0
566.0,20.0,46.0,108.0
565.0,19.0,45.0,107.0
564.0,19.0,45.0,107.0
562.0,20.0,46.0,107.0
560.0,20.0,46.0,107.0
558.0,21.0,47.0,107.0
557.0,21.0,47.0,107.0
555.0,21.0,47.0,107.0
554.0,21.0,47.0,107.0
553.0,21.0,47.0,107.0
551.0,22.0,47.0,107.0
550.0,22.0,47.0,107.0
550.0,22.0,47.0,107.0
549.0,23.0,47.0,107.0
549.0,23.0,47.0,107.0
549.0,24.0,46.0,107.0
548.0,24.0,45.0,107.0
548.0,25.0,44.0,107.0
549.0,26.0,44.0,107.0
550.0,27.0,44.0,107.0
551.0,28.0,44.0,107.0
551.0,29.0,44.0,107.0
550.0,31.0,44.0,107.0
550.0,32.0,44.0,107.0
551.0,34.0,44.0,107.0
553.0,35.0,44.0,107.0
554.0,37.0,44.0,107.0
554.0,38.0,44.0,107.0
555.0,40.0,44.0,107.0
555.0,41.0,44.0,107.0
556.0,42.0,44.0,107.0
558.0,44.0,44.0,107.0
559.0,45.0,44.0,107.0
561.0,47.0,45.0,107.0
563.0,49.0,46.0,106.0
565.0,51.0,47.0,106.0
566.0,53.0,47.0,106.0
568.0,54.0,47.0,106.0
569.0,56.0,47.0,106.0
571.0,57.0,47.0,106.0
574.0,59.0,47.0,106.0
576.0,60.0,47.0,106.0
577.0,60.0,47.0,106.0
579.0,61.0,47.0,106.0
580.0,61.0,47.0,106.0
581.0,59.0,47.0,106.0
583.0,58.0,47.0,106.0
584.0,56.0,47.0,106.0
