453.0,367.0,69.0,159.0
454.0,368.0,68.0,159.0
454.0,368.0,68.0,159.0
455.0,369.0,67.0,159.0
453.0,370.0,67.0,159.0
452.0,370.0,67.0,159.0
450.0,371.0,67.0,159.0
448.0,371.0,67.0,159.0
445.0,371.0,67.0,159.0
443.0,371.0,67.0,159.0
440.0,371.0,67.0,156.0
436.0,372.0,67.0,153.0
433.0,372.0,67.0,150.0
430.0,373.0,67.0,150.0
428.0,375.0,67.0,151.0
425.0,376.0,67.0,151.0
421.0,377.0,67.0,153.0
418.0,377.0,67.0,156.0
414.0,378.0,67.0,158.0
411.0,379.0,67.0,160.0
408.0,380.0,67.0,163.0
405.0,381.0,67.0,165.0
402.0,381.0,67.0,166.0
400.0,381.0,67.0,168.0
397.0,381.0,67.0,169.0
396.0,380.0,67.0,169.0
394.0,380.0,67.0,169.0
393.0,379.0,67.0,169.0
392.0,379.0,67.0,164.0
392.0,379.0,67.0,159.0
391.0,379.0,67.0,154.0
387.0,379.0,70.0,155.0
384.0,379.0,74.0,155.0
380.0,379.0,77.0,156.0
377.0,380.0,77.0,156.0
374.0,380.0,77.0,156.0
371.0,381.0,77.0,156.0
369.0,382.0,77.0,158.0
368.0,384.0,77.0,159.0
366.0,385.0,77.0,161.0
365.0,385.0,77.0,161.0
365.0,386.0,77.0,161.0
364.0,386.0,77.0,161.0
363.0,386.0,77.0,161.0
362.0,385.0,77.0,161.0
361.0,385.0,77.0,161.0
360.0,385.0,77.0,156.0
359.0,385.0,77.0,151.0
358.0,385.0,77.0,146.0
357.0,385.0,77.0,150.0
356.0,384.0,77.0,154.0
355.0,384.0,77.0,158.0
354.0,385.0,77.0,159.0
352.0,385.0,77.0,161.0
351.0,386.0,77.0,162.0
349.0,386.0,77.0,163.0
347.0,386.0,77.0,163.0
345.0,386.0,77.0,164.0
345.0,386.0,77.0,164.0
345.0,386.0,77.0,164.0
345.0,386.0,77.0,164.0
344.0,384.0,77.0,164.0
343.0,383.0,77.0,164.0
342.0,381.0,77.0,164.0
342.0,379.0,77.0,161.0
343.0,378.0,77.0,157.0
343.0,376.0,77.0,154.0
344.0,376.0,77.0,154.0
345.0,376.0,77.0,154.0
346.0,376.0,77.0,154.0
346.0,376.0,78.0,155.0
345.0,376.0,78.0,156.0
345.0,376.0,79.0,157.0
345.0,376.0,79.0,157.0
345.0,376.0,79.0,157.0
345.0,376.0,79.0,157.0
346.0,375.0,79.0,157.0
346.0,373.0,79.0,157.0
347.0,372.0,79.0,157.0
347.0,372.0,79.0,157.0
347.0,372.0,79.0,157.0
347.0,372.0,79.0,157.0
348.0,370.0,79.0,154.0
349.0,369.0,78.0,152.0
350.0,367.0,78.0,149.0
350.0,367.0,78.0,149.0
350.0,367.0,78.0,149.0
350.0,367.0,78.0,149.0
350.0,366.0,77.0,150.0
350.0,366.0,75.0,151.0
350.0,365.0,74.0,152.0
349.0,364.0,74.0,155.0
349.0,363.0,74.0,159.0
348.0,362.0,74.0,162.0
348.0,360.0,74.0,163.0
348.0,359.0,74.0,165.0
348.0,357.0,74.0,166.0
347.0,355.0,74.0,165.0
347.0,354.0,74.0,164.0
346.0,352.0,74.0,163.0
346.0,352.0,74.0,160.0
347.0,351.0,74.0,156.0
347.0,351.0,74.0,153.0
347.0,350.0,75.0,153.0
348.0,350.0,76.0,153.0
348.0,349.0,77.0,153.0
348.0,349.0,77.0,153.0
348.0,349.0,77.0,153.0
348.0,349.0,77.0,153.0
349.0,348.0,77.0,154.0
351.0,346.0,77.0,154.0
352.0,345.0,77.0,155.0
353.0,345.0,77.0,155.0
353.0,345.0,77.0,155.0
354.0,345.0,77.0,155.0
354.0,345.0,77.0,153.0
354.0,345.0,77.0,151.0
354.0,345.0,77.0,149.0
354.0,345.0,77.0,148.0
354.0,345.0,77.0,147.0
354.0,345.0,77.0,146.0
355.0,347.0,75.0,148.0
355.0,349.0,74.0,149.0
356.0,351.0,72.0,151.0
355.0,353.0,72.0,156.0
355.0,355.0,71.0,160.0
354.0,357.0,71.0,165.0
354.0,361.0,71.0,166.0
353.0,365.0,71.0,168.0
353.0,369.0,71.0,169.0
352.0,371.0,71.0,169.0
352.0,374.0,71.0,169.0
351.0,376.0,71.0,169.0
352.0,379.0,71.0,167.0
353.0,382.0,71.0,165.0
354.0,385.0,71.0,163.0
355.0,389.0,73.0,162.0
355.0,393.0,74.0,160.0
356.0,397.0,76.0,159.0
356.0,401.0,77.0,160.0
355.0,404.0,77.0,162.0
355.0,408.0,78.0,163.0
356.0,410.0,78.0,164.0
356.0,413.0,78.0,165.0
357.0,415.0,78.0,166.0
362.0,416.0,78.0,166.0
366.0,418.0,78.0,166.0
371.0,419.0,78.0,166.0
374.0,420.0,78.0,166.0
378.0,420.0,78.0,166.0
381.0,421.0,78.0,166.0
383.0,421.0,78.0,162.0
386.0,422.0,78.0,158.0
388.0,422.0,78.0,154.0
391.0,422.0,78.0,154.0
393.0,423.0,78.0,154.0
396.0,423.0,78.0,154.0
399.0,425.0,78.0,155.0
403.0,426.0,78.0,156.0
406.0,428.0,78.0,157.0
407.0,429.0,78.0,160.0
407.0,430.0,78.0,164.0
408.0,431.0,78.0,167.0
411.0,431.0,78.0,169.0
414.0,432.0,78.0,170.0
417.0,432.0,78.0,172.0
417.0,432.0,78.0,172.0
417.0,432.0,78.0,172.0
417.0,432.0,78.0,172.0
417.0,429.0,78.0,170.0
416.0,427.0,78.0,167.0
416.0,424.0,78.0,165.0
417.0,424.0,78.0,163.0
417.0,424.0,78.0,161.0
418.0,424.0,78.0,159.0
418.0,427.0,78.0,159.0
418.0,429.0,78.0,159.0
418.0,432.0,78.0,159.0
419.0,433.0,78.0,160.0
419.0,435.0,78.0,162.0
420.0,436.0,78.0,163.0
419.0,437.0,78.0,163.0
417.0,437.0,78.0,164.0
416.0,438.0,78.0,164.0
416.0,438.0,78.0,164.0
416.0,438.0,78.0,164.0
416.0,438.0,78.0,164.0
415.0,438.0,78.0,163.0
415.0,438.0,78.0,163.0
414.0,438.0,78.0,162.0
414.0,440.0,78.0,162.0
414.0,441.0,78.0,162.0
414.0,443.0,78.0,162.0
413.0,444.0,78.0,163.0
411.0,446.0,78.0,163.0
410.0,447.0,78.0,164.0
408.0,448.0,78.0,167.0
405.0,448.0,78.0,170.0
403.0,449.0,78.0,173.0
402.0,449.0,78.0,174.0
401.0,449.0,78.0,175.0
400.0,449.0,78.0,176.0
398.0,449.0,78.0,176.0
396.0,448.0,78.0,176.0
394.0,448.0,78.0,176.0
393.0,448.0,78.0,171.0
393.0,448.0,78.0,166.0
392.0,448.0,78.0,161.0
392.0,448.0,78.0,161.0
392.0,448.0,78.0,161.0
392.0,448.0,78.0,161.0
391.0,448.0,78.0,162.0
391.0,448.0,78.0,162.0
390.0,448.0,78.0,163.0
389.0,449.0,78.0,163.0
389.0,450.0,78.0,163.0
388.0,451.0,78.0,163.0
387.0,451.0,78.0,165.0
385.0,452.0,78.0,166.0
384.0,452.0,78.0,168.0
384.0,451.0,78.0,169.0
384.0,450.0,78.0,170.0
384.0,449.0,78.0,171.0
383.0,447.0,78.0,167.0
381.0,446.0,78.0,163.0
380.0,444.0,78.0,159.0
379.0,444.0,78.0,159.0
377.0,444.0,78.0,159.0
376.0,444.0,78.0,159.0
374.0,445.0,78.0,160.0
372.0,447.0,78.0,161.0
370.0,448.0,78.0,162.0
368.0,448.0,78.0,164.0
366.0,447.0,78.0,166.0
364.0,447.0,78.0,168.0
363.0,446.0,78.0,172.0
361.0,445.0,78.0,175.0
360.0,444.0,78.0,179.0
357.0,442.0,78.0,179.0
355.0,441.0,78.0,179.0
352.0,439.0,78.0,179.0
352.0,438.0,78.0,174.0
351.0,436.0,78.0,169.0
351.0,435.0,78.0,164.0
351.0,434.0,78.0,164.0
352.0,434.0,78.0,164.0
352.0,433.0,78.0,164.0
350.0,433.0,78.0,164.0
349.0,433.0,79.0,164.0
347.0,433.0,79.0,164.0
346.0,433.0,79.0,164.0
344.0,434.0,79.0,164.0
343.0,434.0,79.0,164.0
341.0,433.0,79.0,165.0
340.0,432.0,79.0,167.0
338.0,431.0,79.0,168.0
337.0,430.0,79.0,168.0
337.0,429.0,79.0,168.0
336.0,428.0,79.0,168.0
336.0,427.0,79.0,166.0
335.0,425.0,79.0,164.0
335.0,424.0,79.0,162.0
334.0,423.0,79.0,162.0
333.0,423.0,79.0,162.0
332.0,422.0,79.0,162.0
329.0,420.0,79.0,164.0
327.0,419.0,79.0,166.0
324.0,417.0,79.0,168.0
323.0,416.0,79.0,170.0
323.0,415.0,79.0,172.0
322.0,414.0,79.0,174.0
319.0,412.0,79.0,177.0
317.0,410.0,79.0,179.0
314.0,408.0,79.0,182.0
313.0,405.0,79.0,182.0
312.0,402.0,79.0,182.0
311.0,399.0,79.0,182.0
309.0,397.0,80.0,178.0
308.0,394.0,82.0,175.0
306.0,392.0,83.0,171.0
305.0,391.0,83.0,171.0
304.0,389.0,83.0,171.0
303.0,388.0,83.0,171.0
303.0,387.0,83.0,171.0
302.0,385.0,83.0,171.0
302.0,384.0,83.0,171.0
300.0,382.0,83.0,172.0
298.0,379.0,83.0,174.0
296.0,377.0,83.0,175.0
296.0,376.0,83.0,175.0
296.0,376.0,83.0,175.0
296.0,375.0,83.0,175.0
295.0,372.0,83.0,175.0
295.0,368.0,83.0,175.0
294.0,365.0,83.0,175.0
294.0,363.0,83.0,172.0
294.0,360.0,83.0,169.0
294.0,358.0,83.0,166.0
293.0,357.0,84.0,166.0
293.0,355.0,85.0,167.0
292.0,354.0,86.0,167.0
289.0,352.0,86.0,172.0
286.0,350.0,86.0,176.0
283.0,348.0,86.0,181.0
282.0,347.0,86.0,182.0
282.0,345.0,86.0,184.0
281.0,344.0,86.0,185.0
279.0,342.0,86.0,187.0
278.0,339.0,86.0,190.0
276.0,337.0,86.0,192.0
275.0,333.0,86.0,192.0
275.0,329.0,86.0,192.0
274.0,325.0,86.0,192.0
273.0,323.0,87.0,189.0
273.0,320.0,87.0,185.0
272.0,318.0,88.0,182.0
270.0,316.0,91.0,181.0
269.0,313.0,94.0,180.0
267.0,311.0,97.0,179.0
267.0,310.0,97.0,180.0
266.0,310.0,97.0,181.0
266.0,309.0,97.0,182.0
265.0,307.0,95.0,184.0
265.0,306.0,94.0,186.0
264.0,304.0,92.0,188.0
263.0,302.0,92.0,188.0
262.0,299.0,92.0,188.0
261.0,297.0,92.0,188.0
261.0,296.0,92.0,188.0
261.0,294.0,92.0,188.0
261.0,293.0,92.0,188.0
260.0,290.0,92.0,186.0
259.0,288.0,92.0,184.0
258.0,285.0,92.0,182.0
257.0,284.0,92.0,184.0
256.0,284.0,92.0,185.0
255.0,283.0,92.0,187.0
254.0,282.0,92.0,188.0
254.0,282.0,92.0,190.0
253.0,281.0,92.0,191.0
251.0,279.0,92.0,194.0
250.0,277.0,92.0,196.0
248.0,275.0,92.0,199.0
246.0,272.0,92.0,201.0
244.0,270.0,92.0,203.0
242.0,267.0,92.0,205.0
240.0,266.0,92.0,205.0
239.0,264.0,92.0,205.0
237.0,263.0,92.0,205.0
236.0,261.0,92.0,199.0
235.0,258.0,92.0,194.0
234.0,256.0,92.0,188.0
233.0,254.0,93.0,191.0
233.0,253.0,93.0,193.0
232.0,251.0,94.0,196.0
230.0,250.0,94.0,197.0
227.0,248.0,94.0,198.0
225.0,247.0,94.0,199.0
224.0,246.0,94.0,199.0
222.0,245.0,94.0,199.0
221.0,244.0,94.0,199.0
221.0,243.0,94.0,200.0
220.0,242.0,94.0,201.0
220.0,241.0,94.0,202.0
219.0,238.0,94.0,202.0
218.0,236.0,94.0,202.0
217.0,233.0,94.0,202.0
216.0,231.0,96.0,200.0
216.0,230.0,97.0,199.0
215.0,228.0,99.0,197.0
214.0,227.0,99.0,199.0
213.0,227.0,99.0,201.0
212.0,226.0,99.0,203.0
210.0,226.0,99.0,204.0
208.0,226.0,99.0,206.0
206.0,226.0,99.0,207.0
203.0,226.0,99.0,207.0
200.0,227.0,99.0,207.0
197.0,227.0,99.0,207.0
196.0,226.0,99.0,210.0
194.0,225.0,99.0,214.0
193.0,224.0,99.0,217.0
191.0,223.0,99.0,218.0
189.0,222.0,99.0,220.0
187.0,221.0,99.0,221.0
186.0,220.0,100.0,216.0
185.0,218.0,101.0,212.0
184.0,217.0,102.0,207.0
182.0,217.0,106.0,207.0
180.0,218.0,110.0,207.0
178.0,218.0,114.0,207.0
177.0,218.0,112.0,207.0
176.0,218.0,110.0,207.0
175.0,218.0,108.0,207.0
175.0,218.0,108.0,210.0
175.0,218.0,108.0,212.0
175.0,218.0,108.0,215.0
174.0,218.0,108.0,216.0
174.0,218.0,108.0,217.0
173.0,218.0,108.0,218.0
172.0,217.0,108.0,218.0
172.0,217.0,108.0,218.0
171.0,216.0,108.0,218.0
171.0,214.0,109.0,216.0
172.0,211.0,111.0,213.0
172.0,209.0,112.0,211.0
171.0,209.0,113.0,213.0
171.0,208.0,115.0,214.0
170.0,208.0,116.0,216.0
170.0,209.0,116.0,219.0
170.0,209.0,116.0,221.0
170.0,210.0,116.0,224.0
170.0,210.0,116.0,227.0
170.0,209.0,116.0,231.0
170.0,209.0,116.0,234.0
169.0,208.0,116.0,237.0
168.0,207.0,116.0,239.0
167.0,206.0,116.0,242.0
165.0,205.0,116.0,242.0
164.0,204.0,116.0,242.0
162.0,203.0,116.0,242.0
164.0,201.0,116.0,239.0
165.0,199.0,116.0,235.0
167.0,197.0,116.0,232.0
168.0,196.0,118.0,230.0
169.0,196.0,119.0,229.0
170.0,195.0,121.0,227.0
170.0,195.0,121.0,227.0
170.0,195.0,121.0,227.0
170.0,195.0,121.0,227.0
171.0,195.0,123.0,229.0
172.0,195.0,126.0,232.0
173.0,195.0,128.0,234.0
172.0,195.0,127.0,236.0
172.0,195.0,125.0,239.0
171.0,195.0,124.0,241.0
171.0,193.0,125.0,243.0
171.0,190.0,125.0,244.0
171.0,188.0,126.0,246.0
171.0,188.0,126.0,242.0
171.0,188.0,126.0,239.0
171.0,188.0,126.0,235.0
171.0,188.0,127.0,236.0
171.0,188.0,128.0,236.0
171.0,188.0,129.0,237.0
171.0,187.0,127.0,242.0
171.0,185.0,125.0,246.0
171.0,184.0,123.0,251.0
171.0,184.0,123.0,253.0
171.0,184.0,123.0,254.0
171.0,184.0,123.0,256.0
170.0,183.0,123.0,259.0
169.0,181.0,123.0,262.0
168.0,180.0,123.0,265.0
167.0,176.0,123.0,265.0
167.0,173.0,123.0,265.0
166.0,169.0,123.0,265.0
164.0,168.0,123.0,262.0
163.0,166.0,123.0,260.0
161.0,165.0,123.0,257.0
159.0,162.0,126.0,257.0
158.0,160.0,130.0,257.0
156.0,157.0,133.0,257.0
156.0,157.0,133.0,257.0
156.0,157.0,133.0,257.0
156.0,157.0,133.0,257.0
156.0,157.0,132.0,258.0
156.0,157.0,132.0,260.0
156.0,157.0,131.0,261.0
155.0,155.0,130.0,263.0
155.0,152.0,130.0,265.0
154.0,150.0,129.0,267.0
154.0,150.0,129.0,267.0
154.0,150.0,129.0,267.0
154.0,150.0,129.0,267.0
153.0,146.0,129.0,267.0
152.0,142.0,129.0,267.0
151.0,138.0,129.0,267.0
150.0,137.0,130.0,267.0
149.0,135.0,132.0,267.0
148.0,134.0,133.0,267.0
147.0,132.0,133.0,269.0
146.0,130.0,133.0,271.0
145.0,128.0,133.0,273.0
142.0,129.0,133.0,275.0
139.0,129.0,133.0,277.0
136.0,130.0,133.0,279.0
133.0,130.0,134.0,281.0
131.0,130.0,136.0,282.0
128.0,130.0,137.0,284.0
127.0,129.0,137.0,285.0
125.0,128.0,137.0,286.0
124.0,127.0,137.0,287.0
122.0,125.0,137.0,287.0
120.0,122.0,137.0,287.0
118.0,120.0,137.0,287.0
121.0,118.0,138.0,281.0
125.0,117.0,138.0,275.0
128.0,115.0,139.0,269.0
135.0,115.0,142.0,269.0
143.0,115.0,144.0,269.0
150.0,115.0,147.0,269.0
159.0,115.0,147.0,271.0
167.0,115.0,147.0,273.0
176.0,115.0,147.0,275.0
186.0,116.0,146.0,275.0
196.0,117.0,144.0,275.0
206.0,118.0,143.0,275.0
224.0,115.0,137.0,275.0
243.0,111.0,130.0,275.0
261.0,108.0,124.0,275.0
279.0,108.0,122.0,272.0
297.0,108.0,120.0,268.0
315.0,108.0,118.0,265.0
330.0,110.0,118.0,264.0
346.0,113.0,118.0,262.0
361.0,115.0,118.0,261.0
371.0,117.0,116.0,262.0
380.0,118.0,114.0,264.0
390.0,120.0,112.0,265.0
399.0,123.0,112.0,265.0
409.0,126.0,112.0,265.0
418.0,129.0,112.0,265.0
428.0,133.0,111.0,266.0
437.0,136.0,109.0,268.0
447.0,140.0,108.0,269.0
455.0,142.0,108.0,269.0
463.0,144.0,108.0,269.0
471.0,146.0,108.0,269.0
475.0,150.0,108.0,269.0
479.0,155.0,108.0,269.0
483.0,159.0,108.0,269.0
483.0,164.0,108.0,269.0
484.0,170.0,108.0,269.0
484.0,175.0,108.0,269.0
486.0,185.0,106.0,267.0
489.0,194.0,105.0,266.0
491.0,204.0,103.0,264.0
491.0,213.0,103.0,264.0
491.0,223.0,102.0,264.0
491.0,232.0,102.0,264.0
492.0,243.0,102.0,264.0
492.0,255.0,102.0,264.0
493.0,266.0,102.0,264.0
494.0,276.0,101.0,265.0
495.0,285.0,100.0,265.0
496.0,295.0,99.0,266.0
497.0,304.0,99.0,266.0
497.0,313.0,99.0,266.0
498.0,322.0,99.0,266.0
499.0,326.0,99.0,266.0
501.0,329.0,99.0,266.0
502.0,333.0,99.0,266.0
500.0,333.0,99.0,267.0
499.0,334.0,99.0,268.0
497.0,334.0,99.0,269.0
497.0,335.0,99.0,273.0
497.0,337.0,99.0,278.0
497.0,338.0,99.0,282.0
497.0,339.0,99.0,285.0
497.0,341.0,99.0,289.0
497.0,342.0,99.0,292.0
497.0,342.0,99.0,292.0
496.0,342.0,99.0,292.0
496.0,342.0,99.0,292.0
495.0,339.0,99.0,292.0
494.0,336.0,99.0,292.0
493.0,333.0,99.0,292.0
491.0,330.0,99.0,290.0
490.0,328.0,99.0,287.0
488.0,325.0,99.0,285.0
486.0,325.0,99.0,285.0
485.0,324.0,99.0,285.0
483.0,324.0,99.0,285.0
481.0,323.0,101.0,286.0
479.0,322.0,104.0,288.0
477.0,321.0,106.0,289.0
475.0,321.0,106.0,289.0
474.0,322.0,106.0,289.0
472.0,322.0,106.0,289.0
470.0,323.0,106.0,289.0
468.0,325.0,106.0,289.0
466.0,326.0,106.0,289.0
465.0,326.0,106.0,289.0
464.0,327.0,106.0,289.0
463.0,327.0,106.0,289.0
461.0,328.0,106.0,289.0
460.0,328.0,106.0,289.0
458.0,329.0,106.0,289.0
456.0,330.0,106.0,291.0
455.0,331.0,107.0,292.0
453.0,332.0,107.0,294.0
451.0,332.0,108.0,300.0
449.0,331.0,110.0,305.0
447.0,331.0,111.0,311.0
445.0,333.0,111.0,311.0
443.0,336.0,111.0,311.0
441.0,338.0,111.0,311.0
439.0,338.0,111.0,315.0
436.0,339.0,111.0,319.0
434.0,339.0,111.0,323.0
433.0,338.0,111.0,323.0
431.0,336.0,111.0,323.0
430.0,335.0,111.0,323.0
428.0,335.0,111.0,323.0
427.0,335.0,111.0,323.0
425.0,335.0,111.0,323.0
424.0,334.0,111.0,323.0
422.0,332.0,111.0,323.0
421.0,331.0,111.0,323.0
419.0,331.0,111.0,323.0
417.0,331.0,111.0,323.0
415.0,331.0,111.0,323.0
414.0,331.0,110.0,324.0
412.0,332.0,108.0,324.0
411.0,332.0,107.0,325.0
411.0,333.0,107.0,326.0
410.0,334.0,107.0,327.0
410.0,335.0,107.0,328.0
409.0,335.0,107.0,328.0
409.0,336.0,107.0,328.0
408.0,336.0,107.0,328.0
407.0,336.0,109.0,328.0
407.0,336.0,111.0,328.0
406.0,336.0,113.0,328.0
404.0,338.0,113.0,329.0
402.0,341.0,113.0,330.0
400.0,343.0,113.0,331.0
397.0,342.0,113.0,334.0
395.0,341.0,113.0,336.0
392.0,340.0,113.0,339.0
389.0,341.0,113.0,341.0
387.0,343.0,113.0,342.0
384.0,344.0,113.0,344.0
382.0,342.0,113.0,347.0
380.0,341.0,113.0,350.0
378.0,339.0,113.0,353.0
377.0,335.0,112.0,355.0
377.0,332.0,112.0,356.0
376.0,328.0,111.0,358.0
373.0,327.0,114.0,353.0
371.0,326.0,117.0,347.0
368.0,325.0,120.0,342.0
366.0,323.0,120.0,342.0
364.0,320.0,120.0,342.0
362.0,318.0,120.0,342.0
360.0,316.0,121.0,342.0
358.0,314.0,123.0,342.0
356.0,312.0,124.0,342.0
353.0,311.0,125.0,343.0
351.0,310.0,125.0,345.0
348.0,309.0,126.0,346.0
347.0,308.0,125.0,349.0
345.0,308.0,124.0,352.0
344.0,307.0,123.0,355.0
341.0,304.0,123.0,355.0
337.0,302.0,123.0,355.0
334.0,299.0,123.0,355.0
334.0,297.0,123.0,355.0
333.0,294.0,123.0,355.0
333.0,292.0,123.0,355.0
330.0,291.0,123.0,355.0
327.0,289.0,124.0,355.0
324.0,288.0,124.0,355.0
321.0,288.0,124.0,356.0
318.0,289.0,124.0,357.0
315.0,289.0,124.0,358.0
312.0,288.0,126.0,363.0
309.0,288.0,128.0,369.0
306.0,287.0,130.0,374.0
303.0,286.0,130.0,377.0
301.0,284.0,130.0,379.0
298.0,283.0,130.0,382.0
296.0,280.0,130.0,384.0
293.0,278.0,130.0,386.0
291.0,275.0,130.0,388.0
289.0,271.0,130.0,388.0
288.0,268.0,130.0,388.0
286.0,264.0,130.0,388.0
283.0,262.0,131.0,385.0
280.0,259.0,133.0,381.0
277.0,257.0,134.0,378.0
275.0,256.0,136.0,381.0
273.0,256.0,137.0,383.0
271.0,255.0,139.0,386.0
267.0,254.0,139.0,389.0
262.0,252.0,139.0,393.0
258.0,251.0,139.0,396.0
256.0,250.0,139.0,399.0
253.0,249.0,139.0,403.0
251.0,248.0,139.0,406.0
246.0,245.0,140.0,408.0
241.0,243.0,141.0,409.0
236.0,240.0,142.0,411.0
233.0,238.0,142.0,411.0
230.0,237.0,142.0,411.0
227.0,235.0,142.0,411.0
223.0,234.0,143.0,411.0
218.0,233.0,145.0,411.0
214.0,232.0,146.0,411.0
207.0,230.0,146.0,418.0
200.0,228.0,146.0,425.0
193.0,226.0,146.0,432.0
187.0,226.0,146.0,435.0
182.0,225.0,146.0,438.0
176.0,225.0,146.0,441.0
172.0,226.0,146.0,445.0
168.0,226.0,146.0,450.0
164.0,227.0,146.0,454.0
158.0,224.0,147.0,461.0
151.0,221.0,149.0,467.0
145.0,218.0,150.0,474.0
141.0,216.0,150.0,474.0
136.0,215.0,150.0,474.0
132.0,213.0,150.0,474.0
128.0,212.0,153.0,469.0
125.0,210.0,155.0,464.0
121.0,209.0,158.0,459.0
116.0,209.0,161.0,459.0
111.0,210.0,163.0,459.0
106.0,210.0,166.0,459.0
101.0,210.0,166.0,465.0
97.0,209.0,167.0,472.0
92.0,209.0,167.0,478.0
91.0,211.0,165.0,480.0
89.0,214.0,162.0,483.0
88.0,216.0,160.0,485.0
87.0,216.0,162.0,486.0
87.0,217.0,165.0,488.0
86.0,217.0,167.0,489.0
92.0,215.0,165.0,483.0
98.0,212.0,163.0,477.0
104.0,210.0,161.0,471.0
112.0,209.0,162.0,471.0
121.0,208.0,163.0,471.0
129.0,207.0,164.0,471.0
139.0,207.0,162.0,472.0
149.0,206.0,161.0,473.0
159.0,206.0,159.0,474.0
171.0,206.0,159.0,478.0
183.0,206.0,159.0,483.0
195.0,206.0,159.0,487.0
211.0,207.0,159.0,487.0
227.0,209.0,159.0,487.0
243.0,210.0,159.0,487.0
260.0,211.0,159.0,487.0
277.0,212.0,159.0,487.0
294.0,213.0,159.0,487.0
309.0,212.0,159.0,487.0
324.0,210.0,159.0,487.0
339.0,209.0,159.0,487.0
350.0,207.0,155.0,487.0
362.0,204.0,152.0,487.0
373.0,202.0,148.0,487.0
385.0,202.0,148.0,482.0
397.0,201.0,148.0,476.0
409.0,201.0,148.0,471.0
420.0,201.0,148.0,470.0
431.0,201.0,148.0,468.0
442.0,201.0,148.0,467.0
454.0,201.0,148.0,467.0
467.0,201.0,148.0,467.0
479.0,201.0,148.0,467.0
490.0,200.0,148.0,467.0
502.0,199.0,148.0,467.0
513.0,198.0,148.0,467.0
526.0,195.0,143.0,462.0
539.0,192.0,138.0,456.0
552.0,189.0,133.0,451.0
559.0,186.0,133.0,453.0
566.0,183.0,133.0,455.0
573.0,180.0,133.0,457.0
577.0,181.0,133.0,458.0
581.0,181.0,133.0,458.0
585.0,182.0,133.0,459.0
586.0,180.0,130.0,461.0
587.0,179.0,127.0,463.0
588.0,177.0,124.0,465.0
588.0,177.0,131.0,466.0
588.0,177.0,137.0,466.0
588.0,177.0,144.0,467.0
589.0,177.0,144.0,468.0
591.0,177.0,144.0,470.0
592.0,177.0,144.0,471.0
594.0,176.0,144.0,471.0
596.0,175.0,144.0,471.0
598.0,174.0,144.0,471.0
600.0,172.0,144.0,471.0
602.0,169.0,144.0,471.0
604.0,167.0,144.0,471.0
607.0,165.0,141.0,467.0
609.0,162.0,137.0,462.0
612.0,160.0,134.0,458.0
613.0,161.0,134.0,454.0
615.0,162.0,134.0,450.0
616.0,163.0,134.0,446.0
617.0,163.0,134.0,446.0
619.0,163.0,134.0,446.0
620.0,163.0,134.0,446.0
618.0,163.0,134.0,446.0
617.0,162.0,134.0,446.0
615.0,162.0,134.0,446.0
617.0,161.0,134.0,443.0
620.0,160.0,133.0,440.0
622.0,159.0,133.0,437.0
625.0,158.0,133.0,437.0
628.0,156.0,133.0,437.0
631.0,155.0,133.0,437.0
633.0,155.0,133.0,439.0
636.0,155.0,133.0,441.0
638.0,155.0,133.0,443.0
637.0,155.0,133.0,444.0
635.0,156.0,133.0,446.0
634.0,156.0,133.0,447.0
634.0,157.0,133.0,450.0
635.0,159.0,133.0,453.0
635.0,160.0,133.0,456.0
634.0,163.0,133.0,456.0
634.0,165.0,133.0,456.0
633.0,168.0,133.0,456.0
633.0,168.0,133.0,457.0
633.0,169.0,133.0,458.0
633.0,169.0,133.0,459.0
633.0,169.0,133.0,459.0
633.0,169.0,133.0,459.0
633.0,169.0,133.0,459.0
633.0,169.0,133.0,459.0
633.0,169.0,133.0,459.0
633.0,169.0,133.0,459.0
630.0,172.0,133.0,459.0
628.0,174.0,133.0,459.0
625.0,177.0,133.0,459.0
624.0,179.0,134.0,457.0
623.0,182.0,135.0,456.0
622.0,184.0,136.0,454.0
618.0,188.0,135.0,454.0
614.0,191.0,134.0,454.0
610.0,195.0,133.0,454.0
605.0,198.0,133.0,454.0
600.0,200.0,133.0,454.0
595.0,203.0,133.0,454.0
591.0,202.0,133.0,454.0
586.0,201.0,133.0,454.0
582.0,200.0,133.0,454.0
578.0,201.0,133.0,454.0
575.0,202.0,133.0,454.0
571.0,203.0,133.0,454.0
567.0,203.0,133.0,457.0
562.0,204.0,133.0,461.0
558.0,204.0,133.0,464.0
553.0,206.0,133.0,464.0
547.0,207.0,133.0,464.0
542.0,209.0,133.0,464.0
540.0,210.0,136.0,466.0
538.0,211.0,138.0,469.0
536.0,212.0,141.0,471.0
535.0,212.0,141.0,474.0
533.0,213.0,141.0,476.0
532.0,213.0,141.0,479.0
531.0,211.0,141.0,475.0
531.0,210.0,141.0,470.0
530.0,208.0,141.0,466.0
529.0,207.0,141.0,466.0
527.0,207.0,141.0,466.0
526.0,206.0,141.0,466.0
525.0,206.0,141.0,466.0
525.0,206.0,141.0,466.0
524.0,206.0,141.0,466.0
523.0,207.0,141.0,466.0
522.0,207.0,141.0,466.0
521.0,208.0,141.0,466.0
519.0,210.0,141.0,468.0
516.0,212.0,141.0,469.0
514.0,214.0,141.0,471.0
510.0,214.0,141.0,471.0
506.0,215.0,141.0,471.0
502.0,215.0,141.0,471.0
504.0,215.0,141.0,468.0
507.0,214.0,141.0,465.0
509.0,214.0,141.0,462.0
509.0,213.0,141.0,463.0
509.0,213.0,141.0,465.0
509.0,212.0,141.0,466.0
509.0,212.0,141.0,469.0
509.0,212.0,141.0,473.0
509.0,212.0,141.0,476.0
506.0,212.0,141.0,479.0
503.0,212.0,141.0,483.0
500.0,212.0,141.0,486.0
501.0,213.0,141.0,489.0
503.0,215.0,141.0,491.0
504.0,216.0,141.0,494.0
504.0,218.0,141.0,494.0
503.0,221.0,141.0,494.0
503.0,223.0,141.0,494.0
503.0,222.0,141.0,494.0
503.0,220.0,141.0,494.0
503.0,219.0,141.0,494.0
505.0,218.0,141.0,491.0
507.0,216.0,141.0,487.0
509.0,215.0,141.0,484.0
507.0,215.0,141.0,485.0
505.0,216.0,141.0,487.0
503.0,216.0,141.0,488.0
502.0,219.0,143.0,488.0
500.0,222.0,145.0,488.0
499.0,225.0,147.0,488.0
497.0,227.0,147.0,488.0
495.0,230.0,147.0,488.0
493.0,232.0,147.0,488.0
491.0,234.0,146.0,487.0
490.0,235.0,144.0,485.0
488.0,237.0,143.0,484.0
488.0,237.0,143.0,484.0
489.0,237.0,143.0,484.0
489.0,237.0,143.0,484.0
491.0,236.0,145.0,485.0
492.0,234.0,146.0,486.0
494.0,233.0,148.0,487.0
491.0,233.0,150.0,487.0
489.0,233.0,151.0,487.0
486.0,233.0,153.0,487.0
484.0,235.0,153.0,486.0
482.0,236.0,153.0,484.0
480.0,238.0,153.0,483.0
480.0,238.0,159.0,483.0
479.0,238.0,166.0,483.0
479.0,238.0,172.0,483.0
478.0,241.0,177.0,480.0
476.0,243.0,181.0,478.0
475.0,246.0,186.0,475.0
472.0,246.0,186.0,475.0
468.0,246.0,186.0,475.0
465.0,246.0,186.0,475.0
464.0,245.0,186.0,476.0
464.0,243.0,186.0,477.0
463.0,242.0,186.0,478.0
468.0,242.0,178.0,478.0
474.0,242.0,171.0,478.0
479.0,242.0,163.0,478.0
477.0,242.0,163.0,478.0
475.0,242.0,163.0,478.0
473.0,242.0,163.0,478.0
471.0,242.0,164.0,478.0
468.0,242.0,165.0,478.0
466.0,242.0,166.0,478.0
462.0,242.0,166.0,478.0
458.0,242.0,166.0,478.0
454.0,242.0,166.0,478.0
452.0,244.0,166.0,476.0
450.0,246.0,166.0,475.0
448.0,248.0,166.0,473.0
449.0,248.0,166.0,473.0
449.0,248.0,166.0,473.0
450.0,248.0,166.0,473.0
450.0,247.0,166.0,474.0
449.0,247.0,166.0,474.0
449.0,246.0,166.0,475.0
444.0,246.0,166.0,475.0
439.0,246.0,166.0,475.0
434.0,246.0,166.0,475.0
429.0,248.0,166.0,473.0
423.0,249.0,166.0,471.0
418.0,251.0,166.0,469.0
413.0,254.0,173.0,466.0
408.0,258.0,180.0,462.0
403.0,261.0,187.0,459.0
400.0,261.0,184.0,459.0
396.0,261.0,181.0,459.0
393.0,261.0,178.0,459.0
389.0,261.0,178.0,459.0
385.0,261.0,178.0,459.0
381.0,261.0,178.0,459.0
373.0,261.0,178.0,459.0
366.0,261.0,178.0,459.0
358.0,261.0,178.0,459.0
353.0,261.0,178.0,459.0
347.0,261.0,178.0,459.0
342.0,261.0,178.0,459.0
335.0,264.0,178.0,456.0
329.0,267.0,178.0,454.0
322.0,270.0,178.0,451.0
314.0,270.0,178.0,451.0
307.0,270.0,178.0,451.0
299.0,270.0,178.0,451.0
293.0,276.0,179.0,445.0
286.0,281.0,180.0,440.0
280.0,287.0,181.0,434.0
275.0,285.0,180.0,435.0
270.0,284.0,179.0,437.0
265.0,282.0,178.0,438.0
262.0,282.0,179.0,438.0
258.0,282.0,179.0,438.0
255.0,282.0,180.0,438.0
249.0,282.0,184.0,438.0
242.0,282.0,188.0,438.0
236.0,282.0,192.0,438.0
229.0,284.0,192.0,436.0
223.0,287.0,192.0,434.0
216.0,289.0,192.0,432.0
210.0,293.0,192.0,427.0
205.0,298.0,192.0,423.0
199.0,302.0,192.0,418.0
195.0,305.0,192.0,415.0
192.0,308.0,192.0,412.0
188.0,311.0,192.0,409.0
184.0,311.0,192.0,409.0
180.0,311.0,192.0,409.0
176.0,311.0,192.0,409.0
173.0,311.0,190.0,409.0
169.0,311.0,189.0,409.0
166.0,311.0,187.0,409.0
162.0,311.0,187.0,409.0
157.0,311.0,187.0,409.0
153.0,311.0,187.0,409.0
146.0,311.0,187.0,409.0
139.0,311.0,187.0,409.0
132.0,311.0,187.0,409.0
128.0,311.0,187.0,409.0
123.0,311.0,187.0,409.0
119.0,311.0,187.0,409.0
116.0,313.0,183.0,407.0
112.0,316.0,180.0,405.0
109.0,318.0,176.0,403.0
107.0,318.0,176.0,403.0
105.0,318.0,176.0,403.0
103.0,318.0,176.0,403.0
102.0,316.0,176.0,405.0
100.0,314.0,176.0,406.0
99.0,312.0,176.0,408.0
97.0,312.0,176.0,408.0
95.0,312.0,176.0,408.0
93.0,312.0,176.0,408.0
91.0,312.0,177.0,408.0
90.0,312.0,179.0,408.0
88.0,312.0,180.0,408.0
85.0,312.0,180.0,408.0
83.0,312.0,180.0,408.0
80.0,312.0,180.0,408.0
78.0,312.0,178.0,408.0
75.0,312.0,175.0,408.0
73.0,312.0,173.0,408.0
72.0,312.0,173.0,408.0
70.0,312.0,173.0,408.0
69.0,312.0,173.0,408.0
67.0,309.0,173.0,411.0
66.0,305.0,173.0,415.0
64.0,302.0,173.0,418.0
62.0,302.0,173.0,418.0
61.0,302.0,173.0,418.0
59.0,302.0,173.0,418.0
54.0,301.0,178.0,420.0
49.0,299.0,182.0,421.0
44.0,298.0,187.0,423.0
39.0,298.0,189.0,423.0
35.0,298.0,192.0,423.0
30.0,298.0,194.0,423.0
27.0,298.0,189.0,423.0
23.0,298.0,185.0,423.0
20.0,298.0,180.0,423.0
17.0,298.0,180.0,423.0
14.0,298.0,180.0,423.0
11.0,298.0,180.0,423.0
11.0,298.0,178.0,423.0
10.0,298.0,175.0,423.0
10.0,298.0,173.0,423.0
11.0,297.0,173.0,424.0
13.0,295.0,173.0,425.0
14.0,294.0,173.0,426.0
13.0,294.0,181.0,426.0
13.0,294.0,188.0,426.0
12.0,294.0,196.0,426.0
16.0,296.0,196.0,424.0
21.0,298.0,196.0,423.0
25.0,300.0,196.0,421.0
34.0,301.0,194.0,420.0
42.0,302.0,193.0,418.0
51.0,303.0,191.0,417.0
55.0,303.0,187.0,417.0
60.0,303.0,184.0,417.0
64.0,303.0,180.0,417.0
65.0,303.0,179.0,417.0
67.0,303.0,177.0,417.0
68.0,303.0,176.0,417.0
67.0,303.0,176.0,417.0
66.0,303.0,176.0,417.0
65.0,303.0,176.0,417.0
60.0,303.0,182.0,417.0
56.0,303.0,187.0,417.0
51.0,303.0,193.0,417.0
45.0,303.0,193.0,417.0
38.0,303.0,193.0,417.0
32.0,303.0,193.0,417.0
28.0,305.0,189.0,416.0
25.0,306.0,184.0,414.0
21.0,308.0,180.0,413.0
16.0,308.0,180.0,413.0
10.0,308.0,180.0,413.0
5.0,308.0,180.0,413.0
4.0,308.0,176.0,413.0
2.0,308.0,171.0,413.0
1.0,308.0,167.0,413.0
1.0,306.0,161.0,415.0
1.0,304.0,156.0,416.0
1.0,302.0,150.0,418.0
1.0,302.0,151.0,418.0
1.0,302.0,151.0,418.0
1.0,302.0,152.0,418.0
1.0,302.0,152.0,418.0
1.0,302.0,152.0,418.0
1.0,302.0,152.0,418.0
1.0,304.0,148.0,417.0
1.0,305.0,144.0,415.0
1.0,307.0,140.0,414.0
1.0,307.0,136.0,414.0
1.0,307.0,131.0,414.0
1.0,307.0,127.0,414.0
1.0,307.0,118.0,414.0
1.0,307.0,108.0,414.0
1.0,307.0,99.0,414.0
1.0,307.0,99.0,414.0
1.0,307.0,99.0,414.0
1.0,307.0,99.0,414.0
1.0,307.0,99.0,414.0
1.0,307.0,99.0,414.0
1.0,307.0,99.0,414.0
1.0,307.0,99.0,414.0
1.0,307.0,99.0,414.0
1.0,307.0,99.0,414.0
1.0,311.0,96.0,410.0
1.0,316.0,92.0,405.0
1.0,320.0,89.0,401.0
1.0,320.0,88.0,401.0
1.0,320.0,88.0,401.0
1.0,320.0,87.0,401.0
1.0,320.0,84.0,401.0
1.0,320.0,82.0,401.0
1.0,320.0,79.0,401.0
1.0,318.0,82.0,403.0
1.0,315.0,86.0,405.0
1.0,313.0,89.0,407.0
1.0,315.0,100.0,405.0
1.0,318.0,112.0,403.0
1.0,320.0,123.0,401.0
1.0,321.0,126.0,399.0
1.0,323.0,128.0,398.0
1.0,324.0,131.0,396.0
1.0,325.0,132.0,395.0
1.0,327.0,132.0,394.0
1.0,328.0,133.0,393.0
1.0,328.0,140.0,393.0
1.0,328.0,147.0,393.0
1.0,328.0,154.0,393.0
2.0,328.0,156.0,393.0
4.0,328.0,158.0,393.0
5.0,328.0,160.0,393.0
9.0,326.0,164.0,394.0
13.0,325.0,167.0,396.0
17.0,323.0,171.0,397.0
23.0,323.0,171.0,397.0
30.0,323.0,171.0,397.0
36.0,323.0,171.0,397.0
39.0,325.0,171.0,396.0
42.0,326.0,171.0,394.0
45.0,328.0,171.0,393.0
52.0,331.0,168.0,390.0
60.0,333.0,166.0,388.0
67.0,336.0,163.0,385.0
73.0,336.0,162.0,385.0
80.0,337.0,162.0,384.0
86.0,337.0,161.0,384.0
90.0,335.0,158.0,386.0
94.0,333.0,156.0,387.0
98.0,331.0,153.0,389.0
101.0,331.0,156.0,389.0
103.0,331.0,159.0,389.0
106.0,331.0,162.0,389.0
105.0,331.0,166.0,389.0
104.0,331.0,169.0,389.0
103.0,331.0,173.0,389.0
100.0,332.0,173.0,388.0
96.0,333.0,173.0,387.0
93.0,334.0,173.0,386.0
91.0,336.0,173.0,385.0
89.0,337.0,173.0,383.0
87.0,339.0,173.0,382.0
86.0,339.0,168.0,382.0
84.0,339.0,163.0,382.0
83.0,339.0,158.0,382.0
81.0,336.0,158.0,385.0
78.0,333.0,158.0,388.0
76.0,330.0,158.0,391.0
71.0,330.0,159.0,391.0
67.0,330.0,161.0,391.0
62.0,330.0,162.0,391.0
58.0,330.0,165.0,391.0
55.0,330.0,169.0,391.0
51.0,330.0,172.0,391.0
49.0,330.0,172.0,391.0
46.0,330.0,172.0,391.0
44.0,330.0,172.0,391.0
42.0,331.0,168.0,389.0
40.0,333.0,165.0,388.0
38.0,334.0,161.0,386.0
38.0,335.0,160.0,386.0
38.0,335.0,159.0,385.0
38.0,336.0,158.0,385.0
37.0,336.0,158.0,385.0
36.0,336.0,158.0,385.0
35.0,336.0,158.0,385.0
32.0,336.0,160.0,385.0
28.0,336.0,162.0,385.0
25.0,336.0,164.0,385.0
22.0,335.0,167.0,385.0
18.0,335.0,170.0,386.0
15.0,334.0,173.0,386.0
10.0,335.0,173.0,385.0
6.0,337.0,173.0,384.0
1.0,338.0,173.0,383.0
1.0,338.0,171.0,383.0
1.0,338.0,168.0,383.0
1.0,338.0,166.0,383.0
1.0,340.0,164.0,381.0
1.0,341.0,161.0,379.0
1.0,343.0,159.0,377.0
1.0,343.0,157.0,377.0
1.0,343.0,154.0,377.0
1.0,343.0,152.0,377.0
1.0,341.0,150.0,380.0
1.0,338.0,148.0,382.0
1.0,336.0,146.0,385.0
1.0,336.0,146.0,385.0
1.0,336.0,146.0,385.0
1.0,336.0,146.0,385.0
1.0,336.0,146.0,385.0
1.0,336.0,146.0,385.0
1.0,336.0,146.0,385.0
2.0,340.0,147.0,381.0
3.0,343.0,148.0,378.0
4.0,347.0,149.0,374.0
16.0,347.0,149.0,374.0
27.0,347.0,149.0,374.0
39.0,347.0,149.0,374.0
42.0,345.0,151.0,376.0
46.0,343.0,152.0,377.0
49.0,341.0,154.0,379.0
52.0,340.0,157.0,381.0
54.0,338.0,160.0,382.0
57.0,337.0,163.0,384.0
60.0,337.0,163.0,384.0
64.0,337.0,163.0,384.0
67.0,337.0,163.0,384.0
71.0,337.0,163.0,384.0
74.0,337.0,163.0,384.0
78.0,337.0,163.0,384.0
81.0,339.0,163.0,381.0
84.0,342.0,163.0,379.0
87.0,344.0,163.0,376.0
89.0,344.0,163.0,376.0
91.0,344.0,163.0,376.0
93.0,344.0,163.0,376.0
96.0,342.0,161.0,378.0
100.0,340.0,160.0,381.0
103.0,338.0,158.0,383.0
106.0,338.0,156.0,383.0
109.0,338.0,153.0,383.0
112.0,338.0,151.0,383.0
115.0,336.0,153.0,384.0
119.0,335.0,154.0,386.0
122.0,333.0,156.0,387.0
129.0,333.0,156.0,387.0
135.0,333.0,156.0,387.0
142.0,333.0,156.0,387.0
147.0,334.0,156.0,386.0
153.0,336.0,156.0,385.0
158.0,337.0,156.0,384.0
171.0,338.0,156.0,382.0
184.0,340.0,156.0,381.0
197.0,341.0,156.0,379.0
209.0,341.0,154.0,379.0
221.0,341.0,153.0,379.0
233.0,341.0,151.0,379.0
242.0,340.0,151.0,380.0
251.0,339.0,151.0,382.0
260.0,338.0,151.0,383.0
269.0,338.0,155.0,383.0
277.0,338.0,160.0,383.0
286.0,338.0,164.0,383.0
293.0,338.0,164.0,383.0
300.0,338.0,164.0,383.0
307.0,338.0,164.0,383.0
316.0,339.0,162.0,382.0
324.0,340.0,160.0,380.0
333.0,341.0,158.0,379.0
344.0,343.0,155.0,377.0
356.0,345.0,151.0,376.0
367.0,347.0,148.0,374.0
377.0,347.0,146.0,374.0
387.0,347.0,144.0,374.0
397.0,347.0,142.0,374.0
406.0,345.0,142.0,375.0
414.0,344.0,142.0,377.0
423.0,342.0,142.0,378.0
431.0,342.0,142.0,378.0
438.0,342.0,142.0,378.0
446.0,342.0,142.0,378.0
455.0,342.0,142.0,378.0
464.0,342.0,142.0,378.0
473.0,342.0,142.0,378.0
480.0,342.0,142.0,378.0
486.0,342.0,142.0,378.0
493.0,342.0,142.0,378.0
499.0,343.0,141.0,377.0
504.0,345.0,139.0,376.0
510.0,346.0,138.0,375.0
514.0,346.0,138.0,375.0
518.0,346.0,138.0,375.0
522.0,346.0,138.0,375.0
526.0,346.0,138.0,375.0
530.0,346.0,138.0,375.0
534.0,346.0,138.0,375.0
536.0,346.0,143.0,375.0
537.0,346.0,148.0,375.0
539.0,346.0,153.0,375.0
541.0,346.0,153.0,375.0
543.0,346.0,153.0,375.0
545.0,346.0,153.0,375.0
549.0,346.0,153.0,375.0
553.0,346.0,153.0,375.0
557.0,346.0,153.0,375.0
566.0,350.0,148.0,371.0
576.0,353.0,143.0,368.0
585.0,357.0,138.0,364.0
593.0,357.0,138.0,364.0
602.0,357.0,138.0,364.0
610.0,357.0,138.0,364.0
617.0,357.0,138.0,364.0
623.0,357.0,138.0,364.0
630.0,357.0,138.0,364.0
636.0,357.0,138.0,364.0
643.0,357.0,138.0,364.0
649.0,357.0,138.0,364.0
653.0,357.0,138.0,364.0
656.0,357.0,138.0,364.0
660.0,357.0,138.0,364.0
657.0,357.0,138.0,364.0
655.0,357.0,138.0,364.0
652.0,357.0,138.0,364.0
648.0,361.0,138.0,360.0
644.0,364.0,138.0,357.0
640.0,368.0,138.0,353.0
637.0,368.0,138.0,353.0
633.0,368.0,138.0,353.0
630.0,368.0,138.0,353.0
628.0,368.0,140.0,353.0
626.0,368.0,142.0,353.0
624.0,368.0,144.0,353.0
624.0,368.0,144.0,353.0
625.0,368.0,144.0,353.0
625.0,368.0,144.0,353.0
621.0,368.0,144.0,353.0
617.0,368.0,144.0,353.0
613.0,368.0,144.0,353.0
611.0,368.0,144.0,353.0
608.0,368.0,144.0,353.0
606.0,368.0,144.0,353.0
603.0,372.0,142.0,349.0
600.0,375.0,141.0,346.0
597.0,379.0,139.0,342.0
596.0,379.0,139.0,342.0
596.0,379.0,139.0,342.0
595.0,379.0,139.0,342.0
593.0,377.0,139.0,344.0
591.0,374.0,139.0,346.0
589.0,372.0,139.0,348.0
586.0,372.0,139.0,348.0
582.0,371.0,139.0,349.0
579.0,371.0,139.0,349.0
569.0,370.0,139.0,351.0
558.0,368.0,139.0,352.0
548.0,367.0,139.0,354.0
539.0,367.0,139.0,354.0
530.0,367.0,139.0,354.0
521.0,367.0,139.0,354.0
513.0,367.0,138.0,354.0
505.0,367.0,138.0,354.0
497.0,367.0,137.0,354.0
494.0,367.0,137.0,354.0
490.0,367.0,137.0,354.0
487.0,367.0,137.0,354.0
485.0,365.0,137.0,355.0
483.0,364.0,137.0,357.0
481.0,362.0,137.0,358.0
479.0,360.0,139.0,360.0
476.0,359.0,141.0,362.0
474.0,357.0,143.0,364.0
468.0,354.0,143.0,367.0
462.0,351.0,143.0,370.0
456.0,348.0,143.0,373.0
454.0,348.0,143.0,373.0
451.0,348.0,143.0,373.0
449.0,348.0,143.0,373.0
447.0,348.0,143.0,373.0
444.0,348.0,143.0,373.0
442.0,348.0,143.0,373.0
441.0,348.0,143.0,373.0
439.0,348.0,143.0,373.0
438.0,348.0,143.0,373.0
437.0,345.0,143.0,376.0
437.0,343.0,143.0,378.0
436.0,340.0,143.0,381.0
432.0,337.0,144.0,384.0
429.0,334.0,145.0,386.0
425.0,331.0,146.0,389.0
419.0,328.0,146.0,392.0
413.0,326.0,146.0,394.0
407.0,323.0,146.0,397.0
402.0,323.0,146.0,397.0
398.0,323.0,146.0,397.0
393.0,323.0,146.0,397.0
388.0,323.0,146.0,397.0
383.0,323.0,146.0,397.0
378.0,323.0,146.0,397.0
375.0,323.0,146.0,397.0
373.0,323.0,146.0,397.0
370.0,323.0,146.0,397.0
366.0,322.0,146.0,399.0
362.0,320.0,146.0,400.0
358.0,319.0,146.0,402.0
356.0,317.0,147.0,404.0
353.0,314.0,147.0,406.0
351.0,312.0,148.0,408.0
347.0,311.0,151.0,410.0
343.0,309.0,155.0,411.0
339.0,308.0,158.0,413.0
337.0,308.0,159.0,413.0
334.0,308.0,161.0,413.0
332.0,308.0,162.0,413.0
329.0,308.0,162.0,413.0
325.0,308.0,162.0,413.0
322.0,308.0,162.0,413.0
323.0,308.0,162.0,413.0
324.0,308.0,162.0,413.0
325.0,308.0,162.0,413.0
327.0,307.0,160.0,414.0
330.0,305.0,159.0,415.0
332.0,304.0,157.0,416.0
336.0,302.0,157.0,418.0
339.0,300.0,157.0,421.0
343.0,298.0,157.0,423.0
345.0,298.0,155.0,423.0
348.0,298.0,154.0,423.0
350.0,298.0,152.0,423.0
353.0,297.0,152.0,424.0
357.0,297.0,152.0,424.0
360.0,296.0,152.0,425.0
364.0,296.0,152.0,425.0
369.0,296.0,152.0,425.0
373.0,296.0,152.0,425.0
379.0,296.0,152.0,425.0
386.0,296.0,152.0,425.0
392.0,296.0,152.0,425.0
396.0,295.0,152.0,426.0
399.0,293.0,152.0,427.0
403.0,292.0,152.0,428.0
410.0,290.0,153.0,430.0
416.0,288.0,153.0,433.0
423.0,286.0,154.0,435.0
428.0,284.0,156.0,437.0
433.0,282.0,159.0,439.0
438.0,280.0,161.0,441.0
444.0,280.0,162.0,441.0
451.0,280.0,163.0,441.0
457.0,280.0,164.0,441.0
465.0,280.0,164.0,441.0
474.0,280.0,164.0,441.0
482.0,280.0,164.0,441.0
488.0,280.0,161.0,441.0
493.0,280.0,157.0,441.0
499.0,280.0,154.0,441.0
506.0,279.0,154.0,442.0
512.0,278.0,154.0,443.0
519.0,277.0,154.0,444.0
521.0,275.0,155.0,446.0
522.0,273.0,156.0,447.0
524.0,271.0,157.0,449.0
531.0,269.0,156.0,451.0
537.0,268.0,155.0,453.0
544.0,266.0,154.0,455.0
550.0,266.0,154.0,455.0
555.0,266.0,154.0,455.0
561.0,266.0,154.0,455.0
565.0,266.0,154.0,455.0
568.0,266.0,154.0,455.0
572.0,266.0,154.0,455.0
574.0,266.0,154.0,455.0
577.0,266.0,154.0,455.0
579.0,266.0,154.0,455.0
582.0,265.0,153.0,456.0
585.0,264.0,151.0,456.0
588.0,263.0,150.0,457.0
592.0,260.0,150.0,460.0
597.0,256.0,150.0,464.0
601.0,253.0,150.0,467.0
606.0,253.0,150.0,467.0
611.0,253.0,150.0,467.0
616.0,253.0,150.0,467.0
617.0,253.0,151.0,467.0
617.0,253.0,153.0,467.0
618.0,253.0,154.0,467.0
617.0,253.0,153.0,467.0
617.0,253.0,152.0,467.0
616.0,253.0,151.0,467.0
618.0,256.0,151.0,464.0
621.0,260.0,150.0,460.0
623.0,263.0,150.0,457.0
627.0,263.0,150.0,457.0
630.0,263.0,150.0,457.0
634.0,263.0,150.0,457.0
631.0,263.0,149.0,457.0
628.0,263.0,147.0,457.0
625.0,263.0,146.0,457.0
629.0,263.0,144.0,457.0
634.0,263.0,142.0,457.0
638.0,263.0,140.0,457.0
639.0,263.0,140.0,457.0
641.0,263.0,140.0,457.0
642.0,263.0,140.0,457.0
643.0,263.0,140.0,457.0
644.0,263.0,140.0,457.0
645.0,263.0,140.0,457.0
646.0,266.0,140.0,454.0
647.0,269.0,140.0,451.0
648.0,272.0,140.0,448.0
649.0,272.0,140.0,448.0
649.0,272.0,140.0,448.0
650.0,272.0,140.0,448.0
651.0,272.0,140.0,448.0
651.0,272.0,140.0,448.0
652.0,272.0,140.0,448.0
655.0,274.0,141.0,447.0
657.0,275.0,141.0,445.0
660.0,277.0,142.0,444.0
660.0,280.0,146.0,441.0
660.0,284.0,149.0,437.0
660.0,287.0,153.0,434.0
661.0,292.0,151.0,429.0
663.0,296.0,149.0,424.0
664.0,301.0,147.0,419.0
664.0,302.0,147.0,418.0
665.0,303.0,147.0,417.0
665.0,304.0,147.0,416.0
669.0,304.0,145.0,416.0
672.0,304.0,142.0,416.0
676.0,304.0,140.0,416.0
678.0,303.0,136.0,418.0
681.0,301.0,133.0,419.0
683.0,300.0,129.0,421.0
683.0,299.0,129.0,422.0
683.0,297.0,130.0,424.0
683.0,296.0,130.0,425.0
683.0,296.0,130.0,425.0
683.0,296.0,130.0,425.0
683.0,296.0,130.0,425.0
683.0,296.0,134.0,425.0
683.0,296.0,138.0,425.0
683.0,296.0,142.0,425.0
683.0,296.0,142.0,425.0
684.0,296.0,142.0,425.0
684.0,296.0,142.0,425.0
683.0,296.0,142.0,425.0
681.0,296.0,142.0,425.0
680.0,296.0,142.0,425.0
681.0,293.0,142.0,428.0
681.0,291.0,142.0,430.0
682.0,288.0,142.0,433.0
683.0,286.0,143.0,434.0
684.0,285.0,145.0,436.0
685.0,283.0,146.0,437.0
686.0,283.0,147.0,437.0
686.0,283.0,149.0,437.0
687.0,283.0,150.0,437.0
686.0,283.0,147.0,437.0
684.0,283.0,144.0,437.0
683.0,283.0,141.0,437.0
682.0,283.0,141.0,437.0
681.0,283.0,141.0,437.0
680.0,283.0,141.0,437.0
684.0,283.0,141.0,437.0
689.0,283.0,141.0,437.0
693.0,283.0,141.0,437.0
694.0,283.0,139.0,437.0
694.0,283.0,138.0,437.0
695.0,283.0,136.0,437.0
695.0,282.0,136.0,438.0
695.0,282.0,136.0,438.0
695.0,281.0,136.0,439.0
693.0,281.0,136.0,440.0
692.0,280.0,136.0,440.0
690.0,280.0,136.0,441.0
690.0,280.0,136.0,441.0
690.0,280.0,136.0,441.0
690.0,280.0,136.0,441.0
688.0,280.0,136.0,441.0
687.0,280.0,136.0,441.0
685.0,280.0,136.0,441.0
685.0,280.0,136.0,441.0
684.0,280.0,136.0,441.0
684.0,280.0,136.0,441.0
682.0,278.0,136.0,443.0
680.0,275.0,136.0,445.0
678.0,273.0,136.0,447.0
677.0,273.0,136.0,447.0
677.0,273.0,137.0,447.0
676.0,273.0,137.0,447.0
673.0,272.0,141.0,449.0
669.0,270.0,146.0,450.0
666.0,269.0,150.0,452.0
664.0,269.0,150.0,452.0
661.0,269.0,150.0,452.0
659.0,269.0,150.0,452.0
657.0,270.0,150.0,451.0
655.0,271.0,150.0,449.0
653.0,272.0,150.0,448.0
652.0,272.0,149.0,448.0
651.0,272.0,149.0,448.0
650.0,272.0,148.0,448.0
649.0,270.0,142.0,450.0
648.0,269.0,136.0,452.0
647.0,267.0,130.0,454.0
644.0,266.0,130.0,455.0
642.0,264.0,130.0,456.0
639.0,263.0,130.0,457.0
635.0,263.0,130.0,457.0
632.0,263.0,130.0,457.0
628.0,263.0,130.0,457.0
624.0,263.0,132.0,457.0
619.0,263.0,135.0,457.0
615.0,263.0,137.0,457.0
613.0,263.0,137.0,457.0
610.0,263.0,137.0,457.0
608.0,263.0,137.0,457.0
606.0,263.0,137.0,457.0
605.0,263.0,137.0,457.0
603.0,263.0,137.0,457.0
600.0,263.0,135.0,457.0
596.0,263.0,134.0,457.0
593.0,263.0,132.0,457.0
593.0,262.0,134.0,459.0
592.0,260.0,135.0,460.0
592.0,259.0,137.0,462.0
589.0,259.0,138.0,462.0
587.0,259.0,139.0,462.0
584.0,259.0,140.0,462.0
580.0,259.0,140.0,462.0
576.0,259.0,140.0,462.0
572.0,259.0,140.0,462.0
570.0,262.0,141.0,459.0
567.0,265.0,141.0,456.0
565.0,268.0,142.0,453.0
565.0,268.0,141.0,453.0
565.0,268.0,140.0,453.0
565.0,268.0,139.0,453.0
562.0,266.0,137.0,454.0
558.0,265.0,134.0,456.0
555.0,263.0,132.0,457.0
551.0,263.0,132.0,457.0
546.0,263.0,132.0,457.0
542.0,263.0,132.0,457.0
536.0,261.0,132.0,460.0
531.0,258.0,132.0,462.0
525.0,256.0,132.0,465.0
524.0,256.0,133.0,465.0
523.0,256.0,133.0,465.0
522.0,256.0,134.0,465.0
516.0,257.0,134.0,464.0
509.0,259.0,134.0,462.0
503.0,260.0,134.0,461.0
500.0,260.0,134.0,461.0
496.0,260.0,134.0,461.0
493.0,260.0,134.0,461.0
490.0,258.0,134.0,463.0
488.0,255.0,134.0,465.0
485.0,253.0,134.0,467.0
483.0,251.0,134.0,470.0
481.0,248.0,134.0,472.0
479.0,246.0,134.0,475.0
477.0,246.0,135.0,475.0
475.0,246.0,136.0,475.0
473.0,246.0,137.0,475.0
469.0,246.0,140.0,475.0
466.0,246.0,144.0,475.0
462.0,246.0,147.0,475.0
460.0,247.0,147.0,474.0
459.0,248.0,147.0,473.0
457.0,249.0,147.0,472.0
456.0,249.0,147.0,472.0
454.0,249.0,147.0,472.0
453.0,249.0,147.0,472.0
451.0,248.0,142.0,473.0
448.0,247.0,136.0,474.0
446.0,246.0,131.0,475.0
444.0,246.0,131.0,475.0
442.0,246.0,131.0,475.0
440.0,246.0,131.0,475.0
435.0,244.0,131.0,476.0
431.0,243.0,131.0,478.0
426.0,241.0,131.0,479.0
425.0,241.0,132.0,479.0
423.0,241.0,132.0,479.0
422.0,241.0,133.0,479.0
418.0,241.0,133.0,479.0
414.0,241.0,134.0,479.0
410.0,241.0,134.0,479.0
409.0,241.0,134.0,479.0
407.0,241.0,134.0,479.0
406.0,241.0,134.0,479.0
404.0,239.0,135.0,481.0
401.0,238.0,137.0,483.0
399.0,236.0,138.0,485.0
398.0,234.0,139.0,486.0
396.0,233.0,139.0,488.0
395.0,231.0,140.0,489.0
395.0,231.0,143.0,489.0
394.0,231.0,146.0,489.0
394.0,231.0,149.0,489.0
392.0,229.0,153.0,491.0
389.0,228.0,158.0,493.0
387.0,226.0,162.0,495.0
385.0,226.0,162.0,495.0
384.0,226.0,162.0,495.0
382.0,226.0,162.0,495.0
383.0,226.0,161.0,495.0
384.0,226.0,159.0,495.0
385.0,226.0,158.0,495.0
383.0,223.0,158.0,498.0
381.0,220.0,158.0,501.0
379.0,217.0,158.0,504.0
377.0,216.0,158.0,505.0
375.0,214.0,158.0,506.0
373.0,213.0,158.0,507.0
374.0,211.0,154.0,509.0
376.0,209.0,151.0,512.0
377.0,207.0,147.0,514.0
374.0,207.0,147.0,514.0
372.0,207.0,147.0,514.0
369.0,207.0,147.0,514.0
369.0,207.0,148.0,514.0
368.0,207.0,150.0,514.0
368.0,207.0,151.0,514.0
366.0,205.0,151.0,515.0
364.0,204.0,151.0,517.0
362.0,202.0,151.0,518.0
362.0,199.0,151.0,521.0
362.0,195.0,151.0,525.0
362.0,192.0,151.0,528.0
360.0,189.0,155.0,531.0
358.0,187.0,158.0,533.0
356.0,184.0,162.0,536.0
354.0,183.0,165.0,538.0
351.0,181.0,169.0,539.0
349.0,180.0,172.0,541.0
348.0,180.0,175.0,541.0
347.0,180.0,178.0,541.0
346.0,180.0,181.0,541.0
343.0,180.0,181.0,541.0
340.0,180.0,181.0,541.0
337.0,180.0,181.0,541.0
337.0,180.0,181.0,541.0
338.0,180.0,181.0,541.0
338.0,180.0,181.0,541.0
336.0,175.0,178.0,546.0
335.0,171.0,174.0,550.0
333.0,166.0,171.0,555.0
331.0,164.0,171.0,556.0
328.0,163.0,171.0,558.0
326.0,161.0,171.0,559.0
324.0,161.0,171.0,560.0
322.0,160.0,171.0,560.0
320.0,160.0,171.0,561.0
318.0,160.0,171.0,561.0
316.0,160.0,171.0,561.0
314.0,160.0,171.0,561.0
