1
353.77288818359375,331.66400146484375,38.69969940185547,106.5094985961914
352.9798889160156,326.6278076171875,27.489599227905273,108.7218017578125
349.11370849609375,328.37750244140625,27.999900817871094,107.52839660644531
345.3922119140625,329.610107421875,28.47249984741211,106.95870208740234
341.43450927734375,330.13861083984375,29.46660041809082,106.89830017089844
338.5130920410156,333.4179992675781,35.29690170288086,109.37799835205078
333.3476867675781,335.11279296875,37.37480163574219,106.53510284423828
329.50201416015625,332.88958740234375,38.346900939941406,106.8904037475586
324.83441162109375,341.0166931152344,39.52190017700195,102.68260192871094
320.7149963378906,345.5105895996094,40.12419891357422,99.1948013305664
320.5978088378906,333.4363098144531,29.288400650024414,105.57140350341797
314.03070068359375,342.61358642578125,36.92720031738281,83.60449981689453
307.168701171875,349.8078918457031,41.6338996887207,73.81999969482422
305.88128662109375,346.7078857421875,39.54840087890625,77.99620056152344
301.972412109375,345.25830078125,38.56380081176758,79.80770111083984
299.9252014160156,339.6807861328125,34.79029846191406,91.14649963378906
297.0534973144531,338.55999755859375,34.61399841308594,91.3595962524414
294.0804138183594,335.4652099609375,30.97909927368164,101.4386978149414
292.2414855957031,334.66339111328125,30.177000045776367,102.21820068359375
287.69439697265625,335.09490966796875,30.31920051574707,103.94599914550781
285.62109375,333.45318603515625,28.97879981994629,105.46610260009766
281.24468994140625,332.9578857421875,28.253299713134766,105.32319641113281
277.3739013671875,335.2040100097656,30.70319938659668,100.74909973144531
273.9512939453125,331.868896484375,29.11319923400879,105.60050201416016
270.0328063964844,332.1792907714844,29.85700035095215,102.93190002441406
267.2107849121094,332.1824951171875,30.232900619506836,101.07350158691406
263.0,329.9903869628906,30.049699783325195,104.33619689941406
260.9523010253906,328.70660400390625,27.164899826049805,106.48590087890625
256.3761901855469,329.8594970703125,29.50079917907715,102.06169891357422
254.22900390625,327.035888671875,26.47760009765625,106.00849914550781
250.21099853515625,325.9739074707031,29.375900268554688,103.21659851074219
246.93789672851562,324.3291931152344,27.320100784301758,106.02909851074219
243.70899963378906,324.1877136230469,27.67530059814453,104.15879821777344
239.92959594726562,323.4381103515625,29.143699645996094,103.32550048828125
236.21290588378906,322.3960876464844,29.062999725341797,103.40859985351562
233.49510192871094,320.5873107910156,28.59119987487793,104.76339721679688
231.3751983642578,319.1518859863281,27.12779998779297,105.41790008544922
227.30470275878906,317.55059814453125,28.793500900268555,103.70760345458984
225.735107421875,315.643798828125,25.872100830078125,105.80690002441406
219.38059997558594,319.01251220703125,34.097999572753906,94.02989959716797
220.5041046142578,311.7402038574219,25.441299438476562,108.00360107421875
213.51759338378906,313.0002136230469,33.50429916381836,98.14320373535156
213.31179809570312,309.027099609375,27.712099075317383,105.36139678955078
210.24609375,307.29638671875,28.10650062561035,105.30860137939453
207.0175018310547,306.4266052246094,27.81209945678711,104.9207992553711
204.66090393066406,303.676513671875,27.335899353027344,105.80580139160156
201.9340057373047,301.8420104980469,27.029800415039062,105.92140197753906
199.86000061035156,299.7703857421875,27.344100952148438,105.30619812011719
195.88279724121094,298.68280029296875,28.850200653076172,104.35189819335938
194.8197021484375,295.57769775390625,26.763200759887695,107.25579833984375
191.34100341796875,294.1405944824219,28.273000717163086,105.43250274658203
189.07119750976562,292.47869873046875,27.59670066833496,105.14800262451172
185.98519897460938,289.57958984375,29.4867000579834,105.03060150146484
184.05960083007812,287.46551513671875,27.371299743652344,107.45240020751953
180.61659240722656,285.8153991699219,30.43090057373047,105.82389831542969
177.1623992919922,284.73748779296875,33.06740188598633,100.65670013427734
175.514404296875,282.5519104003906,32.820499420166016,99.97730255126953
173.66380310058594,279.99420166015625,31.385799407958984,101.34970092773438
172.5177001953125,277.127197265625,29.362300872802734,104.6322021484375
170.406005859375,273.9607849121094,29.734899520874023,105.07559967041016
169.02940368652344,271.893310546875,29.0,106.0344009399414
167.0377960205078,269.1170959472656,28.879100799560547,105.98539733886719
164.42320251464844,266.2413024902344,30.626800537109375,103.94100189208984
161.6199951171875,266.2073059082031,32.320701599121094,101.37190246582031
161.36199951171875,260.80511474609375,28.538700103759766,105.88069915771484
158.88429260253906,258.8870849609375,30.90760040283203,104.35549926757812
156.44009399414062,259.6487121582031,34.78990173339844,95.591796875
156.88729858398438,253.09190368652344,30.51889991760254,105.0927963256836
155.60369873046875,250.7386016845703,29.16119956970215,105.08180236816406
153.62339782714844,247.90069580078125,29.36050033569336,106.55549621582031
150.82589721679688,247.60760498046875,33.8588981628418,99.02770233154297
146.71189880371094,250.73129272460938,40.9385986328125,82.14720153808594
149.3343048095703,240.0570068359375,29.077699661254883,105.99600219726562
146.8715057373047,239.6779022216797,35.80690002441406,95.03170013427734
147.54879760742188,233.9597930908203,29.82659912109375,105.8302001953125
146.30540466308594,232.67919921875,30.459400177001953,103.75749969482422
145.92349243164062,229.14649963378906,29.122900009155273,104.59300231933594
144.17430114746094,228.05079650878906,32.0265007019043,102.57170104980469
144.3278045654297,223.2093048095703,29.052499771118164,104.97200012207031
143.35069274902344,221.1652069091797,30.00819969177246,105.15409851074219
142.49749755859375,218.1177978515625,29.896900177001953,104.30829620361328
141.79190063476562,215.76390075683594,31.06279945373535,103.5
141.2740936279297,211.47689819335938,29.950000762939453,104.78730010986328
139.93850708007812,210.69769287109375,31.11280059814453,101.35130310058594
139.7279052734375,206.56179809570312,31.765899658203125,102.60140228271484
137.3470001220703,208.0771942138672,35.71269989013672,94.481201171875
138.55029296875,202.33360290527344,34.66450119018555,96.68329620361328
139.64520263671875,197.3968963623047,31.649999618530273,101.74469757080078
136.27139282226562,199.82150268554688,38.806400299072266,87.49479675292969
138.68389892578125,190.37550354003906,30.10059928894043,105.34619903564453
139.87789916992188,188.14309692382812,28.393699645996094,105.67060089111328
137.51510620117188,186.81399536132812,31.53660011291504,105.86730194091797
138.43429565429688,182.5648956298828,29.6835994720459,106.19660186767578
136.84300231933594,180.54159545898438,31.187599182128906,104.67960357666016
136.62770080566406,177.29409790039062,30.049699783325195,105.8656005859375
132.92649841308594,173.88619995117188,32.32469940185547,105.00309753417969
131.86959838867188,170.13510131835938,30.56439971923828,106.5177993774414
127.28829956054688,167.0552978515625,31.864500045776367,105.55680084228516
123.1353988647461,164.23060607910156,32.042301177978516,104.8915023803711
117.96040344238281,159.34019470214844,31.98419952392578,107.24620056152344
112.34030151367188,155.4716033935547,32.97520065307617,107.76290130615234
106.31600189208984,149.90370178222656,29.79400062561035,110.16120147705078
97.0811996459961,145.22579956054688,33.657501220703125,107.5552978515625
87.94309997558594,138.010498046875,33.2776985168457,111.73609924316406
76.16950225830078,133.65040588378906,36.29629898071289,111.80919647216797
66.82969665527344,125.69029998779297,34.183799743652344,111.91300201416016
50.94029998779297,122.50460052490234,42.859901428222656,108.59290313720703
42.002601623535156,111.68550109863281,36.528900146484375,115.3021011352539
29.27680015563965,102.73989868164062,38.259498596191406,117.1843032836914
14.620100021362305,96.85050201416016,42.975101470947266,115.99500274658203
1.7533999681472778,86.82720184326172,41.112098693847656,120.20040130615234
0.9221000075340271,93.3292007446289,34.71369934082031,109.70800018310547
-2.440999984741211,89.29100036621094,32.86759948730469,111.47820281982422
0.0,101.62779998779297,23.946800231933594,37.7598991394043
0.0,93.6511001586914,13.322699546813965,29.80579948425293
0.0,71.45320129394531,10.0,35.82889938354492
0.0,73.50060272216797,35.027400970458984,50.06480026245117
0.0,151.6466064453125,87.9072036743164,41.38600158691406
0.0,144.73330688476562,86.61820220947266,54.58169937133789
0.0,135.65199279785156,81.85160064697266,54.9468994140625
0.0,127.20210266113281,79.214599609375,55.500701904296875
0.0,118.77870178222656,75.57649993896484,55.50339889526367
0.0,110.08489990234375,75.21060180664062,56.24449920654297
0.0,103.06749725341797,75.72550201416016,56.504600524902344
0.0,94.35160064697266,73.17790222167969,57.72999954223633
0.0,86.15170288085938,77.18659973144531,59.09619903564453
0.0,79.69290161132812,80.85469818115234,58.553199768066406
0.0,71.36589813232422,85.45390319824219,61.00469970703125
0.0,61.358299255371094,91.43409729003906,64.3270034790039
0.0,54.043399810791016,99.23470306396484,65.58399963378906
0.0,46.99769973754883,102.06759643554688,72.35710144042969
0.0,40.774898529052734,114.11129760742188,87.0062026977539
0.0,7.155700206756592,209.49819946289062,205.41969299316406
97.5199966430664,0.0,460.51129150390625,222.35000610351562
236.0294952392578,0.0,313.9775085449219,266.2156982421875
244.19760131835938,0.0,323.73529052734375,284.3768005371094
249.19810485839844,0.0,334.89239501953125,293.46539306640625
78.80169677734375,0.0,506.6521911621094,304.2355041503906
174.9398956298828,0.0,419.3678894042969,347.28009033203125
134.86239624023438,0.0,459.20330810546875,337.565185546875
11.219099998474121,0.0,565.5499877929688,342.4385070800781
40.089900970458984,2.197499990463257,584.0347290039062,351.91619873046875
52.94369888305664,7.770899772644043,571.1693725585938,368.5768127441406
31.555400848388672,20.121000289916992,603.5452880859375,363.6343078613281
39.13019943237305,22.349000930786133,600.8698120117188,383.1543884277344
49.388301849365234,29.171499252319336,590.6116943359375,391.6191101074219
48.62379837036133,39.94900131225586,242.91360473632812,126.91169738769531
187.46009826660156,0.0,60.61589813232422,94.02369689941406
209.89959716796875,0.0,39.90909957885742,96.26599884033203
224.0157928466797,1.236899971961975,32.757301330566406,106.8541030883789
234.11500549316406,2.3529000282287598,32.80390167236328,109.41290283203125
243.01480102539062,5.049699783325195,28.66160011291504,112.81210327148438
249.88890075683594,12.844499588012695,30.018699645996094,110.5947036743164
257.8429870605469,18.976299285888672,28.444499969482422,110.59639739990234
261.6005859375,24.053499221801758,31.764799118041992,109.08989715576172
269.551513671875,27.632699966430664,27.891300201416016,109.34719848632812
271.0613098144531,34.407501220703125,33.81919860839844,104.20279693603516
279.17041015625,33.89080047607422,28.134599685668945,110.6719970703125
280.17120361328125,37.01620101928711,36.85499954223633,110.081298828125
286.28570556640625,40.80289840698242,36.83219909667969,106.81680297851562
291.4660949707031,40.0640983581543,34.00469970703125,109.90950012207031
295.03741455078125,42.242000579833984,33.1411018371582,109.06310272216797
298.6496887207031,42.63090133666992,33.70989990234375,108.52400207519531
301.7705993652344,39.28960037231445,27.104000091552734,108.24030303955078
305.6866149902344,41.551300048828125,28.751399993896484,105.7959976196289
308.3590087890625,41.129798889160156,30.14349937438965,105.69660186767578
313.85760498046875,39.4015007019043,28.138099670410156,108.59380340576172
315.6214904785156,42.650001525878906,32.42679977416992,101.97650146484375
319.79449462890625,40.3671989440918,33.9557991027832,109.95590209960938
324.3204040527344,41.675201416015625,33.27560043334961,109.22209930419922
326.8772888183594,44.49789810180664,35.23749923706055,106.6572036743164
329.8529968261719,44.79029846191406,35.92190170288086,107.67109680175781
333.7966003417969,45.247398376464844,35.26380157470703,106.99690246582031
339.0129089355469,41.91640090942383,27.22330093383789,106.72460174560547
341.1429138183594,45.822200775146484,30.15999984741211,103.73040008544922
346.7005920410156,43.793701171875,26.903499603271484,107.41329956054688
347.81671142578125,46.747501373291016,29.478900909423828,104.83000183105469
353.38970947265625,46.24689865112305,27.032800674438477,106.03520202636719
354.7178039550781,50.5619010925293,31.012399673461914,102.5697021484375
360.2665100097656,47.81019973754883,26.565000534057617,107.822998046875
361.7965087890625,51.10219955444336,29.6825008392334,102.96749877929688
366.9197082519531,51.15549850463867,28.087600708007812,105.31520080566406
368.74200439453125,53.0182991027832,30.04960060119629,103.28500366210938
373.2856140136719,52.710899353027344,27.58970069885254,106.51380157470703
375.698486328125,56.447898864746094,30.167999267578125,103.19329833984375
378.7464904785156,56.81290054321289,29.49410057067871,104.63590240478516
383.50048828125,57.529300689697266,27.37660026550293,105.62449645996094
384.2402038574219,62.13629913330078,31.941600799560547,99.71410369873047
390.04949951171875,61.58539962768555,27.093000411987305,105.58769989013672
390.2388000488281,62.11159896850586,35.917999267578125,109.75360107421875
393.9473876953125,64.14810180664062,36.76459884643555,108.96620178222656
396.5292053222656,66.00969696044922,37.69070053100586,108.82589721679688
398.248291015625,67.23909759521484,36.13159942626953,109.19989776611328
402.2716979980469,70.08100128173828,36.97520065307617,108.42240142822266
407.6159973144531,71.19499969482422,26.27669906616211,106.73259735107422
408.1582946777344,78.1801986694336,33.25450134277344,97.73860168457031
412.5837097167969,75.814697265625,28.235200881958008,105.40370178222656
412.95770263671875,81.96099853515625,34.6593017578125,97.16239929199219
418.1767883300781,80.1135025024414,28.1299991607666,105.46410369873047
416.5190124511719,82.47550201416016,38.26100158691406,107.97699737548828
420.0403137207031,84.10240173339844,39.76750183105469,109.18949890136719
422.8749084472656,86.80989837646484,40.89550018310547,108.16649627685547
424.45001220703125,86.46929931640625,40.10279846191406,107.23139953613281
427.8290100097656,90.97589874267578,39.23979949951172,108.5552978515625
433.3599853515625,91.6489028930664,28.361099243164062,107.42769622802734
434.4042053222656,95.71499633789062,28.817800521850586,105.91850280761719
437.7066955566406,97.63690185546875,28.063499450683594,106.84030151367188
440.3804931640625,99.05419921875,28.56290054321289,106.61859893798828
441.2193908691406,102.70559692382812,31.60300064086914,103.32019805908203
440.8800964355469,105.05259704589844,28.35409927368164,106.78040313720703
443.4009094238281,108.67620086669922,28.086700439453125,106.71820068359375
445.402587890625,109.61280059814453,29.043500900268555,107.01519775390625
447.56640625,112.62770080566406,29.26959991455078,106.01339721679688
449.9591064453125,114.37020111083984,29.8882999420166,106.45649719238281
452.65411376953125,116.40029907226562,28.333200454711914,108.20210266113281
454.45159912109375,119.4760971069336,29.093000411987305,105.29460144042969
455.8922119140625,122.11710357666016,33.15760040283203,102.19090270996094
454.3363952636719,126.38960266113281,35.13249969482422,99.57240295410156
456.6401062011719,128.31109619140625,33.86640167236328,99.15170288085938
459.2491149902344,131.6719970703125,32.17559814453125,99.8927993774414
462.006103515625,137.88710021972656,30.63360023498535,104.83480072021484
459.6802062988281,144.32229614257812,34.035301208496094,102.62930297851562
462.0459899902344,143.58120727539062,32.304298400878906,103.70649719238281
463.330810546875,152.49859619140625,32.49800109863281,100.2948989868164
463.7934875488281,154.92120361328125,34.46839904785156,100.2947006225586
463.9690856933594,156.07620239257812,32.65829849243164,101.38600158691406
464.2261047363281,162.94129943847656,34.40010070800781,91.63300323486328
461.0361022949219,177.11700439453125,43.717498779296875,71.59120178222656
457.3262939453125,185.53689575195312,51.33100128173828,59.92890167236328
459.6422119140625,186.86219787597656,51.653499603271484,60.200599670410156
463.1972961425781,186.01629638671875,47.773399353027344,65.4822006225586
465.4617004394531,185.50169372558594,45.489200592041016,70.17350006103516
465.35321044921875,188.9958953857422,46.55390167236328,66.57330322265625
461.0815124511719,199.40240478515625,55.31159973144531,51.552398681640625
460.5318908691406,179.4783935546875,54.823699951171875,93.73169708251953
467.4762878417969,184.80630493164062,51.572898864746094,106.48300170898438
470.0047912597656,188.39610290527344,48.88629913330078,107.54519653320312
460.3185119628906,193.26600646972656,56.52009963989258,103.85749816894531
464.72601318359375,196.40440368652344,53.483299255371094,104.46810150146484
466.843505859375,202.1907958984375,43.30189895629883,78.80079650878906
463.85699462890625,203.73240661621094,51.6713981628418,103.35350036621094
465.9923095703125,206.74740600585938,50.487701416015625,99.4291000366211
466.1351013183594,209.72390747070312,49.939701080322266,101.84410095214844
467.715087890625,212.4261932373047,48.4468994140625,102.32050323486328
466.6445007324219,215.8177947998047,49.875301361083984,100.68669891357422
469.0187072753906,217.82220458984375,41.584800720214844,100.1675033569336
472.64691162109375,218.71139526367188,38.95859909057617,102.71260070800781
477.07958984375,218.8699951171875,37.24760055541992,106.48390197753906
480.5216979980469,225.01600646972656,37.9015998840332,104.25589752197266
480.16558837890625,231.71180725097656,48.73699951171875,89.83869934082031
490.9154052734375,223.1427001953125,39.39289855957031,108.75330352783203
496.1940002441406,229.54629516601562,39.852901458740234,107.38629913330078
513.5562133789062,234.50990295410156,38.08489990234375,113.64469909667969
519.5579223632812,236.78599548339844,40.04600143432617,120.09760284423828
529.1834716796875,247.3125,42.10929870605469,114.46690368652344
532.4431762695312,258.05718994140625,46.11709976196289,112.53559875488281
543.7283935546875,259.0274963378906,45.20199966430664,121.15910339355469
559.3192138671875,263.6459045410156,38.20289993286133,127.88729858398438
570.2747192382812,270.80731201171875,38.41680145263672,128.44720458984375
581.777587890625,278.0707092285156,39.34669876098633,132.27340698242188
594.552978515625,285.3255920410156,37.71739959716797,134.99029541015625
607.2036743164062,294.3651123046875,31.399900436401367,136.41510009765625
617.065185546875,303.4909973144531,22.934799194335938,130.1107940673828
615.0947265625,349.0812072753906,24.90530014038086,39.9922981262207
624.2025146484375,367.3736877441406,15.797599792480469,25.106700897216797
620.3474731445312,359.1039123535156,19.425500869750977,27.451799392700195
615.9052124023438,372.21630859375,24.09480094909668,35.77980041503906
606.8812255859375,382.522705078125,33.11880111694336,36.123199462890625
600.8764038085938,393.3893127441406,39.123600006103516,38.385101318359375
600.2957763671875,402.39111328125,39.7041015625,37.514198303222656
601.2365112304688,409.8125915527344,38.65700149536133,41.047298431396484
603.00927734375,418.37939453125,36.775699615478516,41.07640075683594
597.4581909179688,427.00201416015625,42.54180145263672,41.457298278808594
597.2266235351562,435.6335144042969,42.77330017089844,42.607398986816406
587.9757080078125,440.38690185546875,51.503700256347656,39.470699310302734
586.8527221679688,447.0870056152344,53.147300720214844,32.91299819946289
583.7600708007812,452.3586120605469,56.23929977416992,27.641399383544922
608.5881958007812,462.03570556640625,31.411800384521484,17.96430015563965
620.2476806640625,466.64959716796875,19.752300262451172,13.3503999710083
615.1848754882812,469.8232116699219,24.815099716186523,10.176799774169922
613.1868286132812,469.6018981933594,26.813199996948242,10.398099899291992
613.2598876953125,467.78570556640625,26.470699310302734,12.214300155639648
612.7163696289062,462.9508056640625,26.407899856567383,17.0492000579834
601.3240966796875,452.61700439453125,33.632598876953125,27.382999420166016
584.5828247070312,452.5567932128906,33.737701416015625,27.443199157714844
567.398681640625,450.7815856933594,39.13059997558594,29.218399047851562
545.6483764648438,455.4378967285156,49.02939987182617,24.56209945678711
526.0745849609375,449.2286071777344,45.144100189208984,30.771400451660156
510.2909851074219,448.6706848144531,50.635501861572266,31.329299926757812
498.35198974609375,443.4424133300781,43.407501220703125,36.55759811401367
494.1995849609375,433.65301513671875,34.2322998046875,46.34700012207031
478.0508117675781,426.3611145019531,35.613800048828125,53.63890075683594
435.1151123046875,454.0508117675781,82.81410217285156,25.949199676513672
430.260986328125,448.2919921875,70.81919860839844,31.70800018310547
420.12139892578125,441.1534118652344,67.70860290527344,38.84659957885742
409.67510986328125,432.9287109375,64.81739807128906,45.986900329589844
398.148193359375,419.5257873535156,61.6797981262207,60.47420120239258
390.12030029296875,391.8380126953125,51.673099517822266,88.16200256347656
378.8380126953125,380.0968017578125,51.004798889160156,99.9031982421875
371.64788818359375,365.84619140625,44.182701110839844,113.47989654541016
360.462890625,360.07861328125,48.8036994934082,119.44100189208984
358.3656005859375,358.2442932128906,44.252498626708984,121.75569915771484
348.0325012207031,369.0232849121094,59.4025993347168,60.501399993896484
342.7091979980469,363.38330078125,57.27429962158203,59.217899322509766
337.0754089355469,357.83221435546875,56.049800872802734,66.81909942626953
332.4381103515625,339.2134094238281,48.18510055541992,112.03949737548828
332.0065002441406,330.9714050292969,47.450199127197266,126.86430358886719
322.255615234375,329.30999755859375,49.70000076293945,123.59190368652344
316.3066101074219,327.1005859375,51.99190139770508,120.98999786376953
314.1612854003906,323.39569091796875,47.52939987182617,129.035400390625
309.35040283203125,323.3866882324219,47.36859893798828,124.94390106201172
304.5683898925781,330.6322937011719,50.98109817504883,118.48159790039062
303.31109619140625,329.9790954589844,46.525901794433594,127.5541000366211
298.67388916015625,331.0194091796875,50.208900451660156,123.55039978027344
295.15850830078125,334.5044860839844,55.080299377441406,101.53109741210938
293.2178955078125,327.960693359375,49.73910140991211,129.0428009033203
292.45831298828125,327.46661376953125,43.44649887084961,129.08279418945312
283.9419860839844,328.3548889160156,49.36090087890625,126.71369934082031
278.935302734375,332.83331298828125,54.12480163574219,94.66380310058594
275.1990966796875,339.7879943847656,55.88050079345703,74.98519897460938
276.86639404296875,325.49249267578125,43.62030029296875,127.11470031738281
273.2974853515625,321.94549560546875,45.8031005859375,128.1103057861328
269.5570983886719,323.9219970703125,48.37540054321289,127.52220153808594
265.9855041503906,326.2138977050781,48.860801696777344,124.04239654541016
261.5845031738281,323.17449951171875,47.069000244140625,126.69740295410156
253.5876007080078,320.43389892578125,50.00469970703125,127.33370208740234
249.4759979248047,318.34210205078125,48.26300048828125,131.6092987060547
245.45179748535156,317.6669006347656,49.03670120239258,132.42430114746094
244.41819763183594,316.8642883300781,46.561500549316406,131.25909423828125
242.65960693359375,317.2210998535156,43.91450119018555,129.72979736328125
238.1658935546875,314.8598937988281,47.53969955444336,132.30850219726562
236.7194061279297,313.0809020996094,44.56269836425781,131.50570678710938
231.03160095214844,312.0874938964844,47.95800018310547,133.27639770507812
228.64039611816406,310.3078918457031,45.52040100097656,131.68380737304688
226.1822967529297,309.2998962402344,45.77640151977539,132.37930297851562
221.9447021484375,308.0693054199219,46.494998931884766,131.23779296875
219.78329467773438,307.73529052734375,46.667701721191406,128.56759643554688
215.58279418945312,305.4436950683594,47.63130187988281,131.202392578125
212.96490478515625,303.4559020996094,47.16550064086914,132.85690307617188
211.34890747070312,301.9555969238281,44.36920166015625,131.12559509277344
208.44439697265625,299.8268127441406,45.91120147705078,129.33309936523438
209.5408935546875,297.5632019042969,40.751800537109375,134.4429931640625
202.8621063232422,296.4359130859375,45.420799255371094,134.689697265625
202.49459838867188,293.5816955566406,44.147499084472656,134.15589904785156
199.03109741210938,291.96258544921875,45.24190139770508,135.9329071044922
192.53680419921875,290.71038818359375,51.15950012207031,134.47000122070312
197.47889709472656,288.3110046386719,40.18539810180664,135.50770568847656
194.4561004638672,286.6311950683594,41.20819854736328,133.36920166015625
189.68690490722656,289.5928039550781,41.207298278808594,134.4615020751953
182.3762969970703,287.84149169921875,48.77949905395508,133.4665985107422
179.87840270996094,283.67559814453125,46.790000915527344,132.23919677734375
181.03880310058594,282.67718505859375,43.94110107421875,134.1967010498047
173.37669372558594,281.8699035644531,53.221099853515625,132.2194061279297
172.9832000732422,276.8163146972656,48.63970184326172,136.25079345703125
169.12730407714844,275.3922119140625,50.734798431396484,135.68739318847656
171.80320739746094,271.9137878417969,43.3484992980957,136.4907989501953
168.4947967529297,268.76800537109375,46.274600982666016,137.264892578125
168.37820434570312,267.2943115234375,41.752498626708984,136.09100341796875
166.37930297851562,263.8085021972656,43.243499755859375,136.5216064453125
163.3739013671875,261.756103515625,45.21549987792969,134.3972930908203
161.93089294433594,259.65411376953125,47.54389953613281,133.4243927001953
155.1436004638672,257.3631896972656,47.208499908447266,134.24180603027344
152.3303985595703,255.1623992919922,50.38479995727539,135.572998046875
149.65159606933594,252.3231964111328,54.12030029296875,135.35330200195312
151.3905029296875,248.1864013671875,48.47520065307617,135.4311981201172
147.65890502929688,246.5128936767578,53.0447998046875,136.32339477539062
148.10830688476562,242.13670349121094,49.91460037231445,135.5261993408203
147.98280334472656,239.3719024658203,48.38370132446289,134.8791961669922
142.88870239257812,237.87640380859375,47.381500244140625,137.47340393066406
139.16250610351562,235.2469024658203,50.88710021972656,136.63180541992188
135.3957061767578,235.4553985595703,54.739498138427734,130.36329650878906
134.99020385742188,229.81390380859375,53.46049880981445,133.60629272460938
138.1593017578125,226.34730529785156,48.653900146484375,134.18710327148438
135.7957000732422,224.3300018310547,51.628501892089844,135.98019409179688
137.96859741210938,221.09230041503906,47.031700134277344,135.9208984375
135.92779541015625,217.2528076171875,50.94770050048828,136.77049255371094
136.7001953125,214.59609985351562,45.18619918823242,135.28460693359375
132.26370239257812,211.59429931640625,53.15169906616211,137.3647003173828
134.27870178222656,207.7469940185547,46.862998962402344,135.98179626464844
131.86090087890625,203.04519653320312,50.64690017700195,138.85040283203125
131.49049377441406,200.69659423828125,50.275901794433594,138.2624053955078
129.59010314941406,199.30189514160156,48.339900970458984,137.5823974609375
121.88610076904297,198.33200073242188,57.75630187988281,135.68820190429688
126.6405029296875,192.43359375,51.73749923706055,138.29310607910156
126.6946029663086,189.8354949951172,51.265098571777344,136.5623016357422
128.42149353027344,186.6154022216797,48.04090118408203,135.21090698242188
125.48079681396484,185.6280975341797,53.12030029296875,134.44650268554688
122.61519622802734,182.1905975341797,54.20750045776367,134.69520568847656
118.27519989013672,191.226806640625,60.575401306152344,123.59320068359375
123.73650360107422,176.7747039794922,55.18259811401367,133.68850708007812
119.79080200195312,182.70069885253906,59.717201232910156,126.03469848632812
128.94189453125,170.0789031982422,47.866798400878906,132.17300415039062
122.92259979248047,169.0290069580078,53.3661003112793,134.39210510253906
115.27189636230469,165.29420471191406,52.25790023803711,135.26759338378906
114.80419921875,159.38560485839844,50.752601623535156,136.07069396972656
114.02320098876953,157.47869873046875,57.130699157714844,132.24929809570312
116.27110290527344,155.743896484375,49.743499755859375,133.06289672851562
111.8292007446289,150.18040466308594,50.12139892578125,134.65640258789062
103.25440216064453,150.6313018798828,54.43230056762695,131.6313934326172
91.4645004272461,145.25979614257812,61.35129928588867,135.66720581054688
89.94439697265625,135.93069458007812,64.35260009765625,135.6334991455078
82.32659912109375,136.8699951171875,65.94969940185547,135.61160278320312
73.00469970703125,131.3867950439453,66.49949645996094,138.04660034179688
63.94380187988281,125.31890106201172,66.7155990600586,140.60159301757812
56.484901428222656,116.96299743652344,64.4540023803711,144.7572021484375
46.96870040893555,107.42729949951172,62.11360168457031,144.5406036376953
37.40999984741211,106.00550079345703,58.19279861450195,141.91729736328125
21.232900619506836,94.48190307617188,52.50870132446289,145.77490234375
14.951600074768066,89.8988037109375,47.60309982299805,148.2198944091797
1.8930000066757202,82.0988998413086,44.152400970458984,147.84820556640625
-2.1015000343322754,79.65139770507812,42.847599029541016,145.85699462890625
-2.1015000343322754,79.65139770507812,42.847599029541016,145.85699462890625
-2.1015000343322754,79.65139770507812,42.847599029541016,145.85699462890625
-2.1015000343322754,79.65139770507812,42.847599029541016,145.85699462890625
0.0,152.37449645996094,20.192899703979492,31.376699447631836
0.0,184.45010375976562,20.117000579833984,39.44049835205078
0.0,190.86529541015625,20.100799560546875,53.402400970458984
0.0,216.82179260253906,51.15850067138672,71.6050033569336
0.0,173.42550659179688,126.30500030517578,178.9152069091797
409.54620361328125,9.089300155639648,44.845401763916016,124.63899993896484
404.7195129394531,2.7332000732421875,47.48830032348633,124.78700256347656
382.7438049316406,0.6855000257492065,72.86810302734375,87.08380126953125
378.4761962890625,0.3596999943256378,80.14710235595703,76.956298828125
375.9068908691406,2.2836999893188477,84.40460205078125,66.2615966796875
378.947509765625,0.758400022983551,85.65409851074219,67.43049621582031
388.07269287109375,0.0,73.36389923095703,50.865299224853516
411.277587890625,0.2581000030040741,73.02100372314453,69.15080261230469
410.4360046386719,10.074799537658691,74.37030029296875,65.1613998413086
417.65411376953125,2.856300115585327,72.46109771728516,69.80370330810547
424.79290771484375,0.9104999899864197,70.07119750976562,67.73320007324219
429.4294128417969,0.46140000224113464,67.0427017211914,64.29940032958984
437.57000732421875,2.0696001052856445,65.08049774169922,59.042301177978516
446.9776916503906,0.0,67.71040344238281,57.7041015625
458.2616882324219,0.9017000198364258,67.80819702148438,57.0713996887207
470.0013122558594,0.5224999785423279,68.82489776611328,55.45349884033203
479.3147888183594,0.2328999936580658,69.3302001953125,57.98149871826172
487.1789855957031,0.689300000667572,76.7802963256836,58.788700103759766
491.6182861328125,0.459199994802475,87.68930053710938,61.48460006713867
495.0531005859375,0.0,100.84960174560547,62.313201904296875
503.0509033203125,0.0,109.4468994140625,69.58260345458984
507.4859924316406,0.2524999976158142,122.9448013305664,82.68270111083984
516.2536010742188,0.050200000405311584,122.71839904785156,92.04550170898438
373.7268981933594,0.0,266.2731018066406,103.82450103759766
91.03369903564453,29.083999633789062,156.69020080566406,287.84600830078125
66.35639953613281,43.426700592041016,120.11309814453125,130.24339294433594
108.01370239257812,34.235599517822266,148.0081024169922,192.16110229492188
113.35160064697266,53.17720031738281,140.03500366210938,178.10220336914062
121.65480041503906,79.70590209960938,120.4175033569336,170.15060424804688
137.7772979736328,65.20570373535156,135.71470642089844,208.8948974609375
136.27439880371094,121.11199951171875,126.28299713134766,167.61160278320312
152.8354949951172,0.0,125.60140228271484,80.25340270996094
187.82789611816406,87.71150207519531,115.23030090332031,144.19740295410156
173.34640502929688,56.82789993286133,133.34730529785156,193.8096923828125
189.34500122070312,97.7249984741211,122.87660217285156,159.23959350585938
239.8007049560547,0.0,72.94190216064453,110.26509857177734
259.3288879394531,6.648799896240234,59.43190002441406,118.89630126953125
268.90521240234375,9.793999671936035,52.38589859008789,122.17240142822266
271.8953857421875,14.324199676513672,52.269100189208984,113.5696029663086
266.0242004394531,23.371999740600586,49.82929992675781,117.63929748535156
273.3689880371094,28.18320083618164,42.541500091552734,117.3823013305664
277.456298828125,36.143798828125,45.30649948120117,111.31620025634766
280.073486328125,38.94459915161133,53.305198669433594,119.01519775390625
283.9381103515625,31.329200744628906,46.68870162963867,115.36519622802734
266.13238525390625,97.87220001220703,71.49819946289062,109.3030014038086
287.9819030761719,36.69599914550781,59.04090118408203,113.4520034790039
290.7658996582031,37.34410095214844,60.9827995300293,90.51000213623047
294.4809875488281,65.2208023071289,63.66490173339844,60.40909957885742
300.9173889160156,75.37049865722656,62.41400146484375,46.507598876953125
305.33538818359375,82.08429718017578,62.925201416015625,40.82780075073242
310.66119384765625,88.70320129394531,60.263999938964844,36.95790100097656
312.85540771484375,86.7979965209961,61.0880012512207,35.82109832763672
316.0566101074219,85.11759948730469,60.678199768066406,33.97019958496094
320.05841064453125,86.29530334472656,61.092899322509766,36.4567985534668
323.0793151855469,80.6343994140625,60.06869888305664,45.8390007019043
329.0353088378906,69.92749786376953,57.017601013183594,70.6769027709961
308.206787109375,99.00669860839844,75.04100036621094,91.2571029663086
337.2005920410156,43.157501220703125,52.24020004272461,125.5186996459961
342.7464904785156,40.5984001159668,54.055999755859375,119.3761978149414
343.7085876464844,43.524898529052734,58.725399017333984,108.70429992675781
342.9222106933594,74.67510223388672,65.78900146484375,98.63999938964844
350.75140380859375,57.16450119018555,60.319801330566406,114.50289916992188
361.3382873535156,48.70159912109375,49.215599060058594,119.77439880371094
329.3216857910156,116.35099792480469,76.37159729003906,106.0905990600586
362.348388671875,38.77199935913086,58.35580062866211,128.3385009765625
363.76129150390625,45.61040115356445,61.1963005065918,102.88040161132812
368.5857849121094,58.99330139160156,57.550498962402344,100.21269989013672
369.4306945800781,70.41840362548828,60.614898681640625,88.62159729003906
376.440185546875,45.27220153808594,52.08620071411133,120.33110046386719
375.2973937988281,49.53450012207031,60.71110153198242,118.32759857177734
374.61480712890625,54.50920104980469,64.52259826660156,113.79450225830078
380.40679931640625,65.20809936523438,64.87550354003906,99.4635009765625
382.06060791015625,64.1592025756836,66.13379669189453,101.36849975585938
384.84710693359375,53.037899017333984,64.12840270996094,119.01789855957031
392.1911926269531,53.86949920654297,57.21620178222656,123.9385986328125
394.8485107421875,53.79159927368164,56.75,125.19270324707031
401.61529541015625,56.2317008972168,52.84230041503906,131.8917999267578
399.5679016113281,56.99140167236328,59.9093017578125,127.18789672851562
398.21319580078125,55.526798248291016,62.96670150756836,125.49749755859375
404.89068603515625,57.77190017700195,58.10710144042969,134.65040588378906
409.53131103515625,59.39099884033203,52.33689880371094,146.039306640625
413.28759765625,59.82339859008789,50.512901306152344,154.44509887695312
419.5093078613281,61.714500427246094,48.607601165771484,149.69320678710938
419.0624084472656,65.62419891357422,49.09629821777344,152.46139526367188
426.7515869140625,67.54280090332031,44.31549835205078,141.63890075683594
427.1453857421875,70.08480072021484,48.03670120239258,142.114501953125
426.3930969238281,73.10299682617188,47.53839874267578,142.35830688476562
432.8033142089844,74.85209655761719,46.151798248291016,145.15870666503906
429.443115234375,79.17130279541016,47.792301177978516,135.768798828125
434.66351318359375,79.13459777832031,49.13410186767578,146.8070068359375
432.6402893066406,82.8572998046875,49.66400146484375,140.73599243164062
437.5115966796875,84.16619873046875,48.12699890136719,145.39549255371094
435.5982971191406,88.33190155029297,52.28219985961914,138.3511962890625
434.1003112792969,94.37149810791016,48.347599029541016,155.2259979248047
431.0050964355469,102.1530990600586,52.33369827270508,154.53900146484375
430.6431884765625,107.87039947509766,59.95330047607422,152.7154998779297
433.6619873046875,114.84539794921875,58.34239959716797,147.2677001953125
433.9822082519531,112.89910125732422,63.99769973754883,180.2364959716797
438.4903869628906,115.9552993774414,60.39350128173828,196.79800415039062
439.5600891113281,111.32140350341797,70.39810180664062,115.0261001586914
440.9359130859375,113.20359802246094,69.35289764404297,146.29080200195312
439.1731872558594,140.19869995117188,73.0602035522461,80.40509796142578
436.52191162109375,153.535400390625,77.41210174560547,61.49449920654297
437.1460876464844,153.6417999267578,76.38819885253906,64.152099609375
437.8132019042969,154.7947998046875,76.36170196533203,64.35459899902344
441.3163146972656,148.51690673828125,68.01799774169922,84.10569763183594
443.2587890625,149.4741973876953,67.19029998779297,89.6500015258789
441.5765075683594,158.22560119628906,69.93659973144531,75.44779968261719
444.6012878417969,168.13909912109375,76.04530334472656,62.121700286865234
444.972900390625,171.05189514160156,77.21510314941406,62.73699951171875
446.3102111816406,178.15570068359375,76.66940307617188,60.29520034790039
447.3548889160156,190.76719665527344,75.40039825439453,53.189701080322266
448.15869140625,194.8267059326172,74.46279907226562,53.64860153198242
448.0320129394531,198.2353973388672,75.64569854736328,53.986698150634766
448.9017028808594,200.2563934326172,72.69039916992188,53.90599822998047
448.6448059082031,202.0294952392578,71.54119873046875,55.395599365234375
448.293212890625,207.30599975585938,70.74320220947266,56.21770095825195
448.0033874511719,208.2194061279297,71.78089904785156,58.44129943847656
449.4466857910156,212.41949462890625,71.1771011352539,54.81560134887695
449.2145080566406,216.59339904785156,71.08709716796875,57.910499572753906
450.1321105957031,214.28250122070312,71.96209716796875,59.4921989440918
449.70050048828125,218.96780395507812,72.71189880371094,54.75510025024414
450.5990905761719,217.44549560546875,71.35649871826172,68.88890075683594
451.9790954589844,221.75059509277344,71.50479888916016,63.40610122680664
453.79400634765625,209.0552978515625,67.45169830322266,112.07659912109375
455.2726135253906,187.77589416503906,62.45119857788086,144.73309326171875
467.30511474609375,197.19320678710938,51.95320129394531,123.0259017944336
462.51239013671875,194.6219024658203,61.270198822021484,154.46080017089844
475.22650146484375,201.85350036621094,46.3755989074707,133.08880615234375
474.5869140625,203.29550170898438,55.3213005065918,142.05990600585938
480.468505859375,210.86270141601562,50.38999938964844,130.10740661621094
479.9045104980469,235.9842987060547,69.33190155029297,75.16819763183594
485.9873962402344,217.09640502929688,59.21879959106445,155.98300170898438
500.15020751953125,221.17489624023438,49.73059844970703,137.85000610351562
507.07550048828125,232.89669799804688,55.406700134277344,129.16929626464844
519.0969848632812,236.3105926513672,51.622501373291016,136.19119262695312
519.7769165039062,266.0447082519531,71.50060272216797,82.66609954833984
524.4235229492188,281.885498046875,78.59860229492188,59.58539962768555
525.399169921875,310.7681884765625,97.93260192871094,34.36090087890625
536.4415283203125,264.1167907714844,78.95909881591797,158.3936004638672
558.48681640625,267.2875061035156,78.1978988647461,180.36199951171875
565.8726196289062,277.0609130859375,83.95709991455078,186.41990661621094
576.1356811523438,284.48919677734375,74.9219970703125,175.1768035888672
585.9752197265625,308.6238098144531,60.50339889526367,167.97059631347656
598.0369262695312,339.4307861328125,41.9630012512207,135.9626007080078
608.967529296875,389.9831848144531,31.03260040283203,90.01679992675781
618.8087768554688,408.4809875488281,21.191200256347656,71.51899719238281
575.361328125,382.34368896484375,64.63870239257812,86.31790161132812
492.8240966796875,238.56289672851562,147.1759033203125,145.59109497070312
202.38209533691406,345.15240478515625,82.37229919433594,84.3832015991211
107.27670288085938,369.4208984375,164.60740661621094,71.99690246582031
100.24960327148438,364.7289123535156,133.52940368652344,112.69550323486328
98.0469970703125,366.4591064453125,155.44329833984375,108.98200225830078
127.55560302734375,386.8757019042969,160.8000030517578,83.49030303955078
118.56439971923828,390.46728515625,165.31700134277344,82.26940155029297
78.39089965820312,399.03759765625,188.62899780273438,80.96240234375
84.46649932861328,398.4814147949219,185.15699768066406,81.51860046386719
75.28949737548828,396.8725891113281,162.75619506835938,83.12740325927734
88.01360321044922,401.801513671875,149.71209716796875,78.19850158691406
73.02410125732422,405.23529052734375,181.82400512695312,74.76470184326172
56.463401794433594,406.8930969238281,203.61390686035156,73.10690307617188
62.9547004699707,404.01190185546875,173.14849853515625,75.98809814453125
47.682098388671875,390.6383056640625,146.76800537109375,89.36170196533203
42.419700622558594,386.805908203125,184.4311981201172,90.95269775390625
55.782798767089844,328.1763000488281,132.71820068359375,151.82369995117188
126.39769744873047,148.96299743652344,121.13800048828125,327.97430419921875
119.42109680175781,198.4447021484375,131.71389770507812,281.5553894042969
96.95069885253906,167.552001953125,144.47959899902344,312.447998046875
45.597198486328125,331.5351867675781,180.96400451660156,148.4647979736328
36.41389846801758,339.3475036621094,186.8470001220703,140.65249633789062
49.88779830932617,298.7518005371094,161.53500366210938,181.24819946289062
77.27349853515625,411.3013916015625,134.89390563964844,68.69860076904297
58.13850021362305,405.6642150878906,124.20590209960938,74.33580017089844
74.714599609375,309.10931396484375,109.47270202636719,169.9947052001953
101.3635025024414,386.1199035644531,187.54710388183594,93.88009643554688
394.7969970703125,399.6700134277344,83.94200134277344,80.33000183105469
396.6133117675781,443.25360107421875,108.56189727783203,36.74639892578125
384.6217041015625,442.2121887207031,104.99250030517578,37.78779983520508
368.26611328125,431.3721923828125,104.49649810791016,48.62779998779297
368.80621337890625,423.6341857910156,104.03600311279297,56.36579895019531
359.0736083984375,417.1741943359375,102.21150207519531,62.825801849365234
348.4836120605469,393.7626953125,99.74019622802734,86.23729705810547
338.8070983886719,347.2875061035156,97.31819915771484,132.71249389648438
326.6426086425781,347.4587097167969,101.53309631347656,132.5413055419922
311.97650146484375,375.1983947753906,114.77580261230469,103.8385009765625
308.2532958984375,319.239501953125,98.4530029296875,186.0583038330078
300.8616027832031,315.919189453125,102.64189910888672,175.1977996826172
291.90740966796875,312.8757019042969,104.9542007446289,175.85040283203125
289.8662109375,308.63690185546875,103.55870056152344,185.73629760742188
287.4619140625,305.92608642578125,100.62979888916016,197.08279418945312
280.9122009277344,302.197509765625,105.3988037109375,197.58099365234375
273.439697265625,307.3197021484375,108.67880249023438,189.6112060546875
269.8055114746094,303.98040771484375,115.14550018310547,206.7270050048828
268.2417907714844,302.5473937988281,115.80039978027344,216.87789916992188
265.82720947265625,294.38720703125,126.06790161132812,222.22390747070312
260.57550048828125,296.5506896972656,136.0915985107422,227.5460968017578
253.58729553222656,291.06939697265625,146.6060028076172,234.2288055419922
249.48959350585938,295.2818908691406,161.54159545898438,208.85670471191406
240.2144012451172,294.3504943847656,183.36090087890625,185.0128936767578
164.83299255371094,344.25531005859375,219.7454071044922,134.5684051513672
240.5034942626953,286.5835876464844,137.09539794921875,193.41639709472656
181.99319458007812,311.6773986816406,193.1352996826172,166.50660705566406
201.7030029296875,290.8424072265625,167.0926971435547,189.1575927734375
78.50679779052734,385.0611877441406,292.039794921875,94.93890380859375
119.95719909667969,349.8208923339844,245.07020568847656,130.17909240722656
102.731201171875,362.00860595703125,265.34161376953125,117.99140167236328
111.80030059814453,362.2012939453125,254.04469299316406,117.79869842529297
121.16179656982422,378.3280944824219,249.29049682617188,101.6718978881836
142.53439331054688,374.8414001464844,225.66690063476562,105.15859985351562
149.42050170898438,380.1903076171875,222.08639526367188,99.80970001220703
177.94540405273438,384.82989501953125,204.0574951171875,95.17009735107422
172.8679962158203,379.4184875488281,211.3852996826172,100.58159637451172
166.65179443359375,360.3504943847656,224.01759338378906,119.64949798583984
165.88400268554688,342.4410095214844,225.8513946533203,137.5590057373047
158.67559814453125,372.1969909667969,234.88690185546875,107.8031005859375
148.56829833984375,371.5060119628906,253.51409912109375,107.71510314941406
144.24090576171875,363.6600036621094,243.92759704589844,116.33999633789062
138.0211944580078,343.40509033203125,216.77890014648438,136.5948944091797
139.75509643554688,356.9320068359375,199.50619506835938,123.06800079345703
135.71730041503906,356.95220947265625,220.53250122070312,123.04779815673828
130.8094940185547,374.3057861328125,214.0167999267578,105.69419860839844
120.78240203857422,380.2087097167969,222.91709899902344,99.79119873046875
116.59960174560547,379.46978759765625,234.1466064453125,100.53019714355469
114.18099975585938,374.5791015625,243.0655059814453,105.4208984375
113.47850036621094,360.65618896484375,246.61770629882812,119.34380340576172
105.35600280761719,362.74481201171875,235.1049041748047,117.25520324707031
104.24639892578125,344.9706115722656,456.5657043457031,120.5447998046875
105.15380096435547,336.4375,237.8876953125,142.6685028076172
103.09120178222656,344.8197937011719,232.57809448242188,135.18020629882812
96.35089874267578,331.6275939941406,232.45809936523438,146.6385955810547
92.16349792480469,339.0799865722656,232.48219299316406,140.9199981689453
89.75920104980469,310.32330322265625,226.36459350585938,166.25010681152344
80.9271011352539,314.1488037109375,229.73170471191406,161.39450073242188
72.52790069580078,289.894287109375,241.664794921875,185.53770446777344
70.38680267333984,326.97088623046875,231.9958038330078,150.53660583496094
65.9010009765625,316.82110595703125,234.21839904785156,159.5377960205078
61.38059997558594,314.1200866699219,232.24569702148438,162.1519012451172
51.719398498535156,305.9010925292969,243.0312042236328,172.32679748535156
36.28229904174805,307.6075134277344,258.22430419921875,169.2386016845703
24.666900634765625,321.1448059082031,268.7074890136719,157.96499633789062
50.85409927368164,269.88531494140625,247.19869995117188,208.76010131835938
41.399600982666016,272.215087890625,246.77830505371094,206.94349670410156
40.18989944458008,263.7904968261719,247.7469940185547,212.31610107421875
29.319799423217773,300.40740966796875,278.8749084472656,179.59249877929688
33.11589813232422,276.5011901855469,258.9971923828125,198.50250244140625
33.38679885864258,298.82501220703125,247.1595001220703,176.3881072998047
58.987701416015625,284.2737121582031,191.8834991455078,193.03399658203125
55.804500579833984,304.05828857421875,207.52589416503906,175.86940002441406
43.46070098876953,305.8233947753906,227.10830688476562,170.70669555664062
66.0000991821289,296.44281005859375,215.43569946289062,180.21240234375
57.247798919677734,294.7055969238281,220.44239807128906,182.4665985107422
52.10929870605469,286.7716979980469,213.2812957763672,192.17320251464844
60.734798431396484,278.9989929199219,209.28500366210938,201.00100708007812
55.106300354003906,278.3431091308594,211.7541961669922,200.1739044189453
51.972999572753906,267.5028991699219,209.35440063476562,210.62930297851562
48.65340042114258,239.9803009033203,206.4116973876953,236.0070037841797
37.989601135253906,252.5758056640625,212.91799926757812,224.9113006591797
27.61370086669922,231.0933074951172,214.14059448242188,246.8520050048828
16.963699340820312,239.83070373535156,220.3961944580078,237.4010009765625
7.641200065612793,238.17739868164062,225.96800231933594,238.7779998779297
4.974299907684326,225.25039672851562,221.66110229492188,248.78390502929688
6.456399917602539,231.8852996826172,229.9698028564453,151.60589599609375
10.60319995880127,225.914306640625,225.38409423828125,159.8813934326172
9.910099983215332,217.5915985107422,222.3975067138672,151.4250030517578
8.482600212097168,212.67860412597656,231.55670166015625,253.11410522460938
3.2969000339508057,188.66749572753906,230.38009643554688,262.2196960449219
73.27490234375,62.905799865722656,162.48129272460938,397.5586853027344
70.8676986694336,54.05540084838867,164.4091033935547,421.7961120605469
63.78630065917969,48.136199951171875,168.36520385742188,421.4201965332031
62.72249984741211,56.51430130004883,166.7183074951172,423.6723937988281
53.381500244140625,33.279598236083984,176.05850219726562,425.1671142578125
56.952701568603516,43.60499954223633,168.17349243164062,428.0495910644531
56.17319869995117,24.74690055847168,172.3300018310547,432.7828063964844
72.24130249023438,28.91119956970215,164.9049072265625,424.9104919433594
67.92980194091797,23.393800735473633,170.83529663085938,426.4486083984375
64.37480163574219,14.878499984741211,175.83349609375,426.8583068847656
60.68339920043945,15.45740032196045,172.9613037109375,424.88641357421875
70.84839630126953,15.368399620056152,163.1949005126953,427.1234130859375
59.61669921875,18.19569969177246,166.63580322265625,410.84619140625
42.4468994140625,7.7957000732421875,180.6134033203125,417.2304992675781
21.962799072265625,16.81089973449707,196.0236053466797,410.68450927734375
11.629899978637695,8.083200454711914,199.24159240722656,407.8485107421875
7.252799987792969,2.9925999641418457,195.7010955810547,412.3297119140625
2.306299924850464,7.317599773406982,188.93649291992188,403.9219970703125
0.4948999881744385,5.031099796295166,182.69590759277344,400.93499755859375
-6.6940999031066895,9.42710018157959,177.40960693359375,394.1900939941406
0.030400000512599945,22.32069969177246,144.92230224609375,384.7638854980469
0.030400000512599945,22.32069969177246,144.92230224609375,384.7638854980469
0.030400000512599945,22.32069969177246,144.92230224609375,384.7638854980469
0.030400000512599945,22.32069969177246,144.92230224609375,384.7638854980469
0.0,224.7053985595703,143.0800018310547,136.0991973876953
18.641700744628906,269.0469970703125,110.95269775390625,101.5958023071289
0.0,54.38100051879883,68.00659942626953,115.73729705810547
0.0,53.839900970458984,61.264400482177734,163.0308074951172
0.0,174.32479858398438,96.26399993896484,113.69930267333984
0.0,192.84320068359375,69.8550033569336,45.21310043334961
0.2773999869823456,215.67840576171875,77.79319763183594,59.15140151977539
0.0,216.30259704589844,69.94270324707031,52.4296989440918
0.0,218.21170043945312,61.61309814453125,43.42490005493164
0.0,219.37649536132812,54.149898529052734,35.766700744628906
0.0,212.03469848632812,46.590999603271484,35.109100341796875
0.0,205.86659240722656,41.65660095214844,33.94499969482422
0.0,201.23829650878906,37.74129867553711,30.786800384521484
0.0,196.50840759277344,34.297698974609375,27.134300231933594
0.0,190.00379943847656,31.1382999420166,24.55030059814453
0.0,183.53179931640625,29.598400115966797,22.930200576782227
0.0,174.68980407714844,29.92770004272461,22.647499084472656
0.0,164.80250549316406,31.184600830078125,23.847200393676758
0.0,153.9470977783203,33.38560104370117,26.318300247192383
0.0,140.1165008544922,36.943599700927734,29.968599319458008
0.0,128.82400512695312,42.29079818725586,31.564699172973633
0.0,118.12590026855469,49.53379821777344,32.23759841918945
0.0,107.0530014038086,58.67559814453125,34.54669952392578
0.0,85.5696029663086,68.31700134277344,47.721500396728516
0.0,63.714500427246094,78.26750183105469,62.274600982666016
0.0,48.58649826049805,86.9697036743164,78.62830352783203
0.0,37.361698150634766,103.91210174560547,141.64410400390625
0.0,5.486199855804443,113.07769775390625,168.8824005126953
0.0,1.239799976348877,130.04229736328125,164.94580078125
0.0,0.0,143.55540466308594,158.80569458007812
1.670300006866455,0.0,162.40530395507812,151.36709594726562
17.32309913635254,0.0,166.09609985351562,146.37120056152344
47.73849868774414,0.0,158.11509704589844,147.75619506835938
69.37539672851562,0.0,116.45539855957031,143.9073028564453
94.52159881591797,0.0,115.40180206298828,147.86500549316406
111.85350036621094,0.0,126.00499725341797,152.25320434570312
127.89179992675781,0.0,121.77850341796875,156.18609619140625
143.91290283203125,0.0,138.24420166015625,161.82130432128906
162.11549377441406,0.0,105.8677978515625,163.9611053466797
87.05999755859375,0.0,212.98660278320312,165.8032989501953
105.6719970703125,0.0,177.21400451660156,179.18150329589844
115.97709655761719,0.0,167.0128936767578,97.35099792480469
131.29339599609375,0.0,166.12579345703125,63.43730163574219
144.4364013671875,0.0,171.05870056152344,70.90270233154297
154.4822998046875,0.0,181.88800048828125,74.50479888916016
161.72019958496094,0.0,183.7332000732422,89.41320037841797
171.85650634765625,1.054800033569336,183.1573028564453,86.64250183105469
179.65199279785156,0.8970000147819519,188.73809814453125,87.79429626464844
183.6999969482422,0.011500000022351742,195.1020965576172,105.0071029663086
190.1112060546875,0.0,198.8668975830078,106.09449768066406
195.2447967529297,0.0,203.93609619140625,100.12629699707031
201.45689392089844,0.0,202.67959594726562,106.79450225830078
205.90440368652344,0.8644000291824341,204.3874969482422,109.23280334472656
210.7449951171875,0.5113000273704529,204.48489379882812,128.77090454101562
215.20790100097656,0.0,202.47390747070312,199.3520965576172
217.293701171875,0.0,204.414306640625,225.31520080566406
222.51890563964844,0.0,204.1302032470703,214.8125
227.88400268554688,0.0,202.12429809570312,212.53990173339844
232.24169921875,0.0,203.4311065673828,214.56900024414062
237.24490356445312,0.0,203.65570068359375,214.34840393066406
242.23660278320312,0.0,203.6811065673828,203.01930236816406
247.031494140625,0.0,202.46670532226562,227.15919494628906
254.47239685058594,0.0,203.38040161132812,213.777099609375
255.68980407714844,0.0,207.5308074951172,224.70970153808594
262.8111877441406,0.0,206.96279907226562,213.9239959716797
263.8492126464844,0.0,214.8448028564453,231.04620361328125
273.3953857421875,0.0,210.8737030029297,227.12620544433594
278.2431945800781,0.0,211.7519073486328,223.89810180664062
280.7847900390625,0.0,215.1533966064453,229.2091064453125
287.2756042480469,0.0,215.3946990966797,228.14939880371094
291.80609130859375,0.0,216.18930053710938,223.5948028564453
296.1640930175781,0.0,217.78280639648438,219.95480346679688
300.1575927734375,0.0,219.96290588378906,217.7790069580078
304.21429443359375,0.0,223.11019897460938,236.90289306640625
309.47119140625,0.0,217.90289306640625,233.69439697265625
312.8866882324219,0.0,221.84539794921875,240.22149658203125
317.1471862792969,0.0,218.60009765625,240.0010986328125
315.60321044921875,0.0,221.4575958251953,257.51849365234375
316.6610107421875,0.0,220.02980041503906,258.27301025390625
317.3996887207031,0.0,223.83689880371094,263.0690002441406
321.87579345703125,0.0,221.0966033935547,263.9573974609375
323.0653991699219,0.0,225.7039031982422,264.49560546875
310.4585876464844,0.0,243.96539306640625,265.5350036621094
300.8764953613281,0.0,255.79339599609375,266.8982849121094
299.02410888671875,0.0,263.1933898925781,271.330810546875
304.5264892578125,0.0,262.15521240234375,276.4197998046875
318.847900390625,0.0,247.87159729003906,278.756103515625
330.37689208984375,0.0,236.67340087890625,280.51361083984375
338.7054138183594,0.0,241.51919555664062,284.2752990722656
352.44140625,0.0,235.8677978515625,288.4115905761719
355.6722106933594,0.0,212.45860290527344,289.8435974121094
356.489501953125,2.041800022125244,236.38510131835938,291.3479919433594
359.5852966308594,1.6194000244140625,243.83819580078125,288.5044860839844
370.61358642578125,0.2969000041484833,178.32589721679688,301.13629150390625
366.92779541015625,9.221699714660645,255.4633026123047,309.027099609375
364.6466979980469,8.807100296020508,263.6864929199219,307.32598876953125
359.8858947753906,23.25349998474121,270.1571960449219,291.14581298828125
352.2825927734375,58.75090026855469,278.9125061035156,253.48829650878906
345.1680908203125,57.9463996887207,284.9255065917969,258.4830017089844
354.385986328125,59.819000244140625,280.25201416015625,257.98590087890625
359.2204895019531,75.02850341796875,276.6684875488281,256.1554870605469
364.9910888671875,84.10160064697266,271.0881042480469,261.11260986328125
378.5993957519531,92.58519744873047,257.7419128417969,256.5271911621094
386.431884765625,93.2311019897461,252.85400390625,265.214599609375
392.5257873535156,101.84459686279297,245.43429565429688,264.0473937988281
394.1610107421875,101.3759994506836,242.75439453125,277.5810852050781
395.7945861816406,22.351200103759766,177.54339599609375,174.22320556640625
420.9696960449219,59.951698303222656,182.0261993408203,143.0305938720703
399.6890869140625,0.0,228.70779418945312,231.62930297851562
391.46868896484375,4.336599826812744,240.8524932861328,400.052490234375
381.9368896484375,4.600599765777588,244.09930419921875,421.8691101074219
388.18670654296875,6.863699913024902,241.239501953125,445.9125061035156
408.4541931152344,2.825700044631958,217.48880004882812,438.4132995605469
411.0719909667969,1.996000051498413,195.1417999267578,448.1961975097656
383.5602111816406,18.026599884033203,232.7030029296875,452.5492858886719
381.3576965332031,25.84819984436035,239.70590209960938,430.7001037597656
383.635009765625,14.437199592590332,243.4010009765625,431.7143859863281
373.3537902832031,15.883899688720703,255.36109924316406,426.24371337890625
365.3197021484375,53.5525016784668,273.7513122558594,392.5495910644531
371.8037109375,64.94110107421875,268.1962890625,389.90618896484375
383.7809143066406,22.719499588012695,252.97509765625,438.3013000488281
409.0556945800781,24.529300689697266,230.94430541992188,446.2460021972656
401.6445007324219,68.15650177001953,231.9322052001953,397.94488525390625
408.40179443359375,95.83350372314453,226.9958038330078,370.0455017089844
406.47021484375,28.03730010986328,231.7364959716797,448.1252136230469
386.0398864746094,77.3469009399414,245.75120544433594,398.1307067871094
371.6495056152344,74.26000213623047,239.5478057861328,402.85699462890625
356.2244873046875,62.02830123901367,233.85169982910156,414.2181091308594
280.29058837890625,64.40730285644531,66.28790283203125,125.37069702148438
292.86761474609375,63.988399505615234,62.015499114990234,120.93319702148438
314.5205993652344,70.98979949951172,50.47740173339844,121.42990112304688
333.6455078125,79.35140228271484,47.529701232910156,119.78109741210938
342.5043029785156,86.5927963256836,50.97549819946289,112.92030334472656
350.36279296875,89.00810241699219,54.270599365234375,118.67549896240234
356.0481872558594,88.57649993896484,71.38249969482422,121.29869842529297
379.6640930175781,105.43329620361328,70.21389770507812,117.34490203857422
391.4638977050781,102.57140350341797,77.81330108642578,103.95929718017578
398.5364990234375,102.96769714355469,73.10900115966797,121.71279907226562
401.82391357421875,110.447998046875,72.76930236816406,131.73590087890625
425.5718994140625,122.88890075683594,71.39630126953125,125.1176986694336
426.6570129394531,172.96319580078125,101.8196029663086,96.2802963256836
423.448486328125,206.22459411621094,173.76809692382812,127.79850006103516
464.6130065917969,147.99630737304688,126.84700012207031,315.11138916015625
468.7887878417969,159.1761016845703,111.03289794921875,303.33819580078125
475.9613952636719,175.03770446777344,119.6718978881836,299.2253112792969
480.93951416015625,185.29150390625,120.1520004272461,285.9914855957031
487.52130126953125,194.1342010498047,126.68669891357422,280.1308898925781
496.29010009765625,202.84860229492188,134.04200744628906,273.3996887207031
521.11669921875,216.69479370117188,115.2603988647461,259.6528015136719
527.1187133789062,228.21060180664062,110.45210266113281,250.23519897460938
541.9744873046875,237.86940002441406,95.83300018310547,240.00990295410156
558.55419921875,245.43960571289062,80.45249938964844,232.98789978027344
567.7852172851562,254.7480926513672,72.21479797363281,225.2519073486328
578.9788208007812,260.5599060058594,61.02119827270508,219.44009399414062
579.6043701171875,348.1122131347656,60.395599365234375,121.15879821777344
468.47119140625,211.98089599609375,171.52879333496094,239.49749755859375
120.60030364990234,344.0331115722656,66.40239715576172,97.47229766845703
143.7924041748047,354.2240905761719,32.331199645996094,99.597900390625
141.69839477539062,365.89849853515625,43.799198150634766,95.69180297851562
140.79690551757812,385.752197265625,50.877498626708984,78.5199966430664
141.8925018310547,412.3826904296875,51.6963996887207,59.97480010986328
143.96099853515625,432.6543884277344,50.911598205566406,44.79100036621094
135.82620239257812,443.5721130371094,60.051300048828125,35.975799560546875
119.00370025634766,451.3876953125,74.09819793701172,28.612300872802734
138.40899658203125,459.8387145996094,48.5281982421875,20.161300659179688
140.54010009765625,456.52911376953125,40.175498962402344,23.47089958190918
144.5590057373047,437.6108093261719,30.932300567626953,42.389198303222656
144.82130432128906,437.5527038574219,27.471900939941406,42.44729995727539
134.0345001220703,455.80950927734375,38.9286994934082,24.190500259399414
128.05670166015625,457.85870361328125,42.055599212646484,22.141300201416016
142.3800048828125,397.0032043457031,67.41390228271484,70.13800048828125
134.0478973388672,381.96051025390625,180.84230041503906,93.6626968383789
115.00869750976562,382.4620056152344,96.94200134277344,97.53800201416016
101.06410217285156,388.443603515625,94.01309967041016,90.48780059814453
87.50740051269531,389.36029052734375,107.93150329589844,89.87699890136719
76.56340026855469,391.8815002441406,106.685302734375,88.11849975585938
63.097198486328125,387.8629150390625,217.93359375,92.13700103759766
42.31340026855469,366.7980041503906,121.877197265625,113.2020034790039
29.3164005279541,382.5447082519531,111.72599792480469,97.4552993774414
13.31190013885498,377.751708984375,151.74009704589844,102.24829864501953
3.2769999504089355,367.3057861328125,100.54560089111328,112.69419860839844
0.11869999766349792,359.89080810546875,89.68589782714844,114.88510131835938
0.0,347.4237976074219,137.15469360351562,85.12989807128906
0.0,334.0452880859375,141.2904052734375,111.42459869384766
30.52050018310547,253.9687042236328,265.2981872558594,153.8052978515625
417.4028015136719,402.4903869628906,83.74169921875,77.50959777832031
394.93780517578125,418.1225891113281,89.36519622802734,61.877498626708984
385.6921081542969,412.16619873046875,84.56430053710938,67.83380126953125
379.4880065917969,401.1075134277344,78.09609985351562,78.89250183105469
371.59698486328125,387.0956115722656,69.9218978881836,92.90440368652344
363.05419921875,371.7832946777344,73.17359924316406,108.2166976928711
367.85430908203125,352.26580810546875,48.1151008605957,127.25789642333984
361.9783935546875,346.0445861816406,45.75809860229492,131.89430236816406
357.3320007324219,340.6317138671875,47.205101013183594,137.27810668945312
352.26458740234375,334.2102966308594,47.19559860229492,141.2740936279297
341.56640625,331.13720703125,47.57460021972656,140.78990173339844
336.8319091796875,327.24371337890625,46.7224006652832,139.64990234375
333.9006042480469,325.62890625,47.09130096435547,143.50120544433594
329.14849853515625,322.2785949707031,49.14970016479492,143.5760040283203
319.45098876953125,322.09991455078125,43.379600524902344,139.94000244140625
309.19171142578125,318.7231140136719,62.52859878540039,147.67019653320312
307.0177917480469,318.95379638671875,64.64540100097656,147.39720153808594
303.6246032714844,318.28900146484375,64.43350219726562,147.71800231933594
300.73199462890625,318.41259765625,64.69329833984375,148.19540405273438
297.1496887207031,318.6825866699219,65.18160247802734,147.86529541015625
295.7947998046875,321.5079040527344,46.70370101928711,136.11309814453125
293.39849853515625,322.1532897949219,46.55289840698242,135.33050537109375
292.1487121582031,323.1257019042969,44.73830032348633,136.72250366210938
287.7773132324219,322.4679870605469,45.172298431396484,136.1295928955078
284.33758544921875,323.36151123046875,44.518699645996094,134.39430236816406
279.860107421875,323.17010498046875,48.593101501464844,135.91830444335938
279.4595031738281,322.80230712890625,43.84769821166992,134.09890747070312
274.4283142089844,322.32391357421875,41.59769821166992,134.06239318847656
269.8752136230469,322.4294128417969,43.026100158691406,130.79710388183594
265.6427917480469,321.6913146972656,44.779300689697266,130.67840576171875
263.78961181640625,321.3794860839844,40.518001556396484,132.55690002441406
259.9602966308594,320.835693359375,39.84980010986328,125.83059692382812
257.2008972167969,321.00439453125,39.40800094604492,125.40599822998047
252.69219970703125,319.2268981933594,40.1156005859375,122.81680297851562
249.58819580078125,319.4931945800781,39.027099609375,123.21240234375
242.15029907226562,314.6357116699219,38.56610107421875,121.71420288085938
238.62649536132812,314.2102966308594,37.743099212646484,122.52999877929688
222.87860107421875,313.2923889160156,72.97859954833984,144.73330688476562
218.75,311.951904296875,74.2261962890625,144.6551971435547
213.92759704589844,308.7703857421875,74.27680206298828,149.61770629882812
209.67739868164062,307.5718994140625,75.75489807128906,144.97039794921875
206.0614013671875,306.8193054199219,76.90570068359375,144.35459899902344
202.6981964111328,306.28338623046875,75.40019989013672,144.14830017089844
198.94869995117188,305.8367004394531,75.66580200195312,143.11050415039062
194.54580688476562,305.58428955078125,77.96990203857422,142.74630737304688
190.55670166015625,301.7637023925781,78.57240295410156,145.69290161132812
187.23590087890625,302.4436950683594,78.20179748535156,143.44590759277344
183.92239379882812,299.74261474609375,79.6719970703125,143.451904296875
202.12600708007812,296.3772888183594,43.098899841308594,135.60240173339844
201.16270446777344,293.81060791015625,40.88090133666992,129.2926025390625
196.61959838867188,293.30218505859375,43.133201599121094,126.95040130615234
176.81849670410156,288.34991455078125,77.54850006103516,147.8011016845703
173.7834014892578,284.8645935058594,77.15789794921875,147.37869262695312
173.22889709472656,281.6007995605469,70.97799682617188,146.74070739746094
187.38929748535156,280.0751037597656,61.08890151977539,148.2628936767578
180.87869262695312,281.2159118652344,49.737998962402344,139.9803009033203
177.7635955810547,279.1005859375,50.54759979248047,138.64939880371094
177.24769592285156,277.1210021972656,46.79600143432617,141.27549743652344
177.00259399414062,276.4942932128906,46.03030014038086,139.20799255371094
172.31430053710938,279.2392883300781,55.044498443603516,121.04409790039062
171.38690185546875,275.093994140625,53.83789825439453,124.75969696044922
156.53390502929688,267.5752868652344,61.29460144042969,152.59039306640625
151.90069580078125,265.4825134277344,66.74459838867188,152.29190063476562
159.12449645996094,257.0625915527344,59.920799255371094,154.53550720214844
148.3489990234375,259.88250732421875,66.10649871826172,156.99130249023438
157.61239624023438,253.94569396972656,67.41950225830078,156.76510620117188
158.38999938964844,257.1824951171875,67.52570343017578,158.34519958496094
137.0052947998047,252.122802734375,71.61940002441406,160.793701171875
139.972900390625,251.8511962890625,71.49199676513672,159.172607421875
137.57659912109375,250.29440307617188,69.16780090332031,160.34939575195312
143.13839721679688,244.3583984375,54.434898376464844,161.44540405273438
138.2283935546875,245.1717987060547,64.99169921875,120.90889739990234
125.44249725341797,266.4547119140625,89.50389862060547,72.57499694824219
119.73280334472656,240.12750244140625,74.91380310058594,156.57470703125
139.08200073242188,236.79200744628906,70.75129699707031,164.56039428710938
126.56680297851562,228.80810546875,66.70880126953125,165.24319458007812
126.77619934082031,226.89059448242188,64.08940124511719,163.9470977783203
124.49909973144531,228.10189819335938,65.07830047607422,161.11520385742188
122.68840026855469,225.77330017089844,65.3666000366211,160.5330047607422
120.3905029296875,223.44630432128906,67.46489715576172,159.62600708007812
124.68419647216797,219.2667999267578,62.27159881591797,164.84030151367188
121.86399841308594,217.48719787597656,61.97650146484375,161.80999755859375
120.20600128173828,216.03590393066406,62.76240158081055,161.3271026611328
119.17359924316406,211.77049255371094,63.08409881591797,159.9821014404297
122.17259979248047,210.76190185546875,57.9734001159668,160.00250244140625
128.851806640625,209.59039306640625,56.9994010925293,157.55259704589844
131.04640197753906,207.5493927001953,52.255401611328125,159.12060546875
128.63319396972656,199.7095947265625,60.80179977416992,159.8675994873047
120.74909973144531,191.06919860839844,60.851898193359375,159.5941925048828
121.19670104980469,193.76870727539062,70.48670196533203,156.98719787597656
114.02410125732422,192.79730224609375,83.57849884033203,155.30870056152344
111.11280059814453,180.09840393066406,89.40670013427734,156.4355010986328
110.43920135498047,177.33079528808594,85.7040023803711,159.03070068359375
108.24579620361328,177.7707061767578,89.81990051269531,158.002197265625
109.29399871826172,170.01849365234375,76.75240325927734,157.30270385742188
107.83699798583984,167.51319885253906,79.15450286865234,157.19720458984375
106.72229766845703,164.5216064453125,78.14710235595703,157.21090698242188
106.6895980834961,161.34019470214844,75.302001953125,159.23800659179688
107.19110107421875,158.75999450683594,76.46170043945312,160.95680236816406
120.03520202636719,152.4586944580078,62.66640090942383,164.15040588378906
105.0167007446289,151.7071990966797,69.98560333251953,161.77020263671875
109.23380279541016,150.90769958496094,64.8230972290039,161.40789794921875
115.96959686279297,145.36129760742188,58.2599983215332,162.5688018798828
117.00689697265625,139.9178009033203,48.88249969482422,164.52239990234375
114.22760009765625,137.7006072998047,49.44540023803711,162.6083984375
109.81849670410156,130.85830688476562,51.07360076904297,169.46560668945312
106.77839660644531,125.39029693603516,50.855098724365234,171.72129821777344
92.30020141601562,120.18769836425781,56.46989822387695,173.32870483398438
85.56109619140625,116.03939819335938,62.761600494384766,172.99110412597656
46.989898681640625,119.67849731445312,87.70210266113281,168.62770080566406
69.34380340576172,104.46859741210938,62.89540100097656,178.82789611816406
59.25550079345703,94.61959838867188,58.997501373291016,179.01040649414062
40.8025016784668,92.8104019165039,65.24919891357422,182.90960693359375
30.986600875854492,81.47100067138672,62.31700134277344,186.981201171875
25.4148006439209,77.91999816894531,59.1531982421875,187.3831024169922
370.4104919433594,65.02850341796875,51.299400329589844,123.99909973144531
361.35870361328125,55.55540084838867,47.58940124511719,126.47930145263672
365.55340576171875,40.75360107421875,39.5791015625,128.59939575195312
348.87969970703125,34.86180114746094,38.63460159301758,126.6011962890625
345.9591979980469,25.711599349975586,42.88949966430664,125.43170166015625
329.8450927734375,13.644100189208984,50.833900451660156,130.220703125
326.9013977050781,9.957900047302246,47.28889846801758,124.435302734375
319.7810974121094,1.4378999471664429,43.0989990234375,121.7437973022461
311.9950866699219,-9.655599594116211,35.420101165771484,118.39759826660156
306.2789001464844,-6.174499988555908,48.99800109863281,111.26249694824219
298.2701110839844,-8.761699676513672,57.50019836425781,103.86599731445312
298.79010009765625,-31.96579933166504,53.94810104370117,117.35340118408203
291.951904296875,-34.807701110839844,54.764400482177734,110.38829803466797
291.951904296875,-34.807701110839844,54.764400482177734,110.38829803466797
291.951904296875,-34.807701110839844,54.764400482177734,110.38829803466797
308.8929138183594,0.0,23.599899291992188,49.05910110473633
314.6995849609375,0.0,21.862300872802734,42.31330108642578
314.36669921875,0.0,22.452800750732422,32.960899353027344
318.110107421875,0.0,22.224599838256836,27.571800231933594
325.2860107421875,0.0,22.00029945373535,22.04159927368164
331.873291015625,0.0,23.62809944152832,16.1294002532959
340.3465881347656,0.5217000246047974,23.750699996948242,10.0
352.3645935058594,0.0,24.940900802612305,10.0
363.43890380859375,0.0,34.640098571777344,11.590200424194336
351.36529541015625,0.46129998564720154,74.68489837646484,15.294500350952148
334.2987060546875,0.3537999987602234,128.41229248046875,16.535600662231445
329.34710693359375,0.2806999981403351,130.49789428710938,27.407400131225586
350.4772033691406,0.0,119.94329833984375,32.9192008972168
343.9718017578125,0.4058000147342682,145.977294921875,57.29180145263672
285.8265075683594,19.731399536132812,229.48570251464844,157.15890502929688
68.44640350341797,0.0,72.79219818115234,85.84300231933594
82.34390258789062,0.0,66.21710205078125,71.5198974609375
102.8499984741211,0.0,41.93920135498047,70.69029998779297
114.56939697265625,0.25609999895095825,48.6598014831543,72.99120330810547
127.5447006225586,0.2732999920845032,51.866798400878906,80.64830017089844
141.1876983642578,0.0,46.42890167236328,84.25589752197266
138.6490020751953,0.0,75.9657974243164,85.18769836425781
172.69839477539062,0.0,183.966796875,40.06050109863281
171.92990112304688,0.0,121.37059783935547,59.020301818847656
186.1322021484375,0.0,98.31880187988281,79.43479919433594
206.1154022216797,0.0,69.81430053710938,119.81800079345703
223.97720336914062,0.0,60.64039993286133,130.14830017089844
237.51190185546875,-3.2920000553131104,53.667598724365234,138.45590209960938
243.53810119628906,-2.3534998893737793,50.52439880371094,145.49159240722656
250.38070678710938,-2.2111001014709473,54.0630989074707,154.2292938232422
249.3820037841797,0.45820000767707825,51.73139953613281,150.6134033203125
260.0874938964844,2.6092000007629395,60.57339859008789,153.7259063720703
261.7857971191406,-1.2877999544143677,60.16299819946289,156.33290100097656
265.54278564453125,1.5750999450683594,62.45819854736328,154.7740020751953
271.59149169921875,4.881499767303467,65.39230346679688,153.66360473632812
273.1481018066406,4.577300071716309,65.81710052490234,150.96099853515625
279.3380126953125,4.048500061035156,61.6776008605957,150.7509002685547
285.9984130859375,9.389699935913086,63.50740051269531,149.19239807128906
287.94500732421875,6.750899791717529,62.269901275634766,150.02220153808594
293.7373962402344,6.6529998779296875,63.20610046386719,149.7449951171875
296.07501220703125,5.144199848175049,61.7328987121582,150.29519653320312
300.085693359375,4.535900115966797,62.14189910888672,149.37010192871094
304.7803955078125,3.8345000743865967,61.3578987121582,151.87339782714844
308.17669677734375,3.5427000522613525,60.03379821777344,151.46490478515625
312.9837951660156,4.933199882507324,61.13140106201172,151.81619262695312
316.4706115722656,3.2200000286102295,59.59149932861328,152.14120483398438
321.1051940917969,5.054200172424316,59.01390075683594,153.02330017089844
322.90509033203125,5.067399978637695,61.54999923706055,153.798095703125
329.1048889160156,3.613300085067749,60.555599212646484,156.47799682617188
332.2908935546875,3.827699899673462,60.37779998779297,156.7194061279297
336.5797119140625,0.9972000122070312,59.3114013671875,161.32440185546875
340.05828857421875,1.4749000072479248,61.49380111694336,161.26480102539062
344.50140380859375,0.46790000796318054,60.311100006103516,163.60800170898438
347.5155029296875,0.5971999764442444,60.855499267578125,162.8397979736328
351.2052917480469,1.1648000478744507,61.168399810791016,161.88330078125
354.8218994140625,0.6452999711036682,59.107200622558594,165.30580139160156
361.4508056640625,-1.2143000364303589,55.79280090332031,168.1551055908203
355.0126953125,0.10689999908208847,61.85490036010742,177.38729858398438
359.3380126953125,0.3303000032901764,62.663299560546875,176.81390380859375
365.6924133300781,-0.6208000183105469,60.0973014831543,179.50750732421875
368.5409851074219,0.8467000126838684,61.79460144042969,179.58749389648438
373.3464050292969,2.5750999450683594,58.533199310302734,179.38340759277344
376.739990234375,1.8762999773025513,60.984100341796875,181.5966033935547
381.4543151855469,6.01230001449585,61.832401275634766,180.70779418945312
385.2677001953125,8.027299880981445,58.506500244140625,177.75869750976562
387.3912048339844,15.830900192260742,60.6775016784668,172.39540100097656
392.92889404296875,19.621999740600586,55.384300231933594,169.60800170898438
393.9905090332031,23.569000244140625,60.44969940185547,168.52040100097656
395.2799987792969,29.109899520874023,62.17829895019531,169.33859252929688
396.5697937011719,35.83530044555664,66.49120330810547,165.3892059326172
400.3559875488281,39.41429901123047,66.83460235595703,167.14610290527344
404.2695007324219,43.742401123046875,67.67649841308594,164.4813995361328
408.1361083984375,44.94940185546875,63.53580093383789,161.41439819335938
411.8673095703125,44.56549835205078,64.19619750976562,162.5550994873047
413.8424072265625,50.17399978637695,64.40789794921875,161.12649536132812
419.47491455078125,48.794498443603516,63.831199645996094,160.85459899902344
421.9892883300781,46.490299224853516,58.73400115966797,161.2967071533203
422.13299560546875,54.18600082397461,67.18049621582031,161.87759399414062
424.0752868652344,53.9364013671875,65.69969940185547,166.70249938964844
428.94439697265625,58.009300231933594,59.92679977416992,166.05059814453125
428.3341979980469,57.59550094604492,46.23440170288086,162.7498016357422
432.349609375,61.386600494384766,44.69499969482422,159.7093048095703
435.9393005371094,63.07830047607422,45.23939895629883,157.74859619140625
438.0179138183594,75.3832015991211,51.29719924926758,155.23660278320312
436.84381103515625,78.89769744873047,58.57709884643555,156.5377960205078
435.3273010253906,75.56790161132812,56.94380187988281,158.631103515625
437.70361328125,77.38610076904297,54.54090118408203,159.41879272460938
441.2101135253906,82.67769622802734,53.335899353027344,156.79510498046875
444.8337097167969,86.18229675292969,54.09109878540039,158.82589721679688
439.52789306640625,87.42250061035156,59.29410171508789,156.53919982910156
447.4302062988281,93.59349822998047,61.937801361083984,154.27259826660156
450.1866149902344,92.75769805908203,58.2156982421875,152.45379638671875
450.33441162109375,97.31829833984375,61.54990005493164,153.3896026611328
452.7453918457031,101.42350006103516,64.41780090332031,158.0128936767578
451.63739013671875,103.8113021850586,64.1666030883789,154.45359802246094
451.4336853027344,106.92269897460938,64.9197998046875,155.1002960205078
457.1076965332031,109.04000091552734,57.73889923095703,145.86410522460938
454.20379638671875,114.62030029296875,63.74020004272461,142.63800048828125
453.6023864746094,116.70989990234375,54.45800018310547,150.31289672851562
456.7077941894531,119.63169860839844,55.1432991027832,150.714599609375
458.4547119140625,119.64759826660156,49.75379943847656,148.4980926513672
463.11090087890625,122.56400299072266,58.92070007324219,159.49330139160156
461.1379089355469,125.82260131835938,64.49140167236328,160.2696990966797
462.14459228515625,128.76170349121094,66.45670318603516,159.51690673828125
464.3414001464844,133.13690185546875,64.94850158691406,156.94020080566406
464.5115051269531,136.2808074951172,65.82839965820312,158.095703125
463.14080810546875,137.36729431152344,52.91659927368164,148.04400634765625
459.0899963378906,152.4091033935547,56.660499572753906,130.70249938964844
457.89349365234375,156.17579650878906,61.82590103149414,125.93440246582031
459.1662902832031,155.75900268554688,61.95970153808594,129.53509521484375
461.3681945800781,157.2113037109375,58.72829818725586,131.01449584960938
462.7851867675781,161.35910034179688,61.361000061035156,127.39749908447266
466.9302978515625,162.59730529785156,58.98830032348633,125.97820281982422
469.18341064453125,163.689697265625,53.31119918823242,133.89129638671875
468.7767028808594,165.34759521484375,48.30950164794922,137.83880615234375
471.1260070800781,169.25259399414062,47.40610122680664,135.28640747070312
468.001708984375,174.30740356445312,57.73649978637695,116.43769836425781
467.3883056640625,173.78030395507812,47.454498291015625,136.9927978515625
462.5882873535156,179.90260314941406,51.418701171875,138.2863006591797
464.79949951171875,182.14990234375,49.30759811401367,132.55690002441406
467.5643005371094,190.4593963623047,49.768001556396484,129.94720458984375
463.7406921386719,201.1042022705078,58.862098693847656,147.45700073242188
463.2799987792969,206.4261932373047,58.80080032348633,144.67880249023438
469.5273132324219,209.76220703125,53.839599609375,146.38600158691406
478.2746887207031,217.2445068359375,70.95770263671875,148.21510314941406
473.6451110839844,213.65939331054688,72.7333984375,150.3101043701172
481.7703857421875,219.27940368652344,74.27940368652344,153.46519470214844
483.12078857421875,221.4322052001953,74.6626968383789,157.61529541015625
491.36309814453125,227.539794921875,78.28610229492188,157.1112060546875
506.6337890625,231.31590270996094,54.415000915527344,149.74130249023438
509.7301025390625,239.05799865722656,68.5863037109375,124.8843002319336
518.3615112304688,262.7886047363281,77.881103515625,95.68779754638672
531.36669921875,258.6777038574219,71.31390380859375,143.96279907226562
540.323974609375,264.8660888671875,75.83979797363281,148.37359619140625
553.3856201171875,270.3758850097656,78.37310028076172,155.9561004638672
555.1807861328125,284.7239074707031,79.589599609375,152.03500366210938
567.544677734375,309.5244140625,70.2490005493164,99.22650146484375
569.25830078125,339.5220031738281,70.74169921875,62.6427001953125
571.4088134765625,325.7538146972656,79.95140075683594,101.58740234375
568.1602172851562,305.60101318359375,74.77549743652344,140.47860717773438
575.4163208007812,316.13970947265625,72.35900115966797,169.75990295410156
585.5347290039062,324.239013671875,56.70899963378906,158.52720642089844
156.73370361328125,364.4136962890625,52.96080017089844,105.80390167236328
158.17529296875,367.51300048828125,53.42150115966797,108.8218994140625
163.7509002685547,377.5707092285156,52.11690139770508,96.07859802246094
159.75509643554688,382.3185119628906,48.28049850463867,104.87889862060547
139.8582000732422,389.3926086425781,70.17610168457031,106.57579803466797
160.22360229492188,401.6807861328125,52.43949890136719,75.9801025390625
165.10049438476562,407.95880126953125,46.9640007019043,75.34310150146484
165.60580444335938,420.2825927734375,46.006500244140625,70.71849822998047
161.0247039794922,446.04339599609375,42.668399810791016,33.956600189208984
161.0471954345703,431.864990234375,46.74470138549805,59.73419952392578
161.0471954345703,431.864990234375,46.74470138549805,59.73419952392578
161.0471954345703,431.864990234375,46.74470138549805,59.73419952392578
114.26260375976562,456.8002014160156,69.37570190429688,23.199800491333008
110.41649627685547,450.3472900390625,69.15889739990234,29.652700424194336
111.37960052490234,462.3927001953125,58.03889846801758,17.6072998046875
101.37249755859375,462.5462951660156,62.231998443603516,17.453699111938477
92.88390350341797,414.0835876464844,62.0098991394043,65.91629791259766
96.13760375976562,373.4856872558594,171.65829467773438,75.40019989013672
28.962499618530273,371.8074951171875,124.6321029663086,106.9269027709961
9.850700378417969,376.3323974609375,118.277099609375,103.6676025390625
5.000400066375732,376.4660949707031,105.44190216064453,103.22370147705078
0.5346999764442444,371.9128112792969,102.11150360107422,102.09320068359375
0.0,367.5893859863281,89.64669799804688,75.81729888916016
0.0,361.6311950683594,188.8916015625,70.6011962890625
0.0,346.3782958984375,54.56119918823242,132.1367950439453
12.079899787902832,343.3102111816406,179.9105987548828,70.14920043945312
0.0,296.20928955078125,285.8041076660156,174.3498992919922
403.96258544921875,401.6622009277344,81.65869903564453,78.33779907226562
387.4767150878906,402.1654968261719,89.37310028076172,77.83450317382812
379.6888122558594,395.0014953613281,98.17130279541016,84.99849700927734
363.7886047363281,430.0851135253906,108.84880065917969,49.915000915527344
356.8572998046875,420.4819030761719,100.56890106201172,59.51810073852539
365.1199035644531,378.4060974121094,77.33419799804688,101.59390258789062
355.28729248046875,360.7221984863281,60.24599838256836,119.27780151367188
348.125,350.3900146484375,47.25080108642578,129.61000061035156
336.5827941894531,345.1669006347656,77.4657974243164,134.83309936523438
314.87420654296875,372.626708984375,96.7916030883789,77.0239028930664
306.9526062011719,367.23779296875,94.09860229492188,66.6011962890625
301.6231994628906,366.8577880859375,94.71070098876953,58.76210021972656
297.55841064453125,324.55670166015625,76.76329803466797,153.24620056152344
301.7627868652344,323.27569580078125,71.0719985961914,156.25840759277344
297.8669128417969,320.7178039550781,69.07150268554688,155.7864990234375
281.7514953613281,317.04339599609375,75.88909912109375,156.1363067626953
276.2056884765625,310.44940185546875,71.78500366210938,161.07090759277344
273.572509765625,304.13128662109375,69.1011962890625,163.12950134277344
272.4071960449219,303.49578857421875,66.7113037109375,166.6020050048828
268.4346923828125,301.8713073730469,67.77880096435547,167.6580047607422
260.5928039550781,303.3494873046875,85.39769744873047,169.32020568847656
260.0185852050781,297.9991149902344,67.39289855957031,171.2698974609375
264.57598876953125,298.7424011230469,61.023399353027344,173.28880310058594
254.60450744628906,291.18890380859375,61.31660079956055,172.79359436035156
237.99850463867188,295.5346984863281,76.33740234375,173.35549926757812
236.01319885253906,294.3194885253906,77.1541976928711,172.14039611816406
238.68589782714844,297.0812072753906,72.16419982910156,171.0493927001953
249.0301971435547,292.43121337890625,56.71189880371094,172.17759704589844
246.13560485839844,291.2804870605469,59.19380187988281,170.8719940185547
238.9998016357422,297.7598876953125,62.56380081176758,166.47059631347656
240.10009765625,296.7524108886719,56.8114013671875,164.5428009033203
225.17660522460938,297.4328918457031,59.28390121459961,160.8428955078125
230.39259338378906,294.91119384765625,60.51459884643555,160.83230590820312
213.52389526367188,293.10430908203125,58.43579864501953,161.6959991455078
210.60369873046875,303.0603942871094,58.798301696777344,164.20339965820312
197.92300415039062,298.51361083984375,63.11050033569336,162.66909790039062
210.32919311523438,302.0909118652344,52.69839859008789,162.23719787597656
206.1894989013672,299.9278869628906,51.21369934082031,160.95550537109375
200.1529998779297,299.71990966796875,54.39509963989258,158.84030151367188
195.14230346679688,299.7455139160156,55.04050064086914,155.16029357910156
189.74879455566406,295.9888916015625,57.34960174560547,155.25509643554688
184.9241943359375,291.9324035644531,56.90079879760742,152.37449645996094
167.39010620117188,294.3081970214844,65.64900207519531,147.9882049560547
176.9178009033203,290.08099365234375,55.75130081176758,155.48370361328125
159.4178009033203,296.13641357421875,61.74150085449219,155.1855010986328
153.6038055419922,294.52569580078125,65.37529754638672,150.58340454101562
140.51390075683594,287.50738525390625,71.7146987915039,152.14190673828125
147.99139404296875,282.9906921386719,55.92879867553711,151.61880493164062
134.10389709472656,283.17559814453125,49.35900115966797,144.12510681152344
117.6438980102539,281.4814147949219,52.40629959106445,141.76600646972656
121.65170288085938,278.4778137207031,45.67290115356445,148.24569702148438
108.89559936523438,279.9305114746094,60.95970153808594,149.7230987548828
177.60110473632812,295.3258056640625,69.0062026977539,158.83590698242188
174.66189575195312,288.3432922363281,56.25749969482422,164.6219024658203
104.81610107421875,275.948486328125,57.630401611328125,146.8511962890625
102.30000305175781,275.3638916015625,60.033599853515625,145.77349853515625
172.87330627441406,286.28369140625,73.96589660644531,167.8907928466797
85.77349853515625,277.9880065917969,75.6676025390625,147.79849243164062
88.09519958496094,279.62799072265625,64.11799621582031,145.70489501953125
80.22200012207031,281.281005859375,51.19490051269531,143.87429809570312
82.65869903564453,279.6166076660156,54.68899917602539,140.7097930908203
73.19860076904297,272.81048583984375,60.20920181274414,144.6634979248047
69.97720336914062,267.85400390625,66.0988998413086,146.28880310058594
70.5979995727539,263.065185546875,63.809600830078125,148.89010620117188
171.6407928466797,271.3460998535156,92.75150299072266,139.1472930908203
33.056400299072266,260.2471008300781,79.9989013671875,145.31480407714844
45.19620132446289,257.08099365234375,65.93679809570312,148.88400268554688
41.641300201416016,254.60910034179688,58.20669937133789,143.8748016357422
40.892398834228516,251.8076934814453,54.01250076293945,145.1916961669922
42.76150131225586,248.65420532226562,48.608699798583984,146.30450439453125
36.041099548339844,249.06539916992188,51.29389953613281,146.02540588378906
23.915800094604492,249.0261993408203,55.575599670410156,147.5500030517578
28.93910026550293,247.46839904785156,54.943199157714844,145.44949340820312
28.402000427246094,243.6613006591797,53.0890998840332,147.2039031982422
138.24249267578125,249.30149841308594,77.38860321044922,137.72000122070312
135.04379272460938,250.58169555664062,85.3915023803711,131.86439514160156
130.76930236816406,241.37449645996094,83.1104965209961,143.12449645996094
128.25390625,232.28790283203125,81.78489685058594,149.14320373535156
127.36910247802734,229.222900390625,78.1176986694336,151.92469787597656
124.81169891357422,223.8708038330078,79.23750305175781,152.3822021484375
129.01890563964844,245.4989013671875,73.2698974609375,72.56520080566406
123.06179809570312,251.59010314941406,75.48410034179688,120.2468032836914
126.21019744873047,214.5330047607422,72.74610137939453,152.28970336914062
126.02780151367188,210.10760498046875,69.40509796142578,154.12620544433594
124.21150207519531,205.61050415039062,67.3479995727539,152.02389526367188
116.98560333251953,212.19329833984375,64.40059661865234,150.16799926757812
115.67109680175781,207.20199584960938,73.22820281982422,150.610595703125
112.57569885253906,203.9613037109375,75.72709655761719,158.04600524902344
111.9446029663086,203.78250122070312,82.16120147705078,154.5364990234375
110.18550109863281,201.29420471191406,85.44239807128906,147.95460510253906
100.1240005493164,198.7554931640625,84.52989959716797,147.44900512695312
108.62100219726562,195.99000549316406,79.92130279541016,146.24969482421875
111.58570098876953,194.2165069580078,58.06990051269531,147.68780517578125
112.37969970703125,193.1136016845703,55.64739990234375,141.93080139160156
112.91539764404297,186.5146942138672,53.12670135498047,146.96910095214844
113.93879699707031,186.88619995117188,76.66120147705078,136.5937042236328
109.54399871826172,190.69439697265625,80.885498046875,131.9597930908203
108.16809844970703,185.36810302734375,82.10040283203125,133.8876953125
110.85549926757812,180.03939819335938,77.82849884033203,132.25160217285156
115.42369842529297,171.2987060546875,69.34590148925781,137.79159545898438
118.37480163574219,172.268798828125,64.5062026977539,135.3282928466797
125.92970275878906,165.5959930419922,50.84389877319336,134.1551971435547
114.95279693603516,165.093994140625,56.1864013671875,136.0926055908203
113.80829620361328,167.53689575195312,64.72329711914062,129.8867950439453
106.08170318603516,157.95750427246094,53.54330062866211,133.3560028076172
110.456298828125,158.7447967529297,53.270198822021484,125.28500366210938
104.31539916992188,149.44610595703125,59.134300231933594,129.7935028076172
78.88899993896484,160.568603515625,76.32620239257812,107.4260025024414
68.2760009765625,162.20970153808594,78.05670166015625,82.8302993774414
61.28409957885742,169.32839965820312,75.52369689941406,61.61149978637695
50.877899169921875,162.56790161132812,77.03119659423828,63.77750015258789
39.776100158691406,155.8408966064453,78.02220153808594,80.82849884033203
42.673500061035156,138.61380004882812,66.62860107421875,92.306396484375
28.712900161743164,120.38150024414062,74.39759826660156,123.47350311279297
27.927900314331055,100.60569763183594,63.63090133666992,136.78480529785156
4.6975998878479,99.3833999633789,64.29039764404297,116.00659942626953
0.0,111.7927017211914,55.81439971923828,86.05139923095703
0.0,107.48660278320312,43.38800048828125,103.9177017211914
0.0,111.8947982788086,37.597900390625,59.753299713134766
0.0,123.77780151367188,28.212099075317383,49.33509826660156
0.0,103.22699737548828,23.488000869750977,77.36759948730469
0.0,102.46330261230469,28.153900146484375,107.00509643554688
0.0,156.14559936523438,20.40250015258789,49.68009948730469
0.0,155.91380310058594,41.395301818847656,39.40660095214844
0.0,125.2583999633789,104.095703125,64.69390106201172
1.6912000179290771,0.0,77.16950225830078,79.5624008178711
0.0,0.0,72.35169982910156,84.93350219726562
2.0973000526428223,0.0,185.639892578125,105.14779663085938
338.0683898925781,0.0,71.39800262451172,135.68080139160156
382.5762023925781,4.101099967956543,54.00360107421875,121.57360076904297
383.9497985839844,0.8830000162124634,54.66889953613281,117.06610107421875
380.26971435546875,2.3808999061584473,62.765899658203125,110.40640258789062
381.7908935546875,0.7286999821662903,67.23970031738281,103.5645980834961
381.8572082519531,0.0,74.77169799804688,98.3218002319336
386.5190124511719,0.0,78.51409912109375,96.96040344238281
386.29058837890625,0.0,89.28389739990234,98.82630157470703
387.9424133300781,0.0,97.91300201416016,91.18199920654297
402.85528564453125,0.0,93.46690368652344,93.39320373535156
429.82489013671875,0.0,71.54280090332031,90.4301986694336
413.7370910644531,0.0,104.10209655761719,61.620201110839844
467.6449890136719,81.55229949951172,58.44889831542969,80.35549926757812
489.8627014160156,6.721700191497803,59.36859893798828,80.4229965209961
437.9867858886719,53.21770095825195,70.5687026977539,75.87650299072266
423.7713928222656,45.11259841918945,48.11289978027344,70.62079620361328
412.3919982910156,28.383699417114258,47.792598724365234,73.41590118408203
402.2547912597656,11.452199935913086,44.41640090942383,70.77670288085938
401.1506042480469,1.9071999788284302,38.422698974609375,64.40440368652344
391.34039306640625,0.0,35.286800384521484,53.57640075683594
387.201904296875,0.0,35.62189865112305,43.31740188598633
382.7502136230469,0.0,33.35409927368164,43.323299407958984
376.9884033203125,0.0,37.0989990234375,39.0098991394043
375.5179138183594,0.06400000303983688,36.92580032348633,48.208900451660156
331.19110107421875,0.0,75.55490112304688,32.512901306152344
172.3383026123047,-11.26669979095459,62.14939880371094,100.2603988647461
187.72860717773438,1.0013999938964844,61.86009979248047,98.02570343017578
204.28900146484375,-0.1517000049352646,55.429500579833984,107.23400115966797
214.65280151367188,-4.645699977874756,52.04629898071289,119.09120178222656
221.23170471191406,4.96999979019165,57.64310073852539,121.56430053710938
232.1781005859375,8.703800201416016,57.07929992675781,124.9281997680664
238.89410400390625,18.271099090576172,56.054901123046875,121.9540023803711
245.3916015625,14.543999671936035,56.03960037231445,128.4010009765625
257.92498779296875,12.156999588012695,44.983001708984375,132.50660705566406
255.81199645996094,26.087499618530273,54.200199127197266,125.52130126953125
255.1685028076172,26.270000457763672,59.60559844970703,128.6103973388672
259.1756896972656,30.275699615478516,63.55759811401367,130.11639404296875
262.7255859375,32.964298248291016,62.13180160522461,126.85880279541016
270.6405944824219,39.60329818725586,52.54999923706055,124.08399963378906
280.64190673828125,26.931400299072266,44.877201080322266,131.970703125
285.9154052734375,28.97599983215332,45.924598693847656,131.02149963378906
287.23150634765625,21.43440055847168,43.67720031738281,137.6569061279297
289.1072082519531,23.6466007232666,47.12739944458008,128.10000610351562
296.3377990722656,22.876300811767578,45.0786018371582,136.83120727539062
304.7818908691406,30.790199279785156,47.128700256347656,136.533203125
308.9057922363281,29.122600555419922,45.909400939941406,133.93130493164062
308.22021484375,26.635099411010742,51.42720031738281,134.85400390625
306.5736999511719,30.151199340820312,61.266998291015625,130.12120056152344
317.7688903808594,21.043800354003906,48.28300094604492,134.98269653320312
304.1628112792969,34.205299377441406,63.04359817504883,123.39189910888672
305.08489990234375,50.78810119628906,68.52410125732422,96.81529998779297
316.4975891113281,33.085201263427734,58.09809875488281,132.48159790039062
325.00860595703125,26.42259979248047,57.88890075683594,139.75729370117188
325.1507873535156,36.210201263427734,62.041500091552734,134.72079467773438
330.8045959472656,27.945499420166016,55.972801208496094,143.52699279785156
335.4111022949219,24.335899353027344,54.988399505615234,147.08889770507812
341.46990966796875,38.72570037841797,64.31189727783203,108.69129943847656
347.8337097167969,33.826698303222656,55.07099914550781,138.8199005126953
351.02569580078125,34.4010009765625,53.65520095825195,139.97349548339844
350.2402038574219,29.070499420166016,59.23460006713867,150.04580688476562
355.4501953125,32.645198822021484,52.81119918823242,150.8549041748047
364.0557861328125,29.886499404907227,54.230899810791016,152.25889587402344
363.2414855957031,27.914899826049805,52.25910186767578,153.64529418945312
366.28350830078125,27.73889923095703,53.33919906616211,159.13929748535156
364.5686950683594,34.01190185546875,64.51180267333984,154.97500610351562
366.7078857421875,31.559499740600586,67.20490264892578,159.19839477539062
369.6903076171875,33.958499908447266,65.96700286865234,158.22459411621094
