625.0,340.0,44.0,72.0
624.0,340.0,44.0,72.0
623.0,337.0,46.0,76.0
606.0,321.0,49.0,79.0
604.0,321.0,49.0,79.0
604.0,321.0,46.0,76.0
603.0,319.0,46.0,76.0
602.0,319.0,46.0,76.0
602.0,318.0,46.0,76.0
602.0,320.0,44.0,72.0
603.0,318.0,44.0,72.0
602.0,315.0,44.0,72.0
602.0,313.0,44.0,72.0
602.0,310.0,44.0,72.0
602.0,307.0,44.0,72.0
603.0,306.0,42.0,69.0
602.0,304.0,42.0,69.0
603.0,303.0,42.0,69.0
603.0,301.0,42.0,69.0
603.0,303.0,42.0,69.0
604.0,305.0,42.0,69.0
606.0,309.0,42.0,69.0
608.0,314.0,42.0,69.0
609.0,316.0,42.0,69.0
610.0,318.0,40.0,65.0
612.0,319.0,40.0,65.0
614.0,316.0,40.0,65.0
614.0,313.0,40.0,65.0
616.0,311.0,40.0,65.0
617.0,309.0,40.0,65.0
617.0,308.0,40.0,65.0
617.0,309.0,40.0,65.0
618.0,309.0,40.0,65.0
615.0,312.0,40.0,65.0
616.0,317.0,40.0,65.0
615.0,321.0,40.0,65.0
616.0,324.0,40.0,65.0
616.0,326.0,40.0,65.0
615.0,326.0,40.0,65.0
614.0,325.0,40.0,65.0
614.0,326.0,40.0,65.0
615.0,325.0,40.0,65.0
614.0,324.0,40.0,65.0
614.0,327.0,38.0,62.0
617.0,329.0,36.0,59.0
618.0,330.0,36.0,59.0
620.0,333.0,36.0,59.0
619.0,337.0,36.0,59.0
620.0,337.0,36.0,59.0
622.0,338.0,36.0,59.0
623.0,338.0,34.0,56.0
626.0,338.0,34.0,56.0
627.0,336.0,33.0,54.0
629.0,334.0,33.0,54.0
631.0,332.0,33.0,54.0
631.0,332.0,33.0,54.0
631.0,332.0,33.0,54.0
632.0,333.0,33.0,54.0
631.0,337.0,33.0,54.0
631.0,341.0,33.0,54.0
632.0,342.0,33.0,54.0
634.0,342.0,33.0,54.0
634.0,342.0,33.0,54.0
636.0,343.0,31.0,51.0
637.0,342.0,30.0,49.0
637.0,340.0,30.0,49.0
638.0,339.0,30.0,49.0
638.0,339.0,30.0,49.0
641.0,340.0,30.0,49.0
643.0,343.0,30.0,49.0
644.0,346.0,30.0,49.0
647.0,348.0,30.0,49.0
648.0,348.0,30.0,49.0
649.0,347.0,30.0,49.0
651.0,346.0,30.0,49.0
652.0,346.0,30.0,49.0
655.0,344.0,30.0,49.0
656.0,341.0,31.0,51.0
656.0,342.0,31.0,51.0
656.0,342.0,31.0,51.0
657.0,344.0,31.0,51.0
657.0,345.0,31.0,51.0
657.0,347.0,31.0,51.0
658.0,349.0,30.0,49.0
658.0,348.0,30.0,49.0
656.0,347.0,30.0,49.0
656.0,346.0,30.0,49.0
654.0,345.0,30.0,49.0
654.0,344.0,30.0,49.0
653.0,344.0,30.0,49.0
653.0,345.0,30.0,49.0
652.0,346.0,30.0,49.0
651.0,349.0,30.0,49.0
651.0,352.0,30.0,49.0
651.0,356.0,30.0,49.0
651.0,358.0,30.0,49.0
650.0,358.0,30.0,49.0
650.0,359.0,30.0,49.0
649.0,359.0,30.0,49.0
648.0,357.0,30.0,49.0
648.0,358.0,30.0,49.0
649.0,357.0,30.0,49.0
646.0,358.0,30.0,49.0
646.0,360.0,30.0,49.0
644.0,363.0,30.0,49.0
642.0,368.0,30.0,49.0
641.0,369.0,30.0,49.0
639.0,371.0,30.0,49.0
637.0,368.0,30.0,49.0
637.0,367.0,30.0,49.0
634.0,364.0,30.0,49.0
632.0,361.0,30.0,49.0
631.0,359.0,30.0,49.0
629.0,356.0,31.0,51.0
629.0,357.0,31.0,51.0
629.0,358.0,31.0,51.0
628.0,360.0,31.0,51.0
629.0,361.0,31.0,51.0
628.0,361.0,31.0,51.0
628.0,358.0,31.0,51.0
628.0,354.0,31.0,51.0
629.0,350.0,31.0,51.0
630.0,344.0,33.0,54.0
632.0,340.0,33.0,54.0
632.0,339.0,33.0,54.0
632.0,339.0,33.0,54.0
632.0,339.0,33.0,54.0
630.0,340.0,34.0,56.0
630.0,343.0,34.0,56.0
629.0,345.0,34.0,56.0
629.0,345.0,34.0,56.0
629.0,344.0,34.0,56.0
631.0,343.0,34.0,56.0
630.0,340.0,34.0,56.0
630.0,337.0,34.0,56.0
633.0,336.0,33.0,54.0
633.0,335.0,33.0,54.0
635.0,337.0,33.0,54.0
637.0,338.0,33.0,54.0
638.0,341.0,33.0,54.0
639.0,342.0,33.0,54.0
641.0,342.0,33.0,54.0
642.0,342.0,33.0,54.0
646.0,342.0,33.0,54.0
649.0,341.0,33.0,54.0
652.0,338.0,33.0,54.0
655.0,336.0,33.0,54.0
657.0,335.0,33.0,54.0
659.0,335.0,33.0,54.0
660.0,335.0,33.0,54.0
660.0,336.0,34.0,56.0
660.0,339.0,34.0,56.0
661.0,344.0,34.0,56.0
660.0,346.0,34.0,56.0
662.0,350.0,34.0,56.0
661.0,347.0,36.0,59.0
659.0,347.0,36.0,59.0
659.0,343.0,36.0,59.0
657.0,340.0,36.0,59.0
656.0,338.0,36.0,59.0
656.0,339.0,36.0,59.0
654.0,336.0,38.0,62.0
656.0,340.0,38.0,62.0
658.0,342.0,38.0,62.0
658.0,346.0,38.0,62.0
658.0,348.0,38.0,62.0
658.0,350.0,38.0,62.0
659.0,350.0,38.0,62.0
659.0,349.0,38.0,62.0
661.0,347.0,38.0,62.0
662.0,347.0,38.0,62.0
662.0,346.0,38.0,62.0
662.0,346.0,38.0,62.0
661.0,348.0,38.0,62.0
659.0,351.0,38.0,62.0
656.0,353.0,40.0,65.0
654.0,358.0,40.0,65.0
651.0,362.0,40.0,65.0
652.0,364.0,40.0,65.0
651.0,364.0,40.0,65.0
648.0,363.0,40.0,65.0
645.0,362.0,40.0,65.0
644.0,359.0,40.0,65.0
640.0,358.0,40.0,65.0
638.0,358.0,40.0,65.0
638.0,359.0,40.0,65.0
636.0,362.0,40.0,65.0
635.0,367.0,40.0,65.0
634.0,369.0,36.0,57.0
634.0,373.0,36.0,57.0
634.0,374.0,36.0,57.0
633.0,371.0,36.0,57.0
631.0,368.0,36.0,57.0
629.0,363.0,36.0,57.0
628.0,360.0,36.0,57.0
626.0,357.0,36.0,57.0
622.0,356.0,36.0,57.0
620.0,357.0,36.0,57.0
617.0,360.0,36.0,57.0
615.0,362.0,36.0,57.0
614.0,364.0,34.0,54.0
611.0,364.0,34.0,54.0
609.0,364.0,34.0,54.0
606.0,361.0,34.0,54.0
602.0,357.0,34.0,54.0
598.0,353.0,34.0,54.0
595.0,351.0,34.0,54.0
592.0,349.0,34.0,54.0
591.0,350.0,34.0,54.0
589.0,349.0,36.0,57.0
589.0,351.0,36.0,57.0
590.0,355.0,36.0,57.0
590.0,356.0,36.0,57.0
589.0,356.0,36.0,57.0
591.0,356.0,34.0,54.0
591.0,355.0,34.0,54.0
592.0,352.0,33.0,52.0
592.0,348.0,33.0,52.0
593.0,349.0,33.0,52.0
591.0,349.0,33.0,52.0
591.0,350.0,33.0,52.0
590.0,355.0,33.0,52.0
591.0,358.0,33.0,52.0
591.0,361.0,33.0,52.0
593.0,363.0,33.0,52.0
594.0,364.0,31.0,49.0
593.0,364.0,31.0,49.0
590.0,361.0,31.0,49.0
590.0,357.0,31.0,49.0
588.0,355.0,31.0,49.0
588.0,354.0,31.0,49.0
588.0,354.0,31.0,49.0
588.0,354.0,31.0,49.0
588.0,356.0,31.0,49.0
591.0,359.0,31.0,49.0
593.0,365.0,31.0,49.0
592.0,364.0,31.0,49.0
592.0,366.0,31.0,49.0
594.0,366.0,31.0,49.0
593.0,367.0,31.0,49.0
593.0,363.0,31.0,49.0
592.0,362.0,31.0,49.0
591.0,361.0,31.0,49.0
591.0,361.0,31.0,49.0
589.0,358.0,33.0,52.0
588.0,360.0,33.0,52.0
588.0,363.0,33.0,52.0
587.0,367.0,33.0,52.0
587.0,368.0,33.0,52.0
586.0,367.0,33.0,52.0
585.0,365.0,33.0,52.0
582.0,363.0,33.0,52.0
581.0,358.0,33.0,52.0
579.0,353.0,33.0,52.0
578.0,352.0,33.0,52.0
579.0,351.0,33.0,52.0
580.0,352.0,33.0,52.0
580.0,352.0,33.0,52.0
582.0,356.0,34.0,54.0
584.0,358.0,34.0,54.0
586.0,358.0,34.0,54.0
586.0,356.0,34.0,54.0
585.0,353.0,34.0,54.0
585.0,347.0,36.0,57.0
587.0,345.0,36.0,57.0
590.0,341.0,36.0,57.0
591.0,340.0,36.0,57.0
593.0,342.0,34.0,54.0
592.0,343.0,34.0,54.0
590.0,343.0,36.0,57.0
589.0,346.0,36.0,57.0
591.0,351.0,36.0,57.0
590.0,352.0,36.0,57.0
591.0,353.0,36.0,57.0
592.0,351.0,36.0,57.0
591.0,348.0,36.0,57.0
590.0,345.0,36.0,57.0
589.0,341.0,36.0,57.0
586.0,339.0,36.0,57.0
585.0,338.0,36.0,57.0
585.0,339.0,36.0,57.0
585.0,341.0,36.0,57.0
585.0,347.0,36.0,57.0
585.0,349.0,36.0,57.0
588.0,354.0,36.0,57.0
587.0,355.0,36.0,57.0
586.0,353.0,36.0,57.0
587.0,353.0,34.0,54.0
587.0,351.0,34.0,54.0
585.0,347.0,34.0,54.0
583.0,342.0,36.0,57.0
580.0,341.0,36.0,57.0
581.0,342.0,36.0,57.0
581.0,345.0,36.0,57.0
581.0,349.0,36.0,57.0
578.0,354.0,36.0,57.0
578.0,355.0,36.0,57.0
577.0,354.0,36.0,57.0
575.0,352.0,36.0,57.0
573.0,349.0,36.0,57.0
571.0,346.0,36.0,57.0
571.0,342.0,36.0,57.0
569.0,339.0,36.0,57.0
570.0,337.0,36.0,57.0
572.0,338.0,36.0,57.0
572.0,340.0,36.0,57.0
574.0,344.0,36.0,57.0
576.0,349.0,36.0,57.0
576.0,349.0,36.0,57.0
578.0,351.0,36.0,57.0
579.0,350.0,38.0,60.0
582.0,353.0,38.0,60.0
584.0,344.0,38.0,60.0
586.0,342.0,38.0,60.0
588.0,339.0,38.0,60.0
588.0,337.0,40.0,63.0
588.0,342.0,40.0,63.0
587.0,344.0,40.0,63.0
585.0,344.0,40.0,63.0
588.0,349.0,40.0,63.0
588.0,352.0,40.0,63.0
588.0,349.0,40.0,63.0
587.0,346.0,40.0,63.0
588.0,345.0,40.0,63.0
592.0,345.0,40.0,63.0
591.0,342.0,40.0,63.0
587.0,331.0,42.0,60.0
589.0,334.0,42.0,60.0
590.0,336.0,42.0,60.0
593.0,339.0,42.0,60.0
595.0,345.0,42.0,60.0
597.0,349.0,42.0,60.0
600.0,344.0,42.0,60.0
604.0,349.0,40.0,57.0
607.0,346.0,40.0,57.0
612.0,342.0,40.0,57.0
616.0,340.0,40.0,57.0
615.0,335.0,42.0,60.0
615.0,333.0,42.0,60.0
613.0,323.0,39.0,66.0
616.0,328.0,39.0,66.0
616.0,332.0,39.0,66.0
616.0,336.0,39.0,66.0
617.0,341.0,39.0,66.0
615.0,334.0,41.0,69.0
615.0,334.0,39.0,66.0
616.0,331.0,39.0,66.0
615.0,329.0,39.0,66.0
615.0,324.0,39.0,66.0
616.0,322.0,37.0,63.0
617.0,322.0,37.0,63.0
616.0,324.0,37.0,63.0
618.0,328.0,37.0,63.0
617.0,331.0,37.0,63.0
618.0,332.0,37.0,63.0
619.0,332.0,37.0,63.0
622.0,330.0,37.0,63.0
624.0,327.0,39.0,66.0
627.0,325.0,39.0,66.0
630.0,323.0,39.0,66.0
632.0,321.0,39.0,66.0
635.0,321.0,39.0,66.0
635.0,323.0,39.0,66.0
637.0,325.0,41.0,69.0
639.0,331.0,41.0,69.0
640.0,336.0,41.0,69.0
642.0,339.0,41.0,69.0
646.0,342.0,39.0,66.0
649.0,339.0,39.0,66.0
652.0,332.0,39.0,66.0
655.0,327.0,39.0,66.0
659.0,326.0,37.0,63.0
662.0,325.0,37.0,63.0
665.0,325.0,35.0,60.0
668.0,332.0,34.0,57.0
671.0,334.0,34.0,57.0
674.0,338.0,34.0,57.0
674.0,343.0,34.0,57.0
676.0,343.0,34.0,57.0
678.0,344.0,34.0,57.0
683.0,332.0,34.0,57.0
683.0,330.0,34.0,57.0
686.0,327.0,34.0,57.0
686.0,326.0,34.0,57.0
686.0,323.0,34.0,57.0
684.0,327.0,34.0,57.0
681.0,329.0,34.0,57.0
679.0,334.0,34.0,57.0
677.0,336.0,34.0,57.0
675.0,336.0,34.0,57.0
672.0,335.0,34.0,57.0
669.0,332.0,34.0,57.0
666.0,328.0,34.0,57.0
661.0,324.0,34.0,57.0
656.0,320.0,34.0,57.0
653.0,318.0,34.0,57.0
650.0,317.0,34.0,57.0
650.0,320.0,32.0,54.0
648.0,323.0,32.0,54.0
647.0,328.0,32.0,54.0
646.0,332.0,32.0,54.0
645.0,335.0,32.0,54.0
646.0,335.0,32.0,54.0
644.0,335.0,32.0,54.0
644.0,333.0,32.0,54.0
644.0,331.0,32.0,54.0
644.0,333.0,31.0,52.0
644.0,333.0,31.0,52.0
642.0,336.0,31.0,52.0
639.0,338.0,31.0,52.0
637.0,342.0,31.0,52.0
636.0,344.0,31.0,52.0
634.0,345.0,31.0,52.0
634.0,345.0,31.0,52.0
631.0,343.0,31.0,52.0
629.0,341.0,31.0,52.0
628.0,338.0,31.0,52.0
626.0,335.0,31.0,52.0
624.0,334.0,31.0,52.0
623.0,335.0,31.0,52.0
622.0,336.0,31.0,52.0
622.0,340.0,31.0,52.0
623.0,345.0,31.0,52.0
622.0,346.0,31.0,52.0
622.0,350.0,31.0,52.0
622.0,350.0,31.0,52.0
624.0,350.0,31.0,52.0
626.0,349.0,31.0,52.0
628.0,347.0,31.0,52.0
629.0,345.0,31.0,52.0
629.0,345.0,31.0,52.0
631.0,346.0,31.0,52.0
630.0,349.0,31.0,52.0
630.0,353.0,31.0,52.0
629.0,358.0,31.0,52.0
631.0,360.0,31.0,52.0
630.0,361.0,31.0,52.0
630.0,359.0,31.0,52.0
630.0,358.0,31.0,52.0
631.0,353.0,31.0,52.0
631.0,351.0,31.0,52.0
630.0,350.0,31.0,52.0
631.0,349.0,31.0,52.0
633.0,350.0,31.0,52.0
634.0,353.0,29.0,49.0
635.0,356.0,31.0,52.0
636.0,360.0,31.0,52.0
639.0,361.0,31.0,52.0
640.0,361.0,31.0,52.0
641.0,359.0,31.0,52.0
643.0,358.0,31.0,52.0
646.0,358.0,31.0,52.0
649.0,356.0,31.0,52.0
651.0,354.0,31.0,52.0
651.0,354.0,31.0,52.0
653.0,357.0,31.0,52.0
653.0,360.0,31.0,52.0
654.0,363.0,31.0,52.0
655.0,368.0,29.0,49.0
656.0,368.0,29.0,49.0
656.0,368.0,29.0,49.0
655.0,367.0,29.0,49.0
656.0,364.0,29.0,49.0
656.0,361.0,29.0,49.0
656.0,359.0,29.0,49.0
657.0,358.0,29.0,49.0
659.0,360.0,29.0,49.0
660.0,362.0,29.0,49.0
662.0,365.0,29.0,49.0
664.0,368.0,29.0,49.0
665.0,369.0,29.0,49.0
666.0,369.0,29.0,49.0
667.0,368.0,29.0,49.0
668.0,367.0,29.0,49.0
670.0,365.0,29.0,49.0
672.0,362.0,29.0,49.0
672.0,362.0,29.0,49.0
671.0,362.0,29.0,49.0
671.0,362.0,29.0,49.0
671.0,364.0,29.0,49.0
671.0,368.0,29.0,49.0
670.0,369.0,29.0,49.0
670.0,370.0,29.0,49.0
669.0,372.0,29.0,49.0
668.0,371.0,29.0,49.0
664.0,366.0,29.0,49.0
661.0,363.0,29.0,49.0
659.0,360.0,29.0,49.0
655.0,358.0,29.0,49.0
653.0,357.0,29.0,49.0
651.0,358.0,29.0,49.0
649.0,359.0,29.0,49.0
649.0,363.0,29.0,49.0
649.0,364.0,29.0,49.0
647.0,365.0,29.0,49.0
647.0,364.0,29.0,49.0
646.0,361.0,29.0,49.0
645.0,357.0,29.0,49.0
646.0,353.0,29.0,49.0
646.0,348.0,29.0,49.0
645.0,346.0,29.0,49.0
645.0,346.0,29.0,49.0
644.0,346.0,29.0,49.0
642.0,349.0,29.0,49.0
640.0,350.0,29.0,49.0
639.0,353.0,29.0,49.0
638.0,354.0,29.0,49.0
638.0,354.0,29.0,49.0
636.0,355.0,29.0,49.0
635.0,354.0,29.0,49.0
634.0,353.0,29.0,49.0
633.0,350.0,29.0,49.0
634.0,349.0,29.0,49.0
633.0,349.0,29.0,49.0
632.0,352.0,29.0,49.0
634.0,356.0,29.0,49.0
635.0,360.0,29.0,49.0
636.0,366.0,29.0,49.0
633.0,361.0,35.0,52.0
634.0,363.0,35.0,52.0
635.0,362.0,35.0,52.0
637.0,361.0,35.0,52.0
639.0,360.0,35.0,52.0
642.0,359.0,35.0,52.0
643.0,356.0,35.0,52.0
644.0,355.0,35.0,52.0
642.0,344.0,35.0,52.0
643.0,353.0,35.0,52.0
644.0,358.0,35.0,52.0
645.0,363.0,35.0,52.0
645.0,363.0,35.0,52.0
646.0,361.0,35.0,52.0
645.0,358.0,35.0,52.0
645.0,355.0,35.0,52.0
645.0,347.0,35.0,52.0
647.0,347.0,35.0,52.0
647.0,345.0,35.0,52.0
648.0,346.0,35.0,52.0
649.0,346.0,35.0,52.0
650.0,351.0,35.0,52.0
654.0,355.0,33.0,50.0
654.0,356.0,35.0,52.0
656.0,359.0,35.0,52.0
657.0,359.0,35.0,52.0
660.0,355.0,35.0,52.0
662.0,352.0,35.0,52.0
663.0,349.0,35.0,52.0
666.0,347.0,35.0,52.0
665.0,346.0,35.0,52.0
666.0,348.0,35.0,52.0
665.0,349.0,35.0,52.0
663.0,353.0,35.0,52.0
662.0,355.0,37.0,55.0
662.0,356.0,37.0,55.0
662.0,356.0,37.0,55.0
660.0,353.0,39.0,57.0
658.0,351.0,39.0,57.0
656.0,348.0,39.0,57.0
656.0,346.0,37.0,55.0
655.0,343.0,37.0,55.0
654.0,343.0,37.0,55.0
655.0,346.0,35.0,52.0
654.0,347.0,35.0,52.0
655.0,351.0,35.0,52.0
656.0,355.0,35.0,52.0
656.0,355.0,35.0,52.0
655.0,355.0,35.0,52.0
657.0,355.0,35.0,52.0
658.0,354.0,35.0,52.0
658.0,351.0,35.0,52.0
660.0,348.0,35.0,52.0
661.0,347.0,35.0,52.0
662.0,348.0,35.0,52.0
661.0,349.0,35.0,52.0
662.0,351.0,35.0,52.0
662.0,355.0,35.0,52.0
661.0,357.0,35.0,52.0
661.0,356.0,35.0,52.0
661.0,356.0,35.0,52.0
661.0,354.0,35.0,52.0
660.0,352.0,35.0,52.0
659.0,348.0,35.0,52.0
659.0,346.0,35.0,52.0
0
0
0
0
0
0
0
0
0
0
0
0
0
0
0
0
0
0
0
0
0
0
0
0
0
0
0
0
0
0
0
0
0
0
0
0
0
0
0
0
0
0
0
0
0
0
0
0
0
0
0
0
0
0
0
0
0
0
0
0
0
0
0
0
0
0
0
0
0
0
0
0
0
0
0
0
0
0
0
0
0
0
0
0
0
0
0
0
0
0
0
0
0
0
0
0
0
0
0
0
0
0
0
0
0
0
0
0
0
0
0
0
0
0
0
0
0
0
0
0
0
0
0
0
0
0
0
0
0
0
0
0
0
0
0
0
0
0
0
0
0
0
0
0
0
0
0
0
0
0
0
0
0
0
0
0
0
0
0
0
0
0
0
0
0
0
0
0
0
0
0
0
0
0
0
0
0
0
0
0
0
0
0
0
0
0
0
0
0
0
0
0
0
0
0
0
0
0
0
0
0
0
0
0
0
0
0
0
0
0
0
0
0
0
0
0
0
0
0
0
0
0
0
0
0
0
0
0
0
0
0
0
0
0
0
0
0
0
0
0
0
0
0
0
0
0
0
0
0
0
0
0
0
0
0
0
0
0
0
0
0
0
0
0
0
0
0
0
0
0
0
0
0
0
0
0
0
0
0
0
0
0
0
0
0
0
0
0
0
0
0
0
0
0
0
0
0
0
0
0
0
0
0
0
0
0
0
0
0
0
0
0
0
0
0
0
0
0
0
0
0
0
0
0
0
0
0
0
0
0
0
0
0
0
0
0
0
0
0
0
0
0
0
0
0
0
0
0
0
0
0
0
0
0
0
0
0
0
0
0
0
0
0
0
0
0
0
0
0
625.0,272.0,62.0,63.0
629.0,276.0,62.0,63.0
631.0,275.0,62.0,63.0
634.0,278.0,59.0,60.0
635.0,277.0,59.0,60.0
635.0,279.0,59.0,60.0
636.0,281.0,59.0,60.0
637.0,283.0,59.0,60.0
638.0,285.0,65.0,45.0
640.0,288.0,65.0,45.0
639.0,288.0,65.0,45.0
640.0,293.0,65.0,45.0
643.0,295.0,62.0,43.0
635.0,254.0,60.0,79.0
633.0,257.0,60.0,79.0
634.0,259.0,60.0,79.0
634.0,260.0,60.0,79.0
635.0,261.0,60.0,79.0
637.0,262.0,60.0,79.0
637.0,262.0,60.0,79.0
639.0,265.0,60.0,79.0
640.0,265.0,60.0,79.0
641.0,265.0,60.0,79.0
640.0,267.0,63.0,83.0
642.0,269.0,60.0,79.0
643.0,271.0,60.0,79.0
648.0,278.0,57.0,75.0
649.0,278.0,57.0,75.0
650.0,279.0,57.0,75.0
654.0,283.0,57.0,75.0
656.0,285.0,57.0,75.0
658.0,288.0,57.0,75.0
664.0,275.0,49.0,72.0
669.0,279.0,49.0,72.0
673.0,279.0,49.0,72.0
673.0,282.0,49.0,72.0
674.0,283.0,49.0,72.0
675.0,285.0,49.0,72.0
675.0,285.0,51.0,76.0
677.0,285.0,51.0,76.0
678.0,283.0,51.0,76.0
677.0,284.0,51.0,76.0
678.0,277.0,52.0,73.0
678.0,283.0,52.0,73.0
679.0,288.0,52.0,73.0
679.0,292.0,52.0,73.0
679.0,295.0,52.0,73.0
680.0,295.0,52.0,73.0
680.0,297.0,52.0,73.0
680.0,299.0,52.0,73.0
678.0,300.0,52.0,73.0
677.0,298.0,52.0,73.0
676.0,296.0,52.0,73.0
674.0,297.0,52.0,73.0
675.0,299.0,50.0,70.0
673.0,297.0,50.0,70.0
671.0,295.0,50.0,70.0
670.0,295.0,47.0,66.0
669.0,294.0,47.0,66.0
666.0,289.0,47.0,66.0
658.0,281.0,50.0,70.0
656.0,279.0,50.0,70.0
654.0,280.0,50.0,70.0
651.0,276.0,50.0,70.0
648.0,276.0,47.0,66.0
645.0,274.0,50.0,70.0
643.0,275.0,50.0,70.0
641.0,272.0,47.0,66.0
639.0,274.0,47.0,66.0
640.0,276.0,47.0,66.0
639.0,277.0,47.0,66.0
638.0,281.0,50.0,70.0
638.0,286.0,52.0,73.0
639.0,295.0,52.0,73.0
640.0,302.0,52.0,73.0
639.0,310.0,52.0,73.0
640.0,315.0,52.0,73.0
640.0,320.0,52.0,73.0
640.0,325.0,52.0,73.0
640.0,337.0,46.0,72.0
641.0,342.0,46.0,72.0
641.0,347.0,46.0,72.0
639.0,351.0,46.0,72.0
639.0,356.0,46.0,72.0
639.0,356.0,46.0,72.0
638.0,359.0,46.0,72.0
637.0,360.0,46.0,72.0
636.0,363.0,46.0,72.0
636.0,365.0,46.0,72.0
635.0,365.0,46.0,72.0
635.0,364.0,46.0,72.0
636.0,364.0,46.0,72.0
636.0,364.0,46.0,72.0
635.0,362.0,46.0,72.0
634.0,364.0,46.0,72.0
634.0,363.0,46.0,72.0
633.0,361.0,46.0,72.0
631.0,357.0,46.0,72.0
632.0,351.0,44.0,69.0
633.0,353.0,44.0,69.0
634.0,353.0,44.0,69.0
635.0,350.0,44.0,69.0
637.0,350.0,44.0,69.0
638.0,351.0,44.0,69.0
638.0,350.0,44.0,69.0
638.0,348.0,44.0,69.0
637.0,347.0,44.0,69.0
639.0,348.0,44.0,69.0
638.0,346.0,46.0,72.0
639.0,348.0,46.0,72.0
640.0,348.0,46.0,72.0
640.0,349.0,46.0,72.0
642.0,353.0,44.0,69.0
644.0,355.0,42.0,65.0
643.0,354.0,44.0,69.0
643.0,353.0,44.0,69.0
645.0,352.0,44.0,69.0
646.0,351.0,44.0,69.0
647.0,352.0,42.0,65.0
646.0,351.0,42.0,65.0
646.0,349.0,42.0,65.0
648.0,350.0,40.0,62.0
648.0,345.0,40.0,62.0
649.0,344.0,40.0,62.0
649.0,343.0,40.0,62.0
649.0,342.0,40.0,62.0
648.0,344.0,40.0,62.0
645.0,343.0,42.0,65.0
645.0,342.0,42.0,65.0
644.0,344.0,42.0,65.0
0
0
0
0
0
0
0
0
0
0
0
0
0
0
0
0
0
0
0
0
0
0
0
0
0
0
0
0
0
0
0
0
0
0
0
0
0
0
0
0
0
0
0
0
0
0
0
0
0
0
0
0
0
0
0
0
0
0
0
0
0
0
0
0
0
0
0
0
0
0
0
0
0
0
0
0
0
0
0
0
0
0
0
0
0
0
0
0
0
0
0
0
0
0
0
0
0
0
0
0
0
0
0
0
0
0
0
0
0
0
0
0
0
0
0
0
0
0
0
0
0
0
0
0
0
0
0
0
0
0
0
0
0
0
0
0
0
0
673.0,347.0,40.0,51.0
674.0,351.0,40.0,51.0
675.0,354.0,40.0,51.0
674.0,354.0,40.0,51.0
673.0,357.0,40.0,51.0
673.0,355.0,40.0,51.0
672.0,354.0,40.0,51.0
671.0,350.0,40.0,51.0
671.0,348.0,40.0,51.0
670.0,346.0,40.0,51.0
669.0,347.0,40.0,51.0
667.0,348.0,40.0,51.0
667.0,350.0,40.0,51.0
665.0,354.0,40.0,51.0
663.0,354.0,40.0,51.0
662.0,355.0,40.0,51.0
660.0,356.0,40.0,51.0
659.0,354.0,40.0,51.0
660.0,351.0,40.0,51.0
657.0,348.0,40.0,51.0
658.0,347.0,40.0,51.0
657.0,348.0,40.0,51.0
658.0,347.0,40.0,51.0
660.0,350.0,40.0,51.0
661.0,356.0,40.0,51.0
664.0,361.0,40.0,51.0
666.0,363.0,40.0,51.0
666.0,367.0,40.0,51.0
669.0,367.0,40.0,51.0
669.0,366.0,40.0,51.0
670.0,365.0,40.0,51.0
673.0,362.0,40.0,51.0
674.0,360.0,40.0,51.0
677.0,361.0,40.0,51.0
678.0,359.0,42.0,54.0
679.0,363.0,42.0,54.0
680.0,367.0,42.0,54.0
681.0,372.0,42.0,54.0
681.0,373.0,42.0,54.0
682.0,374.0,42.0,54.0
682.0,372.0,42.0,54.0
682.0,371.0,42.0,54.0
679.0,366.0,44.0,56.0
677.0,365.0,44.0,56.0
677.0,363.0,44.0,56.0
676.0,362.0,44.0,56.0
0
0
0
0
0
0
0
0
0
0
0
0
0
0
0
0
0
0
0
0
0
0
0
0
0
0
0
0
0
0
0
0
0
0
0
0
0
0
0
0
0
0
623.0,325.0,36.0,60.0
626.0,326.0,36.0,60.0
628.0,321.0,36.0,60.0
629.0,317.0,36.0,60.0
629.0,325.0,36.0,60.0
629.0,330.0,36.0,60.0
629.0,335.0,36.0,60.0
631.0,335.0,34.0,57.0
630.0,333.0,34.0,57.0
631.0,331.0,34.0,57.0
633.0,338.0,34.0,57.0
634.0,342.0,34.0,57.0
635.0,344.0,34.0,57.0
638.0,340.0,34.0,57.0
640.0,350.0,33.0,54.0
640.0,358.0,33.0,54.0
636.0,354.0,33.0,54.0
633.0,351.0,33.0,54.0
635.0,358.0,33.0,54.0
636.0,360.0,33.0,54.0
637.0,353.0,33.0,54.0
634.0,358.0,33.0,54.0
632.0,359.0,31.0,52.0
626.0,346.0,31.0,52.0
626.0,350.0,33.0,54.0
626.0,342.0,34.0,57.0
627.0,345.0,34.0,57.0
627.0,351.0,33.0,54.0
624.0,346.0,33.0,54.0
629.0,356.0,33.0,54.0
633.0,348.0,33.0,54.0
633.0,353.0,33.0,54.0
634.0,358.0,33.0,54.0
643.0,355.0,34.0,57.0
648.0,350.0,34.0,57.0
657.0,335.0,34.0,57.0
654.0,344.0,36.0,60.0
644.0,339.0,36.0,60.0
641.0,350.0,36.0,60.0
639.0,341.0,36.0,60.0
631.0,346.0,36.0,60.0
622.0,336.0,36.0,60.0
626.0,342.0,36.0,60.0
629.0,347.0,36.0,60.0
631.0,346.0,36.0,60.0
639.0,355.0,36.0,60.0
648.0,338.0,36.0,60.0
647.0,346.0,36.0,60.0
645.0,345.0,36.0,60.0
644.0,340.0,36.0,60.0
638.0,352.0,36.0,60.0
632.0,350.0,36.0,60.0
633.0,344.0,36.0,60.0
632.0,348.0,36.0,60.0
625.0,341.0,36.0,60.0
634.0,337.0,36.0,60.0
633.0,349.0,36.0,60.0
627.0,342.0,36.0,60.0
631.0,340.0,36.0,60.0
622.0,346.0,36.0,60.0
619.0,342.0,36.0,60.0
625.0,335.0,36.0,60.0
622.0,349.0,36.0,60.0
625.0,342.0,36.0,60.0
633.0,340.0,36.0,60.0
629.0,348.0,36.0,60.0
629.0,345.0,36.0,60.0
635.0,337.0,36.0,60.0
632.0,347.0,36.0,60.0
631.0,348.0,36.0,60.0
635.0,340.0,36.0,60.0
624.0,340.0,36.0,60.0
615.0,346.0,36.0,60.0
607.0,345.0,36.0,60.0
594.0,348.0,36.0,60.0
597.0,359.0,36.0,60.0
606.0,358.0,36.0,60.0
598.0,348.0,36.0,60.0
601.0,353.0,36.0,60.0
602.0,353.0,36.0,60.0
601.0,344.0,36.0,60.0
610.0,354.0,36.0,60.0
609.0,348.0,36.0,60.0
599.0,346.0,36.0,60.0
601.0,351.0,36.0,60.0
608.0,330.0,36.0,60.0
609.0,352.0,36.0,60.0
615.0,354.0,36.0,60.0
630.0,346.0,36.0,60.0
630.0,349.0,36.0,60.0
628.0,344.0,36.0,60.0
627.0,329.0,38.0,63.0
621.0,332.0,38.0,63.0
628.0,340.0,38.0,63.0
635.0,334.0,40.0,66.0
633.0,335.0,40.0,66.0
632.0,339.0,40.0,66.0
631.0,332.0,40.0,66.0
626.0,324.0,40.0,66.0
629.0,329.0,40.0,66.0
631.0,337.0,42.0,69.0
623.0,332.0,42.0,69.0
623.0,342.0,40.0,66.0
623.0,344.0,40.0,66.0
617.0,336.0,40.0,66.0
625.0,341.0,40.0,66.0
628.0,341.0,40.0,66.0
631.0,334.0,40.0,66.0
639.0,340.0,40.0,66.0
643.0,346.0,40.0,66.0
643.0,334.0,40.0,66.0
647.0,336.0,40.0,66.0
640.0,343.0,40.0,66.0
632.0,339.0,40.0,66.0
635.0,341.0,38.0,63.0
622.0,355.0,38.0,63.0
606.0,349.0,38.0,63.0
605.0,337.0,38.0,63.0
593.0,342.0,38.0,63.0
597.0,344.0,38.0,63.0
603.0,341.0,38.0,63.0
593.0,345.0,38.0,63.0
599.0,361.0,38.0,63.0
606.0,349.0,40.0,66.0
604.0,342.0,40.0,66.0
607.0,340.0,40.0,66.0
617.0,334.0,40.0,66.0
616.0,333.0,40.0,66.0
624.0,341.0,40.0,66.0
634.0,340.0,40.0,66.0
635.0,333.0,40.0,66.0
644.0,339.0,40.0,66.0
645.0,333.0,40.0,66.0
640.0,332.0,38.0,63.0
644.0,336.0,38.0,63.0
642.0,341.0,36.0,60.0
638.0,333.0,36.0,60.0
646.0,336.0,36.0,60.0
647.0,344.0,36.0,60.0
638.0,341.0,36.0,60.0
640.0,339.0,36.0,60.0
637.0,347.0,36.0,60.0
639.0,342.0,36.0,60.0
647.0,332.0,36.0,60.0
648.0,338.0,36.0,60.0
647.0,339.0,38.0,63.0
649.0,327.0,38.0,63.0
645.0,334.0,38.0,63.0
643.0,335.0,38.0,63.0
645.0,328.0,38.0,63.0
635.0,325.0,38.0,63.0
633.0,329.0,38.0,63.0
637.0,321.0,38.0,63.0
631.0,321.0,38.0,63.0
633.0,329.0,38.0,63.0
636.0,322.0,40.0,66.0
632.0,316.0,40.0,66.0
636.0,327.0,40.0,66.0
640.0,327.0,40.0,66.0
635.0,322.0,40.0,66.0
639.0,325.0,40.0,66.0
641.0,337.0,38.0,63.0
628.0,329.0,38.0,63.0
620.0,331.0,38.0,63.0
611.0,336.0,38.0,63.0
611.0,345.0,38.0,63.0
621.0,349.0,38.0,63.0
631.0,348.0,40.0,66.0
640.0,354.0,42.0,69.0
647.0,330.0,42.0,69.0
657.0,321.0,42.0,69.0
652.0,324.0,42.0,69.0
637.0,309.0,42.0,69.0
636.0,313.0,42.0,69.0
627.0,324.0,42.0,69.0
618.0,315.0,42.0,69.0
617.0,317.0,42.0,69.0
613.0,341.0,40.0,66.0
604.0,336.0,40.0,66.0
605.0,329.0,40.0,66.0
593.0,333.0,40.0,66.0
589.0,329.0,38.0,63.0
593.0,315.0,38.0,63.0
589.0,320.0,38.0,63.0
592.0,327.0,38.0,63.0
600.0,323.0,38.0,63.0
596.0,332.0,38.0,63.0
595.0,343.0,38.0,63.0
597.0,340.0,38.0,63.0
590.0,337.0,38.0,63.0
600.0,348.0,38.0,63.0
609.0,348.0,38.0,63.0
606.0,338.0,38.0,63.0
614.0,337.0,38.0,63.0
615.0,340.0,38.0,63.0
608.0,328.0,38.0,63.0
610.0,336.0,38.0,63.0
614.0,340.0,38.0,63.0
608.0,330.0,38.0,63.0
615.0,335.0,38.0,63.0
617.0,343.0,38.0,63.0
611.0,328.0,38.0,63.0
618.0,326.0,38.0,63.0
619.0,331.0,38.0,63.0
618.0,324.0,38.0,63.0
627.0,319.0,38.0,63.0
629.0,329.0,38.0,63.0
625.0,329.0,38.0,63.0
628.0,321.0,38.0,63.0
617.0,329.0,38.0,63.0
615.0,329.0,38.0,63.0
615.0,325.0,38.0,63.0
605.0,327.0,38.0,63.0
604.0,333.0,38.0,63.0
608.0,321.0,38.0,63.0
606.0,319.0,38.0,63.0
611.0,327.0,38.0,63.0
613.0,326.0,38.0,63.0
605.0,326.0,38.0,63.0
609.0,336.0,38.0,63.0
612.0,342.0,38.0,63.0
609.0,331.0,38.0,63.0
615.0,336.0,38.0,63.0
616.0,345.0,38.0,63.0
610.0,336.0,38.0,63.0
611.0,341.0,38.0,63.0
608.0,347.0,38.0,63.0
602.0,332.0,38.0,63.0
607.0,331.0,38.0,63.0
607.0,339.0,38.0,63.0
604.0,329.0,38.0,63.0
617.0,320.0,38.0,63.0
621.0,330.0,38.0,63.0
625.0,329.0,38.0,63.0
633.0,315.0,38.0,63.0
632.0,318.0,38.0,63.0
628.0,308.0,38.0,63.0
630.0,312.0,38.0,63.0
622.0,324.0,38.0,63.0
616.0,315.0,38.0,63.0
620.0,319.0,38.0,63.0
622.0,326.0,38.0,63.0
627.0,318.0,38.0,63.0
629.0,325.0,38.0,63.0
621.0,328.0,38.0,63.0
619.0,326.0,38.0,63.0
617.0,323.0,40.0,66.0
610.0,326.0,40.0,66.0
592.0,329.0,40.0,66.0
589.0,332.0,38.0,63.0
592.0,320.0,38.0,63.0
592.0,325.0,38.0,63.0
602.0,316.0,38.0,63.0
617.0,317.0,38.0,63.0
623.0,324.0,38.0,63.0
626.0,316.0,38.0,63.0
632.0,324.0,38.0,63.0
635.0,313.0,38.0,63.0
635.0,320.0,38.0,63.0
633.0,314.0,36.0,60.0
638.0,317.0,36.0,60.0
642.0,313.0,36.0,60.0
639.0,316.0,36.0,60.0
640.0,315.0,34.0,57.0
645.0,319.0,34.0,57.0
647.0,317.0,34.0,57.0
641.0,327.0,34.0,57.0
635.0,318.0,34.0,57.0
635.0,327.0,34.0,57.0
635.0,323.0,34.0,57.0
584.0,304.0,38.0,61.0
590.0,306.0,38.0,61.0
592.0,307.0,38.0,61.0
590.0,308.0,38.0,61.0
592.0,308.0,38.0,61.0
591.0,308.0,38.0,61.0
592.0,307.0,38.0,61.0
590.0,308.0,38.0,61.0
591.0,306.0,38.0,61.0
590.0,307.0,38.0,61.0
590.0,306.0,38.0,61.0
591.0,307.0,38.0,61.0
591.0,306.0,38.0,61.0
590.0,307.0,38.0,61.0
591.0,308.0,38.0,61.0
584.0,304.0,36.0,58.0
587.0,305.0,36.0,58.0
590.0,308.0,36.0,58.0
591.0,311.0,36.0,58.0
581.0,308.0,36.0,51.0
587.0,312.0,36.0,51.0
581.0,310.0,38.0,49.0
586.0,312.0,38.0,49.0
588.0,313.0,38.0,49.0
583.0,309.0,38.0,53.0
587.0,310.0,38.0,53.0
588.0,310.0,38.0,53.0
576.0,293.0,43.0,68.0
582.0,295.0,43.0,68.0
583.0,296.0,43.0,68.0
575.0,283.0,45.0,75.0
581.0,284.0,45.0,75.0
581.0,283.0,45.0,75.0
582.0,283.0,45.0,75.0
581.0,283.0,45.0,75.0
581.0,283.0,45.0,75.0
580.0,282.0,45.0,75.0
581.0,283.0,45.0,75.0
580.0,282.0,45.0,75.0
580.0,281.0,45.0,75.0
581.0,281.0,45.0,75.0
579.0,281.0,45.0,75.0
580.0,281.0,45.0,75.0
580.0,281.0,45.0,75.0
580.0,281.0,45.0,75.0
579.0,280.0,45.0,75.0
579.0,280.0,45.0,75.0
578.0,280.0,45.0,75.0
578.0,279.0,45.0,75.0
576.0,276.0,47.0,79.0
576.0,277.0,47.0,79.0
575.0,274.0,50.0,83.0
573.0,275.0,50.0,83.0
573.0,273.0,50.0,83.0
572.0,275.0,50.0,83.0
571.0,275.0,50.0,83.0
572.0,275.0,50.0,83.0
571.0,273.0,50.0,83.0
579.0,291.0,40.0,65.0
578.0,292.0,40.0,65.0
578.0,293.0,40.0,65.0
578.0,294.0,40.0,65.0
578.0,292.0,40.0,65.0
577.0,294.0,40.0,65.0
576.0,291.0,40.0,65.0
575.0,291.0,40.0,65.0
572.0,292.0,40.0,65.0
570.0,294.0,40.0,65.0
570.0,294.0,40.0,65.0
570.0,288.0,40.0,65.0
568.0,283.0,40.0,65.0
566.0,282.0,42.0,68.0
566.0,282.0,44.0,72.0
563.0,282.0,44.0,72.0
562.0,282.0,44.0,72.0
562.0,284.0,44.0,72.0
560.0,289.0,42.0,68.0
559.0,287.0,42.0,68.0
558.0,288.0,44.0,72.0
560.0,301.0,46.0,75.0
563.0,301.0,46.0,75.0
565.0,302.0,46.0,75.0
567.0,304.0,46.0,75.0
569.0,303.0,46.0,75.0
569.0,308.0,48.0,79.0
569.0,305.0,51.0,83.0
569.0,309.0,51.0,83.0
569.0,308.0,51.0,83.0
569.0,335.0,50.0,59.0
574.0,338.0,50.0,59.0
575.0,339.0,50.0,59.0
574.0,342.0,50.0,59.0
553.0,343.0,56.0,57.0
557.0,348.0,56.0,57.0
560.0,349.0,56.0,57.0
560.0,350.0,56.0,57.0
560.0,350.0,56.0,57.0
558.0,349.0,59.0,60.0
554.0,354.0,62.0,63.0
549.0,356.0,67.0,64.0
554.0,358.0,67.0,64.0
551.0,362.0,67.0,64.0
552.0,364.0,67.0,64.0
551.0,364.0,70.0,67.0
549.0,365.0,74.0,71.0
548.0,367.0,74.0,71.0
546.0,366.0,78.0,74.0
548.0,365.0,78.0,74.0
552.0,363.0,78.0,74.0
554.0,364.0,78.0,74.0
558.0,362.0,81.0,78.0
561.0,361.0,86.0,82.0
572.0,367.0,61.0,76.0
581.0,371.0,61.0,76.0
586.0,372.0,61.0,76.0
591.0,368.0,61.0,76.0
596.0,372.0,61.0,76.0
599.0,372.0,64.0,80.0
597.0,375.0,64.0,80.0
620.0,383.0,42.0,55.0
625.0,384.0,42.0,55.0
626.0,388.0,42.0,55.0
621.0,387.0,42.0,55.0
624.0,387.0,44.0,58.0
626.0,385.0,46.0,61.0
626.0,386.0,49.0,64.0
628.0,385.0,49.0,64.0
631.0,385.0,51.0,67.0
630.0,389.0,51.0,67.0
633.0,388.0,51.0,67.0
630.0,391.0,51.0,67.0
638.0,390.0,49.0,64.0
639.0,392.0,46.0,61.0
644.0,391.0,46.0,61.0
643.0,392.0,46.0,61.0
0
0
0
0
0
0
0
0
0
0
0
0
0
0
0
0
0
0
0
0
0
0
0
0
0
0
0
0
0
0
0
0
0
0
0
0
0
0
0
0
0
0
0
0
0
0
0
0
0
0
0
0
0
0
0
0
0
0
0
0
0
0
0
0
0
0
0
0
0
0
0
0
0
0
0
0
0
0
0
0
0
0
0
0
0
0
0
0
0
0
0
0
0
0
0
0
0
0
0
0
0
0
0
0
0
0
0
0
0
0
0
0
0
0
0
0
0
0
0
0
0
0
0
0
0
0
0
0
0
0
0
0
0
0
0
0
0
0
0
0
0
0
0
0
0
0
0
0
0
0
0
0
0
0
0
0
0
0
0
0
0
0
0
0
0
0
0
0
0
0
0
0
0
0
0
0
0
0
0
0
0
0
0
0
0
0
0
0
0
0
0
0
0
0
0
0
0
0
0
0
0
0
0
0
0
0
0
0
0
0
0
0
0
0
0
0
0
0
0
0
0
0
0
0
0
0
0
0
0
0
0
0
0
0
0
0
0
0
0
0
0
0
0
0
0
0
0
0
0
0
0
0
0
0
0
0
0
0
0
0
0
0
0
636.0,384.0,31.0,53.0
635.0,383.0,31.0,53.0
635.0,386.0,30.0,50.0
635.0,386.0,30.0,50.0
636.0,390.0,31.0,53.0
636.0,390.0,31.0,53.0
638.0,393.0,31.0,53.0
638.0,395.0,31.0,53.0
638.0,394.0,31.0,53.0
638.0,392.0,31.0,53.0
638.0,391.0,31.0,53.0
638.0,388.0,30.0,50.0
636.0,387.0,30.0,50.0
636.0,387.0,30.0,50.0
634.0,387.0,30.0,50.0
633.0,389.0,30.0,50.0
632.0,394.0,30.0,50.0
629.0,395.0,31.0,53.0
629.0,398.0,31.0,53.0
629.0,399.0,30.0,50.0
629.0,400.0,30.0,50.0
628.0,398.0,30.0,50.0
625.0,395.0,31.0,53.0
624.0,393.0,31.0,53.0
624.0,391.0,31.0,53.0
624.0,389.0,31.0,53.0
623.0,391.0,31.0,53.0
623.0,393.0,31.0,53.0
623.0,394.0,31.0,53.0
623.0,397.0,31.0,53.0
624.0,398.0,31.0,53.0
623.0,397.0,31.0,53.0
624.0,395.0,31.0,53.0
625.0,394.0,30.0,50.0
625.0,392.0,30.0,50.0
625.0,388.0,30.0,50.0
625.0,388.0,30.0,50.0
624.0,388.0,30.0,50.0
623.0,391.0,30.0,50.0
623.0,396.0,30.0,50.0
623.0,395.0,30.0,50.0
623.0,396.0,30.0,50.0
622.0,393.0,30.0,50.0
621.0,391.0,30.0,50.0
621.0,390.0,30.0,50.0
621.0,387.0,30.0,50.0
623.0,386.0,28.0,48.0
623.0,386.0,28.0,48.0
622.0,385.0,30.0,50.0
623.0,387.0,30.0,50.0
622.0,392.0,30.0,50.0
623.0,394.0,30.0,50.0
623.0,394.0,30.0,50.0
623.0,393.0,30.0,50.0
625.0,392.0,30.0,50.0
625.0,391.0,30.0,50.0
625.0,389.0,30.0,50.0
624.0,389.0,30.0,50.0
624.0,389.0,30.0,50.0
624.0,390.0,30.0,50.0
623.0,393.0,30.0,50.0
621.0,396.0,30.0,50.0
621.0,398.0,30.0,50.0
622.0,398.0,30.0,50.0
622.0,398.0,28.0,48.0
622.0,397.0,28.0,48.0
620.0,396.0,28.0,48.0
620.0,395.0,28.0,48.0
620.0,393.0,28.0,48.0
620.0,392.0,28.0,48.0
621.0,394.0,28.0,48.0
621.0,395.0,28.0,48.0
622.0,399.0,28.0,48.0
621.0,401.0,28.0,48.0
622.0,401.0,28.0,48.0
621.0,400.0,28.0,48.0
622.0,399.0,28.0,48.0
622.0,395.0,28.0,48.0
620.0,393.0,28.0,48.0
621.0,392.0,28.0,48.0
618.0,390.0,28.0,48.0
618.0,391.0,28.0,48.0
615.0,392.0,28.0,48.0
614.0,397.0,28.0,48.0
613.0,398.0,28.0,48.0
613.0,399.0,28.0,48.0
611.0,398.0,28.0,48.0
610.0,397.0,28.0,48.0
609.0,395.0,28.0,48.0
607.0,392.0,28.0,48.0
605.0,390.0,28.0,48.0
606.0,387.0,28.0,48.0
606.0,387.0,28.0,48.0
604.0,387.0,28.0,48.0
604.0,389.0,28.0,48.0
604.0,392.0,28.0,48.0
604.0,393.0,28.0,48.0
603.0,393.0,28.0,48.0
602.0,392.0,30.0,50.0
601.0,391.0,30.0,50.0
601.0,387.0,30.0,50.0
603.0,387.0,30.0,50.0
602.0,385.0,30.0,50.0
602.0,386.0,30.0,50.0
600.0,386.0,30.0,50.0
600.0,390.0,30.0,50.0
600.0,392.0,30.0,50.0
600.0,394.0,30.0,50.0
601.0,394.0,30.0,50.0
600.0,393.0,30.0,50.0
600.0,393.0,30.0,50.0
599.0,391.0,30.0,50.0
601.0,388.0,30.0,50.0
601.0,388.0,30.0,50.0
602.0,387.0,30.0,50.0
603.0,388.0,30.0,50.0
605.0,392.0,30.0,50.0
607.0,395.0,30.0,50.0
608.0,397.0,30.0,50.0
608.0,399.0,30.0,50.0
609.0,398.0,30.0,50.0
610.0,397.0,30.0,50.0
610.0,393.0,30.0,50.0
610.0,390.0,30.0,50.0
610.0,387.0,30.0,50.0
610.0,387.0,30.0,50.0
610.0,387.0,30.0,50.0
607.0,388.0,30.0,50.0
608.0,392.0,30.0,50.0
607.0,395.0,30.0,50.0
605.0,393.0,30.0,50.0
606.0,393.0,30.0,50.0
606.0,392.0,30.0,50.0
604.0,388.0,31.0,53.0
603.0,386.0,31.0,53.0
603.0,384.0,31.0,53.0
603.0,382.0,31.0,53.0
604.0,382.0,31.0,53.0
605.0,382.0,31.0,53.0
605.0,385.0,31.0,53.0
605.0,387.0,31.0,53.0
606.0,389.0,31.0,53.0
606.0,389.0,31.0,53.0
607.0,388.0,31.0,53.0
608.0,385.0,31.0,53.0
608.0,387.0,30.0,50.0
608.0,384.0,30.0,50.0
609.0,383.0,30.0,50.0
608.0,383.0,30.0,50.0
607.0,384.0,30.0,50.0
606.0,384.0,31.0,53.0
606.0,388.0,31.0,53.0
605.0,388.0,31.0,53.0
606.0,388.0,31.0,53.0
605.0,387.0,31.0,53.0
606.0,386.0,31.0,53.0
605.0,383.0,31.0,53.0
605.0,379.0,31.0,53.0
606.0,377.0,31.0,53.0
606.0,379.0,31.0,53.0
607.0,382.0,30.0,50.0
608.0,383.0,30.0,50.0
609.0,384.0,31.0,53.0
610.0,387.0,31.0,53.0
608.0,386.0,31.0,53.0
610.0,386.0,31.0,53.0
608.0,383.0,31.0,53.0
608.0,380.0,31.0,53.0
610.0,377.0,31.0,53.0
609.0,376.0,30.0,50.0
608.0,376.0,30.0,50.0
606.0,377.0,30.0,50.0
604.0,377.0,31.0,53.0
602.0,380.0,31.0,53.0
602.0,382.0,31.0,53.0
602.0,382.0,31.0,53.0
601.0,381.0,31.0,53.0
599.0,380.0,31.0,53.0
599.0,381.0,30.0,50.0
598.0,379.0,30.0,50.0
599.0,376.0,30.0,50.0
600.0,378.0,30.0,50.0
601.0,378.0,30.0,50.0
602.0,381.0,30.0,50.0
604.0,385.0,30.0,50.0
604.0,387.0,30.0,50.0
605.0,388.0,30.0,50.0
606.0,388.0,30.0,50.0
607.0,386.0,30.0,50.0
607.0,385.0,30.0,50.0
608.0,382.0,30.0,50.0
607.0,380.0,30.0,50.0
608.0,380.0,30.0,50.0
606.0,380.0,30.0,50.0
605.0,384.0,30.0,50.0
605.0,388.0,30.0,50.0
605.0,391.0,30.0,50.0
605.0,390.0,30.0,50.0
606.0,389.0,30.0,50.0
606.0,390.0,30.0,50.0
603.0,386.0,31.0,53.0
603.0,383.0,31.0,53.0
601.0,384.0,30.0,50.0
600.0,382.0,30.0,50.0
600.0,382.0,30.0,50.0
599.0,383.0,30.0,50.0
600.0,387.0,30.0,50.0
600.0,391.0,30.0,50.0
600.0,395.0,28.0,48.0
598.0,395.0,28.0,48.0
598.0,394.0,28.0,48.0
598.0,392.0,28.0,48.0
599.0,391.0,28.0,48.0
599.0,388.0,28.0,48.0
598.0,386.0,28.0,48.0
598.0,386.0,28.0,48.0
596.0,383.0,30.0,50.0
595.0,384.0,30.0,50.0
593.0,388.0,30.0,50.0
593.0,391.0,30.0,50.0
594.0,394.0,30.0,50.0
595.0,394.0,30.0,50.0
594.0,394.0,30.0,50.0
594.0,392.0,30.0,50.0
594.0,390.0,30.0,50.0
594.0,388.0,30.0,50.0
594.0,388.0,30.0,50.0
593.0,385.0,30.0,50.0
594.0,385.0,30.0,50.0
593.0,385.0,30.0,50.0
594.0,385.0,30.0,50.0
595.0,386.0,30.0,50.0
595.0,385.0,30.0,50.0
597.0,385.0,30.0,50.0
598.0,383.0,30.0,50.0
600.0,382.0,30.0,50.0
599.0,381.0,30.0,50.0
601.0,379.0,30.0,50.0
602.0,379.0,30.0,50.0
601.0,378.0,30.0,50.0
600.0,378.0,30.0,50.0
600.0,378.0,30.0,50.0
600.0,380.0,30.0,50.0
598.0,381.0,31.0,53.0
596.0,384.0,31.0,53.0
596.0,387.0,31.0,53.0
594.0,389.0,31.0,53.0
593.0,391.0,31.0,53.0
593.0,391.0,31.0,53.0
592.0,390.0,31.0,53.0
592.0,389.0,31.0,53.0
591.0,388.0,31.0,53.0
591.0,387.0,30.0,50.0
591.0,387.0,30.0,50.0
592.0,386.0,30.0,50.0
592.0,387.0,30.0,50.0
593.0,388.0,30.0,50.0
595.0,388.0,30.0,50.0
595.0,389.0,31.0,53.0
597.0,391.0,31.0,53.0
600.0,394.0,31.0,53.0
601.0,398.0,31.0,53.0
602.0,398.0,31.0,53.0
604.0,399.0,31.0,53.0
606.0,398.0,31.0,53.0
608.0,397.0,33.0,56.0
608.0,396.0,33.0,56.0
609.0,394.0,33.0,56.0
610.0,392.0,33.0,56.0
610.0,392.0,34.0,58.0
610.0,392.0,34.0,58.0
610.0,394.0,34.0,58.0
609.0,395.0,34.0,58.0
609.0,397.0,34.0,58.0
608.0,400.0,34.0,58.0
609.0,402.0,34.0,58.0
609.0,405.0,34.0,58.0
608.0,405.0,34.0,58.0
607.0,405.0,34.0,58.0
607.0,406.0,34.0,58.0
606.0,404.0,34.0,58.0
606.0,404.0,34.0,58.0
607.0,402.0,34.0,58.0
608.0,401.0,34.0,58.0
607.0,400.0,34.0,58.0
608.0,401.0,34.0,58.0
610.0,401.0,34.0,58.0
610.0,402.0,34.0,58.0
611.0,404.0,34.0,58.0
612.0,406.0,34.0,58.0
614.0,408.0,34.0,58.0
614.0,409.0,34.0,58.0
617.0,408.0,34.0,58.0
616.0,407.0,34.0,58.0
616.0,405.0,34.0,58.0
617.0,402.0,34.0,58.0
617.0,401.0,34.0,58.0
618.0,399.0,34.0,58.0
618.0,400.0,34.0,58.0
618.0,400.0,34.0,58.0
618.0,401.0,34.0,58.0
616.0,403.0,36.0,61.0
615.0,404.0,36.0,61.0
614.0,408.0,36.0,61.0
615.0,408.0,36.0,61.0
614.0,408.0,36.0,61.0
614.0,409.0,36.0,61.0
613.0,406.0,36.0,61.0
612.0,405.0,36.0,61.0
613.0,403.0,36.0,61.0
613.0,400.0,36.0,61.0
613.0,400.0,36.0,61.0
614.0,398.0,36.0,61.0
614.0,398.0,36.0,61.0
614.0,399.0,36.0,61.0
614.0,399.0,36.0,61.0
616.0,401.0,36.0,61.0
617.0,404.0,36.0,61.0
617.0,406.0,36.0,61.0
619.0,406.0,36.0,61.0
618.0,405.0,36.0,61.0
620.0,404.0,36.0,61.0
620.0,401.0,36.0,61.0
621.0,398.0,36.0,61.0
621.0,398.0,36.0,61.0
620.0,396.0,36.0,61.0
621.0,396.0,36.0,61.0
621.0,398.0,36.0,61.0
619.0,400.0,36.0,61.0
618.0,402.0,36.0,61.0
619.0,404.0,36.0,61.0
615.0,404.0,38.0,64.0
614.0,406.0,38.0,64.0
614.0,407.0,38.0,64.0
613.0,406.0,38.0,64.0
612.0,407.0,38.0,64.0
611.0,405.0,38.0,64.0
612.0,404.0,38.0,64.0
612.0,402.0,38.0,64.0
612.0,402.0,38.0,64.0
615.0,400.0,38.0,64.0
617.0,402.0,38.0,64.0
618.0,402.0,38.0,64.0
619.0,403.0,38.0,64.0
622.0,406.0,38.0,64.0
625.0,408.0,38.0,64.0
628.0,409.0,38.0,64.0
628.0,410.0,38.0,64.0
630.0,408.0,38.0,64.0
629.0,406.0,38.0,64.0
630.0,404.0,38.0,64.0
631.0,403.0,38.0,64.0
631.0,400.0,38.0,64.0
632.0,399.0,38.0,64.0
632.0,399.0,38.0,64.0
631.0,401.0,38.0,64.0
630.0,403.0,38.0,64.0
631.0,405.0,38.0,64.0
631.0,408.0,38.0,64.0
631.0,409.0,38.0,64.0
631.0,411.0,38.0,64.0
632.0,414.0,38.0,64.0
632.0,413.0,38.0,64.0
630.0,413.0,38.0,64.0
630.0,413.0,38.0,64.0
629.0,411.0,38.0,64.0
629.0,411.0,38.0,64.0
627.0,409.0,38.0,64.0
627.0,409.0,38.0,64.0
626.0,407.0,38.0,64.0
626.0,404.0,40.0,68.0
624.0,405.0,40.0,68.0
624.0,406.0,40.0,68.0
624.0,406.0,40.0,68.0
623.0,408.0,40.0,68.0
623.0,407.0,40.0,68.0
621.0,408.0,40.0,68.0
620.0,408.0,40.0,68.0
619.0,406.0,40.0,68.0
618.0,406.0,40.0,68.0
617.0,404.0,40.0,68.0
616.0,403.0,40.0,68.0
615.0,402.0,40.0,68.0
614.0,403.0,40.0,68.0
612.0,403.0,40.0,68.0
610.0,404.0,40.0,68.0
609.0,405.0,40.0,68.0
606.0,406.0,40.0,68.0
605.0,409.0,40.0,68.0
603.0,411.0,40.0,68.0
599.0,411.0,40.0,68.0
598.0,412.0,40.0,68.0
595.0,411.0,40.0,68.0
595.0,410.0,40.0,68.0
593.0,407.0,40.0,68.0
592.0,405.0,40.0,68.0
593.0,402.0,40.0,68.0
592.0,399.0,40.0,68.0
593.0,397.0,40.0,68.0
594.0,396.0,40.0,68.0
595.0,396.0,40.0,68.0
595.0,395.0,42.0,71.0
598.0,398.0,42.0,71.0
599.0,399.0,42.0,71.0
600.0,401.0,42.0,71.0
603.0,401.0,42.0,71.0
605.0,402.0,42.0,71.0
606.0,399.0,42.0,71.0
609.0,399.0,42.0,71.0
610.0,396.0,42.0,71.0
613.0,394.0,42.0,71.0
614.0,391.0,42.0,71.0
615.0,390.0,42.0,71.0
616.0,388.0,42.0,71.0
616.0,390.0,42.0,71.0
618.0,391.0,42.0,71.0
618.0,391.0,42.0,71.0
618.0,395.0,42.0,71.0
619.0,395.0,42.0,71.0
620.0,398.0,42.0,71.0
620.0,397.0,42.0,71.0
620.0,397.0,42.0,71.0
621.0,396.0,42.0,71.0
621.0,395.0,42.0,71.0
621.0,394.0,42.0,71.0
624.0,392.0,42.0,71.0
625.0,389.0,42.0,71.0
627.0,389.0,42.0,71.0
628.0,387.0,42.0,71.0
630.0,388.0,42.0,71.0
635.0,390.0,40.0,68.0
638.0,392.0,40.0,68.0
639.0,391.0,42.0,71.0
641.0,392.0,42.0,71.0
643.0,393.0,42.0,71.0
644.0,391.0,42.0,71.0
646.0,390.0,42.0,71.0
647.0,388.0,42.0,71.0
648.0,384.0,42.0,71.0
648.0,381.0,42.0,71.0
649.0,381.0,42.0,71.0
648.0,379.0,42.0,71.0
647.0,380.0,42.0,71.0
646.0,380.0,42.0,71.0
645.0,381.0,42.0,71.0
645.0,387.0,40.0,68.0
644.0,389.0,40.0,68.0
644.0,391.0,40.0,68.0
643.0,395.0,40.0,68.0
641.0,396.0,40.0,68.0
640.0,399.0,40.0,68.0
639.0,397.0,40.0,68.0
639.0,397.0,40.0,68.0
638.0,394.0,40.0,68.0
636.0,393.0,40.0,68.0
637.0,391.0,40.0,68.0
635.0,388.0,40.0,68.0
634.0,387.0,40.0,68.0
635.0,385.0,40.0,68.0
635.0,388.0,38.0,64.0
635.0,389.0,38.0,64.0
637.0,391.0,38.0,64.0
638.0,395.0,38.0,64.0
637.0,398.0,38.0,64.0
637.0,398.0,38.0,64.0
637.0,398.0,38.0,64.0
636.0,396.0,38.0,64.0
637.0,394.0,38.0,64.0
637.0,394.0,38.0,64.0
635.0,392.0,38.0,64.0
635.0,390.0,38.0,64.0
0
0
0
0
0
0
0
0
0
0
0
0
0
0
0
0
0
0
0
0
0
0
0
0
0
0
0
0
0
0
0
0
0
0
0
0
0
0
0
0
0
0
0
0
0
0
0
0
0
0
0
0
0
0
0
0
0
0
0
0
0
0
0
0
0
0
0
0
0
0
0
0
0
0
0
0
0
0
0
0
0
0
0
0
0
0
0
0
0
0
0
0
0
0
0
0
0
0
0
0
0
0
0
0
0
0
0
0
0
642.0,417.0,32.0,45.0
643.0,415.0,32.0,45.0
643.0,411.0,32.0,45.0
643.0,408.0,32.0,45.0
641.0,403.0,32.0,45.0
641.0,399.0,32.0,45.0
641.0,397.0,32.0,45.0
641.0,397.0,32.0,45.0
641.0,397.0,32.0,45.0
642.0,397.0,32.0,45.0
642.0,398.0,32.0,45.0
642.0,402.0,32.0,45.0
642.0,404.0,32.0,45.0
643.0,408.0,32.0,45.0
643.0,409.0,32.0,45.0
642.0,407.0,32.0,45.0
640.0,408.0,32.0,45.0
640.0,408.0,32.0,45.0
638.0,408.0,32.0,45.0
638.0,409.0,32.0,45.0
636.0,412.0,32.0,45.0
635.0,414.0,32.0,45.0
635.0,415.0,32.0,45.0
634.0,412.0,32.0,45.0
632.0,410.0,32.0,45.0
630.0,406.0,32.0,45.0
629.0,403.0,32.0,45.0
629.0,399.0,32.0,45.0
627.0,398.0,32.0,45.0
628.0,396.0,32.0,45.0
627.0,396.0,32.0,45.0
628.0,398.0,32.0,45.0
628.0,396.0,32.0,45.0
627.0,396.0,32.0,45.0
628.0,392.0,32.0,45.0
630.0,388.0,32.0,45.0
630.0,386.0,32.0,45.0
631.0,384.0,32.0,45.0
630.0,381.0,32.0,45.0
630.0,381.0,32.0,45.0
631.0,383.0,32.0,45.0
629.0,384.0,32.0,45.0
631.0,386.0,32.0,45.0
631.0,388.0,32.0,45.0
630.0,391.0,32.0,45.0
630.0,390.0,32.0,45.0
629.0,389.0,32.0,45.0
629.0,388.0,32.0,45.0
629.0,388.0,32.0,45.0
628.0,387.0,32.0,45.0
628.0,387.0,32.0,45.0
627.0,388.0,32.0,45.0
627.0,392.0,32.0,45.0
628.0,395.0,32.0,45.0
627.0,396.0,32.0,45.0
626.0,397.0,32.0,45.0
627.0,396.0,32.0,45.0
627.0,394.0,32.0,45.0
626.0,392.0,32.0,45.0
626.0,390.0,32.0,45.0
626.0,388.0,32.0,45.0
625.0,389.0,32.0,45.0
624.0,389.0,32.0,45.0
622.0,391.0,32.0,45.0
622.0,394.0,32.0,45.0
620.0,398.0,32.0,45.0
619.0,398.0,32.0,45.0
619.0,398.0,32.0,45.0
618.0,399.0,32.0,45.0
616.0,399.0,32.0,45.0
615.0,398.0,32.0,45.0
615.0,399.0,32.0,45.0
615.0,398.0,32.0,45.0
614.0,400.0,32.0,45.0
613.0,403.0,32.0,45.0
615.0,405.0,32.0,45.0
615.0,408.0,32.0,45.0
614.0,409.0,32.0,45.0
616.0,408.0,32.0,45.0
617.0,407.0,32.0,45.0
617.0,405.0,32.0,45.0
620.0,405.0,32.0,45.0
622.0,404.0,32.0,45.0
622.0,405.0,32.0,45.0
622.0,406.0,32.0,45.0
623.0,407.0,32.0,45.0
625.0,410.0,32.0,45.0
624.0,410.0,32.0,45.0
627.0,411.0,32.0,45.0
628.0,411.0,32.0,45.0
628.0,410.0,32.0,45.0
629.0,408.0,32.0,45.0
629.0,408.0,32.0,45.0
628.0,406.0,32.0,45.0
629.0,407.0,32.0,45.0
630.0,407.0,32.0,45.0
631.0,409.0,32.0,45.0
630.0,410.0,32.0,45.0
630.0,412.0,32.0,45.0
633.0,412.0,30.0,43.0
633.0,409.0,30.0,43.0
632.0,407.0,30.0,43.0
631.0,406.0,30.0,43.0
631.0,403.0,30.0,43.0
631.0,402.0,29.0,41.0
632.0,403.0,29.0,41.0
631.0,406.0,29.0,41.0
631.0,406.0,29.0,41.0
631.0,410.0,29.0,41.0
629.0,414.0,30.0,43.0
629.0,418.0,30.0,43.0
629.0,418.0,30.0,43.0
630.0,420.0,30.0,43.0
629.0,420.0,30.0,43.0
628.0,419.0,30.0,43.0
628.0,419.0,30.0,43.0
628.0,422.0,29.0,41.0
627.0,423.0,30.0,43.0
626.0,424.0,30.0,43.0
626.0,426.0,30.0,43.0
623.0,424.0,32.0,45.0
622.0,425.0,32.0,45.0
620.0,422.0,32.0,45.0
620.0,420.0,32.0,45.0
617.0,417.0,34.0,47.0
616.0,412.0,34.0,47.0
615.0,413.0,34.0,47.0
613.0,412.0,34.0,47.0
611.0,413.0,34.0,47.0
611.0,416.0,34.0,47.0
609.0,420.0,34.0,47.0
609.0,421.0,34.0,47.0
606.0,422.0,34.0,47.0
606.0,421.0,34.0,47.0
603.0,417.0,35.0,50.0
603.0,415.0,35.0,50.0
602.0,414.0,35.0,50.0
601.0,413.0,35.0,50.0
600.0,412.0,35.0,50.0
601.0,413.0,37.0,52.0
601.0,414.0,37.0,52.0
598.0,413.0,39.0,55.0
599.0,412.0,39.0,55.0
599.0,411.0,39.0,55.0
598.0,409.0,39.0,55.0
599.0,406.0,39.0,55.0
598.0,404.0,39.0,55.0
598.0,402.0,39.0,55.0
598.0,399.0,39.0,55.0
597.0,400.0,39.0,55.0
598.0,399.0,39.0,55.0
597.0,402.0,39.0,55.0
596.0,403.0,39.0,55.0
596.0,406.0,39.0,55.0
597.0,406.0,39.0,55.0
597.0,406.0,39.0,55.0
597.0,405.0,39.0,55.0
595.0,402.0,39.0,55.0
595.0,402.0,39.0,55.0
596.0,401.0,39.0,55.0
595.0,400.0,39.0,55.0
596.0,402.0,41.0,57.0
597.0,405.0,41.0,57.0
597.0,407.0,41.0,57.0
599.0,408.0,41.0,57.0
600.0,407.0,41.0,57.0
601.0,406.0,41.0,57.0
602.0,404.0,41.0,57.0
603.0,401.0,41.0,57.0
603.0,398.0,41.0,57.0
603.0,396.0,41.0,57.0
603.0,394.0,41.0,57.0
604.0,395.0,41.0,57.0
604.0,397.0,41.0,57.0
602.0,399.0,41.0,57.0
602.0,403.0,41.0,57.0
603.0,405.0,41.0,57.0
602.0,406.0,41.0,57.0
602.0,407.0,41.0,57.0
603.0,406.0,41.0,57.0
603.0,405.0,41.0,57.0
603.0,405.0,41.0,57.0
605.0,406.0,41.0,57.0
606.0,410.0,41.0,57.0
607.0,413.0,41.0,57.0
608.0,417.0,41.0,57.0
608.0,415.0,41.0,57.0
608.0,415.0,41.0,57.0
607.0,411.0,41.0,57.0
608.0,408.0,41.0,57.0
606.0,407.0,41.0,57.0
606.0,404.0,41.0,57.0
604.0,405.0,41.0,57.0
604.0,406.0,41.0,57.0
602.0,406.0,43.0,60.0
600.0,409.0,43.0,60.0
601.0,410.0,43.0,60.0
601.0,410.0,43.0,60.0
600.0,408.0,43.0,60.0
598.0,406.0,43.0,60.0
597.0,404.0,43.0,60.0
597.0,404.0,43.0,60.0
597.0,403.0,43.0,60.0
595.0,404.0,43.0,60.0
596.0,407.0,43.0,60.0
594.0,407.0,43.0,60.0
594.0,407.0,43.0,60.0
592.0,405.0,43.0,60.0
591.0,404.0,43.0,60.0
590.0,402.0,43.0,60.0
589.0,399.0,43.0,60.0
589.0,397.0,43.0,60.0
588.0,397.0,43.0,60.0
587.0,400.0,43.0,60.0
585.0,403.0,43.0,60.0
585.0,405.0,43.0,60.0
586.0,406.0,43.0,60.0
585.0,404.0,43.0,60.0
587.0,405.0,43.0,60.0
586.0,403.0,43.0,60.0
588.0,403.0,43.0,60.0
590.0,401.0,43.0,60.0
592.0,402.0,43.0,60.0
594.0,400.0,43.0,60.0
598.0,403.0,43.0,60.0
600.0,405.0,43.0,60.0
603.0,407.0,43.0,60.0
605.0,407.0,43.0,60.0
607.0,407.0,43.0,60.0
608.0,405.0,43.0,60.0
609.0,404.0,43.0,60.0
611.0,404.0,43.0,60.0
612.0,402.0,43.0,60.0
614.0,403.0,43.0,60.0
615.0,404.0,43.0,60.0
615.0,404.0,45.0,63.0
614.0,406.0,45.0,63.0
616.0,408.0,45.0,63.0
616.0,408.0,47.0,66.0
615.0,411.0,47.0,66.0
615.0,413.0,47.0,66.0
616.0,412.0,47.0,66.0
617.0,412.0,47.0,66.0
616.0,412.0,47.0,66.0
616.0,411.0,47.0,66.0
616.0,410.0,47.0,66.0
617.0,407.0,47.0,66.0
616.0,407.0,47.0,66.0
618.0,408.0,47.0,66.0
616.0,409.0,47.0,66.0
617.0,409.0,47.0,66.0
617.0,411.0,47.0,66.0
616.0,413.0,47.0,66.0
615.0,415.0,47.0,66.0
613.0,413.0,50.0,70.0
611.0,411.0,52.0,73.0
612.0,412.0,52.0,73.0
611.0,413.0,52.0,73.0
611.0,412.0,52.0,73.0
610.0,411.0,52.0,73.0
611.0,410.0,52.0,73.0
609.0,408.0,52.0,73.0
608.0,407.0,52.0,73.0
607.0,405.0,52.0,73.0
606.0,402.0,55.0,77.0
605.0,401.0,55.0,77.0
602.0,400.0,57.0,81.0
602.0,400.0,57.0,81.0
600.0,401.0,57.0,81.0
600.0,401.0,57.0,81.0
599.0,404.0,57.0,81.0
599.0,406.0,57.0,81.0
598.0,406.0,57.0,81.0
597.0,404.0,57.0,81.0
598.0,402.0,57.0,81.0
597.0,400.0,57.0,81.0
598.0,397.0,57.0,81.0
597.0,391.0,57.0,81.0
