356.09,326.01,36.619,108.3
352.83,326.92,36.491,108.31
349.49,327.76,36.404,108.37
346.1,328.61,36.21,108.34
342.67,329.38,36.066,108.31
339.24,330.07,35.908,108.37
335.81,330.71,35.691,108.37
332.35,331.28,35.532,108.35
328.85,331.77,35.367,108.33
325.41,332.21,35.152,108.34
321.81,332.59,35.122,108.3
318.15,332.89,35.112,108.3
314.48,333.12,35.105,108.26
310.82,333.3,35.056,108.24
307.1,333.39,35.126,108.27
303.4,333.45,35.073,108.22
300.12,332.2,34.432,113.03
296.42,332.09,34.435,113.04
292.74,331.92,34.393,113.04
289.05,331.67,34.401,113.04
285.34,331.37,34.465,113.04
281.64,331.02,34.519,113.0
278.01,330.86,34.641,111.91
274.42,330.33,34.811,111.95
270.74,329.76,35.028,111.95
267.03,329.15,35.267,111.87
263.4,328.42,35.458,111.88
259.91,327.66,35.569,111.86
256.37,326.87,35.76,111.81
252.8,325.92,35.965,111.83
249.39,324.98,36.053,111.85
246.1,324.01,36.101,111.83
245.35,323.28,31.926,110.66
242.08,322.2,32.042,110.65
238.85,321.08,32.146,110.6
235.65,319.86,32.216,110.57
232.42,318.6,32.312,110.49
229.14,317.24,32.537,110.43
225.56,315.71,32.917,110.35
222.55,314.33,32.992,110.28
219.3,312.74,33.189,110.23
216.23,311.11,33.286,110.25
213.07,309.41,33.423,110.19
209.84,307.61,33.689,110.12
206.94,305.88,33.753,110.06
204.05,304.07,33.825,110.04
201.25,302.23,33.884,110.0
198.52,300.38,33.91,109.94
195.82,298.47,34.001,109.9
193.17,296.52,34.032,109.81
190.59,294.5,34.053,109.81
188.04,292.42,34.057,109.73
185.53,290.25,34.079,109.75
183.07,288.07,34.109,109.7
180.67,285.87,34.107,109.62
178.31,283.57,34.166,109.59
175.92,281.22,34.233,109.5
173.76,278.94,34.221,109.46
171.66,276.62,34.156,109.42
169.6,274.27,34.167,109.37
167.5,271.77,34.187,109.27
165.62,269.34,34.073,109.25
163.84,266.98,33.948,109.19
162.05,264.53,33.894,109.11
160.22,261.93,33.889,109.1
158.52,259.36,33.829,108.99
156.73,256.51,33.888,109.01
155.15,253.86,33.821,108.9
153.7,251.23,33.734,108.91
152.27,248.61,33.647,108.84
151.03,246.08,33.444,108.77
149.84,243.49,33.267,108.75
148.69,240.93,33.088,108.69
147.61,238.23,32.901,108.64
146.48,235.39,32.828,108.64
145.39,232.46,32.771,108.57
144.4,229.61,32.695,108.53
143.46,226.72,32.628,108.48
142.57,223.62,32.572,108.45
141.84,220.83,32.435,108.42
141.2,218.01,32.25,108.37
140.6,215.16,32.104,108.37
140.03,212.21,32.012,108.32
139.86,205.87,31.502,115.02
139.44,202.86,31.412,114.99
139.13,199.83,31.253,114.97
138.84,196.82,31.269,114.95
138.66,193.77,31.253,114.93
138.31,190.83,31.509,114.93
136.31,187.04,34.182,117.19
136.08,184.2,34.502,117.21
135.94,181.27,34.718,117.18
135.71,178.19,34.956,117.21
135.32,175.11,35.09,117.21
134.49,170.23,35.343,120.51
133.19,167.03,35.622,120.65
131.15,163.83,36.059,120.81
128.33,160.57,36.61,121.05
124.53,157.36,37.399,121.43
119.91,153.66,38.139,121.84
114.26,149.67,39.07,122.37
107.62,145.35,40.049,123.02
99.629,139.85,41.631,125.96
90.795,134.74,43.033,126.95
80.876,129.23,44.646,127.99
69.866,123.31,46.566,129.25
57.915,116.95,48.693,130.62
45.153,109.88,51.012,132.27
31.496,102.37,53.709,134.11
16.821,95.345,56.922,135.96
1.7333,87.451,60.343,138.07
1.0,78.579,49.203,140.32
1.0,69.364,37.402,142.73
1.0,59.753,25.744,145.37
nan,nan,nan,nan
nan,nan,nan,nan
nan,nan,nan,nan
nan,nan,nan,nan
nan,nan,nan,nan
nan,nan,nan,nan
nan,nan,nan,nan
nan,nan,nan,nan
nan,nan,nan,nan
nan,nan,nan,nan
nan,nan,nan,nan
nan,nan,nan,nan
nan,nan,nan,nan
nan,nan,nan,nan
nan,nan,nan,nan
nan,nan,nan,nan
nan,nan,nan,nan
nan,nan,nan,nan
nan,nan,nan,nan
nan,nan,nan,nan
nan,nan,nan,nan
nan,nan,nan,nan
nan,nan,nan,nan
nan,nan,nan,nan
nan,nan,nan,nan
nan,nan,nan,nan
nan,nan,nan,nan
70.333,1.0,75.048,49.885
90.612,1.0,70.611,54.49
109.87,1.0,66.522,60.051
128.38,1.0,62.719,66.146
146.24,1.0,58.994,72.666
162.56,1.0,55.873,79.71
177.58,1.0,53.047,87.105
191.18,1.0,50.597,94.622
203.61,1.0,48.44,102.01
214.93,1.0,46.574,109.19
225.1,1.0,44.901,116.04
234.2,1.0,43.536,122.38
242.56,1.0,42.201,128.14
250.08,3.9896,41.034,130.31
256.81,9.4634,40.099,129.34
262.92,14.07,39.262,128.57
268.37,17.866,38.647,127.92
273.32,20.882,38.15,127.42
278.0,23.133,37.649,127.05
282.44,24.71,37.167,126.8
286.67,25.744,36.849,126.61
290.77,26.316,36.82,126.49
294.76,26.556,36.804,126.47
298.75,26.616,36.797,126.45
297.83,31.704,46.32,119.7
301.85,31.766,46.322,119.71
305.85,31.857,46.33,119.78
306.66,33.712,52.796,117.6
310.72,33.979,52.751,117.66
314.66,34.331,52.891,117.7
318.33,34.764,53.271,117.75
317.43,35.315,63.981,117.76
321.13,35.901,64.333,117.82
324.77,36.566,64.791,117.87
322.2,49.919,79.051,101.14
326.0,50.747,79.463,101.23
329.79,51.613,79.831,101.34
324.09,69.678,102.01,78.352
328.06,70.681,102.44,78.602
328.82,84.456,109.09,61.269
332.76,85.584,109.22,61.285
339.62,100.71,99.931,41.625
344.65,88.936,98.745,59.603
350.35,79.286,94.44,74.707
357.84,70.918,84.312,88.981
362.82,61.389,81.575,104.31
366.72,58.41,81.391,110.85
372.79,58.58,74.278,112.81
376.28,60.611,75.036,113.02
384.91,65.709,60.31,108.28
388.04,67.713,61.125,108.46
387.03,76.132,73.466,100.38
389.73,80.015,75.887,98.403
388.43,92.403,90.702,86.091
391.7,94.728,91.563,86.717
394.81,97.132,92.199,87.174
397.76,109.77,92.915,73.565
401.7,115.83,91.952,69.932
407.3,125.35,84.52,60.239
414.58,127.79,73.408,61.604
420.21,130.83,64.689,61.471
426.79,128.84,53.256,68.247
429.45,132.46,53.932,68.567
432.02,136.04,54.442,68.821
433.95,133.71,56.437,78.672
436.16,137.08,56.665,78.7
438.38,140.43,56.732,78.676
437.33,143.75,65.828,79.443
439.44,146.79,65.532,79.223
435.42,143.12,85.223,93.192
437.37,146.02,84.696,92.773
439.27,148.94,84.156,92.411
441.12,151.9,83.641,91.98
435.78,142.83,104.28,115.32
437.37,145.82,103.65,114.86
438.91,148.72,103.07,114.56
433.82,143.47,124.63,132.97
435.06,146.5,123.83,132.43
436.42,149.44,122.93,131.9
437.86,152.51,122.09,131.42
440.21,151.98,114.11,133.87
441.64,155.08,113.07,133.38
445.6,155.26,99.488,134.94
446.81,158.43,98.636,134.66
447.95,161.85,97.816,134.36
447.9,167.62,97.856,127.78
448.47,170.76,97.314,127.62
449.31,174.5,96.588,127.43
449.63,181.15,96.746,119.67
450.25,184.75,95.848,119.39
450.64,187.93,95.444,119.2
451.31,191.73,94.642,118.99
449.88,194.95,97.976,118.33
450.51,198.38,96.915,117.84
451.03,201.66,95.889,117.43
444.67,198.85,113.77,133.41
444.74,202.11,112.83,133.06
444.32,205.95,112.79,133.27
444.2,209.04,112.2,133.14
443.83,211.96,111.81,133.13
443.38,214.85,111.49,133.12
438.29,212.23,123.55,147.67
438.35,215.38,122.79,147.52
438.51,218.45,122.57,147.64
438.84,221.6,122.86,148.07
439.86,224.93,123.55,148.83
443.3,237.63,123.32,127.64
445.68,241.68,124.2,128.58
448.83,246.2,125.3,129.83
452.7,251.24,126.76,131.31
457.29,256.96,128.67,133.3
462.53,263.4,130.91,135.59
468.55,270.55,133.31,138.16
480.42,287.92,123.67,109.0
487.74,296.12,126.2,111.88
495.67,304.99,128.91,114.94
506.58,316.21,123.16,109.41
515.62,325.55,125.38,112.51
525.16,335.29,115.84,115.74
534.72,345.7,106.28,119.09
544.25,356.48,96.75,122.64
557.11,370.96,83.89,110.04
565.22,383.18,75.78,97.82
572.37,396.09,68.63,84.91
nan,nan,nan,nan
nan,nan,nan,nan
nan,nan,nan,nan
nan,nan,nan,nan
nan,nan,nan,nan
nan,nan,nan,nan
nan,nan,nan,nan
nan,nan,nan,nan
nan,nan,nan,nan
nan,nan,nan,nan
nan,nan,nan,nan
nan,nan,nan,nan
nan,nan,nan,nan
nan,nan,nan,nan
nan,nan,nan,nan
nan,nan,nan,nan
nan,nan,nan,nan
nan,nan,nan,nan
nan,nan,nan,nan
nan,nan,nan,nan
nan,nan,nan,nan
nan,nan,nan,nan
nan,nan,nan,nan
nan,nan,nan,nan
nan,nan,nan,nan
nan,nan,nan,nan
nan,nan,nan,nan
nan,nan,nan,nan
442.09,449.56,42.588,31.437
430.22,440.4,41.426,40.599
418.37,431.22,40.585,49.78
407.25,422.01,39.947,58.99
395.88,415.22,43.511,65.777
386.34,406.55,42.981,66.76
377.53,398.25,42.404,65.485
369.42,390.4,41.961,64.438
361.92,383.09,41.569,63.453
355.21,376.39,41.244,62.606
349.06,370.36,40.971,61.913
343.57,365.03,40.675,61.228
338.54,360.46,40.538,60.594
333.97,356.62,40.341,60.121
326.14,352.65,46.592,61.771
322.08,350.17,46.497,61.296
318.38,348.32,46.38,60.946
310.71,347.5,54.707,58.685
307.23,346.71,54.688,58.366
303.86,346.25,54.583,58.142
300.53,346.13,54.536,57.879
296.08,346.3,56.635,56.797
292.86,346.21,56.637,57.101
289.63,346.07,56.591,57.438
286.36,345.88,56.723,57.833
286.76,346.65,49.304,54.179
283.63,346.41,49.302,54.458
282.63,345.11,45.222,58.8
279.28,344.77,45.546,59.161
275.99,344.44,45.865,59.426
273.52,344.14,44.589,59.241
270.21,343.7,45.003,59.644
266.93,343.23,45.342,59.938
263.61,342.74,45.699,60.238
263.29,341.07,40.98,64.986
257.85,337.9,45.542,75.152
254.47,337.19,46.034,75.501
251.09,336.51,46.566,75.791
247.58,330.69,47.941,95.47
244.15,329.91,48.474,95.686
240.9,329.07,48.922,95.937
237.53,328.21,49.621,96.279
234.11,327.3,50.355,96.578
232.0,322.45,49.755,111.49
228.59,321.4,50.645,111.83
225.19,320.38,51.615,112.2
221.9,319.29,52.371,112.48
218.55,318.22,53.289,112.75
213.17,312.84,58.343,128.16
209.97,311.57,59.187,128.42
206.8,310.32,59.907,128.62
203.65,309.02,60.613,128.85
200.7,307.72,61.166,128.99
197.78,306.38,61.713,129.19
194.87,305.06,62.364,129.31
192.14,303.68,62.721,129.4
189.5,302.22,62.912,129.44
186.95,300.74,63.026,129.39
185.77,295.17,61.429,141.97
183.17,293.58,61.501,141.9
180.6,291.91,61.576,141.86
178.09,290.25,61.552,141.78
175.58,288.51,61.578,141.71
173.16,286.82,61.661,141.63
170.78,285.11,61.673,141.56
168.41,283.35,61.876,141.51
166.05,281.46,62.07,141.5
163.76,279.61,62.093,141.39
151.67,276.93,77.944,144.17
149.46,275.05,77.954,144.04
147.29,273.16,78.02,144.0
145.23,271.39,77.965,143.84
143.24,269.53,77.669,143.65
141.32,267.6,77.33,143.45
139.41,265.52,76.974,143.23
137.57,263.49,76.489,142.92
136.41,266.17,76.867,125.65
134.63,263.82,76.803,125.58
132.84,261.57,76.867,125.41
131.1,259.38,76.954,125.35
129.41,257.17,77.084,125.27
134.35,255.05,68.227,122.58
133.03,252.72,67.9,122.4
131.61,250.32,67.537,122.16
130.16,247.7,67.345,122.01
128.78,245.1,67.146,121.83
127.49,242.5,66.901,121.63
131.08,239.24,61.572,121.68
129.88,236.4,61.42,121.54
128.65,233.46,61.577,121.41
127.55,230.39,61.578,121.31
120.86,232.74,68.339,109.19
119.95,229.5,68.141,108.97
119.13,226.49,68.021,108.76
118.4,223.51,67.862,108.66
117.71,220.66,67.785,108.49
109.01,220.78,78.753,103.35
108.47,218.1,78.721,103.14
108.0,215.19,78.649,103.04
107.45,212.08,78.587,102.85
106.7,208.89,78.404,102.63
105.47,206.55,78.601,102.62
102.85,204.99,80.229,99.098
100.32,202.34,80.734,99.328
96.897,199.77,81.437,99.597
92.526,197.62,82.378,100.1
87.28,195.12,83.222,100.5
80.933,192.6,84.223,101.04
74.945,196.28,82.75,88.747
66.358,193.46,84.118,89.503
56.453,191.16,85.804,90.44
46.048,191.65,86.812,86.24
34.002,188.53,88.882,87.243
20.999,184.71,91.103,88.319
7.8102,186.07,92.236,83.308
1.0,182.47,86.987,84.572
1.0,181.13,74.477,86.601
1.0,178.29,61.602,88.308
1.0,185.48,47.524,76.16
1.0,183.72,34.226,77.99
nan,nan,nan,nan
nan,nan,nan,nan
nan,nan,nan,nan
nan,nan,nan,nan
nan,nan,nan,nan
nan,nan,nan,nan
nan,nan,nan,nan
nan,nan,nan,nan
nan,nan,nan,nan
nan,nan,nan,nan
nan,nan,nan,nan
nan,nan,nan,nan
nan,nan,nan,nan
nan,nan,nan,nan
nan,nan,nan,nan
nan,nan,nan,nan
nan,nan,nan,nan
nan,nan,nan,nan
nan,nan,nan,nan
nan,nan,nan,nan
nan,nan,nan,nan
nan,nan,nan,nan
nan,nan,nan,nan
nan,nan,nan,nan
nan,nan,nan,nan
1.0,49.881,40.397,99.831
1.0,33.432,60.663,110.65
1.0,24.306,80.871,108.4
1.0,8.1457,101.53,125.15
1.0,2.9093,121.9,122.64
13.207,1.0,128.83,120.18
39.338,1.0,122.53,115.82
63.858,1.0,116.74,113.5
79.158,1.0,120.05,116.76
102.61,1.0,113.88,116.56
124.01,1.0,108.33,117.76
143.48,1.0,103.52,119.92
158.3,1.0,101.35,125.88
174.18,1.0,97.169,129.39
187.88,1.0,93.743,133.27
199.73,1.0,90.955,137.21
210.27,4.6438,88.537,137.24
220.64,1.0,83.663,147.52
229.44,1.0,81.231,150.34
237.39,4.1932,79.116,149.42
244.68,6.9697,77.213,148.39
251.36,9.0999,75.484,147.51
257.57,10.61,73.937,146.8
263.59,11.656,72.287,146.05
269.49,12.277,70.932,145.34
275.22,12.595,70.946,144.73
280.91,12.374,70.935,145.13
286.54,12.048,70.956,145.67
291.05,11.537,71.88,146.58
296.07,11.489,72.517,147.06
300.45,11.79,73.616,147.32
306.7,25.163,69.633,130.41
310.97,25.587,70.613,130.76
317.68,35.608,65.481,118.44
321.8,36.238,66.548,118.82
325.94,37.054,67.615,119.14
330.11,37.998,68.577,119.46
334.37,39.143,69.444,119.66
338.55,40.391,70.293,119.84
341.98,46.502,71.788,113.7
345.88,47.918,72.659,113.91
349.51,49.297,73.598,114.18
353.03,50.674,74.54,114.49
356.42,52.112,75.588,114.86
359.75,53.617,76.653,115.18
363.14,55.349,77.475,115.32
366.16,56.807,78.941,115.89
369.57,58.752,79.583,116.01
372.89,60.753,80.392,116.19
376.09,62.742,81.189,116.41
376.1,66.173,91.139,115.58
379.19,68.272,91.896,115.85
382.27,70.507,92.402,115.94
385.25,72.72,92.752,116.0
388.22,75.071,92.83,115.84
391.12,77.42,92.728,115.66
393.98,79.898,92.774,115.45
396.79,82.344,93.028,115.47
401.3,95.13,87.459,100.25
403.96,97.566,87.984,100.5
406.5,100.09,88.479,100.69
408.9,102.44,88.949,100.92
412.69,116.61,83.648,82.893
415.0,118.94,83.779,82.881
417.17,121.12,83.925,82.996
419.25,123.31,84.23,83.107
421.3,136.05,84.228,67.183
424.23,143.26,81.68,59.246
426.4,145.88,81.836,59.44
429.02,152.93,79.621,51.953
430.92,155.24,79.691,51.901
433.12,161.13,78.91,46.697
435.0,163.66,78.998,46.805
436.69,166.0,79.101,46.829
438.31,168.33,79.246,46.918
441.8,170.2,72.677,46.774
443.29,172.68,72.8,46.935
444.74,175.24,72.975,47.095
447.43,173.99,68.276,52.382
448.74,176.77,68.499,52.65
nan,nan,nan,nan
nan,nan,nan,nan
nan,nan,nan,nan
nan,nan,nan,nan
nan,nan,nan,nan
453.3,175.79,77.641,85.55
454.24,179.33,77.651,85.621
455.0,182.46,77.7,85.715
453.05,194.04,86.626,70.481
453.71,197.58,86.76,70.69
454.38,200.91,86.375,70.166
454.93,203.83,86.201,70.078
455.39,206.09,85.967,69.835
455.76,208.4,85.792,69.723
456.0,211.1,85.736,69.763
456.08,214.16,85.805,69.918
456.37,218.35,85.562,69.873
456.43,221.57,85.414,69.831
456.36,224.89,85.306,69.846
450.78,222.82,97.969,86.636
450.3,226.31,98.009,86.844
449.91,229.71,97.81,86.855
449.46,232.97,97.587,86.779
449.16,234.85,97.346,86.692
448.81,237.71,97.158,86.648
448.59,240.69,97.019,86.771
448.24,235.17,93.258,106.7
449.17,238.52,92.743,106.59
450.47,242.21,92.486,106.68
452.24,246.2,92.573,107.0
450.62,246.87,101.57,118.62
454.05,251.64,101.5,119.07
461.58,257.72,87.629,116.44
466.55,264.62,87.4,117.14
471.9,272.32,87.555,118.13
476.73,281.12,88.289,113.78
483.13,289.42,89.069,115.25
490.37,298.13,89.91,116.84
496.83,309.12,91.566,119.15
505.15,318.75,92.513,121.28
511.58,335.23,107.98,113.05
520.01,346.52,109.63,115.81
528.75,357.97,111.28,118.62
536.78,369.18,104.22,111.82
546.29,386.92,94.71,94.08
555.55,397.69,85.45,83.308
564.44,408.49,76.56,72.51
nan,nan,nan,nan
nan,nan,nan,nan
nan,nan,nan,nan
nan,nan,nan,nan
nan,nan,nan,nan
nan,nan,nan,nan
nan,nan,nan,nan
nan,nan,nan,nan
nan,nan,nan,nan
nan,nan,nan,nan
nan,nan,nan,nan
nan,nan,nan,nan
nan,nan,nan,nan
nan,nan,nan,nan
nan,nan,nan,nan
nan,nan,nan,nan
nan,nan,nan,nan
nan,nan,nan,nan
nan,nan,nan,nan
nan,nan,nan,nan
nan,nan,nan,nan
nan,nan,nan,nan
nan,nan,nan,nan
nan,nan,nan,nan
nan,nan,nan,nan
nan,nan,nan,nan
nan,nan,nan,nan
nan,nan,nan,nan
425.01,454.35,70.025,26.65
413.41,444.61,68.685,36.39
402.7,434.89,67.394,46.105
392.67,425.31,66.361,55.69
383.26,415.91,65.378,65.09
374.44,406.88,64.499,68.745
365.08,398.49,66.883,66.039
357.3,390.46,66.243,64.782
350.16,383.04,65.658,63.689
343.56,376.28,65.113,62.717
337.37,370.26,64.647,62.024
331.91,364.89,64.253,61.25
327.0,360.24,63.967,60.624
322.53,356.45,63.508,59.667
316.65,354.09,67.66,55.585
312.51,351.59,67.526,55.277
308.63,349.74,67.438,55.072
304.91,348.41,67.278,54.818
301.26,347.56,67.299,54.66
297.7,347.11,67.29,54.517
288.4,347.94,79.587,50.474
284.83,347.96,79.567,50.301
281.25,347.89,79.599,50.444
277.63,347.82,79.591,50.539
274.06,347.67,79.6,50.734
270.5,347.48,79.576,50.824
266.99,347.22,79.61,51.166
263.44,346.91,79.583,51.366
253.81,349.58,90.824,39.707
250.18,349.28,90.876,39.81
246.54,348.81,90.926,40.062
240.55,346.54,95.408,47.023
236.93,346.0,95.418,47.328
233.26,345.44,95.532,47.439
229.74,344.81,95.636,47.67
226.37,344.16,95.579,47.977
223.29,340.07,95.223,61.173
220.15,339.25,95.175,61.837
216.83,338.4,95.275,62.465
218.76,334.89,86.212,72.682
215.5,333.94,86.295,73.24
211.91,332.94,86.785,73.792
212.26,329.51,80.377,82.488
209.12,328.5,80.42,82.67
206.08,327.45,80.476,82.874
202.88,326.38,80.697,83.088
204.13,321.75,74.122,96.169
200.85,320.49,74.387,96.321
197.6,319.19,74.803,96.705
194.36,317.91,75.413,97.133
197.88,311.94,65.898,113.51
194.75,310.56,66.501,113.82
191.66,309.11,67.069,114.11
188.68,307.65,67.426,114.2
185.8,305.97,67.257,114.07
183.13,304.36,67.075,113.89
180.49,302.83,66.996,113.78
177.81,296.44,67.817,130.34
175.09,294.76,68.175,130.41
172.35,293.02,68.672,130.57
169.68,291.2,69.085,130.69
166.94,289.23,69.238,130.6
164.3,287.32,69.626,130.61
161.71,285.31,70.005,130.72
159.13,283.27,70.352,130.74
162.44,280.2,62.277,133.08
160.06,278.11,62.546,133.02
157.75,275.91,62.661,132.97
155.46,273.65,62.617,132.84
153.2,271.34,62.672,132.7
151.02,269.02,62.719,132.62
148.96,266.79,62.767,132.45
146.94,264.55,62.913,132.41
144.95,262.33,63.11,132.4
143.04,260.04,63.241,132.26
141.17,257.52,63.12,132.13
139.3,254.88,63.099,131.94
137.52,252.2,63.023,131.78
135.8,249.72,63.249,131.66
134.1,247.1,63.421,131.57
137.34,239.71,59.14,144.19
135.91,237.25,59.407,144.14
134.52,234.82,59.506,144.04
133.18,232.29,59.438,143.94
131.84,229.65,59.484,143.81
124.38,232.82,68.107,130.29
123.09,230.28,68.47,130.27
121.82,227.84,68.908,130.25
120.67,225.37,69.261,130.26
118.58,229.78,70.219,112.55
117.68,227.32,70.384,112.55
116.81,224.78,70.387,112.46
115.99,222.0,70.433,112.3
115.2,219.25,70.609,112.29
114.43,216.5,70.915,112.27
108.52,218.43,77.722,101.81
107.79,216.57,78.471,102.07
100.31,219.61,87.777,91.211
95.715,222.41,92.821,79.168
95.22,219.69,92.941,79.184
94.472,217.0,93.119,79.23
93.233,214.44,93.464,79.392
91.399,212.04,93.938,79.641
88.851,209.55,94.498,79.98
85.548,206.78,95.022,80.144
81.3,204.09,95.713,80.465
75.896,201.76,96.729,81.105
69.345,199.6,97.996,81.821
61.664,197.28,99.415,82.656
52.792,194.63,101.01,83.503
42.607,191.82,103.0,84.556
39.646,189.1,94.535,82.46
27.361,186.43,96.892,83.644
18.9,182.33,92.432,88.072
4.8032,180.14,94.97,88.99
1.0,178.84,86.734,90.981
1.0,174.65,75.803,95.966
1.0,173.94,61.272,95.046
1.0,171.38,48.256,97.005
1.0,168.34,35.193,99.028
nan,nan,nan,nan
nan,nan,nan,nan
nan,nan,nan,nan
nan,nan,nan,nan
nan,nan,nan,nan
nan,nan,nan,nan
nan,nan,nan,nan
nan,nan,nan,nan
nan,nan,nan,nan
nan,nan,nan,nan
nan,nan,nan,nan
nan,nan,nan,nan
nan,nan,nan,nan
nan,nan,nan,nan
nan,nan,nan,nan
nan,nan,nan,nan
nan,nan,nan,nan
nan,nan,nan,nan
nan,nan,nan,nan
nan,nan,nan,nan
nan,nan,nan,nan
nan,nan,nan,nan
nan,nan,nan,nan
nan,nan,nan,nan
nan,nan,nan,nan
1.0,1.0,53.781,107.05
1.0,1.0,73.059,99.274
1.0,1.0,92.297,93.492
17.77,1.0,95.042,88.968
44.123,1.0,88.232,85.922
69.532,1.0,81.836,84.72
94.155,1.0,75.909,84.724
117.19,1.0,70.439,86.419
137.91,1.0,65.827,89.67
146.51,1.0,76.062,97.319
163.95,1.0,72.106,102.25
179.58,1.0,68.624,107.67
193.55,1.0,65.748,113.22
205.95,1.0,63.306,118.78
216.96,1.1084,61.167,124.05
226.52,2.8911,59.021,128.6
235.16,8.7875,57.324,127.29
241.13,20.087,59.355,118.33
248.21,24.324,57.995,117.43
254.57,28.596,57.155,115.69
260.46,31.383,56.159,115.06
265.9,33.448,55.29,114.58
271.04,34.928,54.439,114.15
276.0,35.906,53.506,113.71
278.22,41.507,57.878,106.71
282.96,41.734,57.865,106.43
287.72,41.714,57.924,106.47
292.48,41.564,57.935,106.73
297.25,41.462,57.999,107.04
298.57,46.862,64.088,100.15
302.84,46.901,64.717,100.61
306.71,46.937,65.88,101.18
310.67,47.196,66.732,101.58
314.44,47.411,68.033,102.24
318.48,47.987,68.661,102.45
322.55,48.694,69.221,102.64
329.46,61.838,61.755,85.954
333.38,62.72,62.077,86.026
337.19,63.7,62.594,86.16
341.02,64.709,62.953,86.294
347.43,69.847,56.694,80.729
351.09,71.041,57.099,80.837
354.67,72.214,57.542,80.988
358.23,73.567,57.675,80.954
361.75,74.964,57.755,80.849
365.14,76.399,57.938,80.825
369.61,75.422,55.258,83.91
372.81,76.929,55.302,83.788
375.93,78.459,55.418,83.709
379.09,80.026,55.677,83.765
382.23,81.861,56.118,83.875
385.48,83.712,56.721,84.113
388.74,85.753,57.281,84.286
391.93,87.787,57.846,84.516
395.19,90.126,58.074,84.502
398.32,92.401,58.594,84.674
401.39,94.803,59.176,84.851
404.37,97.216,59.894,85.169
407.53,100.13,60.678,85.398
410.33,102.67,61.392,85.698
414.3,107.57,57.289,81.9
416.86,110.07,57.666,82.017
419.34,112.58,57.958,82.117
421.79,115.18,58.183,82.158
424.23,117.85,58.28,82.143
426.57,120.56,58.422,82.175
430.39,118.47,53.481,88.85
432.6,121.34,53.617,88.866
434.68,124.2,53.858,88.935
436.6,126.96,54.136,88.998
438.32,127.46,55.41,93.381
440.13,130.38,55.631,93.387
441.84,133.28,55.975,93.453
443.45,136.22,56.34,93.522
444.97,139.01,56.626,93.656
446.45,141.77,56.785,93.669
447.81,144.43,56.907,93.674
449.15,147.05,56.928,93.724
450.8,149.86,55.549,93.288
451.98,152.93,55.916,93.405
453.09,156.36,56.456,93.549
454.14,159.62,56.922,93.595
455.14,162.8,57.12,93.573
456.1,165.68,57.068,93.584
457.04,168.73,56.799,93.415
457.93,171.6,56.488,93.222
458.7,174.85,56.386,93.207
459.41,177.63,56.161,93.15
460.12,180.07,55.779,93.002
460.76,182.71,55.39,92.882
461.26,185.16,55.271,92.928
461.73,187.97,55.136,92.932
462.06,191.1,55.013,92.904
462.18,194.44,55.587,93.081
462.26,198.03,55.622,93.153
462.39,200.82,55.619,93.193
462.33,204.1,55.746,93.265
462.23,207.0,55.886,93.342
462.17,209.76,55.903,93.389
461.84,213.1,56.073,93.529
461.64,211.53,53.52,102.89
461.37,214.51,53.348,102.72
460.99,217.36,53.206,102.76
458.0,211.15,58.995,123.3
457.64,214.03,58.98,123.41
457.5,217.03,58.822,123.51
458.2,219.67,57.844,123.51
459.51,222.43,56.88,123.5
461.08,225.69,56.312,123.64
463.32,229.19,55.868,123.86
465.82,233.27,55.986,124.34
468.84,237.92,56.472,124.94
473.23,244.8,55.526,120.23
477.67,250.81,56.56,121.12
483.03,257.16,57.606,122.23
489.21,264.08,58.484,123.43
496.56,271.12,58.886,124.72
504.79,278.56,58.87,126.16
513.68,286.6,58.823,127.73
523.11,295.24,58.814,129.6
536.04,309.54,53.657,112.47
545.56,319.87,54.259,114.55
556.24,332.29,58.446,108.21
566.31,342.89,58.993,110.56
576.23,354.12,59.353,113.04
587.18,368.67,53.816,96.675
597.27,379.17,43.728,98.749
606.75,390.3,34.25,90.697
nan,nan,nan,nan
nan,nan,nan,nan
nan,nan,nan,nan
nan,nan,nan,nan
nan,nan,nan,nan
nan,nan,nan,nan
nan,nan,nan,nan
nan,nan,nan,nan
nan,nan,nan,nan
nan,nan,nan,nan
nan,nan,nan,nan
nan,nan,nan,nan
nan,nan,nan,nan
nan,nan,nan,nan
nan,nan,nan,nan
nan,nan,nan,nan
nan,nan,nan,nan
nan,nan,nan,nan
nan,nan,nan,nan
nan,nan,nan,nan
nan,nan,nan,nan
nan,nan,nan,nan
nan,nan,nan,nan
nan,nan,nan,nan
nan,nan,nan,nan
nan,nan,nan,nan
nan,nan,nan,nan
429.86,441.94,102.58,39.058
417.33,433.28,99.472,47.718
405.26,424.52,96.736,56.48
393.05,415.78,94.765,65.22
381.5,407.01,93.071,73.988
370.81,398.45,91.583,82.547
360.79,390.26,90.161,90.738
352.16,382.3,89.037,98.697
341.22,376.72,95.498,91.572
334.02,370.0,94.621,90.108
327.5,363.95,93.937,88.836
321.49,358.56,93.371,87.803
316.03,353.91,92.858,86.925
310.96,350.01,92.383,86.206
306.25,346.77,92.046,85.605
301.93,344.25,91.783,85.027
297.77,342.39,91.528,84.608
293.81,341.01,91.323,84.308
290.01,340.16,91.169,84.136
286.24,339.66,91.049,84.076
282.51,339.47,91.012,84.052
278.87,339.46,90.993,83.811
275.35,339.59,90.938,83.507
271.81,339.68,90.938,83.014
268.22,339.45,90.945,83.273
264.67,339.21,90.959,83.592
261.05,338.97,90.977,83.755
257.45,338.7,90.955,83.931
253.8,338.41,90.99,84.035
250.15,338.08,91.028,84.122
247.26,337.32,90.407,85.042
243.69,336.85,90.456,85.3
240.12,336.26,90.509,85.555
236.56,335.64,90.566,85.804
233.04,334.99,90.626,86.069
229.57,334.32,90.694,86.296
227.15,333.01,88.704,88.473
223.64,332.19,88.723,88.724
220.07,331.35,88.855,88.885
216.43,330.43,89.048,89.091
214.05,330.36,86.749,85.492
210.46,329.34,86.898,85.533
206.75,329.49,86.847,80.808
203.16,328.42,86.954,80.793
202.7,328.98,82.463,74.546
199.27,327.8,82.568,74.459
195.8,326.54,82.734,74.438
192.95,325.29,82.719,74.977
189.42,323.89,82.946,74.891
185.95,322.42,83.069,74.788
182.54,320.92,83.248,74.773
179.22,319.39,83.373,74.666
175.85,317.81,83.56,74.497
172.6,316.23,83.746,74.361
169.44,314.58,83.929,74.314
166.51,312.87,83.998,74.355
163.83,311.19,84.115,74.679
165.46,307.76,77.597,79.849
163.04,306.12,77.639,80.141
160.64,304.45,77.68,80.286
158.2,302.73,77.779,80.496
155.73,300.97,78.016,80.663
153.16,299.19,78.294,80.749
150.57,297.2,78.485,80.833
157.26,291.63,65.814,91.781
154.85,289.52,65.944,91.841
152.38,287.38,66.234,91.867
150.03,285.21,66.422,91.858
147.84,283.06,66.62,91.871
145.61,280.85,66.823,91.879
150.47,273.19,57.949,108.48
148.38,270.95,58.307,108.6
146.4,268.73,58.668,108.58
144.36,266.48,59.098,108.65
142.33,264.26,59.727,108.84
140.22,262.23,60.727,109.17
138.37,260.61,61.8,109.47
136.69,258.56,62.304,109.58
135.01,256.61,62.984,109.83
133.59,254.58,63.284,109.84
132.19,252.37,63.538,109.78
130.76,250.01,63.742,109.8
129.19,247.55,64.185,109.84
127.72,244.62,64.29,109.74
126.18,241.6,64.468,109.58
124.89,238.59,64.503,109.46
124.91,233.29,63.587,115.55
123.72,230.49,63.88,115.54
122.66,227.88,64.173,115.5
121.63,225.25,64.446,115.46
120.85,222.49,64.537,115.4
120.04,219.74,64.565,115.29
119.25,216.98,64.665,115.19
118.54,214.07,64.744,115.11
117.94,210.91,64.763,115.03
117.36,207.85,64.81,114.93
116.77,204.95,65.213,114.91
116.22,202.14,65.781,115.01
115.75,199.45,66.181,115.08
115.12,196.62,66.57,115.12
114.26,194.05,67.025,115.24
113.1,191.59,67.335,115.28
111.31,189.25,67.61,115.37
108.91,186.92,67.772,115.46
105.65,184.59,68.155,115.66
101.51,182.04,68.647,115.98
96.367,179.02,69.294,116.3
90.213,175.75,70.108,116.77
83.596,161.15,72.959,137.02
75.055,157.5,74.554,137.89
65.219,153.44,76.505,138.87
57.002,157.8,74.413,122.4
44.841,153.71,77.008,123.69
31.721,149.35,79.786,125.19
17.595,144.79,82.843,126.78
2.4491,140.03,86.39,128.5
1.0,134.39,75.779,130.41
1.0,128.08,63.394,132.37
1.0,121.73,50.868,134.5
1.0,115.83,38.273,136.7
nan,nan,nan,nan
nan,nan,nan,nan
nan,nan,nan,nan
nan,nan,nan,nan
nan,nan,nan,nan
nan,nan,nan,nan
nan,nan,nan,nan
nan,nan,nan,nan
nan,nan,nan,nan
nan,nan,nan,nan
nan,nan,nan,nan
nan,nan,nan,nan
nan,nan,nan,nan
nan,nan,nan,nan
nan,nan,nan,nan
nan,nan,nan,nan
nan,nan,nan,nan
nan,nan,nan,nan
nan,nan,nan,nan
nan,nan,nan,nan
nan,nan,nan,nan
nan,nan,nan,nan
nan,nan,nan,nan
nan,nan,nan,nan
nan,nan,nan,nan
1.0,1.0,70.414,84.49
1.0,1.0,88.252,81.627
1.0,1.0,107.68,83.578
11.749,1.0,115.03,82.636
35.815,1.0,108.68,83.124
58.887,1.0,102.73,84.93
81.433,1.0,96.955,87.484
103.45,1.0,91.334,90.526
124.32,1.0,86.023,94.386
143.5,1.0,81.254,99.033
161.26,1.0,76.832,104.15
177.3,1.0,72.879,109.65
193.84,1.0,65.499,116.09
206.99,1.0,62.261,121.61
218.56,1.0,59.577,127.01
228.81,1.0,57.251,132.05
237.67,1.0,55.478,136.71
245.46,4.6872,54.036,137.24
252.31,9.1767,52.936,136.33
258.35,12.796,52.257,135.72
263.24,14.902,52.726,136.05
268.32,17.124,52.205,135.65
273.23,18.611,51.542,135.37
277.93,19.627,50.852,135.09
282.48,20.247,50.254,134.82
286.97,20.474,49.881,134.66
291.46,20.504,49.872,134.6
295.96,20.51,49.816,134.48
300.45,20.601,49.818,134.39
308.16,32.705,43.039,118.72
312.13,32.863,43.448,118.9
315.82,33.131,44.188,119.01
319.55,33.526,44.755,119.08
323.31,33.965,45.19,119.17
327.06,34.622,45.532,119.13
330.78,35.283,45.997,119.17
334.47,35.978,46.499,119.22
338.1,36.81,47.008,119.31
341.72,37.721,47.495,119.29
345.36,38.733,47.953,119.32
348.92,39.792,48.558,119.42
352.55,40.976,49.2,119.51
356.07,42.279,49.925,119.6
359.66,43.639,50.552,119.67
364.28,45.175,47.984,119.34
367.75,46.731,48.532,119.33
371.05,48.29,49.088,119.41
374.3,49.944,49.582,119.41
377.52,51.656,50.072,119.4
380.68,53.417,50.667,119.47
383.89,55.3,51.318,119.56
387.13,57.386,51.972,119.58
390.34,59.568,52.613,119.59
392.48,60.884,55.442,120.61
395.56,63.083,55.759,120.61
398.51,65.299,56.125,120.61
401.41,67.601,56.406,120.53
404.23,69.907,56.677,120.51
406.99,72.27,56.955,120.48
409.33,72.574,58.564,124.03
411.8,74.998,59.043,124.0
414.26,77.424,59.451,124.01
416.55,79.735,59.821,124.03
417.73,79.351,64.012,128.43
419.95,81.804,64.143,128.36
422.68,78.846,63.565,136.82
424.94,81.36,63.385,136.74
427.19,84.133,63.343,136.57
429.3,86.861,63.379,136.49
431.31,89.74,63.522,136.43
433.53,92.691,63.395,136.3
435.51,95.662,63.497,136.27
437.29,98.679,63.748,136.26
439.07,101.7,63.907,136.29
440.77,104.73,64.045,136.27
442.4,107.76,64.103,136.18
443.52,107.53,64.75,141.64
445.06,110.6,64.547,141.53
446.55,113.62,64.463,141.48
447.93,116.69,64.354,141.43
449.16,120.14,64.754,141.48
450.38,123.21,64.693,141.44
452.01,128.38,62.636,137.01
453.12,131.56,62.527,136.94
454.15,134.72,62.403,136.93
455.17,137.76,62.166,136.89
457.05,144.03,58.597,130.18
457.97,147.09,58.291,130.17
458.77,150.21,58.149,130.1
459.47,153.45,58.16,130.2
461.23,164.45,54.735,115.17
461.7,167.56,54.845,115.27
462.14,170.41,54.852,115.31
462.6,173.0,54.679,115.33
463.05,175.64,54.422,115.24
463.42,178.38,54.081,115.19
464.69,185.6,51.178,106.62
464.85,188.56,51.14,106.64
465.0,191.41,50.959,106.63
465.08,194.22,50.828,106.67
465.75,200.24,49.225,99.041
465.76,202.71,48.849,98.989
465.75,205.21,48.487,98.949
465.73,207.79,48.137,98.883
465.85,210.27,47.643,98.813
466.17,212.92,47.197,98.739
466.89,215.72,46.816,98.736
467.94,218.74,46.579,98.849
469.55,221.87,46.444,99.019
471.58,221.32,46.221,107.83
474.55,225.11,46.26,108.2
478.24,229.38,46.436,108.65
482.75,233.96,46.668,109.26
486.36,235.26,51.596,121.35
492.42,241.15,52.075,122.33
499.17,247.68,52.777,123.62
506.3,255.51,53.924,125.15
514.84,262.77,54.345,126.65
524.12,270.61,54.623,128.37
534.02,278.98,54.804,130.31
544.32,287.91,55.016,132.48
554.72,297.76,55.474,134.93
565.02,308.34,56.074,137.72
575.32,319.39,56.822,140.83
584.73,331.11,56.27,142.59
595.14,342.24,45.858,138.76
605.81,352.93,35.19,128.07
nan,nan,nan,nan
nan,nan,nan,nan
nan,nan,nan,nan
nan,nan,nan,nan
nan,nan,nan,nan
nan,nan,nan,nan
nan,nan,nan,nan
nan,nan,nan,nan
nan,nan,nan,nan
nan,nan,nan,nan
nan,nan,nan,nan
nan,nan,nan,nan
nan,nan,nan,nan
nan,nan,nan,nan
nan,nan,nan,nan
nan,nan,nan,nan
nan,nan,nan,nan
nan,nan,nan,nan
nan,nan,nan,nan
nan,nan,nan,nan
nan,nan,nan,nan
nan,nan,nan,nan
nan,nan,nan,nan
nan,nan,nan,nan
nan,nan,nan,nan
nan,nan,nan,nan
nan,nan,nan,nan
nan,nan,nan,nan
nan,nan,nan,nan
422.17,428.34,85.909,52.658
409.32,419.91,82.478,61.09
397.27,411.21,79.593,69.79
386.41,402.21,77.287,78.786
376.52,393.35,75.446,87.65
367.61,384.71,73.952,96.286
358.41,379.19,73.057,101.81
350.51,371.57,72.293,109.43
343.23,364.63,71.588,116.37
336.62,358.35,70.935,116.28
330.68,352.78,70.38,115.21
325.24,347.98,69.963,114.29
320.21,343.87,69.569,113.59
315.6,340.52,69.35,113.03
311.34,337.88,69.135,112.55
307.34,335.91,68.973,112.17
303.47,334.47,68.867,112.01
299.86,333.6,68.825,111.58
298.24,330.81,66.799,120.09
295.07,330.7,66.825,119.89
291.88,330.58,66.806,120.35
288.51,330.55,66.797,120.63
285.06,330.48,66.796,120.9
281.48,330.36,66.8,120.96
277.98,330.15,66.753,121.07
274.41,329.92,66.763,121.23
270.91,329.66,66.826,121.38
267.38,329.29,67.011,121.67
266.7,328.53,59.397,122.51
263.57,328.02,59.359,122.74
260.45,327.44,59.269,123.02
257.35,326.9,59.183,123.22
254.06,326.28,59.155,123.29
250.83,325.68,59.133,123.37
247.63,325.0,59.109,123.42
244.41,324.29,59.143,123.51
241.13,323.49,59.126,123.6
237.78,322.61,59.217,123.66
234.5,321.7,59.256,123.73
231.07,320.65,59.353,123.8
227.71,319.56,59.45,123.85
224.36,318.41,59.549,123.88
221.8,317.75,57.728,121.57
218.47,316.51,57.831,121.55
215.29,315.24,57.883,121.62
212.09,313.96,57.992,121.61
208.96,312.68,57.993,121.56
205.81,311.27,58.05,121.5
202.78,309.86,58.108,121.5
199.79,308.41,58.166,121.52
196.94,306.97,58.222,121.5
194.13,305.52,58.281,121.47
191.47,304.02,58.282,121.5
188.69,302.41,58.341,121.5
185.91,300.78,58.402,121.47
183.26,299.1,58.405,121.47
180.66,297.34,58.461,121.48
178.15,295.55,58.515,121.53
175.4,293.54,58.628,121.52
173.0,291.61,58.678,121.54
170.69,289.66,58.725,121.64
168.08,287.63,59.035,121.66
165.56,285.49,59.122,121.59
163.04,283.23,59.221,121.55
160.56,281.03,59.36,121.41
157.38,279.87,60.696,116.52
155.15,277.63,60.603,116.32
152.96,275.35,60.456,116.17
150.78,273.01,60.517,116.08
148.62,270.73,60.723,116.03
146.56,268.49,61.027,116.04
144.51,266.2,61.459,116.09
142.51,263.96,61.995,116.22
140.59,261.68,62.54,116.34
138.7,259.49,63.106,116.41
136.91,257.24,63.618,116.54
135.09,254.98,64.209,116.72
133.39,252.66,64.758,116.78
131.72,250.24,65.146,116.87
132.54,246.86,62.175,118.56
131.01,244.29,62.506,118.59
129.43,241.72,63.025,118.62
127.89,239.11,63.506,118.68
126.34,236.29,63.942,118.7
124.99,233.57,64.34,118.7
123.62,230.87,64.821,118.75
122.52,228.09,64.987,118.69
121.44,225.29,65.272,118.68
120.46,222.38,65.437,118.58
119.42,219.32,65.667,118.5
118.53,216.35,65.883,118.44
117.7,213.62,66.252,118.48
117.01,211.12,66.604,118.5
120.36,207.94,61.299,118.65
119.73,205.68,61.606,118.65
119.23,203.02,61.655,118.59
118.83,200.16,61.713,118.52
118.51,197.01,61.64,118.4
118.05,193.93,61.761,118.29
116.02,185.63,65.034,130.5
114.66,182.64,65.588,130.62
112.83,179.71,66.145,130.76
110.31,176.89,66.869,130.98
106.98,174.0,67.652,131.3
102.81,171.08,68.515,131.73
97.671,167.96,69.472,132.2
91.546,164.41,70.394,132.72
84.293,160.69,71.488,133.41
75.907,156.64,72.824,134.18
66.342,152.21,74.361,135.12
55.409,147.82,76.521,136.32
43.407,143.15,78.704,137.67
30.11,138.37,81.813,139.23
15.808,133.32,85.165,141.03
1.0,127.95,88.48,142.96
1.0,123.0,76.27,145.07
1.0,116.83,63.922,147.31
1.0,110.37,51.405,149.69
1.0,103.57,38.911,152.2
nan,nan,nan,nan
nan,nan,nan,nan
nan,nan,nan,nan
nan,nan,nan,nan
nan,nan,nan,nan
nan,nan,nan,nan
nan,nan,nan,nan
nan,nan,nan,nan
nan,nan,nan,nan
nan,nan,nan,nan
nan,nan,nan,nan
nan,nan,nan,nan
nan,nan,nan,nan
nan,nan,nan,nan
nan,nan,nan,nan
nan,nan,nan,nan
nan,nan,nan,nan
nan,nan,nan,nan
nan,nan,nan,nan
nan,nan,nan,nan
nan,nan,nan,nan
nan,nan,nan,nan
nan,nan,nan,nan
nan,nan,nan,nan
nan,nan,nan,nan
nan,nan,nan,nan
1.0,1.0,87.433,83.682
1.0,1.0,105.88,81.036
22.506,1.0,102.74,79.786
47.776,1.0,95.555,79.945
72.396,1.0,88.63,81.192
95.537,1.0,82.288,83.953
117.21,1.0,76.532,87.734
137.32,1.0,71.243,92.412
155.68,1.0,66.541,97.835
172.41,1.0,61.089,105.31
187.45,1.0,57.385,111.5
201.3,1.0,54.166,117.66
214.08,1.0,51.066,123.53
225.4,1.0,48.427,129.17
235.54,1.0,46.1,134.43
241.99,1.0,48.926,137.12
250.01,1.8467,47.182,140.41
254.58,7.219,50.023,138.43
260.84,11.006,48.763,137.54
266.45,13.979,47.666,136.9
271.54,16.246,46.839,136.39
276.38,17.819,45.967,135.98
281.06,18.853,45.727,135.7
285.71,19.314,45.693,135.81
290.19,19.468,45.731,135.92
294.68,19.446,45.724,136.02
299.02,19.373,45.88,136.15
302.8,19.336,46.667,136.34
306.5,19.419,47.562,136.48
310.24,19.557,48.412,136.68
313.99,19.865,49.177,136.76
317.78,20.276,49.793,136.83
321.51,20.79,50.419,136.9
325.18,21.409,51.029,136.91
328.95,22.094,51.324,136.91
332.66,22.905,51.641,136.84
336.32,23.82,52.013,136.78
339.98,24.774,52.368,136.76
345.35,30.337,48.157,130.44
348.92,31.47,48.681,130.42
352.54,32.659,49.131,130.43
356.14,33.934,49.671,130.48
359.58,35.37,50.508,130.54
363.1,36.874,51.524,130.66
366.62,38.488,52.39,130.76
370.1,40.163,53.153,130.85
372.31,43.576,56.506,128.79
375.65,45.419,57.094,128.8
378.9,47.264,57.547,128.79
382.01,49.139,57.858,128.73
385.07,51.074,58.057,128.61
388.09,53.01,58.053,128.47
390.99,54.953,58.192,128.4
393.85,57.041,58.502,128.32
396.66,59.111,58.811,128.29
399.39,61.244,59.148,128.25
402.09,63.415,59.392,128.21
404.83,65.671,59.335,128.04
407.54,68.038,59.625,128.04
409.3,65.306,63.966,135.85
411.87,67.849,64.264,135.84
414.34,70.403,64.578,135.79
416.81,73.055,64.79,135.74
419.21,75.708,64.99,135.68
421.73,78.465,65.031,135.62
424.08,81.24,65.103,135.52
426.38,84.015,65.142,135.43
428.55,86.768,65.121,135.34
430.57,89.44,65.112,135.25
432.55,92.147,65.092,135.17
434.49,94.951,65.07,135.07
436.41,97.827,65.132,135.05
438.25,100.75,65.112,134.96
440.06,103.62,64.978,134.88
441.78,106.5,64.876,134.79
443.46,109.48,64.787,134.7
444.93,111.46,62.989,135.89
446.48,114.55,62.882,135.79
447.9,117.71,62.931,135.79
449.34,121.01,62.882,135.74
450.72,124.39,62.984,135.8
452.07,128.23,63.321,135.84
453.18,131.48,63.359,135.82
454.23,134.85,63.474,135.85
455.19,138.26,63.582,135.87
455.98,141.64,63.821,135.97
456.62,144.91,64.065,136.1
457.28,148.14,64.179,136.08
457.95,151.46,64.099,136.08
458.42,154.53,64.245,136.19
458.95,157.52,64.117,136.19
459.43,160.52,63.938,136.15
459.93,163.5,63.588,136.17
460.34,166.36,63.181,136.13
460.8,169.24,62.603,136.04
461.15,172.21,62.108,136.0
461.38,175.15,61.755,135.97
461.41,178.09,61.749,135.97
461.5,180.99,61.408,136.01
461.51,183.91,61.216,136.05
461.47,186.57,61.175,136.11
461.36,189.47,60.968,136.11
461.21,192.33,60.715,136.16
461.12,195.32,60.511,136.24
461.23,198.36,60.458,136.34
461.59,201.57,60.508,136.53
462.37,204.95,60.741,136.85
463.77,208.44,60.893,137.14
465.9,212.15,60.904,137.54
468.81,216.07,60.89,138.02
472.61,220.25,60.872,138.53
477.29,224.76,60.752,139.26
483.13,229.21,60.533,140.0
489.49,234.75,60.698,141.06
496.71,240.8,60.905,142.31
504.55,247.7,61.332,143.8
513.11,255.18,61.779,145.66
522.37,263.07,62.433,147.71
532.31,271.56,62.782,149.96
542.75,280.57,63.069,152.48
553.17,290.48,63.501,155.4
563.49,301.39,64.03,158.68
573.79,312.79,64.432,162.22
583.46,325.16,57.54,155.84
592.85,337.87,48.15,143.13
602.0,350.43,39.0,130.57
nan,nan,nan,nan
nan,nan,nan,nan
nan,nan,nan,nan
nan,nan,nan,nan
nan,nan,nan,nan
nan,nan,nan,nan
nan,nan,nan,nan
nan,nan,nan,nan
nan,nan,nan,nan
nan,nan,nan,nan
nan,nan,nan,nan
nan,nan,nan,nan
nan,nan,nan,nan
nan,nan,nan,nan
nan,nan,nan,nan
nan,nan,nan,nan
nan,nan,nan,nan
nan,nan,nan,nan
nan,nan,nan,nan
nan,nan,nan,nan
nan,nan,nan,nan
nan,nan,nan,nan
nan,nan,nan,nan
nan,nan,nan,nan
nan,nan,nan,nan
nan,nan,nan,nan
nan,nan,nan,nan
nan,nan,nan,nan
nan,nan,nan,nan
425.99,427.57,67.496,53.43
414.14,418.53,65.273,62.47
402.73,409.5,63.462,71.498
392.03,400.57,61.621,80.43
382.18,391.67,59.978,89.329
373.17,383.03,58.656,97.969
364.78,374.75,57.789,106.25
357.05,367.0,57.097,114.0
350.05,359.85,56.563,121.15
343.67,353.38,56.062,127.62
337.78,347.66,55.636,133.34
332.43,342.66,55.235,138.34
327.57,338.44,54.991,137.56
323.12,335.01,54.801,136.78
319.07,332.27,54.612,136.08
315.24,330.27,54.578,135.48
311.54,328.83,54.47,135.04
307.96,327.89,54.394,134.74
304.43,327.36,54.35,134.54
300.88,327.14,54.378,134.35
297.48,327.1,54.315,134.31
294.03,327.07,54.265,134.45
290.53,327.01,54.224,134.49
287.08,326.9,54.227,134.57
283.6,326.72,54.24,134.7
280.19,326.48,54.193,134.79
276.64,326.19,54.264,134.85
273.21,325.88,54.221,134.88
269.68,325.49,54.291,134.92
266.22,325.05,54.261,134.98
262.71,324.59,54.28,134.96
259.24,324.02,54.35,135.02
255.65,323.44,54.374,135.01
252.13,322.77,54.44,134.96
248.63,322.01,54.565,135.04
245.21,321.16,54.587,135.1
241.9,320.31,54.606,135.14
238.53,319.34,54.687,135.23
235.28,318.34,54.768,135.29
232.21,317.25,54.742,135.46
229.19,316.18,54.782,135.55
226.23,315.04,54.769,135.69
223.19,313.89,54.819,135.77
220.08,312.63,54.799,135.79
216.79,311.36,54.898,135.76
213.4,310.02,54.942,135.64
210.09,308.7,54.993,135.46
206.91,307.34,55.111,135.4
204.18,305.97,55.071,135.44
201.14,304.52,55.066,135.31
198.12,302.92,55.171,135.31
195.29,301.3,55.212,135.3
192.58,299.64,55.257,135.28
189.98,297.91,55.246,135.35
187.44,296.16,55.289,135.43
184.89,294.26,55.329,135.51
182.31,292.31,55.406,135.54
179.61,290.32,55.502,135.52
176.78,288.36,55.551,135.33
173.66,286.23,55.711,135.02
170.69,284.12,55.823,134.81
168.02,281.92,55.922,134.66
165.67,279.82,55.969,134.62
163.4,277.74,55.972,134.61
161.26,275.64,56.017,134.51
159.28,273.55,56.007,134.55
157.21,271.43,56.012,134.51
155.41,269.31,56.002,134.57
153.64,267.17,56.038,134.56
151.85,264.95,56.105,134.62
149.74,262.63,56.408,134.55
147.71,260.13,56.618,134.52
145.7,257.65,56.926,134.47
143.75,255.14,57.266,134.4
141.78,252.48,57.668,134.41
139.92,249.75,57.821,134.33
138.18,247.08,57.969,134.2
136.51,244.53,58.177,134.14
139.37,241.51,53.372,133.21
137.87,239.02,53.694,133.22
136.35,236.61,54.215,133.19
134.95,234.22,54.603,133.18
133.6,231.69,54.859,133.18
132.32,228.99,54.969,133.05
131.1,226.34,55.096,132.97
129.99,223.75,55.218,132.88
128.88,221.36,55.382,132.81
127.84,218.83,55.623,132.83
126.84,216.21,55.853,132.72
125.95,213.39,55.877,132.66
125.08,210.52,56.109,132.64
124.27,207.39,56.3,132.52
123.55,204.29,56.472,132.46
122.76,201.32,57.011,132.44
122.14,198.14,57.406,132.41
121.52,195.02,57.934,132.44
120.98,192.0,58.437,132.48
120.51,189.01,58.83,132.48
119.95,186.07,59.222,132.5
119.21,183.1,59.496,132.56
117.97,180.2,59.975,132.6
116.17,177.33,60.663,132.81
113.65,174.5,61.458,133.1
110.29,171.48,62.44,133.43
106.03,168.45,63.583,133.9
100.73,165.35,64.912,134.45
94.362,162.23,66.292,135.17
86.828,158.96,67.907,135.98
78.091,155.54,69.774,136.96
68.014,152.17,72.114,138.06
56.815,148.4,74.599,139.32
44.612,144.05,77.193,140.76
31.401,139.25,80.115,142.29
18.638,143.55,81.555,127.63
3.6451,138.32,84.987,129.34
1.0,132.4,75.589,131.21
1.0,126.46,63.258,133.26
1.0,120.54,50.764,135.46
1.0,114.3,38.167,137.75
nan,nan,nan,nan
nan,nan,nan,nan
nan,nan,nan,nan
nan,nan,nan,nan
nan,nan,nan,nan
nan,nan,nan,nan
nan,nan,nan,nan
nan,nan,nan,nan
nan,nan,nan,nan
nan,nan,nan,nan
nan,nan,nan,nan
nan,nan,nan,nan
nan,nan,nan,nan
nan,nan,nan,nan
nan,nan,nan,nan
nan,nan,nan,nan
nan,nan,nan,nan
nan,nan,nan,nan
nan,nan,nan,nan
nan,nan,nan,nan
nan,nan,nan,nan
nan,nan,nan,nan
nan,nan,nan,nan
nan,nan,nan,nan
nan,nan,nan,nan
1.0,1.0,67.812,88.846
1.0,1.0,86.542,83.801
1.0,1.0,105.32,80.555
20.33,1.0,104.6,79.077
44.822,1.0,98.319,78.88
68.409,1.0,92.263,80.141
90.918,1.0,86.558,82.395
111.97,1.0,81.359,85.876
131.6,1.0,76.675,90.211
150.79,1.0,72.148,95.582
167.44,1.0,68.536,100.98
182.68,1.0,65.272,106.54
196.25,1.0,62.49,112.35
208.31,1.0,60.122,118.07
219.15,2.0043,58.097,122.5
228.68,8.4351,56.44,121.23
237.06,14.184,55.078,120.1
244.7,19.187,53.685,119.11
251.82,23.437,52.199,118.16
258.28,26.964,50.887,117.35
264.12,29.709,49.876,116.73
269.53,31.823,49.031,116.29
274.57,33.319,48.343,115.89
279.4,34.275,47.703,115.63
284.15,34.832,47.367,115.39
288.63,35.047,47.341,115.26
293.05,35.139,47.313,115.17
297.48,35.072,47.235,115.26
301.83,35.124,47.279,115.32
306.24,35.267,47.212,115.37
310.32,35.473,47.529,115.44
314.17,35.743,47.977,115.56
317.94,36.124,48.466,115.62
321.75,36.625,48.886,115.67
325.57,37.24,49.259,115.65
329.39,37.896,49.627,115.7
333.15,38.676,50.099,115.69
336.95,39.522,50.526,115.76
340.68,40.447,50.987,115.8
346.28,42.161,46.988,115.01
349.93,43.291,47.546,115.05
353.52,44.489,48.12,115.11
357.03,45.747,48.73,115.19
360.51,47.087,49.375,115.28
363.92,48.476,49.964,115.36
367.28,49.981,50.701,115.46
370.67,51.594,51.326,115.51
373.95,53.225,52.026,115.61
377.28,54.979,52.565,115.68
380.54,56.85,53.205,115.72
383.64,58.678,53.785,115.79
386.71,60.602,54.137,115.72
389.81,62.622,54.459,115.69
392.85,64.701,54.81,115.68
395.8,66.806,55.157,115.69
398.59,68.861,55.297,115.58
401.48,71.103,55.528,115.55
404.18,73.302,55.977,115.6
406.9,75.6,56.331,115.6
409.56,77.997,56.581,115.54
412.22,80.457,56.841,115.51
415.11,80.849,55.81,118.27
417.53,83.233,55.903,118.2
419.92,85.718,56.028,118.15
422.28,88.242,56.115,118.08
424.54,90.811,56.238,118.01
426.79,93.445,56.341,117.99
428.95,96.13,56.557,117.92
431.0,98.85,56.849,117.93
432.97,101.48,57.047,117.92
434.93,104.2,57.328,117.95
436.85,106.99,57.31,117.88
438.74,109.64,56.98,117.79
440.57,112.43,56.77,117.66
441.48,114.69,60.172,118.98
443.21,117.7,60.226,118.93
444.76,120.54,60.21,118.9
446.23,123.27,60.158,118.9
447.64,126.05,60.102,118.83
448.97,129.01,60.214,118.83
450.31,131.85,60.141,118.82
451.59,134.88,60.07,118.77
452.83,137.94,60.035,118.81
454.01,141.16,60.042,118.77
455.1,144.46,60.163,118.82
456.04,147.67,60.277,118.91
456.86,150.9,60.447,119.0
457.55,154.15,60.751,119.08
458.23,157.37,61.024,119.21
458.89,160.51,61.076,119.25
459.49,163.58,61.015,119.27
460.02,166.74,61.084,119.32
460.47,169.75,61.064,119.38
460.84,172.79,61.039,119.43
461.14,175.83,61.057,119.48
461.5,178.65,60.744,119.44
462.32,183.31,58.653,114.91
462.63,186.09,58.254,114.83
462.79,188.82,57.943,114.81
462.88,191.71,57.667,114.77
462.89,194.52,57.382,114.76
462.77,197.43,57.228,114.8
462.55,200.4,57.175,114.89
462.29,203.41,57.081,114.95
462.07,206.43,57.141,115.08
462.04,209.47,57.26,115.24
462.34,212.73,57.47,115.43
463.17,216.02,57.464,115.63
464.62,219.41,57.331,115.81
467.75,226.49,55.421,106.22
470.66,230.23,55.461,106.59
474.51,234.11,55.34,106.96
479.21,238.36,55.334,107.44
484.78,243.2,55.332,108.08
491.27,248.34,55.385,108.8
498.51,254.09,55.62,109.78
506.42,260.5,56.001,110.94
515.12,267.44,56.458,112.29
524.15,277.12,62.424,105.33
534.18,285.13,62.907,106.99
544.64,293.63,63.531,108.81
555.45,302.61,64.128,110.79
566.56,312.0,64.622,112.97
577.14,323.55,63.86,110.88
588.47,333.58,52.526,113.18
599.23,343.84,41.77,115.66
608.73,354.18,32.266,118.35
nan,nan,nan,nan
nan,nan,nan,nan
nan,nan,nan,nan
nan,nan,nan,nan
nan,nan,nan,nan
nan,nan,nan,nan
nan,nan,nan,nan
nan,nan,nan,nan
nan,nan,nan,nan
nan,nan,nan,nan
nan,nan,nan,nan
nan,nan,nan,nan
nan,nan,nan,nan
nan,nan,nan,nan
nan,nan,nan,nan
nan,nan,nan,nan
nan,nan,nan,nan
nan,nan,nan,nan
nan,nan,nan,nan
nan,nan,nan,nan
nan,nan,nan,nan
nan,nan,nan,nan
nan,nan,nan,nan
nan,nan,nan,nan
nan,nan,nan,nan
nan,nan,nan,nan
nan,nan,nan,nan
nan,nan,nan,nan
443.68,443.2,65.435,37.8
430.17,434.97,64.407,46.03
417.98,426.37,62.54,54.628
406.48,417.71,60.825,63.289
395.75,409.08,59.253,71.92
385.75,400.64,57.938,80.36
376.35,392.54,56.805,88.433
367.66,384.77,56.002,87.007
359.65,377.51,55.418,85.808
352.27,370.86,54.935,84.804
345.59,364.86,54.474,83.933
339.49,359.54,54.139,83.179
333.95,354.9,53.917,82.613
328.9,350.99,53.643,82.116
324.25,347.78,53.467,81.667
319.97,345.24,53.316,81.386
317.23,342.29,51.148,84.987
313.44,340.92,51.048,84.783
309.73,340.03,51.021,84.592
306.12,339.55,51.007,84.498
302.57,339.37,50.975,84.317
298.98,339.31,50.999,84.267
295.43,339.35,50.998,84.222
291.87,339.34,50.98,84.123
288.27,339.26,51.066,84.157
284.7,339.12,51.063,84.194
281.24,338.27,51.012,86.616
277.66,338.01,51.014,86.642
274.07,337.7,51.035,86.658
270.5,337.29,51.05,86.712
266.98,336.84,51.064,86.774
263.4,336.32,51.138,86.819
259.85,335.8,51.162,86.826
256.34,335.17,51.197,86.879
252.82,334.52,51.243,86.894
249.4,333.76,51.23,86.954
245.96,333.01,51.276,86.99
242.56,332.15,51.332,87.075
239.27,331.29,51.338,87.13
235.98,330.35,51.351,87.164
232.7,329.39,51.368,87.193
229.44,328.36,51.429,87.25
226.13,327.27,51.458,87.256
222.93,326.19,51.569,87.264
219.77,325.01,51.596,87.325
216.64,323.8,51.637,87.351
215.91,319.06,48.683,99.769
212.92,317.72,48.728,99.808
210.01,316.33,48.766,99.933
207.05,314.85,48.802,100.01
204.07,313.32,48.837,100.03
201.15,311.78,48.941,100.05
198.14,310.14,49.029,100.08
195.13,308.42,49.089,99.938
192.05,306.58,49.203,99.914
189.16,304.77,49.273,99.846
186.34,302.89,49.299,99.832
183.56,300.98,49.38,99.753
180.72,298.96,49.451,99.7
177.99,296.92,49.571,99.625
177.49,294.18,46.179,101.46
175.0,292.13,46.225,101.44
172.66,290.07,46.277,101.39
170.46,288.07,46.284,101.4
168.38,286.05,46.343,101.43
166.38,282.98,46.443,104.77
164.45,280.93,46.453,104.77
162.61,278.96,46.504,104.78
160.5,276.92,46.687,104.79
158.44,274.66,46.736,104.71
156.4,272.26,46.789,104.64
154.38,269.92,46.992,104.58
152.43,267.45,47.121,104.55
150.51,264.99,47.312,104.49
148.71,262.47,47.444,104.42
146.9,259.97,47.633,104.41
145.24,257.4,47.708,104.34
143.59,254.79,47.935,104.31
141.97,252.17,48.059,104.2
140.46,249.57,48.252,104.22
139.01,246.98,48.451,104.15
137.62,244.38,48.592,104.1
136.3,241.75,48.795,104.03
135.06,239.07,48.996,104.05
133.87,236.4,49.2,103.97
132.74,233.72,49.344,103.93
131.65,230.89,49.458,103.89
130.65,228.06,49.707,103.83
129.75,225.21,49.831,103.78
128.81,222.52,50.237,103.84
128.0,219.68,50.494,103.84
127.28,216.94,50.705,103.79
126.56,214.19,50.977,103.84
129.81,209.24,46.414,107.9
129.25,206.28,46.652,107.83
128.71,203.33,46.956,107.85
128.3,200.42,47.207,107.88
127.91,197.62,47.591,107.86
127.54,194.82,47.917,107.89
127.07,192.11,48.278,107.93
126.49,189.41,48.597,107.99
125.42,186.63,48.941,108.09
123.83,183.76,49.382,108.22
121.55,180.86,49.921,108.47
118.6,177.81,50.376,108.67
114.78,174.64,50.949,108.95
109.95,171.41,51.676,109.36
104.04,168.01,52.608,109.88
97.097,164.4,53.661,110.46
89.016,160.44,54.869,111.18
79.843,156.15,56.282,111.98
69.755,151.17,57.733,112.93
58.787,145.27,59.169,113.88
46.431,139.87,61.4,115.23
33.028,134.31,64.013,116.69
18.718,128.74,66.919,118.26
3.5179,122.89,70.269,120.07
1.0,116.56,60.618,121.95
1.0,109.95,48.295,123.91
1.0,102.81,35.845,125.96
nan,nan,nan,nan
nan,nan,nan,nan
nan,nan,nan,nan
nan,nan,nan,nan
nan,nan,nan,nan
nan,nan,nan,nan
nan,nan,nan,nan
nan,nan,nan,nan
nan,nan,nan,nan
nan,nan,nan,nan
nan,nan,nan,nan
nan,nan,nan,nan
nan,nan,nan,nan
nan,nan,nan,nan
nan,nan,nan,nan
nan,nan,nan,nan
nan,nan,nan,nan
nan,nan,nan,nan
nan,nan,nan,nan
nan,nan,nan,nan
nan,nan,nan,nan
nan,nan,nan,nan
nan,nan,nan,nan
nan,nan,nan,nan
nan,nan,nan,nan
1.0,1.0,82.107,55.759
13.456,1.0,86.161,56.449
34.701,1.0,81.552,57.953
56.388,1.0,76.887,59.911
78.266,1.0,71.966,62.461
99.297,1.0,67.36,66.067
119.05,1.0,63.273,70.711
137.88,1.0,59.411,75.972
155.41,1.0,55.981,81.854
171.54,1.0,53.016,88.219
186.51,1.0,50.347,94.712
200.04,1.0,48.085,101.32
212.24,1.0,46.063,107.91
222.91,1.0,44.454,114.34
232.67,3.6778,42.997,117.59
241.38,10.337,41.719,116.45
249.11,16.295,40.647,115.46
256.07,21.474,39.67,114.58
262.25,25.805,38.912,113.95
267.89,29.443,38.263,113.34
273.12,32.277,37.6,112.9
278.74,39.472,35.742,105.85
283.27,40.926,35.163,105.61
287.57,41.925,34.698,105.38
291.73,42.481,34.28,105.25
295.82,42.682,34.275,105.16
299.95,42.682,34.278,105.2
304.06,42.672,34.278,105.24
308.17,42.667,34.275,105.33
311.94,42.758,34.582,105.39
315.65,42.992,34.9,105.42
319.35,43.281,35.267,105.45
323.0,43.6,35.668,105.5
326.69,44.046,36.092,105.56
330.35,44.616,36.507,105.56
333.97,45.184,36.858,105.64
337.63,45.871,37.216,105.67
341.28,46.67,37.575,105.65
344.7,47.508,38.017,105.65
348.24,48.446,38.38,105.65
351.82,49.453,38.774,105.7
355.38,50.612,39.287,105.71
358.91,51.764,39.708,105.76
362.36,53.022,40.16,105.78
365.88,54.46,40.495,105.73
369.36,55.904,40.793,105.73
372.75,57.381,41.021,105.7
376.05,59.011,41.496,105.68
379.23,60.498,41.702,105.69
382.34,62.141,41.948,105.65
385.38,63.799,42.203,105.61
388.41,65.537,42.494,105.56
391.34,67.271,42.565,105.47
394.32,69.127,42.697,105.44
397.27,71.059,42.897,105.39
400.17,73.058,43.094,105.33
403.04,75.102,43.308,105.33
405.87,77.325,43.774,105.34
408.68,79.648,44.238,105.38
411.42,81.951,44.648,105.42
414.01,84.266,45.044,105.42
416.58,86.606,45.365,105.43
419.06,88.976,45.685,105.41
421.52,91.378,45.806,105.39
423.89,93.789,45.964,105.35
426.21,96.26,46.141,105.3
428.48,98.693,46.179,105.28
430.67,101.23,46.267,105.24
433.7,108.07,43.205,98.417
435.76,110.6,43.278,98.388
437.78,113.15,43.289,98.359
439.74,115.82,43.425,98.329
441.63,118.47,43.537,98.335
443.44,121.1,43.592,98.314
445.25,123.8,43.634,98.306
446.94,126.71,43.778,98.26
448.57,129.53,43.942,98.302
450.15,132.52,44.243,98.349
451.65,135.49,44.399,98.392
453.1,138.43,44.489,98.421
455.85,139.69,39.355,99.967
457.16,142.48,39.257,99.903
458.32,145.36,39.339,99.918
459.45,148.24,39.312,99.91
460.52,150.99,39.295,99.918
461.54,153.8,39.223,99.87
462.51,156.6,39.136,99.888
463.43,159.36,38.939,99.833
464.27,162.19,38.839,99.85
465.0,164.99,38.886,99.881
465.77,167.35,38.462,99.78
466.44,170.21,38.345,99.773
467.02,173.04,38.27,99.78
467.52,175.97,38.243,99.82
467.98,178.88,38.175,99.841
468.33,181.94,38.184,99.85
468.63,184.96,38.139,99.881
468.86,187.86,38.079,99.9
469.03,190.82,37.965,99.907
469.19,193.62,37.734,99.932
469.38,196.12,37.316,99.854
469.4,198.94,37.069,99.842
469.39,201.71,36.759,99.826
469.32,204.53,36.503,99.844
469.33,207.33,36.239,99.831
469.55,210.04,36.095,99.883
470.1,212.93,35.923,99.955
471.14,215.91,35.814,100.07
472.76,219.07,35.652,100.22
475.43,224.81,35.154,93.94
478.5,228.3,35.071,94.173
482.4,232.1,35.022,94.521
487.09,236.32,35.126,94.989
492.72,240.82,35.148,95.5
499.18,245.89,35.306,96.225
506.45,251.54,35.556,97.047
514.46,257.9,35.89,97.99
523.28,264.59,36.074,99.121
532.82,271.86,36.257,100.37
542.86,279.89,36.475,101.74
553.35,288.43,36.634,103.39
564.49,297.06,36.909,105.06
575.59,306.63,37.822,106.99
585.99,316.8,39.353,109.09
595.98,327.48,41.302,111.31
605.81,338.15,35.188,113.68
615.68,347.89,25.316,116.03
624.96,357.93,16.036,118.45
nan,nan,nan,nan
nan,nan,nan,nan
nan,nan,nan,nan
nan,nan,nan,nan
nan,nan,nan,nan
nan,nan,nan,nan
nan,nan,nan,nan
nan,nan,nan,nan
nan,nan,nan,nan
nan,nan,nan,nan
nan,nan,nan,nan
nan,nan,nan,nan
nan,nan,nan,nan
nan,nan,nan,nan
nan,nan,nan,nan
nan,nan,nan,nan
nan,nan,nan,nan
nan,nan,nan,nan
nan,nan,nan,nan
nan,nan,nan,nan
nan,nan,nan,nan
nan,nan,nan,nan
nan,nan,nan,nan
nan,nan,nan,nan
nan,nan,nan,nan
nan,nan,nan,nan
nan,nan,nan,nan
452.52,441.63,40.095,39.366
439.67,433.32,38.136,47.678
427.37,424.85,36.43,56.15
415.87,416.21,35.026,64.786
405.36,407.43,33.836,73.566
395.49,398.92,32.981,82.08
386.34,390.7,32.13,90.3
377.92,382.87,31.461,96.939
370.0,375.54,31.178,95.635
362.71,368.85,30.851,94.551
356.05,362.76,30.622,93.594
350.08,357.37,30.433,92.774
344.63,352.71,30.246,92.125
339.63,348.75,30.081,91.586
334.99,345.51,29.969,91.156
330.73,342.95,29.874,90.854
326.73,341.0,30.107,90.589
322.94,339.6,30.219,90.413
319.36,338.73,30.223,90.292
315.91,338.22,30.158,90.145
312.43,338.01,30.182,90.093
309.0,337.97,30.205,90.01
305.61,337.97,30.16,89.936
302.18,337.97,30.223,89.883
298.71,337.89,30.221,89.824
296.81,337.97,27.662,88.585
293.36,337.76,27.643,88.623
289.93,337.52,27.67,88.641
286.49,337.18,27.656,88.65
283.03,336.81,27.698,88.661
279.63,336.4,27.672,88.682
276.2,335.88,27.731,88.702
272.76,335.32,27.782,88.706
269.41,334.7,27.777,88.726
265.98,334.02,27.89,88.738
262.71,333.28,27.882,88.759
259.39,332.49,27.939,88.772
256.02,331.7,28.085,88.76
252.75,330.79,28.127,88.764
249.66,329.87,28.059,88.815
246.38,328.87,28.195,88.785
243.13,327.84,28.337,88.754
239.96,326.74,28.393,88.788
236.88,325.56,28.327,88.789
233.86,324.34,28.313,88.807
230.82,323.09,28.303,88.829
227.79,321.77,28.22,88.84
224.82,320.35,28.146,88.839
221.83,318.91,28.198,88.855
218.83,317.43,28.241,88.83
216.12,316.0,28.183,88.858
213.23,314.45,28.207,88.797
210.42,312.85,28.265,88.783
207.7,311.23,28.241,88.762
204.98,309.51,28.267,88.781
204.51,308.39,24.96,86.514
201.83,306.57,25.013,86.495
199.3,304.76,25.024,86.475
196.65,302.83,25.053,86.394
194.1,300.86,25.113,86.374
191.73,298.96,25.152,86.339
189.53,297.14,25.147,86.323
187.16,295.1,25.137,86.278
184.91,293.19,25.216,86.222
182.66,291.04,25.185,86.174
180.36,288.92,25.252,86.112
178.2,286.72,25.287,86.095
176.17,284.54,25.268,86.062
174.2,282.38,25.358,86.0
172.35,280.18,25.343,85.988
170.53,277.96,25.34,85.972
168.76,275.69,25.372,85.972
167.03,273.48,25.547,85.938
165.21,271.18,25.748,85.926
163.54,269.09,26.049,85.978
161.91,266.84,26.217,85.928
160.31,264.64,26.454,85.944
158.76,262.57,26.874,85.974
157.27,260.15,27.023,85.985
155.82,257.83,27.254,85.968
154.45,255.49,27.481,85.973
153.1,253.12,27.76,85.95
151.84,251.1,28.173,85.996
150.6,248.82,28.56,86.026
149.38,246.49,28.99,86.054
148.28,244.28,29.415,86.111
147.16,242.0,29.838,86.146
146.15,239.69,30.201,86.135
145.16,237.02,30.5,86.171
144.29,234.19,30.621,86.119
143.48,231.34,30.669,86.065
142.74,228.57,30.696,86.024
142.91,228.29,29.923,79.761
142.37,225.4,29.923,79.715
141.88,222.5,29.93,79.623
141.48,219.54,29.924,79.564
141.1,216.69,30.02,79.529
140.86,213.8,30.007,79.518
140.55,211.12,30.22,79.514
140.16,208.45,30.389,79.51
139.58,205.78,30.573,79.532
138.6,203.12,30.782,79.608
137.02,200.77,31.197,79.707
134.87,198.35,31.527,79.802
131.92,195.88,31.983,79.999
128.18,193.1,32.361,80.203
123.53,190.12,32.804,80.474
117.96,186.91,33.301,80.769
111.34,183.48,33.965,81.192
103.63,179.82,34.753,81.626
94.891,175.93,35.698,82.213
85.053,171.89,36.832,82.897
74.225,167.64,38.077,83.66
62.507,162.91,39.514,84.501
50.014,157.6,41.005,85.446
36.872,151.67,42.628,86.444
22.855,146.16,44.606,87.635
8.5297,139.75,46.648,88.84
1.0,133.33,41.697,90.176
1.0,126.55,29.19,91.555
1.0,119.5,16.842,93.009
nan,nan,nan,nan
nan,nan,nan,nan
nan,nan,nan,nan
nan,nan,nan,nan
nan,nan,nan,nan
nan,nan,nan,nan
nan,nan,nan,nan
nan,nan,nan,nan
nan,nan,nan,nan
nan,nan,nan,nan
nan,nan,nan,nan
nan,nan,nan,nan
nan,nan,nan,nan
nan,nan,nan,nan
nan,nan,nan,nan
nan,nan,nan,nan
nan,nan,nan,nan
nan,nan,nan,nan
nan,nan,nan,nan
nan,nan,nan,nan
nan,nan,nan,nan
nan,nan,nan,nan
nan,nan,nan,nan
1.0,1.0,51.388,59.809
7.6102,1.0,62.303,57.446
29.02,1.0,58.717,56.157
50.465,1.0,55.238,56.014
71.466,1.0,51.97,57.265
93.083,1.0,48.112,58.91
112.75,1.0,45.292,62.137
131.91,1.0,42.534,65.967
150.31,1.0,39.953,70.479
167.5,1.0,37.607,75.592
183.37,1.0,35.547,81.245
197.54,7.6785,33.872,80.744
210.32,15.181,32.35,79.579
221.76,22.528,30.995,78.567
232.09,29.541,29.813,77.631
241.25,36.075,28.891,76.843
249.66,42.031,27.892,76.088
257.14,47.413,27.093,75.456
263.62,52.044,26.581,74.978
269.65,55.995,25.989,74.542
275.12,59.278,25.497,74.183
280.12,61.824,25.016,73.88
284.84,63.776,24.591,73.66
289.24,65.184,24.213,73.441
293.43,66.049,23.87,73.323
297.54,66.55,23.507,73.227
301.56,66.765,23.192,73.12
305.55,66.78,23.171,73.1
309.5,66.754,23.223,73.168
313.37,66.738,23.332,73.233
316.97,66.829,23.804,73.307
320.62,67.017,24.153,73.361
324.29,67.287,24.451,73.387
327.96,67.591,24.693,73.454
331.63,68.035,25.003,73.505
335.25,68.522,25.388,73.523
338.86,69.118,25.689,73.581
342.43,69.742,26.058,73.623
346.01,70.5,26.247,73.606
349.6,71.326,26.362,73.592
353.15,72.216,26.5,73.585
356.68,73.146,26.706,73.574
360.22,74.251,27.079,73.592
363.81,75.43,27.337,73.626
367.38,76.705,27.658,73.603
370.91,78.032,27.876,73.631
374.36,79.416,28.267,73.672
377.78,80.885,28.587,73.697
381.14,82.446,28.944,73.713
384.44,84.037,29.144,73.74
387.61,85.648,29.295,73.662
390.79,87.328,29.377,73.631
393.92,89.096,29.493,73.613
396.98,90.898,29.642,73.587
