741.0,348.0,31.0,49.0
742.0,349.0,29.0,48.0
742.0,349.0,29.5,48.5
742.62,349.88,28.565,48.142
741.79,350.64,29.599,47.817
742.94,351.47,28.662,48.422
743.84,351.41,28.294,48.478
744.74,352.4,28.36,48.642
746.42,353.03,28.378,48.948
748.61,354.21,28.477,49.111
750.92,355.19,28.604,49.388
753.77,356.38,28.791,49.513
757.25,357.63,28.855,49.997
761.25,359.32,29.075,49.968
765.17,360.69,29.099,50.493
769.27,362.0,29.44,50.648
773.4,364.04,29.483,50.925
777.48,365.96,29.692,50.938
781.5,367.65,29.824,51.413
785.6,369.83,30.008,51.417
789.58,371.92,30.0,51.557
793.55,374.12,30.274,52.108
797.6,376.18,30.416,52.252
801.77,378.81,30.735,52.516
806.04,381.28,30.678,52.821
810.14,383.94,30.989,53.281
814.52,386.5,31.065,53.57
818.8,389.14,31.671,54.234
823.38,391.75,32.005,54.418
828.45,394.8,31.966,54.343
833.08,397.56,32.215,54.825
837.97,400.47,32.621,55.154
842.59,402.92,33.165,55.422
848.0,405.64,33.194,55.511
852.84,408.5,33.587,55.767
857.76,411.21,33.892,56.001
862.23,413.86,34.233,56.446
866.63,416.27,34.386,56.62
870.92,418.81,34.775,56.82
875.07,421.42,35.099,56.885
878.8,423.92,35.412,57.266
882.24,425.78,35.529,57.616
885.65,427.96,35.925,57.734
889.23,430.28,36.118,57.556
892.53,432.26,36.416,57.901
896.01,433.93,36.489,58.145
899.35,435.89,36.603,58.072
902.58,437.66,36.921,58.225
905.72,439.15,37.341,58.475
908.87,440.71,37.508,58.543
912.11,442.16,37.609,58.611
915.26,443.63,37.958,58.677
917.7,444.3,38.849,59.221
919.98,445.26,39.818,59.214
923.38,446.47,40.058,59.276
926.74,447.62,40.353,59.236
929.08,448.01,41.305,59.813
931.52,448.65,42.401,59.84
935.06,449.61,42.587,59.742
937.96,450.46,43.006,59.847
940.57,451.33,43.377,59.45
943.01,451.55,43.927,59.947
945.51,452.17,44.209,59.921
946.94,452.31,44.85,59.968
948.6,452.9,45.108,59.383
949.99,452.89,45.52,59.802
951.06,452.92,45.927,59.662
951.55,452.6,46.51,59.707
952.13,452.64,46.882,59.596
952.65,452.38,47.183,59.841
952.96,451.86,47.603,59.544
953.32,451.56,47.832,59.523
953.41,451.15,48.28,59.579
953.5,450.61,48.664,59.748
953.88,450.09,48.982,59.766
954.1,449.65,49.429,59.577
954.29,449.21,49.85,59.605
953.37,448.31,51.195,59.781
953.93,447.99,51.477,59.513
954.51,447.38,51.879,59.229
955.1,446.86,52.125,59.195
954.74,445.65,53.466,59.44
955.44,445.26,53.662,58.928
956.65,444.6,53.632,58.479
957.51,443.49,53.968,58.606
958.62,442.51,54.201,58.561
959.43,441.74,54.265,58.395
960.49,440.71,54.396,58.236
961.46,439.53,54.601,58.228
962.35,438.69,54.58,57.957
962.81,437.7,54.709,57.855
963.62,436.27,54.937,57.919
964.58,435.57,54.901,57.419
965.32,434.61,55.026,57.406
965.86,433.75,55.31,57.478
966.55,432.45,55.356,57.397
967.16,431.77,55.663,57.237
968.01,430.86,55.861,57.382
968.62,430.04,56.005,57.346
969.35,428.87,55.957,57.167
969.66,428.09,56.531,57.395
970.51,427.38,56.57,57.283
970.36,426.56,57.16,57.217
971.95,425.99,56.477,57.272
972.84,425.29,56.547,57.139
973.76,424.62,56.608,57.295
974.15,423.9,56.91,57.278
976.1,423.44,56.225,57.514
977.54,422.77,55.986,57.523
978.95,421.78,55.916,57.92
980.61,420.95,55.538,58.049
982.2,420.24,55.489,58.109
984.0,419.44,55.406,58.636
985.9,418.56,55.105,58.621
988.04,417.67,55.097,59.095
990.2,417.3,55.014,59.344
992.61,416.54,54.828,59.76
994.53,415.94,54.897,60.081
997.68,415.38,54.84,60.563
1000.2,415.11,54.706,61.035
1003.1,414.6,54.583,61.043
1005.6,414.27,54.751,61.653
1009.5,414.24,54.413,61.871
1012.4,414.6,54.204,62.011
1016.1,414.71,53.875,61.823
1019.6,415.05,53.872,62.361
1023.6,415.76,53.617,62.364
1027.2,417.0,53.404,63.032
1031.4,417.65,52.957,63.062
1035.2,418.98,52.843,63.324
1039.2,420.78,52.733,63.175
1043.0,422.42,52.444,63.878
1047.0,423.87,52.185,64.003
1050.6,426.12,52.268,63.953
1054.2,428.65,52.087,63.773
1057.7,431.21,51.933,63.678
1061.0,433.43,51.713,63.739
1063.8,436.04,52.028,64.144
1067.2,439.18,51.965,64.103
1069.8,442.44,52.176,64.145
1072.7,445.13,52.124,64.173
1075.2,448.27,52.174,64.432
1078.2,451.81,52.177,64.4
1080.6,455.11,52.579,64.944
1083.3,458.24,52.745,65.158
1086.2,461.49,52.663,65.126
1089.0,464.85,52.319,65.112
1091.7,467.87,52.758,65.948
1093.8,470.58,53.248,66.739
1096.5,473.32,53.358,67.165
1099.4,475.95,53.231,67.197
1102.0,478.44,53.501,67.81
1103.0,480.08,54.22,68.879
1104.9,481.54,54.856,68.12
1107.0,483.2,55.347,68.238
1109.4,485.08,55.513,68.055
1110.2,486.1,56.127,68.232
1111.7,486.31,56.773,67.085
1113.1,487.21,57.406,67.19
1114.9,488.03,57.702,66.652
1116.4,488.57,58.037,66.017
1118.2,488.64,58.185,65.93
1119.5,488.65,58.588,65.643
1121.0,488.38,58.748,65.198
1122.8,488.0,58.927,64.81
1124.8,488.03,58.809,64.413
1126.7,487.65,58.761,64.088
1128.6,487.39,58.745,63.458
1130.2,486.72,59.452,63.68
1131.8,486.6,59.819,63.492
1134.0,486.57,59.732,63.215
1135.8,486.44,60.109,62.876
1137.1,485.92,60.871,62.95
1138.6,485.69,61.364,62.772
1140.3,485.66,61.59,62.549
1141.5,485.0,62.304,62.417
1142.7,484.47,62.546,61.98
1143.0,484.09,63.465,60.945
1144.2,483.95,63.444,60.582
1145.1,483.4,63.755,60.409
1145.8,482.75,64.004,60.067
1145.8,481.8,65.089,59.597
1146.8,481.27,64.87,59.285
1147.7,480.64,64.809,59.079
1148.8,479.6,64.803,58.871
1149.6,478.27,64.92,58.963
1150.6,477.01,64.872,58.955
1151.6,475.8,64.77,58.678
1152.5,474.17,64.362,58.361
1153.1,472.56,64.358,58.282
1153.7,471.12,63.847,57.902
1154.2,469.13,63.578,57.482
1154.1,467.18,63.413,57.134
1154.0,465.05,63.296,57.032
1154.0,463.39,62.642,56.634
1153.4,461.02,62.715,56.299
1152.6,458.88,62.385,55.883
1151.9,456.8,62.173,55.733
1151.1,454.69,61.97,55.67
1150.0,452.38,62.531,55.725
1148.6,449.97,62.012,55.328
1147.2,447.92,62.064,55.377
1145.5,446.18,61.873,55.127
1144.8,443.84,61.882,55.528
1143.1,441.26,61.799,55.603
1141.8,439.03,61.681,55.699
1140.6,436.98,61.27,55.263
1140.3,434.67,60.832,55.488
1139.8,432.27,60.606,55.617
1139.4,429.89,59.943,55.559
1139.0,427.04,59.993,55.802
1139.0,424.73,59.698,55.736
1138.9,422.62,59.284,55.669
1138.9,420.31,58.892,55.627
1138.4,417.92,59.216,56.038
1138.5,415.73,58.939,56.138
1137.8,413.69,59.267,56.397
1137.5,411.38,59.217,56.547
1137.3,409.31,59.023,56.576
1136.8,407.11,58.892,56.858
1136.2,404.93,59.288,57.32
1136.0,402.75,58.953,57.361
1136.2,400.82,58.445,57.303
1135.9,398.76,58.508,57.575
1136.0,397.07,58.39,57.786
1136.2,395.25,58.362,58.084
1136.8,393.64,57.853,58.087
1137.1,392.49,57.999,58.837
1138.6,391.9,57.609,58.828
1139.2,390.76,58.002,59.428
1140.2,389.92,57.749,59.54
1140.7,389.59,58.143,60.435
1142.7,389.89,57.654,59.957
1144.1,389.92,57.598,60.025
1145.3,390.06,57.46,60.385
1145.8,390.14,57.901,60.431
1147.8,390.95,57.352,59.847
1149.4,391.42,56.941,59.657
1150.5,391.65,56.936,60.062
1151.0,392.19,56.873,59.716
1152.4,392.85,56.474,59.527
1153.5,393.66,56.249,59.407
1154.5,394.71,56.029,59.026
1155.2,395.89,55.925,58.95
1156.2,396.8,55.58,58.562
1157.0,398.05,55.412,58.451
1157.7,399.92,55.037,58.076
1157.8,401.66,55.011,58.002
1158.6,403.31,54.721,57.748
1158.8,404.88,54.566,57.694
1159.5,406.93,54.34,57.794
1159.4,408.81,54.264,57.694
1159.0,410.31,54.287,57.909
1158.9,411.84,53.868,57.462
1159.7,414.06,53.738,57.348
1160.3,416.35,53.635,57.481
1160.3,417.92,53.573,57.839
1160.4,419.12,53.456,57.656
1161.3,421.55,53.317,57.035
1162.4,424.31,53.374,57.16
1162.8,425.35,53.027,57.516
1163.2,426.81,53.128,57.25
1164.1,428.42,52.825,56.862
1164.7,430.3,52.934,56.91
1165.5,431.21,52.505,56.834
1165.0,432.41,52.573,56.392
1166.0,433.84,51.929,56.195
1166.8,436.13,51.933,56.337
1167.8,437.99,51.844,56.328
1167.0,438.66,52.058,56.181
1167.8,440.27,51.403,55.812
1168.6,442.2,51.339,55.907
1169.0,443.64,51.276,55.911
1169.1,444.04,51.147,55.665
1169.1,444.38,51.16,55.736
1169.0,444.52,51.156,55.695
1168.7,444.66,51.022,55.755
1168.4,444.48,50.834,55.673
1168.3,444.63,50.706,55.453
1167.8,444.25,50.713,55.296
1166.9,443.43,50.627,55.414
1166.1,442.86,50.413,55.221
1166.1,442.68,49.868,54.463
1165.4,441.69,49.495,54.139
1164.2,440.43,49.328,53.784
1163.3,439.66,48.789,53.26
1162.4,438.61,48.529,52.834
1161.4,437.31,47.907,52.135
1159.9,435.86,47.557,51.713
1158.5,434.56,47.073,51.206
1156.9,432.98,46.75,50.873
1155.4,431.27,46.327,50.209
1153.8,429.76,45.798,49.683
1152.0,427.85,45.516,49.414
1149.9,425.9,45.109,48.987
1147.9,424.22,45.124,48.903
1146.2,422.44,44.46,48.216
1143.7,420.39,44.272,48.082
1140.8,418.04,44.558,48.382
1138.6,416.46,44.575,48.424
1136.2,414.36,44.405,48.305
1133.2,412.39,44.432,48.328
1129.8,410.55,44.817,48.776
1127.7,408.77,45.055,49.044
1124.4,406.47,45.544,49.692
1121.8,404.57,45.477,49.62
1118.9,403.26,45.823,49.959
1116.3,401.68,46.337,50.473
1113.6,399.75,46.748,50.898
1111.5,398.13,46.627,50.963
1109.4,396.61,47.153,51.402
1107.4,395.3,47.421,51.875
1106.4,394.25,47.578,51.869
1105.8,393.28,47.649,52.183
1106.5,392.58,47.849,52.424
1107.2,391.79,47.763,52.659
1108.2,391.46,48.09,52.686
1110.0,391.13,48.276,53.192
1112.9,391.19,48.336,53.437
1115.3,391.21,48.218,53.412
1117.7,391.31,48.475,53.215
1120.4,391.33,48.348,53.477
1123.5,391.51,47.977,53.389
1126.0,391.96,47.888,53.038
1128.5,392.18,47.888,52.804
1131.2,392.56,47.716,52.68
1134.5,392.92,47.2,52.475
1136.9,393.28,47.062,52.096
1139.2,393.66,47.005,52.141
1141.9,394.28,47.293,52.272
1144.5,394.75,46.972,52.255
1146.8,394.69,47.423,52.689
1149.1,395.28,47.415,52.858
1151.5,395.63,47.65,53.067
1153.9,396.14,47.478,53.059
1156.7,396.15,47.889,53.478
1159.1,396.62,47.706,53.252
1161.4,396.88,47.369,53.14
1164.2,397.25,47.442,53.136
1166.9,397.56,47.396,53.069
1169.3,397.74,47.064,52.793
1171.5,397.99,46.659,52.576
1174.5,398.42,46.585,52.35
1176.9,398.61,46.316,52.016
1178.9,398.59,46.358,52.169
1181.3,398.93,45.945,51.743
1183.6,399.18,45.977,51.579
1185.6,399.25,45.498,51.139
1186.8,398.95,45.562,51.198
1188.2,399.15,45.127,50.904
1189.0,399.01,45.073,50.686
1189.0,398.73,44.812,50.523
1188.6,398.49,44.529,50.343
1188.5,397.98,44.537,50.451
1187.7,397.52,44.407,50.302
1186.5,397.06,44.412,50.23
1185.3,396.75,44.224,50.327
1184.8,396.0,44.209,50.12
1183.9,395.56,44.335,50.145
1183.2,395.14,44.378,50.108
1183.0,394.61,44.508,50.394
1182.8,394.21,44.276,49.988
1182.8,393.87,44.23,49.796
1183.2,393.83,44.109,49.713
1183.6,393.39,44.477,50.013
1185.0,393.27,44.466,49.771
1185.9,392.91,44.381,49.788
1187.0,393.15,44.166,49.62
1188.3,393.06,44.374,49.847
1189.6,392.99,44.461,49.743
1190.4,392.74,44.498,49.782
1191.4,392.75,44.383,49.698
1192.6,392.73,44.326,49.665
1193.1,392.66,44.4,49.773
1193.9,392.47,44.125,49.461
1194.4,392.33,44.135,49.472
1195.0,392.26,44.228,49.397
1195.5,392.16,44.255,49.424
1197.1,391.92,43.79,49.249
1198.4,391.88,43.791,49.314
1199.7,391.98,43.797,49.202
1201.1,391.82,43.659,49.105
1203.2,391.62,43.133,48.818
1205.0,391.47,43.257,49.02
1207.5,391.48,42.708,48.528
1209.2,391.28,42.767,48.764
1211.4,390.86,42.29,48.401
1213.0,390.5,42.516,48.582
1215.5,390.25,41.947,48.026
1217.3,389.94,41.884,48.223
1219.2,389.28,41.681,48.087
1221.0,388.81,41.942,48.197
1222.8,388.07,41.816,48.127
1225.0,387.62,41.504,48.061
1227.1,387.14,41.353,47.844
1228.8,386.34,41.539,47.958
1230.4,385.47,41.401,47.934
1232.4,385.01,41.256,47.867
1234.8,384.46,41.039,47.734
1236.2,383.47,41.02,48.025
1237.6,382.66,40.922,47.933
1238.3,381.95,40.873,47.959
1238.7,381.02,40.41,47.826
1238.6,379.91,40.746,48.047
1238.2,378.74,40.858,48.136
1236.8,377.5,40.989,48.159
1235.2,376.34,40.636,47.907
1233.2,374.95,41.109,47.855
1231.2,373.48,41.257,48.039
1229.1,372.11,41.501,48.111
1227.4,370.89,41.564,47.94
1225.3,369.53,41.761,47.927
1223.8,368.26,41.912,48.033
1222.5,367.15,42.072,48.052
1221.3,366.02,42.03,47.98
1220.6,364.92,42.34,48.044
1219.8,363.85,42.68,48.231
1219.9,363.14,42.856,48.171
1219.9,362.46,42.692,48.095
1220.3,361.43,42.957,48.13
1220.6,360.68,43.249,48.495
1221.4,360.08,43.495,48.362
1222.0,359.64,43.59,48.662
1222.6,358.84,43.765,48.574
1223.2,358.06,44.081,48.885
1224.2,357.5,44.328,48.728
1224.4,356.88,44.622,49.162
1224.5,356.35,45.096,48.936
1225.0,355.62,45.177,48.886
1225.7,355.2,45.353,48.931
1225.8,354.55,45.431,48.956
1225.7,353.78,45.814,48.969
1226.2,353.25,45.712,48.752
1226.5,352.75,45.775,48.799
1226.8,352.03,45.638,48.722
1226.8,351.02,45.947,49.102
1227.1,350.37,45.895,48.88
1227.2,349.66,45.846,48.803
1227.3,348.7,45.701,48.739
1227.2,347.86,45.731,48.68
1226.8,347.09,45.357,48.35
1225.8,346.14,45.311,48.266
1225.0,345.01,45.242,48.15
1223.9,344.03,44.76,47.841
1222.8,343.19,44.555,47.525
1221.0,341.96,44.376,47.422
1219.7,341.0,44.353,47.313
1218.0,339.76,44.291,47.373
1216.8,338.94,44.154,47.025
1215.5,337.73,43.87,46.825
1214.0,336.84,43.704,46.736
1212.4,335.52,43.71,46.662
1210.5,334.9,43.477,46.388
1208.8,333.56,43.233,46.219
1206.3,332.08,43.055,46.173
1204.1,330.82,42.694,45.877
1201.5,330.0,42.657,45.653
1198.9,328.4,42.442,45.656
1196.1,326.77,42.314,45.602
1193.8,325.65,42.026,45.368
1191.5,324.44,41.995,45.212
1189.7,322.76,41.692,45.165
1187.3,321.5,41.555,45.063
1185.2,320.14,41.446,44.943
1183.2,318.71,41.469,44.922
1181.5,317.2,41.247,44.643
1179.5,315.8,40.984,44.568
1177.0,314.25,40.941,44.428
1174.6,312.63,40.878,44.543
1172.4,311.45,40.766,44.358
1169.8,309.43,40.453,44.204
1167.0,308.0,40.722,44.304
1164.2,306.44,40.237,44.333
1161.3,305.06,40.239,44.465
1158.7,303.13,40.262,44.453
1155.9,301.77,40.356,44.641
1152.9,300.33,40.111,44.653
1150.1,298.81,40.091,44.781
1147.6,297.77,40.079,44.79
1144.8,296.51,39.852,44.632
1141.9,295.38,39.927,44.808
1139.4,294.2,39.689,44.814
1136.9,293.33,39.581,44.706
1134.6,292.37,39.589,44.675
1132.5,291.58,39.637,44.719
1130.8,290.94,39.513,44.684
1129.5,290.08,39.426,44.601
1128.6,289.41,39.514,44.803
1128.6,289.05,39.599,44.88
1128.7,288.57,39.6,44.913
1129.4,288.42,39.243,44.608
1130.0,288.42,39.284,44.669
1131.4,288.26,39.266,44.697
1132.7,287.79,39.22,44.736
1134.2,288.0,39.055,44.37
1135.5,288.34,38.93,44.274
1136.8,288.31,38.736,44.179
1138.2,288.17,38.681,44.021
1139.5,287.92,38.702,43.796
1140.6,288.02,38.711,43.794
1141.7,288.03,38.501,43.737
1143.1,288.0,38.477,43.567
1144.0,287.9,38.185,43.279
1145.3,287.85,38.209,43.248
1146.5,287.85,38.094,43.166
1147.7,287.48,37.95,43.13
1148.5,287.51,37.844,43.001
1149.8,287.28,37.727,42.871
1151.1,287.09,37.564,42.775
1152.3,286.77,37.498,42.763
1153.1,286.25,37.556,42.804
1154.1,285.72,37.575,42.779
1155.1,285.45,37.358,42.521
1156.2,285.14,37.264,42.462
1157.0,284.5,37.163,42.19
1158.0,283.88,37.153,42.188
1158.9,283.31,36.968,41.968
1160.0,282.96,36.85,41.91
1160.6,282.18,36.873,41.733
1161.2,281.47,36.779,41.681
1161.4,280.62,36.679,41.679
1161.6,279.98,36.854,41.714
1161.3,278.96,36.916,41.751
1160.7,278.12,36.791,41.663
1160.1,277.31,36.599,41.599
1158.9,276.35,36.748,41.662
1157.8,275.44,36.578,41.483
1156.5,274.65,36.436,41.343
1155.1,273.61,36.362,41.162
1153.6,272.65,36.362,41.328
1152.0,271.8,36.264,41.111
1150.9,270.85,36.281,41.095
1149.3,269.88,36.294,40.871
1147.7,268.68,36.383,41.089
1145.8,267.78,36.472,41.026
1144.1,266.69,36.531,40.978
1142.3,265.77,36.445,40.9
1140.2,264.67,36.592,40.996
1138.1,263.74,36.599,40.926
1135.8,262.76,36.561,40.651
1133.9,261.81,36.504,40.664
1131.5,260.79,36.633,40.73
1129.0,259.63,36.504,40.66
1126.5,258.77,36.386,40.389
1124.2,257.99,36.412,40.398
1121.3,256.97,36.37,40.309
1118.0,255.85,36.245,40.24
1115.2,255.03,36.006,39.968
1111.5,254.24,36.19,40.068
1107.8,253.37,35.986,39.821
1103.5,252.51,36.126,39.849
1099.4,251.8,35.91,39.528
1095.2,250.75,36.032,39.405
1091.1,250.31,35.636,39.494
1087.0,249.45,35.712,39.599
1082.6,249.04,35.557,39.454
1078.1,248.02,35.645,39.467
1074.5,247.79,35.153,39.602
1070.8,247.02,35.126,39.77
1067.7,246.93,34.843,39.696
1064.4,246.46,34.785,39.755
1062.3,246.19,34.544,39.73
1060.4,245.83,34.39,39.865
1059.0,245.9,34.24,39.82
1057.8,245.7,34.053,39.777
1057.5,245.6,33.859,39.858
1057.3,245.56,33.548,39.82
1057.1,245.66,33.505,39.829
1056.9,245.41,33.505,39.942
1056.9,245.33,33.215,39.94
1056.8,245.24,33.032,39.92
1056.6,245.12,32.858,39.998
1056.2,245.12,32.864,39.994
1056.3,245.01,32.466,39.867
1056.0,244.94,32.376,39.915
1055.7,244.73,32.254,39.948
1055.4,244.77,32.132,39.941
1055.5,244.94,31.529,39.939
1055.6,244.77,31.363,39.895
1055.4,244.71,31.296,39.882
1055.0,244.44,31.209,39.857
1055.0,244.52,30.672,39.906
1055.2,243.92,30.748,40.005
1055.1,243.91,30.735,39.99
1055.0,243.42,30.744,40.043
1054.6,243.12,30.512,39.885
1054.6,242.55,30.58,40.018
1054.4,242.57,30.483,39.882
1053.8,242.0,30.627,39.984
1053.6,241.79,30.407,39.787
1053.3,241.44,30.319,39.767
1052.8,241.38,30.22,39.731
1052.0,241.08,30.249,39.667
1052.1,240.7,30.091,39.583
1051.8,240.59,30.13,39.556
1051.7,240.22,30.146,39.671
1051.5,240.15,30.007,39.489
1052.0,239.71,30.038,39.546
1052.2,239.51,30.043,39.519
1052.5,239.03,30.056,39.526
1052.7,238.87,29.984,39.525
1053.2,238.35,30.094,39.691
1053.6,237.9,30.03,39.782
1053.9,237.59,29.852,39.615
1054.5,237.39,29.602,39.507
1054.9,236.88,29.666,39.527
1055.1,236.31,29.523,39.478
1055.6,236.11,29.218,39.359
1056.3,235.85,28.927,38.999
1057.0,235.3,28.916,39.031
1057.4,234.78,28.793,38.815
1057.7,234.44,28.623,38.696
1058.2,233.94,28.593,38.678
1058.8,233.38,28.527,38.794
1059.3,232.88,28.378,38.654
1059.6,232.41,28.398,38.577
1060.0,232.05,28.478,38.648
1060.3,231.53,28.387,38.679
1060.9,231.06,28.285,38.697
1061.3,230.45,28.316,38.7
1061.9,230.32,28.354,38.645
1062.1,229.51,28.279,38.562
1062.7,229.22,28.267,38.688
1063.1,228.5,28.181,38.602
1063.4,228.19,28.248,38.827
1064.0,227.36,28.174,38.607
1064.3,226.89,28.056,38.56
1064.6,226.24,28.017,38.722
1064.4,225.54,28.233,38.783
1064.9,224.89,28.19,38.657
1065.0,224.37,28.225,38.724
1065.0,223.74,28.248,38.843
1064.6,222.95,28.477,38.779
1064.5,222.6,28.596,38.833
1064.3,222.0,28.684,39.057
1064.5,221.39,28.777,38.981
1064.1,221.06,28.934,39.143
1063.7,220.57,29.146,39.189
1063.5,220.09,29.087,39.334
1063.7,219.7,29.371,39.444
1063.5,219.44,29.501,39.517
1063.6,218.93,29.551,39.41
1063.5,218.63,29.684,39.572
1063.5,218.42,29.999,39.708
1063.6,218.1,30.129,39.727
1063.8,217.87,30.178,39.708
1063.9,218.15,30.456,39.697
1063.8,218.47,30.657,39.866
1064.2,218.79,30.785,39.814
1064.0,219.31,30.915,39.958
1064.1,220.25,31.087,39.773
1063.9,221.16,31.207,39.984
1063.6,222.0,31.566,39.906
1064.0,223.2,31.427,39.815
1063.8,224.44,31.535,39.803
1064.1,225.43,31.376,39.812
1063.8,226.53,31.72,39.657
1064.2,227.66,31.496,39.495
1064.2,229.13,31.477,39.54
1064.8,230.16,31.249,39.459
1064.8,231.53,31.253,39.315
1064.8,232.97,31.227,39.206
1065.0,234.3,31.114,39.206
1065.1,235.9,31.093,39.166
1065.0,237.21,31.041,39.223
1065.3,238.99,30.962,39.087
1065.3,240.18,30.95,39.129
1065.5,241.65,30.992,38.928
1065.5,242.3,31.057,38.939
1065.7,243.14,30.948,39.106
1065.7,243.7,30.892,39.016
1066.0,244.08,30.982,38.842
1065.9,244.12,31.05,38.785
1066.0,244.14,30.95,38.858
1066.1,243.98,30.959,38.959
1066.0,244.04,31.0,38.937
1066.1,243.99,31.0,38.89
1066.0,244.05,30.937,38.812
1066.3,243.93,30.9,39.14
1066.3,244.06,30.882,39.189
1066.3,243.95,30.863,39.172
1066.3,243.99,30.813,39.123
1066.5,243.89,30.636,39.294
1066.6,243.92,30.651,39.349
1066.6,243.83,30.61,39.404
1066.6,243.76,30.459,39.365
1066.5,243.75,30.389,39.376
1066.4,243.58,30.502,39.484
1066.0,243.36,30.337,39.418
1065.7,243.37,30.342,39.481
1065.8,243.47,30.206,39.422
1065.5,243.28,30.268,39.596
1064.9,242.99,30.0,39.279
1064.8,243.08,30.095,39.418
1064.8,243.19,29.828,39.459
1064.7,242.95,29.788,39.582
1064.7,242.75,29.689,39.353
1064.8,242.7,29.663,39.456
1064.6,242.8,29.524,39.572
1064.7,242.57,29.39,39.541
1064.8,242.31,29.421,39.487
1064.9,242.28,29.364,39.492
1064.8,242.23,29.249,39.814
1064.9,242.39,28.977,39.063
1064.1,242.25,28.953,38.914
1062.5,242.0,28.784,38.835
1061.1,241.66,28.627,39.035
1059.6,241.45,28.437,38.26
1057.8,241.34,28.464,38.118
1056.0,240.91,28.304,37.9
1054.6,240.59,28.134,37.73
1053.2,239.84,28.075,37.56
1052.3,239.74,28.174,37.457
1052.3,239.36,28.097,37.288
1052.5,239.1,27.834,36.986
1052.5,238.72,27.569,36.643
1052.5,238.43,27.659,36.506
1052.8,238.1,27.526,36.275
1053.0,237.82,27.354,36.037
1053.1,237.53,27.132,35.784
1053.1,237.27,27.125,35.56
1053.2,237.02,27.102,35.377
1053.4,236.88,27.189,35.41
1053.5,236.5,27.215,35.313
1053.8,236.47,27.141,35.175
1053.7,236.21,27.162,35.085
1053.8,236.07,27.293,35.086
1053.9,236.08,27.175,34.562
1054.1,235.99,27.314,34.658
1054.0,235.68,27.299,34.571
1054.1,235.5,27.352,34.532
1054.3,235.68,27.248,34.156
1054.4,235.49,27.438,34.254
1054.4,235.41,27.498,34.335
1054.6,235.24,27.556,34.361
1054.8,235.3,27.616,34.418
1054.7,235.03,27.675,34.447
1054.8,235.05,27.734,34.526
1055.0,235.24,27.793,34.48
1055.0,235.23,27.852,34.505
1055.0,235.14,27.912,34.591
1055.2,235.2,27.971,34.614
1055.2,235.44,28.029,34.568
1055.3,235.44,28.088,34.594
1055.4,235.58,28.148,34.681
1055.4,235.71,28.207,34.66
1055.5,235.78,28.266,34.724
1055.4,235.83,28.325,34.747
1055.5,235.98,28.384,34.8
1055.5,236.14,28.444,34.776
1055.3,236.34,28.502,34.837
1055.3,236.41,28.562,34.835
1055.2,236.56,28.752,34.938
1055.7,236.52,28.469,35.058
1055.5,236.62,28.451,35.069
1055.6,236.61,28.397,35.074
1055.5,236.64,28.498,35.121
1055.9,236.44,28.035,35.159
1055.6,236.37,27.997,35.111
1055.6,236.22,27.828,35.192
1055.6,236.1,27.706,35.105
1055.4,235.93,27.442,34.989
1055.1,235.73,27.383,34.944
1054.9,235.64,27.174,34.965
1054.5,235.61,27.04,34.7
1054.2,235.14,26.697,34.549
1054.0,234.79,26.578,34.55
1053.6,234.67,26.216,34.31
1053.0,234.45,26.155,34.006
1052.4,233.74,25.758,33.794
1052.0,233.26,25.601,33.657
1051.3,232.74,25.304,33.497
1050.6,232.17,25.231,33.34
1050.0,231.38,25.069,33.15
1049.5,230.8,24.817,32.986
1048.8,229.99,24.603,32.963
1047.8,229.46,24.688,33.025
1047.5,228.49,24.413,32.961
1046.9,228.19,24.307,32.765
1046.3,227.27,24.059,32.673
1045.1,226.78,24.21,32.643
1044.4,225.61,24.0,32.876
1043.6,225.25,24.075,32.627
1043.0,224.49,23.854,32.43
1041.9,223.78,23.889,32.29
1041.0,222.77,24.012,32.521
1040.1,222.02,24.009,32.293
1039.3,221.47,23.807,31.997
1038.3,220.76,23.87,31.98
1037.5,219.97,23.681,31.927
1037.0,219.45,23.598,31.524
1036.0,218.59,23.482,31.328
1035.1,218.16,23.584,31.328
1034.2,217.22,23.315,31.328
1033.7,216.88,23.262,30.872
1032.7,215.77,23.323,30.892
1031.8,215.29,23.437,30.986
1030.7,214.49,23.395,30.941
1029.9,213.75,23.414,30.691
1029.0,212.69,23.543,30.808
1028.0,211.74,23.592,30.968
1026.9,211.45,23.584,30.727
1026.0,210.55,23.775,30.842
1024.1,209.51,24.694,30.91
1023.1,208.52,24.785,30.84
1022.1,208.0,24.862,30.815
1020.9,207.22,25.387,31.09
1019.0,206.47,26.319,30.977
1018.0,205.81,26.578,30.987
1016.9,205.05,26.733,30.964
1015.9,204.52,27.289,31.107
1015.2,204.12,27.492,30.933
1014.4,203.57,27.799,31.149
1013.5,203.2,28.169,31.148
1013.2,202.86,28.544,31.257
1012.7,202.79,28.925,31.166
1012.3,202.38,29.364,31.522
1011.6,202.09,30.102,31.851
1011.3,201.91,30.471,31.897
1011.0,201.88,30.877,31.982
1010.7,201.53,31.562,32.472
1010.5,201.38,32.103,32.519
1010.0,201.5,32.704,32.678
1009.8,201.1,33.186,32.916
1009.7,201.06,33.62,33.07
1009.8,201.25,33.912,32.926
1009.1,201.41,34.725,33.314
1007.6,200.91,36.168,33.608
1008.7,201.18,35.739,33.517
1008.9,201.47,35.848,33.531
1008.6,201.83,36.114,33.722
1008.0,201.68,37.181,33.919
1009.2,202.24,36.647,33.947
1009.8,202.56,36.322,33.924
1010.3,203.25,36.059,33.859
1011.4,203.65,35.826,33.748
1012.0,204.5,35.641,33.755
1012.5,204.78,35.349,33.714
1013.1,205.6,34.999,33.574
1013.8,206.09,34.704,33.222
1014.6,206.9,34.362,33.112
1014.9,207.27,34.246,33.047
1015.4,207.78,33.782,32.926
1015.7,208.09,33.52,32.639
1016.3,208.61,33.219,32.565
1016.5,208.93,32.743,32.241
1016.9,209.2,32.373,32.167
1017.2,209.43,32.081,32.093
1017.5,209.67,31.782,31.875
1017.5,209.81,31.25,31.526
1017.8,210.16,30.962,31.56
1017.8,210.31,30.703,31.476
1018.6,210.59,29.938,31.166
1018.8,210.88,29.56,30.718
1018.8,211.21,29.337,30.6
1018.4,211.34,29.086,30.367
1018.9,211.43,28.358,30.202
1019.1,211.75,28.023,29.624
1018.8,211.89,27.909,29.281
1018.2,211.86,27.778,29.136
1018.0,211.61,27.48,28.774
1017.6,211.48,27.285,28.409
1016.9,211.27,27.233,28.238
1016.4,211.04,27.166,28.269
1015.7,210.78,26.758,27.59
1014.6,209.3,26.603,27.419
1013.8,209.07,26.623,27.344
1012.9,208.68,26.433,27.279
1011.5,208.16,26.109,26.83
1010.5,206.75,25.947,26.58
1009.6,206.39,25.876,26.41
1008.6,205.74,25.657,26.367
1007.2,204.78,25.511,26.206
1006.6,204.36,25.529,26.081
1005.8,203.41,25.441,25.834
1005.5,202.65,25.301,25.913
1004.6,201.79,25.32,25.88
1004.0,201.46,25.691,26.023
1003.0,200.49,26.267,26.227
1002.5,199.91,26.48,26.348
1001.8,199.45,26.825,26.363
1001.3,199.09,27.267,26.59
1000.1,198.44,28.005,27.205
999.56,198.1,28.421,27.315
998.9,197.82,28.991,27.692
998.01,197.26,29.46,27.899
997.18,196.67,29.767,28.372
996.47,196.3,30.22,28.605
995.89,196.05,30.669,29.015
994.93,195.69,31.259,29.22
993.91,195.2,31.607,29.64
992.71,194.91,32.013,29.902
992.22,194.91,32.566,30.197
991.23,194.77,33.184,30.687
989.95,194.52,33.724,31.156
988.87,194.47,34.012,31.401
986.12,194.68,34.614,31.785
986.71,194.53,35.135,32.258
985.56,194.88,35.831,32.622
984.44,195.33,36.173,32.91
981.67,195.93,36.655,33.148
982.34,196.52,37.048,33.415
980.69,197.15,38.382,34.098
980.44,197.99,38.442,34.431
980.19,199.12,38.847,34.454
979.67,200.64,38.933,34.55
978.5,202.02,39.971,35.163
978.89,203.6,40.084,35.803
978.73,205.14,40.614,36.044
978.4,207.04,40.689,36.188
978.4,209.4,41.013,36.531
978.09,212.05,41.553,37.193
977.53,214.39,42.252,37.712
977.14,217.17,42.372,37.959
977.11,219.75,42.85,38.587
976.64,223.02,43.176,38.784
976.4,226.2,43.613,39.37
976.27,229.48,43.783,39.72
975.88,232.67,44.082,39.995
975.4,236.53,44.275,40.349
975.04,240.1,44.575,40.899
974.66,243.93,44.77,41.26
974.04,248.05,44.793,41.54
973.56,252.22,45.219,41.975
972.12,256.2,45.51,42.546
971.35,260.48,45.37,42.885
970.18,264.86,45.886,43.628
969.69,268.85,45.791,43.815
969.23,272.52,44.105,44.614
968.09,276.74,43.636,45.007
966.23,281.13,43.983,45.358
964.86,284.66,43.296,45.654
964.27,287.81,41.4,46.334
962.69,291.65,40.614,46.574
960.59,295.61,40.073,46.647
957.97,298.83,39.634,46.986
955.7,301.68,39.481,47.688
953.18,304.66,38.737,47.911
951.01,307.45,38.225,48.162
948.17,310.1,37.774,48.448
945.68,312.28,37.501,49.14
942.22,314.41,36.773,49.401
939.75,316.24,36.529,49.633
937.1,317.96,35.819,50.072
934.22,319.37,35.279,50.417
930.87,320.4,34.853,50.659
928.04,321.72,34.193,50.889
925.27,322.78,33.428,51.471
922.46,323.72,32.635,51.468
919.36,324.28,32.345,51.629
916.26,324.96,31.678,52.065
913.3,325.62,30.919,52.326
911.94,326.2,28.62,52.478
908.64,326.65,28.465,52.596
905.38,327.1,28.458,52.911
902.6,327.45,27.968,52.815
900.9,327.49,26.28,53.27
897.84,327.69,26.473,53.415
894.77,327.96,26.521,53.477
892.38,328.11,26.474,53.379
889.54,328.14,26.659,53.734
886.9,328.27,26.584,53.641
884.2,328.2,26.663,53.701
882.06,328.33,26.767,53.706
880.02,328.43,26.837,53.73
878.16,328.55,26.821,53.531
876.05,328.54,26.874,53.514
874.18,328.6,26.867,53.445
872.92,328.74,26.887,53.248
871.79,328.67,27.117,53.167
870.5,328.7,27.04,53.147
868.91,328.41,27.03,53.16
867.61,328.69,27.011,52.843
866.36,328.34,27.181,52.823
865.38,328.21,27.262,52.998
863.63,327.69,27.328,53.049
861.96,327.62,27.277,52.759
859.87,327.51,27.613,52.849
858.54,327.36,28.637,52.468
856.59,327.08,28.837,52.15
854.27,326.61,28.912,51.941
851.85,326.31,29.46,51.995
849.7,326.2,30.544,51.355
847.71,325.86,30.898,50.865
844.91,325.21,31.243,50.646
842.62,324.28,31.642,50.385
839.64,323.61,32.026,50.312
837.04,322.71,32.41,50.064
834.07,321.58,32.794,49.806
831.35,320.41,33.27,49.663
827.96,318.95,33.852,49.867
824.98,317.61,34.123,49.528
821.62,315.94,34.643,49.314
818.56,314.45,35.123,49.242
815.01,312.69,35.687,49.501
812.03,311.18,35.966,49.043
808.73,309.19,36.422,48.861
805.88,307.42,36.824,48.618
802.6,305.37,37.328,48.684
799.46,303.36,37.757,48.498
796.41,301.39,38.111,48.37
793.69,299.11,38.559,48.251
790.32,297.2,40.116,48.157
787.5,294.61,39.0,48.284
784.96,292.59,38.953,48.323
782.57,290.31,38.781,48.239
779.69,288.37,39.698,47.984
777.83,285.88,38.079,48.263
775.79,283.56,37.561,48.273
774.14,281.7,36.854,48.167
771.99,279.11,36.271,48.059
770.74,276.83,35.781,48.189
769.25,274.66,35.146,48.166
767.73,272.83,34.578,48.108
766.27,270.44,34.073,48.21
764.79,268.11,33.681,48.246
763.92,266.24,33.114,48.439
762.26,264.77,32.633,48.514
761.09,262.84,32.053,48.59
759.79,260.74,31.681,48.748
758.9,259.19,31.261,49.044
757.96,258.16,30.699,49.011
756.44,256.72,30.192,49.035
755.74,255.17,29.73,49.356
755.01,254.22,29.224,49.692
754.67,253.4,28.775,49.743
754.04,252.33,28.315,49.823
754.01,251.44,26.868,50.282
752.11,250.51,28.704,50.898
751.23,249.73,28.889,51.055
750.62,249.18,29.189,51.073
750.84,248.75,28.123,51.514
748.67,248.3,30.403,51.716
747.51,248.13,31.252,51.361
746.42,248.31,31.891,51.331
746.0,248.26,32.274,51.6
745.03,248.87,32.663,51.173
744.21,249.62,33.602,51.008
743.45,250.14,33.975,51.052
742.81,250.87,34.573,51.031
741.8,251.89,35.128,50.835
741.07,253.21,35.937,50.965
740.4,254.14,36.612,51.032
739.77,255.38,37.429,51.004
738.85,256.78,38.3,51.159
737.7,258.59,39.162,51.094
737.11,260.07,39.749,51.036
736.48,261.82,40.814,51.316
735.42,263.43,41.611,51.376
733.97,265.72,42.725,51.64
733.26,267.77,43.341,51.571
732.69,270.11,44.142,51.596
729.77,272.11,46.578,51.689
729.91,274.31,46.456,52.434
729.28,276.9,46.912,52.689
729.34,279.68,46.948,52.63
727.23,282.54,49.065,52.966
728.39,284.9,48.197,53.524
728.38,287.81,48.109,53.832
728.82,290.91,47.925,54.307
729.22,293.91,47.677,54.767
729.59,296.89,47.675,55.127
729.81,299.81,47.35,55.462
729.71,302.4,47.466,56.292
729.78,305.45,47.139,56.666
729.84,308.6,47.177,57.338
729.82,311.5,46.977,57.748
729.45,314.06,47.047,58.337
729.19,317.31,46.788,58.584
728.96,320.4,46.624,59.129
728.82,323.32,46.383,59.62
728.34,326.27,46.283,59.831
727.67,329.08,46.163,60.41
727.15,331.9,45.992,60.74
726.73,334.27,45.653,61.153
726.32,337.05,45.58,61.434
725.58,339.64,45.454,62.045
725.45,341.7,44.843,62.889
725.81,343.47,43.77,63.01
725.73,345.75,43.573,63.106
725.61,347.91,43.21,63.312
725.74,349.7,42.48,64.047
726.62,351.2,41.399,63.981
726.53,353.08,41.019,64.13
726.93,354.64,40.609,64.196
726.77,356.39,40.374,64.307
727.14,357.91,40.209,64.478
726.98,359.31,39.93,64.794
727.27,360.6,39.668,64.799
727.35,361.87,39.418,64.91
727.43,363.26,39.329,65.338
727.55,364.29,39.171,65.501
727.74,365.16,39.079,65.73
727.98,366.15,38.806,66.175
727.79,366.89,38.802,66.731
728.03,367.88,38.519,66.658
728.45,368.51,38.41,67.145
728.76,369.34,38.194,67.678
728.79,369.78,38.191,68.22
728.92,370.5,37.85,68.209
729.22,371.25,37.727,68.382
729.6,371.74,37.466,68.716
730.25,372.1,36.837,69.297
730.38,372.75,36.573,69.575
730.84,373.55,36.293,69.203
730.97,373.91,36.174,69.499
731.62,374.26,35.633,70.008
731.74,374.7,35.575,70.27
732.22,375.25,35.478,70.206
732.41,375.88,35.377,70.287
732.77,376.29,35.368,70.436
732.57,376.36,35.462,70.864
732.72,376.89,35.758,71.331
732.8,377.23,35.711,71.399
733.12,377.76,35.553,71.463
732.89,377.91,35.623,71.939
732.81,378.42,35.814,72.195
732.65,378.61,35.936,72.571
732.67,379.13,35.841,72.666
732.58,379.32,35.93,72.952
732.34,379.67,35.965,73.263
732.13,379.96,35.972,73.494
731.78,380.36,36.093,73.665
731.46,380.3,36.152,73.891
731.07,379.79,36.224,74.499
730.57,379.21,36.283,74.706
729.87,378.49,36.356,75.04
729.34,377.38,36.593,75.659
727.99,375.6,37.64,76.307
727.28,373.68,37.946,76.583
726.37,371.58,38.177,77.053
725.33,369.54,38.641,77.604
723.88,367.24,39.85,77.996
723.03,364.91,40.308,77.949
722.33,362.88,40.656,78.447
720.99,360.47,41.094,78.561
720.26,358.42,41.531,78.635
719.62,356.07,42.169,79.001
719.25,354.07,42.522,79.221
718.18,351.72,42.846,79.245
717.32,349.8,43.297,79.427
716.68,347.58,43.93,80.081
715.86,345.34,44.486,80.237
715.02,343.44,45.008,80.488
713.9,341.59,45.343,80.656
712.87,339.8,45.924,81.0
711.94,337.87,46.64,81.62
711.08,336.23,47.261,82.002
709.94,334.93,47.555,82.273
708.93,333.54,48.293,82.709
708.28,332.2,48.969,83.237
707.32,331.06,49.535,83.429
705.55,330.02,50.868,84.106
705.38,328.69,51.384,84.634
704.64,327.83,51.998,85.119
704.17,327.25,52.273,85.143
702.67,326.96,53.481,85.459
702.71,326.11,53.746,85.968
702.27,326.13,54.215,86.578
702.3,326.04,54.419,86.773
702.36,326.56,54.34,86.506
702.27,326.59,54.808,87.148
702.29,327.11,55.115,87.791
702.35,327.15,55.32,88.211
703.11,327.56,55.375,88.225
703.55,328.08,55.654,88.774
703.6,328.54,56.212,89.66
703.61,328.8,56.395,90.327
704.16,329.35,57.017,91.056
704.62,330.18,57.313,91.715
704.83,330.6,57.864,92.679
704.87,331.25,58.254,93.546
705.35,332.12,58.919,94.425
705.62,332.97,59.37,95.184
706.21,333.58,59.697,95.874
706.5,334.38,60.007,96.391
706.99,334.93,60.361,97.203
707.23,335.12,61.049,98.318
708.42,335.73,60.542,97.981
709.19,336.57,60.642,98.181
709.99,337.13,60.587,98.461
710.29,337.43,61.125,99.467
711.47,338.06,60.513,99.158
712.5,338.88,60.515,99.354
713.8,339.93,60.305,99.267
714.26,340.87,60.338,99.712
715.1,342.07,60.038,99.852
715.79,342.81,60.23,100.24
716.59,344.08,60.097,100.24
717.27,345.17,60.189,100.85
718.12,346.4,59.834,100.92
718.62,347.44,59.853,100.95
718.9,348.57,59.818,101.44
719.27,349.85,59.87,101.78
719.68,351.17,60.191,102.65
719.75,352.44,60.159,102.85
719.45,353.52,60.21,103.61
719.11,355.1,60.381,103.95
719.03,356.65,60.781,104.94
718.22,357.95,61.156,105.73
717.57,359.45,61.112,106.19
716.56,360.83,61.667,107.23
715.97,361.78,61.56,108.09
715.46,362.99,61.538,108.61
715.1,364.38,61.556,109.47
714.07,365.94,61.954,110.23
713.42,366.75,61.776,111.0
713.07,368.13,61.606,111.56
712.71,369.18,61.648,112.32
712.13,370.97,61.765,112.5
711.5,372.51,61.721,112.62
710.47,374.19,61.941,113.34
709.78,375.53,62.011,113.78
709.22,377.0,62.241,114.3
708.21,378.6,62.309,114.43
706.99,380.18,62.38,115.27
706.16,381.64,62.632,115.82
705.38,383.08,62.88,116.77
704.04,384.75,63.25,117.28
702.7,386.3,63.411,118.45
701.59,387.68,63.725,119.19
700.22,389.0,63.942,120.22
698.75,390.56,64.559,121.74
697.16,392.07,65.041,122.74
695.37,393.39,65.525,123.97
693.9,395.2,65.703,124.64
692.48,396.47,66.146,126.44
690.97,396.91,66.493,127.66
689.0,397.79,67.751,128.87
687.69,399.45,67.959,129.45
686.15,401.34,68.199,130.43
684.77,401.87,68.504,131.39
682.97,402.94,69.994,132.56
681.23,404.22,70.564,133.56
679.51,406.23,71.245,134.32
677.7,408.35,71.852,134.85
675.97,409.99,72.714,136.13
674.1,411.99,73.373,136.75
672.26,413.67,74.556,137.9
670.73,416.18,75.01,138.56
669.31,417.9,75.649,139.74
667.63,420.85,76.293,140.05
665.87,422.98,77.468,141.37
664.76,425.46,78.067,142.22
663.44,427.75,78.765,143.66
662.18,431.22,79.405,144.09
660.44,433.63,80.596,145.5
659.13,437.09,81.33,146.32
658.0,440.48,81.849,147.29
657.04,443.92,82.559,147.93
656.01,446.84,83.596,149.52
655.27,450.86,84.226,150.36
653.76,453.31,86.06,152.35
654.18,455.88,85.348,147.18
654.35,460.64,85.352,146.93
654.51,464.84,85.811,146.39
654.0,468.51,87.418,147.33
655.11,471.54,86.114,140.87
656.04,478.01,85.765,139.12
656.53,480.81,85.988,147.17
657.58,490.02,85.911,145.69
657.93,498.66,85.823,141.49
659.02,503.6,85.8,144.8
659.68,507.5,85.816,153.19
660.5,515.0,85.899,154.62
661.06,528.5,86.059,148.09
662.15,531.0,91.131,151.7
663.56,538.5,90.837,154.99
664.41,540.5,88.435,158.75
663.33,554.0,91.32,147.41
666.63,558.5,91.424,146.3
668.5,563.0,88.804,151.99
667.98,570.0,88.668,145.56
663.0,577.0,97.248,137.28
666.13,586.0,90.749,130.63
667.17,590.43,84.559,128.73
666.24,601.01,86.806,119.99
663.0,603.5,92.5,115.5
663.75,613.05,90.75,107.95
663.54,620.68,87.129,100.32
663.22,629.11,86.666,91.89
663.09,634.56,86.268,86.44
663.01,640.66,85.791,80.34
662.17,650.12,85.536,70.88
661.54,654.22,85.082,66.78
nan,nan,nan,nan
nan,nan,nan,nan
nan,nan,nan,nan
nan,nan,nan,nan
nan,nan,nan,nan
nan,nan,nan,nan
nan,nan,nan,nan
nan,nan,nan,nan
nan,nan,nan,nan
nan,nan,nan,nan
nan,nan,nan,nan
nan,nan,nan,nan
nan,nan,nan,nan
nan,nan,nan,nan
nan,nan,nan,nan
nan,nan,nan,nan
nan,nan,nan,nan
nan,nan,nan,nan
nan,nan,nan,nan
nan,nan,nan,nan
nan,nan,nan,nan
nan,nan,nan,nan
nan,nan,nan,nan
nan,nan,nan,nan
nan,nan,nan,nan
nan,nan,nan,nan
nan,nan,nan,nan
nan,nan,nan,nan
nan,nan,nan,nan
nan,nan,nan,nan
nan,nan,nan,nan
nan,nan,nan,nan
nan,nan,nan,nan
nan,nan,nan,nan
nan,nan,nan,nan
nan,nan,nan,nan
nan,nan,nan,nan
nan,nan,nan,nan
nan,nan,nan,nan
nan,nan,nan,nan
nan,nan,nan,nan
nan,nan,nan,nan
nan,nan,nan,nan
nan,nan,nan,nan
nan,nan,nan,nan
nan,nan,nan,nan
nan,nan,nan,nan
nan,nan,nan,nan
nan,nan,nan,nan
nan,nan,nan,nan
nan,nan,nan,nan
nan,nan,nan,nan
nan,nan,nan,nan
nan,nan,nan,nan
nan,nan,nan,nan
nan,nan,nan,nan
nan,nan,nan,nan
nan,nan,nan,nan
nan,nan,nan,nan
nan,nan,nan,nan
nan,nan,nan,nan
nan,nan,nan,nan
nan,nan,nan,nan
nan,nan,nan,nan
nan,nan,nan,nan
nan,nan,nan,nan
nan,nan,nan,nan
nan,nan,nan,nan
nan,nan,nan,nan
nan,nan,nan,nan
nan,nan,nan,nan
nan,nan,nan,nan
nan,nan,nan,nan
nan,nan,nan,nan
nan,nan,nan,nan
nan,nan,nan,nan
nan,nan,nan,nan
nan,nan,nan,nan
nan,nan,nan,nan
nan,nan,nan,nan
nan,nan,nan,nan
nan,nan,nan,nan
nan,nan,nan,nan
nan,nan,nan,nan
nan,nan,nan,nan
nan,nan,nan,nan
nan,nan,nan,nan
nan,nan,nan,nan
nan,nan,nan,nan
nan,nan,nan,nan
nan,nan,nan,nan
nan,nan,nan,nan
nan,nan,nan,nan
nan,nan,nan,nan
nan,nan,nan,nan
nan,nan,nan,nan
nan,nan,nan,nan
nan,nan,nan,nan
nan,nan,nan,nan
nan,nan,nan,nan
nan,nan,nan,nan
nan,nan,nan,nan
nan,nan,nan,nan
nan,nan,nan,nan
nan,nan,nan,nan
nan,nan,nan,nan
nan,nan,nan,nan
nan,nan,nan,nan
nan,nan,nan,nan
nan,nan,nan,nan
nan,nan,nan,nan
nan,nan,nan,nan
nan,nan,nan,nan
nan,nan,nan,nan
nan,nan,nan,nan
nan,nan,nan,nan
nan,nan,nan,nan
nan,nan,nan,nan
nan,nan,nan,nan
nan,nan,nan,nan
nan,nan,nan,nan
nan,nan,nan,nan
nan,nan,nan,nan
nan,nan,nan,nan
nan,nan,nan,nan
nan,nan,nan,nan
nan,nan,nan,nan
nan,nan,nan,nan
nan,nan,nan,nan
nan,nan,nan,nan
nan,nan,nan,nan
nan,nan,nan,nan
nan,nan,nan,nan
nan,nan,nan,nan
nan,nan,nan,nan
nan,nan,nan,nan
nan,nan,nan,nan
nan,nan,nan,nan
nan,nan,nan,nan
nan,nan,nan,nan
nan,nan,nan,nan
nan,nan,nan,nan
nan,nan,nan,nan
nan,nan,nan,nan
nan,nan,nan,nan
nan,nan,nan,nan
nan,nan,nan,nan
nan,nan,nan,nan
nan,nan,nan,nan
nan,nan,nan,nan
nan,nan,nan,nan
nan,nan,nan,nan
nan,nan,nan,nan
nan,nan,nan,nan
nan,nan,nan,nan
nan,nan,nan,nan
nan,nan,nan,nan
nan,nan,nan,nan
nan,nan,nan,nan
nan,nan,nan,nan
nan,nan,nan,nan
nan,nan,nan,nan
nan,nan,nan,nan
nan,nan,nan,nan
nan,nan,nan,nan
nan,nan,nan,nan
nan,nan,nan,nan
nan,nan,nan,nan
nan,nan,nan,nan
nan,nan,nan,nan
nan,nan,nan,nan
nan,nan,nan,nan
nan,nan,nan,nan
nan,nan,nan,nan
nan,nan,nan,nan
nan,nan,nan,nan
nan,nan,nan,nan
nan,nan,nan,nan
nan,nan,nan,nan
nan,nan,nan,nan
nan,nan,nan,nan
nan,nan,nan,nan
nan,nan,nan,nan
nan,nan,nan,nan
nan,nan,nan,nan
nan,nan,nan,nan
nan,nan,nan,nan
nan,nan,nan,nan
nan,nan,nan,nan
nan,nan,nan,nan
nan,nan,nan,nan
nan,nan,nan,nan
nan,nan,nan,nan
nan,nan,nan,nan
nan,nan,nan,nan
nan,nan,nan,nan
nan,nan,nan,nan
nan,nan,nan,nan
nan,nan,nan,nan
nan,nan,nan,nan
nan,nan,nan,nan
nan,nan,nan,nan
nan,nan,nan,nan
nan,nan,nan,nan
nan,nan,nan,nan
nan,nan,nan,nan
nan,nan,nan,nan
nan,nan,nan,nan
nan,nan,nan,nan
nan,nan,nan,nan
nan,nan,nan,nan
nan,nan,nan,nan
nan,nan,nan,nan
nan,nan,nan,nan
nan,nan,nan,nan
nan,nan,nan,nan
nan,nan,nan,nan
nan,nan,nan,nan
nan,nan,nan,nan
nan,nan,nan,nan
nan,nan,nan,nan
nan,nan,nan,nan
nan,nan,nan,nan
nan,nan,nan,nan
nan,nan,nan,nan
nan,nan,nan,nan
nan,nan,nan,nan
nan,nan,nan,nan
nan,nan,nan,nan
nan,nan,nan,nan
nan,nan,nan,nan
nan,nan,nan,nan
nan,nan,nan,nan
nan,nan,nan,nan
nan,nan,nan,nan
nan,nan,nan,nan
nan,nan,nan,nan
nan,nan,nan,nan
nan,nan,nan,nan
nan,nan,nan,nan
nan,nan,nan,nan
nan,nan,nan,nan
nan,nan,nan,nan
nan,nan,nan,nan
nan,nan,nan,nan
nan,nan,nan,nan
nan,nan,nan,nan
nan,nan,nan,nan
nan,nan,nan,nan
nan,nan,nan,nan
nan,nan,nan,nan
nan,nan,nan,nan
nan,nan,nan,nan
nan,nan,nan,nan
nan,nan,nan,nan
nan,nan,nan,nan
nan,nan,nan,nan
nan,nan,nan,nan
nan,nan,nan,nan
nan,nan,nan,nan
nan,nan,nan,nan
nan,nan,nan,nan
nan,nan,nan,nan
nan,nan,nan,nan
nan,nan,nan,nan
nan,nan,nan,nan
nan,nan,nan,nan
nan,nan,nan,nan
nan,nan,nan,nan
nan,nan,nan,nan
nan,nan,nan,nan
1.0,310.27,25.306,34.271
3.51,301.23,27.829,35.474
3.6661,289.37,29.337,36.695
6.4317,280.8,31.187,37.871
1.0,270.34,42.087,39.242
2.7096,261.17,42.175,40.231
2.3282,250.96,43.788,41.442
6.1767,242.59,47.66,42.438
1.0,224.54,54.105,53.966
1.0,215.97,56.599,55.003
1.0,207.22,61.442,55.383
1.5,199.9,65.388,54.804
5.0,184.0,61.345,65.548
5.5,177.0,67.416,67.212
8.5,169.0,69.5,64.5
11.5,164.0,69.5,63.5
17.5,157.0,70.0,65.5
22.5,151.0,69.5,65.0
28.5,144.5,67.0,63.5
35.0,139.0,66.0,65.5
38.0,132.0,69.5,64.5
44.5,128.0,66.0,62.5
48.036,122.38,66.65,64.175
54.305,116.31,65.132,66.323
56.562,111.07,67.918,63.248
61.624,107.35,67.406,62.93
65.812,102.68,66.956,63.906
70.421,97.859,66.766,63.987
74.615,92.833,66.284,63.831
78.59,88.555,66.25,64.231
82.38,83.768,66.1,64.591
86.427,79.278,65.762,64.582
89.957,74.905,65.593,64.644
93.647,70.851,65.483,64.927
96.444,66.624,65.404,65.233
99.337,62.462,65.368,65.527
102.25,58.834,65.24,65.732
105.08,55.188,65.011,65.741
107.21,51.371,64.953,66.297
109.63,47.978,64.983,66.677
111.84,44.675,64.957,67.218
113.55,41.451,65.225,67.314
115.93,38.161,65.061,67.962
118.2,35.526,64.977,68.264
119.94,32.175,65.24,69.053
121.26,29.768,65.75,69.654
123.06,27.448,65.719,71.038
125.49,26.326,65.614,70.657
127.36,23.874,65.679,71.091
129.18,22.434,65.731,71.438
130.81,20.918,65.844,72.474
133.3,20.241,65.831,71.771
135.79,18.892,65.852,71.797
138.46,17.891,65.791,71.593
141.18,16.669,65.727,71.519
143.59,15.255,65.804,71.324
146.39,14.552,65.526,70.969
149.4,13.697,65.363,70.64
152.11,12.653,65.144,70.34
154.84,11.358,65.213,70.219
157.77,10.719,64.818,69.921
161.06,9.874,64.459,69.415
163.67,8.8798,64.282,69.083
166.98,7.8034,64.398,68.99
170.28,7.0049,64.267,68.885
174.08,6.1102,63.946,68.549
177.5,5.3288,63.925,68.318
181.33,4.4638,63.944,68.311
185.03,3.7525,63.919,68.059
189.12,2.8383,63.888,67.882
193.16,2.1711,63.879,67.864
197.51,1.9549,63.906,67.527
202.04,1.0,63.478,66.427
205.58,1.0,63.453,66.861
209.47,1.0,63.324,66.876
213.6,1.0,63.372,66.612
217.01,1.0,63.012,66.06
219.67,1.0,62.629,65.763
223.22,1.0,62.194,65.074
226.11,1.0,62.496,65.634
228.09,1.0,62.544,66.323
229.59,1.0,62.487,66.988
231.69,1.0,62.374,67.967
232.89,1.0981,62.699,68.799
234.27,2.9658,62.867,69.041
234.59,5.3812,63.098,69.513
235.3,7.8249,63.248,69.999
234.94,10.904,63.411,70.462
235.45,14.664,63.328,70.453
235.29,18.964,63.64,70.771
235.52,22.951,63.287,70.662
234.62,27.059,63.124,70.608
234.82,32.492,62.579,70.418
234.73,37.622,62.371,70.044
234.74,42.438,61.77,69.493
233.98,47.189,61.408,69.219
235.03,54.352,60.022,68.495
234.94,59.17,58.88,68.419
234.91,64.013,58.352,67.921
234.67,69.015,57.865,67.784
235.57,75.556,56.769,67.167
235.79,80.321,56.16,67.686
236.72,86.041,55.543,67.419
237.98,90.558,55.376,67.638
239.1,95.631,55.03,67.643
241.31,100.17,54.854,67.788
244.42,105.35,54.097,67.498
248.16,109.63,54.433,67.815
252.16,113.76,53.752,67.814
256.87,117.7,53.322,67.775
261.65,121.67,52.971,67.665
267.0,125.57,52.847,67.631
272.2,129.43,52.127,67.27
277.0,133.55,51.529,67.023
281.09,137.81,51.294,67.189
285.44,141.72,51.055,67.262
289.62,145.58,50.736,67.237
292.84,149.35,50.391,67.212
295.47,153.51,49.921,67.388
297.38,157.49,49.9,67.68
299.08,160.96,49.889,68.094
300.41,164.43,49.62,68.972
300.96,168.97,49.171,68.095
301.47,173.03,48.977,68.046
301.35,176.85,48.954,68.092
301.2,180.45,48.648,68.694
300.46,184.96,48.351,67.645
300.27,188.69,48.077,67.213
300.03,192.65,47.982,66.838
299.83,196.2,47.676,66.534
299.46,199.99,47.586,66.268
299.03,203.06,47.493,65.763
298.81,206.74,47.203,65.296
298.64,210.16,46.751,64.985
298.31,213.74,46.561,64.267
298.26,216.49,46.392,63.787
298.84,219.38,45.949,63.136
299.3,221.98,45.672,62.817
300.58,225.04,45.215,61.212
302.04,226.94,44.609,60.821
304.53,228.81,44.103,59.809
306.6,230.59,43.854,59.169
309.38,233.0,43.257,57.758
312.16,234.62,42.584,56.976
315.19,236.35,42.179,56.004
317.54,238.08,41.84,55.257
318.74,240.61,41.09,53.647
320.14,242.98,40.575,52.108
321.38,245.0,40.288,51.272
322.26,246.72,39.962,50.621
321.92,248.67,39.531,49.131
321.95,250.84,39.154,47.873
322.15,251.7,39.052,47.345
322.22,252.84,38.864,46.763
322.44,253.01,38.445,46.102
322.73,254.04,38.193,45.374
323.03,253.69,38.34,45.159
323.43,253.66,38.24,44.752
324.12,252.89,38.123,44.486
324.99,253.06,37.994,43.83
325.46,253.04,38.171,43.776
326.33,252.78,37.989,43.067
327.14,252.19,38.312,43.197
328.14,251.99,38.296,42.719
329.78,251.81,38.269,42.515
332.26,251.31,38.361,42.02
334.82,250.51,38.468,41.974
337.19,249.9,38.611,41.915
340.88,248.91,38.34,41.408
344.85,247.42,38.584,41.389
348.6,245.8,38.933,41.638
351.28,245.39,39.561,41.489
353.57,244.53,39.957,41.724
356.03,243.04,40.081,41.763
358.32,241.38,40.489,42.157
359.67,240.54,41.014,41.89
360.46,239.75,41.752,42.532
361.83,238.27,41.95,42.702
363.44,236.52,42.459,43.227
365.14,234.81,42.589,43.423
367.09,233.02,42.874,43.641
368.91,231.43,43.111,43.854
370.94,229.77,43.568,44.335
373.31,228.13,43.656,44.556
375.06,226.42,44.153,44.869
377.15,225.29,44.438,45.135
379.03,224.24,44.783,45.461
381.53,222.81,45.219,45.939
383.07,221.89,45.561,46.058
385.13,220.67,45.707,46.177
386.63,219.33,46.406,46.812
388.64,217.36,47.068,47.577
389.92,215.7,47.558,47.844
391.39,213.92,47.662,47.918
393.02,211.76,48.489,48.735
394.65,209.38,48.947,49.287
394.42,207.68,50.876,50.975
395.66,206.5,50.923,50.647
396.96,204.25,51.442,51.165
397.93,202.74,51.745,51.33
397.44,201.63,53.599,53.097
398.29,200.79,53.766,52.716
398.62,199.41,54.295,52.731
398.79,198.6,54.427,52.734
398.72,197.88,55.219,53.109
398.76,197.14,55.617,53.171
398.52,196.85,56.112,53.293
398.21,196.84,56.272,53.219
397.77,197.0,56.651,53.099
397.18,197.15,57.138,53.395
396.48,197.91,57.224,53.453
395.65,198.56,57.402,53.295
395.07,199.38,57.497,53.275
394.02,200.68,57.65,53.296
392.73,201.98,57.622,53.038
391.86,203.31,57.156,52.713
390.35,204.67,57.135,52.502
389.1,206.89,56.853,51.982
387.56,208.68,56.784,51.719
386.72,210.96,56.241,51.352
384.77,212.64,55.894,50.735
384.13,215.26,55.026,49.524
382.7,217.0,54.555,50.215
382.0,219.23,54.533,50.246
381.4,220.97,54.425,50.485
381.38,223.16,53.672,49.476
381.86,224.86,53.001,50.483
382.65,226.94,52.989,50.882
384.87,228.7,53.026,51.657
386.96,230.05,52.85,51.695
390.07,232.05,52.761,52.23
392.78,234.07,52.397,52.581
395.89,235.96,52.151,52.636
398.49,237.38,51.85,52.752
400.84,239.41,51.807,53.212
401.81,241.27,51.46,53.61
402.47,243.25,51.102,53.487
402.14,245.2,50.684,53.407
402.25,247.17,50.382,53.632
400.9,249.3,50.236,54.078
400.08,251.01,49.909,54.143
398.94,252.98,49.617,54.233
398.04,254.6,49.422,54.525
397.26,256.48,49.293,54.788
396.63,258.01,48.786,54.86
395.83,259.69,48.883,55.398
395.09,261.05,48.495,56.516
394.47,262.48,48.139,56.728
393.83,263.96,48.008,57.044
393.03,265.4,48.184,57.52
392.6,266.88,47.717,58.454
391.94,268.27,47.346,58.478
391.48,269.42,47.522,59.005
390.67,270.72,47.505,59.056
390.03,271.75,47.713,59.478
389.64,273.22,47.598,59.525
389.72,274.12,47.407,59.619
389.36,275.15,47.294,59.616
389.51,275.7,47.465,59.862
389.32,276.85,47.365,59.762
389.88,277.67,46.91,59.535
390.02,278.59,46.574,59.176
390.58,279.36,46.056,58.532
390.8,280.21,45.98,58.207
391.2,280.96,45.323,57.913
391.11,282.13,44.916,57.402
391.33,282.84,44.49,56.663
391.83,283.57,44.242,56.658
391.98,284.25,43.793,56.467
391.84,285.16,43.769,56.328
392.1,285.72,43.352,55.773
392.1,286.58,42.727,55.558
392.55,286.95,42.372,54.788
392.91,287.46,42.197,54.334
393.04,287.81,41.974,54.007
393.0,288.5,41.666,53.676
393.76,288.5,41.352,52.603
394.59,288.93,40.694,51.676
394.94,289.04,40.588,51.236
395.78,288.57,40.561,51.059
396.59,287.87,40.5,50.572
397.65,287.62,39.931,49.718
398.64,286.49,39.647,49.183
400.01,285.15,39.428,48.943
401.15,283.12,39.427,48.558
402.81,281.25,39.332,48.159
403.85,279.11,39.258,48.013
405.87,277.13,38.992,47.701
407.34,274.34,39.195,47.587
409.0,271.49,39.319,47.45
410.43,269.07,39.314,47.297
412.79,266.02,39.192,47.035
414.22,263.46,39.206,46.963
416.17,260.59,39.283,46.763
417.94,257.98,39.477,46.68
419.68,254.8,39.839,46.945
420.85,252.34,40.057,46.768
423.28,249.44,40.212,47.067
424.55,247.33,40.825,47.299
425.69,245.01,41.191,47.772
426.96,242.58,41.657,48.156
428.31,239.74,42.097,48.861
429.48,238.38,42.8,49.0
430.44,236.67,42.939,49.334
431.47,234.53,43.17,50.412
432.21,233.05,43.612,50.659
432.6,232.31,44.245,51.016
433.05,231.5,44.508,51.547
433.03,230.42,44.879,52.494
433.42,230.44,44.971,52.534
432.69,230.66,45.766,53.699
432.51,230.49,46.099,54.134
432.12,230.67,46.329,54.654
431.78,231.09,46.544,55.066
430.94,231.89,47.203,56.105
430.58,232.13,47.638,56.538
429.92,232.85,47.915,57.178
429.63,233.43,48.482,57.774
429.11,234.39,48.538,58.044
428.73,235.22,48.929,58.68
427.87,236.31,49.084,59.082
427.75,237.46,49.778,60.036
426.92,238.46,49.812,60.088
426.47,239.6,49.712,60.343
425.7,240.66,49.827,60.418
425.16,242.22,50.251,61.094
424.31,243.12,50.2,61.055
423.53,244.38,50.15,61.038
422.67,245.33,50.278,61.222
421.92,246.82,50.192,61.127
421.46,247.89,49.907,61.035
420.8,248.96,49.978,61.057
420.18,249.98,49.855,61.125
419.96,251.1,49.578,60.848
419.38,252.11,49.405,60.811
419.08,252.77,49.465,60.883
418.82,253.62,49.36,60.66
418.93,254.16,49.183,60.513
418.52,254.67,48.999,60.369
418.64,255.08,49.038,60.367
418.56,255.67,48.809,59.968
418.73,255.93,48.77,60.067
418.56,256.11,48.82,60.089
419.1,256.4,48.597,60.043
419.13,256.88,48.31,59.802
419.17,256.78,48.363,59.928
418.92,256.89,48.373,60.031
419.22,257.08,48.299,59.895
419.28,257.32,48.261,59.797
419.23,257.04,48.222,59.868
419.0,257.13,48.062,59.752
419.09,257.19,48.08,59.417
419.07,257.06,48.047,59.419
419.01,256.91,47.915,59.252
418.89,256.69,47.971,59.168
418.96,256.52,47.799,58.889
418.93,256.19,47.75,59.01
418.66,256.03,47.515,58.784
418.62,255.42,47.659,58.552
418.66,255.33,47.548,58.422
418.65,254.97,47.487,58.335
418.35,254.62,47.287,58.249
418.38,254.11,47.326,57.965
418.35,254.0,47.371,57.977
418.4,253.6,47.195,57.84
418.26,253.3,47.317,57.89
418.32,252.82,47.506,57.878
418.5,252.59,47.436,58.006
418.61,252.48,47.528,57.885
418.59,252.31,47.688,58.225
418.75,251.99,47.87,58.129
418.88,251.96,47.813,58.124
418.96,252.1,48.205,57.764
419.31,252.36,48.261,58.061
419.43,252.55,48.269,57.919
419.52,253.27,48.498,57.752
419.88,254.19,48.948,57.599
420.41,255.37,49.054,57.663
420.76,257.12,49.083,57.539
421.12,259.13,49.162,57.394
422.01,261.5,49.459,57.427
422.32,263.78,49.499,57.441
423.31,266.57,49.278,56.993
423.8,269.63,49.148,56.621
424.92,272.58,49.165,56.536
425.45,275.21,49.228,56.416
426.59,278.08,48.938,55.892
427.47,281.32,48.94,55.488
428.67,284.16,48.73,55.444
429.52,286.88,49.077,55.338
430.6,289.93,48.99,55.061
431.64,293.02,49.127,54.945
432.82,295.87,49.057,54.858
433.85,298.86,49.444,55.04
434.98,301.7,49.416,54.847
435.99,304.75,49.451,54.593
436.94,307.44,49.72,54.342
438.16,310.13,49.046,53.799
439.38,312.89,48.767,53.526
440.65,315.63,48.559,53.126
441.66,317.97,48.725,52.849
443.0,320.47,47.504,52.016
444.32,323.14,47.09,51.563
445.76,325.25,46.511,51.166
447.35,327.77,46.127,50.748
449.81,329.15,45.532,50.389
451.28,331.51,45.02,49.601
453.14,332.77,44.014,48.953
454.79,334.37,43.534,48.671
457.19,334.3,43.444,48.317
459.29,334.75,43.075,47.951
461.0,334.5,42.472,47.433
462.66,333.59,42.333,47.393
464.06,332.6,42.169,47.273
466.2,331.15,42.16,47.4
467.8,329.18,42.224,47.512
469.9,327.05,42.239,47.526
471.66,324.95,41.915,47.546
473.8,323.1,41.922,47.49
476.38,320.55,41.847,47.638
478.8,318.32,41.678,47.822
480.84,315.74,41.481,47.942
482.06,314.44,43.282,48.918
484.26,312.32,43.449,49.127
486.5,310.03,43.752,49.334
488.83,307.81,43.871,49.576
489.9,306.18,45.995,50.91
491.73,304.14,46.742,51.409
494.51,301.81,47.483,51.641
497.19,299.41,48.235,52.281
499.99,296.66,48.989,52.754
503.48,293.86,49.69,53.099
507.67,290.86,50.539,53.474
510.88,287.81,50.982,54.3
515.2,284.61,51.536,54.152
520.36,278.57,52.373,54.65
524.4,275.01,53.784,55.404
529.1,270.72,53.931,55.742
534.6,265.89,54.471,55.77
540.28,259.44,55.147,56.112
544.31,257.79,56.569,56.85
548.84,250.67,57.218,57.016
553.78,245.56,58.26,57.88
558.26,240.8,59.13,58.322
562.06,238.81,60.386,59.001
564.58,235.73,61.354,59.442
565.86,230.54,64.028,61.363
567.15,227.57,64.598,62.21
568.61,227.1,65.452,62.964
569.26,227.61,66.207,63.471
568.0,224.04,68.947,65.612
566.99,223.87,68.674,65.772
566.02,225.92,69.338,66.449
564.8,225.11,70.155,67.238
563.2,224.76,70.941,68.123
561.59,225.6,70.859,67.855
559.1,226.28,71.388,68.299
556.64,226.79,72.127,69.279
554.21,227.97,72.209,69.43
551.67,229.09,72.127,69.369
548.01,230.8,71.799,69.161
544.39,232.8,71.789,69.602
541.28,235.67,71.644,69.704
537.24,237.83,71.023,69.681
532.51,241.5,70.302,69.07
527.58,245.29,69.964,69.137
522.77,249.72,69.314,68.98
517.71,253.68,68.688,69.098
512.06,258.77,68.328,68.841
506.3,264.45,67.857,68.733
500.47,269.98,67.453,68.692
494.4,276.04,66.781,68.838
488.95,280.9,66.541,69.999
482.59,287.56,66.302,70.189
476.47,294.04,66.428,70.398
470.06,301.32,65.7,70.328
464.62,306.38,65.72,71.582
458.31,313.17,65.813,72.246
452.1,320.44,65.826,72.49
446.49,327.37,65.407,72.512
440.96,333.74,65.643,72.792
435.25,340.61,65.739,73.308
429.58,347.72,65.599,73.799
424.44,354.34,65.404,74.169
419.13,361.06,65.358,74.415
413.64,368.3,65.433,74.617
408.11,375.44,65.135,75.017
403.69,381.79,64.975,75.492
398.64,388.2,64.954,75.956
393.71,395.32,64.919,76.163
387.4,402.3,64.373,76.293
382.79,409.15,63.791,76.179
379.74,414.47,63.503,76.034
376.09,420.49,63.191,76.364
371.24,426.43,62.65,76.334
367.62,432.12,62.216,76.189
366.25,436.93,61.198,76.207
363.09,441.09,61.281,75.922
360.72,446.17,61.148,75.825
358.4,450.44,61.091,75.645
356.65,454.39,60.88,76.815
353.28,457.8,61.162,76.278
351.37,461.97,60.962,75.742
348.8,466.5,60.769,74.898
346.5,469.33,61.318,75.456
343.86,472.97,61.048,75.02
342.19,476.16,60.731,74.498
340.41,479.82,60.547,73.87
338.23,483.0,60.481,73.4
336.4,486.13,60.082,72.736
335.13,489.24,59.654,72.136
333.77,492.45,59.582,71.547
332.07,495.73,59.121,70.826
330.89,498.95,58.538,69.779
330.56,502.55,57.945,68.732
329.39,505.76,57.502,67.939
329.15,509.08,56.857,67.003
329.43,512.62,56.282,65.871
329.88,515.8,55.809,64.885
330.31,518.96,55.132,64.055
331.0,522.38,54.594,63.09
332.1,526.71,54.09,61.489
333.16,528.66,53.728,59.714
334.49,531.87,53.312,58.817
335.53,534.77,52.967,58.132
336.98,538.5,52.401,56.433
338.56,540.38,52.221,54.807
339.74,542.71,51.975,54.134
341.02,545.24,51.795,53.511
342.61,547.24,51.743,52.834
344.06,549.26,51.404,52.375
345.18,551.08,51.394,52.054
346.15,553.1,51.345,51.509
347.4,554.36,51.704,51.213
348.28,555.77,51.305,50.909
348.73,557.14,51.708,50.78
349.53,558.37,51.773,50.383
350.42,558.63,51.829,49.956
351.02,558.68,51.826,49.756
351.57,558.64,52.236,49.531
352.47,557.74,52.016,48.91
353.67,555.91,52.113,48.68
354.68,553.09,52.499,48.555
356.82,549.85,52.614,48.359
359.23,545.38,52.62,47.871
362.42,540.15,52.942,47.828
365.66,533.69,53.447,46.984
370.74,526.95,53.563,48.061
377.15,519.38,53.96,48.274
383.97,510.83,54.094,48.46
390.64,501.31,54.422,47.913
398.01,492.24,54.803,49.386
406.68,482.82,55.108,50.004
415.56,472.97,55.21,50.435
424.36,462.71,55.505,51.09
433.09,452.68,56.012,51.558
442.8,442.62,56.276,52.287
452.26,432.97,56.325,52.612
462.26,423.25,56.701,53.267
472.07,413.79,57.151,53.782
482.52,404.27,57.48,54.578
492.11,395.56,57.575,55.001
502.08,386.55,58.106,55.718
511.02,378.08,58.047,56.152
519.78,369.72,58.639,57.091
527.77,361.94,58.944,57.651
535.61,354.56,59.313,58.235
542.65,347.43,59.3,58.735
549.38,340.5,60.093,59.832
555.93,333.8,60.4,60.654
561.05,328.0,60.819,61.101
565.65,322.74,62.533,64.066
571.19,317.24,62.574,64.597
576.2,312.05,62.862,65.241
580.56,307.17,63.082,65.447
583.59,302.89,64.626,68.073
587.28,298.18,64.501,68.267
590.66,293.85,64.598,68.279
593.93,289.55,64.679,68.619
596.52,285.69,64.588,68.751
598.12,281.64,64.634,68.659
600.15,277.95,64.473,68.68
601.61,273.73,64.627,69.254
603.29,270.56,64.178,68.733
603.89,267.6,63.63,68.408
604.76,264.33,63.279,68.223
605.28,261.11,62.989,68.126
605.73,258.27,62.464,67.556
606.02,255.33,61.968,67.39
606.14,252.29,61.584,67.022
606.13,249.72,61.258,66.758
606.02,246.47,60.962,66.688
606.46,242.78,60.644,66.352
606.64,239.64,60.243,66.24
606.63,236.2,60.057,66.135
607.06,232.65,59.825,65.883
607.33,229.58,59.58,66.012
607.91,226.21,59.129,65.175
608.25,223.17,58.98,65.038
608.75,220.5,58.85,64.712
609.44,218.79,58.642,64.85
610.13,216.33,58.37,63.933
610.68,215.13,58.343,63.701
611.07,213.92,58.149,63.412
611.87,213.69,57.808,62.869
612.32,213.3,57.551,62.482
612.76,213.82,57.204,61.897
613.0,214.1,56.692,61.302
613.73,214.96,56.191,60.411
614.57,215.87,55.424,59.585
615.38,217.25,54.38,58.59
615.74,218.2,53.707,57.764
616.52,218.9,53.208,57.06
617.77,219.96,52.454,56.166
618.31,221.04,51.605,55.401
619.24,221.71,51.161,54.675
619.69,222.36,50.33,53.777
620.43,223.11,49.865,53.274
620.58,223.43,49.659,53.005
621.3,223.93,49.377,52.444
621.58,224.51,48.764,51.534
621.67,224.22,48.344,50.924
622.32,224.54,47.873,49.724
622.59,224.75,47.653,49.437
622.68,225.04,47.718,49.245
623.16,224.92,47.314,48.476
623.66,225.24,46.842,47.07
624.32,225.42,46.344,46.534
624.57,225.54,46.322,46.221
625.59,225.74,46.014,45.856
626.05,225.7,45.966,45.279
627.08,225.8,45.274,44.492
627.66,225.75,45.075,43.938
628.61,225.38,44.916,43.584
629.47,225.22,44.688,43.136
630.03,224.79,44.654,42.58
630.95,224.67,44.452,42.289
631.94,224.17,44.391,41.9
632.6,223.59,44.387,41.615
633.2,223.17,44.441,41.093
634.55,222.78,44.157,40.897
635.34,222.15,44.388,40.742
636.13,221.46,44.712,40.539
637.31,220.92,44.591,40.021
638.67,220.4,44.344,39.777
639.42,219.58,44.617,39.626
640.63,218.75,44.86,39.002
641.9,217.94,44.541,38.843
643.11,217.24,44.407,38.751
644.02,216.16,44.315,38.689
645.53,215.2,44.252,38.061
646.47,214.28,43.818,38.094
647.89,213.35,43.707,38.052
648.99,212.06,43.319,38.072
650.68,210.98,43.032,37.999
651.74,209.72,42.957,37.954
653.42,208.62,42.708,37.827
654.75,207.09,42.548,37.883
656.44,205.55,42.293,37.996
657.83,203.92,42.413,38.051
659.68,202.51,41.979,37.892
660.87,200.87,42.02,37.898
662.05,198.99,41.926,38.072
663.12,197.03,42.001,38.219
664.36,194.76,41.816,38.21
665.05,192.87,41.799,38.225
665.45,190.86,41.666,38.173
665.84,188.75,41.744,38.449
666.03,186.17,41.658,38.373
666.15,183.97,41.449,38.312
665.71,181.71,41.346,38.361
665.21,179.11,41.337,38.82
664.38,177.1,41.514,38.942
663.99,175.02,41.348,38.992
662.7,172.65,41.623,39.142
661.83,169.97,41.65,39.685
660.21,168.24,42.216,40.032
659.44,166.23,42.272,40.199
657.96,164.22,42.606,40.315
656.95,162.33,42.688,40.548
655.41,160.59,43.099,40.459
653.67,158.33,43.281,40.667
651.94,156.61,43.277,40.579
649.87,154.96,43.26,40.505
647.51,153.24,43.638,40.615
644.41,151.01,44.047,40.94
641.91,149.85,44.034,40.8
638.83,148.31,44.262,40.957
635.5,146.85,44.898,41.579
632.24,145.48,45.618,42.279
629.66,144.75,45.784,42.357
626.98,143.79,46.038,42.591
624.71,143.21,46.529,42.995
622.0,142.48,47.153,43.738
620.14,142.3,47.257,43.755
617.89,141.94,47.538,43.978
615.78,142.56,48.573,44.823
614.02,141.74,48.081,44.404
611.0,143.0,50.0,46.0
nan,nan,nan,nan
nan,nan,nan,nan
nan,nan,nan,nan
nan,nan,nan,nan
nan,nan,nan,nan
nan,nan,nan,nan
nan,nan,nan,nan
nan,nan,nan,nan
nan,nan,nan,nan
913.0,256.0,29.0,40.0
915.0,255.0,29.0,41.0
916.0,256.5,27.0,39.0
917.0,255.5,28.0,41.5
918.0,256.0,27.5,43.0
917.5,257.0,27.5,38.5
919.0,256.0,26.5,40.5
919.5,256.0,26.5,42.0
917.0,254.5,29.0,41.5
918.5,253.5,27.0,40.5
919.0,253.0,27.5,42.5
920.5,254.5,26.0,40.0
919.0,249.5,28.0,42.0
921.5,247.5,26.5,41.5
921.23,246.71,26.32,40.08
922.68,245.81,25.709,38.071
922.91,239.75,26.21,40.609
924.11,237.15,26.188,39.718
924.61,234.53,25.486,38.219
925.49,231.07,25.392,38.264
925.84,227.6,25.332,38.403
926.26,224.35,25.334,38.402
926.91,221.64,25.369,38.462
927.5,219.61,25.363,38.584
927.99,217.91,25.28,38.772
928.42,216.42,25.282,38.676
929.09,215.27,25.377,38.895
929.16,214.51,25.272,39.038
929.34,213.91,25.175,39.034
929.16,213.27,25.235,39.221
928.91,212.62,25.154,39.251
928.0,212.02,25.178,39.389
927.0,211.25,24.959,39.234
925.66,210.62,25.023,39.551
924.57,209.88,25.01,39.462
922.95,209.24,25.098,39.48
921.19,208.2,25.038,39.537
918.92,207.41,25.024,39.722
917.21,206.72,25.03,39.782
915.28,205.83,25.047,39.66
912.94,204.93,24.963,39.733
910.1,204.0,24.987,39.748
907.59,203.22,24.905,39.813
904.66,202.19,25.011,39.716
901.4,201.36,24.833,39.633
897.99,200.34,24.916,39.648
894.78,199.52,24.883,39.537
891.29,198.29,24.983,39.525
887.95,197.44,24.948,39.318
884.74,196.39,25.097,39.477
881.8,195.42,24.95,39.287
878.84,194.13,25.075,39.248
876.15,193.29,25.017,39.156
873.89,192.44,25.203,39.398
871.59,191.22,25.117,39.317
869.19,190.36,25.238,39.35
866.84,189.46,25.188,39.433
864.98,188.56,25.359,39.647
862.62,187.5,25.324,39.743
860.71,186.79,25.352,39.712
858.65,185.97,25.309,39.627
856.58,185.14,25.428,39.804
854.64,184.35,25.412,39.826
852.37,183.52,25.682,39.878
851.0,182.81,25.595,39.93
849.16,182.17,25.609,40.044
847.64,181.5,25.649,40.127
845.12,180.68,25.845,40.373
844.02,180.0,25.78,40.488
842.25,179.35,25.703,40.513
840.74,178.55,25.709,40.627
838.61,177.56,25.707,40.865
837.14,176.73,25.767,40.87
835.4,176.12,25.638,40.879
834.06,175.33,25.676,40.986
832.43,174.28,25.62,41.102
830.93,173.73,25.798,40.975
829.99,173.07,25.772,41.02
828.89,172.33,25.761,41.169
827.85,171.3,25.682,41.315
826.7,170.79,25.713,41.166
825.73,169.71,25.809,41.275
824.85,168.96,25.693,41.376
823.75,167.96,25.813,41.587
822.9,166.89,25.678,41.654
821.69,165.89,25.8,41.669
821.17,164.84,25.633,41.895
820.18,164.02,25.904,41.974
819.48,162.89,25.836,42.442
819.07,162.36,25.588,42.115
818.49,161.13,25.614,42.247
818.01,160.19,25.552,41.981
817.23,159.28,25.439,42.311
817.11,158.51,25.191,42.124
816.43,157.37,25.23,42.087
816.16,156.1,25.047,41.84
815.39,155.21,24.864,41.576
814.75,153.99,25.158,41.938
814.11,152.81,25.059,41.912
813.83,151.64,25.131,42.094
813.57,150.73,24.974,41.83
813.16,149.42,25.304,42.162
813.07,148.41,25.227,42.133
813.02,147.36,25.358,42.319
813.16,146.22,25.287,42.438
813.12,145.1,25.535,42.408
813.51,144.26,25.34,42.348
813.65,143.0,25.517,42.462
813.88,141.78,25.514,42.746
814.05,140.71,25.669,42.698
814.51,140.04,25.511,42.552
814.91,138.67,25.47,42.606
815.53,137.57,25.666,42.913
816.79,136.81,25.805,42.904
817.94,135.91,26.466,43.099
819.88,134.73,26.489,43.169
821.78,133.68,26.861,43.462
824.14,133.39,27.181,43.498
826.07,132.25,28.017,43.886
828.61,131.51,28.232,44.077
830.44,130.62,28.583,44.085
831.89,130.27,28.889,44.341
833.18,129.11,29.217,44.569
834.14,128.5,29.47,44.688
834.74,127.9,29.723,44.691
835.02,127.23,30.069,45.124
835.88,126.56,30.296,45.235
836.64,125.8,30.77,45.491
837.39,125.32,31.123,45.695
837.88,124.7,31.506,46.04
838.81,124.38,31.757,46.124
839.33,123.65,32.294,46.438
839.35,123.04,32.782,46.858
839.18,122.64,33.079,47.028
838.77,122.22,33.395,47.182
837.84,121.81,33.801,47.276
836.64,121.26,34.101,47.593
835.57,121.01,34.535,47.849
833.43,120.64,35.539,48.316
832.45,120.31,35.577,48.421
831.33,119.96,35.604,48.407
830.21,119.94,35.87,48.627
828.33,119.54,36.738,49.123
827.4,119.41,36.675,49.218
826.62,119.27,36.578,49.141
825.41,119.18,36.664,49.261
824.46,119.03,36.721,49.502
823.01,118.95,36.828,49.588
822.33,119.03,36.731,49.63
821.17,118.87,36.84,49.84
820.05,118.79,36.933,49.983
818.75,118.62,37.003,50.192
817.88,118.82,36.88,50.369
816.88,119.02,36.886,50.416
815.91,119.04,36.835,50.431
815.04,118.87,36.977,50.719
814.33,119.12,36.839,50.74
814.99,119.65,36.947,50.865
815.7,119.91,36.858,50.819
815.78,119.73,36.939,51.075
815.32,120.03,36.89,51.066
816.02,120.36,37.037,51.34
816.67,120.78,36.972,51.271
816.6,120.63,36.975,51.627
817.18,121.06,36.212,51.345
816.51,121.38,36.111,51.367
815.86,121.98,35.922,51.353
815.36,122.45,35.7,51.314
815.82,122.78,34.919,51.034
815.3,123.43,34.537,50.943
814.92,124.05,34.389,51.01
814.81,124.71,34.053,50.848
814.19,125.25,34.004,50.944
813.97,126.03,33.439,50.55
813.6,126.65,33.352,50.641
813.35,127.21,33.293,50.814
812.94,128.25,32.971,50.685
812.84,129.06,32.602,50.597
812.25,130.21,32.468,50.598
811.95,131.67,32.303,50.481
811.52,133.23,32.03,50.662
811.15,134.91,31.837,50.968
810.5,137.35,31.841,50.855
810.01,140.21,31.504,50.596
809.52,143.21,31.41,50.94
809.03,146.65,31.197,51.054
808.6,150.23,31.146,50.742
807.91,153.86,30.946,50.691
807.74,158.03,30.559,50.907
807.75,162.48,30.247,50.638
807.37,166.26,30.136,50.428
806.83,170.22,30.084,50.448
806.76,174.11,29.781,50.343
806.76,178.28,29.391,49.745
806.25,181.26,29.258,49.534
805.58,184.31,29.256,49.492
805.11,186.4,29.231,49.322
804.27,188.61,29.085,48.895
803.45,189.54,28.986,48.758
802.77,190.17,28.902,48.858
801.76,189.95,28.892,48.845
800.73,189.65,29.071,48.808
799.79,188.75,29.044,48.904
799.21,188.08,29.01,49.054
797.92,186.61,28.905,48.836
796.8,185.54,29.17,48.908
795.87,183.97,29.154,48.992
794.99,183.06,29.162,48.93
793.67,181.32,29.067,49.047
792.45,180.13,29.197,48.926
791.48,178.48,29.098,48.863
790.01,177.05,29.343,49.474
789.23,175.51,29.408,49.597
789.1,174.09,29.633,50.011
788.72,172.43,30.124,50.008
789.34,170.97,30.496,50.557
790.64,169.6,30.665,50.736
792.24,168.26,31.026,51.198
793.42,166.81,31.797,51.438
795.31,165.81,32.123,51.365
795.9,164.59,32.377,51.773
796.39,163.31,32.677,51.725
796.74,162.52,32.967,51.971
796.03,161.37,33.544,52.135
794.56,160.38,33.698,52.406
792.96,159.39,34.046,52.316
791.55,158.93,34.34,52.529
789.34,157.75,35.005,53.061
787.86,157.23,35.155,53.118
785.95,156.54,35.695,53.125
784.4,156.03,36.242,53.498
782.51,155.29,36.646,53.995
780.68,155.12,37.159,54.146
778.92,154.62,37.581,54.341
777.36,154.28,38.12,54.505
776.06,153.97,38.312,54.621
774.35,153.81,38.966,54.816
772.78,153.43,39.272,55.116
770.1,152.86,40.433,55.396
769.58,152.84,39.901,55.385
768.48,152.76,40.069,55.357
766.88,152.5,40.474,55.712
764.55,152.13,41.272,56.073
764.22,152.33,40.622,55.837
764.17,152.18,40.6,56.005
764.13,152.0,40.615,56.263
764.52,152.09,40.303,56.228
765.0,152.17,40.29,56.159
766.36,151.87,40.35,56.312
768.38,151.51,40.331,56.628
770.64,151.39,40.072,56.447
772.51,151.14,40.037,56.785
774.43,150.58,39.976,56.658
775.95,150.04,40.013,56.937
777.41,149.39,39.8,56.774
778.11,148.86,39.614,56.829
779.02,148.04,39.379,56.687
779.59,147.2,39.283,56.797
780.49,146.09,39.173,56.875
780.87,144.99,39.064,56.899
781.64,143.94,38.953,56.905
782.99,142.68,38.927,57.108
784.55,141.39,39.07,57.563
785.4,139.86,38.939,58.089
785.88,138.83,39.207,57.77
785.54,137.65,39.034,57.528
784.0,136.25,39.519,57.913
782.55,134.89,39.365,58.16
780.66,133.65,39.654,57.884
777.65,132.4,39.712,57.503
774.1,130.91,39.988,57.66
771.04,129.44,40.159,57.814
768.26,127.98,40.326,57.906
765.82,126.59,40.776,57.71
763.33,125.0,40.948,58.159
761.14,123.43,41.184,58.313
759.19,122.33,41.325,58.376
757.33,121.04,41.801,58.193
755.48,119.56,42.115,58.373
754.01,118.4,42.057,58.29
752.05,117.07,42.696,58.656
750.29,115.88,42.9,58.62
749.05,114.49,43.118,58.466
747.97,113.55,43.115,58.421
746.73,112.16,43.616,58.858
746.68,111.34,43.898,58.821
747.53,110.16,44.136,58.881
748.46,109.35,44.347,58.745
749.56,108.47,44.877,58.934
752.38,107.66,45.281,59.133
755.92,107.0,45.477,59.299
759.41,106.26,45.617,59.273
762.68,105.56,46.216,59.456
767.54,105.09,46.326,59.564
772.79,104.74,46.51,59.749
778.54,104.08,46.511,59.811
784.56,103.16,46.614,60.103
791.53,103.18,46.578,59.875
798.54,102.51,46.951,60.316
805.38,101.82,47.01,60.447
810.57,101.0,47.076,60.629
814.59,100.72,47.128,60.584
818.19,99.831,47.515,60.943
821.35,99.155,47.629,61.224
822.74,98.377,47.82,61.508
822.89,97.945,47.871,61.46
822.64,97.061,47.96,61.701
822.65,96.732,48.029,61.92
822.74,96.035,48.264,62.12
823.1,95.704,48.239,61.974
823.11,95.131,48.192,62.26
823.16,95.136,48.279,62.36
822.73,95.065,48.403,62.349
822.15,94.914,48.626,62.593
822.33,94.938,48.195,62.702
821.82,95.187,48.26,62.63
821.07,95.585,48.245,62.559
820.21,95.764,48.316,62.875
820.01,96.206,47.804,62.86
819.15,96.555,47.779,62.721
818.26,97.05,47.58,62.555
817.55,97.422,47.319,62.659
816.37,97.971,47.307,62.791
815.17,98.356,47.027,62.602
813.74,98.907,46.898,62.5
812.02,99.273,46.908,62.594
809.88,99.852,46.718,62.704
807.49,100.13,46.506,62.553
805.04,100.66,46.437,62.553
801.99,101.14,46.398,62.686
798.64,101.64,46.019,62.47
795.08,102.05,45.879,62.417
791.57,102.5,45.858,62.428
787.65,102.92,45.675,62.5
783.83,103.3,45.356,62.373
780.37,104.04,45.181,62.213
776.38,104.36,45.026,62.188
772.43,104.63,45.041,62.158
768.91,105.09,44.498,62.156
766.47,106.0,44.344,62.022
763.13,106.32,44.079,62.057
759.84,106.67,44.24,62.074
757.42,107.33,43.85,62.001
755.36,107.97,43.671,62.026
753.22,108.57,43.561,61.987
750.51,109.0,43.763,62.085
749.12,109.66,43.577,61.907
747.35,110.22,43.471,61.923
745.95,110.82,43.274,61.668
744.39,111.33,43.021,61.397
743.48,111.95,42.983,61.213
742.98,112.61,42.798,61.186
743.51,113.12,42.569,60.993
744.74,113.62,42.187,60.514
745.7,114.26,42.302,60.21
747.73,114.6,42.114,60.212
750.9,115.07,41.972,60.272
754.44,115.45,41.746,59.797
757.34,115.67,41.827,59.62
760.83,115.95,41.526,59.406
763.79,116.02,41.271,59.226
765.58,115.98,41.118,58.946
766.71,115.62,41.279,59.227
768.04,115.72,41.031,59.008
768.41,115.3,40.795,58.508
767.67,115.13,40.674,58.243
766.2,114.58,40.733,58.394
765.12,114.06,40.623,58.116
763.82,113.52,40.412,57.662
762.57,113.12,40.26,57.198
760.75,112.48,40.022,57.073
759.43,111.88,40.026,56.608
758.05,111.78,39.546,56.118
756.8,111.78,39.331,55.852
755.39,112.16,39.119,55.7
754.38,112.91,39.225,55.401
753.57,114.32,38.715,54.936
752.37,116.23,38.555,54.85
751.41,118.8,38.529,54.589
750.79,121.86,38.321,54.264
750.16,125.34,38.258,53.973
749.4,129.53,38.194,53.901
748.94,133.72,37.939,53.642
748.67,137.97,37.821,53.479
748.66,142.24,37.918,53.329
748.74,146.55,37.797,53.266
748.76,150.22,37.689,53.134
748.65,153.45,37.882,53.289
748.84,156.24,37.845,53.099
749.42,158.11,37.609,53.012
749.57,159.81,37.869,53.108
749.55,160.97,37.678,52.916
749.37,161.63,37.584,52.733
749.4,161.71,37.356,52.63
749.29,161.71,37.459,52.72
748.91,161.34,37.228,52.438
748.77,161.01,37.058,52.266
748.03,160.53,37.017,52.192
747.66,159.57,36.861,52.115
746.91,159.0,36.98,52.064
746.2,158.32,36.648,51.806
745.51,157.94,36.536,51.419
744.59,156.97,36.35,51.475
743.3,156.2,36.454,51.572
742.23,155.51,36.127,51.159
741.05,155.19,35.828,50.518
739.18,154.5,35.577,50.477
737.21,153.54,35.49,50.505
735.63,152.97,35.197,50.034
733.41,152.26,34.963,49.549
730.96,151.53,34.647,49.481
728.47,150.8,34.511,49.241
725.89,149.99,34.315,49.07
723.37,148.91,34.233,49.003
720.71,148.04,34.454,48.847
717.8,147.22,34.532,48.844
715.01,146.28,34.241,48.474
712.18,145.34,34.402,48.7
709.27,144.41,34.789,48.57
706.28,143.54,34.904,48.609
703.62,142.62,34.678,48.231
700.45,141.9,34.93,48.236
697.21,140.9,35.096,48.389
693.92,140.19,35.257,48.199
690.88,139.48,35.222,48.107
687.4,138.66,35.491,48.005
683.55,138.03,35.695,48.045
680.0,137.65,35.809,47.844
676.42,137.33,35.989,47.676
672.62,136.54,36.33,47.887
668.66,136.37,36.498,47.779
665.48,136.19,36.553,47.698
661.68,136.04,36.886,47.65
658.54,135.74,37.18,47.716
655.11,135.66,37.423,47.557
652.49,135.55,37.623,47.813
649.42,135.56,37.87,47.706
647.26,135.69,38.043,47.487
644.48,135.75,38.454,47.203
642.88,135.69,38.373,47.32
641.17,136.02,38.462,47.017
639.64,136.37,38.319,46.781
638.2,136.42,38.52,46.788
637.14,136.78,38.251,46.536
636.11,137.1,38.18,46.489
635.09,137.69,38.067,46.345
634.26,137.91,37.918,46.396
633.28,138.61,37.913,46.334
632.43,139.12,37.796,46.34
631.77,139.78,37.635,46.162
630.82,140.38,37.593,45.996
630.27,141.16,37.468,45.908
629.44,141.88,37.445,45.904
629.12,142.57,37.118,45.583
628.45,143.44,37.099,45.511
628.09,144.44,36.808,45.226
627.31,145.06,36.752,45.093
627.07,145.95,36.692,44.993
626.48,147.04,36.453,44.853
626.03,148.01,36.367,44.635
625.49,148.92,36.265,44.308
624.92,149.94,36.248,44.341
624.39,150.99,36.133,44.27
623.97,151.91,36.093,44.156
624.0,153.06,35.994,43.963
623.71,154.24,35.668,43.836
623.23,155.26,35.614,43.737
623.1,156.44,35.575,43.773
623.32,157.65,35.426,43.489
623.2,159.11,35.214,43.427
623.0,160.39,34.803,43.025
623.02,161.72,34.877,43.129
622.84,162.95,34.779,42.752
622.79,164.61,34.665,42.769
623.01,166.2,34.103,42.13
623.34,167.56,33.963,41.978
622.87,168.9,33.906,41.721
623.27,170.5,33.492,41.587
623.25,171.87,33.275,41.231
623.86,173.09,32.907,40.938
623.52,174.62,32.796,40.651
623.65,175.82,32.421,40.393
623.4,176.92,32.489,40.367
624.03,177.98,32.102,40.181
623.86,179.23,31.933,39.815
623.66,180.0,31.767,39.65
623.54,180.91,31.702,39.627
623.82,181.83,31.489,39.483
623.38,182.62,31.332,39.215
623.66,183.32,31.002,39.253
623.22,183.94,30.866,39.157
622.92,184.36,30.78,39.075
622.55,184.92,30.486,38.874
622.19,185.61,30.081,38.936
620.96,186.06,29.816,38.585
619.84,186.39,29.582,38.303
618.48,186.89,29.233,38.209
616.41,187.31,28.987,38.087
613.72,187.64,28.588,37.679
610.65,188.12,28.319,37.468
607.45,188.41,28.151,37.39
603.68,188.75,27.904,37.145
599.19,189.02,27.539,36.863
594.29,189.32,27.159,36.707
589.43,189.31,27.238,36.698
584.16,189.81,26.971,36.358
578.36,190.02,26.681,36.08
572.65,190.29,26.268,35.815
566.67,190.35,26.245,35.702
560.34,190.77,26.138,35.513
554.48,190.75,25.929,35.306
548.25,191.2,25.75,35.236
542.06,191.41,25.588,35.025
535.81,191.63,25.398,35.085
529.9,191.64,25.51,34.799
524.05,192.0,25.273,34.494
518.23,192.28,25.164,34.334
512.84,192.28,24.974,34.303
507.11,192.51,25.219,33.953
502.06,192.66,25.11,33.515
497.04,192.72,25.086,33.489
492.34,192.54,25.203,33.526
487.66,192.66,25.372,33.329
483.12,192.7,25.506,33.203
478.85,192.59,25.622,33.273
474.68,192.34,25.846,33.582
470.6,192.26,26.095,33.306
466.65,192.09,26.248,33.425
462.77,191.94,26.462,33.513
459.22,191.91,26.791,33.766
455.68,191.61,26.901,33.71
452.14,191.5,27.245,33.94
448.33,191.27,27.632,34.148
445.01,191.45,27.962,34.343
441.86,191.12,28.192,34.733
438.38,191.32,28.633,34.935
434.5,191.17,29.12,35.194
430.92,191.31,29.371,35.358
427.41,191.5,30.028,35.68
423.79,192.07,30.801,35.73
420.39,192.08,31.159,36.207
416.62,192.14,31.759,36.385
413.12,193.12,32.258,36.43
409.55,193.88,33.222,36.635
406.51,194.5,33.495,36.816
402.39,194.75,34.145,37.162
398.69,195.76,34.441,37.184
394.44,196.84,35.037,37.527
390.34,197.95,35.322,37.354
385.31,198.78,35.537,37.535
380.5,200.02,35.862,37.5
375.71,201.53,36.093,37.535
370.51,202.98,36.156,37.413
365.06,204.18,36.24,37.443
360.03,206.04,36.421,37.109
354.38,207.29,36.528,36.876
348.76,209.3,36.425,36.776
343.44,210.65,36.6,36.714
338.03,212.15,36.817,36.568
331.12,213.39,37.072,36.331
324.18,215.38,36.906,35.957
317.26,217.41,36.979,35.805
309.4,218.56,37.197,35.871
300.89,220.28,37.745,35.611
292.63,222.05,37.941,35.639
284.0,224.08,37.977,35.675
274.96,225.7,38.114,35.692
265.62,227.22,38.716,35.627
257.54,228.62,39.079,36.142
249.73,230.3,39.129,36.303
241.48,232.03,39.251,36.376
233.23,233.69,39.326,36.532
225.26,234.82,39.41,36.725
217.07,236.7,39.448,36.802
208.16,238.1,39.737,37.011
199.68,239.95,39.458,37.126
190.7,241.25,39.716,37.308
181.1,243.12,39.744,37.298
171.83,244.54,39.875,37.444
162.72,245.81,39.877,37.543
155.13,247.07,40.03,37.552
148.4,248.56,39.786,37.567
141.77,249.69,39.712,37.561
135.07,250.4,39.84,37.668
129.97,251.69,39.635,37.37
125.61,252.54,39.569,37.554
121.02,253.4,39.651,37.636
116.68,253.77,39.567,37.621
112.13,254.78,39.627,37.657
108.33,255.25,39.326,38.296
103.97,256.0,39.211,38.793
99.75,256.19,38.755,39.275
96.089,256.91,38.754,39.87
92.0,257.0,38.0,41.0
