553.0,246.0,25.0,77.0
553.0,246.0,24.0,77.0
552.0,247.0,24.0,77.0
552.0,247.0,23.0,77.0
551.0,248.0,23.0,77.0
549.0,248.0,23.0,77.0
548.0,249.0,23.0,77.0
547.0,249.0,23.0,77.0
546.0,250.0,23.0,78.0
545.0,250.0,23.0,78.0
544.0,250.0,23.0,78.0
543.0,251.0,23.0,78.0
542.0,251.0,23.0,78.0
542.0,251.0,23.0,79.0
541.0,250.0,23.0,79.0
541.0,250.0,23.0,80.0
540.0,250.0,23.0,79.0
539.0,250.0,23.0,79.0
538.0,250.0,23.0,78.0
537.0,250.0,23.0,78.0
537.0,250.0,23.0,78.0
536.0,250.0,23.0,78.0
536.0,251.0,23.0,78.0
535.0,251.0,23.0,78.0
535.0,252.0,23.0,78.0
534.0,253.0,23.0,78.0
532.0,253.0,23.0,78.0
531.0,254.0,23.0,78.0
531.0,254.0,23.0,78.0
530.0,255.0,23.0,78.0
530.0,255.0,23.0,78.0
529.0,255.0,23.0,78.0
528.0,256.0,23.0,78.0
527.0,256.0,23.0,78.0
526.0,256.0,23.0,78.0
526.0,256.0,23.0,78.0
525.0,256.0,23.0,78.0
524.0,256.0,23.0,78.0
524.0,256.0,23.0,78.0
523.0,256.0,23.0,78.0
522.0,257.0,23.0,78.0
522.0,257.0,23.0,78.0
521.0,258.0,23.0,78.0
520.0,259.0,23.0,78.0
519.0,260.0,23.0,78.0
518.0,261.0,23.0,78.0
518.0,261.0,23.0,78.0
518.0,261.0,23.0,78.0
518.0,261.0,23.0,78.0
517.0,261.0,23.0,78.0
515.0,260.0,23.0,78.0
514.0,260.0,23.0,78.0
513.0,260.0,23.0,78.0
513.0,260.0,23.0,78.0
512.0,260.0,23.0,78.0
511.0,261.0,23.0,78.0
511.0,261.0,23.0,78.0
510.0,262.0,23.0,78.0
510.0,263.0,23.0,78.0
509.0,263.0,23.0,78.0
509.0,264.0,23.0,78.0
508.0,265.0,23.0,78.0
508.0,265.0,23.0,78.0
507.0,266.0,23.0,78.0
508.0,266.0,23.0,78.0
508.0,265.0,23.0,78.0
509.0,265.0,23.0,78.0
509.0,265.0,23.0,78.0
509.0,265.0,23.0,78.0
509.0,265.0,23.0,78.0
510.0,265.0,23.0,78.0
510.0,265.0,23.0,78.0
511.0,265.0,23.0,78.0
512.0,266.0,23.0,78.0
513.0,266.0,23.0,78.0
514.0,267.0,23.0,78.0
515.0,268.0,23.0,78.0
515.0,269.0,23.0,78.0
516.0,270.0,23.0,78.0
516.0,270.0,23.0,78.0
517.0,270.0,23.0,79.0
517.0,270.0,23.0,79.0
518.0,270.0,23.0,79.0
519.0,270.0,23.0,79.0
520.0,270.0,23.0,79.0
522.0,269.0,23.0,79.0
523.0,269.0,23.0,79.0
525.0,268.0,23.0,79.0
526.0,268.0,23.0,79.0
526.0,268.0,23.0,79.0
527.0,268.0,23.0,79.0
528.0,268.0,23.0,79.0
529.0,269.0,23.0,79.0
530.0,269.0,23.0,79.0
531.0,270.0,23.0,79.0
531.0,270.0,23.0,79.0
532.0,271.0,23.0,79.0
533.0,271.0,23.0,79.0
535.0,272.0,23.0,79.0
536.0,272.0,23.0,79.0
538.0,272.0,23.0,78.0
539.0,271.0,23.0,77.0
541.0,271.0,23.0,76.0
542.0,271.0,23.0,76.0
543.0,272.0,23.0,76.0
544.0,272.0,23.0,76.0
545.0,272.0,23.0,77.0
546.0,272.0,23.0,78.0
547.0,272.0,23.0,79.0
548.0,273.0,23.0,79.0
550.0,273.0,23.0,79.0
551.0,274.0,23.0,79.0
551.0,274.0,23.0,79.0
552.0,273.0,23.0,80.0
552.0,273.0,23.0,80.0
554.0,273.0,23.0,80.0
555.0,273.0,23.0,80.0
557.0,273.0,23.0,80.0
559.0,273.0,23.0,79.0
560.0,273.0,23.0,78.0
562.0,273.0,23.0,77.0
563.0,273.0,23.0,76.0
564.0,273.0,23.0,76.0
565.0,273.0,23.0,75.0
566.0,274.0,23.0,75.0
567.0,274.0,23.0,75.0
568.0,275.0,23.0,75.0
570.0,275.0,23.0,75.0
572.0,275.0,23.0,75.0
574.0,275.0,23.0,75.0
576.0,275.0,23.0,75.0
577.0,276.0,23.0,75.0
579.0,276.0,23.0,75.0
580.0,276.0,23.0,75.0
582.0,275.0,23.0,75.0
583.0,275.0,23.0,75.0
584.0,275.0,23.0,75.0
586.0,276.0,23.0,75.0
587.0,276.0,23.0,75.0
588.0,276.0,23.0,76.0
590.0,277.0,23.0,76.0
591.0,277.0,23.0,77.0
592.0,277.0,23.0,77.0
593.0,278.0,24.0,77.0
594.0,278.0,24.0,77.0
595.0,278.0,24.0,77.0
597.0,279.0,24.0,77.0
598.0,279.0,24.0,77.0
599.0,279.0,24.0,77.0
601.0,279.0,24.0,77.0
602.0,279.0,24.0,77.0
604.0,279.0,24.0,77.0
605.0,279.0,24.0,77.0
607.0,279.0,24.0,77.0
609.0,279.0,24.0,77.0
610.0,279.0,24.0,77.0
612.0,279.0,24.0,77.0
614.0,279.0,24.0,77.0
615.0,280.0,24.0,77.0
617.0,280.0,24.0,77.0
618.0,280.0,24.0,77.0
620.0,281.0,24.0,77.0
621.0,281.0,24.0,77.0
622.0,281.0,24.0,77.0
624.0,282.0,24.0,77.0
625.0,282.0,24.0,77.0
627.0,282.0,24.0,77.0
628.0,282.0,24.0,77.0
630.0,282.0,24.0,77.0
631.0,282.0,24.0,77.0
632.0,282.0,24.0,77.0
633.0,282.0,24.0,77.0
633.0,282.0,24.0,77.0
632.0,282.0,24.0,77.0
632.0,282.0,24.0,77.0
633.0,283.0,24.0,77.0
634.0,283.0,24.0,77.0
635.0,284.0,24.0,77.0
635.0,285.0,24.0,77.0
634.0,285.0,24.0,77.0
634.0,286.0,24.0,77.0
633.0,286.0,24.0,77.0
632.0,285.0,24.0,77.0
631.0,285.0,24.0,77.0
631.0,285.0,24.0,77.0
631.0,286.0,24.0,77.0
631.0,286.0,24.0,77.0
631.0,286.0,24.0,77.0
632.0,285.0,24.0,77.0
632.0,285.0,24.0,77.0
632.0,285.0,24.0,77.0
631.0,285.0,24.0,77.0
631.0,285.0,24.0,77.0
631.0,285.0,24.0,77.0
630.0,285.0,24.0,77.0
630.0,285.0,24.0,77.0
630.0,285.0,24.0,77.0
630.0,286.0,24.0,77.0
630.0,286.0,24.0,77.0
630.0,286.0,24.0,77.0
631.0,287.0,24.0,77.0
631.0,287.0,24.0,77.0
632.0,287.0,24.0,77.0
632.0,287.0,24.0,77.0
633.0,287.0,24.0,77.0
633.0,287.0,24.0,77.0
633.0,287.0,24.0,77.0
633.0,287.0,24.0,77.0
633.0,288.0,24.0,77.0
633.0,289.0,24.0,77.0
633.0,290.0,24.0,77.0
633.0,290.0,24.0,78.0
633.0,290.0,24.0,78.0
633.0,290.0,24.0,79.0
634.0,290.0,24.0,79.0
635.0,290.0,24.0,79.0
636.0,290.0,24.0,79.0
636.0,290.0,24.0,79.0
636.0,290.0,24.0,79.0
636.0,290.0,24.0,79.0
637.0,290.0,24.0,79.0
638.0,291.0,24.0,79.0
639.0,291.0,24.0,79.0
639.0,291.0,24.0,79.0
639.0,292.0,24.0,79.0
639.0,292.0,24.0,79.0
640.0,293.0,24.0,79.0
640.0,293.0,24.0,79.0
641.0,294.0,24.0,79.0
642.0,294.0,24.0,79.0
644.0,295.0,24.0,79.0
645.0,295.0,24.0,79.0
646.0,295.0,24.0,79.0
647.0,295.0,24.0,79.0
648.0,295.0,24.0,79.0
649.0,295.0,24.0,79.0
651.0,294.0,24.0,79.0
652.0,294.0,24.0,79.0
653.0,294.0,24.0,79.0
653.0,295.0,24.0,79.0
654.0,295.0,24.0,79.0
655.0,296.0,24.0,79.0
657.0,296.0,24.0,79.0
658.0,297.0,24.0,79.0
659.0,298.0,24.0,79.0
660.0,299.0,24.0,79.0
661.0,300.0,24.0,79.0
662.0,300.0,24.0,79.0
663.0,300.0,24.0,79.0
664.0,300.0,24.0,79.0
665.0,300.0,24.0,79.0
666.0,300.0,24.0,79.0
667.0,300.0,24.0,79.0
668.0,300.0,24.0,79.0
669.0,300.0,24.0,79.0
670.0,300.0,24.0,79.0
671.0,300.0,24.0,79.0
671.0,300.0,24.0,79.0
672.0,300.0,24.0,79.0
672.0,300.0,24.0,79.0
671.0,300.0,24.0,79.0
671.0,300.0,24.0,79.0
671.0,301.0,24.0,79.0
672.0,301.0,24.0,79.0
672.0,302.0,24.0,79.0
672.0,302.0,24.0,79.0
671.0,302.0,24.0,79.0
671.0,302.0,24.0,79.0
670.0,302.0,24.0,79.0
669.0,302.0,24.0,79.0
668.0,302.0,24.0,79.0
667.0,302.0,24.0,79.0
665.0,302.0,24.0,79.0
664.0,302.0,24.0,79.0
662.0,302.0,24.0,79.0
661.0,302.0,24.0,79.0
659.0,302.0,24.0,79.0
657.0,303.0,24.0,79.0
655.0,303.0,24.0,79.0
653.0,304.0,24.0,79.0
652.0,305.0,24.0,79.0
650.0,305.0,24.0,79.0
649.0,306.0,24.0,79.0
648.0,306.0,24.0,79.0
647.0,305.0,24.0,79.0
646.0,305.0,24.0,79.0
645.0,305.0,24.0,79.0
643.0,304.0,24.0,79.0
642.0,304.0,24.0,79.0
642.0,304.0,24.0,79.0
642.0,304.0,23.0,79.0
642.0,304.0,23.0,79.0
641.0,304.0,23.0,79.0
641.0,304.0,23.0,79.0
640.0,304.0,23.0,79.0
640.0,305.0,23.0,79.0
640.0,305.0,23.0,79.0
640.0,306.0,23.0,79.0
640.0,306.0,23.0,79.0
640.0,306.0,23.0,79.0
640.0,306.0,23.0,79.0
640.0,306.0,23.0,79.0
640.0,306.0,23.0,79.0
640.0,306.0,23.0,79.0
640.0,306.0,23.0,79.0
640.0,306.0,23.0,79.0
640.0,306.0,23.0,79.0
640.0,307.0,23.0,79.0
640.0,308.0,23.0,79.0
640.0,309.0,23.0,79.0
639.0,309.0,23.0,79.0
639.0,309.0,23.0,79.0
638.0,309.0,23.0,79.0
638.0,310.0,23.0,79.0
637.0,312.0,23.0,79.0
637.0,313.0,23.0,79.0
637.0,313.0,23.0,79.0
637.0,312.0,23.0,79.0
637.0,312.0,23.0,79.0
636.0,312.0,23.0,79.0
636.0,311.0,23.0,79.0
635.0,311.0,23.0,79.0
634.0,311.0,23.0,79.0
634.0,311.0,23.0,79.0
633.0,311.0,23.0,79.0
633.0,311.0,23.0,79.0
632.0,311.0,23.0,79.0
632.0,311.0,23.0,79.0
631.0,312.0,23.0,79.0
631.0,312.0,23.0,79.0
630.0,313.0,23.0,79.0
629.0,313.0,23.0,79.0
629.0,314.0,23.0,79.0
628.0,314.0,23.0,79.0
628.0,315.0,23.0,79.0
627.0,315.0,23.0,79.0
627.0,316.0,23.0,79.0
627.0,316.0,23.0,79.0
626.0,316.0,23.0,79.0
626.0,316.0,23.0,79.0
625.0,316.0,23.0,79.0
624.0,317.0,23.0,79.0
623.0,317.0,23.0,79.0
622.0,317.0,23.0,79.0
622.0,318.0,23.0,79.0
621.0,318.0,23.0,79.0
619.0,319.0,24.0,80.0
617.0,319.0,26.0,80.0
615.0,320.0,27.0,81.0
614.0,321.0,28.0,82.0
613.0,321.0,29.0,83.0
612.0,322.0,30.0,84.0
611.0,322.0,30.0,84.0
609.0,321.0,30.0,84.0
608.0,321.0,30.0,84.0
607.0,321.0,30.0,84.0
606.0,320.0,30.0,84.0
605.0,320.0,30.0,84.0
604.0,320.0,30.0,84.0
602.0,320.0,30.0,84.0
601.0,320.0,30.0,84.0
600.0,320.0,30.0,84.0
598.0,321.0,30.0,84.0
597.0,321.0,30.0,84.0
595.0,322.0,30.0,84.0
593.0,323.0,30.0,84.0
591.0,324.0,30.0,84.0
589.0,325.0,30.0,84.0
587.0,326.0,30.0,84.0
585.0,327.0,30.0,84.0
583.0,327.0,30.0,84.0
580.0,327.0,30.0,84.0
578.0,327.0,30.0,84.0
577.0,327.0,30.0,84.0
575.0,328.0,30.0,84.0
574.0,328.0,30.0,84.0
573.0,329.0,30.0,83.0
572.0,329.0,30.0,83.0
571.0,330.0,30.0,82.0
571.0,330.0,30.0,82.0
570.0,331.0,30.0,82.0
570.0,331.0,30.0,82.0
569.0,332.0,30.0,83.0
568.0,333.0,31.0,84.0
567.0,334.0,31.0,85.0
567.0,334.0,31.0,85.0
566.0,335.0,31.0,85.0
566.0,335.0,31.0,85.0
566.0,335.0,31.0,85.0
567.0,335.0,31.0,85.0
567.0,335.0,31.0,85.0
568.0,335.0,30.0,85.0
570.0,335.0,28.0,85.0
571.0,335.0,27.0,85.0
572.0,335.0,27.0,85.0
573.0,334.0,27.0,85.0
574.0,334.0,27.0,85.0
575.0,335.0,27.0,85.0
577.0,336.0,27.0,85.0
578.0,337.0,27.0,85.0
580.0,337.0,27.0,85.0
581.0,338.0,27.0,85.0
583.0,338.0,27.0,85.0
585.0,339.0,27.0,85.0
586.0,339.0,27.0,85.0
588.0,340.0,27.0,85.0
589.0,340.0,27.0,85.0
590.0,340.0,27.0,85.0
591.0,340.0,27.0,85.0
593.0,340.0,27.0,85.0
596.0,340.0,27.0,85.0
598.0,340.0,27.0,85.0
599.0,341.0,27.0,85.0
601.0,341.0,27.0,85.0
602.0,342.0,27.0,85.0
603.0,343.0,27.0,85.0
604.0,344.0,27.0,85.0
605.0,345.0,27.0,85.0
606.0,345.0,27.0,85.0
606.0,345.0,27.0,85.0
607.0,345.0,27.0,85.0
608.0,346.0,27.0,85.0
609.0,346.0,27.0,85.0
610.0,347.0,27.0,85.0
610.0,346.0,27.0,85.0
611.0,346.0,27.0,85.0
611.0,345.0,27.0,85.0
613.0,345.0,27.0,84.0
615.0,345.0,27.0,83.0
617.0,345.0,27.0,82.0
617.0,345.0,27.0,82.0
617.0,345.0,27.0,82.0
617.0,345.0,27.0,82.0
618.0,345.0,27.0,82.0
618.0,346.0,27.0,82.0
619.0,346.0,27.0,82.0
619.0,347.0,27.0,82.0
620.0,347.0,27.0,82.0
620.0,348.0,27.0,82.0
621.0,348.0,27.0,82.0
622.0,347.0,27.0,82.0
623.0,347.0,27.0,82.0
624.0,347.0,27.0,82.0
625.0,346.0,27.0,82.0
626.0,346.0,27.0,82.0
626.0,346.0,27.0,82.0
627.0,346.0,27.0,82.0
627.0,346.0,27.0,82.0
627.0,346.0,27.0,82.0
626.0,347.0,27.0,82.0
626.0,347.0,27.0,82.0
625.0,347.0,27.0,82.0
625.0,348.0,27.0,82.0
624.0,348.0,27.0,82.0
623.0,348.0,27.0,82.0
622.0,348.0,27.0,82.0
621.0,348.0,27.0,82.0
620.0,348.0,27.0,82.0
618.0,348.0,27.0,82.0
617.0,348.0,27.0,82.0
616.0,347.0,27.0,82.0
616.0,346.0,27.0,82.0
615.0,345.0,27.0,82.0
613.0,345.0,27.0,82.0
612.0,345.0,27.0,82.0
610.0,345.0,27.0,82.0
608.0,345.0,27.0,82.0
607.0,345.0,27.0,82.0
605.0,345.0,27.0,82.0
604.0,345.0,27.0,82.0
602.0,346.0,27.0,82.0
601.0,346.0,27.0,82.0
600.0,346.0,27.0,82.0
598.0,346.0,27.0,82.0
597.0,346.0,27.0,82.0
595.0,346.0,27.0,81.0
594.0,345.0,27.0,80.0
592.0,345.0,27.0,79.0
591.0,344.0,27.0,79.0
591.0,344.0,27.0,79.0
590.0,343.0,27.0,79.0
588.0,343.0,27.0,80.0
587.0,343.0,27.0,81.0
585.0,343.0,27.0,82.0
585.0,343.0,27.0,82.0
584.0,344.0,27.0,82.0
584.0,344.0,27.0,82.0
584.0,345.0,27.0,82.0
584.0,345.0,27.0,83.0
584.0,346.0,27.0,83.0
584.0,346.0,27.0,83.0
584.0,345.0,27.0,83.0
584.0,345.0,27.0,83.0
584.0,345.0,27.0,83.0
584.0,345.0,27.0,83.0
584.0,345.0,27.0,83.0
586.0,343.0,27.0,82.0
589.0,342.0,27.0,82.0
591.0,340.0,27.0,81.0
592.0,340.0,27.0,81.0
594.0,340.0,27.0,81.0
595.0,340.0,27.0,81.0
596.0,340.0,27.0,81.0
596.0,341.0,27.0,81.0
597.0,341.0,27.0,81.0
598.0,341.0,27.0,81.0
598.0,341.0,28.0,81.0
599.0,341.0,28.0,81.0
600.0,341.0,28.0,81.0
602.0,341.0,28.0,81.0
603.0,341.0,28.0,81.0
606.0,340.0,27.0,80.0
609.0,340.0,26.0,78.0
612.0,339.0,25.0,77.0
613.0,339.0,25.0,77.0
615.0,339.0,25.0,78.0
616.0,339.0,25.0,78.0
617.0,339.0,25.0,79.0
618.0,339.0,25.0,79.0
619.0,339.0,25.0,80.0
620.0,339.0,25.0,80.0
622.0,340.0,25.0,80.0
623.0,340.0,25.0,80.0
624.0,340.0,25.0,80.0
625.0,341.0,25.0,80.0
626.0,341.0,25.0,80.0
628.0,340.0,25.0,80.0
629.0,340.0,25.0,80.0
631.0,339.0,25.0,80.0
632.0,339.0,25.0,80.0
632.0,338.0,25.0,80.0
633.0,338.0,25.0,80.0
633.0,338.0,25.0,80.0
634.0,338.0,25.0,80.0
634.0,338.0,25.0,80.0
635.0,338.0,25.0,80.0
635.0,339.0,25.0,80.0
636.0,339.0,25.0,80.0
636.0,339.0,25.0,80.0
635.0,340.0,25.0,80.0
635.0,340.0,25.0,80.0
635.0,340.0,25.0,80.0
636.0,341.0,25.0,80.0
636.0,341.0,25.0,80.0
637.0,341.0,25.0,80.0
638.0,340.0,25.0,80.0
639.0,340.0,25.0,80.0
639.0,340.0,25.0,80.0
639.0,341.0,25.0,80.0
639.0,341.0,25.0,80.0
639.0,342.0,25.0,80.0
639.0,342.0,25.0,80.0
639.0,343.0,25.0,80.0
639.0,344.0,25.0,80.0
638.0,344.0,26.0,81.0
638.0,345.0,26.0,81.0
639.0,345.0,26.0,81.0
639.0,346.0,26.0,81.0
640.0,346.0,26.0,81.0
641.0,347.0,26.0,81.0
643.0,347.0,26.0,81.0
644.0,348.0,26.0,81.0
645.0,348.0,26.0,81.0
646.0,348.0,26.0,81.0
647.0,348.0,26.0,81.0
647.0,348.0,26.0,65.0
647.0,348.0,26.0,49.0
647.0,348.0,26.0,33.0
647.0,348.0,26.0,33.0
647.0,349.0,26.0,33.0
647.0,349.0,26.0,33.0
nan,nan,nan,nan
nan,nan,nan,nan
nan,nan,nan,nan
nan,nan,nan,nan
nan,nan,nan,nan
nan,nan,nan,nan
nan,nan,nan,nan
nan,nan,nan,nan
nan,nan,nan,nan
nan,nan,nan,nan
nan,nan,nan,nan
nan,nan,nan,nan
nan,nan,nan,nan
nan,nan,nan,nan
nan,nan,nan,nan
nan,nan,nan,nan
nan,nan,nan,nan
nan,nan,nan,nan
nan,nan,nan,nan
nan,nan,nan,nan
nan,nan,nan,nan
nan,nan,nan,nan
nan,nan,nan,nan
nan,nan,nan,nan
nan,nan,nan,nan
nan,nan,nan,nan
nan,nan,nan,nan
nan,nan,nan,nan
nan,nan,nan,nan
nan,nan,nan,nan
nan,nan,nan,nan
nan,nan,nan,nan
627.0,367.0,20.0,36.0
626.0,368.0,21.0,36.0
624.0,368.0,22.0,37.0
623.0,369.0,23.0,37.0
623.0,370.0,23.0,37.0
623.0,372.0,23.0,37.0
623.0,373.0,23.0,37.0
623.0,374.0,23.0,43.0
622.0,374.0,23.0,49.0
622.0,375.0,23.0,55.0
621.0,375.0,23.0,58.0
621.0,375.0,24.0,62.0
620.0,375.0,24.0,65.0
620.0,375.0,24.0,65.0
620.0,375.0,24.0,65.0
620.0,375.0,24.0,65.0
620.0,375.0,24.0,67.0
620.0,375.0,24.0,69.0
620.0,375.0,24.0,71.0
620.0,375.0,25.0,72.0
620.0,375.0,27.0,73.0
620.0,375.0,28.0,74.0
620.0,375.0,28.0,76.0
620.0,375.0,29.0,77.0
620.0,375.0,29.0,79.0
621.0,375.0,29.0,80.0
623.0,376.0,29.0,80.0
624.0,376.0,29.0,81.0
625.0,376.0,29.0,81.0
625.0,377.0,29.0,81.0
626.0,377.0,29.0,81.0
626.0,377.0,29.0,81.0
626.0,377.0,29.0,81.0
626.0,377.0,29.0,81.0
627.0,377.0,29.0,81.0
627.0,378.0,29.0,81.0
628.0,378.0,29.0,81.0
627.0,378.0,30.0,81.0
627.0,378.0,30.0,81.0
626.0,378.0,31.0,81.0
626.0,378.0,31.0,81.0
626.0,378.0,31.0,81.0
626.0,378.0,31.0,81.0
626.0,378.0,31.0,81.0
626.0,378.0,31.0,81.0
626.0,378.0,31.0,81.0
626.0,378.0,31.0,81.0
626.0,378.0,31.0,81.0
626.0,378.0,31.0,81.0
626.0,378.0,31.0,82.0
626.0,378.0,31.0,83.0
626.0,378.0,31.0,84.0
625.0,378.0,31.0,84.0
623.0,379.0,31.0,84.0
622.0,379.0,31.0,84.0
621.0,379.0,31.0,84.0
620.0,379.0,31.0,84.0
619.0,379.0,31.0,84.0
617.0,379.0,31.0,84.0
616.0,379.0,31.0,84.0
614.0,379.0,31.0,84.0
614.0,379.0,29.0,82.0
614.0,379.0,28.0,81.0
614.0,379.0,26.0,79.0
614.0,379.0,26.0,79.0
614.0,379.0,26.0,79.0
614.0,379.0,26.0,79.0
612.0,379.0,26.0,80.0
609.0,379.0,26.0,82.0
607.0,379.0,26.0,83.0
606.0,379.0,26.0,83.0
605.0,380.0,26.0,83.0
604.0,380.0,26.0,83.0
603.0,380.0,26.0,83.0
603.0,380.0,26.0,83.0
602.0,380.0,26.0,83.0
602.0,380.0,26.0,83.0
602.0,380.0,26.0,83.0
602.0,380.0,26.0,83.0
601.0,379.0,26.0,83.0
600.0,379.0,26.0,83.0
599.0,378.0,26.0,83.0
599.0,378.0,26.0,83.0
599.0,378.0,26.0,83.0
599.0,378.0,26.0,83.0
598.0,379.0,26.0,83.0
597.0,379.0,26.0,83.0
596.0,380.0,26.0,83.0
595.0,380.0,27.0,84.0
595.0,380.0,27.0,86.0
594.0,380.0,28.0,87.0
594.0,380.0,28.0,87.0
594.0,380.0,28.0,87.0
594.0,380.0,28.0,87.0
594.0,379.0,28.0,87.0
595.0,378.0,28.0,87.0
595.0,377.0,28.0,87.0
596.0,376.0,28.0,87.0
598.0,376.0,28.0,87.0
599.0,375.0,28.0,87.0
599.0,375.0,28.0,87.0
599.0,375.0,28.0,87.0
599.0,375.0,28.0,87.0
600.0,375.0,28.0,87.0
601.0,376.0,28.0,87.0
602.0,376.0,28.0,87.0
603.0,376.0,28.0,87.0
603.0,376.0,28.0,87.0
604.0,376.0,28.0,87.0
605.0,375.0,28.0,87.0
605.0,375.0,28.0,87.0
606.0,374.0,28.0,87.0
607.0,374.0,28.0,87.0
607.0,373.0,28.0,87.0
608.0,373.0,28.0,87.0
609.0,372.0,28.0,87.0
610.0,372.0,28.0,87.0
611.0,371.0,28.0,87.0
611.0,372.0,28.0,87.0
611.0,372.0,28.0,87.0
611.0,373.0,28.0,87.0
610.0,373.0,28.0,87.0
610.0,373.0,28.0,87.0
609.0,373.0,28.0,87.0
608.0,373.0,28.0,87.0
607.0,373.0,28.0,87.0
606.0,373.0,28.0,87.0
605.0,372.0,28.0,87.0
604.0,370.0,28.0,87.0
603.0,369.0,28.0,87.0
603.0,369.0,28.0,87.0
602.0,368.0,28.0,87.0
602.0,368.0,28.0,87.0
601.0,368.0,28.0,87.0
599.0,368.0,28.0,87.0
598.0,368.0,28.0,87.0
597.0,368.0,28.0,87.0
595.0,368.0,28.0,87.0
594.0,368.0,28.0,87.0
593.0,368.0,28.0,87.0
591.0,368.0,28.0,87.0
590.0,368.0,28.0,87.0
590.0,368.0,28.0,87.0
590.0,368.0,28.0,87.0
590.0,368.0,28.0,87.0
589.0,367.0,28.0,87.0
589.0,367.0,28.0,87.0
588.0,366.0,28.0,87.0
588.0,365.0,28.0,87.0
589.0,365.0,28.0,87.0
589.0,364.0,28.0,87.0
588.0,364.0,28.0,87.0
587.0,364.0,28.0,87.0
586.0,364.0,28.0,87.0
586.0,365.0,28.0,87.0
586.0,365.0,28.0,87.0
586.0,366.0,28.0,87.0
586.0,366.0,28.0,87.0
585.0,367.0,28.0,87.0
585.0,367.0,28.0,87.0
585.0,366.0,28.0,87.0
585.0,366.0,28.0,87.0
585.0,365.0,28.0,87.0
586.0,364.0,28.0,87.0
586.0,363.0,28.0,87.0
587.0,362.0,28.0,87.0
587.0,362.0,28.0,87.0
587.0,362.0,28.0,87.0
587.0,362.0,28.0,87.0
587.0,362.0,28.0,87.0
588.0,362.0,28.0,87.0
588.0,362.0,28.0,87.0
588.0,362.0,28.0,87.0
588.0,362.0,28.0,87.0
588.0,362.0,28.0,87.0
588.0,362.0,28.0,87.0
588.0,362.0,28.0,87.0
588.0,362.0,28.0,87.0
589.0,362.0,28.0,87.0
590.0,361.0,28.0,87.0
591.0,361.0,28.0,87.0
592.0,360.0,28.0,87.0
593.0,360.0,28.0,87.0
594.0,359.0,28.0,87.0
595.0,358.0,28.0,87.0
595.0,358.0,28.0,87.0
596.0,357.0,28.0,87.0
597.0,358.0,28.0,87.0
598.0,358.0,28.0,87.0
599.0,359.0,28.0,87.0
600.0,359.0,28.0,87.0
602.0,358.0,28.0,87.0
603.0,358.0,28.0,87.0
603.0,358.0,28.0,87.0
604.0,357.0,28.0,87.0
604.0,357.0,28.0,87.0
605.0,356.0,28.0,87.0
607.0,356.0,28.0,87.0
608.0,355.0,28.0,87.0
610.0,354.0,28.0,87.0
613.0,354.0,28.0,87.0
615.0,353.0,28.0,87.0
617.0,353.0,28.0,87.0
618.0,352.0,28.0,87.0
620.0,352.0,28.0,87.0
620.0,352.0,28.0,87.0
621.0,352.0,28.0,87.0
621.0,352.0,28.0,87.0
622.0,352.0,28.0,87.0
623.0,353.0,28.0,87.0
624.0,353.0,28.0,87.0
624.0,352.0,28.0,87.0
624.0,351.0,28.0,87.0
624.0,350.0,28.0,87.0
625.0,349.0,28.0,87.0
625.0,349.0,28.0,87.0
626.0,348.0,28.0,87.0
626.0,347.0,28.0,87.0
626.0,347.0,28.0,87.0
626.0,346.0,28.0,87.0
626.0,346.0,28.0,87.0
626.0,346.0,28.0,87.0
626.0,346.0,28.0,87.0
626.0,346.0,28.0,87.0
626.0,346.0,28.0,87.0
626.0,346.0,28.0,87.0
625.0,346.0,28.0,87.0
623.0,346.0,28.0,87.0
622.0,346.0,28.0,87.0
622.0,346.0,28.0,87.0
622.0,345.0,28.0,87.0
622.0,345.0,28.0,87.0
622.0,344.0,28.0,87.0
622.0,344.0,28.0,87.0
622.0,343.0,28.0,87.0
622.0,343.0,27.0,86.0
622.0,342.0,26.0,85.0
622.0,342.0,25.0,84.0
621.0,342.0,25.0,84.0
620.0,342.0,25.0,84.0
619.0,342.0,25.0,84.0
619.0,342.0,24.0,84.0
620.0,342.0,24.0,84.0
620.0,342.0,23.0,84.0
621.0,342.0,23.0,84.0
622.0,342.0,23.0,84.0
623.0,342.0,23.0,84.0
623.0,341.0,23.0,83.0
623.0,340.0,23.0,82.0
623.0,339.0,23.0,81.0
624.0,339.0,23.0,81.0
624.0,339.0,23.0,81.0
625.0,339.0,23.0,81.0
625.0,338.0,23.0,81.0
625.0,338.0,23.0,81.0
625.0,337.0,23.0,81.0
625.0,337.0,23.0,81.0
625.0,337.0,23.0,81.0
625.0,337.0,23.0,81.0
626.0,337.0,23.0,81.0
627.0,337.0,23.0,81.0
628.0,337.0,23.0,81.0
629.0,336.0,23.0,81.0
629.0,335.0,23.0,81.0
630.0,334.0,23.0,81.0
631.0,334.0,23.0,81.0
632.0,333.0,23.0,81.0
633.0,333.0,23.0,81.0
634.0,333.0,23.0,81.0
636.0,333.0,23.0,81.0
637.0,333.0,23.0,81.0
638.0,333.0,23.0,81.0
638.0,333.0,23.0,81.0
639.0,333.0,23.0,81.0
639.0,333.0,23.0,81.0
640.0,332.0,23.0,81.0
640.0,332.0,23.0,81.0
641.0,332.0,23.0,81.0
643.0,332.0,23.0,81.0
644.0,332.0,23.0,81.0
644.0,331.0,23.0,81.0
645.0,331.0,23.0,81.0
645.0,330.0,23.0,81.0
646.0,329.0,23.0,81.0
647.0,329.0,23.0,81.0
648.0,328.0,23.0,81.0
648.0,328.0,23.0,81.0
648.0,328.0,23.0,81.0
648.0,328.0,23.0,81.0
647.0,328.0,23.0,81.0
647.0,328.0,23.0,81.0
646.0,328.0,23.0,81.0
645.0,328.0,23.0,81.0
644.0,327.0,23.0,81.0
643.0,327.0,23.0,81.0
642.0,327.0,23.0,81.0
640.0,326.0,23.0,81.0
639.0,326.0,23.0,81.0
638.0,325.0,23.0,81.0
638.0,325.0,23.0,81.0
637.0,324.0,23.0,81.0
636.0,324.0,23.0,81.0
635.0,324.0,23.0,81.0
634.0,324.0,23.0,81.0
633.0,324.0,23.0,81.0
632.0,323.0,23.0,81.0
631.0,323.0,23.0,81.0
630.0,323.0,23.0,81.0
630.0,323.0,23.0,81.0
629.0,323.0,23.0,81.0
629.0,323.0,23.0,81.0
629.0,323.0,23.0,81.0
629.0,323.0,23.0,81.0
629.0,323.0,23.0,81.0
628.0,322.0,23.0,81.0
628.0,322.0,23.0,81.0
628.0,322.0,23.0,81.0
628.0,322.0,23.0,81.0
628.0,322.0,23.0,81.0
627.0,322.0,23.0,81.0
627.0,321.0,23.0,81.0
626.0,321.0,23.0,81.0
625.0,321.0,23.0,81.0
625.0,321.0,23.0,81.0
624.0,321.0,23.0,81.0
624.0,321.0,23.0,81.0
624.0,322.0,23.0,81.0
624.0,322.0,23.0,81.0
624.0,322.0,23.0,81.0
624.0,322.0,23.0,81.0
624.0,322.0,23.0,81.0
624.0,322.0,23.0,81.0
624.0,322.0,23.0,81.0
624.0,322.0,23.0,81.0
624.0,322.0,23.0,81.0
624.0,322.0,23.0,81.0
624.0,322.0,23.0,81.0
624.0,322.0,23.0,81.0
624.0,322.0,23.0,81.0
624.0,322.0,23.0,81.0
624.0,323.0,23.0,81.0
623.0,323.0,23.0,81.0
623.0,324.0,23.0,81.0
622.0,324.0,23.0,81.0
622.0,323.0,23.0,81.0
621.0,323.0,23.0,81.0
620.0,323.0,23.0,81.0
620.0,323.0,23.0,81.0
619.0,323.0,23.0,81.0
618.0,323.0,23.0,81.0
616.0,323.0,23.0,81.0
615.0,323.0,23.0,81.0
614.0,323.0,23.0,81.0
613.0,323.0,23.0,81.0
612.0,323.0,23.0,81.0
611.0,323.0,23.0,81.0
609.0,324.0,23.0,81.0
608.0,324.0,23.0,81.0
606.0,325.0,23.0,81.0
605.0,325.0,23.0,81.0
603.0,326.0,23.0,81.0
602.0,326.0,23.0,81.0
600.0,325.0,23.0,81.0
599.0,325.0,23.0,81.0
598.0,325.0,23.0,81.0
596.0,324.0,23.0,81.0
595.0,324.0,23.0,81.0
594.0,324.0,23.0,81.0
593.0,324.0,23.0,81.0
592.0,324.0,23.0,81.0
591.0,324.0,23.0,81.0
590.0,324.0,23.0,81.0
589.0,324.0,23.0,81.0
588.0,324.0,23.0,81.0
587.0,324.0,23.0,81.0
586.0,324.0,23.0,81.0
585.0,324.0,23.0,81.0
584.0,324.0,23.0,81.0
583.0,324.0,23.0,81.0
583.0,324.0,23.0,81.0
582.0,325.0,23.0,81.0
582.0,325.0,23.0,81.0
582.0,325.0,23.0,81.0
581.0,325.0,23.0,81.0
581.0,325.0,23.0,81.0
580.0,325.0,23.0,81.0
579.0,325.0,23.0,81.0
578.0,325.0,23.0,81.0
578.0,325.0,23.0,81.0
577.0,325.0,23.0,81.0
577.0,325.0,23.0,81.0
576.0,325.0,23.0,81.0
576.0,326.0,23.0,81.0
575.0,326.0,23.0,81.0
575.0,326.0,23.0,81.0
574.0,326.0,23.0,81.0
574.0,326.0,23.0,81.0
574.0,325.0,23.0,81.0
573.0,325.0,23.0,81.0
573.0,324.0,23.0,81.0
572.0,324.0,23.0,81.0
572.0,324.0,23.0,81.0
571.0,324.0,23.0,81.0
570.0,324.0,23.0,81.0
569.0,324.0,23.0,81.0
568.0,324.0,23.0,81.0
566.0,324.0,23.0,81.0
565.0,324.0,23.0,81.0
563.0,324.0,23.0,81.0
562.0,324.0,23.0,81.0
561.0,324.0,23.0,81.0
560.0,324.0,23.0,81.0
559.0,324.0,23.0,81.0
557.0,323.0,23.0,81.0
556.0,323.0,23.0,81.0
555.0,323.0,23.0,81.0
553.0,322.0,23.0,81.0
552.0,322.0,23.0,81.0
550.0,322.0,23.0,81.0
548.0,322.0,23.0,81.0
546.0,322.0,23.0,81.0
545.0,322.0,23.0,81.0
544.0,322.0,23.0,81.0
543.0,322.0,23.0,81.0
541.0,322.0,23.0,81.0
540.0,322.0,23.0,81.0
538.0,322.0,23.0,81.0
537.0,322.0,23.0,81.0
536.0,321.0,23.0,81.0
535.0,321.0,23.0,81.0
535.0,320.0,23.0,81.0
534.0,319.0,23.0,81.0
534.0,318.0,23.0,81.0
533.0,318.0,23.0,81.0
532.0,318.0,23.0,81.0
531.0,318.0,23.0,81.0
531.0,318.0,23.0,81.0
531.0,318.0,23.0,81.0
531.0,318.0,23.0,81.0
530.0,318.0,23.0,81.0
529.0,318.0,23.0,81.0
528.0,318.0,23.0,81.0
528.0,318.0,23.0,81.0
528.0,318.0,23.0,81.0
528.0,318.0,23.0,81.0
528.0,318.0,23.0,81.0
528.0,318.0,23.0,81.0
528.0,318.0,23.0,81.0
528.0,318.0,23.0,81.0
527.0,317.0,23.0,81.0
527.0,317.0,23.0,81.0
527.0,316.0,23.0,81.0
526.0,316.0,23.0,81.0
526.0,315.0,23.0,81.0
526.0,315.0,23.0,81.0
525.0,315.0,23.0,81.0
525.0,315.0,23.0,81.0
524.0,315.0,23.0,81.0
524.0,316.0,23.0,81.0
523.0,316.0,23.0,81.0
523.0,316.0,23.0,81.0
523.0,315.0,23.0,81.0
523.0,315.0,23.0,81.0
523.0,314.0,23.0,81.0
523.0,314.0,23.0,81.0
523.0,313.0,23.0,81.0
523.0,313.0,23.0,81.0
523.0,313.0,23.0,81.0
523.0,313.0,23.0,81.0
524.0,312.0,23.0,81.0
524.0,312.0,23.0,81.0
525.0,311.0,23.0,81.0
525.0,311.0,23.0,81.0
526.0,311.0,23.0,81.0
526.0,311.0,23.0,81.0
527.0,311.0,23.0,81.0
528.0,311.0,23.0,81.0
529.0,311.0,23.0,81.0
530.0,310.0,23.0,81.0
532.0,310.0,23.0,81.0
533.0,309.0,23.0,81.0
535.0,308.0,23.0,81.0
537.0,308.0,23.0,81.0
539.0,307.0,23.0,81.0
541.0,307.0,23.0,81.0
542.0,306.0,23.0,81.0
544.0,306.0,23.0,81.0
546.0,306.0,23.0,81.0
547.0,305.0,23.0,81.0
549.0,305.0,23.0,81.0
550.0,306.0,23.0,81.0
552.0,306.0,23.0,81.0
553.0,307.0,23.0,81.0
554.0,306.0,23.0,81.0
556.0,305.0,23.0,81.0
557.0,304.0,23.0,81.0
559.0,303.0,23.0,81.0
560.0,303.0,23.0,81.0
562.0,302.0,23.0,81.0
564.0,302.0,23.0,81.0
565.0,301.0,23.0,81.0
567.0,301.0,23.0,81.0
568.0,301.0,23.0,81.0
569.0,300.0,23.0,81.0
570.0,300.0,23.0,81.0
570.0,300.0,23.0,81.0
571.0,300.0,23.0,81.0
571.0,300.0,23.0,81.0
572.0,300.0,23.0,81.0
572.0,300.0,23.0,81.0
573.0,300.0,23.0,81.0
573.0,299.0,23.0,81.0
574.0,299.0,23.0,81.0
574.0,298.0,23.0,81.0
574.0,297.0,23.0,81.0
574.0,297.0,23.0,81.0
574.0,296.0,23.0,81.0
574.0,296.0,23.0,81.0
574.0,296.0,23.0,81.0
574.0,296.0,23.0,81.0
574.0,296.0,23.0,81.0
575.0,296.0,23.0,81.0
575.0,296.0,23.0,81.0
575.0,296.0,23.0,81.0
575.0,296.0,23.0,81.0
575.0,296.0,23.0,81.0
576.0,296.0,23.0,81.0
577.0,296.0,23.0,81.0
578.0,296.0,23.0,81.0
579.0,295.0,23.0,79.0
579.0,295.0,23.0,77.0
580.0,294.0,23.0,75.0
581.0,294.0,23.0,75.0
581.0,293.0,23.0,75.0
582.0,293.0,23.0,75.0
582.0,293.0,23.0,75.0
583.0,293.0,23.0,75.0
583.0,293.0,23.0,75.0
584.0,293.0,23.0,75.0
584.0,293.0,23.0,75.0
585.0,293.0,23.0,75.0
585.0,293.0,23.0,75.0
585.0,294.0,23.0,75.0
585.0,294.0,23.0,75.0
585.0,294.0,23.0,75.0
585.0,293.0,23.0,75.0
585.0,293.0,23.0,75.0
586.0,293.0,23.0,75.0
587.0,292.0,23.0,75.0
588.0,292.0,23.0,75.0
588.0,292.0,23.0,75.0
588.0,291.0,23.0,75.0
588.0,291.0,23.0,75.0
588.0,291.0,23.0,75.0
588.0,292.0,23.0,75.0
588.0,292.0,23.0,75.0
588.0,292.0,23.0,75.0
589.0,292.0,23.0,75.0
589.0,292.0,23.0,75.0
589.0,292.0,23.0,75.0
590.0,292.0,23.0,75.0
590.0,292.0,23.0,75.0
591.0,292.0,23.0,75.0
591.0,291.0,23.0,75.0
592.0,291.0,23.0,75.0
593.0,291.0,23.0,75.0
593.0,291.0,23.0,75.0
594.0,291.0,23.0,75.0
595.0,291.0,22.0,74.0
597.0,292.0,22.0,73.0
598.0,292.0,21.0,72.0
598.0,292.0,21.0,72.0
598.0,292.0,21.0,72.0
598.0,292.0,21.0,72.0
599.0,292.0,21.0,72.0
600.0,292.0,21.0,72.0
601.0,292.0,21.0,72.0
602.0,292.0,20.0,71.0
604.0,293.0,20.0,70.0
605.0,293.0,19.0,69.0
605.0,293.0,19.0,69.0
605.0,293.0,19.0,69.0
605.0,293.0,19.0,69.0
606.0,293.0,20.0,72.0
606.0,293.0,20.0,74.0
607.0,293.0,21.0,77.0
607.0,293.0,21.0,77.0
607.0,293.0,21.0,77.0
607.0,293.0,21.0,77.0
607.0,293.0,21.0,77.0
608.0,293.0,21.0,77.0
608.0,293.0,21.0,77.0
609.0,293.0,21.0,77.0
609.0,293.0,21.0,77.0
610.0,293.0,21.0,77.0
610.0,293.0,21.0,77.0
610.0,292.0,21.0,77.0
610.0,292.0,21.0,77.0
610.0,292.0,21.0,77.0
611.0,291.0,21.0,77.0
611.0,291.0,21.0,77.0
612.0,291.0,21.0,77.0
612.0,291.0,21.0,77.0
613.0,291.0,21.0,77.0
613.0,291.0,21.0,77.0
613.0,292.0,21.0,77.0
613.0,292.0,21.0,77.0
613.0,292.0,21.0,77.0
613.0,292.0,21.0,77.0
613.0,292.0,21.0,77.0
613.0,292.0,21.0,77.0
613.0,292.0,21.0,77.0
613.0,292.0,21.0,77.0
614.0,291.0,21.0,77.0
614.0,290.0,21.0,77.0
615.0,289.0,21.0,77.0
615.0,289.0,21.0,77.0
615.0,289.0,21.0,77.0
615.0,289.0,21.0,77.0
615.0,289.0,21.0,77.0
615.0,289.0,21.0,77.0
615.0,289.0,21.0,77.0
615.0,289.0,21.0,77.0
615.0,289.0,21.0,77.0
615.0,289.0,21.0,77.0
614.0,288.0,21.0,77.0
614.0,287.0,21.0,77.0
613.0,286.0,21.0,77.0
612.0,286.0,21.0,77.0
612.0,286.0,21.0,77.0
611.0,286.0,21.0,77.0
611.0,286.0,21.0,77.0
610.0,285.0,21.0,77.0
610.0,285.0,21.0,77.0
609.0,285.0,21.0,77.0
609.0,286.0,21.0,77.0
608.0,286.0,21.0,77.0
607.0,286.0,21.0,77.0
607.0,286.0,21.0,77.0
606.0,286.0,21.0,77.0
606.0,286.0,21.0,77.0
605.0,287.0,21.0,77.0
605.0,287.0,21.0,77.0
604.0,286.0,21.0,77.0
604.0,286.0,21.0,77.0
603.0,285.0,21.0,77.0
602.0,285.0,21.0,77.0
601.0,285.0,21.0,77.0
600.0,285.0,21.0,77.0
598.0,285.0,21.0,77.0
597.0,284.0,21.0,77.0
595.0,284.0,21.0,77.0
594.0,284.0,21.0,77.0
592.0,285.0,21.0,77.0
591.0,285.0,21.0,77.0
590.0,285.0,21.0,77.0
588.0,285.0,21.0,77.0
587.0,285.0,21.0,77.0
585.0,285.0,21.0,77.0
584.0,284.0,21.0,77.0
582.0,284.0,21.0,77.0
581.0,283.0,21.0,77.0
579.0,283.0,21.0,77.0
578.0,282.0,21.0,77.0
577.0,282.0,21.0,77.0
575.0,282.0,21.0,77.0
574.0,282.0,21.0,77.0
572.0,282.0,21.0,77.0
571.0,283.0,21.0,77.0
569.0,283.0,21.0,77.0
567.0,284.0,21.0,77.0
566.0,284.0,21.0,77.0
564.0,285.0,21.0,77.0
563.0,285.0,21.0,77.0
563.0,284.0,21.0,77.0
562.0,284.0,21.0,77.0
561.0,284.0,21.0,77.0
559.0,283.0,21.0,77.0
558.0,283.0,21.0,77.0
557.0,283.0,21.0,77.0
556.0,282.0,21.0,77.0
555.0,282.0,21.0,77.0
554.0,282.0,21.0,77.0
554.0,283.0,21.0,77.0
553.0,283.0,21.0,77.0
552.0,284.0,22.0,77.0
550.0,284.0,23.0,77.0
549.0,285.0,24.0,77.0
549.0,285.0,24.0,77.0
549.0,285.0,24.0,77.0
549.0,285.0,24.0,77.0
548.0,284.0,24.0,78.0
548.0,284.0,25.0,78.0
547.0,283.0,25.0,79.0
548.0,283.0,25.0,79.0
549.0,284.0,25.0,79.0
550.0,284.0,25.0,79.0
550.0,284.0,25.0,79.0
551.0,284.0,25.0,79.0
551.0,284.0,25.0,79.0
552.0,284.0,25.0,79.0
552.0,284.0,25.0,79.0
553.0,284.0,25.0,79.0
553.0,284.0,25.0,79.0
554.0,285.0,25.0,79.0
554.0,285.0,25.0,79.0
555.0,285.0,25.0,79.0
555.0,286.0,25.0,79.0
556.0,286.0,25.0,79.0
556.0,286.0,25.0,79.0
556.0,285.0,25.0,79.0
556.0,285.0,25.0,79.0
556.0,285.0,25.0,79.0
556.0,285.0,25.0,79.0
556.0,285.0,25.0,79.0
556.0,285.0,25.0,79.0
557.0,285.0,25.0,79.0
557.0,285.0,25.0,79.0
556.0,286.0,25.0,79.0
555.0,286.0,25.0,79.0
554.0,287.0,25.0,79.0
554.0,287.0,25.0,79.0
553.0,287.0,25.0,80.0
553.0,287.0,25.0,80.0
553.0,287.0,25.0,80.0
553.0,287.0,25.0,80.0
553.0,287.0,25.0,80.0
551.0,287.0,25.0,80.0
550.0,288.0,25.0,80.0
548.0,288.0,25.0,80.0
548.0,288.0,25.0,80.0
547.0,288.0,25.0,80.0
547.0,288.0,25.0,80.0
547.0,288.0,25.0,80.0
546.0,289.0,25.0,80.0
546.0,289.0,25.0,80.0
546.0,289.0,25.0,80.0
545.0,290.0,25.0,80.0
545.0,290.0,25.0,80.0
545.0,290.0,25.0,80.0
544.0,290.0,25.0,80.0
544.0,290.0,25.0,80.0
544.0,290.0,25.0,80.0
544.0,289.0,25.0,80.0
544.0,289.0,25.0,80.0
544.0,289.0,25.0,80.0
544.0,289.0,25.0,80.0
544.0,289.0,25.0,80.0
544.0,289.0,25.0,80.0
544.0,289.0,25.0,80.0
544.0,289.0,25.0,80.0
544.0,289.0,25.0,82.0
543.0,290.0,25.0,83.0
543.0,290.0,25.0,85.0
543.0,290.0,25.0,85.0
542.0,291.0,25.0,85.0
542.0,291.0,25.0,85.0
541.0,291.0,25.0,83.0
541.0,290.0,25.0,82.0
540.0,290.0,25.0,80.0
540.0,290.0,25.0,80.0
539.0,290.0,25.0,80.0
539.0,290.0,25.0,80.0
538.0,290.0,25.0,80.0
537.0,290.0,25.0,80.0
536.0,290.0,25.0,80.0
535.0,291.0,25.0,80.0
534.0,292.0,25.0,80.0
533.0,293.0,25.0,80.0
533.0,293.0,25.0,80.0
533.0,293.0,25.0,80.0
533.0,293.0,25.0,80.0
532.0,293.0,25.0,80.0
531.0,294.0,25.0,80.0
530.0,294.0,25.0,80.0
530.0,294.0,25.0,80.0
529.0,293.0,25.0,80.0
529.0,293.0,25.0,80.0
528.0,293.0,25.0,80.0
528.0,293.0,25.0,80.0
527.0,293.0,25.0,80.0
526.0,294.0,25.0,80.0
525.0,295.0,25.0,80.0
524.0,296.0,25.0,80.0
524.0,296.0,25.0,80.0
524.0,296.0,25.0,80.0
524.0,296.0,25.0,80.0
524.0,296.0,25.0,80.0
524.0,296.0,25.0,80.0
524.0,296.0,25.0,80.0
524.0,296.0,25.0,80.0
523.0,296.0,25.0,80.0
523.0,296.0,25.0,80.0
523.0,295.0,25.0,80.0
523.0,295.0,25.0,80.0
523.0,294.0,25.0,80.0
523.0,294.0,25.0,80.0
523.0,294.0,25.0,80.0
523.0,294.0,25.0,80.0
523.0,296.0,25.0,80.0
524.0,297.0,25.0,80.0
524.0,299.0,25.0,80.0
nan,nan,nan,nan
nan,nan,nan,nan
nan,nan,nan,nan
nan,nan,nan,nan
nan,nan,nan,nan
nan,nan,nan,nan
nan,nan,nan,nan
nan,nan,nan,nan
nan,nan,nan,nan
nan,nan,nan,nan
nan,nan,nan,nan
nan,nan,nan,nan
nan,nan,nan,nan
nan,nan,nan,nan
nan,nan,nan,nan
nan,nan,nan,nan
nan,nan,nan,nan
nan,nan,nan,nan
nan,nan,nan,nan
nan,nan,nan,nan
nan,nan,nan,nan
nan,nan,nan,nan
nan,nan,nan,nan
nan,nan,nan,nan
nan,nan,nan,nan
nan,nan,nan,nan
544.0,295.0,23.0,35.0
545.0,295.0,23.0,39.0
546.0,295.0,23.0,42.0
547.0,295.0,23.0,46.0
547.0,295.0,25.0,49.0
548.0,295.0,26.0,52.0
548.0,295.0,28.0,55.0
548.0,295.0,28.0,57.0
549.0,295.0,28.0,58.0
549.0,295.0,28.0,60.0
549.0,295.0,28.0,60.0
549.0,295.0,28.0,60.0
549.0,295.0,28.0,60.0
548.0,295.0,28.0,62.0
548.0,294.0,28.0,63.0
547.0,294.0,28.0,65.0
546.0,294.0,28.0,66.0
545.0,293.0,28.0,68.0
544.0,293.0,28.0,69.0
543.0,293.0,28.0,70.0
542.0,293.0,28.0,72.0
541.0,293.0,28.0,73.0
540.0,293.0,28.0,74.0
540.0,293.0,28.0,75.0
539.0,293.0,28.0,76.0
538.0,293.0,28.0,76.0
537.0,293.0,28.0,76.0
536.0,293.0,28.0,76.0
536.0,292.0,28.0,76.0
535.0,291.0,28.0,76.0
535.0,290.0,28.0,76.0
534.0,290.0,28.0,76.0
532.0,291.0,28.0,76.0
531.0,291.0,28.0,76.0
530.0,290.0,28.0,78.0
530.0,290.0,28.0,81.0
529.0,289.0,28.0,83.0
528.0,289.0,28.0,84.0
528.0,290.0,28.0,84.0
527.0,290.0,28.0,85.0
526.0,290.0,28.0,85.0
526.0,289.0,28.0,85.0
525.0,289.0,28.0,85.0
524.0,289.0,28.0,83.0
524.0,288.0,28.0,82.0
523.0,288.0,28.0,80.0
522.0,288.0,28.0,80.0
521.0,287.0,28.0,80.0
520.0,287.0,28.0,80.0
519.0,287.0,28.0,81.0
519.0,287.0,28.0,81.0
518.0,287.0,28.0,82.0
517.0,287.0,28.0,83.0
517.0,287.0,28.0,84.0
516.0,287.0,28.0,85.0
516.0,287.0,28.0,85.0
516.0,287.0,28.0,85.0
516.0,287.0,28.0,85.0
516.0,287.0,27.0,83.0
515.0,287.0,27.0,80.0
515.0,287.0,26.0,78.0
515.0,287.0,26.0,78.0
514.0,286.0,26.0,78.0
514.0,286.0,26.0,78.0
514.0,286.0,26.0,78.0
514.0,286.0,26.0,78.0
514.0,286.0,26.0,78.0
514.0,286.0,26.0,80.0
514.0,286.0,26.0,81.0
514.0,286.0,26.0,83.0
514.0,286.0,26.0,83.0
515.0,286.0,26.0,83.0
515.0,286.0,26.0,83.0
516.0,286.0,26.0,83.0
516.0,285.0,26.0,83.0
517.0,285.0,26.0,83.0
518.0,285.0,26.0,83.0
519.0,284.0,26.0,83.0
520.0,284.0,26.0,83.0
520.0,283.0,26.0,81.0
519.0,282.0,26.0,80.0
519.0,281.0,26.0,78.0
519.0,282.0,26.0,78.0
520.0,282.0,26.0,78.0
520.0,283.0,26.0,78.0
520.0,283.0,26.0,80.0
520.0,283.0,26.0,81.0
520.0,283.0,26.0,83.0
520.0,283.0,26.0,83.0
520.0,283.0,26.0,83.0
520.0,283.0,26.0,83.0
520.0,282.0,26.0,83.0
520.0,281.0,26.0,83.0
520.0,280.0,26.0,83.0
520.0,280.0,26.0,82.0
521.0,280.0,26.0,81.0
521.0,280.0,26.0,80.0
522.0,279.0,26.0,80.0
522.0,279.0,26.0,80.0
523.0,278.0,26.0,80.0
523.0,278.0,26.0,81.0
522.0,278.0,26.0,81.0
522.0,278.0,26.0,82.0
522.0,278.0,26.0,83.0
523.0,279.0,26.0,83.0
523.0,279.0,26.0,84.0
523.0,279.0,26.0,84.0
523.0,278.0,26.0,84.0
523.0,278.0,26.0,84.0
523.0,278.0,26.0,83.0
523.0,278.0,26.0,82.0
523.0,278.0,26.0,81.0
523.0,277.0,26.0,81.0
523.0,276.0,26.0,81.0
523.0,275.0,26.0,81.0
523.0,275.0,26.0,81.0
523.0,275.0,26.0,81.0
523.0,275.0,26.0,81.0
523.0,275.0,26.0,81.0
523.0,275.0,26.0,81.0
523.0,275.0,26.0,81.0
523.0,275.0,26.0,81.0
522.0,276.0,26.0,81.0
522.0,276.0,26.0,81.0
522.0,276.0,26.0,81.0
521.0,276.0,26.0,81.0
521.0,276.0,26.0,81.0
521.0,276.0,26.0,81.0
520.0,276.0,26.0,81.0
520.0,276.0,26.0,81.0
520.0,275.0,26.0,81.0
520.0,275.0,26.0,81.0
520.0,274.0,26.0,81.0
520.0,274.0,26.0,81.0
520.0,274.0,26.0,81.0
520.0,274.0,26.0,81.0
519.0,274.0,26.0,81.0
519.0,274.0,26.0,81.0
518.0,274.0,26.0,81.0
517.0,274.0,26.0,81.0
517.0,274.0,26.0,81.0
516.0,274.0,26.0,81.0
515.0,274.0,26.0,81.0
515.0,273.0,26.0,81.0
514.0,273.0,26.0,81.0
514.0,272.0,26.0,81.0
513.0,271.0,26.0,81.0
513.0,270.0,26.0,81.0
512.0,270.0,26.0,81.0
512.0,269.0,26.0,81.0
511.0,269.0,26.0,81.0
510.0,269.0,26.0,81.0
509.0,270.0,26.0,81.0
508.0,270.0,26.0,81.0
506.0,270.0,26.0,81.0
505.0,270.0,26.0,81.0
503.0,270.0,26.0,81.0
502.0,270.0,26.0,81.0
502.0,270.0,26.0,81.0
501.0,270.0,26.0,81.0
500.0,269.0,26.0,81.0
498.0,269.0,26.0,81.0
497.0,268.0,26.0,81.0
495.0,268.0,26.0,81.0
494.0,268.0,26.0,81.0
492.0,268.0,26.0,81.0
491.0,268.0,26.0,81.0
490.0,268.0,26.0,81.0
489.0,268.0,26.0,81.0
488.0,268.0,26.0,81.0
487.0,268.0,26.0,81.0
486.0,268.0,26.0,81.0
485.0,268.0,26.0,81.0
485.0,268.0,26.0,81.0
484.0,268.0,26.0,81.0
483.0,268.0,26.0,81.0
481.0,267.0,26.0,81.0
480.0,267.0,26.0,81.0
479.0,266.0,26.0,81.0
479.0,266.0,26.0,81.0
478.0,265.0,26.0,81.0
476.0,265.0,26.0,81.0
475.0,264.0,26.0,81.0
473.0,264.0,26.0,81.0
472.0,264.0,26.0,81.0
470.0,263.0,26.0,81.0
469.0,263.0,26.0,81.0
467.0,264.0,26.0,81.0
466.0,264.0,26.0,81.0
464.0,265.0,26.0,81.0
463.0,265.0,26.0,81.0
462.0,266.0,26.0,81.0
461.0,266.0,26.0,81.0
459.0,265.0,26.0,79.0
458.0,264.0,26.0,78.0
456.0,263.0,26.0,76.0
454.0,263.0,26.0,76.0
453.0,263.0,26.0,76.0
451.0,263.0,26.0,76.0
451.0,263.0,27.0,77.0
452.0,263.0,27.0,77.0
452.0,263.0,28.0,78.0
455.0,263.0,28.0,79.0
459.0,262.0,28.0,79.0
462.0,262.0,28.0,80.0
468.0,261.0,28.0,80.0
474.0,261.0,28.0,80.0
480.0,260.0,28.0,80.0
488.0,258.0,28.0,80.0
495.0,257.0,28.0,80.0
503.0,255.0,28.0,80.0
514.0,254.0,27.0,78.0
524.0,253.0,27.0,77.0
535.0,252.0,26.0,75.0
546.0,251.0,26.0,75.0
557.0,250.0,25.0,75.0
568.0,249.0,25.0,75.0
577.0,249.0,25.0,77.0
587.0,248.0,25.0,78.0
596.0,248.0,25.0,80.0
606.0,247.0,25.0,80.0
615.0,247.0,25.0,80.0
625.0,246.0,25.0,80.0
633.0,246.0,25.0,79.0
640.0,245.0,25.0,78.0
648.0,245.0,25.0,77.0
654.0,244.0,25.0,76.0
659.0,244.0,25.0,75.0
665.0,243.0,25.0,74.0
668.0,243.0,25.0,74.0
671.0,242.0,25.0,74.0
674.0,242.0,25.0,74.0
675.0,242.0,25.0,74.0
675.0,242.0,25.0,74.0
676.0,242.0,25.0,74.0
675.0,242.0,26.0,76.0
673.0,241.0,26.0,79.0
672.0,241.0,27.0,81.0
671.0,241.0,27.0,81.0
670.0,240.0,27.0,81.0
669.0,240.0,27.0,81.0
667.0,240.0,27.0,81.0
666.0,239.0,27.0,81.0
664.0,239.0,27.0,81.0
663.0,238.0,27.0,79.0
661.0,238.0,27.0,78.0
660.0,237.0,27.0,76.0
658.0,237.0,27.0,76.0
657.0,237.0,27.0,76.0
655.0,237.0,27.0,76.0
653.0,237.0,27.0,76.0
652.0,237.0,26.0,76.0
650.0,237.0,26.0,76.0
648.0,237.0,26.0,76.0
647.0,236.0,26.0,76.0
645.0,236.0,26.0,76.0
643.0,235.0,26.0,76.0
641.0,235.0,26.0,76.0
639.0,234.0,26.0,76.0
637.0,234.0,26.0,76.0
635.0,233.0,26.0,76.0
633.0,233.0,26.0,76.0
631.0,233.0,26.0,76.0
630.0,232.0,26.0,76.0
628.0,232.0,26.0,76.0
626.0,232.0,26.0,76.0
625.0,233.0,26.0,76.0
623.0,233.0,26.0,76.0
622.0,233.0,26.0,76.0
620.0,233.0,26.0,76.0
619.0,233.0,26.0,76.0
617.0,232.0,26.0,76.0
615.0,232.0,26.0,76.0
613.0,231.0,26.0,76.0
611.0,231.0,26.0,76.0
610.0,230.0,26.0,76.0
608.0,230.0,26.0,76.0
606.0,230.0,26.0,76.0
604.0,229.0,26.0,76.0
602.0,229.0,26.0,76.0
601.0,229.0,25.0,76.0
599.0,230.0,25.0,76.0
598.0,230.0,24.0,76.0
596.0,230.0,24.0,77.0
594.0,231.0,24.0,79.0
592.0,231.0,24.0,80.0
590.0,231.0,24.0,79.0
588.0,231.0,23.0,79.0
586.0,231.0,23.0,78.0
584.0,231.0,23.0,77.0
582.0,230.0,23.0,75.0
580.0,230.0,23.0,74.0
578.0,230.0,24.0,74.0
576.0,229.0,24.0,75.0
574.0,229.0,25.0,75.0
572.0,229.0,25.0,76.0
571.0,230.0,25.0,76.0
569.0,230.0,25.0,77.0
567.0,230.0,25.0,77.0
565.0,231.0,25.0,77.0
563.0,231.0,25.0,77.0
561.0,231.0,25.0,77.0
560.0,231.0,25.0,78.0
558.0,231.0,25.0,78.0
556.0,231.0,25.0,76.0
555.0,231.0,24.0,75.0
553.0,231.0,24.0,73.0
551.0,230.0,24.0,73.0
549.0,230.0,24.0,73.0
547.0,229.0,24.0,73.0
545.0,229.0,24.0,73.0
544.0,228.0,24.0,73.0
542.0,228.0,24.0,73.0
542.0,228.0,24.0,74.0
542.0,228.0,24.0,75.0
542.0,228.0,24.0,76.0
542.0,228.0,24.0,77.0
543.0,228.0,24.0,77.0
543.0,228.0,24.0,78.0
544.0,228.0,24.0,78.0
545.0,228.0,24.0,78.0
546.0,228.0,24.0,78.0
547.0,227.0,24.0,78.0
548.0,227.0,24.0,78.0
549.0,226.0,24.0,78.0
550.0,226.0,24.0,78.0
552.0,225.0,24.0,78.0
553.0,225.0,24.0,78.0
555.0,225.0,24.0,78.0
557.0,224.0,23.0,77.0
559.0,224.0,23.0,77.0
562.0,224.0,23.0,77.0
564.0,223.0,23.0,77.0
567.0,223.0,23.0,77.0
571.0,223.0,23.0,77.0
574.0,222.0,22.0,78.0
578.0,222.0,22.0,78.0
581.0,222.0,22.0,76.0
583.0,221.0,22.0,75.0
586.0,221.0,22.0,73.0
590.0,221.0,22.0,73.0
593.0,221.0,22.0,72.0
597.0,221.0,22.0,72.0
600.0,222.0,22.0,72.0
602.0,222.0,22.0,72.0
605.0,223.0,22.0,72.0
608.0,223.0,22.0,72.0
612.0,223.0,22.0,72.0
615.0,223.0,22.0,72.0
617.0,222.0,22.0,73.0
618.0,220.0,23.0,75.0
620.0,219.0,23.0,76.0
623.0,219.0,23.0,75.0
625.0,218.0,23.0,74.0
628.0,218.0,23.0,73.0
630.0,218.0,23.0,73.0
633.0,217.0,23.0,73.0
635.0,217.0,23.0,73.0
637.0,216.0,23.0,73.0
640.0,216.0,23.0,73.0
642.0,215.0,23.0,73.0
644.0,215.0,23.0,75.0
646.0,215.0,24.0,77.0
648.0,215.0,24.0,79.0
649.0,215.0,24.0,79.0
651.0,216.0,25.0,79.0
652.0,216.0,25.0,79.0
653.0,216.0,25.0,79.0
654.0,216.0,25.0,79.0
655.0,216.0,25.0,79.0
655.0,215.0,25.0,79.0
656.0,215.0,25.0,79.0
656.0,214.0,25.0,79.0
656.0,214.0,25.0,79.0
656.0,214.0,25.0,79.0
656.0,214.0,25.0,79.0
656.0,214.0,25.0,79.0
657.0,214.0,25.0,79.0
657.0,214.0,25.0,79.0
657.0,214.0,25.0,79.0
656.0,215.0,25.0,79.0
656.0,215.0,25.0,79.0
656.0,215.0,25.0,79.0
655.0,216.0,25.0,79.0
655.0,216.0,25.0,79.0
655.0,216.0,25.0,77.0
655.0,216.0,25.0,76.0
655.0,216.0,25.0,74.0
655.0,216.0,25.0,74.0
655.0,216.0,25.0,74.0
655.0,216.0,25.0,74.0
655.0,216.0,25.0,75.0
656.0,216.0,25.0,75.0
656.0,216.0,25.0,76.0
656.0,216.0,25.0,76.0
657.0,216.0,25.0,76.0
657.0,216.0,25.0,76.0
658.0,217.0,25.0,76.0
658.0,217.0,25.0,76.0
659.0,218.0,25.0,76.0
660.0,218.0,25.0,76.0
660.0,218.0,25.0,76.0
661.0,218.0,25.0,76.0
662.0,218.0,25.0,76.0
662.0,218.0,25.0,76.0
663.0,218.0,25.0,76.0
664.0,218.0,25.0,76.0
664.0,218.0,25.0,76.0
665.0,218.0,25.0,76.0
666.0,218.0,25.0,76.0
667.0,219.0,25.0,76.0
668.0,219.0,25.0,76.0
669.0,220.0,25.0,76.0
670.0,221.0,25.0,76.0
671.0,222.0,25.0,76.0
672.0,222.0,25.0,77.0
673.0,223.0,26.0,77.0
674.0,223.0,26.0,78.0
675.0,223.0,26.0,78.0
677.0,223.0,27.0,78.0
678.0,223.0,27.0,78.0
679.0,223.0,27.0,78.0
679.0,223.0,27.0,78.0
680.0,223.0,27.0,78.0
681.0,223.0,27.0,78.0
682.0,224.0,27.0,78.0
683.0,224.0,27.0,78.0
684.0,225.0,27.0,78.0
685.0,225.0,27.0,78.0
686.0,226.0,27.0,78.0
687.0,226.0,27.0,78.0
688.0,227.0,27.0,78.0
689.0,227.0,27.0,78.0
690.0,227.0,27.0,78.0
690.0,228.0,27.0,78.0
691.0,228.0,27.0,78.0
692.0,228.0,27.0,78.0
692.0,229.0,27.0,78.0
693.0,229.0,27.0,78.0
694.0,229.0,27.0,78.0
694.0,229.0,27.0,78.0
695.0,229.0,27.0,78.0
695.0,230.0,27.0,78.0
696.0,230.0,27.0,78.0
696.0,231.0,27.0,78.0
696.0,232.0,27.0,78.0
695.0,233.0,27.0,78.0
695.0,234.0,27.0,78.0
695.0,235.0,27.0,80.0
695.0,235.0,27.0,81.0
695.0,236.0,27.0,83.0
695.0,236.0,27.0,83.0
695.0,236.0,27.0,83.0
695.0,236.0,27.0,83.0
695.0,236.0,27.0,81.0
695.0,236.0,27.0,79.0
695.0,236.0,27.0,77.0
695.0,236.0,27.0,77.0
695.0,236.0,26.0,77.0
695.0,236.0,26.0,77.0
695.0,237.0,26.0,77.0
695.0,238.0,26.0,77.0
695.0,239.0,26.0,77.0
695.0,240.0,26.0,78.0
695.0,240.0,26.0,80.0
695.0,241.0,26.0,81.0
695.0,242.0,26.0,81.0
696.0,243.0,26.0,81.0
696.0,244.0,26.0,81.0
697.0,244.0,26.0,81.0
697.0,244.0,26.0,81.0
698.0,244.0,26.0,81.0
698.0,244.0,26.0,81.0
699.0,244.0,26.0,81.0
699.0,244.0,26.0,81.0
699.0,245.0,26.0,81.0
700.0,245.0,26.0,81.0
700.0,246.0,26.0,81.0
702.0,246.0,26.0,81.0
703.0,247.0,26.0,81.0
705.0,247.0,26.0,81.0
705.0,249.0,26.0,81.0
704.0,250.0,26.0,81.0
704.0,252.0,26.0,81.0
704.0,253.0,28.0,82.0
705.0,253.0,29.0,82.0
705.0,254.0,31.0,83.0
705.0,254.0,31.0,83.0
705.0,255.0,31.0,83.0
705.0,255.0,31.0,83.0
706.0,255.0,30.0,82.0
708.0,256.0,30.0,81.0
709.0,256.0,29.0,80.0
710.0,256.0,29.0,80.0
710.0,256.0,29.0,80.0
711.0,256.0,29.0,80.0
712.0,258.0,29.0,80.0
713.0,259.0,29.0,80.0
714.0,261.0,29.0,80.0
715.0,262.0,29.0,80.0
715.0,262.0,29.0,80.0
716.0,263.0,29.0,80.0
717.0,264.0,29.0,80.0
717.0,266.0,29.0,80.0
718.0,267.0,29.0,80.0
718.0,268.0,29.0,79.0
718.0,269.0,29.0,77.0
718.0,270.0,29.0,76.0
719.0,270.0,29.0,76.0
719.0,271.0,29.0,76.0
720.0,271.0,29.0,76.0
722.0,272.0,28.0,77.0
723.0,272.0,27.0,79.0
725.0,273.0,26.0,80.0
725.0,274.0,27.0,81.0
726.0,275.0,27.0,81.0
726.0,276.0,28.0,82.0
726.0,277.0,29.0,83.0
726.0,279.0,30.0,84.0
726.0,280.0,31.0,85.0
726.0,281.0,31.0,86.0
726.0,282.0,31.0,87.0
726.0,283.0,31.0,88.0
727.0,283.0,30.0,88.0
728.0,284.0,30.0,88.0
729.0,284.0,29.0,88.0
729.0,285.0,29.0,86.0
730.0,285.0,28.0,83.0
730.0,286.0,28.0,81.0
731.0,287.0,28.0,81.0
731.0,288.0,27.0,81.0
732.0,289.0,27.0,81.0
731.0,290.0,27.0,81.0
731.0,290.0,26.0,81.0
730.0,291.0,26.0,81.0
730.0,292.0,27.0,81.0
729.0,293.0,27.0,81.0
729.0,294.0,28.0,81.0
729.0,295.0,28.0,81.0
729.0,296.0,28.0,81.0
729.0,297.0,28.0,81.0
728.0,298.0,28.0,81.0
726.0,299.0,28.0,81.0
725.0,300.0,28.0,81.0
723.0,301.0,28.0,81.0
721.0,301.0,28.0,81.0
719.0,302.0,28.0,81.0
718.0,303.0,27.0,81.0
718.0,305.0,26.0,81.0
717.0,306.0,25.0,81.0
716.0,307.0,26.0,82.0
714.0,307.0,28.0,83.0
713.0,308.0,29.0,84.0
711.0,309.0,31.0,84.0
709.0,311.0,33.0,85.0
707.0,312.0,35.0,85.0
706.0,312.0,34.0,85.0
705.0,313.0,34.0,85.0
704.0,313.0,33.0,85.0
703.0,314.0,31.0,85.0
702.0,314.0,30.0,85.0
701.0,315.0,28.0,85.0
699.0,316.0,28.0,85.0
698.0,317.0,28.0,85.0
696.0,318.0,28.0,85.0
695.0,319.0,28.0,85.0
694.0,320.0,28.0,85.0
693.0,321.0,28.0,85.0
692.0,322.0,28.0,85.0
690.0,323.0,27.0,85.0
689.0,324.0,27.0,85.0
688.0,326.0,27.0,84.0
686.0,327.0,28.0,84.0
685.0,329.0,28.0,83.0
684.0,330.0,28.0,83.0
682.0,331.0,28.0,83.0
681.0,332.0,28.0,83.0
680.0,333.0,28.0,83.0
680.0,333.0,28.0,83.0
679.0,334.0,28.0,83.0
677.0,335.0,28.0,83.0
676.0,335.0,29.0,83.0
674.0,336.0,29.0,83.0
673.0,337.0,29.0,84.0
673.0,339.0,29.0,85.0
672.0,340.0,29.0,86.0
671.0,341.0,29.0,86.0
669.0,343.0,29.0,86.0
668.0,344.0,29.0,86.0
667.0,345.0,29.0,86.0
666.0,347.0,28.0,86.0
665.0,348.0,28.0,86.0
665.0,348.0,28.0,86.0
664.0,349.0,28.0,86.0
664.0,349.0,28.0,86.0
663.0,349.0,28.0,86.0
662.0,350.0,28.0,86.0
661.0,350.0,28.0,86.0
661.0,351.0,28.0,86.0
660.0,352.0,28.0,86.0
660.0,353.0,28.0,86.0
659.0,354.0,29.0,87.0
658.0,355.0,31.0,88.0
657.0,356.0,32.0,89.0
656.0,357.0,32.0,89.0
655.0,358.0,32.0,89.0
654.0,359.0,32.0,89.0
654.0,360.0,32.0,89.0
654.0,360.0,31.0,89.0
654.0,361.0,31.0,89.0
654.0,362.0,31.0,87.0
655.0,363.0,30.0,86.0
655.0,364.0,30.0,84.0
655.0,365.0,30.0,84.0
654.0,365.0,30.0,84.0
654.0,366.0,30.0,84.0
654.0,366.0,30.0,86.0
654.0,367.0,30.0,89.0
654.0,367.0,30.0,91.0
653.0,368.0,31.0,91.0
651.0,369.0,32.0,92.0
650.0,370.0,33.0,92.0
650.0,371.0,33.0,92.0
650.0,373.0,33.0,92.0
650.0,374.0,33.0,92.0
650.0,374.0,33.0,92.0
650.0,374.0,33.0,92.0
650.0,374.0,33.0,92.0
650.0,374.0,33.0,92.0
650.0,373.0,33.0,92.0
650.0,373.0,33.0,92.0
651.0,374.0,32.0,92.0
651.0,374.0,32.0,93.0
652.0,375.0,31.0,93.0
652.0,376.0,32.0,93.0
651.0,377.0,32.0,93.0
651.0,378.0,33.0,93.0
651.0,379.0,33.0,93.0
650.0,380.0,33.0,93.0
650.0,381.0,33.0,93.0
650.0,382.0,33.0,93.0
650.0,383.0,33.0,93.0
650.0,384.0,33.0,93.0
651.0,385.0,32.0,90.0
653.0,386.0,31.0,88.0
654.0,387.0,30.0,85.0
654.0,387.0,30.0,85.0
654.0,387.0,30.0,85.0
654.0,387.0,30.0,85.0
654.0,387.0,30.0,90.0
655.0,388.0,30.0,94.0
655.0,388.0,30.0,99.0
655.0,389.0,30.0,99.0
656.0,390.0,30.0,99.0
656.0,391.0,30.0,99.0
656.0,392.0,30.0,99.0
656.0,392.0,30.0,99.0
656.0,393.0,30.0,99.0
656.0,394.0,30.0,99.0
657.0,395.0,30.0,99.0
657.0,396.0,30.0,99.0
658.0,396.0,30.0,99.0
658.0,396.0,30.0,99.0
659.0,396.0,30.0,99.0
659.0,397.0,30.0,99.0
660.0,398.0,30.0,99.0
660.0,399.0,30.0,99.0
661.0,400.0,30.0,99.0
663.0,401.0,30.0,99.0
664.0,402.0,30.0,99.0
664.0,403.0,31.0,99.0
665.0,405.0,32.0,99.0
665.0,406.0,33.0,99.0
665.0,407.0,34.0,99.0
664.0,409.0,35.0,99.0
664.0,410.0,36.0,99.0
666.0,411.0,36.0,99.0
668.0,413.0,36.0,99.0
670.0,414.0,36.0,99.0
672.0,414.0,36.0,99.0
673.0,415.0,36.0,99.0
675.0,415.0,36.0,99.0
677.0,416.0,36.0,99.0
678.0,418.0,36.0,99.0
680.0,419.0,36.0,99.0
681.0,419.0,38.0,102.0
681.0,419.0,40.0,106.0
682.0,419.0,42.0,109.0
683.0,420.0,43.0,109.0
684.0,421.0,44.0,109.0
685.0,422.0,45.0,109.0
684.0,423.0,49.0,108.0
684.0,423.0,52.0,108.0
683.0,424.0,56.0,107.0
684.0,424.0,58.0,109.0
686.0,423.0,59.0,111.0
687.0,423.0,61.0,113.0
691.0,423.0,59.0,113.0
696.0,423.0,58.0,113.0
700.0,423.0,56.0,113.0
703.0,423.0,56.0,113.0
705.0,423.0,56.0,113.0
708.0,423.0,56.0,113.0
708.0,424.0,59.0,113.0
708.0,425.0,62.0,113.0
708.0,426.0,65.0,113.0
708.0,427.0,69.0,113.0
708.0,427.0,72.0,113.0
708.0,428.0,76.0,113.0
714.0,428.0,70.0,113.0
721.0,428.0,64.0,113.0
727.0,428.0,58.0,113.0
733.0,429.0,58.0,113.0
738.0,429.0,58.0,113.0
744.0,430.0,58.0,113.0
747.0,426.0,58.0,113.0
751.0,423.0,58.0,113.0
754.0,419.0,58.0,113.0
758.0,418.0,57.0,113.0
763.0,416.0,57.0,113.0
767.0,415.0,56.0,113.0
771.0,416.0,55.0,111.0
774.0,416.0,53.0,110.0
778.0,417.0,52.0,108.0
781.0,418.0,52.0,108.0
784.0,419.0,52.0,108.0
787.0,420.0,52.0,108.0
788.0,419.0,52.0,108.0
788.0,418.0,52.0,108.0
789.0,417.0,52.0,108.0
784.0,414.0,56.0,106.0
779.0,410.0,61.0,105.0
774.0,407.0,65.0,103.0
772.0,407.0,65.0,103.0
769.0,407.0,65.0,103.0
767.0,407.0,65.0,103.0
764.0,404.0,63.0,105.0
761.0,400.0,61.0,106.0
758.0,397.0,59.0,108.0
751.0,393.0,57.0,110.0
743.0,388.0,54.0,111.0
736.0,384.0,52.0,113.0
729.0,381.0,52.0,113.0
721.0,379.0,51.0,113.0
714.0,376.0,51.0,113.0
707.0,374.0,49.0,113.0
699.0,373.0,47.0,113.0
692.0,371.0,45.0,113.0
685.0,368.0,45.0,113.0
677.0,366.0,45.0,113.0
670.0,363.0,45.0,113.0
660.0,359.0,46.0,115.0
651.0,356.0,48.0,116.0
641.0,352.0,49.0,118.0
633.0,351.0,49.0,118.0
624.0,349.0,49.0,118.0
616.0,348.0,49.0,118.0
610.0,348.0,48.0,112.0
605.0,347.0,46.0,107.0
599.0,347.0,45.0,101.0
592.0,346.0,45.0,102.0
586.0,344.0,45.0,104.0
579.0,343.0,45.0,105.0
573.0,340.0,44.0,107.0
566.0,337.0,43.0,109.0
560.0,334.0,42.0,111.0
555.0,333.0,42.0,111.0
549.0,331.0,42.0,111.0
544.0,330.0,42.0,111.0
540.0,330.0,40.0,110.0
537.0,329.0,39.0,108.0
533.0,329.0,37.0,107.0
531.0,327.0,37.0,107.0
530.0,325.0,37.0,107.0
528.0,323.0,37.0,107.0
526.0,320.0,37.0,107.0
525.0,316.0,37.0,107.0
523.0,313.0,37.0,107.0
523.0,312.0,37.0,107.0
523.0,311.0,37.0,107.0
523.0,310.0,37.0,107.0
525.0,309.0,37.0,106.0
526.0,307.0,37.0,105.0
528.0,306.0,37.0,104.0
530.0,304.0,37.0,104.0
533.0,301.0,37.0,104.0
535.0,299.0,37.0,104.0
537.0,296.0,37.0,106.0
540.0,293.0,37.0,107.0
542.0,290.0,37.0,109.0
545.0,288.0,37.0,109.0
548.0,287.0,37.0,109.0
551.0,285.0,37.0,109.0
553.0,284.0,37.0,109.0
555.0,283.0,37.0,109.0
557.0,282.0,37.0,109.0
560.0,280.0,37.0,105.0
563.0,279.0,37.0,102.0
566.0,277.0,37.0,98.0
569.0,274.0,37.0,100.0
571.0,270.0,37.0,101.0
574.0,267.0,37.0,103.0
576.0,266.0,37.0,103.0
579.0,264.0,37.0,103.0
581.0,263.0,37.0,103.0
585.0,262.0,36.0,100.0
588.0,260.0,35.0,98.0
592.0,259.0,34.0,95.0
595.0,258.0,34.0,95.0
597.0,256.0,34.0,95.0
600.0,255.0,34.0,95.0
602.0,252.0,34.0,96.0
605.0,250.0,34.0,96.0
607.0,247.0,34.0,97.0
610.0,243.0,34.0,98.0
613.0,240.0,34.0,100.0
616.0,236.0,34.0,101.0
618.0,235.0,34.0,99.0
620.0,235.0,34.0,97.0
622.0,234.0,34.0,95.0
625.0,232.0,34.0,95.0
627.0,231.0,34.0,95.0
630.0,229.0,34.0,95.0
633.0,227.0,33.0,95.0
635.0,225.0,33.0,95.0
638.0,223.0,32.0,95.0
641.0,220.0,32.0,95.0
643.0,218.0,32.0,95.0
646.0,215.0,32.0,95.0
648.0,214.0,32.0,95.0
651.0,213.0,32.0,95.0
653.0,212.0,32.0,95.0
655.0,211.0,32.0,92.0
657.0,209.0,32.0,90.0
659.0,208.0,32.0,87.0
662.0,205.0,32.0,87.0
666.0,203.0,32.0,87.0
669.0,200.0,32.0,87.0
671.0,199.0,32.0,88.0
673.0,197.0,32.0,90.0
675.0,196.0,32.0,91.0
677.0,195.0,32.0,91.0
679.0,193.0,32.0,91.0
681.0,192.0,32.0,91.0
683.0,191.0,32.0,91.0
684.0,190.0,32.0,91.0
686.0,189.0,32.0,91.0
688.0,187.0,32.0,91.0
691.0,185.0,32.0,91.0
693.0,183.0,32.0,91.0
695.0,181.0,32.0,91.0
697.0,179.0,32.0,91.0
699.0,177.0,32.0,91.0
701.0,177.0,32.0,91.0
702.0,176.0,32.0,91.0
704.0,176.0,32.0,91.0
706.0,175.0,32.0,91.0
708.0,174.0,32.0,91.0
710.0,173.0,32.0,91.0
711.0,171.0,32.0,91.0
712.0,168.0,32.0,91.0
713.0,166.0,32.0,91.0
714.0,165.0,32.0,91.0
716.0,163.0,32.0,91.0
717.0,162.0,32.0,91.0
720.0,161.0,32.0,91.0
722.0,159.0,32.0,91.0
725.0,158.0,32.0,91.0
726.0,157.0,32.0,91.0
726.0,157.0,32.0,91.0
727.0,156.0,32.0,91.0
728.0,155.0,32.0,91.0
730.0,154.0,32.0,91.0
731.0,153.0,32.0,91.0
733.0,152.0,32.0,91.0
735.0,151.0,32.0,91.0
737.0,150.0,32.0,91.0
739.0,149.0,32.0,88.0
740.0,147.0,32.0,84.0
742.0,146.0,32.0,81.0
743.0,145.0,32.0,81.0
744.0,143.0,32.0,81.0
745.0,142.0,32.0,81.0
747.0,141.0,32.0,81.0
749.0,141.0,32.0,81.0
751.0,140.0,32.0,81.0
751.0,139.0,32.0,81.0
752.0,137.0,32.0,81.0
752.0,136.0,32.0,81.0
753.0,135.0,32.0,81.0
755.0,134.0,32.0,81.0
756.0,133.0,32.0,81.0
757.0,132.0,32.0,81.0
759.0,131.0,32.0,81.0
760.0,130.0,32.0,81.0
761.0,128.0,32.0,81.0
763.0,127.0,32.0,81.0
764.0,125.0,32.0,81.0
765.0,124.0,32.0,81.0
767.0,124.0,32.0,81.0
768.0,123.0,32.0,81.0
769.0,122.0,32.0,81.0
770.0,121.0,32.0,81.0
771.0,120.0,32.0,81.0
772.0,120.0,32.0,81.0
774.0,120.0,32.0,81.0
775.0,120.0,32.0,81.0
776.0,118.0,32.0,81.0
777.0,116.0,32.0,81.0
778.0,114.0,32.0,81.0
780.0,112.0,31.0,80.0
783.0,111.0,30.0,79.0
785.0,109.0,29.0,78.0
786.0,108.0,28.0,78.0
788.0,108.0,28.0,78.0
789.0,107.0,27.0,78.0
