181.0,406.0,188.0,112.0
179.0,401.0,193.0,136.0
201.0,402.0,167.0,133.0
177.0,404.0,201.0,120.0
199.0,419.0,185.0,144.0
209.0,428.0,194.0,151.0
203.0,425.0,204.0,159.0
224.0,440.0,214.0,167.0
248.0,449.0,214.0,167.0
268.0,458.0,214.0,167.0
288.0,461.0,214.0,167.0
310.0,467.0,214.0,167.0
310.0,468.0,214.0,167.0
330.0,485.0,214.0,131.0
357.0,495.0,214.0,131.0
366.0,510.0,214.0,131.0
373.0,528.0,214.0,131.0
376.0,545.0,214.0,131.0
375.0,545.0,214.0,131.0
371.0,557.0,214.0,131.0
371.0,565.0,214.0,131.0
359.0,571.0,214.0,131.0
357.0,572.0,214.0,131.0
345.0,580.0,214.0,131.0
345.0,579.0,214.0,131.0
330.0,587.0,214.0,131.0
325.0,588.0,214.0,131.0
316.0,589.0,214.0,131.0
295.0,581.0,214.0,131.0
275.0,565.0,214.0,131.0
273.0,566.0,214.0,131.0
249.0,549.0,214.0,131.0
228.0,532.0,214.0,131.0
207.0,524.0,214.0,131.0
189.0,515.0,214.0,131.0
168.0,507.0,214.0,131.0
167.0,506.0,214.0,131.0
150.0,489.0,225.0,138.0
143.0,475.0,214.0,131.0
135.0,461.0,214.0,131.0
127.0,445.0,214.0,131.0
118.0,436.0,214.0,131.0
118.0,437.0,214.0,131.0
109.0,428.0,214.0,131.0
106.0,421.0,214.0,131.0
127.0,409.0,214.0,131.0
150.0,395.0,214.0,131.0
163.0,381.0,214.0,131.0
162.0,381.0,214.0,131.0
176.0,372.0,204.0,125.0
187.0,359.0,204.0,125.0
187.0,360.0,204.0,125.0
201.0,351.0,204.0,125.0
214.0,346.0,204.0,125.0
214.0,346.0,204.0,125.0
228.0,343.0,204.0,125.0
244.0,339.0,204.0,125.0
257.0,334.0,204.0,125.0
267.0,329.0,204.0,125.0
281.0,327.0,194.0,119.0
283.0,330.0,185.0,113.0
290.0,326.0,185.0,113.0
306.0,320.0,185.0,113.0
318.0,315.0,185.0,113.0
320.0,312.0,185.0,113.0
326.0,310.0,176.0,108.0
324.0,310.0,176.0,108.0
324.0,306.0,176.0,108.0
323.0,306.0,176.0,108.0
322.0,303.0,176.0,108.0
324.0,305.0,168.0,103.0
319.0,304.0,168.0,103.0
321.0,307.0,160.0,98.0
312.0,306.0,160.0,98.0
298.0,304.0,160.0,98.0
287.0,301.0,160.0,98.0
285.0,280.0,150.0,115.0
269.0,283.0,150.0,115.0
267.0,283.0,150.0,115.0
257.0,282.0,150.0,115.0
245.0,278.0,150.0,115.0
244.0,278.0,150.0,115.0
232.0,275.0,150.0,115.0
226.0,271.0,151.0,101.0
222.0,278.0,151.0,101.0
216.0,275.0,151.0,101.0
208.0,278.0,151.0,101.0
205.0,280.0,151.0,101.0
200.0,279.0,151.0,101.0
209.0,289.0,144.0,96.0
210.0,290.0,144.0,96.0
230.0,297.0,137.0,92.0
248.0,300.0,137.0,92.0
268.0,306.0,137.0,92.0
291.0,317.0,130.0,87.0
317.0,328.0,130.0,87.0
318.0,328.0,130.0,87.0
343.0,333.0,130.0,87.0
362.0,336.0,130.0,87.0
387.0,335.0,124.0,83.0
412.0,339.0,118.0,79.0
426.0,338.0,124.0,83.0
428.0,341.0,118.0,79.0
444.0,339.0,118.0,79.0
455.0,338.0,118.0,79.0
469.0,335.0,118.0,79.0
479.0,332.0,118.0,79.0
487.0,334.0,118.0,79.0
489.0,337.0,113.0,75.0
491.0,342.0,113.0,75.0
491.0,342.0,113.0,75.0
498.0,344.0,113.0,75.0
500.0,351.0,107.0,72.0
498.0,354.0,107.0,72.0
497.0,353.0,107.0,72.0
494.0,353.0,107.0,72.0
499.0,342.0,88.0,84.0
495.0,345.0,88.0,84.0
494.0,345.0,88.0,84.0
493.0,343.0,88.0,84.0
492.0,342.0,88.0,84.0
492.0,339.0,88.0,84.0
495.0,332.0,88.0,84.0
502.0,326.0,88.0,84.0
506.0,320.0,88.0,84.0
515.0,312.0,88.0,84.0
516.0,312.0,88.0,84.0
524.0,309.0,88.0,84.0
532.0,306.0,88.0,84.0
539.0,304.0,88.0,84.0
545.0,304.0,88.0,84.0
550.0,302.0,88.0,84.0
550.0,301.0,88.0,84.0
556.0,299.0,88.0,84.0
563.0,296.0,88.0,84.0
571.0,296.0,84.0,80.0
573.0,295.0,84.0,80.0
580.0,295.0,80.0,76.0
581.0,295.0,80.0,76.0
588.0,292.0,80.0,76.0
589.0,293.0,80.0,76.0
596.0,290.0,80.0,76.0
601.0,289.0,80.0,76.0
607.0,288.0,80.0,76.0
606.0,287.0,80.0,76.0
614.0,286.0,80.0,76.0
625.0,286.0,76.0,73.0
638.0,283.0,76.0,73.0
649.0,282.0,76.0,73.0
661.0,281.0,76.0,73.0
663.0,283.0,72.0,69.0
673.0,285.0,69.0,66.0
683.0,286.0,66.0,63.0
689.0,285.0,66.0,63.0
695.0,283.0,66.0,63.0
699.0,284.0,66.0,63.0
700.0,283.0,66.0,63.0
705.0,285.0,63.0,60.0
709.0,285.0,63.0,60.0
708.0,286.0,63.0,60.0
706.0,287.0,63.0,60.0
701.0,290.0,63.0,60.0
702.0,289.0,63.0,60.0
695.0,292.0,63.0,60.0
686.0,293.0,63.0,60.0
677.0,294.0,63.0,60.0
672.0,296.0,63.0,60.0
679.0,304.0,40.0,51.0
678.0,304.0,40.0,51.0
679.0,304.0,40.0,51.0
675.0,307.0,40.0,51.0
670.0,309.0,40.0,51.0
667.0,312.0,40.0,51.0
664.0,316.0,40.0,51.0
664.0,316.0,40.0,51.0
665.0,318.0,40.0,51.0
667.0,321.0,40.0,51.0
664.0,324.0,40.0,51.0
663.0,326.0,40.0,51.0
662.0,328.0,40.0,51.0
662.0,330.0,38.0,49.0
660.0,331.0,38.0,49.0
658.0,335.0,36.0,46.0
654.0,338.0,36.0,46.0
652.0,342.0,36.0,46.0
655.0,346.0,36.0,46.0
655.0,346.0,36.0,46.0
659.0,348.0,36.0,46.0
661.0,352.0,36.0,46.0
663.0,355.0,35.0,44.0
665.0,358.0,33.0,42.0
666.0,362.0,31.0,40.0
666.0,362.0,31.0,40.0
664.0,363.0,31.0,40.0
660.0,369.0,31.0,40.0
654.0,370.0,31.0,40.0
650.0,374.0,31.0,40.0
650.0,373.0,31.0,40.0
650.0,373.0,31.0,40.0
645.0,378.0,31.0,40.0
638.0,383.0,31.0,40.0
628.0,387.0,31.0,40.0
622.0,388.0,31.0,40.0
624.0,392.0,30.0,38.0
624.0,392.0,30.0,38.0
627.0,395.0,30.0,38.0
632.0,392.0,30.0,38.0
631.0,387.0,30.0,38.0
631.0,379.0,30.0,38.0
639.0,371.0,30.0,38.0
638.0,371.0,30.0,38.0
659.0,367.0,30.0,38.0
687.0,367.0,28.0,36.0
703.0,366.0,28.0,36.0
709.0,360.0,28.0,36.0
721.0,343.0,28.0,36.0
722.0,343.0,28.0,36.0
722.0,344.0,28.0,36.0
725.0,347.0,28.0,36.0
736.0,350.0,28.0,36.0
748.0,353.0,28.0,36.0
740.0,353.0,30.0,38.0
742.0,353.0,28.0,36.0
721.0,352.0,30.0,38.0
709.0,350.0,30.0,38.0
699.0,348.0,30.0,38.0
691.0,345.0,30.0,38.0
690.0,345.0,30.0,38.0
690.0,346.0,30.0,38.0
687.0,342.0,30.0,38.0
688.0,345.0,30.0,38.0
695.0,354.0,30.0,38.0
698.0,359.0,30.0,38.0
685.0,359.0,30.0,38.0
684.0,360.0,23.0,38.0
677.0,361.0,23.0,38.0
674.0,359.0,23.0,38.0
678.0,363.0,23.0,38.0
683.0,362.0,23.0,38.0
687.0,361.0,23.0,38.0
688.0,360.0,23.0,38.0
688.0,360.0,24.0,40.0
688.0,363.0,24.0,40.0
692.0,364.0,23.0,38.0
689.0,366.0,23.0,38.0
686.0,367.0,23.0,38.0
685.0,368.0,23.0,38.0
684.0,369.0,23.0,38.0
689.0,370.0,23.0,38.0
693.0,369.0,23.0,38.0
695.0,369.0,23.0,38.0
696.0,371.0,23.0,38.0
695.0,371.0,23.0,38.0
702.0,371.0,23.0,38.0
711.0,372.0,23.0,38.0
723.0,375.0,23.0,38.0
725.0,377.0,22.0,36.0
743.0,384.0,23.0,38.0
742.0,385.0,23.0,38.0
764.0,390.0,23.0,38.0
775.0,388.0,23.0,38.0
785.0,384.0,23.0,38.0
794.0,380.0,23.0,38.0
801.0,375.0,23.0,38.0
802.0,376.0,23.0,38.0
799.0,369.0,23.0,38.0
796.0,365.0,23.0,38.0
796.0,360.0,23.0,38.0
800.0,360.0,23.0,38.0
802.0,363.0,22.0,36.0
801.0,361.0,22.0,36.0
798.0,362.0,22.0,36.0
792.0,364.0,22.0,36.0
784.0,363.0,22.0,36.0
776.0,361.0,22.0,36.0
766.0,364.0,22.0,36.0
766.0,363.0,22.0,36.0
751.0,362.0,23.0,38.0
741.0,360.0,24.0,40.0
731.0,357.0,24.0,40.0
727.0,358.0,24.0,40.0
721.0,354.0,24.0,40.0
721.0,354.0,25.0,42.0
715.0,353.0,24.0,40.0
710.0,351.0,24.0,40.0
706.0,352.0,24.0,40.0
705.0,351.0,24.0,40.0
703.0,352.0,23.0,38.0
703.0,352.0,24.0,40.0
702.0,351.0,24.0,40.0
703.0,352.0,24.0,40.0
704.0,352.0,23.0,38.0
703.0,353.0,22.0,36.0
698.0,353.0,22.0,36.0
699.0,354.0,21.0,34.0
694.0,353.0,20.0,33.0
690.0,347.0,20.0,33.0
686.0,341.0,19.0,31.0
683.0,334.0,19.0,31.0
680.0,329.0,19.0,31.0
680.0,328.0,19.0,31.0
679.0,324.0,19.0,31.0
679.0,321.0,19.0,31.0
683.0,316.0,19.0,31.0
687.0,314.0,19.0,31.0
688.0,311.0,19.0,31.0
689.0,312.0,19.0,31.0
693.0,308.0,19.0,31.0
702.0,303.0,19.0,31.0
709.0,301.0,19.0,31.0
718.0,299.0,19.0,31.0
722.0,300.0,19.0,31.0
723.0,298.0,20.0,33.0
726.0,297.0,21.0,34.0
730.0,295.0,21.0,34.0
730.0,295.0,21.0,34.0
735.0,295.0,21.0,34.0
742.0,293.0,21.0,34.0
741.0,294.0,21.0,34.0
744.0,293.0,21.0,34.0
747.0,292.0,21.0,34.0
749.0,290.0,21.0,34.0
750.0,290.0,22.0,36.0
747.0,290.0,22.0,36.0
747.0,291.0,22.0,36.0
745.0,290.0,22.0,36.0
745.0,292.0,22.0,36.0
740.0,296.0,22.0,36.0
734.0,300.0,22.0,36.0
731.0,303.0,22.0,36.0
732.0,305.0,21.0,34.0
726.0,309.0,20.0,33.0
718.0,310.0,20.0,33.0
707.0,312.0,21.0,34.0
694.0,312.0,21.0,34.0
682.0,312.0,22.0,36.0
681.0,312.0,22.0,36.0
669.0,311.0,23.0,38.0
657.0,311.0,24.0,40.0
647.0,312.0,24.0,40.0
635.0,311.0,25.0,42.0
625.0,312.0,27.0,44.0
626.0,314.0,27.0,44.0
621.0,314.0,27.0,44.0
619.0,314.0,28.0,46.0
615.0,315.0,28.0,46.0
614.0,316.0,28.0,46.0
613.0,316.0,28.0,46.0
613.0,317.0,28.0,46.0
606.0,318.0,28.0,46.0
601.0,317.0,28.0,46.0
588.0,323.0,35.0,27.0
584.0,324.0,35.0,27.0
579.0,324.0,35.0,27.0
579.0,325.0,35.0,27.0
578.0,325.0,35.0,27.0
580.0,325.0,35.0,27.0
582.0,325.0,35.0,27.0
582.0,326.0,35.0,27.0
582.0,326.0,35.0,27.0
582.0,327.0,35.0,27.0
579.0,325.0,35.0,27.0
583.0,326.0,35.0,27.0
591.0,325.0,35.0,27.0
598.0,326.0,35.0,27.0
604.0,325.0,35.0,27.0
605.0,325.0,35.0,27.0
608.0,326.0,35.0,27.0
607.0,325.0,35.0,27.0
607.0,327.0,35.0,27.0
606.0,326.0,35.0,27.0
604.0,324.0,35.0,27.0
604.0,324.0,35.0,27.0
604.0,324.0,35.0,27.0
604.0,323.0,35.0,27.0
601.0,321.0,33.0,26.0
599.0,320.0,33.0,26.0
597.0,319.0,33.0,26.0
595.0,319.0,35.0,27.0
594.0,317.0,35.0,27.0
592.0,317.0,35.0,27.0
587.0,316.0,35.0,27.0
586.0,315.0,35.0,27.0
579.0,316.0,35.0,27.0
581.0,316.0,35.0,27.0
578.0,315.0,37.0,28.0
574.0,314.0,37.0,28.0
565.0,312.0,37.0,28.0
564.0,313.0,37.0,28.0
560.0,312.0,35.0,27.0
560.0,310.0,37.0,28.0
555.0,308.0,39.0,30.0
547.0,302.0,41.0,31.0
539.0,294.0,43.0,33.0
538.0,290.0,41.0,31.0
536.0,285.0,41.0,31.0
533.0,284.0,43.0,33.0
531.0,280.0,43.0,33.0
532.0,279.0,43.0,33.0
536.0,278.0,43.0,33.0
539.0,277.0,43.0,33.0
544.0,278.0,43.0,33.0
544.0,278.0,43.0,33.0
543.0,277.0,43.0,33.0
546.0,277.0,43.0,33.0
544.0,275.0,45.0,34.0
545.0,272.0,45.0,34.0
553.0,272.0,39.0,27.0
555.0,274.0,39.0,27.0
562.0,274.0,39.0,27.0
570.0,274.0,39.0,27.0
579.0,275.0,39.0,27.0
585.0,274.0,39.0,27.0
593.0,274.0,39.0,27.0
593.0,274.0,39.0,27.0
598.0,273.0,39.0,27.0
603.0,273.0,37.0,26.0
608.0,273.0,37.0,26.0
613.0,273.0,37.0,26.0
617.0,273.0,37.0,26.0
617.0,272.0,37.0,26.0
618.0,270.0,39.0,27.0
620.0,270.0,37.0,26.0
616.0,267.0,37.0,26.0
613.0,265.0,37.0,26.0
610.0,265.0,37.0,26.0
609.0,264.0,37.0,26.0
604.0,264.0,37.0,26.0
598.0,262.0,39.0,27.0
596.0,261.0,41.0,28.0
593.0,259.0,41.0,28.0
592.0,260.0,41.0,28.0
592.0,260.0,41.0,28.0
591.0,259.0,41.0,28.0
589.0,259.0,41.0,28.0
587.0,258.0,41.0,28.0
586.0,257.0,41.0,28.0
583.0,253.0,41.0,28.0
583.0,255.0,41.0,28.0
577.0,248.0,41.0,28.0
572.0,239.0,41.0,28.0
565.0,227.0,41.0,28.0
556.0,218.0,41.0,28.0
546.0,208.0,41.0,28.0
546.0,209.0,41.0,28.0
540.0,202.0,41.0,28.0
537.0,198.0,41.0,28.0
536.0,195.0,41.0,28.0
534.0,193.0,41.0,28.0
533.0,192.0,41.0,28.0
533.0,192.0,41.0,28.0
532.0,189.0,41.0,28.0
529.0,186.0,41.0,28.0
525.0,184.0,41.0,28.0
519.0,183.0,41.0,28.0
509.0,180.0,41.0,28.0
509.0,180.0,41.0,28.0
502.0,177.0,41.0,28.0
499.0,175.0,41.0,28.0
495.0,173.0,41.0,28.0
491.0,172.0,41.0,28.0
490.0,172.0,41.0,28.0
490.0,171.0,41.0,28.0
487.0,171.0,41.0,28.0
484.0,170.0,41.0,28.0
485.0,173.0,41.0,28.0
485.0,174.0,41.0,28.0
488.0,177.0,41.0,28.0
488.0,177.0,41.0,28.0
487.0,178.0,41.0,28.0
488.0,180.0,41.0,28.0
487.0,181.0,41.0,28.0
490.0,183.0,41.0,28.0
490.0,184.0,41.0,28.0
491.0,185.0,41.0,28.0
490.0,185.0,41.0,28.0
495.0,187.0,41.0,28.0
497.0,188.0,41.0,28.0
499.0,188.0,41.0,28.0
499.0,188.0,41.0,28.0
499.0,188.0,41.0,28.0
501.0,188.0,41.0,28.0
504.0,188.0,41.0,25.0
506.0,190.0,39.0,24.0
508.0,189.0,37.0,23.0
511.0,188.0,37.0,23.0
510.0,187.0,39.0,24.0
511.0,186.0,39.0,24.0
511.0,185.0,39.0,24.0
514.0,183.0,37.0,23.0
515.0,182.0,39.0,24.0
514.0,182.0,39.0,24.0
515.0,183.0,39.0,24.0
515.0,182.0,39.0,24.0
520.0,184.0,39.0,24.0
529.0,186.0,39.0,24.0
536.0,186.0,41.0,25.0
537.0,188.0,41.0,25.0
538.0,188.0,41.0,25.0
535.0,186.0,43.0,26.0
534.0,185.0,43.0,26.0
532.0,183.0,43.0,26.0
532.0,181.0,43.0,26.0
533.0,176.0,45.0,28.0
534.0,176.0,45.0,28.0
535.0,170.0,45.0,28.0
540.0,168.0,45.0,28.0
548.0,165.0,43.0,26.0
558.0,167.0,41.0,25.0
565.0,166.0,41.0,25.0
566.0,167.0,41.0,25.0
575.0,166.0,41.0,25.0
584.0,170.0,41.0,25.0
590.0,171.0,41.0,25.0
589.0,175.0,41.0,25.0
588.0,181.0,41.0,25.0
588.0,182.0,41.0,25.0
588.0,189.0,39.0,24.0
588.0,195.0,39.0,24.0
586.0,198.0,39.0,24.0
587.0,198.0,39.0,24.0
583.0,202.0,39.0,24.0
582.0,201.0,41.0,25.0
576.0,201.0,41.0,25.0
571.0,200.0,41.0,25.0
571.0,198.0,41.0,25.0
568.0,196.0,41.0,25.0
565.0,193.0,43.0,26.0
566.0,194.0,41.0,25.0
567.0,192.0,41.0,25.0
568.0,190.0,41.0,25.0
566.0,188.0,41.0,25.0
566.0,185.0,41.0,25.0
563.0,183.0,41.0,25.0
563.0,183.0,41.0,25.0
560.0,179.0,41.0,25.0
560.0,178.0,41.0,25.0
558.0,177.0,41.0,25.0
558.0,176.0,43.0,26.0
556.0,176.0,43.0,26.0
557.0,176.0,41.0,25.0
555.0,175.0,41.0,25.0
555.0,177.0,41.0,25.0
558.0,182.0,41.0,25.0
564.0,187.0,39.0,24.0
565.0,185.0,41.0,25.0
565.0,185.0,41.0,25.0
564.0,178.0,41.0,25.0
568.0,170.0,41.0,25.0
567.0,171.0,41.0,25.0
571.0,170.0,39.0,24.0
573.0,172.0,39.0,24.0
574.0,173.0,39.0,24.0
575.0,172.0,39.0,24.0
574.0,175.0,37.0,23.0
567.0,175.0,37.0,23.0
557.0,173.0,37.0,23.0
548.0,172.0,37.0,23.0
547.0,171.0,37.0,23.0
542.0,169.0,37.0,23.0
540.0,170.0,37.0,23.0
541.0,172.0,37.0,23.0
539.0,174.0,37.0,23.0
532.0,172.0,37.0,23.0
533.0,174.0,35.0,22.0
523.0,173.0,37.0,23.0
514.0,172.0,37.0,23.0
511.0,171.0,37.0,23.0
508.0,169.0,37.0,23.0
506.0,169.0,37.0,23.0
505.0,168.0,37.0,23.0
500.0,166.0,37.0,23.0
493.0,164.0,37.0,23.0
484.0,161.0,37.0,23.0
482.0,157.0,37.0,23.0
480.0,156.0,37.0,23.0
481.0,156.0,35.0,22.0
478.0,156.0,35.0,22.0
471.0,155.0,35.0,22.0
472.0,156.0,35.0,22.0
464.0,156.0,35.0,22.0
455.0,157.0,37.0,23.0
455.0,158.0,37.0,23.0
446.0,161.0,37.0,23.0
438.0,165.0,37.0,23.0
431.0,165.0,37.0,23.0
429.0,165.0,35.0,22.0
423.0,164.0,35.0,22.0
422.0,164.0,37.0,23.0
419.0,164.0,35.0,22.0
417.0,164.0,35.0,22.0
417.0,164.0,34.0,21.0
416.0,163.0,34.0,21.0
415.0,162.0,34.0,21.0
415.0,162.0,35.0,22.0
413.0,160.0,35.0,22.0
415.0,158.0,35.0,22.0
414.0,157.0,37.0,23.0
414.0,154.0,37.0,23.0
414.0,152.0,37.0,23.0
415.0,153.0,37.0,23.0
414.0,152.0,35.0,22.0
414.0,151.0,35.0,22.0
411.0,148.0,35.0,22.0
410.0,147.0,35.0,22.0
407.0,147.0,37.0,23.0
409.0,147.0,35.0,22.0
407.0,147.0,35.0,22.0
406.0,148.0,35.0,22.0
402.0,147.0,35.0,22.0
401.0,147.0,35.0,22.0
400.0,149.0,35.0,22.0
400.0,149.0,35.0,22.0
396.0,151.0,35.0,22.0
394.0,153.0,35.0,22.0
392.0,155.0,35.0,22.0
388.0,158.0,35.0,22.0
388.0,162.0,35.0,22.0
389.0,162.0,35.0,22.0
388.0,165.0,35.0,22.0
386.0,172.0,35.0,22.0
387.0,179.0,34.0,21.0
392.0,183.0,34.0,21.0
396.0,186.0,34.0,21.0
395.0,187.0,34.0,21.0
402.0,190.0,32.0,20.0
404.0,193.0,31.0,19.0
408.0,195.0,31.0,19.0
416.0,197.0,31.0,19.0
423.0,199.0,31.0,19.0
424.0,198.0,31.0,19.0
430.0,201.0,31.0,19.0
436.0,203.0,31.0,19.0
441.0,204.0,31.0,19.0
445.0,207.0,31.0,19.0
448.0,210.0,31.0,19.0
447.0,209.0,31.0,19.0
449.0,211.0,31.0,19.0
449.0,211.0,31.0,19.0
452.0,213.0,31.0,19.0
452.0,214.0,31.0,19.0
455.0,213.0,31.0,19.0
456.0,213.0,31.0,19.0
455.0,213.0,31.0,19.0
451.0,213.0,31.0,19.0
446.0,213.0,31.0,19.0
440.0,216.0,29.0,18.0
437.0,216.0,29.0,18.0
438.0,217.0,29.0,18.0
436.0,217.0,28.0,17.0
433.0,219.0,28.0,17.0
431.0,217.0,28.0,17.0
430.0,213.0,28.0,17.0
429.0,208.0,28.0,17.0
431.0,209.0,28.0,17.0
430.0,206.0,28.0,17.0
433.0,205.0,26.0,16.0
434.0,205.0,26.0,16.0
437.0,202.0,26.0,16.0
439.0,200.0,26.0,16.0
440.0,199.0,26.0,16.0
440.0,194.0,28.0,17.0
440.0,193.0,28.0,17.0
442.0,192.0,26.0,16.0
441.0,196.0,26.0,16.0
439.0,198.0,26.0,16.0
439.0,198.0,28.0,17.0
439.0,197.0,28.0,17.0
440.0,201.0,28.0,17.0
438.0,206.0,28.0,17.0
438.0,212.0,28.0,17.0
437.0,216.0,26.0,16.0
435.0,216.0,26.0,16.0
426.0,221.0,28.0,17.0
418.0,227.0,29.0,18.0
411.0,234.0,29.0,18.0
408.0,238.0,29.0,18.0
407.0,240.0,29.0,18.0
407.0,241.0,29.0,18.0
406.0,242.0,29.0,18.0
404.0,245.0,29.0,18.0
403.0,245.0,29.0,18.0
403.0,247.0,29.0,18.0
403.0,247.0,29.0,18.0
403.0,248.0,29.0,18.0
405.0,250.0,29.0,18.0
407.0,251.0,28.0,17.0
408.0,252.0,26.0,16.0
409.0,253.0,26.0,16.0
412.0,253.0,26.0,16.0
413.0,252.0,26.0,16.0
414.0,253.0,26.0,16.0
417.0,252.0,26.0,16.0
420.0,254.0,26.0,16.0
424.0,252.0,26.0,16.0
426.0,254.0,25.0,15.0
425.0,253.0,25.0,15.0
430.0,253.0,25.0,15.0
435.0,253.0,25.0,15.0
436.0,252.0,25.0,15.0
437.0,254.0,24.0,15.0
438.0,255.0,24.0,15.0
440.0,255.0,24.0,15.0
441.0,259.0,23.0,14.0
445.0,261.0,23.0,14.0
446.0,262.0,23.0,14.0
450.0,264.0,23.0,14.0
453.0,265.0,23.0,14.0
453.0,266.0,22.0,13.0
456.0,267.0,22.0,13.0
460.0,267.0,22.0,13.0
462.0,268.0,22.0,13.0
464.0,268.0,22.0,13.0
462.0,267.0,22.0,13.0
460.0,262.0,26.0,24.0
458.0,265.0,26.0,24.0
458.0,264.0,26.0,24.0
455.0,264.0,26.0,24.0
452.0,263.0,26.0,24.0
451.0,261.0,26.0,24.0
452.0,262.0,26.0,24.0
452.0,260.0,26.0,24.0
453.0,261.0,26.0,24.0
453.0,261.0,27.0,25.0
457.0,262.0,27.0,25.0
458.0,260.0,26.0,24.0
458.0,261.0,26.0,24.0
460.0,261.0,26.0,24.0
465.0,259.0,26.0,24.0
471.0,260.0,26.0,24.0
475.0,261.0,26.0,24.0
481.0,263.0,25.0,23.0
481.0,262.0,25.0,23.0
487.0,261.0,25.0,23.0
492.0,261.0,24.0,22.0
493.0,262.0,24.0,22.0
498.0,262.0,22.0,21.0
499.0,263.0,22.0,21.0
500.0,263.0,22.0,21.0
504.0,263.0,21.0,20.0
506.0,264.0,21.0,20.0
510.0,265.0,21.0,20.0
513.0,266.0,22.0,21.0
517.0,268.0,22.0,21.0
517.0,268.0,22.0,21.0
525.0,268.0,14.0,31.0
528.0,270.0,14.0,31.0
532.0,272.0,14.0,31.0
533.0,273.0,14.0,31.0
533.0,273.0,14.0,31.0
533.0,272.0,14.0,31.0
533.0,271.0,14.0,31.0
530.0,268.0,15.0,33.0
529.0,261.0,15.0,33.0
529.0,260.0,15.0,33.0
529.0,252.0,15.0,33.0
529.0,251.0,15.0,33.0
530.0,243.0,15.0,33.0
535.0,239.0,15.0,33.0
536.0,243.0,15.0,33.0
529.0,248.0,15.0,33.0
519.0,254.0,15.0,33.0
520.0,253.0,15.0,33.0
515.0,258.0,15.0,33.0
510.0,265.0,15.0,33.0
503.0,275.0,15.0,33.0
490.0,284.0,15.0,33.0
475.0,289.0,15.0,33.0
475.0,289.0,15.0,33.0
464.0,294.0,15.0,33.0
455.0,296.0,15.0,33.0
448.0,299.0,15.0,34.0
440.0,303.0,15.0,34.0
437.0,305.0,16.0,36.0
437.0,304.0,16.0,36.0
436.0,305.0,15.0,34.0
434.0,303.0,15.0,34.0
432.0,297.0,16.0,36.0
427.0,289.0,16.0,36.0
418.0,281.0,17.0,38.0
419.0,282.0,17.0,38.0
410.0,280.0,17.0,38.0
405.0,277.0,17.0,38.0
404.0,274.0,17.0,38.0
404.0,274.0,17.0,38.0
402.0,274.0,17.0,38.0
403.0,273.0,17.0,38.0
403.0,274.0,16.0,36.0
402.0,272.0,16.0,36.0
400.0,268.0,16.0,36.0
401.0,266.0,17.0,38.0
406.0,263.0,18.0,40.0
406.0,262.0,19.0,42.0
414.0,264.0,21.0,33.0
420.0,264.0,21.0,33.0
424.0,262.0,21.0,33.0
430.0,259.0,21.0,33.0
434.0,251.0,22.0,35.0
435.0,251.0,22.0,35.0
444.0,248.0,22.0,35.0
453.0,245.0,22.0,35.0
459.0,239.0,22.0,35.0
463.0,240.0,22.0,35.0
463.0,235.0,22.0,35.0
463.0,236.0,22.0,35.0
465.0,238.0,22.0,35.0
463.0,239.0,22.0,35.0
462.0,238.0,23.0,36.0
464.0,238.0,23.0,36.0
467.0,239.0,23.0,36.0
469.0,240.0,23.0,36.0
472.0,249.0,23.0,36.0
467.0,259.0,24.0,38.0
463.0,254.0,26.0,40.0
457.0,264.0,24.0,38.0
454.0,271.0,26.0,40.0
453.0,271.0,26.0,40.0
449.0,278.0,26.0,40.0
442.0,285.0,26.0,40.0
437.0,289.0,26.0,40.0
434.0,297.0,26.0,40.0
429.0,299.0,26.0,40.0
429.0,297.0,26.0,40.0
424.0,299.0,26.0,40.0
421.0,299.0,24.0,38.0
415.0,302.0,23.0,36.0
410.0,299.0,23.0,36.0
409.0,298.0,23.0,36.0
408.0,297.0,23.0,36.0
404.0,294.0,23.0,36.0
402.0,289.0,23.0,36.0
402.0,283.0,23.0,36.0
403.0,280.0,23.0,36.0
401.0,274.0,23.0,36.0
400.0,273.0,23.0,36.0
396.0,267.0,24.0,38.0
392.0,263.0,24.0,38.0
387.0,261.0,24.0,38.0
380.0,259.0,24.0,38.0
376.0,256.0,26.0,40.0
377.0,258.0,24.0,38.0
375.0,260.0,24.0,38.0
372.0,260.0,24.0,38.0
372.0,260.0,24.0,38.0
370.0,260.0,24.0,38.0
367.0,259.0,26.0,40.0
368.0,260.0,24.0,38.0
365.0,261.0,24.0,38.0
367.0,263.0,24.0,38.0
366.0,264.0,24.0,38.0
367.0,267.0,24.0,38.0
364.0,266.0,26.0,40.0
365.0,267.0,26.0,40.0
367.0,268.0,26.0,40.0
373.0,264.0,27.0,42.0
385.0,263.0,28.0,44.0
403.0,269.0,17.0,38.0
408.0,265.0,20.0,35.0
408.0,265.0,22.0,38.0
421.0,256.0,24.0,37.0
430.0,253.0,23.0,36.0
436.0,256.0,24.0,33.0
435.0,260.0,22.0,38.0
438.0,269.0,23.0,37.0
438.0,269.0,25.0,38.0
441.0,277.0,31.0,41.0
445.0,285.0,30.0,42.0
448.0,293.0,28.0,42.0
448.0,298.0,31.0,37.0
449.0,298.0,32.0,42.0
454.0,299.0,32.0,46.0
448.0,299.0,30.0,41.0
453.0,298.0,25.0,41.0
453.0,296.0,24.0,43.0
446.0,291.0,31.0,49.0
453.0,292.0,27.0,38.0
453.0,292.0,28.0,41.0
457.0,290.0,28.0,41.0
460.0,286.0,28.0,41.0
462.0,285.0,28.0,41.0
463.0,283.0,28.0,41.0
466.0,287.0,28.0,41.0
467.0,285.0,29.0,43.0
465.0,289.0,29.0,43.0
463.0,299.0,29.0,43.0
467.0,303.0,29.0,43.0
457.0,301.0,29.0,43.0
458.0,307.0,29.0,43.0
459.0,306.0,29.0,43.0
452.0,311.0,29.0,43.0
465.0,325.0,30.0,46.0
471.0,329.0,30.0,46.0
478.0,332.0,30.0,46.0
478.0,334.0,30.0,46.0
468.0,327.0,32.0,49.0
468.0,327.0,32.0,49.0
467.0,329.0,32.0,49.0
465.0,329.0,34.0,51.0
475.0,341.0,25.0,38.0
474.0,345.0,25.0,38.0
475.0,345.0,25.0,38.0
477.0,346.0,25.0,38.0
476.0,349.0,26.0,40.0
477.0,353.0,26.0,40.0
473.0,358.0,26.0,40.0
476.0,364.0,26.0,40.0
476.0,362.0,28.0,42.0
476.0,365.0,28.0,42.0
479.0,372.0,28.0,42.0
478.0,376.0,28.0,42.0
463.0,370.0,46.0,47.0
464.0,372.0,46.0,47.0
464.0,373.0,46.0,47.0
468.0,374.0,46.0,47.0
472.0,372.0,46.0,47.0
474.0,366.0,46.0,47.0
476.0,362.0,46.0,47.0
476.0,360.0,48.0,49.0
477.0,360.0,48.0,49.0
478.0,357.0,48.0,49.0
480.0,360.0,48.0,49.0
485.0,363.0,48.0,49.0
495.0,363.0,51.0,52.0
499.0,361.0,53.0,54.0
498.0,361.0,53.0,54.0
500.0,361.0,53.0,54.0
500.0,367.0,53.0,54.0
500.0,371.0,53.0,54.0
495.0,369.0,56.0,57.0
492.0,360.0,56.0,61.0
492.0,360.0,56.0,61.0
492.0,362.0,56.0,61.0
499.0,360.0,53.0,58.0
502.0,356.0,56.0,61.0
504.0,355.0,56.0,61.0
504.0,351.0,56.0,61.0
504.0,350.0,56.0,61.0
503.0,348.0,56.0,61.0
495.0,345.0,56.0,61.0
489.0,343.0,56.0,61.0
483.0,345.0,56.0,61.0
477.0,347.0,59.0,64.0
477.0,347.0,59.0,64.0
473.0,348.0,62.0,67.0
473.0,349.0,62.0,67.0
477.0,350.0,62.0,67.0
480.0,351.0,62.0,67.0
482.0,353.0,62.0,67.0
483.0,354.0,62.0,67.0
489.0,355.0,62.0,67.0
492.0,353.0,65.0,71.0
499.0,352.0,65.0,71.0
512.0,350.0,65.0,71.0
530.0,351.0,65.0,71.0
531.0,350.0,65.0,71.0
547.0,354.0,65.0,71.0
560.0,359.0,65.0,71.0
571.0,364.0,65.0,71.0
580.0,368.0,65.0,71.0
581.0,368.0,65.0,71.0
581.0,367.0,65.0,71.0
594.0,373.0,65.0,71.0
607.0,376.0,65.0,71.0
618.0,379.0,65.0,71.0
627.0,383.0,65.0,71.0
633.0,385.0,65.0,71.0
633.0,384.0,65.0,71.0
639.0,385.0,68.0,74.0
647.0,387.0,65.0,71.0
649.0,383.0,65.0,71.0
653.0,379.0,65.0,71.0
661.0,372.0,65.0,71.0
663.0,372.0,65.0,71.0
675.0,365.0,65.0,71.0
682.0,360.0,65.0,71.0
683.0,350.0,68.0,74.0
683.0,342.0,68.0,74.0
684.0,336.0,68.0,74.0
684.0,337.0,68.0,74.0
686.0,333.0,68.0,74.0
689.0,331.0,68.0,74.0
688.0,331.0,68.0,74.0
688.0,333.0,68.0,74.0
686.0,335.0,68.0,74.0
686.0,335.0,68.0,74.0
686.0,334.0,68.0,74.0
685.0,336.0,68.0,74.0
683.0,343.0,68.0,74.0
679.0,322.0,71.0,97.0
681.0,329.0,71.0,97.0
681.0,330.0,71.0,97.0
684.0,332.0,71.0,97.0
683.0,331.0,75.0,102.0
683.0,333.0,78.0,107.0
680.0,332.0,78.0,107.0
678.0,328.0,78.0,107.0
677.0,329.0,78.0,107.0
669.0,324.0,78.0,107.0
664.0,316.0,78.0,107.0
665.0,311.0,78.0,107.0
664.0,306.0,78.0,107.0
660.0,303.0,78.0,107.0
659.0,304.0,78.0,107.0
659.0,301.0,78.0,107.0
655.0,299.0,78.0,107.0
649.0,295.0,78.0,107.0
647.0,294.0,78.0,107.0
642.0,294.0,78.0,107.0
641.0,292.0,82.0,112.0
638.0,292.0,82.0,112.0
636.0,289.0,86.0,118.0
628.0,292.0,91.0,124.0
618.0,297.0,91.0,124.0
608.0,302.0,91.0,124.0
608.0,302.0,91.0,124.0
602.0,311.0,91.0,124.0
594.0,306.0,91.0,124.0
589.0,305.0,95.0,130.0
589.0,305.0,95.0,130.0
587.0,305.0,95.0,130.0
588.0,306.0,95.0,130.0
580.0,303.0,100.0,136.0
577.0,306.0,100.0,136.0
572.0,307.0,100.0,136.0
573.0,310.0,100.0,136.0
570.0,312.0,100.0,136.0
570.0,313.0,100.0,136.0
565.0,311.0,105.0,143.0
568.0,313.0,105.0,143.0
569.0,312.0,105.0,143.0
559.0,302.0,114.0,135.0
564.0,307.0,114.0,135.0
565.0,308.0,114.0,135.0
561.0,301.0,120.0,142.0
564.0,305.0,120.0,142.0
564.0,302.0,120.0,142.0
566.0,300.0,120.0,142.0
569.0,295.0,120.0,142.0
566.0,290.0,126.0,149.0
567.0,287.0,126.0,149.0
566.0,284.0,126.0,149.0
563.0,283.0,126.0,149.0
536.0,242.0,160.0,177.0
538.0,239.0,168.0,186.0
539.0,242.0,168.0,186.0
537.0,236.0,176.0,195.0
540.0,235.0,185.0,205.0
538.0,229.0,194.0,215.0
545.0,233.0,194.0,215.0
555.0,243.0,185.0,205.0
556.0,242.0,185.0,205.0
563.0,256.0,185.0,205.0
570.0,271.0,185.0,205.0
578.0,281.0,185.0,205.0
575.0,297.0,194.0,215.0
586.0,315.0,194.0,215.0
606.0,285.0,173.0,210.0
630.0,316.0,173.0,210.0
649.0,338.0,173.0,210.0
661.0,331.0,172.0,226.0
670.0,354.0,178.0,233.0
675.0,383.0,180.0,237.0
675.0,383.0,180.0,237.0
682.0,416.0,180.0,236.0
695.0,453.0,178.0,234.0
712.0,494.0,184.0,242.0
725.0,535.0,192.0,252.0
736.0,573.0,191.0,251.0
736.0,573.0,191.0,251.0
754.0,607.0,184.0,242.0
773.0,633.0,186.0,245.0
785.0,644.0,184.0,242.0
790.0,637.0,187.0,245.0
814.0,627.0,182.0,239.0
814.0,627.0,182.0,239.0
857.0,609.0,185.0,243.0
892.0,583.0,229.0,137.0
892.0,583.0,229.0,137.0
945.0,550.0,253.0,151.0
1002.0,510.0,249.0,149.0
1015.0,518.0,259.0,199.0
1039.0,476.0,241.0,231.0
1073.0,468.0,250.0,239.0
1140.0,502.0,247.0,237.0
1147.0,436.0,133.0,276.0
1156.0,440.0,137.0,284.0
1156.0,440.0,137.0,284.0
1167.0,437.0,137.0,284.0
1172.0,426.0,141.0,293.0
1154.0,424.0,145.0,300.0
1132.0,427.0,149.0,309.0
1107.0,431.0,149.0,310.0
1115.0,440.0,163.0,273.0
1094.0,427.0,165.0,276.0
1058.0,419.0,222.0,301.0
999.0,431.0,281.0,285.0
969.0,426.0,311.0,291.0
917.0,417.0,363.0,301.0
922.0,420.0,358.0,294.0
887.0,393.0,393.0,323.0
852.0,353.0,428.0,332.0
828.0,319.0,452.0,338.0
770.0,287.0,510.0,340.0
721.0,267.0,559.0,350.0
734.0,274.0,545.0,337.0
700.0,237.0,580.0,377.0
714.0,234.0,566.0,391.0
712.0,200.0,567.0,353.0
713.0,125.0,567.0,392.0
717.0,100.0,563.0,397.0
717.0,100.0,563.0,397.0
695.0,80.0,570.0,402.0
665.0,62.0,619.0,404.0
650.0,37.0,630.0,394.0
631.0,16.0,652.0,402.0
606.0,13.0,662.0,410.0
606.0,13.0,662.0,410.0
522.0,20.0,751.0,416.0
442.0,15.0,826.0,389.0
400.0,48.0,771.0,363.0
400.0,48.0,771.0,363.0
400.0,48.0,771.0,363.0
308.0,58.0,832.0,408.0
223.0,97.0,822.0,403.0
146.0,116.0,838.0,401.0
78.0,146.0,838.0,401.0
25.0,182.0,756.0,366.0
9.0,236.0,688.0,333.0
9.0,236.0,688.0,333.0
-19.0,226.0,803.0,389.0
0.0,250.0,604.0,332.0
0.0,236.0,509.0,301.0
0.0,246.0,459.0,287.0
4.0,234.0,451.0,301.0
4.0,234.0,451.0,301.0
1.0,235.0,467.0,328.0
2.0,229.0,484.0,322.0
5.0,226.0,492.0,301.0
6.0,188.0,484.0,290.0
5.0,192.0,448.0,311.0
14.0,174.0,430.0,315.0
1.0,182.0,436.0,317.0
12.0,176.0,451.0,334.0
0
53.0,234.0,412.0,296.0
98.0,247.0,431.0,304.0
97.0,247.0,434.0,288.0
180.0,262.0,417.0,288.0
271.0,246.0,395.0,305.0
349.0,250.0,405.0,281.0
431.0,232.0,335.0,269.0
511.0,207.0,330.0,265.0
511.0,206.0,330.0,265.0
604.0,163.0,335.0,269.0
697.0,151.0,338.0,271.0
740.0,135.0,307.0,247.0
781.0,183.0,277.0,265.0
815.0,187.0,272.0,260.0
815.0,187.0,272.0,260.0
860.0,186.0,265.0,254.0
896.0,189.0,257.0,246.0
911.0,197.0,251.0,240.0
898.0,206.0,243.0,233.0
874.0,217.0,241.0,230.0
874.0,217.0,241.0,230.0
874.0,217.0,241.0,230.0
885.0,235.0,245.0,234.0
925.0,253.0,241.0,231.0
967.0,288.0,235.0,225.0
979.0,318.0,227.0,217.0
979.0,318.0,227.0,217.0
959.0,329.0,224.0,214.0
944.0,340.0,228.0,218.0
966.0,357.0,229.0,219.0
996.0,378.0,219.0,209.0
990.0,400.0,202.0,193.0
990.0,400.0,202.0,193.0
970.0,421.0,194.0,185.0
964.0,434.0,179.0,172.0
962.0,449.0,171.0,164.0
925.0,479.0,156.0,150.0
885.0,489.0,120.0,162.0
869.0,480.0,152.0,182.0
851.0,475.0,128.0,168.0
837.0,478.0,129.0,169.0
837.0,487.0,127.0,167.0
839.0,488.0,125.0,164.0
829.0,489.0,124.0,162.0
829.0,489.0,124.0,162.0
814.0,490.0,122.0,160.0
808.0,488.0,120.0,158.0
803.0,489.0,120.0,157.0
791.0,488.0,117.0,153.0
781.0,482.0,116.0,152.0
781.0,482.0,116.0,152.0
781.0,482.0,116.0,152.0
777.0,478.0,115.0,151.0
790.0,474.0,112.0,148.0
791.0,466.0,112.0,146.0
782.0,464.0,110.0,144.0
782.0,464.0,110.0,144.0
779.0,458.0,107.0,141.0
784.0,451.0,106.0,139.0
785.0,449.0,105.0,138.0
778.0,450.0,104.0,137.0
773.0,451.0,103.0,135.0
773.0,451.0,103.0,135.0
776.0,449.0,101.0,133.0
781.0,444.0,101.0,133.0
771.0,438.0,101.0,132.0
759.0,437.0,102.0,133.0
765.0,438.0,102.0,133.0
765.0,438.0,102.0,133.0
780.0,443.0,101.0,132.0
786.0,448.0,100.0,131.0
783.0,452.0,98.0,129.0
772.0,451.0,96.0,127.0
760.0,448.0,95.0,125.0
760.0,448.0,95.0,125.0
746.0,441.0,94.0,124.0
736.0,435.0,93.0,122.0
731.0,431.0,93.0,122.0
723.0,431.0,92.0,121.0
723.0,431.0,92.0,121.0
723.0,431.0,92.0,121.0
711.0,433.0,91.0,120.0
695.0,437.0,91.0,119.0
679.0,440.0,91.0,119.0
660.0,444.0,91.0,119.0
642.0,444.0,90.0,119.0
642.0,444.0,90.0,119.0
627.0,443.0,90.0,119.0
612.0,442.0,89.0,117.0
599.0,440.0,88.0,116.0
590.0,438.0,87.0,114.0
583.0,436.0,86.0,113.0
583.0,436.0,86.0,113.0
575.0,433.0,84.0,111.0
564.0,429.0,83.0,108.0
559.0,423.0,81.0,106.0
558.0,416.0,80.0,104.0
558.0,418.0,65.0,86.0
558.0,418.0,65.0,86.0
554.0,414.0,64.0,84.0
554.0,408.0,64.0,84.0
559.0,405.0,64.0,84.0
568.0,404.0,63.0,84.0
581.0,405.0,64.0,84.0
581.0,405.0,63.0,84.0
589.0,410.0,63.0,83.0
595.0,413.0,63.0,83.0
600.0,417.0,62.0,82.0
600.0,417.0,62.0,82.0
602.0,422.0,61.0,81.0
602.0,422.0,61.0,81.0
599.0,426.0,61.0,80.0
590.0,430.0,60.0,79.0
578.0,433.0,60.0,79.0
564.0,434.0,60.0,80.0
551.0,436.0,59.0,79.0
551.0,436.0,59.0,79.0
536.0,439.0,59.0,78.0
519.0,443.0,59.0,78.0
502.0,444.0,60.0,80.0
489.0,447.0,60.0,79.0
481.0,447.0,60.0,80.0
481.0,447.0,60.0,80.0
477.0,448.0,62.0,82.0
472.0,448.0,63.0,83.0
463.0,448.0,63.0,83.0
454.0,449.0,64.0,84.0
439.0,459.0,58.0,67.0
440.0,460.0,58.0,67.0
434.0,457.0,58.0,67.0
426.0,452.0,58.0,67.0
422.0,442.0,58.0,67.0
418.0,433.0,58.0,67.0
418.0,426.0,58.0,67.0
418.0,425.0,58.0,67.0
420.0,420.0,58.0,67.0
422.0,417.0,58.0,67.0
426.0,414.0,58.0,67.0
427.0,412.0,58.0,67.0
431.0,413.0,58.0,67.0
432.0,413.0,58.0,67.0
443.0,414.0,58.0,67.0
468.0,417.0,58.0,67.0
482.0,424.0,58.0,67.0
494.0,432.0,55.0,64.0
509.0,439.0,55.0,64.0
509.0,439.0,55.0,64.0
519.0,445.0,55.0,64.0
526.0,450.0,55.0,64.0
530.0,455.0,55.0,64.0
534.0,458.0,53.0,61.0
538.0,457.0,53.0,61.0
540.0,457.0,53.0,61.0
543.0,453.0,53.0,61.0
546.0,448.0,53.0,61.0
544.0,442.0,53.0,61.0
543.0,440.0,53.0,61.0
541.0,437.0,53.0,61.0
541.0,438.0,50.0,58.0
536.0,435.0,50.0,58.0
531.0,432.0,50.0,58.0
527.0,429.0,50.0,58.0
526.0,426.0,50.0,58.0
520.0,423.0,50.0,58.0
520.0,423.0,50.0,58.0
512.0,420.0,50.0,58.0
500.0,415.0,50.0,58.0
500.0,416.0,50.0,58.0
488.0,410.0,50.0,58.0
480.0,409.0,50.0,58.0
481.0,409.0,48.0,55.0
481.0,408.0,45.0,52.0
482.0,406.0,45.0,52.0
483.0,402.0,45.0,52.0
484.0,403.0,45.0,52.0
486.0,401.0,45.0,52.0
487.0,402.0,45.0,52.0
491.0,401.0,45.0,52.0
500.0,398.0,45.0,52.0
514.0,394.0,45.0,52.0
531.0,386.0,45.0,52.0
545.0,378.0,45.0,52.0
546.0,378.0,45.0,52.0
554.0,371.0,43.0,50.0
558.0,365.0,41.0,48.0
559.0,358.0,41.0,48.0
565.0,351.0,41.0,48.0
570.0,348.0,41.0,48.0
569.0,347.0,41.0,48.0
576.0,345.0,41.0,48.0
574.0,334.0,58.0,52.0
596.0,332.0,58.0,52.0
611.0,328.0,58.0,52.0
621.0,324.0,58.0,52.0
620.0,324.0,58.0,52.0
622.0,317.0,58.0,52.0
620.0,310.0,61.0,55.0
620.0,310.0,61.0,55.0
618.0,304.0,58.0,52.0
613.0,297.0,58.0,52.0
612.0,296.0,58.0,52.0
606.0,288.0,58.0,52.0
594.0,281.0,58.0,52.0
570.0,275.0,58.0,52.0
560.0,268.0,58.0,52.0
547.0,264.0,58.0,52.0
547.0,263.0,58.0,52.0
528.0,259.0,58.0,52.0
507.0,259.0,58.0,52.0
493.0,258.0,58.0,52.0
489.0,264.0,58.0,52.0
494.0,271.0,51.0,41.0
495.0,274.0,51.0,41.0
492.0,276.0,51.0,41.0
479.0,278.0,51.0,41.0
462.0,276.0,51.0,41.0
463.0,276.0,51.0,41.0
472.0,279.0,51.0,41.0
472.0,278.0,51.0,41.0
476.0,281.0,51.0,41.0
481.0,284.0,49.0,39.0
488.0,290.0,49.0,39.0
494.0,296.0,49.0,39.0
497.0,302.0,49.0,39.0
496.0,302.0,49.0,39.0
497.0,310.0,49.0,39.0
496.0,310.0,49.0,39.0
498.0,315.0,49.0,39.0
502.0,316.0,49.0,39.0
507.0,313.0,49.0,39.0
508.0,314.0,49.0,39.0
517.0,306.0,49.0,39.0
523.0,298.0,49.0,39.0
529.0,291.0,49.0,39.0
538.0,287.0,49.0,39.0
545.0,283.0,49.0,39.0
545.0,283.0,49.0,39.0
552.0,279.0,49.0,39.0
556.0,274.0,49.0,39.0
561.0,268.0,49.0,39.0
565.0,260.0,49.0,39.0
562.0,249.0,49.0,39.0
562.0,248.0,49.0,39.0
557.0,238.0,49.0,39.0
564.0,215.0,46.0,37.0
567.0,173.0,46.0,34.0
572.0,165.0,52.0,33.0
572.0,148.0,50.0,34.0
574.0,150.0,48.0,33.0
559.0,140.0,49.0,35.0
544.0,137.0,56.0,34.0
539.0,143.0,46.0,31.0
529.0,150.0,54.0,33.0
533.0,157.0,50.0,35.0
537.0,157.0,50.0,35.0
538.0,158.0,50.0,35.0
542.0,167.0,50.0,35.0
542.0,171.0,50.0,35.0
536.0,176.0,52.0,37.0
531.0,181.0,52.0,37.0
531.0,181.0,52.0,37.0
524.0,187.0,52.0,37.0
514.0,189.0,55.0,39.0
516.0,193.0,55.0,39.0
523.0,199.0,52.0,37.0
531.0,205.0,52.0,37.0
531.0,205.0,52.0,37.0
545.0,207.0,52.0,37.0
563.0,206.0,50.0,35.0
575.0,198.0,50.0,35.0
574.0,187.0,52.0,37.0
561.0,178.0,52.0,37.0
561.0,178.0,52.0,37.0
565.0,181.0,52.0,37.0
588.0,188.0,50.0,35.0
600.0,191.0,50.0,35.0
601.0,193.0,50.0,35.0
590.0,201.0,50.0,35.0
590.0,200.0,50.0,35.0
579.0,211.0,52.0,37.0
578.0,228.0,52.0,37.0
572.0,244.0,55.0,39.0
566.0,257.0,55.0,39.0
556.0,274.0,55.0,39.0
555.0,275.0,55.0,39.0
555.0,275.0,55.0,39.0
551.0,295.0,55.0,39.0
547.0,317.0,55.0,39.0
543.0,332.0,55.0,39.0
540.0,341.0,55.0,39.0
540.0,342.0,55.0,39.0
536.0,348.0,55.0,39.0
535.0,355.0,55.0,39.0
533.0,358.0,55.0,39.0
538.0,359.0,52.0,37.0
546.0,358.0,52.0,37.0
545.0,358.0,52.0,37.0
567.0,361.0,52.0,37.0
586.0,362.0,52.0,37.0
600.0,366.0,52.0,37.0
614.0,369.0,50.0,35.0
628.0,371.0,50.0,35.0
630.0,371.0,50.0,35.0
646.0,377.0,50.0,35.0
661.0,382.0,50.0,35.0
675.0,385.0,50.0,35.0
688.0,383.0,52.0,37.0
703.0,383.0,52.0,37.0
702.0,384.0,52.0,37.0
712.0,383.0,52.0,37.0
720.0,384.0,52.0,37.0
732.0,383.0,52.0,37.0
747.0,385.0,52.0,37.0
748.0,385.0,52.0,37.0
747.0,385.0,52.0,37.0
764.0,389.0,52.0,37.0
774.0,391.0,55.0,39.0
781.0,395.0,55.0,39.0
782.0,395.0,55.0,39.0
777.0,398.0,55.0,39.0
778.0,400.0,55.0,39.0
773.0,401.0,55.0,39.0
768.0,400.0,55.0,39.0
764.0,401.0,55.0,39.0
760.0,402.0,55.0,39.0
758.0,403.0,55.0,39.0
758.0,402.0,55.0,39.0
754.0,401.0,55.0,39.0
748.0,399.0,55.0,39.0
743.0,398.0,55.0,39.0
739.0,397.0,55.0,39.0
740.0,395.0,49.0,31.0
740.0,397.0,49.0,31.0
739.0,398.0,49.0,31.0
738.0,396.0,49.0,31.0
739.0,396.0,49.0,31.0
743.0,396.0,49.0,31.0
747.0,395.0,49.0,31.0
748.0,395.0,49.0,31.0
745.0,392.0,51.0,33.0
740.0,386.0,54.0,34.0
738.0,382.0,54.0,34.0
739.0,378.0,54.0,34.0
739.0,378.0,54.0,34.0
740.0,378.0,54.0,34.0
741.0,374.0,54.0,34.0
740.0,370.0,54.0,34.0
741.0,364.0,51.0,33.0
739.0,357.0,51.0,33.0
738.0,352.0,51.0,33.0
739.0,351.0,51.0,33.0
738.0,347.0,51.0,33.0
736.0,343.0,54.0,34.0
735.0,339.0,54.0,34.0
737.0,336.0,54.0,34.0
737.0,333.0,54.0,34.0
737.0,333.0,54.0,34.0
740.0,330.0,54.0,34.0
741.0,324.0,54.0,34.0
741.0,319.0,54.0,34.0
742.0,316.0,54.0,34.0
742.0,311.0,54.0,34.0
743.0,311.0,54.0,34.0
745.0,309.0,54.0,34.0
746.0,307.0,54.0,34.0
748.0,304.0,54.0,34.0
753.0,303.0,54.0,34.0
761.0,301.0,54.0,34.0
761.0,300.0,54.0,34.0
764.0,299.0,51.0,33.0
767.0,296.0,51.0,33.0
769.0,295.0,51.0,33.0
769.0,295.0,51.0,33.0
773.0,292.0,51.0,33.0
773.0,292.0,51.0,33.0
774.0,289.0,51.0,33.0
774.0,287.0,51.0,33.0
772.0,286.0,51.0,33.0
770.0,287.0,51.0,33.0
771.0,287.0,51.0,33.0
768.0,287.0,54.0,34.0
765.0,285.0,57.0,36.0
766.0,286.0,54.0,34.0
764.0,285.0,54.0,34.0
764.0,284.0,54.0,34.0
765.0,284.0,54.0,34.0
766.0,284.0,54.0,34.0
767.0,281.0,54.0,34.0
770.0,279.0,51.0,33.0
771.0,278.0,49.0,31.0
772.0,275.0,49.0,31.0
769.0,270.0,49.0,31.0
770.0,271.0,49.0,31.0
768.0,263.0,51.0,33.0
761.0,255.0,51.0,33.0
756.0,249.0,51.0,33.0
749.0,246.0,51.0,33.0
741.0,243.0,51.0,33.0
741.0,242.0,51.0,33.0
740.0,239.0,51.0,33.0
738.0,238.0,51.0,33.0
737.0,239.0,51.0,33.0
736.0,239.0,51.0,33.0
734.0,236.0,51.0,33.0
735.0,236.0,51.0,33.0
737.0,235.0,51.0,33.0
741.0,233.0,51.0,33.0
742.0,232.0,51.0,33.0
741.0,228.0,51.0,33.0
738.0,223.0,51.0,33.0
739.0,224.0,49.0,31.0
728.0,217.0,49.0,31.0
712.0,207.0,49.0,31.0
697.0,203.0,49.0,31.0
685.0,199.0,49.0,31.0
672.0,195.0,51.0,33.0
671.0,195.0,51.0,33.0
663.0,195.0,51.0,33.0
657.0,195.0,51.0,33.0
654.0,196.0,51.0,33.0
649.0,197.0,51.0,33.0
645.0,199.0,51.0,33.0
646.0,199.0,51.0,33.0
642.0,202.0,51.0,33.0
641.0,205.0,51.0,33.0
638.0,209.0,51.0,33.0
638.0,215.0,51.0,33.0
639.0,226.0,47.0,14.0
638.0,227.0,47.0,14.0
639.0,228.0,47.0,14.0
636.0,229.0,47.0,14.0
636.0,228.0,49.0,15.0
634.0,230.0,52.0,15.0
630.0,231.0,49.0,15.0
631.0,230.0,49.0,15.0
626.0,231.0,49.0,15.0
625.0,232.0,47.0,14.0
624.0,231.0,49.0,15.0
617.0,230.0,52.0,15.0
616.0,227.0,52.0,15.0
617.0,227.0,52.0,15.0
615.0,226.0,52.0,15.0
621.0,223.0,52.0,15.0
626.0,222.0,52.0,15.0
636.0,222.0,52.0,15.0
652.0,221.0,52.0,15.0
651.0,222.0,52.0,15.0
665.0,223.0,52.0,15.0
680.0,218.0,49.0,15.0
689.0,217.0,47.0,14.0
699.0,212.0,47.0,14.0
700.0,203.0,47.0,14.0
701.0,202.0,47.0,14.0
699.0,193.0,49.0,15.0
699.0,184.0,47.0,14.0
697.0,181.0,45.0,13.0
696.0,180.0,45.0,13.0
689.0,177.0,45.0,13.0
689.0,176.0,47.0,14.0
688.0,180.0,47.0,14.0
687.0,179.0,47.0,14.0
688.0,170.0,60.0,25.0
693.0,171.0,60.0,25.0
691.0,171.0,60.0,25.0
692.0,171.0,60.0,25.0
684.0,163.0,60.0,25.0
677.0,155.0,60.0,25.0
667.0,143.0,63.0,26.0
659.0,134.0,60.0,25.0
649.0,123.0,60.0,25.0
650.0,122.0,60.0,25.0
643.0,111.0,63.0,26.0
640.0,100.0,66.0,28.0
630.0,93.0,66.0,28.0
625.0,87.0,66.0,28.0
623.0,82.0,69.0,29.0
623.0,83.0,69.0,29.0
622.0,80.0,66.0,28.0
620.0,77.0,66.0,28.0
625.0,75.0,66.0,28.0
631.0,72.0,66.0,28.0
636.0,69.0,66.0,28.0
638.0,68.0,66.0,28.0
640.0,63.0,66.0,28.0
643.0,56.0,66.0,28.0
644.0,47.0,66.0,28.0
645.0,40.0,63.0,26.0
641.0,28.0,66.0,28.0
641.0,29.0,66.0,28.0
636.0,18.0,66.0,28.0
635.0,19.0,66.0,28.0
631.0,10.0,66.0,28.0
624.0,1.0,63.0,26.0
613.0,-1.0,66.0,28.0
610.0,-1.0,69.0,29.0
597.0,-1.0,69.0,29.0
0
0
0
0
0
0
0
0
0
0
0
0
0
0
0
0
0
0
0
0
0
0
0
0
0
0
0
0
0
0
0
451.0,4.0,42.0,25.0
461.0,28.0,51.0,34.0
469.0,44.0,51.0,34.0
468.0,43.0,51.0,34.0
476.0,55.0,51.0,34.0
490.0,68.0,51.0,34.0
505.0,77.0,51.0,34.0
511.0,81.0,51.0,34.0
499.0,80.0,54.0,36.0
499.0,79.0,54.0,36.0
488.0,78.0,54.0,36.0
481.0,78.0,54.0,36.0
472.0,83.0,54.0,36.0
463.0,86.0,54.0,36.0
467.0,85.0,56.0,37.0
467.0,85.0,56.0,37.0
463.0,87.0,56.0,37.0
454.0,87.0,56.0,37.0
445.0,94.0,56.0,37.0
432.0,103.0,56.0,37.0
430.0,111.0,56.0,37.0
431.0,111.0,56.0,37.0
431.0,111.0,56.0,37.0
436.0,123.0,56.0,37.0
445.0,129.0,56.0,37.0
438.0,131.0,56.0,37.0
427.0,137.0,56.0,37.0
428.0,137.0,54.0,36.0
418.0,145.0,56.0,37.0
413.0,154.0,56.0,37.0
420.0,167.0,56.0,37.0
429.0,178.0,56.0,37.0
442.0,186.0,56.0,37.0
443.0,187.0,56.0,37.0
459.0,195.0,56.0,37.0
477.0,203.0,56.0,37.0
490.0,212.0,56.0,37.0
506.0,221.0,56.0,37.0
529.0,223.0,56.0,37.0
529.0,222.0,56.0,37.0
557.0,220.0,56.0,37.0
571.0,214.0,56.0,37.0
587.0,208.0,56.0,37.0
607.0,205.0,56.0,37.0
606.0,204.0,59.0,39.0
606.0,204.0,59.0,39.0
609.0,205.0,59.0,39.0
638.0,207.0,59.0,39.0
653.0,205.0,59.0,39.0
646.0,202.0,59.0,39.0
645.0,202.0,59.0,39.0
645.0,201.0,59.0,39.0
644.0,198.0,59.0,39.0
642.0,188.0,59.0,39.0
639.0,181.0,59.0,39.0
633.0,179.0,59.0,39.0
624.0,177.0,62.0,41.0
625.0,178.0,62.0,41.0
625.0,176.0,59.0,39.0
631.0,174.0,59.0,39.0
630.0,169.0,59.0,39.0
624.0,162.0,59.0,39.0
618.0,158.0,59.0,39.0
617.0,158.0,59.0,39.0
619.0,159.0,62.0,41.0
643.0,171.0,62.0,41.0
664.0,181.0,59.0,39.0
684.0,187.0,59.0,39.0
721.0,188.0,59.0,39.0
720.0,189.0,59.0,39.0
755.0,189.0,59.0,39.0
783.0,189.0,59.0,39.0
807.0,178.0,59.0,39.0
809.0,157.0,59.0,39.0
792.0,148.0,59.0,39.0
791.0,147.0,59.0,39.0
803.0,138.0,59.0,39.0
840.0,134.0,59.0,39.0
843.0,137.0,59.0,39.0
842.0,138.0,59.0,39.0
819.0,136.0,59.0,39.0
819.0,135.0,59.0,39.0
796.0,134.0,62.0,41.0
804.0,134.0,62.0,41.0
820.0,140.0,62.0,41.0
812.0,145.0,62.0,41.0
799.0,151.0,62.0,41.0
799.0,150.0,62.0,41.0
778.0,159.0,62.0,41.0
761.0,165.0,59.0,39.0
731.0,172.0,62.0,41.0
698.0,175.0,59.0,39.0
687.0,174.0,59.0,39.0
686.0,175.0,59.0,39.0
685.0,180.0,59.0,39.0
673.0,186.0,59.0,39.0
657.0,190.0,59.0,39.0
652.0,190.0,62.0,41.0
657.0,196.0,62.0,41.0
657.0,195.0,62.0,41.0
650.0,201.0,62.0,41.0
644.0,210.0,62.0,41.0
661.0,228.0,62.0,41.0
674.0,233.0,65.0,43.0
661.0,242.0,65.0,43.0
661.0,243.0,65.0,43.0
657.0,248.0,65.0,43.0
683.0,251.0,65.0,43.0
698.0,253.0,65.0,43.0
699.0,253.0,65.0,43.0
690.0,252.0,65.0,43.0
691.0,252.0,65.0,43.0
673.0,246.0,68.0,46.0
677.0,243.0,68.0,46.0
701.0,242.0,65.0,43.0
703.0,240.0,65.0,43.0
692.0,236.0,65.0,43.0
691.0,236.0,65.0,43.0
681.0,234.0,65.0,43.0
674.0,232.0,65.0,43.0
669.0,232.0,65.0,43.0
661.0,229.0,65.0,43.0
642.0,224.0,68.0,46.0
644.0,227.0,65.0,43.0
604.0,219.0,65.0,43.0
591.0,217.0,65.0,43.0
581.0,216.0,68.0,46.0
556.0,214.0,68.0,46.0
537.0,216.0,65.0,43.0
537.0,215.0,65.0,43.0
525.0,216.0,65.0,43.0
515.0,217.0,65.0,43.0
508.0,218.0,65.0,43.0
509.0,217.0,65.0,43.0
514.0,217.0,65.0,43.0
515.0,217.0,65.0,43.0
513.0,220.0,65.0,43.0
510.0,221.0,65.0,43.0
511.0,221.0,65.0,43.0
516.0,224.0,65.0,43.0
518.0,229.0,65.0,43.0
518.0,229.0,65.0,43.0
515.0,231.0,65.0,43.0
522.0,233.0,65.0,43.0
535.0,234.0,65.0,43.0
540.0,236.0,65.0,43.0
550.0,236.0,65.0,43.0
550.0,236.0,65.0,43.0
574.0,235.0,65.0,43.0
604.0,237.0,65.0,43.0
635.0,238.0,65.0,43.0
659.0,234.0,65.0,43.0
681.0,229.0,65.0,43.0
681.0,230.0,65.0,43.0
696.0,223.0,65.0,43.0
704.0,209.0,65.0,43.0
721.0,201.0,65.0,43.0
727.0,196.0,65.0,43.0
721.0,193.0,68.0,46.0
722.0,193.0,68.0,46.0
725.0,196.0,65.0,43.0
731.0,195.0,65.0,43.0
733.0,192.0,68.0,46.0
738.0,191.0,68.0,46.0
722.0,192.0,68.0,46.0
721.0,193.0,68.0,46.0
705.0,187.0,65.0,43.0
687.0,182.0,68.0,46.0
686.0,180.0,68.0,46.0
673.0,175.0,68.0,46.0
668.0,169.0,65.0,43.0
669.0,170.0,65.0,43.0
681.0,156.0,65.0,43.0
680.0,146.0,65.0,43.0
692.0,141.0,65.0,43.0
704.0,135.0,65.0,43.0
730.0,130.0,65.0,43.0
730.0,130.0,65.0,43.0
759.0,126.0,65.0,43.0
791.0,125.0,65.0,43.0
818.0,120.0,65.0,43.0
838.0,114.0,65.0,43.0
849.0,106.0,65.0,43.0
849.0,107.0,65.0,43.0
848.0,95.0,65.0,43.0
858.0,88.0,65.0,43.0
855.0,87.0,65.0,43.0
857.0,87.0,68.0,46.0
858.0,98.0,65.0,43.0
857.0,98.0,65.0,43.0
864.0,107.0,65.0,43.0
855.0,118.0,65.0,43.0
843.0,128.0,68.0,46.0
833.0,139.0,65.0,43.0
829.0,149.0,65.0,43.0
828.0,149.0,65.0,43.0
823.0,155.0,65.0,43.0
824.0,156.0,65.0,43.0
812.0,159.0,65.0,43.0
787.0,159.0,65.0,43.0
759.0,160.0,65.0,43.0
757.0,159.0,65.0,43.0
731.0,160.0,68.0,46.0
727.0,167.0,65.0,43.0
714.0,167.0,65.0,43.0
694.0,169.0,65.0,43.0
682.0,168.0,68.0,46.0
684.0,170.0,65.0,43.0
679.0,172.0,65.0,43.0
675.0,171.0,65.0,43.0
659.0,170.0,65.0,43.0
653.0,172.0,68.0,46.0
665.0,175.0,68.0,46.0
665.0,174.0,68.0,46.0
646.0,175.0,68.0,46.0
625.0,173.0,68.0,46.0
625.0,179.0,65.0,43.0
613.0,182.0,65.0,43.0
608.0,177.0,65.0,43.0
608.0,178.0,65.0,43.0
606.0,173.0,65.0,43.0
597.0,175.0,65.0,43.0
597.0,175.0,65.0,43.0
609.0,170.0,65.0,43.0
611.0,165.0,65.0,43.0
611.0,165.0,65.0,43.0
610.0,165.0,65.0,43.0
606.0,167.0,68.0,46.0
614.0,168.0,68.0,46.0
621.0,164.0,72.0,48.0
618.0,163.0,72.0,48.0
617.0,162.0,72.0,48.0
612.0,160.0,72.0,48.0
586.0,157.0,72.0,48.0
576.0,151.0,72.0,48.0
560.0,151.0,72.0,48.0
564.0,148.0,72.0,48.0
563.0,148.0,72.0,48.0
584.0,148.0,72.0,48.0
565.0,148.0,72.0,48.0
563.0,147.0,52.0,37.0
561.0,144.0,52.0,37.0
549.0,144.0,52.0,37.0
547.0,145.0,52.0,37.0
531.0,146.0,52.0,37.0
534.0,140.0,55.0,39.0
526.0,140.0,52.0,37.0
521.0,142.0,52.0,37.0
535.0,139.0,55.0,39.0
536.0,138.0,55.0,39.0
537.0,137.0,55.0,39.0
533.0,136.0,55.0,39.0
524.0,138.0,55.0,39.0
496.0,129.0,55.0,39.0
509.0,112.0,55.0,39.0
510.0,110.0,55.0,39.0
509.0,110.0,55.0,39.0
491.0,108.0,55.0,39.0
475.0,109.0,55.0,39.0
477.0,118.0,55.0,39.0
469.0,123.0,55.0,39.0
468.0,123.0,55.0,39.0
459.0,121.0,55.0,39.0
461.0,119.0,55.0,39.0
445.0,122.0,55.0,39.0
442.0,131.0,55.0,39.0
453.0,140.0,55.0,39.0
455.0,141.0,55.0,39.0
449.0,146.0,55.0,39.0
446.0,139.0,55.0,39.0
462.0,140.0,55.0,39.0
472.0,144.0,55.0,39.0
478.0,149.0,55.0,39.0
482.0,150.0,52.0,37.0
483.0,153.0,55.0,39.0
492.0,156.0,55.0,39.0
500.0,159.0,55.0,39.0
510.0,160.0,52.0,37.0
519.0,161.0,52.0,37.0
519.0,161.0,52.0,37.0
524.0,161.0,52.0,37.0
525.0,162.0,52.0,37.0
526.0,163.0,55.0,39.0
530.0,165.0,55.0,39.0
530.0,165.0,55.0,39.0
534.0,166.0,52.0,37.0
536.0,170.0,52.0,37.0
531.0,170.0,52.0,37.0
531.0,172.0,55.0,39.0
535.0,172.0,55.0,39.0
530.0,174.0,55.0,39.0
530.0,175.0,55.0,39.0
533.0,178.0,55.0,39.0
530.0,175.0,58.0,41.0
528.0,181.0,58.0,41.0
520.0,182.0,58.0,41.0
513.0,183.0,58.0,41.0
513.0,184.0,58.0,41.0
513.0,184.0,55.0,39.0
511.0,183.0,55.0,39.0
513.0,180.0,55.0,39.0
510.0,180.0,55.0,39.0
507.0,179.0,55.0,39.0
509.0,179.0,55.0,39.0
507.0,179.0,55.0,39.0
507.0,178.0,55.0,39.0
507.0,176.0,55.0,39.0
510.0,178.0,55.0,39.0
511.0,181.0,55.0,39.0
511.0,182.0,55.0,39.0
517.0,189.0,55.0,39.0
520.0,192.0,58.0,41.0
525.0,196.0,58.0,41.0
530.0,201.0,58.0,41.0
531.0,202.0,58.0,41.0
530.0,202.0,58.0,41.0
534.0,207.0,58.0,41.0
539.0,211.0,58.0,41.0
543.0,217.0,58.0,41.0
548.0,222.0,58.0,41.0
556.0,228.0,58.0,41.0
555.0,229.0,58.0,41.0
562.0,232.0,58.0,41.0
570.0,232.0,58.0,41.0
573.0,232.0,58.0,41.0
575.0,232.0,58.0,41.0
577.0,231.0,58.0,41.0
576.0,232.0,58.0,41.0
579.0,231.0,58.0,41.0
583.0,229.0,58.0,41.0
585.0,231.0,58.0,41.0
589.0,230.0,58.0,41.0
592.0,229.0,58.0,41.0
592.0,230.0,58.0,41.0
595.0,230.0,58.0,41.0
598.0,228.0,58.0,41.0
599.0,227.0,58.0,41.0
600.0,227.0,58.0,41.0
602.0,227.0,58.0,41.0
603.0,226.0,58.0,41.0
608.0,227.0,58.0,41.0
611.0,226.0,58.0,41.0
613.0,228.0,58.0,41.0
613.0,227.0,58.0,41.0
613.0,230.0,58.0,41.0
614.0,230.0,58.0,41.0
614.0,233.0,58.0,41.0
612.0,236.0,58.0,41.0
610.0,237.0,58.0,41.0
610.0,238.0,58.0,41.0
609.0,239.0,58.0,41.0
611.0,241.0,55.0,39.0
604.0,240.0,55.0,39.0
602.0,238.0,55.0,39.0
599.0,239.0,58.0,41.0
600.0,241.0,58.0,41.0
606.0,242.0,55.0,39.0
606.0,242.0,55.0,39.0
613.0,243.0,55.0,39.0
617.0,243.0,58.0,41.0
624.0,244.0,58.0,41.0
628.0,244.0,58.0,41.0
633.0,243.0,58.0,41.0
632.0,244.0,58.0,41.0
639.0,244.0,58.0,41.0
642.0,244.0,58.0,41.0
644.0,244.0,61.0,43.0
650.0,246.0,58.0,41.0
658.0,246.0,61.0,43.0
657.0,246.0,61.0,43.0
666.0,249.0,61.0,43.0
673.0,252.0,61.0,43.0
678.0,253.0,61.0,43.0
679.0,254.0,58.0,41.0
684.0,255.0,58.0,41.0
684.0,255.0,58.0,41.0
688.0,254.0,58.0,41.0
694.0,255.0,58.0,41.0
701.0,254.0,58.0,41.0
709.0,253.0,58.0,41.0
717.0,250.0,58.0,41.0
719.0,251.0,58.0,41.0
720.0,246.0,58.0,41.0
722.0,241.0,55.0,39.0
716.0,235.0,58.0,41.0
708.0,231.0,58.0,41.0
699.0,231.0,58.0,41.0
700.0,230.0,58.0,41.0
694.0,233.0,58.0,41.0
689.0,235.0,58.0,41.0
685.0,237.0,61.0,43.0
685.0,237.0,61.0,43.0
688.0,239.0,58.0,41.0
689.0,238.0,58.0,41.0
689.0,237.0,58.0,41.0
687.0,236.0,58.0,41.0
686.0,235.0,58.0,41.0
685.0,234.0,58.0,41.0
682.0,232.0,58.0,41.0
682.0,232.0,58.0,41.0
682.0,226.0,58.0,41.0
689.0,218.0,58.0,41.0
690.0,218.0,58.0,41.0
704.0,200.0,61.0,43.0
721.0,197.0,61.0,43.0
721.0,196.0,61.0,43.0
742.0,196.0,61.0,43.0
758.0,201.0,61.0,43.0
761.0,207.0,58.0,41.0
756.0,216.0,58.0,41.0
750.0,220.0,58.0,41.0
750.0,220.0,58.0,41.0
747.0,222.0,58.0,41.0
743.0,225.0,58.0,41.0
743.0,225.0,55.0,39.0
739.0,224.0,55.0,39.0
719.0,221.0,58.0,41.0
718.0,222.0,58.0,41.0
696.0,228.0,58.0,41.0
687.0,240.0,58.0,41.0
681.0,239.0,58.0,41.0
682.0,238.0,58.0,41.0
678.0,244.0,58.0,41.0
679.0,244.0,58.0,41.0
670.0,244.0,58.0,41.0
661.0,244.0,58.0,41.0
659.0,245.0,58.0,41.0
655.0,247.0,58.0,41.0
650.0,247.0,58.0,41.0
649.0,246.0,58.0,41.0
643.0,245.0,58.0,41.0
644.0,244.0,58.0,41.0
637.0,243.0,58.0,41.0
628.0,240.0,61.0,43.0
619.0,235.0,58.0,41.0
618.0,235.0,58.0,41.0
613.0,231.0,58.0,41.0
608.0,230.0,58.0,41.0
610.0,230.0,58.0,41.0
613.0,229.0,55.0,39.0
610.0,229.0,58.0,41.0
611.0,228.0,58.0,41.0
607.0,227.0,55.0,39.0
602.0,223.0,55.0,39.0
599.0,215.0,58.0,41.0
600.0,214.0,58.0,41.0
603.0,214.0,58.0,41.0
604.0,215.0,58.0,41.0
609.0,215.0,58.0,41.0
631.0,202.0,58.0,41.0
610.0,194.0,58.0,41.0
586.0,181.0,58.0,41.0
576.0,175.0,58.0,41.0
574.0,174.0,58.0,41.0
565.0,181.0,61.0,43.0
574.0,182.0,61.0,43.0
572.0,181.0,61.0,43.0
569.0,185.0,58.0,41.0
566.0,188.0,58.0,41.0
566.0,188.0,58.0,41.0
550.0,185.0,58.0,41.0
549.0,184.0,58.0,41.0
543.0,181.0,58.0,41.0
548.0,183.0,58.0,41.0
531.0,187.0,58.0,41.0
531.0,187.0,58.0,41.0
529.0,189.0,58.0,41.0
524.0,191.0,58.0,41.0
513.0,194.0,58.0,41.0
503.0,195.0,58.0,41.0
496.0,197.0,58.0,41.0
496.0,196.0,58.0,41.0
492.0,197.0,58.0,41.0
489.0,196.0,58.0,41.0
481.0,202.0,58.0,41.0
485.0,207.0,61.0,43.0
484.0,214.0,61.0,43.0
484.0,214.0,61.0,43.0
474.0,223.0,58.0,41.0
475.0,233.0,58.0,41.0
476.0,235.0,58.0,41.0
479.0,240.0,58.0,41.0
474.0,245.0,58.0,41.0
473.0,245.0,58.0,41.0
468.0,245.0,58.0,41.0
468.0,244.0,58.0,41.0
462.0,245.0,58.0,41.0
460.0,246.0,58.0,41.0
458.0,244.0,61.0,43.0
458.0,244.0,61.0,43.0
458.0,244.0,61.0,43.0
457.0,246.0,61.0,43.0
451.0,249.0,61.0,43.0
445.0,249.0,64.0,45.0
437.0,248.0,64.0,45.0
436.0,247.0,64.0,45.0
432.0,246.0,64.0,45.0
432.0,246.0,64.0,45.0
435.0,245.0,64.0,45.0
434.0,243.0,64.0,45.0
433.0,239.0,64.0,45.0
433.0,239.0,64.0,45.0
428.0,233.0,61.0,43.0
423.0,223.0,61.0,43.0
418.0,217.0,61.0,43.0
414.0,208.0,61.0,43.0
413.0,201.0,61.0,43.0
413.0,201.0,61.0,43.0
414.0,195.0,61.0,43.0
413.0,189.0,61.0,43.0
404.0,191.0,61.0,43.0
392.0,198.0,61.0,43.0
387.0,207.0,61.0,43.0
387.0,207.0,61.0,43.0
382.0,211.0,61.0,43.0
373.0,213.0,64.0,45.0
369.0,223.0,64.0,45.0
378.0,234.0,64.0,45.0
391.0,250.0,64.0,45.0
392.0,250.0,64.0,45.0
392.0,251.0,64.0,45.0
398.0,277.0,64.0,45.0
417.0,303.0,64.0,45.0
434.0,325.0,64.0,45.0
463.0,329.0,64.0,45.0
463.0,327.0,67.0,47.0
460.0,321.0,67.0,47.0
439.0,313.0,67.0,47.0
439.0,308.0,67.0,47.0
460.0,303.0,67.0,47.0
461.0,290.0,67.0,47.0
462.0,289.0,67.0,47.0
456.0,272.0,64.0,45.0
461.0,258.0,64.0,45.0
462.0,259.0,64.0,45.0
461.0,266.0,64.0,45.0
470.0,270.0,64.0,45.0
471.0,271.0,64.0,45.0
500.0,279.0,67.0,47.0
507.0,293.0,67.0,47.0
523.0,306.0,67.0,47.0
546.0,314.0,67.0,47.0
541.0,309.0,67.0,47.0
542.0,309.0,67.0,47.0
552.0,299.0,67.0,47.0
570.0,290.0,67.0,47.0
564.0,282.0,67.0,47.0
556.0,275.0,67.0,47.0
557.0,275.0,67.0,47.0
556.0,276.0,67.0,47.0
582.0,271.0,67.0,47.0
616.0,259.0,67.0,47.0
630.0,244.0,67.0,47.0
642.0,223.0,70.0,50.0
655.0,211.0,70.0,50.0
655.0,212.0,70.0,50.0
667.0,209.0,67.0,47.0
707.0,208.0,67.0,47.0
750.0,210.0,67.0,47.0
771.0,215.0,67.0,47.0
781.0,218.0,67.0,47.0
781.0,219.0,67.0,47.0
803.0,223.0,67.0,47.0
823.0,224.0,67.0,47.0
826.0,219.0,67.0,47.0
865.0,209.0,67.0,47.0
880.0,204.0,67.0,47.0
879.0,204.0,67.0,47.0
878.0,198.0,67.0,47.0
868.0,192.0,67.0,47.0
862.0,190.0,67.0,47.0
863.0,189.0,67.0,47.0
850.0,189.0,67.0,47.0
850.0,188.0,67.0,47.0
835.0,190.0,67.0,47.0
833.0,187.0,67.0,47.0
823.0,188.0,67.0,47.0
823.0,187.0,67.0,47.0
817.0,195.0,67.0,47.0
816.0,196.0,67.0,47.0
815.0,203.0,64.0,45.0
798.0,206.0,67.0,47.0
769.0,218.0,70.0,50.0
749.0,232.0,70.0,50.0
742.0,235.0,70.0,50.0
742.0,235.0,70.0,50.0
731.0,238.0,70.0,50.0
722.0,251.0,70.0,50.0
713.0,263.0,70.0,50.0
696.0,267.0,70.0,50.0
696.0,274.0,70.0,50.0
697.0,273.0,70.0,50.0
707.0,276.0,70.0,50.0
698.0,276.0,70.0,50.0
691.0,278.0,70.0,50.0
694.0,279.0,70.0,50.0
687.0,277.0,70.0,50.0
688.0,277.0,70.0,50.0
662.0,272.0,70.0,50.0
658.0,265.0,70.0,50.0
667.0,261.0,70.0,50.0
686.0,267.0,70.0,50.0
703.0,273.0,70.0,50.0
705.0,273.0,70.0,50.0
723.0,277.0,70.0,50.0
740.0,276.0,70.0,50.0
750.0,265.0,70.0,50.0
750.0,264.0,70.0,50.0
743.0,261.0,70.0,50.0
742.0,261.0,70.0,50.0
746.0,267.0,70.0,50.0
771.0,263.0,70.0,50.0
801.0,262.0,70.0,50.0
803.0,265.0,70.0,50.0
808.0,263.0,67.0,47.0
807.0,262.0,67.0,47.0
810.0,254.0,67.0,47.0
805.0,250.0,70.0,50.0
802.0,252.0,70.0,50.0
794.0,254.0,70.0,50.0
789.0,253.0,70.0,50.0
790.0,252.0,70.0,50.0
791.0,249.0,70.0,50.0
787.0,244.0,70.0,50.0
779.0,239.0,70.0,50.0
769.0,236.0,70.0,50.0
763.0,235.0,70.0,50.0
763.0,234.0,70.0,50.0
760.0,237.0,70.0,50.0
757.0,236.0,70.0,50.0
753.0,233.0,70.0,50.0
747.0,229.0,67.0,47.0
737.0,225.0,67.0,47.0
737.0,225.0,67.0,47.0
719.0,222.0,67.0,47.0
701.0,218.0,67.0,47.0
700.0,218.0,67.0,47.0
687.0,216.0,67.0,47.0
673.0,216.0,67.0,47.0
673.0,215.0,67.0,47.0
664.0,217.0,67.0,47.0
648.0,220.0,67.0,47.0
634.0,222.0,67.0,47.0
629.0,227.0,67.0,47.0
623.0,228.0,67.0,47.0
622.0,229.0,67.0,47.0
621.0,227.0,67.0,47.0
627.0,226.0,67.0,47.0
642.0,226.0,67.0,47.0
648.0,226.0,67.0,47.0
653.0,226.0,67.0,47.0
653.0,224.0,67.0,47.0
653.0,222.0,67.0,47.0
648.0,222.0,67.0,47.0
641.0,219.0,67.0,47.0
636.0,219.0,67.0,47.0
635.0,221.0,67.0,47.0
634.0,221.0,67.0,47.0
631.0,222.0,67.0,47.0
625.0,225.0,67.0,47.0
615.0,226.0,67.0,47.0
606.0,228.0,67.0,47.0
592.0,225.0,70.0,50.0
592.0,225.0,70.0,50.0
576.0,223.0,70.0,50.0
564.0,224.0,67.0,47.0
563.0,224.0,67.0,47.0
551.0,228.0,67.0,47.0
540.0,225.0,67.0,47.0
535.0,225.0,70.0,50.0
521.0,223.0,70.0,50.0
511.0,224.0,70.0,50.0
503.0,222.0,70.0,50.0
495.0,223.0,70.0,50.0
486.0,223.0,70.0,50.0
487.0,223.0,70.0,50.0
484.0,223.0,67.0,47.0
482.0,222.0,67.0,47.0
481.0,221.0,67.0,47.0
481.0,222.0,67.0,47.0
481.0,223.0,67.0,47.0
481.0,222.0,67.0,47.0
485.0,222.0,67.0,47.0
489.0,223.0,67.0,47.0
493.0,224.0,67.0,47.0
495.0,227.0,67.0,47.0
493.0,231.0,67.0,47.0
493.0,232.0,67.0,47.0
495.0,235.0,67.0,47.0
498.0,239.0,67.0,47.0
501.0,241.0,67.0,47.0
500.0,244.0,67.0,47.0
499.0,245.0,67.0,47.0
499.0,244.0,67.0,47.0
499.0,244.0,67.0,47.0
500.0,244.0,67.0,47.0
501.0,247.0,64.0,45.0
504.0,249.0,64.0,45.0
511.0,247.0,64.0,45.0
512.0,247.0,64.0,45.0
522.0,238.0,50.0,51.0
524.0,240.0,50.0,51.0
526.0,238.0,50.0,51.0
529.0,235.0,50.0,51.0
530.0,231.0,50.0,51.0
528.0,231.0,52.0,54.0
528.0,227.0,52.0,54.0
526.0,223.0,52.0,54.0
521.0,219.0,52.0,54.0
512.0,219.0,50.0,51.0
501.0,214.0,52.0,54.0
500.0,215.0,52.0,54.0
490.0,215.0,50.0,51.0
475.0,214.0,50.0,51.0
464.0,216.0,50.0,51.0
456.0,219.0,50.0,51.0
455.0,223.0,50.0,51.0
454.0,223.0,50.0,51.0
460.0,226.0,50.0,51.0
463.0,228.0,50.0,51.0
462.0,227.0,50.0,51.0
463.0,227.0,50.0,51.0
464.0,229.0,50.0,51.0
464.0,229.0,50.0,51.0
469.0,230.0,50.0,51.0
470.0,231.0,50.0,51.0
480.0,235.0,48.0,49.0
491.0,243.0,48.0,49.0
522.0,249.0,50.0,51.0
522.0,249.0,52.0,54.0
545.0,252.0,52.0,54.0
568.0,248.0,52.0,54.0
582.0,234.0,52.0,54.0
590.0,231.0,52.0,54.0
595.0,231.0,52.0,54.0
595.0,230.0,52.0,54.0
597.0,235.0,50.0,51.0
591.0,239.0,50.0,51.0
586.0,249.0,50.0,51.0
583.0,261.0,52.0,54.0
578.0,268.0,52.0,54.0
577.0,268.0,52.0,54.0
567.0,267.0,52.0,54.0
536.0,260.0,52.0,54.0
520.0,252.0,52.0,54.0
513.0,238.0,52.0,54.0
506.0,230.0,50.0,51.0
506.0,230.0,50.0,51.0
500.0,229.0,50.0,51.0
496.0,230.0,50.0,51.0
500.0,230.0,50.0,51.0
507.0,232.0,48.0,49.0
517.0,237.0,45.0,46.0
518.0,237.0,45.0,46.0
518.0,237.0,45.0,46.0
530.0,244.0,45.0,46.0
547.0,253.0,45.0,46.0
557.0,265.0,45.0,46.0
575.0,276.0,45.0,46.0
576.0,277.0,45.0,46.0
588.0,282.0,45.0,46.0
596.0,289.0,45.0,46.0
606.0,298.0,43.0,44.0
612.0,308.0,43.0,44.0
613.0,319.0,43.0,44.0
613.0,320.0,43.0,44.0
622.0,331.0,43.0,44.0
630.0,335.0,43.0,44.0
627.0,339.0,43.0,44.0
639.0,344.0,43.0,44.0
650.0,345.0,43.0,44.0
651.0,345.0,43.0,44.0
650.0,348.0,43.0,44.0
647.0,351.0,43.0,44.0
647.0,353.0,43.0,44.0
651.0,355.0,43.0,44.0
655.0,354.0,43.0,44.0
656.0,354.0,43.0,44.0
654.0,357.0,43.0,44.0
650.0,365.0,43.0,44.0
658.0,371.0,43.0,44.0
665.0,378.0,43.0,44.0
665.0,377.0,43.0,44.0
666.0,377.0,43.0,44.0
666.0,386.0,43.0,44.0
672.0,395.0,43.0,44.0
679.0,401.0,41.0,42.0
676.0,406.0,41.0,42.0
665.0,401.0,41.0,42.0
666.0,401.0,39.0,40.0
657.0,408.0,41.0,42.0
666.0,405.0,41.0,42.0
682.0,388.0,34.0,66.0
685.0,385.0,34.0,66.0
690.0,386.0,34.0,66.0
689.0,387.0,34.0,66.0
291.0,156.0,82.0,88.0
290.0,158.0,82.0,88.0
305.0,152.0,82.0,88.0
314.0,152.0,82.0,88.0
319.0,151.0,82.0,88.0
320.0,151.0,82.0,88.0
328.0,153.0,82.0,88.0
330.0,150.0,82.0,88.0
313.0,144.0,82.0,88.0
255.0,143.0,82.0,88.0
252.0,141.0,82.0,88.0
249.0,138.0,86.0,92.0
223.0,142.0,86.0,92.0
200.0,145.0,86.0,92.0
173.0,152.0,86.0,92.0
146.0,160.0,86.0,92.0
123.0,166.0,86.0,92.0
122.0,167.0,86.0,92.0
100.0,168.0,86.0,92.0
80.0,167.0,86.0,92.0
70.0,162.0,86.0,92.0
63.0,156.0,86.0,92.0
59.0,150.0,86.0,92.0
58.0,148.0,86.0,92.0
53.0,144.0,90.0,97.0
62.0,143.0,90.0,97.0
76.0,146.0,90.0,97.0
90.0,149.0,90.0,97.0
102.0,150.0,90.0,97.0
102.0,149.0,90.0,97.0
102.0,149.0,90.0,97.0
113.0,153.0,90.0,97.0
128.0,153.0,90.0,97.0
143.0,152.0,90.0,97.0
151.0,148.0,90.0,97.0
151.0,148.0,90.0,97.0
158.0,149.0,90.0,97.0
169.0,149.0,90.0,97.0
175.0,148.0,90.0,97.0
181.0,149.0,90.0,97.0
188.0,154.0,86.0,92.0
187.0,154.0,86.0,92.0
191.0,158.0,86.0,92.0
193.0,166.0,86.0,92.0
194.0,169.0,90.0,97.0
195.0,172.0,90.0,97.0
192.0,177.0,90.0,97.0
193.0,177.0,90.0,97.0
188.0,178.0,90.0,97.0
181.0,180.0,90.0,97.0
178.0,181.0,90.0,97.0
174.0,181.0,90.0,97.0
170.0,178.0,90.0,97.0
170.0,177.0,90.0,97.0
168.0,181.0,90.0,97.0
169.0,180.0,90.0,97.0
171.0,180.0,90.0,97.0
170.0,181.0,90.0,97.0
169.0,180.0,90.0,97.0
170.0,180.0,90.0,97.0
166.0,180.0,90.0,97.0
164.0,182.0,95.0,102.0
168.0,186.0,95.0,102.0
171.0,198.0,95.0,102.0
172.0,212.0,95.0,102.0
172.0,213.0,95.0,102.0
173.0,221.0,90.0,97.0
172.0,227.0,90.0,97.0
168.0,229.0,90.0,97.0
164.0,228.0,95.0,102.0
164.0,227.0,95.0,102.0
161.0,224.0,100.0,107.0
159.0,226.0,100.0,107.0
156.0,223.0,100.0,107.0
155.0,219.0,100.0,107.0
154.0,217.0,100.0,107.0
152.0,213.0,100.0,107.0
152.0,215.0,100.0,107.0
151.0,207.0,100.0,107.0
148.0,201.0,100.0,107.0
141.0,192.0,105.0,112.0
139.0,184.0,105.0,112.0
131.0,177.0,105.0,112.0
130.0,176.0,105.0,112.0
117.0,171.0,105.0,112.0
106.0,168.0,105.0,112.0
98.0,163.0,110.0,118.0
95.0,162.0,110.0,118.0
95.0,162.0,110.0,118.0
96.0,161.0,110.0,118.0
91.0,164.0,110.0,118.0
77.0,166.0,110.0,118.0
58.0,170.0,110.0,118.0
50.0,176.0,110.0,118.0
46.0,181.0,110.0,118.0
47.0,180.0,110.0,118.0
46.0,183.0,110.0,118.0
43.0,189.0,110.0,118.0
38.0,189.0,110.0,118.0
27.0,191.0,110.0,118.0
9.0,192.0,110.0,118.0
8.0,191.0,110.0,118.0
0.0,190.0,115.0,124.0
-1.0,190.0,115.0,124.0
-1.0,189.0,115.0,124.0
-1.0,188.0,115.0,124.0
0.0,189.0,115.0,124.0
0.0,188.0,115.0,124.0
1.0,183.0,121.0,130.0
17.0,187.0,115.0,124.0
29.0,187.0,115.0,124.0
44.0,188.0,115.0,124.0
63.0,187.0,115.0,124.0
66.0,187.0,115.0,124.0
86.0,186.0,115.0,124.0
104.0,185.0,115.0,124.0
118.0,183.0,115.0,124.0
70.0,178.0,184.0,130.0
85.0,180.0,184.0,130.0
85.0,179.0,184.0,130.0
88.0,175.0,193.0,136.0
90.0,171.0,193.0,136.0
90.0,167.0,193.0,136.0
87.0,160.0,193.0,136.0
73.0,155.0,193.0,136.0
72.0,157.0,193.0,136.0
54.0,146.0,203.0,143.0
36.0,139.0,203.0,143.0
22.0,138.0,203.0,143.0
13.0,133.0,203.0,143.0
5.0,126.0,203.0,143.0
5.0,126.0,203.0,143.0
-1.0,121.0,203.0,143.0
-1.0,113.0,203.0,143.0
-21.0,109.0,203.0,143.0
-22.0,110.0,203.0,143.0
-28.0,111.0,203.0,143.0
-34.0,107.0,213.0,150.0
-36.0,115.0,213.0,150.0
-38.0,122.0,213.0,150.0
-38.0,125.0,213.0,150.0
-36.0,132.0,213.0,150.0
-35.0,133.0,213.0,150.0
-29.0,137.0,203.0,143.0
-28.0,142.0,203.0,143.0
-21.0,153.0,203.0,143.0
-1.0,170.0,193.0,136.0
-1.0,170.0,193.0,136.0
10.0,183.0,193.0,136.0
9.0,183.0,193.0,136.0
26.0,200.0,193.0,136.0
41.0,213.0,193.0,136.0
54.0,219.0,203.0,143.0
77.0,228.0,203.0,143.0
108.0,237.0,203.0,143.0
109.0,236.0,203.0,143.0
139.0,245.0,203.0,143.0
167.0,249.0,203.0,143.0
195.0,258.0,203.0,143.0
229.0,265.0,203.0,143.0
262.0,271.0,203.0,143.0
264.0,270.0,203.0,143.0
286.0,277.0,203.0,143.0
305.0,283.0,203.0,143.0
323.0,291.0,193.0,136.0
343.0,295.0,193.0,136.0
343.0,297.0,203.0,143.0
337.0,294.0,213.0,150.0
341.0,299.0,213.0,150.0
340.0,303.0,213.0,150.0
322.0,301.0,213.0,150.0
297.0,293.0,213.0,150.0
276.0,285.0,213.0,150.0
275.0,285.0,213.0,150.0
248.0,274.0,224.0,158.0
223.0,261.0,235.0,166.0
223.0,261.0,235.0,166.0
211.0,258.0,190.0,147.0
179.0,252.0,190.0,147.0
178.0,253.0,190.0,147.0
151.0,244.0,190.0,147.0
135.0,237.0,190.0,147.0
130.0,212.0,190.0,147.0
219.0,393.0,196.0,231.0
227.0,404.0,196.0,231.0
227.0,405.0,196.0,231.0
250.0,387.0,167.0,239.0
258.0,415.0,167.0,239.0
262.0,444.0,167.0,239.0
257.0,469.0,175.0,251.0
259.0,468.0,175.0,251.0
244.0,482.0,184.0,263.0
215.0,498.0,192.0,209.0
140.0,476.0,192.0,209.0
62.0,478.0,202.0,219.0
59.0,493.0,202.0,219.0
64.0,500.0,202.0,219.0
60.0,488.0,212.0,230.0
49.0,488.0,212.0,230.0
29.0,488.0,212.0,230.0
4.0,488.0,212.0,230.0
4.0,488.0,212.0,230.0
37.0,522.0,212.0,230.0
34.0,516.0,222.0,242.0
64.0,539.0,222.0,242.0
-4.0,491.0,222.0,242.0
-125.0,423.0,222.0,242.0
-174.0,423.0,222.0,242.0
-177.0,431.0,233.0,254.0
-176.0,434.0,233.0,254.0
-184.0,442.0,233.0,254.0
-186.0,458.0,222.0,242.0
-188.0,478.0,222.0,242.0
-188.0,478.0,222.0,242.0
-158.0,489.0,222.0,242.0
-156.0,491.0,222.0,242.0
-136.0,498.0,222.0,242.0
-138.0,493.0,233.0,254.0
-141.0,487.0,245.0,267.0
-145.0,471.0,257.0,280.0
-131.0,460.0,270.0,294.0
-132.0,462.0,270.0,294.0
-135.0,471.0,284.0,309.0
-145.0,489.0,284.0,309.0
-154.0,476.0,284.0,309.0
-150.0,453.0,284.0,309.0
-136.0,455.0,270.0,294.0
-133.0,448.0,270.0,294.0
-105.0,449.0,257.0,280.0
-115.0,458.0,270.0,294.0
-118.0,451.0,270.0,294.0
-140.0,447.0,270.0,294.0
-159.0,454.0,270.0,294.0
-159.0,457.0,270.0,294.0
-193.0,462.0,284.0,309.0
-198.0,460.0,298.0,324.0
-195.0,488.0,298.0,324.0
-195.0,502.0,298.0,324.0
-202.0,514.0,298.0,324.0
-203.0,510.0,298.0,324.0
-208.0,498.0,313.0,340.0
-188.0,502.0,313.0,340.0
-198.0,497.0,328.0,357.0
-184.0,486.0,328.0,357.0
-164.0,451.0,328.0,357.0
-176.0,448.0,345.0,375.0
-166.0,417.0,345.0,375.0
-137.0,376.0,345.0,375.0
-141.0,351.0,345.0,375.0
-148.0,366.0,345.0,375.0
-153.0,392.0,362.0,394.0
-150.0,390.0,362.0,394.0
-102.0,406.0,362.0,394.0
-63.0,406.0,362.0,394.0
-51.0,400.0,362.0,394.0
-57.0,361.0,380.0,414.0
-62.0,337.0,380.0,414.0
-58.0,342.0,380.0,414.0
-44.0,311.0,380.0,414.0
-39.0,280.0,380.0,414.0
-32.0,248.0,380.0,414.0
-27.0,243.0,380.0,414.0
-1.0,225.0,399.0,434.0
0.0,224.0,399.0,434.0
17.0,216.0,399.0,434.0
36.0,195.0,419.0,456.0
89.0,202.0,399.0,434.0
121.0,201.0,399.0,434.0
10.0,251.0,492.0,323.0
25.0,272.0,492.0,323.0
38.0,275.0,492.0,323.0
11.0,242.0,548.0,363.0
15.0,256.0,548.0,363.0
13.0,250.0,575.0,381.0
19.0,246.0,609.0,364.0
19.0,246.0,609.0,364.0
40.0,250.0,603.0,361.0
55.0,250.0,602.0,360.0
68.0,247.0,604.0,361.0
83.0,243.0,600.0,359.0
91.0,236.0,601.0,359.0
91.0,236.0,601.0,359.0
96.0,232.0,601.0,359.0
98.0,234.0,598.0,358.0
84.0,235.0,591.0,353.0
67.0,227.0,590.0,353.0
58.0,219.0,586.0,350.0
58.0,219.0,586.0,350.0
49.0,216.0,582.0,348.0
46.0,212.0,576.0,344.0
46.0,207.0,573.0,343.0
53.0,205.0,569.0,340.0
55.0,207.0,564.0,337.0
55.0,207.0,564.0,337.0
61.0,210.0,557.0,333.0
68.0,217.0,554.0,331.0
69.0,225.0,550.0,329.0
55.0,228.0,545.0,326.0
28.0,223.0,541.0,323.0
28.0,223.0,541.0,323.0
-3.0,219.0,541.0,324.0
-3.0,219.0,541.0,324.0
-25.0,219.0,542.0,324.0
-37.0,226.0,541.0,323.0
-46.0,232.0,538.0,322.0
-46.0,232.0,538.0,322.0
-64.0,239.0,537.0,321.0
-85.0,244.0,533.0,319.0
-104.0,253.0,530.0,317.0
-117.0,263.0,528.0,315.0
-126.0,270.0,522.0,312.0
-126.0,270.0,522.0,312.0
-131.0,278.0,513.0,307.0
-140.0,283.0,513.0,307.0
-148.0,289.0,511.0,305.0
-168.0,294.0,509.0,304.0
-181.0,297.0,497.0,297.0
-182.0,297.0,497.0,297.0
-192.0,300.0,492.0,294.0
-199.0,308.0,492.0,294.0
-199.0,317.0,486.0,291.0
-189.0,325.0,478.0,285.0
-182.0,327.0,469.0,280.0
-182.0,327.0,469.0,280.0
-182.0,328.0,462.0,276.0
-178.0,328.0,455.0,272.0
-166.0,325.0,454.0,272.0
-148.0,328.0,450.0,269.0
-132.0,339.0,443.0,265.0
-132.0,339.0,443.0,265.0
-133.0,348.0,443.0,265.0
-133.0,348.0,444.0,265.0
-116.0,348.0,429.0,257.0
-102.0,373.0,412.0,237.0
15.0,376.0,306.0,234.0
15.0,376.0,306.0,234.0
26.0,377.0,305.0,233.0
20.0,380.0,323.0,232.0
28.0,387.0,321.0,231.0
33.0,395.0,317.0,228.0
43.0,396.0,315.0,226.0
43.0,396.0,315.0,226.0
54.0,395.0,314.0,225.0
66.0,404.0,312.0,224.0
80.0,413.0,309.0,222.0
87.0,417.0,305.0,219.0
87.0,422.0,303.0,218.0
87.0,422.0,303.0,218.0
92.0,427.0,302.0,217.0
102.0,430.0,299.0,215.0
109.0,432.0,298.0,214.0
116.0,434.0,295.0,212.0
125.0,435.0,293.0,210.0
125.0,435.0,293.0,210.0
137.0,433.0,285.0,205.0
141.0,425.0,287.0,206.0
142.0,417.0,288.0,207.0
145.0,410.0,285.0,205.0
151.0,402.0,281.0,202.0
151.0,402.0,281.0,202.0
151.0,402.0,281.0,202.0
156.0,393.0,282.0,203.0
161.0,389.0,279.0,200.0
162.0,382.0,280.0,201.0
240.0,378.0,202.0,201.0
240.0,378.0,202.0,201.0
238.0,379.0,203.0,202.0
238.0,380.0,201.0,200.0
236.0,382.0,200.0,199.0
235.0,382.0,198.0,197.0
237.0,386.0,194.0,193.0
237.0,386.0,194.0,193.0
240.0,387.0,193.0,192.0
242.0,389.0,193.0,192.0
244.0,393.0,190.0,189.0
243.0,396.0,189.0,188.0
245.0,399.0,188.0,187.0
245.0,399.0,188.0,187.0
249.0,404.0,186.0,185.0
251.0,406.0,185.0,184.0
255.0,409.0,183.0,183.0
271.0,412.0,180.0,179.0
282.0,413.0,180.0,179.0
282.0,413.0,180.0,179.0
288.0,414.0,177.0,177.0
290.0,412.0,176.0,175.0
294.0,409.0,174.0,173.0
297.0,405.0,173.0,172.0
297.0,405.0,173.0,173.0
297.0,405.0,173.0,173.0
300.0,398.0,172.0,171.0
302.0,395.0,170.0,169.0
304.0,391.0,168.0,168.0
307.0,389.0,167.0,166.0
315.0,386.0,166.0,165.0
315.0,386.0,166.0,165.0
322.0,386.0,165.0,164.0
330.0,386.0,165.0,164.0
335.0,389.0,165.0,164.0
342.0,394.0,163.0,162.0
351.0,399.0,163.0,162.0
351.0,399.0,163.0,162.0
361.0,402.0,164.0,163.0
370.0,406.0,163.0,162.0
373.0,408.0,163.0,162.0
372.0,414.0,163.0,162.0
370.0,426.0,162.0,161.0
370.0,426.0,162.0,161.0
371.0,436.0,162.0,161.0
376.0,444.0,160.0,159.0
373.0,449.0,160.0,159.0
369.0,454.0,159.0,158.0
363.0,458.0,159.0,158.0
363.0,458.0,159.0,158.0
357.0,465.0,157.0,156.0
353.0,498.0,156.0,127.0
357.0,509.0,149.0,121.0
361.0,516.0,147.0,120.0
361.0,516.0,147.0,120.0
361.0,516.0,147.0,120.0
367.0,523.0,146.0,119.0
372.0,528.0,146.0,119.0
376.0,535.0,142.0,115.0
377.0,543.0,138.0,112.0
379.0,548.0,135.0,110.0
379.0,548.0,135.0,110.0
383.0,553.0,133.0,108.0
386.0,559.0,132.0,108.0
390.0,565.0,130.0,106.0
394.0,572.0,128.0,104.0
400.0,579.0,126.0,102.0
400.0,579.0,126.0,102.0
580.0,355.0,74.0,47.0
580.0,355.0,74.0,47.0
582.0,359.0,73.0,47.0
584.0,362.0,73.0,47.0
585.0,363.0,74.0,47.0
585.0,363.0,74.0,47.0
588.0,366.0,73.0,46.0
589.0,369.0,73.0,47.0
582.0,370.0,73.0,46.0
566.0,371.0,74.0,47.0
557.0,373.0,72.0,46.0
557.0,373.0,72.0,46.0
552.0,375.0,72.0,45.0
546.0,378.0,72.0,46.0
544.0,385.0,68.0,41.0
543.0,387.0,69.0,42.0
543.0,390.0,67.0,41.0
543.0,390.0,67.0,41.0
540.0,393.0,65.0,39.0
533.0,395.0,67.0,41.0
526.0,401.0,68.0,41.0
520.0,411.0,66.0,40.0
516.0,419.0,68.0,41.0
516.0,419.0,68.0,41.0
512.0,424.0,66.0,40.0
510.0,424.0,67.0,40.0
511.0,422.0,65.0,39.0
519.0,416.0,66.0,40.0
530.0,407.0,64.0,38.0
530.0,407.0,66.0,40.0
530.0,407.0,64.0,38.0
535.0,401.0,67.0,40.0
533.0,399.0,66.0,40.0
532.0,400.0,66.0,40.0
530.0,399.0,66.0,40.0
530.0,399.0,66.0,40.0
529.0,398.0,66.0,40.0
529.0,397.0,65.0,39.0
532.0,394.0,65.0,39.0
535.0,392.0,65.0,39.0
537.0,389.0,65.0,39.0
537.0,389.0,65.0,39.0
539.0,389.0,61.0,37.0
537.0,388.0,65.0,39.0
535.0,389.0,65.0,39.0
533.0,391.0,65.0,39.0
533.0,392.0,65.0,39.0
533.0,392.0,65.0,39.0
531.0,392.0,65.0,39.0
530.0,394.0,65.0,39.0
531.0,395.0,64.0,39.0
530.0,394.0,64.0,39.0
531.0,394.0,64.0,39.0
531.0,394.0,64.0,39.0
530.0,390.0,65.0,39.0
531.0,387.0,65.0,39.0
533.0,385.0,64.0,39.0
535.0,385.0,64.0,38.0
535.0,385.0,65.0,39.0
535.0,385.0,64.0,38.0
537.0,385.0,65.0,39.0
539.0,387.0,65.0,39.0
540.0,387.0,63.0,38.0
538.0,388.0,62.0,38.0
537.0,390.0,62.0,37.0
537.0,390.0,62.0,37.0
537.0,392.0,62.0,37.0
532.0,394.0,61.0,37.0
528.0,393.0,61.0,37.0
526.0,392.0,61.0,37.0
528.0,392.0,61.0,37.0
528.0,392.0,61.0,37.0
528.0,389.0,60.0,36.0
528.0,383.0,60.0,36.0
530.0,376.0,60.0,36.0
534.0,373.0,60.0,36.0
535.0,370.0,59.0,36.0
535.0,370.0,59.0,36.0
537.0,369.0,59.0,36.0
539.0,367.0,60.0,36.0
541.0,366.0,60.0,36.0
544.0,364.0,59.0,36.0
547.0,364.0,59.0,35.0
547.0,364.0,59.0,35.0
550.0,363.0,61.0,37.0
551.0,361.0,61.0,37.0
554.0,359.0,61.0,37.0
557.0,358.0,62.0,37.0
557.0,358.0,62.0,37.0
557.0,358.0,62.0,37.0
559.0,358.0,61.0,37.0
564.0,357.0,61.0,37.0
565.0,354.0,61.0,37.0
568.0,350.0,60.0,36.0
573.0,347.0,60.0,36.0
573.0,347.0,60.0,36.0
580.0,346.0,62.0,37.0
584.0,346.0,61.0,37.0
589.0,347.0,61.0,37.0
593.0,348.0,61.0,37.0
595.0,350.0,60.0,36.0
595.0,350.0,60.0,36.0
597.0,352.0,60.0,36.0
598.0,353.0,59.0,36.0
592.0,355.0,59.0,36.0
585.0,358.0,59.0,36.0
578.0,359.0,58.0,35.0
578.0,359.0,58.0,35.0
571.0,360.0,57.0,35.0
566.0,361.0,57.0,34.0
563.0,363.0,57.0,34.0
560.0,365.0,57.0,34.0
558.0,365.0,56.0,34.0
558.0,365.0,56.0,34.0
555.0,367.0,56.0,34.0
556.0,368.0,55.0,33.0
557.0,368.0,56.0,33.0
557.0,368.0,56.0,33.0
557.0,369.0,56.0,34.0
557.0,369.0,56.0,34.0
557.0,369.0,55.0,33.0
555.0,369.0,55.0,33.0
554.0,369.0,56.0,33.0
553.0,368.0,56.0,34.0
552.0,368.0,56.0,33.0
552.0,368.0,55.0,33.0
551.0,368.0,55.0,33.0
551.0,368.0,55.0,33.0
551.0,367.0,54.0,33.0
551.0,367.0,55.0,33.0
552.0,365.0,54.0,33.0
552.0,365.0,54.0,33.0
553.0,365.0,54.0,32.0
555.0,363.0,54.0,32.0
556.0,361.0,53.0,32.0
556.0,360.0,53.0,32.0
553.0,359.0,53.0,32.0
553.0,359.0,53.0,32.0
552.0,357.0,53.0,32.0
548.0,354.0,53.0,32.0
548.0,354.0,52.0,32.0
546.0,352.0,52.0,31.0
542.0,351.0,52.0,31.0
542.0,351.0,52.0,31.0
540.0,349.0,51.0,31.0
540.0,350.0,51.0,30.0
539.0,349.0,50.0,30.0
539.0,349.0,50.0,30.0
539.0,350.0,49.0,30.0
539.0,350.0,49.0,30.0
539.0,352.0,49.0,29.0
538.0,355.0,48.0,29.0
534.0,358.0,48.0,29.0
527.0,361.0,48.0,29.0
520.0,362.0,48.0,29.0
520.0,362.0,48.0,29.0
515.0,363.0,48.0,29.0
512.0,364.0,48.0,29.0
511.0,365.0,48.0,29.0
511.0,365.0,48.0,29.0
512.0,366.0,48.0,29.0
512.0,366.0,48.0,29.0
513.0,366.0,46.0,28.0
515.0,365.0,47.0,28.0
516.0,366.0,46.0,27.0
516.0,365.0,45.0,27.0
518.0,364.0,45.0,27.0
518.0,364.0,45.0,27.0
518.0,362.0,45.0,27.0
519.0,361.0,46.0,28.0
521.0,359.0,46.0,28.0
522.0,357.0,47.0,28.0
522.0,356.0,47.0,28.0
522.0,356.0,47.0,28.0
522.0,354.0,48.0,29.0
524.0,353.0,48.0,29.0
524.0,353.0,48.0,29.0
524.0,351.0,48.0,29.0
525.0,349.0,48.0,29.0
525.0,349.0,48.0,29.0
527.0,347.0,49.0,29.0
527.0,344.0,49.0,29.0
528.0,344.0,49.0,30.0
529.0,341.0,50.0,30.0
530.0,340.0,49.0,30.0
530.0,340.0,49.0,30.0
529.0,338.0,50.0,30.0
529.0,337.0,50.0,30.0
531.0,337.0,50.0,30.0
531.0,334.0,50.0,30.0
530.0,333.0,49.0,30.0
530.0,333.0,49.0,30.0
533.0,332.0,49.0,30.0
532.0,331.0,49.0,30.0
531.0,330.0,50.0,30.0
531.0,328.0,50.0,30.0
533.0,328.0,50.0,30.0
533.0,328.0,50.0,30.0
532.0,327.0,49.0,30.0
533.0,326.0,49.0,30.0
534.0,326.0,49.0,30.0
534.0,327.0,49.0,29.0
535.0,329.0,49.0,29.0
535.0,329.0,49.0,29.0
538.0,332.0,49.0,30.0
538.0,332.0,49.0,30.0
538.0,336.0,50.0,30.0
538.0,339.0,50.0,30.0
539.0,341.0,50.0,30.0
539.0,341.0,50.0,30.0
540.0,342.0,50.0,30.0
538.0,342.0,51.0,31.0
538.0,343.0,52.0,31.0
536.0,346.0,52.0,31.0
535.0,350.0,53.0,32.0
535.0,350.0,53.0,32.0
535.0,358.0,53.0,32.0
535.0,365.0,52.0,32.0
535.0,366.0,52.0,31.0
533.0,366.0,51.0,31.0
531.0,363.0,51.0,31.0
531.0,363.0,51.0,31.0
526.0,359.0,50.0,30.0
521.0,355.0,50.0,30.0
518.0,341.0,49.0,30.0
518.0,325.0,52.0,31.0
519.0,312.0,53.0,32.0
519.0,312.0,53.0,32.0
520.0,291.0,61.0,38.0
529.0,283.0,61.0,38.0
539.0,280.0,62.0,39.0
546.0,282.0,62.0,38.0
548.0,286.0,62.0,39.0
548.0,286.0,62.0,39.0
550.0,286.0,63.0,39.0
550.0,286.0,63.0,39.0
552.0,286.0,63.0,39.0
555.0,289.0,63.0,39.0
557.0,295.0,63.0,39.0
557.0,295.0,63.0,39.0
554.0,304.0,64.0,40.0
547.0,312.0,63.0,39.0
537.0,319.0,63.0,39.0
521.0,330.0,58.0,36.0
503.0,334.0,58.0,36.0
503.0,334.0,58.0,36.0
493.0,342.0,68.0,43.0
497.0,351.0,62.0,39.0
501.0,366.0,62.0,39.0
503.0,378.0,63.0,39.0
507.0,383.0,62.0,39.0
507.0,383.0,62.0,39.0
514.0,387.0,62.0,39.0
521.0,389.0,61.0,38.0
526.0,390.0,61.0,38.0
530.0,388.0,62.0,39.0
531.0,387.0,62.0,38.0
531.0,384.0,65.0,40.0
531.0,386.0,64.0,40.0
532.0,388.0,64.0,40.0
535.0,392.0,64.0,40.0
539.0,397.0,63.0,40.0
545.0,404.0,63.0,39.0
545.0,404.0,63.0,39.0
545.0,404.0,63.0,39.0
546.0,408.0,63.0,39.0
549.0,411.0,63.0,39.0
550.0,409.0,63.0,39.0
550.0,402.0,61.0,38.0
550.0,402.0,61.0,38.0
552.0,397.0,62.0,39.0
554.0,394.0,62.0,39.0
554.0,391.0,62.0,39.0
553.0,390.0,62.0,38.0
553.0,390.0,62.0,39.0
553.0,390.0,62.0,39.0
552.0,390.0,61.0,38.0
551.0,390.0,61.0,38.0
550.0,390.0,61.0,38.0
549.0,387.0,62.0,38.0
549.0,383.0,62.0,39.0
552.0,382.0,51.0,32.0
553.0,373.0,51.0,32.0
558.0,366.0,52.0,32.0
558.0,362.0,51.0,32.0
561.0,359.0,51.0,32.0
564.0,357.0,52.0,32.0
564.0,357.0,52.0,32.0
566.0,356.0,50.0,31.0
568.0,354.0,49.0,31.0
572.0,354.0,50.0,31.0
574.0,354.0,50.0,31.0
577.0,354.0,50.0,31.0
577.0,354.0,50.0,31.0
577.0,354.0,50.0,31.0
579.0,352.0,50.0,31.0
579.0,351.0,50.0,31.0
579.0,350.0,51.0,32.0
581.0,349.0,50.0,31.0
581.0,349.0,50.0,31.0
577.0,348.0,54.0,34.0
575.0,347.0,53.0,33.0
571.0,345.0,54.0,34.0
570.0,344.0,55.0,34.0
570.0,343.0,55.0,35.0
570.0,343.0,55.0,35.0
570.0,343.0,55.0,34.0
571.0,342.0,55.0,34.0
571.0,343.0,55.0,34.0
566.0,344.0,55.0,34.0
564.0,347.0,55.0,34.0
564.0,347.0,55.0,34.0
559.0,347.0,55.0,34.0
555.0,348.0,55.0,34.0
547.0,348.0,54.0,34.0
541.0,348.0,56.0,35.0
537.0,349.0,56.0,35.0
537.0,349.0,56.0,35.0
533.0,351.0,58.0,36.0
534.0,351.0,56.0,35.0
536.0,350.0,57.0,36.0
538.0,350.0,58.0,36.0
538.0,350.0,58.0,36.0
538.0,350.0,58.0,36.0
532.0,342.0,59.0,42.0
534.0,345.0,59.0,42.0
537.0,345.0,58.0,41.0
539.0,348.0,56.0,40.0
539.0,349.0,57.0,40.0
539.0,349.0,57.0,40.0
539.0,352.0,57.0,41.0
537.0,353.0,57.0,40.0
537.0,354.0,56.0,40.0
536.0,355.0,57.0,40.0
535.0,359.0,53.0,38.0
535.0,359.0,53.0,38.0
533.0,362.0,52.0,37.0
530.0,365.0,52.0,37.0
528.0,367.0,53.0,38.0
526.0,369.0,54.0,39.0
527.0,372.0,55.0,39.0
527.0,372.0,55.0,39.0
529.0,375.0,53.0,38.0
531.0,378.0,52.0,37.0
533.0,379.0,52.0,37.0
536.0,378.0,52.0,37.0
536.0,376.0,51.0,37.0
536.0,376.0,51.0,37.0
535.0,372.0,52.0,37.0
529.0,368.0,51.0,37.0
518.0,366.0,51.0,37.0
518.0,366.0,52.0,37.0
509.0,364.0,51.0,37.0
509.0,364.0,51.0,37.0
502.0,363.0,52.0,37.0
496.0,362.0,52.0,37.0
492.0,361.0,53.0,38.0
491.0,362.0,52.0,37.0
492.0,363.0,49.0,35.0
492.0,363.0,49.0,35.0
492.0,358.0,50.0,36.0
495.0,352.0,50.0,36.0
498.0,348.0,49.0,35.0
502.0,345.0,50.0,36.0
496.0,354.0,42.0,28.0
496.0,354.0,42.0,28.0
501.0,353.0,42.0,28.0
505.0,353.0,41.0,27.0
509.0,353.0,42.0,28.0
514.0,354.0,41.0,27.0
518.0,355.0,41.0,27.0
518.0,355.0,41.0,27.0
519.0,356.0,40.0,27.0
519.0,356.0,40.0,27.0
520.0,356.0,40.0,27.0
521.0,359.0,23.0,31.0
525.0,358.0,38.0,25.0
525.0,358.0,38.0,25.0
518.0,366.0,19.0,25.0
514.0,365.0,22.0,28.0
511.0,367.0,18.0,24.0
510.0,365.0,23.0,21.0
509.0,370.0,15.0,22.0
511.0,370.0,17.0,19.0
490.0,369.0,29.0,39.0
487.0,366.0,25.0,41.0
478.0,368.0,30.0,49.0
479.0,366.0,24.0,44.0
480.0,370.0,23.0,42.0
480.0,370.0,23.0,42.0
482.0,370.0,21.0,39.0
484.0,368.0,25.0,46.0
488.0,365.0,25.0,46.0
495.0,359.0,26.0,47.0
500.0,359.0,25.0,46.0
500.0,359.0,25.0,46.0
502.0,355.0,24.0,43.0
504.0,352.0,26.0,47.0
506.0,359.0,26.0,55.0
500.0,358.0,27.0,57.0
500.0,359.0,26.0,56.0
500.0,359.0,26.0,56.0
494.0,356.0,28.0,60.0
493.0,353.0,29.0,62.0
495.0,351.0,29.0,62.0
497.0,350.0,30.0,63.0
498.0,348.0,30.0,64.0
498.0,348.0,30.0,64.0
502.0,348.0,30.0,63.0
500.0,346.0,30.0,64.0
500.0,346.0,30.0,64.0
492.0,345.0,30.0,64.0
501.0,355.0,26.0,54.0
499.0,357.0,26.0,54.0
497.0,356.0,26.0,54.0
495.0,356.0,26.0,54.0
496.0,357.0,26.0,54.0
490.0,352.0,27.0,57.0
485.0,347.0,27.0,57.0
484.0,348.0,27.0,57.0
479.0,344.0,27.0,57.0
478.0,340.0,27.0,57.0
478.0,334.0,27.0,57.0
478.0,334.0,27.0,57.0
480.0,333.0,27.0,57.0
481.0,325.0,28.0,64.0
485.0,322.0,28.0,64.0
486.0,323.0,28.0,64.0
487.0,320.0,29.0,67.0
486.0,314.0,31.0,71.0
489.0,313.0,31.0,71.0
490.0,315.0,29.0,67.0
491.0,312.0,29.0,67.0
493.0,310.0,29.0,67.0
487.0,309.0,37.0,67.0
491.0,308.0,37.0,67.0
491.0,304.0,39.0,70.0
490.0,305.0,39.0,70.0
490.0,303.0,39.0,70.0
490.0,301.0,39.0,70.0
490.0,302.0,39.0,70.0
490.0,302.0,39.0,70.0
491.0,304.0,39.0,70.0
490.0,303.0,39.0,70.0
485.0,306.0,41.0,74.0
479.0,309.0,39.0,70.0
475.0,308.0,39.0,70.0
470.0,310.0,41.0,74.0
465.0,312.0,41.0,74.0
466.0,313.0,39.0,70.0
466.0,317.0,39.0,70.0
460.0,318.0,39.0,70.0
459.0,319.0,39.0,70.0
457.0,320.0,39.0,70.0
455.0,320.0,39.0,70.0
455.0,320.0,39.0,70.0
457.0,321.0,39.0,70.0
458.0,323.0,39.0,70.0
461.0,324.0,41.0,74.0
464.0,330.0,41.0,74.0
467.0,334.0,43.0,78.0
466.0,333.0,45.0,81.0
463.0,337.0,43.0,78.0
458.0,340.0,43.0,78.0
455.0,343.0,43.0,78.0
456.0,347.0,43.0,78.0
457.0,349.0,45.0,81.0
457.0,350.0,45.0,81.0
463.0,353.0,45.0,81.0
465.0,354.0,43.0,78.0
468.0,359.0,41.0,74.0
472.0,359.0,43.0,78.0
477.0,361.0,43.0,78.0
477.0,361.0,43.0,78.0
483.0,366.0,41.0,74.0
490.0,371.0,39.0,70.0
495.0,370.0,41.0,74.0
482.0,381.0,59.0,58.0
486.0,385.0,59.0,58.0
484.0,382.0,62.0,61.0
479.0,385.0,62.0,61.0
470.0,386.0,62.0,61.0
460.0,387.0,62.0,61.0
449.0,388.0,62.0,61.0
441.0,389.0,62.0,61.0
440.0,388.0,62.0,61.0
434.0,386.0,65.0,64.0
427.0,385.0,65.0,64.0
421.0,382.0,68.0,67.0
417.0,380.0,68.0,67.0
410.0,374.0,68.0,67.0
410.0,374.0,68.0,67.0
403.0,368.0,72.0,70.0
400.0,362.0,72.0,70.0
397.0,357.0,72.0,70.0
391.0,354.0,72.0,70.0
389.0,348.0,75.0,74.0
388.0,349.0,75.0,74.0
385.0,347.0,72.0,70.0
384.0,348.0,72.0,70.0
385.0,347.0,68.0,67.0
387.0,343.0,68.0,67.0
388.0,341.0,68.0,67.0
387.0,341.0,68.0,67.0
392.0,336.0,72.0,70.0
396.0,337.0,75.0,74.0
395.0,336.0,79.0,78.0
396.0,337.0,79.0,78.0
391.0,340.0,75.0,74.0
390.0,341.0,75.0,74.0
382.0,344.0,75.0,74.0
371.0,345.0,75.0,74.0
363.0,344.0,75.0,74.0
353.0,343.0,75.0,74.0
346.0,340.0,79.0,78.0
345.0,339.0,79.0,78.0
336.0,336.0,83.0,82.0
334.0,335.0,83.0,82.0
329.0,333.0,83.0,82.0
330.0,330.0,87.0,86.0
331.0,329.0,87.0,86.0
331.0,329.0,87.0,86.0
331.0,330.0,87.0,86.0
330.0,332.0,87.0,86.0
329.0,338.0,87.0,86.0
327.0,339.0,87.0,86.0
313.0,341.0,87.0,86.0
314.0,343.0,83.0,82.0
314.0,342.0,83.0,82.0
302.0,344.0,83.0,82.0
293.0,350.0,83.0,82.0
284.0,363.0,83.0,82.0
277.0,378.0,83.0,82.0
277.0,378.0,83.0,82.0
280.0,391.0,83.0,82.0
283.0,408.0,83.0,82.0
292.0,429.0,79.0,78.0
293.0,447.0,79.0,78.0
296.0,461.0,79.0,78.0
296.0,461.0,79.0,78.0
289.0,471.0,83.0,82.0
282.0,477.0,83.0,82.0
275.0,477.0,83.0,82.0
277.0,471.0,83.0,82.0
289.0,450.0,83.0,82.0
290.0,451.0,83.0,82.0
297.0,437.0,83.0,82.0
303.0,430.0,83.0,82.0
302.0,431.0,83.0,82.0
299.0,430.0,83.0,82.0
302.0,431.0,79.0,78.0
301.0,432.0,79.0,78.0
306.0,435.0,83.0,82.0
309.0,444.0,83.0,82.0
310.0,448.0,87.0,86.0
312.0,440.0,87.0,86.0
312.0,440.0,87.0,86.0
312.0,440.0,87.0,86.0
310.0,424.0,87.0,86.0
311.0,413.0,87.0,86.0
307.0,405.0,92.0,90.0
308.0,403.0,92.0,90.0
311.0,399.0,92.0,90.0
311.0,399.0,92.0,90.0
305.0,389.0,96.0,94.0
292.0,382.0,96.0,94.0
275.0,381.0,96.0,94.0
251.0,382.0,92.0,90.0
220.0,385.0,92.0,90.0
218.0,385.0,92.0,90.0
172.0,388.0,92.0,90.0
135.0,391.0,92.0,90.0
105.0,401.0,92.0,90.0
76.0,410.0,87.0,86.0
54.0,409.0,87.0,86.0
54.0,409.0,87.0,86.0
32.0,401.0,87.0,86.0
17.0,389.0,87.0,86.0
4.0,374.0,87.0,86.0
9.0,352.0,92.0,90.0
16.0,328.0,92.0,90.0
21.0,331.0,87.0,86.0
6.0,303.0,87.0,86.0
10.0,293.0,92.0,90.0
46.0,296.0,92.0,90.0
76.0,293.0,96.0,94.0
80.0,294.0,92.0,90.0
79.0,294.0,92.0,90.0
91.0,292.0,92.0,90.0
103.0,292.0,92.0,90.0
115.0,295.0,92.0,90.0
126.0,299.0,92.0,90.0
136.0,308.0,92.0,90.0
136.0,309.0,92.0,90.0
139.0,313.0,92.0,90.0
142.0,320.0,92.0,90.0
153.0,331.0,92.0,90.0
160.0,341.0,92.0,90.0
158.0,348.0,92.0,90.0
155.0,345.0,96.0,94.0
154.0,352.0,96.0,94.0
158.0,361.0,96.0,94.0
170.0,369.0,92.0,90.0
183.0,371.0,92.0,90.0
195.0,373.0,92.0,90.0
195.0,373.0,92.0,90.0
205.0,373.0,92.0,90.0
218.0,374.0,92.0,90.0
238.0,377.0,92.0,90.0
253.0,380.0,92.0,90.0
263.0,380.0,96.0,94.0
264.0,379.0,96.0,94.0
274.0,383.0,96.0,94.0
246.0,385.0,133.0,76.0
254.0,390.0,140.0,80.0
253.0,390.0,140.0,80.0
263.0,393.0,140.0,80.0
263.0,393.0,140.0,80.0
274.0,399.0,133.0,76.0
278.0,399.0,133.0,76.0
279.0,401.0,133.0,76.0
278.0,403.0,133.0,76.0
277.0,405.0,140.0,80.0
276.0,404.0,140.0,80.0
281.0,407.0,133.0,76.0
279.0,411.0,133.0,76.0
281.0,412.0,133.0,76.0
274.0,413.0,140.0,80.0
268.0,414.0,140.0,80.0
269.0,415.0,140.0,80.0
262.0,418.0,140.0,80.0
259.0,417.0,140.0,80.0
257.0,421.0,140.0,80.0
258.0,422.0,140.0,80.0
257.0,422.0,140.0,80.0
257.0,423.0,140.0,80.0
261.0,423.0,140.0,80.0
265.0,425.0,140.0,80.0
265.0,426.0,140.0,80.0
270.0,428.0,140.0,80.0
268.0,428.0,140.0,80.0
269.0,429.0,140.0,80.0
269.0,429.0,140.0,80.0
267.0,428.0,147.0,84.0
266.0,427.0,147.0,84.0
265.0,427.0,147.0,84.0
261.0,429.0,147.0,84.0
261.0,429.0,147.0,84.0
255.0,428.0,154.0,88.0
250.0,429.0,154.0,88.0
246.0,429.0,154.0,88.0
239.0,432.0,154.0,88.0
231.0,437.0,154.0,88.0
231.0,437.0,154.0,88.0
222.0,440.0,154.0,88.0
211.0,443.0,162.0,92.0
209.0,446.0,162.0,92.0
204.0,448.0,162.0,92.0
201.0,449.0,162.0,92.0
202.0,449.0,162.0,92.0
200.0,449.0,162.0,92.0
201.0,450.0,162.0,92.0
201.0,450.0,162.0,92.0
201.0,446.0,170.0,97.0
205.0,446.0,170.0,97.0
205.0,445.0,170.0,97.0
210.0,445.0,170.0,97.0
216.0,442.0,170.0,97.0
220.0,437.0,170.0,97.0
223.0,434.0,170.0,97.0
222.0,434.0,162.0,92.0
221.0,433.0,162.0,92.0
214.0,428.0,162.0,92.0
200.0,424.0,162.0,92.0
199.0,425.0,162.0,92.0
188.0,421.0,162.0,92.0
175.0,416.0,170.0,97.0
176.0,415.0,170.0,97.0
168.0,415.0,170.0,97.0
162.0,412.0,170.0,97.0
159.0,410.0,170.0,97.0
159.0,409.0,170.0,97.0
158.0,411.0,170.0,97.0
157.0,410.0,170.0,97.0
155.0,409.0,170.0,97.0
150.0,409.0,170.0,97.0
142.0,409.0,170.0,97.0
132.0,408.0,170.0,97.0
126.0,409.0,170.0,97.0
126.0,410.0,170.0,97.0
121.0,409.0,170.0,97.0
113.0,407.0,178.0,102.0
114.0,409.0,178.0,102.0
118.0,411.0,178.0,102.0
126.0,411.0,178.0,102.0
126.0,411.0,178.0,102.0
130.0,412.0,178.0,102.0
130.0,416.0,178.0,102.0
134.0,420.0,178.0,102.0
140.0,422.0,178.0,102.0
139.0,424.0,178.0,102.0
138.0,425.0,178.0,102.0
140.0,424.0,178.0,102.0
141.0,425.0,178.0,102.0
142.0,422.0,178.0,102.0
142.0,422.0,178.0,102.0
146.0,419.0,178.0,102.0
145.0,420.0,178.0,102.0
137.0,417.0,187.0,107.0
136.0,415.0,187.0,107.0
134.0,415.0,187.0,107.0
131.0,412.0,187.0,107.0
126.0,414.0,187.0,107.0
125.0,414.0,187.0,107.0
127.0,418.0,187.0,107.0
129.0,421.0,187.0,107.0
126.0,422.0,187.0,107.0
130.0,423.0,187.0,107.0
136.0,426.0,187.0,107.0
136.0,426.0,187.0,107.0
144.0,427.0,187.0,107.0
148.0,429.0,187.0,107.0
152.0,430.0,187.0,107.0
158.0,429.0,187.0,107.0
161.0,431.0,187.0,107.0
162.0,431.0,187.0,107.0
153.0,432.0,197.0,112.0
151.0,434.0,197.0,112.0
142.0,437.0,197.0,112.0
134.0,439.0,197.0,112.0
128.0,441.0,197.0,112.0
128.0,440.0,197.0,112.0
124.0,440.0,197.0,112.0
123.0,441.0,197.0,112.0
116.0,442.0,197.0,112.0
110.0,442.0,197.0,112.0
106.0,440.0,197.0,112.0
105.0,440.0,197.0,112.0
103.0,439.0,197.0,112.0
98.0,440.0,197.0,112.0
96.0,440.0,197.0,112.0
85.0,439.0,197.0,112.0
75.0,440.0,197.0,112.0
74.0,440.0,197.0,112.0
69.0,442.0,197.0,112.0
65.0,445.0,197.0,112.0
215.0,325.0,103.0,69.0
215.0,325.0,103.0,69.0
213.0,330.0,103.0,69.0
214.0,330.0,103.0,69.0
213.0,334.0,103.0,69.0
215.0,333.0,103.0,69.0
213.0,332.0,103.0,69.0
214.0,332.0,103.0,69.0
208.0,329.0,103.0,69.0
208.0,329.0,103.0,69.0
205.0,330.0,103.0,69.0
202.0,328.0,103.0,69.0
201.0,327.0,103.0,69.0
201.0,326.0,103.0,69.0
200.0,324.0,103.0,69.0
197.0,324.0,108.0,72.0
194.0,323.0,108.0,72.0
189.0,323.0,108.0,72.0
186.0,320.0,108.0,72.0
185.0,320.0,108.0,72.0
179.0,320.0,108.0,72.0
180.0,320.0,108.0,72.0
177.0,320.0,108.0,72.0
174.0,321.0,108.0,72.0
171.0,320.0,108.0,72.0
170.0,321.0,108.0,72.0
160.0,318.0,114.0,76.0
159.0,318.0,114.0,76.0
151.0,319.0,114.0,76.0
142.0,319.0,114.0,76.0
143.0,318.0,114.0,76.0
136.0,317.0,114.0,76.0
131.0,318.0,114.0,76.0
131.0,318.0,114.0,76.0
130.0,319.0,114.0,76.0
127.0,318.0,114.0,76.0
125.0,319.0,114.0,76.0
119.0,318.0,119.0,80.0
122.0,318.0,119.0,80.0
123.0,317.0,119.0,80.0
127.0,318.0,119.0,80.0
127.0,315.0,125.0,84.0
126.0,316.0,131.0,88.0
133.0,318.0,125.0,84.0
133.0,317.0,131.0,88.0
133.0,318.0,131.0,88.0
138.0,319.0,131.0,88.0
139.0,323.0,131.0,88.0
141.0,324.0,131.0,88.0
141.0,325.0,131.0,88.0
139.0,324.0,131.0,88.0
138.0,324.0,131.0,88.0
135.0,323.0,131.0,88.0
120.0,319.0,131.0,88.0
108.0,310.0,131.0,88.0
104.0,308.0,131.0,88.0
102.0,307.0,131.0,88.0
102.0,308.0,131.0,88.0
106.0,305.0,131.0,88.0
106.0,304.0,131.0,88.0
112.0,305.0,131.0,88.0
113.0,300.0,138.0,92.0
115.0,294.0,145.0,97.0
112.0,291.0,152.0,102.0
118.0,288.0,152.0,102.0
119.0,284.0,160.0,107.0
126.0,283.0,160.0,107.0
127.0,279.0,168.0,112.0
140.0,280.0,160.0,107.0
142.0,280.0,160.0,107.0
150.0,276.0,160.0,107.0
161.0,273.0,168.0,112.0
177.0,257.0,144.0,109.0
182.0,257.0,151.0,114.0
185.0,253.0,151.0,114.0
185.0,254.0,151.0,114.0
189.0,249.0,151.0,114.0
193.0,243.0,159.0,120.0
200.0,242.0,159.0,120.0
205.0,240.0,159.0,120.0
213.0,238.0,159.0,120.0
214.0,238.0,159.0,120.0
218.0,234.0,167.0,126.0
222.0,236.0,167.0,126.0
222.0,237.0,167.0,126.0
223.0,241.0,167.0,126.0
230.0,247.0,167.0,126.0
224.0,244.0,175.0,132.0
227.0,253.0,175.0,132.0
226.0,254.0,175.0,132.0
226.0,259.0,175.0,132.0
224.0,262.0,175.0,132.0
221.0,260.0,175.0,132.0
218.0,257.0,184.0,139.0
216.0,254.0,184.0,139.0
212.0,251.0,184.0,139.0
206.0,250.0,184.0,139.0
197.0,252.0,184.0,139.0
190.0,254.0,184.0,139.0
187.0,249.0,193.0,146.0
186.0,251.0,193.0,146.0
184.0,253.0,193.0,146.0
182.0,257.0,193.0,146.0
175.0,261.0,193.0,146.0
169.0,266.0,193.0,146.0
169.0,267.0,193.0,146.0
168.0,272.0,193.0,146.0
171.0,280.0,193.0,146.0
175.0,292.0,193.0,146.0
179.0,305.0,193.0,146.0
191.0,321.0,184.0,139.0
191.0,321.0,184.0,139.0
201.0,330.0,184.0,139.0
202.0,337.0,184.0,139.0
203.0,346.0,184.0,139.0
201.0,353.0,184.0,139.0
191.0,358.0,193.0,146.0
186.0,354.0,203.0,153.0
185.0,354.0,203.0,153.0
180.0,361.0,203.0,153.0
175.0,369.0,203.0,153.0
167.0,372.0,213.0,161.0
158.0,373.0,213.0,161.0
158.0,374.0,213.0,161.0
145.0,375.0,213.0,161.0
132.0,376.0,223.0,169.0
127.0,381.0,223.0,169.0
121.0,385.0,223.0,169.0
104.0,382.0,223.0,169.0
109.0,386.0,213.0,161.0
69.0,358.0,213.0,161.0
57.0,354.0,203.0,153.0
45.0,338.0,203.0,153.0
43.0,319.0,203.0,153.0
59.0,307.0,203.0,153.0
