254.68,193.24,33.4,17.88
256.03,193.24,33.4,17.88
249.95,198.64,33.41,17.88
245.9,201.34,32.06,16.53
245.9,205.39,35.43,19.23
245.9,208.09,34.08,17.21
247.25,207.42,32.06,17.2
248.71,208.26,32.03,19.25
249.32,208.26,33.24,19.86
248.71,210.08,31.42,18.64
245.67,211.3,34.46,18.03
243.24,208.26,33.24,18.03
243.24,205.21,33.24,21.69
245.06,204.0,33.85,21.07
245.06,205.21,34.46,21.69
246.28,206.43,33.24,18.64
247.5,206.43,32.63,19.25
248.1,205.82,34.46,19.86
248.71,206.43,33.85,19.86
246.89,207.65,33.85,19.25
246.89,204.61,34.46,20.46
247.5,204.0,33.85,20.47
245.67,204.0,35.07,21.68
246.28,205.82,36.28,20.47
248.1,205.82,35.07,20.47
249.32,205.82,34.46,21.08
249.32,207.04,34.46,18.64
249.32,206.43,34.46,18.64
248.71,207.65,33.85,19.25
248.1,208.87,34.46,18.03
248.71,207.04,35.68,19.25
248.1,210.08,36.29,18.04
248.71,207.65,37.5,19.86
249.32,207.65,36.29,21.07
251.15,210.08,35.06,19.25
251.15,208.26,35.06,19.25
251.15,204.61,35.06,23.51
249.93,204.61,36.28,22.29
248.71,202.78,36.9,24.73
249.32,204.0,35.68,23.51
248.71,204.61,37.5,21.68
250.54,205.82,35.67,21.69
250.54,208.26,35.67,21.68
249.93,210.69,35.68,18.64
248.71,210.69,36.9,21.08
251.15,210.08,35.67,21.69
250.54,211.3,37.5,19.86
249.93,208.26,37.5,22.9
250.54,206.43,36.28,23.51
251.15,207.04,37.5,21.68
251.15,205.82,35.06,23.51
250.54,202.78,37.5,23.51
250.54,202.78,36.28,23.51
251.75,203.39,36.29,22.29
253.58,199.74,35.07,22.9
252.36,202.78,38.11,21.69
254.19,205.21,36.28,22.91
252.97,205.82,36.29,20.47
253.58,204.61,36.29,22.29
254.8,202.17,35.07,24.12
252.97,204.0,38.72,21.68
252.36,202.78,39.33,23.51
252.97,200.35,38.72,25.33
254.8,199.74,39.32,24.73
252.97,197.31,40.55,24.11
256.01,200.35,37.51,22.29
256.01,198.52,38.11,22.9
254.19,197.91,41.76,24.12
255.4,198.52,38.12,23.51
256.62,197.31,38.11,23.51
254.8,196.09,38.72,24.12
256.01,197.31,39.94,22.9
259.66,197.91,35.68,22.91
257.84,201.56,38.72,22.3
259.06,201.56,39.93,22.3
260.27,203.39,39.33,24.12
259.06,200.35,39.93,25.33
259.06,201.56,41.15,23.51
260.27,202.78,38.72,22.29
259.06,197.91,40.54,21.69
258.45,195.48,41.15,25.94
261.49,199.13,38.72,22.9
263.31,206.43,38.72,22.9
266.36,205.21,36.89,22.91
266.96,209.47,38.72,24.12
266.36,211.3,38.71,24.12
268.18,213.12,37.5,23.51
267.57,213.12,37.5,24.12
266.96,207.65,38.11,25.33
268.79,208.26,38.11,22.9
270.01,211.3,39.32,21.68
271.83,210.69,39.33,24.73
272.44,212.52,41.15,23.5
273.05,213.73,40.54,21.69
275.48,214.34,38.11,20.47
275.48,214.95,37.5,20.47
273.05,215.56,41.15,22.9
273.66,216.17,41.15,21.68
274.87,209.47,40.55,24.12
274.87,208.26,39.33,24.72
273.66,209.47,41.15,22.9
276.09,211.3,39.33,20.47
277.91,210.69,40.55,22.29
279.13,208.87,41.15,24.11
282.17,209.47,38.11,24.12
280.96,214.95,40.54,24.12
280.35,216.17,40.54,21.68
276.7,220.42,40.54,22.3
277.31,220.42,39.32,19.86
277.31,216.17,39.93,24.11
277.31,216.17,39.32,20.46
282.17,218.6,41.16,21.07
281.56,217.38,40.55,24.73
284.0,218.6,39.93,22.29
283.39,215.56,41.15,22.29
282.17,212.52,40.55,24.11
280.96,213.73,40.54,22.9
281.56,213.73,41.16,21.69
281.56,211.91,40.55,23.51
282.78,214.34,41.76,22.29
285.82,217.38,39.94,21.08
286.43,217.38,40.55,19.86
287.04,216.17,37.5,22.9
286.43,217.99,40.55,21.08
287.04,217.38,41.15,21.08
288.87,217.38,36.89,19.86
287.65,216.77,40.54,21.69
287.65,217.99,42.98,21.08
290.69,216.77,40.54,21.08
290.08,214.34,40.55,21.08
289.47,210.69,41.16,24.12
292.52,211.3,40.54,24.12
294.95,213.12,39.93,20.47
294.95,213.12,39.33,22.9
294.34,216.77,41.15,22.3
293.73,219.21,40.55,21.07
294.34,219.21,41.76,22.29
294.95,219.21,40.54,22.29
298.6,219.82,39.33,21.07
297.99,219.21,39.33,19.25
295.56,217.99,41.76,20.47
296.17,216.77,40.54,22.3
295.56,216.77,42.37,22.3
296.77,217.99,41.76,21.08
297.99,216.77,41.76,23.51
301.03,220.42,42.37,20.47
298.6,219.21,42.98,23.51
299.21,222.25,40.54,21.08
298.6,221.64,41.15,22.29
296.77,222.86,44.2,23.51
299.82,221.64,39.32,21.69
298.6,221.03,39.93,22.3
300.42,221.03,38.72,20.47
299.21,219.21,40.54,20.46
300.42,219.21,39.94,21.07
297.99,219.82,42.37,21.68
299.21,221.03,41.15,22.9
298.6,221.64,41.15,21.08
298.6,222.86,41.15,21.07
298.6,220.42,40.54,22.3
298.6,221.03,42.37,22.3
300.42,221.03,39.94,21.69
300.42,218.6,38.72,22.29
299.82,217.38,39.93,22.9
299.21,216.77,40.54,22.9
299.82,220.42,39.93,22.91
296.77,220.42,43.59,23.51
296.77,220.42,41.16,24.12
296.77,220.42,43.59,25.34
295.56,225.29,43.58,22.29
295.56,224.07,41.15,21.08
298.6,222.86,39.93,21.07
296.17,219.21,43.58,22.29
295.56,216.77,41.76,23.51
295.56,216.77,43.58,24.73
296.77,216.77,41.16,23.51
294.95,212.52,43.58,24.11
296.77,214.95,40.55,22.9
296.17,214.34,39.32,24.12
294.95,213.73,42.37,24.12
293.12,214.34,44.2,23.51
292.52,213.73,46.62,25.34
294.95,214.34,41.76,25.33
292.52,213.12,46.01,26.55
294.95,214.95,43.58,24.72
291.91,215.56,44.19,24.72
291.91,210.69,44.19,25.94
292.52,211.91,42.97,24.11
291.91,210.69,46.02,26.55
293.12,210.08,43.59,27.16
293.12,210.69,44.2,27.16
292.52,210.08,42.97,27.16
296.17,210.69,39.32,26.55
293.73,210.69,43.59,26.55
291.91,210.69,46.02,26.55
292.52,211.91,44.8,24.72
294.95,211.3,42.37,24.72
292.52,212.52,43.58,24.11
290.69,211.3,45.41,25.33
291.91,212.52,42.97,24.11
288.87,212.52,47.84,25.33
294.34,211.91,43.59,24.72
293.73,211.3,46.02,25.33
292.52,210.69,45.41,24.73
294.95,210.69,43.58,24.73
290.08,210.69,46.02,25.94
288.87,210.69,46.62,24.73
289.47,210.69,44.81,24.12
287.04,210.69,47.84,24.73
287.65,207.65,47.84,25.94
287.04,205.21,49.06,25.34
288.87,203.39,44.8,25.94
288.87,204.0,46.62,25.94
287.65,204.0,46.63,26.55
289.47,203.39,44.2,26.55
287.65,203.39,45.41,26.55
287.04,205.21,44.8,24.73
287.04,207.04,44.8,25.33
287.04,203.39,43.59,23.51
284.61,204.61,46.02,25.94
285.82,204.61,46.02,25.33
284.61,208.87,45.41,25.33
282.78,210.69,45.41,23.51
283.39,212.52,44.8,24.11
282.78,211.91,46.63,25.33
284.61,211.91,42.37,25.33
285.21,209.47,42.37,27.16
282.17,211.3,45.41,25.33
283.39,208.87,43.59,25.33
279.74,207.65,46.63,24.72
280.96,206.43,45.41,24.12
279.74,207.04,44.8,25.94
279.13,206.43,46.63,28.38
279.13,208.26,44.8,25.94
280.35,208.87,46.63,25.94
279.13,208.26,47.24,27.76
279.74,208.26,48.45,27.76
276.7,208.87,49.06,25.94
279.13,208.87,46.63,27.76
276.09,208.26,47.84,27.16
276.7,210.08,46.63,25.94
275.48,210.69,49.06,24.12
275.48,210.08,49.67,22.9
276.7,208.26,47.23,25.94
274.87,207.65,49.06,25.94
278.52,208.26,47.24,27.76
279.13,210.69,46.63,27.16
277.91,213.73,46.63,27.77
277.91,214.95,47.24,27.16
275.48,215.56,49.67,28.37
276.09,219.82,48.45,25.33
277.31,224.07,47.23,21.08
276.09,223.47,49.06,21.68
277.61,221.03,47.84,25.34
276.39,220.42,49.06,27.16
278.22,224.07,47.23,24.12
277.0,225.29,48.45,24.73
276.39,226.51,49.06,23.51
277.0,225.9,48.45,25.33
277.61,224.68,49.06,25.95
278.83,222.25,49.06,30.2
278.83,221.64,51.49,28.99
282.48,225.9,46.62,27.16
281.26,224.07,48.45,25.95
281.26,222.86,49.06,25.94
283.09,222.25,47.84,26.55
283.09,220.42,47.84,27.16
283.69,221.64,48.46,24.73
284.3,221.03,49.67,27.16
285.52,220.42,47.23,25.34
286.13,223.47,47.84,23.51
286.13,222.25,47.84,24.73
285.52,222.25,48.45,24.12
285.52,220.42,49.06,25.95
285.52,219.21,49.06,27.16
287.95,212.52,47.85,31.41
287.34,214.34,49.67,28.99
289.17,213.73,48.45,28.38
287.34,208.87,50.89,31.41
290.39,206.43,50.88,28.99
290.39,208.26,49.67,28.98
292.82,202.78,49.67,30.81
294.04,199.74,48.45,29.59
294.04,200.35,49.06,28.98
297.08,196.7,47.84,30.81
295.86,196.7,50.28,32.63
296.47,197.31,49.06,30.81
295.86,194.26,52.1,32.64
296.47,191.83,49.06,31.42
295.86,191.83,48.45,29.59
294.64,190.01,54.54,31.41
295.25,191.83,52.11,30.81
295.86,188.18,50.28,30.81
295.86,183.92,52.71,33.85
297.08,185.75,50.88,35.07
297.08,190.61,52.1,30.81
298.29,190.61,49.67,28.99
297.08,193.05,52.1,28.98
294.64,194.26,53.32,28.38
295.86,190.01,53.93,28.98
297.69,192.44,53.32,25.33
297.08,192.44,50.88,26.55
295.25,191.22,54.54,25.95
296.47,192.44,51.49,25.33
295.25,192.44,53.93,24.73
294.64,190.01,54.54,23.51
293.43,185.75,53.93,27.16
294.64,185.14,54.54,27.77
295.86,185.75,52.71,25.94
294.04,183.31,53.92,27.16
295.25,183.92,52.71,25.34
295.25,183.31,52.11,25.34
297.69,183.31,50.88,25.95
297.08,181.49,53.32,26.55
296.47,180.27,51.49,28.38
297.69,180.88,52.1,25.94
297.69,184.53,53.92,24.73
298.9,187.57,51.5,24.12
298.29,186.36,53.93,27.76
298.29,188.18,55.15,26.55
298.9,191.22,56.36,27.77
300.73,190.01,54.53,29.59
302.55,191.83,52.11,28.99
298.9,188.79,54.54,29.59
299.51,191.83,53.93,29.59
298.9,190.61,54.54,30.21
297.69,191.83,55.75,30.81
298.29,193.05,54.54,28.98
298.29,190.01,52.72,30.2
297.69,193.05,59.4,31.42
300.73,191.83,52.71,28.38
300.73,192.44,56.36,27.77
300.12,191.83,55.75,28.38
300.12,191.83,53.93,26.55
298.9,192.44,55.15,27.16
295.25,190.61,55.76,27.16
294.64,196.7,54.54,28.37
294.04,197.91,54.53,29.6
294.04,202.78,56.36,26.55
298.29,207.04,55.76,28.38
299.51,208.87,55.15,29.59
300.12,210.69,58.19,26.55
300.73,200.96,53.32,28.37
300.12,200.35,56.36,27.77
300.73,198.52,55.75,27.77
298.9,193.05,58.8,28.98
298.9,194.87,57.58,28.38
297.69,189.4,57.57,26.55
297.69,196.09,57.57,28.38
298.9,197.91,55.76,26.56
296.47,205.82,59.4,22.9
298.9,205.82,55.76,24.12
300.12,210.08,57.58,27.16
298.9,211.3,57.58,27.77
298.29,208.26,58.19,30.2
297.69,207.65,59.4,30.2
297.69,205.82,57.57,29.6
297.08,204.61,59.4,29.59
297.69,199.74,61.22,28.38
298.9,197.91,61.23,28.99
299.51,197.91,60.01,28.99
299.51,198.52,59.4,26.55
299.51,195.48,61.23,28.99
298.9,193.05,59.41,30.81
298.9,196.09,61.84,30.2
298.29,197.91,61.23,31.42
300.12,198.52,61.23,33.25
298.9,199.13,61.84,32.64
301.94,194.26,61.23,33.25
302.55,191.83,61.84,35.07
304.38,190.01,61.23,33.24
304.38,186.36,61.83,32.63
305.6,181.49,60.01,30.2
304.99,182.71,62.44,29.59
303.77,175.4,62.44,32.03
302.55,170.54,63.06,30.81
302.55,165.06,64.27,33.25
301.94,164.45,63.06,33.25
304.99,162.02,63.05,32.64
301.94,162.63,65.49,30.81
304.38,161.41,65.49,32.03
303.77,160.8,64.88,31.42
300.73,159.59,67.92,33.24
306.2,157.15,65.49,35.68
305.6,160.2,64.87,35.67
302.55,160.8,68.53,36.29
305.6,162.02,64.87,34.46
304.99,164.45,69.74,33.86
304.38,161.41,68.53,38.11
303.77,163.85,67.92,35.67
306.81,162.63,66.71,35.68
302.55,160.8,69.14,35.07
303.77,160.8,68.53,33.25
302.55,157.15,69.14,36.9
300.73,161.41,69.74,37.5
299.51,166.89,72.79,34.46
300.12,169.32,72.18,36.29
304.38,172.36,67.31,33.85
302.55,169.93,71.57,39.33
304.38,174.8,67.31,35.67
305.6,176.62,69.74,38.11
305.6,179.06,69.13,36.89
302.55,178.45,70.97,40.54
301.34,178.45,72.18,39.32
301.94,177.84,72.79,39.93
298.9,176.01,74.01,38.72
299.51,172.97,71.57,42.37
295.86,173.58,75.22,40.54
293.43,169.32,75.83,38.11
291.6,167.5,77.66,42.37
288.56,166.89,80.09,42.37
289.17,169.93,75.83,43.59
284.3,178.45,80.7,42.37
283.69,179.66,81.92,44.2
283.69,179.66,80.7,44.2
281.87,179.66,79.48,43.59
281.26,177.84,80.7,44.19
277.61,178.45,81.3,42.37
278.22,174.19,80.09,44.8
275.79,170.54,79.47,46.02
271.53,176.62,84.34,44.2
272.13,177.84,83.13,42.98
272.74,176.01,81.31,42.37
267.88,176.62,83.13,46.02
266.05,176.62,83.74,46.63
263.01,174.19,86.78,47.23
264.83,169.93,83.13,46.63
256.32,165.06,87.39,46.02
256.32,164.45,88.6,45.42
252.06,159.59,88.0,49.06
245.98,152.9,91.03,44.8
238.07,146.81,94.08,53.32
236.24,149.25,89.82,48.45
231.98,146.2,90.43,49.67
228.33,145.6,94.69,50.88
223.47,145.6,96.51,50.88
218.6,146.2,95.9,49.67
211.91,146.2,97.12,53.32
205.82,148.64,103.82,56.97
198.52,152.29,103.21,56.36
196.09,152.9,104.42,54.53
186.96,151.68,108.68,58.79
180.88,157.76,106.25,59.41
169.32,157.76,111.12,61.23
164.45,158.37,111.12,61.84
152.29,144.38,117.19,78.26
151.68,155.94,113.55,67.31
141.94,154.11,115.38,67.31
127.95,151.68,122.68,70.96
121.26,149.25,123.28,72.17
119.44,146.81,122.67,71.57
110.92,139.51,123.89,74.01
106.05,136.47,125.11,72.18
95.101,129.17,131.8,78.26
88.409,123.69,128.76,77.66
84.15,121.26,130.58,81.91
79.283,119.44,137.28,80.08
75.025,115.79,130.59,82.52
69.549,112.13,136.66,84.96
62.857,110.31,134.23,83.13
57.99,102.4,135.45,87.39
48.865,95.709,143.35,91.041
48.257,95.101,143.96,87.389
45.215,87.192,136.66,97.118
36.698,83.542,145.18,97.118
36.089,79.892,146.4,100.17
33.656,78.675,143.96,98.945
34.873,76.85,143.36,95.9
26.964,72.591,149.44,101.99
25.139,70.766,146.4,99.554
19.663,68.333,150.66,103.82
17.23,69.549,148.22,102.6
14.797,68.333,150.05,101.99
11.146,65.291,151.26,102.6
9.9297,65.291,151.27,105.64
6.2795,61.641,152.48,107.46
5.0627,62.857,156.14,108.07
7.4962,61.032,150.65,106.86
2.6293,56.774,153.09,109.9
1.4125,56.774,153.7,110.51
2.0209,56.165,151.88,112.94
2.0209,55.557,150.66,113.54
2.0209,53.124,151.27,114.16
1.4125,51.907,151.27,115.98
2.6293,56.774,152.48,113.55
6.2795,59.207,150.05,119.02
5.6711,62.249,150.66,114.15
8.1046,70.158,149.45,119.63
9.3213,74.416,150.05,115.37
6.2795,75.633,155.52,118.42
9.3213,81.108,151.88,123.89
14.188,85.367,151.26,120.24
14.797,84.759,148.83,119.63
20.88,82.933,148.22,119.03
26.356,88.409,147.0,114.76
33.048,96.926,147.01,121.45
39.131,105.44,148.83,120.85
50.082,104.23,141.53,116.59
49.473,101.18,147.62,119.64
55.557,99.968,145.79,114.76
58.599,92.059,144.57,120.24
63.466,92.667,148.22,118.41
73.808,100.58,140.92,114.15
77.458,109.7,146.4,114.77
79.283,109.7,145.19,117.2
85.975,118.83,145.19,114.76
93.276,125.52,144.57,114.76
101.79,129.17,141.54,112.94
107.88,133.43,148.83,116.59
118.83,138.9,143.96,114.77
124.91,146.2,144.57,113.55
127.34,146.2,143.36,112.33
135.25,149.85,143.97,112.33
149.85,156.55,141.54,108.07
164.45,163.24,139.1,108.07
180.27,175.4,133.02,104.43
193.66,184.53,136.66,100.16
197.91,185.14,134.84,98.34
210.69,189.4,133.62,91.64
223.47,190.61,133.62,98.95
244.15,200.35,131.19,88.6
255.1,205.82,130.58,84.35
276.39,208.26,123.28,81.91
277.61,210.08,123.89,80.7
294.04,210.69,126.32,78.87
310.46,217.38,125.72,74.61
321.41,222.86,126.33,70.96
331.15,226.51,129.97,67.92
337.84,215.56,130.58,72.78
339.06,216.77,125.1,70.36
341.49,207.65,127.54,76.44
346.96,202.78,136.67,82.52
350.61,193.66,140.93,83.73
356.09,185.14,133.01,87.99
358.52,177.84,138.49,87.99
359.74,177.23,139.71,88.0
360.96,171.15,137.27,87.99
364.61,167.5,136.05,84.95
370.08,159.59,134.23,90.43
370.08,152.9,138.49,94.08
373.12,145.6,142.75,98.94
374.95,146.81,139.71,89.82
380.42,138.29,139.71,95.91
380.42,132.21,133.63,96.51
386.51,125.52,133.01,93.47
388.33,121.87,131.8,95.9
389.55,122.48,128.15,90.43
388.94,121.26,131.19,91.65
390.16,115.79,131.8,95.9
389.55,115.79,136.66,93.47
389.55,109.09,133.01,96.52
386.51,106.05,133.01,97.12
385.29,105.44,132.41,99.56
386.51,105.44,127.54,98.95
384.68,106.05,127.54,94.69
382.25,105.44,125.11,95.91
385.29,106.05,115.98,95.91
383.47,110.31,126.93,91.65
386.51,107.88,120.24,95.9
387.72,107.27,119.64,94.69
387.12,107.88,120.84,94.08
390.16,106.66,120.24,93.47
391.37,105.44,119.64,94.69
393.2,108.48,116.59,90.43
391.98,109.09,117.81,91.65
393.81,111.53,116.59,91.64
391.98,107.88,121.46,91.03
395.02,109.09,115.99,89.82
391.98,106.05,112.94,92.26
389.55,107.88,114.76,89.82
387.12,110.92,117.19,89.82
381.03,113.35,115.37,94.08
381.03,118.22,112.94,88.6
381.64,121.26,110.51,91.65
376.17,124.3,112.33,91.04
374.34,133.43,108.68,91.04
370.08,140.73,108.68,89.82
364.61,148.64,101.38,82.52
365.21,148.64,103.21,81.91
358.52,155.33,108.68,83.74
354.26,158.98,108.08,84.35
349.4,163.24,109.29,82.52
345.14,167.5,108.07,80.69
345.14,167.5,103.81,83.13
339.66,179.06,106.86,77.65
335.4,184.53,101.99,79.48
332.36,188.18,100.77,76.44
327.5,191.83,101.38,77.65
320.8,197.91,103.21,73.4
312.9,200.35,102.59,74.0
318.98,197.31,98.95,72.78
312.29,204.0,99.55,70.35
308.64,210.08,98.34,65.49
306.2,210.69,95.91,64.88
301.94,211.91,97.13,63.05
299.51,216.17,94.69,61.22
298.9,217.38,92.87,59.41
292.21,219.21,93.47,58.18
284.3,220.42,92.87,58.19
278.83,219.82,91.64,53.31
271.53,224.68,92.25,49.06
266.66,227.72,89.82,48.46
265.44,225.9,92.87,49.06
258.75,227.12,89.21,47.84
247.8,230.16,92.86,49.06
241.72,228.94,90.43,53.32
236.24,225.9,92.86,55.14
227.72,230.16,95.3,61.83
227.12,233.2,94.08,55.14
219.21,230.77,96.51,55.75
213.12,225.29,97.73,60.01
213.12,222.86,95.91,61.23
200.35,218.6,104.42,59.4
198.52,211.3,101.38,59.4
202.17,208.26,98.34,64.87
198.52,200.35,92.87,61.23
191.22,183.31,96.52,69.75
193.66,180.88,93.47,65.49
192.44,184.53,88.6,68.53
187.57,192.44,94.08,66.7
186.96,190.61,98.34,67.32
187.57,190.01,96.52,69.74
183.31,184.53,93.48,69.75
180.27,179.06,95.91,67.92
182.71,176.62,94.08,67.92
182.1,175.4,92.25,66.1
181.49,174.8,93.47,67.92
185.14,168.1,88.6,66.71
185.14,166.28,91.04,66.09
185.14,158.98,93.47,70.35
187.57,158.98,89.82,70.35
189.4,160.8,88.6,69.75
188.79,162.63,90.43,69.14
190.61,162.02,90.43,71.57
194.87,165.67,86.78,70.35
194.87,162.02,91.04,73.4
197.31,161.41,87.38,71.57
197.91,161.41,89.22,71.57
200.96,162.02,86.78,72.18
199.74,163.85,92.86,70.96
210.69,165.67,86.78,69.75
208.87,168.71,87.38,73.4
205.82,173.58,92.26,70.35
210.69,174.8,88.0,69.74
210.08,174.8,90.43,70.96
214.34,180.88,89.21,69.14
216.17,176.01,89.21,68.53
219.21,179.06,86.78,68.52
219.82,180.88,91.03,69.14
227.12,182.71,87.38,68.52
227.72,183.92,86.78,67.92
230.16,192.44,90.43,64.27
233.2,189.4,91.04,68.53
237.46,187.57,87.99,70.96
238.67,190.01,89.22,70.35
242.33,194.87,88.6,67.92
242.33,194.87,90.42,67.31
249.02,194.26,86.17,67.32
253.28,199.13,89.21,63.66
252.67,198.52,91.64,67.92
256.32,201.56,92.25,66.71
263.62,201.56,88.6,66.71
265.44,205.21,91.04,64.88
270.92,204.61,91.04,63.05
273.96,205.82,89.21,63.66
274.57,207.04,92.25,62.44
278.83,209.47,90.43,61.84
284.3,212.52,89.82,59.4
289.17,211.91,85.56,60.62
292.82,214.34,86.17,58.79
292.82,214.34,92.86,60.01
297.08,215.56,87.99,60.62
301.94,215.56,86.78,60.62
305.6,219.21,84.34,57.58
308.64,216.77,88.6,56.97
314.72,221.64,86.17,56.36
318.37,219.82,88.0,58.18
318.37,219.82,89.82,56.97
326.28,221.03,86.78,53.32
329.93,221.03,86.17,56.36
332.97,225.29,84.35,52.71
335.4,221.64,85.57,56.97
338.45,221.64,84.95,53.32
340.27,223.47,84.96,50.88
343.92,224.07,88.0,51.5
350.61,224.68,84.96,47.85
353.66,223.47,85.56,50.27
354.87,221.64,86.78,52.1
358.52,226.51,88.61,46.62
360.35,227.12,86.78,47.84
367.04,226.51,84.35,47.23
367.65,225.9,87.39,47.23
373.12,224.07,85.57,47.85
374.95,224.07,86.17,43.59
378.6,221.03,85.56,46.63
379.21,221.03,87.39,45.41
380.42,220.42,86.18,45.41
383.47,218.6,86.78,45.41
383.47,216.77,88.6,45.41
385.9,216.17,88.0,43.58
389.55,217.99,87.39,43.59
392.59,216.17,89.21,43.58
394.42,216.17,85.56,44.19
396.24,218.6,85.56,47.84
398.67,218.6,86.78,47.23
399.89,213.73,88.0,50.89
401.72,216.17,88.6,47.84
403.54,212.52,89.21,50.27
405.98,214.95,89.21,47.84
406.58,212.52,89.82,49.66
407.8,211.3,90.43,49.67
409.02,208.26,92.86,52.1
413.28,207.65,92.25,49.67
416.32,207.65,92.25,51.49
416.93,206.43,91.03,52.71
420.58,206.43,92.25,51.5
420.58,205.82,93.47,53.32
423.01,202.17,92.25,56.36
426.05,201.56,95.3,55.15
429.7,202.78,91.65,57.58
429.7,207.04,92.86,48.45
430.31,205.82,93.47,53.93
432.13,201.56,95.3,55.15
432.74,202.78,95.91,55.75
435.79,200.35,95.9,56.36
435.18,197.91,97.12,57.58
435.79,194.87,96.51,62.45
436.39,199.74,96.52,56.97
439.44,196.09,95.9,59.4
441.26,196.09,97.73,58.79
443.09,197.31,95.9,57.57
441.87,191.83,97.73,60.01
442.48,193.66,98.94,56.36
444.91,191.83,98.34,56.97
447.95,188.79,95.91,56.36
449.17,185.14,97.12,57.58
450.39,186.96,97.12,55.76
454.04,188.18,97.73,58.19
453.43,186.96,97.73,60.02
455.86,188.18,98.34,60.01
455.86,187.57,98.95,61.84
458.9,188.79,98.34,58.79
460.73,190.01,98.34,56.97
460.12,189.4,100.77,58.79
461.34,189.4,100.77,60.01
463.16,190.61,98.34,60.62
463.77,190.01,100.77,60.62
466.81,190.01,99.56,56.36
463.77,190.61,100.16,61.84
465.6,190.01,100.77,63.05
466.2,189.4,97.13,60.01
466.2,186.96,97.13,55.15
466.2,189.4,99.56,60.01
464.38,191.22,101.38,56.36
463.77,191.22,99.56,58.19
465.6,194.26,98.33,55.15
464.99,190.61,100.16,59.41
465.6,192.44,98.33,59.4
464.38,193.66,95.9,58.18
463.16,191.22,95.91,60.62
459.51,193.66,97.12,57.57
458.29,193.05,97.13,59.4
457.69,194.87,94.68,60.01
457.08,196.09,92.86,60.62
454.64,198.52,93.48,56.36
452.21,199.13,95.91,55.75
450.39,200.35,97.12,56.97
448.56,199.74,97.73,56.97
449.78,200.96,94.08,56.36
450.39,197.91,94.68,58.19
448.56,202.78,90.43,56.97
444.3,204.0,91.65,56.36
440.65,206.43,93.47,53.93
436.39,210.08,95.91,52.71
438.83,210.08,91.04,53.32
439.44,209.47,91.03,52.11
437.0,213.12,92.87,52.71
439.44,214.34,84.95,53.93
438.83,216.77,87.38,52.71
435.18,214.95,89.82,54.53
437.0,217.38,86.17,53.32
435.18,217.38,87.99,54.54
432.74,216.17,90.43,51.49
433.35,216.17,91.04,53.31
433.96,213.73,86.78,53.93
427.27,217.38,95.29,50.28
426.66,218.6,93.47,51.49
428.48,217.99,91.65,49.67
424.83,217.38,92.26,50.89
423.62,220.42,94.08,50.89
424.23,217.38,92.86,52.71
422.4,223.47,93.47,49.66
421.79,222.25,88.61,47.84
420.58,223.47,94.68,47.23
423.01,221.03,85.56,46.02
418.14,222.86,92.87,50.88
416.93,222.86,92.86,49.06
418.75,224.68,89.82,50.28
418.14,225.9,89.22,47.84
416.32,225.29,90.43,49.06
417.53,222.86,89.22,51.49
416.32,221.64,93.47,50.28
416.93,219.21,91.03,52.1
416.93,221.64,87.99,47.84
414.49,219.21,88.61,52.1
416.32,220.42,89.21,49.06
412.06,219.21,93.47,49.67
410.23,216.77,96.52,51.5
410.23,218.6,96.52,50.88
410.84,219.21,92.87,52.71
413.28,217.99,90.43,50.89
412.06,217.38,90.43,50.89
410.84,217.38,92.87,50.89
409.02,217.99,93.47,47.84
404.76,216.77,98.95,51.5
410.84,216.77,90.43,50.89
410.84,219.82,92.87,50.88
409.02,220.42,94.08,53.32
409.63,216.77,96.51,55.15
407.19,217.99,100.17,54.54
411.45,219.82,92.26,55.75
412.67,222.25,92.25,50.28
411.45,222.25,95.91,53.32
411.45,222.86,95.91,53.93
408.41,222.86,101.38,53.93
413.28,221.64,98.33,55.75
414.49,223.47,100.17,54.53
410.84,221.64,102.6,55.75
413.28,216.77,101.38,55.76
416.93,219.21,98.94,53.32
418.14,220.42,97.73,51.5
416.32,218.6,101.99,53.93
416.32,218.6,100.77,54.53
420.58,216.17,100.16,56.36
418.14,215.56,99.56,54.53
419.36,217.99,99.55,53.93
416.93,219.21,103.81,52.1
416.93,214.95,103.81,51.49
420.58,210.69,99.55,53.32
421.18,212.52,98.34,53.92
418.14,210.69,102.6,53.32
421.18,208.87,100.17,55.75
420.58,210.69,101.98,55.75
418.14,208.87,100.77,58.79
423.01,204.61,98.95,57.57
423.62,205.21,98.34,58.19
421.18,204.0,100.78,56.36
420.58,201.56,101.38,59.41
420.58,203.39,99.55,56.36
417.53,201.56,101.99,59.41
416.32,203.39,105.03,56.36
417.53,200.96,102.6,60.01
419.36,202.78,100.77,56.97
417.53,202.78,100.78,57.58
417.53,201.56,102.6,58.8
418.75,202.78,101.38,56.36
418.75,205.21,100.16,57.58
417.53,205.21,101.99,55.15
417.53,202.78,100.17,55.75
414.49,204.61,103.21,56.36
414.49,200.96,103.21,56.97
412.06,200.35,103.81,58.18
415.71,199.74,101.38,57.58
414.49,197.91,100.17,58.8
412.06,201.56,101.38,56.97
410.84,202.78,102.6,55.15
412.67,200.96,101.99,58.79
414.49,202.17,100.77,57.58
412.67,202.78,102.59,57.58
410.23,205.21,103.21,56.97
411.45,204.61,103.21,55.14
409.63,204.0,103.2,55.14
407.8,207.65,106.25,52.1
406.58,206.43,107.47,52.71
408.41,204.61,103.2,55.14
411.45,202.78,101.38,57.58
410.84,207.04,101.38,55.14
405.98,206.43,104.42,57.58
407.19,204.61,104.42,57.57
406.58,203.39,107.47,60.01
407.19,205.21,105.03,56.97
405.98,204.0,104.42,60.62
407.8,202.78,101.99,60.01
405.98,201.56,103.81,60.62
404.76,204.0,103.2,61.83
401.72,204.61,103.2,60.62
399.89,204.61,105.03,60.62
398.33,204.84,103.95,61.78
397.71,206.7,103.95,61.78
397.09,206.7,102.08,59.92
393.37,206.7,104.56,64.26
393.37,209.8,104.56,60.54
389.03,211.04,103.32,53.72
384.07,210.42,107.66,58.06
387.17,207.32,103.94,60.54
381.59,207.94,106.42,59.3
382.83,206.7,102.7,61.78
379.72,210.42,106.43,61.16
379.72,211.66,102.71,54.96
376.62,211.04,102.71,58.68
377.86,211.04,102.71,58.06
377.24,216.62,103.95,56.2
375.38,217.86,102.71,58.06
372.9,214.76,105.19,58.06
371.04,217.86,105.19,57.44
369.18,216.62,103.95,58.06
367.94,216.0,106.43,57.44
369.8,217.24,103.33,55.58
367.94,218.48,102.71,54.96
362.36,216.62,103.33,53.72
361.12,216.62,105.19,56.82
358.64,213.52,106.43,53.1
358.64,213.52,105.19,53.1
358.64,216.0,103.95,53.72
355.54,218.48,104.56,53.1
353.68,216.62,106.42,55.58
351.2,222.83,105.18,53.09
352.44,221.59,103.94,56.81
353.68,222.83,105.18,53.09
346.24,220.34,108.28,55.58
347.48,221.59,106.42,53.71
347.48,220.34,108.28,56.82
348.1,220.97,105.18,56.81
345.62,217.24,107.66,58.06
346.24,217.86,106.42,57.44
347.48,219.1,104.56,56.2
345.0,217.86,103.32,55.58
343.14,217.24,105.18,55.58
344.38,217.86,103.32,56.2
344.38,218.48,103.32,57.44
344.38,219.72,102.7,54.96
341.9,220.34,104.56,56.2
343.14,219.72,102.7,55.58
340.66,217.24,103.32,54.34
339.41,216.62,103.33,54.96
335.69,215.38,107.67,56.82
335.69,215.38,107.05,54.34
333.83,214.76,107.05,55.58
333.83,216.0,107.05,58.06
332.59,217.86,107.67,56.82
333.21,220.97,107.67,54.33
333.21,221.59,106.43,52.47
331.97,220.97,106.43,56.19
330.73,220.97,105.81,56.81
332.59,220.97,103.95,54.33
328.87,220.97,105.81,53.09
327.01,220.97,105.19,53.09
327.01,220.97,105.19,55.57
329.49,224.07,103.95,53.09
327.63,224.07,106.43,54.33
329.49,223.45,104.57,54.95
328.87,225.31,103.95,54.33
329.49,225.93,103.95,52.47
326.39,224.07,105.81,54.95
327.63,225.31,102.71,53.71
327.01,225.31,104.57,52.47
323.91,224.69,106.43,51.23
324.53,222.83,106.43,53.71
322.67,223.45,106.43,54.33
324.53,225.31,104.57,52.47
323.91,224.07,104.57,55.57
323.29,224.69,106.43,53.09
323.91,225.93,105.19,53.09
322.67,225.93,105.19,52.47
322.05,224.07,104.57,53.71
322.05,224.07,104.57,53.71
322.05,222.83,104.57,54.33
322.67,224.69,103.33,54.95
323.29,224.07,103.33,52.47
323.91,224.69,102.09,53.71
322.67,224.07,103.33,56.19
323.29,223.45,102.71,54.95
322.67,218.48,102.71,58.68
322.67,222.21,103.33,54.33
322.67,224.69,103.95,53.71
322.05,223.45,103.95,54.33
322.05,225.31,101.47,53.71
322.05,224.69,105.19,54.33
322.67,225.31,102.71,53.09
322.67,225.31,101.47,53.71
322.05,223.45,102.71,53.09
322.67,221.59,103.95,53.71
323.91,221.59,100.85,53.71
323.29,224.69,100.85,54.95
321.43,226.55,103.33,53.71
322.05,224.69,103.33,53.09
320.81,226.55,103.33,53.09
322.05,224.69,100.85,54.95
321.43,224.69,103.33,54.33
320.81,224.69,102.71,53.71
321.43,222.83,102.09,54.33
320.19,223.45,102.09,52.47
319.57,221.59,102.09,53.09
319.57,220.97,102.09,53.09
320.19,219.1,102.09,54.96
318.33,220.34,104.57,54.34
318.95,219.1,102.71,54.34
315.85,225.93,105.18,53.09
316.47,227.79,103.32,53.71
317.09,225.93,102.08,53.71
317.09,227.79,103.32,52.47
316.47,227.17,103.94,53.09
316.47,222.83,103.94,53.09
316.47,227.17,102.7,53.09
316.47,222.83,103.94,54.33
318.33,220.34,102.7,55.58
318.33,219.72,102.7,54.96
317.09,216.0,103.32,53.1
316.47,215.38,103.32,53.72
317.09,212.9,101.46,56.2
315.85,209.18,105.18,54.34
314.61,210.42,103.94,52.48
314.61,209.18,105.18,53.72
315.23,210.42,100.22,57.44
312.75,215.38,104.56,52.48
313.99,217.24,103.94,53.1
314.61,222.83,102.7,53.71
315.85,226.55,102.08,53.71
313.37,228.41,104.56,51.85
314.61,228.41,105.18,51.23
314.61,227.17,102.7,53.71
312.75,227.17,105.18,52.47
315.85,225.31,101.46,52.47
314.61,226.55,105.18,50.61
316.47,224.69,101.46,53.71
314.61,226.55,103.32,51.85
316.47,225.93,102.08,52.47
315.23,226.55,102.08,50.61
317.09,225.31,101.46,54.33
317.71,227.79,101.46,53.09
317.09,227.17,102.08,53.09
317.71,228.41,102.08,51.85
318.33,228.41,101.46,53.09
317.71,230.27,103.32,50.61
318.33,227.79,102.7,51.23
321.43,227.17,101.47,51.85
320.81,227.79,102.71,49.99
322.05,225.31,100.85,50.61
322.67,225.93,102.09,50.61
321.43,227.79,100.23,51.85
323.29,229.65,99.61,50.61
321.43,229.03,100.85,50.61
323.29,230.89,99.61,49.37
323.91,230.89,98.99,49.99
322.05,231.51,99.61,49.37
321.43,231.51,100.23,48.13
322.67,230.27,97.12,49.99
321.43,229.65,100.23,49.37
320.5,228.33,99.56,50.28
322.93,228.33,97.13,50.89
323.54,229.55,97.12,49.06
322.93,227.72,98.95,49.67
324.76,228.33,95.9,49.06
323.54,230.77,96.52,48.45
322.93,230.77,95.91,46.62
322.33,230.77,95.9,49.06
323.54,230.77,95.3,46.62
324.76,231.98,94.08,46.02
323.54,230.77,94.69,47.84
324.76,228.94,94.69,49.06
324.15,230.16,94.69,47.84
323.54,231.37,94.69,46.63
322.93,231.37,96.52,47.24
322.93,231.98,95.3,46.63
322.33,230.77,95.29,47.84
323.54,231.37,92.86,47.24
323.54,231.37,91.65,45.42
323.85,221.03,91.64,57.58
322.63,221.64,94.08,55.75
323.85,231.98,91.64,44.81
322.63,230.16,91.65,45.41
322.63,230.16,92.86,47.23
323.85,230.77,89.82,46.02
322.63,231.37,90.43,46.02
323.85,232.59,89.82,45.41
322.02,229.55,91.65,45.41
324.45,232.59,89.83,45.41
323.85,232.59,91.03,44.8
323.24,232.59,89.82,44.2
323.24,231.98,89.82,45.41
323.24,230.16,89.21,44.19
324.45,230.16,89.22,45.41
323.85,228.94,90.43,47.24
323.24,231.98,90.43,44.81
323.85,228.33,89.82,47.24
323.24,229.55,90.43,45.41
322.63,230.16,89.21,44.19
323.85,230.16,88.6,44.19
323.85,229.55,89.82,45.41
325.06,228.94,92.26,44.19
325.06,229.55,88.0,43.58
325.06,227.72,87.39,46.02
325.06,229.55,89.22,46.02
325.67,230.16,90.43,47.23
326.89,228.94,88.6,46.02
326.89,227.72,90.43,45.41
326.89,227.12,88.6,46.01
325.06,226.51,89.22,45.41
325.67,227.12,89.21,45.41
325.67,224.68,91.65,46.02
326.89,227.12,89.21,46.01
327.5,226.51,89.21,47.23
327.5,227.12,91.03,44.19
328.71,225.9,89.82,47.23
329.32,225.29,90.43,45.41
329.32,223.47,90.43,47.84
328.1,222.86,90.43,46.62
329.32,221.64,89.82,46.02
326.89,222.25,92.25,46.63
327.5,222.86,91.03,47.23
328.71,226.51,92.87,47.84
328.1,232.59,92.26,45.41
326.28,232.59,92.25,47.85
325.67,232.59,92.86,48.45
327.5,231.98,92.86,47.85
326.89,231.37,92.86,49.07
328.1,229.55,92.26,51.49
326.28,228.94,93.47,50.89
326.89,227.12,95.29,48.45
328.71,227.72,92.26,48.46
325.67,225.29,94.08,49.06
326.28,225.9,95.3,51.49
327.5,221.03,93.47,52.1
327.5,219.82,94.68,52.1
327.5,221.03,96.51,49.67
329.93,218.6,94.69,53.32
327.5,219.82,95.9,52.1
329.32,220.42,94.08,49.67
327.5,219.82,95.29,50.88
325.67,220.42,100.16,50.28
326.89,216.77,98.94,52.71
328.1,220.42,98.34,50.28
328.71,217.99,95.3,50.89
326.89,217.38,97.12,53.32
328.1,219.21,97.13,50.27
328.71,216.77,98.95,51.5
327.5,213.73,100.16,54.54
327.5,217.38,98.33,50.89
326.91,216.17,100.45,50.98
326.91,216.17,100.45,50.98
326.91,216.77,100.45,50.38
326.91,217.38,102.27,50.38
326.91,217.99,102.27,49.77
327.52,217.99,101.66,54.04
328.13,219.82,101.05,52.83
326.91,218.6,102.27,53.43
326.91,218.6,102.27,53.43
326.3,218.6,106.53,53.43
326.3,219.21,106.53,52.82
326.3,217.38,106.53,54.65
327.52,216.77,104.09,54.65
328.13,216.77,103.48,54.65
326.91,217.99,103.49,53.43
325.69,213.12,102.27,58.91
321.42,214.34,106.54,56.47
321.42,214.34,108.37,56.47
322.03,211.3,108.37,57.68
322.03,210.08,110.8,58.9
322.03,211.3,110.8,55.85
322.03,211.3,110.8,55.24
322.03,209.47,110.8,57.07
324.47,209.47,109.58,55.85
324.47,209.47,107.75,53.4
322.03,210.69,110.19,52.79
322.03,212.52,110.19,50.96
322.03,213.12,110.8,50.36
322.03,210.69,111.41,53.32
322.03,213.12,111.41,51.5
318.97,213.12,112.64,54.54
316.53,213.73,116.3,56.36
316.53,213.73,116.3,56.97
317.75,211.91,115.08,58.79
322.64,211.91,110.19,58.18
322.64,214.95,112.62,55.86
323.86,216.77,112.01,54.65
321.42,214.34,115.06,57.69
325.69,213.12,111.4,57.69
321.42,216.17,116.28,54.03
320.19,217.99,117.51,55.27
321.42,217.99,116.89,55.88
325.69,217.99,112.62,55.88
330.58,216.77,111.38,55.15
326.91,211.91,116.26,58.79
328.13,211.3,115.65,58.18
328.13,211.3,115.65,58.18
328.74,211.3,115.04,58.18
329.97,211.3,113.81,58.18
329.35,215.56,114.43,53.92
334.24,215.56,110.15,57.09
334.24,217.38,112.58,56.49
336.07,217.99,113.19,58.93
336.07,219.21,113.8,57.71
336.68,222.25,113.79,57.72
337.29,221.03,114.4,60.01
337.29,220.42,115.01,60.62
337.9,222.25,114.4,59.4
339.13,224.68,113.17,57.58
342.18,221.03,113.16,63.06
344.62,220.42,112.55,62.45
346.45,221.64,114.37,60.01
346.45,218.6,116.19,62.44
346.45,219.21,117.41,61.83
349.51,220.42,114.35,60.02
355.61,219.21,111.29,59.4
355.61,221.64,114.94,55.75
357.45,220.42,113.71,56.37
357.45,221.64,114.32,55.75
357.45,219.82,114.92,59.4
357.45,218.6,114.92,60.01
359.28,219.21,115.53,58.79
361.72,221.03,113.7,56.97
364.16,221.03,111.26,56.97
364.77,226.51,113.08,53.93
370.27,225.29,109.4,56.52
373.32,225.9,108.18,57.13
374.55,227.72,108.17,55.92
373.94,230.16,109.99,53.48
373.94,228.33,110.6,56.36
378.21,223.47,109.37,60.62
378.21,221.64,111.2,60.01
382.48,224.07,108.15,56.97
386.76,217.38,104.47,64.27
385.54,217.99,107.52,56.97
384.93,224.68,110.56,49.8
387.98,229.55,107.51,47.98
392.26,229.55,103.84,50.42
395.92,231.37,102.61,52.27
397.14,231.98,101.39,52.27
396.53,234.42,101.4,51.49
398.97,230.77,98.96,56.53
402.64,228.94,102.59,59.58
403.25,227.12,101.98,58.35
403.25,227.72,101.98,54.54
405.08,225.29,105.62,57.13
409.97,225.29,100.73,56.52
413.02,222.86,97.68,56.5
414.24,222.86,96.46,52.23
414.85,222.25,97.68,51.62
416.07,223.47,97.67,49.66
416.07,225.29,100.11,49.19
420.96,225.29,97.04,52.24
425.23,225.29,95.81,51.63
425.23,222.86,97.03,54.06
425.23,223.47,98.86,51.62
425.84,221.03,101.9,53.45
431.34,220.42,97.61,51.61
434.87,220.42,94.08,50.39
436.84,221.64,94.55,49.17
439.28,222.25,92.71,50.4
443.55,222.86,89.05,49.79
442.33,224.07,90.88,48.58
440.5,222.25,95.75,51.01
441.11,222.25,95.14,49.78
441.72,222.25,94.53,49.78
445.39,219.82,90.86,49.16
444.16,219.82,95.13,50.38
444.16,218.6,95.74,49.77
444.16,216.17,95.74,52.2
444.77,217.38,94.52,50.38
444.77,216.77,95.13,50.99
447.22,215.56,92.68,49.76
447.22,215.56,93.9,49.76
448.44,217.38,92.68,50.99
450.27,217.38,90.85,50.38
451.49,217.38,90.85,50.38
453.32,217.38,90.84,49.77
453.32,217.38,90.84,49.77
455.16,214.95,89.0,50.37
455.77,214.95,90.83,49.76
456.99,214.95,89.61,48.53
457.6,214.95,87.78,48.53
457.6,216.17,87.17,49.15
458.21,216.17,86.56,50.37
458.21,216.17,86.56,50.37
458.82,214.34,85.95,50.98
458.82,214.34,86.56,50.37
457.6,213.73,87.78,49.14
459.43,213.12,85.95,47.92
460.04,213.12,85.95,47.92
460.65,210.69,86.55,50.35
460.65,208.87,85.95,50.95
460.65,207.65,84.73,52.17
460.65,209.47,84.73,50.35
459.43,210.69,85.95,49.74
459.43,211.3,86.56,49.13
460.65,211.91,85.95,48.52
461.26,213.12,85.94,47.31
461.87,213.12,85.94,49.14
463.1,214.34,85.32,49.14
463.1,214.95,85.32,47.31
463.71,214.95,85.32,47.31
464.93,214.95,85.32,47.31
465.54,214.34,84.71,47.92
465.54,209.47,85.92,52.18
469.2,211.3,89.56,49.74
471.65,210.69,88.33,49.74
472.87,210.69,86.5,50.35
473.48,210.69,84.67,50.35
472.87,214.95,84.07,49.15
472.87,214.95,85.89,50.98
473.48,216.17,85.28,49.76
475.31,213.12,83.45,49.75
472.87,210.69,85.89,49.13
472.87,211.3,87.11,48.52
475.92,210.08,84.67,49.13
475.92,210.08,84.06,49.13
475.92,210.08,84.06,48.52
477.76,210.08,82.83,48.52
480.8,210.08,79.79,47.91
480.81,211.3,80.99,47.3
480.81,209.47,80.39,49.13
481.42,212.52,80.38,44.25
482.02,211.91,79.78,44.86
482.03,211.91,79.77,45.47
482.03,213.12,80.38,44.26
482.03,213.12,80.38,44.26
481.41,213.12,80.39,44.26
482.03,213.12,80.38,44.26
482.64,212.52,79.77,44.25
481.42,214.34,80.99,42.43
479.58,211.91,84.05,45.47
481.42,211.91,82.82,44.86
482.03,213.73,82.21,43.04
480.2,214.34,82.21,44.26
479.58,213.73,82.83,46.09
479.58,213.12,83.44,46.7
479.58,212.52,84.66,46.08
479.58,211.91,84.66,46.69
479.58,211.91,84.66,46.69
479.58,211.91,84.66,46.69
478.36,211.91,85.27,46.69
477.14,211.91,86.49,46.69
477.14,212.52,85.88,46.08
477.14,212.52,85.88,46.08
477.14,212.52,85.88,46.08
477.14,215.56,84.66,43.04
474.09,215.56,87.11,43.04
472.87,215.56,87.11,43.04
474.09,215.56,86.5,43.04
474.09,216.17,85.89,43.04
474.7,217.38,85.89,44.88
473.48,217.38,85.28,44.88
473.48,218.6,84.37,44.27
474.09,218.6,83.76,44.27
474.09,217.99,82.24,46.11
474.09,217.99,81.02,45.49
474.09,217.99,81.02,45.49
472.87,215.56,81.03,47.92
471.03,210.08,81.04,52.18
467.98,210.08,85.31,50.35
466.15,209.47,87.75,47.3
463.71,207.65,88.97,44.84
458.82,208.26,92.64,44.84
455.16,208.87,95.69,44.84
456.38,209.47,92.65,44.24
456.99,209.47,91.43,44.24
459.43,210.08,86.56,44.24
460.65,211.3,82.9,43.02
461.26,213.12,82.29,44.87
460.73,213.73,78.56,46.7
456.38,211.91,78.05,44.86
454.55,210.69,79.88,46.08
454.55,210.69,79.88,46.08
454.04,210.08,80.39,46.69
454.55,210.69,79.88,46.08
449.66,210.08,79.29,46.69
447.83,210.69,80.51,45.47
445.39,211.3,80.22,47.3
444.16,212.52,81.14,46.08
442.94,213.73,81.15,44.87
442.94,213.12,81.15,45.48
441.11,212.52,82.98,46.08
437.45,211.91,81.46,48.52
436.23,214.95,81.77,46.09
435.0,214.95,83.0,44.87
433.78,210.69,83.61,48.52
431.34,211.3,84.23,47.91
427.06,208.87,87.29,47.9
423.4,208.87,87.3,47.9
422.18,208.87,88.52,48.51
422.18,209.47,88.52,47.91
420.96,211.3,89.74,47.3
422.18,210.69,88.52,49.13
419.36,211.3,86.47,48.52
418.14,211.3,86.48,47.91
414.85,211.3,89.16,46.69
414.24,211.3,87.34,46.69
414.24,211.3,84.29,46.69
413.28,211.3,85.25,46.69
413.28,210.08,85.25,47.91
408.74,208.87,81.89,48.51
408.41,208.87,82.22,48.51
404.76,207.65,85.87,49.12
397.75,204.61,91.05,46.66
390.42,202.17,91.69,50.32
390.42,201.56,90.47,48.49
395.02,200.35,85.87,48.48
392.59,201.56,88.3,47.27
391.98,202.17,82.83,47.88
387.12,203.39,86.47,46.66
385.29,204.61,85.87,46.66
381.03,206.43,85.26,47.28
382.48,209.47,83.81,45.47
382.48,210.08,83.81,44.86
377.6,210.08,88.69,44.24
377.6,205.82,88.69,48.5
377.6,205.82,84.43,47.89
376.99,204.61,84.43,44.83
375.77,202.78,83.22,50.32
371.91,202.78,87.08,50.32
371.91,204.61,84.65,48.49
371.3,206.43,85.26,47.89
366.43,206.43,88.3,47.89
367.65,206.43,84.04,49.73
367.83,209.47,80.82,47.91
364.16,209.47,83.88,47.91
364.77,209.47,83.27,46.69
364.77,209.47,81.44,46.69
364.77,208.26,80.23,47.9
366.0,207.04,79.0,47.9
365.21,207.04,81.0,47.9
364.0,207.04,83.43,44.84
364.0,207.04,76.13,44.84
364.16,207.04,75.97,44.84
364.16,207.04,75.97,46.06
364.16,207.65,75.97,45.45
364.16,207.65,75.97,45.45
364.16,207.65,77.19,45.45
364.16,207.65,77.19,45.45
364.16,207.65,77.19,45.45
364.16,208.26,75.97,44.84
364.16,208.87,75.97,44.23
362.94,208.87,77.19,45.45
365.21,208.87,74.92,44.23
362.94,208.87,76.58,44.84
360.5,208.26,79.02,45.45
360.5,208.26,76.59,45.45
362.94,208.26,73.54,44.84
363.55,208.26,74.15,44.84
363.55,207.65,74.15,45.45
363.55,207.04,74.15,46.06
361.72,204.0,74.76,44.22
361.72,200.96,74.15,47.26
358.67,199.74,77.2,45.42
358.67,198.52,73.55,46.64
355.61,198.52,68.7,46.64
358.52,198.52,65.79,45.42
356.7,199.74,67.61,44.81
353.66,199.74,70.65,44.81
353.66,199.74,70.65,45.42
354.26,199.74,70.05,45.42
354.26,205.82,70.05,39.34
354.26,205.82,70.05,41.18
354.26,205.82,68.23,41.79
354.26,206.43,68.23,43.62
351.83,206.43,70.66,44.23
350.01,206.43,70.65,41.79
350.01,202.78,69.44,44.83
343.31,202.78,72.49,47.27
342.1,205.21,65.79,44.84
344.53,205.21,63.36,44.84
345.14,205.21,62.14,44.84
345.14,205.82,63.36,44.84
347.57,205.82,64.58,43.62
346.36,205.82,66.39,41.79
345.75,205.82,67.0,43.62
345.75,205.82,65.18,38.73
343.31,205.82,65.19,38.73
343.31,204.61,62.75,38.72
343.31,204.0,61.54,38.72
343.31,204.0,60.93,38.72
342.1,204.0,56.05,42.39
345.14,204.0,56.06,41.77
348.18,204.61,54.23,41.16
348.79,204.61,54.23,41.16
348.79,205.21,55.45,40.56
345.14,206.43,59.71,38.12
344.62,207.04,60.23,38.12
345.14,208.26,59.1,38.13
345.14,208.26,59.1,39.96
344.53,209.47,60.32,35.69
345.14,207.04,59.1,38.12
345.75,205.82,59.7,39.34
345.14,205.21,60.31,33.85
348.18,202.78,56.67,33.83
348.18,201.56,57.27,37.5
348.18,202.17,57.88,38.72
346.45,206.43,58.4,38.12
343.92,207.04,58.49,38.12
348.18,210.08,54.23,35.69
346.36,207.65,53.62,38.12
346.96,207.65,53.02,37.51
346.36,207.65,55.44,35.07
346.96,206.43,57.28,35.07
345.14,206.43,56.66,34.46
345.75,206.43,54.84,33.85
346.36,206.43,54.23,33.24
346.36,205.82,54.23,33.85
343.92,205.21,56.67,34.46
343.92,202.17,56.67,38.72
345.14,202.17,55.45,38.72
345.14,202.17,52.41,39.33
345.14,202.17,54.23,39.33
347.57,202.17,51.8,38.11
347.57,202.17,50.58,37.5
347.57,202.78,49.37,36.28
343.92,203.39,52.41,33.84
342.1,199.74,54.23,36.26
343.31,200.35,53.02,39.32
343.92,200.96,49.37,38.71
346.36,204.61,47.54,36.89
345.75,207.65,48.75,37.51
343.92,208.26,48.15,36.9
343.92,208.26,48.76,36.9
342.71,208.26,50.58,35.07
342.71,207.65,49.36,35.68
343.31,207.04,47.54,36.29
343.92,207.04,47.54,36.29
344.53,209.47,51.19,33.86
344.53,208.87,52.41,34.46
337.84,208.26,59.1,35.68
338.45,208.26,48.75,33.85
340.27,208.26,46.93,33.85
340.27,208.26,46.93,33.85
340.27,208.87,47.54,33.85
340.27,208.87,47.54,35.07
342.71,212.52,45.1,31.42
342.71,212.52,46.32,31.42
339.06,214.34,50.58,29.6
339.06,214.95,50.58,30.21
339.06,210.69,48.14,34.47
339.06,210.08,48.14,35.08
337.23,206.43,51.19,36.29
340.27,206.43,46.93,33.85
340.88,206.43,48.15,32.63
340.88,205.21,51.19,33.85
340.88,207.04,51.19,32.02
340.88,210.08,50.58,28.98
340.88,210.08,48.15,28.98
338.45,206.43,50.58,33.85
339.06,206.43,49.36,34.46
337.23,206.43,51.8,33.85
336.62,207.04,49.37,31.41
336.62,205.21,49.37,32.02
339.06,206.43,47.54,31.41
340.27,206.43,45.11,31.41
339.06,206.43,46.93,32.02
339.06,206.43,48.14,32.02
337.23,205.21,49.37,33.24
336.62,205.21,48.76,33.24
339.06,205.82,44.49,32.63
339.06,206.43,45.71,32.02
339.06,207.65,46.32,30.8
340.88,207.65,45.11,30.19
339.66,207.65,46.33,30.19
340.88,206.43,46.93,31.41
339.66,203.39,48.76,34.45
335.4,202.78,51.8,33.22
335.4,204.0,50.59,32.61
335.4,204.0,50.59,32.61
335.4,205.82,48.76,30.79
337.23,207.65,46.93,29.58
337.23,208.87,47.54,32.02
337.84,209.47,46.93,32.64
334.8,209.47,49.36,32.64
334.8,208.26,48.75,33.24
333.58,208.87,48.76,32.02
330.54,208.87,51.8,31.41
330.54,208.87,44.5,31.41
332.97,208.87,43.28,33.24
333.58,208.87,43.89,33.85
333.58,208.87,42.67,34.46
333.58,208.87,43.28,35.07
328.1,211.91,49.37,32.64
326.89,211.91,49.97,33.86
327.5,209.47,46.93,32.64
326.91,209.47,49.34,33.86
327.5,209.47,48.14,33.86
328.13,211.3,45.08,32.03
328.13,211.3,46.3,32.03
329.35,211.3,45.08,32.03
330.54,211.3,41.45,33.25
329.93,211.3,43.28,30.81
328.71,208.26,45.11,32.02
328.71,207.65,45.72,32.63
329.32,207.65,44.5,33.85
329.32,207.65,43.89,34.46
329.32,207.65,43.89,34.46
329.32,207.65,45.72,34.46
329.32,207.65,45.72,33.85
329.32,207.65,45.72,33.85
330.54,208.87,46.32,32.63
331.15,208.87,46.93,32.63
329.32,208.87,48.76,30.8
329.32,208.26,47.54,31.41
329.32,207.65,46.93,29.58
332.36,207.04,45.11,30.19
332.97,207.04,45.11,31.41
332.97,207.04,45.72,32.02
332.97,207.04,45.72,35.68
332.36,208.87,46.33,34.46
332.36,208.87,46.33,35.68
331.75,211.91,46.94,36.31
333.58,212.52,45.11,35.7
333.58,213.12,47.54,35.1
334.8,213.12,46.93,33.27
335.4,213.12,46.94,31.43
334.8,213.12,46.93,28.99
336.62,213.12,46.32,28.38
337.23,212.52,46.32,30.2
337.84,211.91,46.93,30.81
337.84,211.3,49.36,32.64
338.45,211.3,49.97,32.64
338.45,211.3,48.75,28.37
337.23,210.08,50.58,30.2
337.23,210.08,49.97,26.53
340.27,209.47,48.15,27.14
340.27,209.47,48.15,27.76
340.27,209.47,46.93,28.98
345.14,209.47,42.06,30.2
344.53,210.69,45.72,32.64
344.53,215.56,45.72,31.44
346.96,215.56,45.11,31.44
346.96,214.34,45.72,27.16
346.96,211.3,46.33,30.2
345.14,211.3,48.76,28.37
343.92,210.69,45.72,31.42
343.92,211.3,46.33,32.03
346.36,210.69,43.89,31.42
346.36,210.69,44.49,32.03
348.79,210.69,43.28,32.03
348.79,210.69,42.06,31.42
350.61,208.87,42.68,32.02
350.01,208.87,43.89,32.02
345.75,208.87,46.93,32.02
345.75,208.87,46.93,30.8
345.75,208.87,46.93,30.8
345.75,208.87,46.32,32.02
345.75,208.87,46.32,32.02
345.75,207.65,46.32,30.8
345.75,207.04,46.32,30.19
345.75,207.04,45.1,30.8
347.57,207.04,43.28,33.85
347.57,207.04,43.28,31.41
347.57,207.04,43.28,29.57
345.14,207.04,45.71,29.57
345.14,210.08,45.71,26.53
341.49,210.08,45.71,26.53
341.49,210.08,45.71,27.15
341.49,210.08,44.5,26.53
341.49,211.91,44.5,24.7
341.49,211.91,42.67,28.37
341.49,211.91,43.28,28.37
343.31,213.12,41.46,27.16
343.31,213.12,41.46,28.38
343.31,213.12,41.46,28.99
343.31,213.73,39.63,28.99
343.31,213.73,43.89,30.21
343.31,213.73,40.85,30.82
343.31,213.73,40.85,30.21
337.84,213.12,43.28,30.21
337.84,213.12,39.63,27.77
337.84,214.34,39.02,30.82
337.84,213.73,35.37,32.66
337.84,214.34,39.02,33.27
335.4,220.42,40.85,27.19
335.4,220.42,41.46,27.8
335.4,220.42,40.24,28.41
335.4,221.64,41.46,27.19
335.4,225.29,41.46,25.98
335.4,222.86,42.07,27.8
335.4,224.07,42.68,26.59
336.01,222.86,42.68,27.8
336.01,222.86,42.68,27.19
336.01,222.86,43.28,27.8
336.01,220.42,37.2,30.24
336.01,220.42,37.2,28.41
336.01,223.47,38.42,31.47
336.01,224.68,40.24,30.26
336.62,224.68,39.63,29.64
336.62,217.99,40.85,34.5
337.29,217.99,42.0,28.4
338.45,217.99,41.45,27.78
332.97,217.38,45.72,30.84
332.97,217.38,45.72,27.17
332.97,217.38,42.67,27.78
332.97,211.91,41.46,31.42
333.58,217.99,38.41,25.95
333.58,222.25,39.02,21.69
332.36,226.51,37.81,29.04
330.54,229.55,39.63,28.44
330.54,231.37,39.63,23.57
330.54,233.81,39.63,22.35
328.1,233.81,42.07,22.35
329.32,229.55,39.63,25.39
329.32,227.12,39.63,27.82
326.89,225.29,37.8,25.98
327.5,224.68,38.41,24.15
326.28,221.64,41.46,24.13
326.28,214.95,41.46,30.82
327.5,219.82,40.24,25.34
326.89,217.99,40.85,27.78
328.1,223.47,39.03,25.97
328.1,224.68,40.24,25.37
328.71,227.72,35.38,22.33
322.63,231.37,40.24,18.68
322.02,231.98,40.85,18.07
323.85,232.59,39.02,17.46
323.24,232.59,39.63,19.29
325.67,234.42,37.2,20.52
325.06,234.42,37.81,21.74
324.45,229.55,38.42,27.83
323.24,229.55,39.63,27.83
322.03,228.33,40.23,27.22
322.03,227.72,40.23,27.83
322.03,227.72,40.23,26.6
322.03,227.72,40.23,26.6
322.03,227.72,42.06,26.6
322.03,227.72,42.06,26.6
318.97,227.72,45.12,23.55
321.41,225.9,40.24,24.15
320.8,222.86,40.85,27.19
318.98,222.86,39.63,25.97
312.87,222.25,45.74,25.36
312.87,222.25,43.92,25.36
314.72,222.25,42.07,25.97
312.87,222.86,40.26,24.75
312.87,222.86,40.26,24.75
312.87,221.64,40.26,25.97
309.85,221.03,43.28,25.36
306.76,222.25,46.37,23.52
309.81,224.07,43.32,22.93
311.03,227.72,42.1,19.89
311.03,228.94,42.1,18.67
313.5,228.33,39.63,23.55
313.5,228.33,39.63,23.55
313.5,228.33,39.63,24.77
312.26,225.29,40.87,25.98
312.26,223.47,40.87,27.8
312.26,223.47,40.87,26.58
312.26,223.47,40.87,26.58
312.26,225.29,40.87,24.76
313.48,225.9,39.65,24.15
311.03,224.68,42.1,31.48
312.26,226.51,41.48,27.81
312.26,228.33,42.09,25.99
312.26,227.72,42.09,26.6
312.26,227.72,41.48,26.6
316.55,228.94,39.63,24.77
317.15,228.94,39.64,25.38
317.76,226.51,39.03,27.81
316.53,227.12,40.26,27.2
316.53,226.51,40.26,27.2
317.75,226.51,39.04,24.76
317.76,226.51,41.46,24.76
317.15,224.07,42.07,27.2
317.15,229.55,42.07,21.72
317.15,229.55,42.07,23.55
317.15,232.59,42.07,21.73
319.58,230.16,39.64,24.16
319.58,227.12,39.64,28.43
321.42,227.72,38.41,27.22
323.25,227.12,37.19,25.98
323.25,227.72,37.79,25.38
323.25,228.94,37.79,24.16
321.42,231.98,40.23,22.34
323.86,231.98,40.23,23.57
324.45,230.16,39.03,25.39
325.06,230.16,39.63,25.39
325.06,227.12,40.85,25.98
325.08,225.9,39.61,25.98
323.85,225.29,39.63,24.15
323.85,225.29,39.63,23.54
323.85,225.29,40.24,23.54
324.47,224.68,40.22,23.54
328.1,224.07,36.59,24.76
328.74,224.07,36.56,24.76
328.74,224.07,35.95,24.76
326.89,222.86,37.2,24.14
323.85,222.25,40.24,24.75
325.06,222.25,39.63,24.75
325.67,222.86,39.63,24.75
326.28,225.29,39.63,24.76
326.28,228.94,37.2,24.77
326.89,228.94,36.59,25.38
326.89,229.55,37.2,24.77
325.67,229.55,37.2,23.55
325.67,224.68,37.2,28.42
321.42,224.68,41.45,25.98
322.63,223.47,39.02,25.97
322.63,225.29,40.85,23.54
322.63,226.51,40.24,22.32
323.24,227.12,39.02,23.54
323.24,227.12,39.63,24.76
323.86,227.12,40.23,25.37
323.86,227.12,39.62,25.37
326.28,225.29,38.41,27.2
326.28,223.47,38.41,28.41
326.89,223.47,37.8,27.8
324.47,225.9,40.22,24.15
324.47,225.9,40.22,24.15
325.08,225.29,42.05,24.15
326.3,223.47,39.61,25.97
326.3,221.03,39.61,25.97
326.91,221.03,39.0,25.97
327.52,224.68,38.39,22.32
325.67,222.86,40.24,24.14
327.52,223.47,38.39,24.75
328.1,223.47,37.81,22.3
327.5,222.86,38.41,22.91
328.71,222.86,37.2,22.91
328.71,222.86,35.98,21.08
325.69,219.82,39.0,21.68
325.69,217.38,36.57,24.12
325.69,218.6,33.53,22.9
323.86,218.6,35.36,25.95
323.86,220.42,35.36,24.13
323.85,223.47,34.15,21.08
323.85,223.47,34.15,21.69
323.85,223.47,33.54,21.69
323.85,224.07,29.28,21.09
323.85,224.07,31.72,22.93
323.85,225.29,31.72,21.71
323.85,225.29,31.72,21.71
322.02,225.29,33.55,21.71
320.19,226.51,34.16,20.49
320.19,224.68,32.94,22.32
320.19,227.72,31.12,19.28
320.19,227.72,32.94,21.72
320.19,227.72,37.81,21.72
322.02,227.72,35.98,22.94
322.02,227.72,35.98,22.94
319.59,227.72,33.24,21.72
319.59,227.72,32.94,21.72
317.14,227.12,35.39,22.32
317.14,228.33,35.39,21.11
320.2,219.82,35.37,22.29
322.02,219.21,33.55,23.51
320.2,219.21,35.37,19.85
320.2,218.6,32.93,21.07
nan,nan,nan,nan
nan,nan,nan,nan
nan,nan,nan,nan
nan,nan,nan,nan
nan,nan,nan,nan
nan,nan,nan,nan
nan,nan,nan,nan
nan,nan,nan,nan
nan,nan,nan,nan
nan,nan,nan,nan
nan,nan,nan,nan
nan,nan,nan,nan
nan,nan,nan,nan
nan,nan,nan,nan
nan,nan,nan,nan
nan,nan,nan,nan
nan,nan,nan,nan
nan,nan,nan,nan
nan,nan,nan,nan
nan,nan,nan,nan
nan,nan,nan,nan
nan,nan,nan,nan
nan,nan,nan,nan
nan,nan,nan,nan
nan,nan,nan,nan
nan,nan,nan,nan
nan,nan,nan,nan
nan,nan,nan,nan
nan,nan,nan,nan
nan,nan,nan,nan
nan,nan,nan,nan
nan,nan,nan,nan
nan,nan,nan,nan
nan,nan,nan,nan
nan,nan,nan,nan
nan,nan,nan,nan
nan,nan,nan,nan
nan,nan,nan,nan
nan,nan,nan,nan
nan,nan,nan,nan
nan,nan,nan,nan
nan,nan,nan,nan
nan,nan,nan,nan
nan,nan,nan,nan
nan,nan,nan,nan
nan,nan,nan,nan
nan,nan,nan,nan
nan,nan,nan,nan
nan,nan,nan,nan
nan,nan,nan,nan
nan,nan,nan,nan
nan,nan,nan,nan
nan,nan,nan,nan
nan,nan,nan,nan
nan,nan,nan,nan
nan,nan,nan,nan
nan,nan,nan,nan
nan,nan,nan,nan
nan,nan,nan,nan
nan,nan,nan,nan
nan,nan,nan,nan
nan,nan,nan,nan
nan,nan,nan,nan
nan,nan,nan,nan
nan,nan,nan,nan
nan,nan,nan,nan
nan,nan,nan,nan
nan,nan,nan,nan
nan,nan,nan,nan
nan,nan,nan,nan
nan,nan,nan,nan
nan,nan,nan,nan
nan,nan,nan,nan
310.46,221.03,29.9,16.82
312.29,222.25,30.5,14.99
317.15,221.64,28.08,15.6
318.37,221.64,26.86,13.78
317.76,224.68,27.47,14.39
316.55,225.9,27.46,16.82
312.9,229.55,29.28,14.99
312.29,230.77,29.89,16.21
314.11,230.77,31.72,17.42
318.37,234.42,29.9,12.56
321.41,232.59,26.86,14.39
322.02,231.37,26.86,15.61
318.98,231.98,28.07,13.78
318.98,230.16,26.85,17.42
319.59,226.51,26.85,18.03
320.2,226.51,28.07,17.42
322.63,221.64,28.68,21.08
323.24,219.82,26.85,19.85
322.02,218.6,27.46,19.25
319.59,216.77,31.11,17.43
323.85,217.38,28.68,17.43
324.45,217.99,28.08,14.38
326.89,214.34,26.85,16.82
326.89,213.12,25.03,16.82
323.85,213.12,28.07,17.43
323.85,216.17,28.07,15.6
323.24,214.95,26.85,16.82
323.85,217.38,28.07,14.39
325.06,221.03,28.68,16.21
325.06,221.03,28.68,17.43
326.28,221.03,27.46,18.04
323.85,220.42,28.07,18.65
323.85,220.42,28.07,15.6
323.24,218.6,27.46,18.03
323.24,215.56,28.07,18.64
325.06,215.56,28.68,18.64
325.06,214.34,29.29,14.99
328.1,210.08,26.25,18.04
326.89,209.47,27.46,15.6
325.67,210.08,28.68,15.6
325.67,210.08,28.07,18.04
325.67,210.69,28.07,17.43
325.67,211.3,26.86,16.82
325.67,213.12,26.86,17.43
326.28,215.56,27.46,22.29
326.28,218.6,27.46,19.25
326.28,219.21,27.46,18.64
326.89,220.42,26.85,17.43
326.28,224.07,28.07,19.86
326.89,225.29,25.03,18.04
326.89,227.72,26.24,18.04
327.5,230.77,26.85,14.99
326.89,231.37,27.46,13.78
327.5,230.16,26.85,16.21
326.89,228.33,27.46,16.21
328.1,220.42,26.25,18.65
327.5,218.6,26.85,19.86
325.67,219.82,28.68,18.64
325.67,219.82,28.68,18.64
325.06,221.03,25.64,19.86
322.63,225.29,28.07,15.6
323.85,227.12,26.85,16.81
322.63,230.16,27.46,16.82
322.63,230.16,27.46,16.82
323.24,225.9,28.07,18.64
323.24,224.07,27.46,20.47
323.24,225.29,28.68,18.04
323.24,227.12,25.03,16.21
320.8,228.33,27.47,16.21
320.8,228.33,27.47,16.21
320.8,228.33,27.47,16.21
318.37,228.33,29.9,16.82
318.98,224.07,32.94,21.08
323.24,223.47,28.68,14.99
323.24,223.47,28.68,14.99
318.37,223.47,31.11,14.99
318.98,224.07,29.29,14.39
318.98,229.55,28.07,9.52
317.76,230.16,29.29,12.56
320.8,230.16,26.25,13.77
322.02,230.16,28.68,14.99
323.24,230.16,26.24,16.21
323.24,228.33,26.24,18.04
321.41,226.51,26.25,15.6
320.2,226.51,27.46,15.6
321.41,219.21,28.07,21.07
321.41,218.6,29.29,21.07
321.41,216.17,29.9,16.81
322.63,215.56,28.68,17.42
323.85,214.95,29.28,16.82
323.24,214.95,29.89,14.99
323.24,216.77,26.85,13.17
320.8,220.42,29.29,12.56
322.02,220.42,29.29,13.78
322.63,220.42,28.07,13.78
326.28,217.99,28.68,17.43
326.28,217.38,29.9,16.82
325.06,211.3,29.9,21.07
322.63,208.87,29.29,18.64
322.02,208.87,29.29,18.64
321.41,207.65,29.9,19.25
321.41,207.65,31.12,16.82
321.41,205.21,30.51,18.65
322.02,205.21,29.29,16.82
322.63,205.21,29.29,16.82
322.63,205.21,29.29,15.61
322.63,203.39,29.29,16.21
323.24,202.17,28.68,17.43
323.24,202.17,28.68,17.43
322.63,202.17,29.9,21.08
322.02,202.17,31.11,18.65
322.02,202.17,31.11,18.65
322.02,196.7,31.11,19.86
319.59,196.7,32.94,18.64
318.98,192.44,31.11,20.47
317.76,192.44,31.12,19.86
317.76,192.44,31.12,19.86
317.76,192.44,31.12,19.86
318.37,190.61,33.55,20.47
318.37,190.61,33.55,20.47
320.8,189.4,32.33,18.64
320.8,189.4,32.33,18.64
317.76,189.4,34.77,16.81
317.76,187.57,31.72,18.64
317.76,187.57,32.33,18.64
315.33,187.57,32.33,21.08
314.72,187.57,32.94,21.08
314.72,187.57,37.2,21.08
318.98,181.49,33.55,21.68
318.98,178.45,34.76,19.86
320.8,178.45,32.94,19.86
319.59,176.62,34.15,17.43
316.55,173.58,31.72,18.64
314.11,174.19,34.16,17.42
314.11,174.19,31.12,17.42
311.68,174.19,33.55,16.82
312.29,174.19,33.54,18.64
312.9,171.75,35.98,21.69
314.72,171.15,34.16,19.86
314.72,171.15,34.16,21.07
311.68,171.75,37.2,20.47
311.68,171.75,37.2,20.47
310.46,172.36,35.37,19.86
308.64,172.36,37.19,19.86
308.64,172.36,36.59,18.65
308.64,172.36,36.59,19.86
311.68,172.36,33.55,19.86
313.5,172.97,35.38,19.25
313.5,172.97,35.38,19.25
313.5,172.97,35.38,19.25
310.46,172.97,35.98,21.08
308.64,172.97,37.8,20.47
308.64,172.97,37.8,21.08
306.81,175.4,37.2,18.65
306.81,175.4,37.2,18.04
307.42,176.01,36.59,16.82
308.64,176.01,35.37,17.43
308.64,174.8,38.41,18.64
308.64,174.8,38.41,18.64
308.64,174.8,38.41,18.64
308.64,174.8,38.41,18.64
309.25,174.8,39.02,18.03
309.25,174.8,39.02,18.03
308.64,168.1,37.19,24.73
307.42,168.1,38.41,20.47
307.42,169.93,39.02,18.64
307.42,171.15,39.02,18.64
304.38,171.75,40.85,19.26
306.2,172.36,39.03,21.08
303.77,172.36,41.46,22.3
304.38,172.97,40.85,21.69
304.99,172.97,40.24,22.9
305.6,175.4,39.63,20.47
305.6,175.4,39.63,20.47
305.6,175.4,39.63,20.47
305.6,175.4,39.63,20.47
305.6,175.4,39.63,20.47
301.94,176.01,43.29,21.08
301.94,176.01,40.24,21.08
301.94,176.01,40.24,21.08
303.16,177.23,39.02,32.03
303.77,183.31,40.24,34.46
303.77,193.05,39.02,25.33
301.94,204.0,42.07,22.29
301.94,206.43,41.46,19.86
303.16,206.43,40.24,22.29
303.16,205.82,42.67,22.3
303.16,204.0,42.67,24.12
303.16,204.0,42.67,24.12
303.16,204.0,42.67,24.12
304.38,204.0,42.06,24.12
304.99,204.0,43.28,23.51
306.81,204.61,42.67,22.9
306.81,204.61,42.67,22.9
306.81,204.61,42.67,22.9
306.81,204.61,42.67,23.51
306.81,204.61,43.28,27.16
304.99,210.69,44.49,22.29
305.6,210.69,44.49,22.9
306.2,208.87,44.5,25.33
306.2,208.87,44.5,25.33
307.42,208.87,43.89,25.33
308.03,207.04,43.89,27.16
308.64,207.04,43.28,27.16
308.64,207.04,44.49,26.55
308.03,207.04,47.54,25.94
309.25,207.04,46.32,25.94
312.29,210.08,43.89,23.51
314.11,210.08,44.5,23.51
314.11,211.3,45.11,22.9
314.11,211.3,46.33,24.72
314.11,211.3,45.72,25.33
314.72,210.08,45.72,25.94
314.72,210.08,46.32,25.94
314.72,208.87,46.32,27.15
314.11,206.43,48.76,26.55
313.5,207.04,49.98,24.73
313.5,207.04,49.98,24.73
313.5,207.04,49.37,27.77
314.11,207.65,48.76,27.77
314.72,210.08,48.76,28.99
315.33,211.3,48.15,29.59
317.15,211.3,46.94,29.59
317.76,211.3,47.54,30.81
317.76,212.52,47.54,30.2
315.33,211.91,49.97,28.98
315.33,210.08,49.36,30.81
315.94,210.08,50.58,29.59
315.94,210.08,52.4,29.59
315.94,209.47,53.62,30.2
317.76,207.65,52.41,28.37
317.76,207.65,53.63,28.37
316.55,207.65,54.84,30.81
317.76,208.87,53.02,29.59
317.76,207.65,54.23,30.81
317.76,207.65,54.23,30.81
317.76,207.65,54.23,30.81
317.76,207.04,51.8,31.42
317.76,207.04,51.8,31.42
317.76,207.04,53.02,31.42
317.76,207.04,53.02,31.42
317.76,207.04,54.23,30.81
317.76,207.04,54.84,30.81
317.76,206.43,55.45,31.42
317.76,205.82,55.45,32.03
317.76,204.61,56.06,33.24
317.15,204.61,56.67,32.63
316.55,204.61,57.27,31.41
316.55,204.61,54.23,30.81
316.55,205.82,56.05,29.6
316.55,205.82,56.05,31.42
316.55,205.82,57.27,31.42
317.76,206.43,57.28,32.03
317.76,206.43,58.49,32.03
318.37,206.43,58.49,32.03
318.37,206.43,58.49,31.42
318.37,205.82,59.1,32.03
318.37,204.61,59.1,33.24
318.37,204.61,57.88,33.24
318.37,205.21,59.71,32.64
318.98,205.21,59.71,32.64
317.76,205.21,60.93,35.68
317.76,205.21,60.93,35.68
318.37,205.21,60.92,36.29
318.37,206.43,61.53,36.29
318.37,207.04,61.53,35.68
315.94,207.04,62.75,35.68
315.94,207.04,63.96,35.68
316.55,206.43,63.35,32.64
316.55,205.82,62.14,33.25
316.55,205.21,62.74,33.86
316.55,205.21,63.35,33.86
313.5,204.61,65.19,32.02
313.5,204.61,65.19,32.02
312.9,204.0,65.79,32.63
312.29,204.0,67.0,32.63
312.29,204.0,67.0,32.63
313.5,206.43,63.97,32.03
314.72,209.47,62.75,30.81
313.5,208.87,63.97,32.02
314.11,208.87,63.97,33.24
314.11,208.87,63.97,35.06
314.11,208.87,64.58,35.67
314.11,210.08,64.58,35.68
315.94,210.08,63.35,36.9
315.94,210.08,63.96,36.9
315.33,210.69,65.18,36.89
314.72,208.87,68.22,38.11
314.11,208.26,68.23,37.5
312.9,208.26,70.04,36.89
312.9,208.26,70.04,36.89
312.9,208.87,70.04,36.28
312.9,208.87,70.04,36.28
312.9,208.87,70.04,36.28
312.9,211.91,70.65,33.24
314.11,211.3,70.05,36.28
314.11,211.3,70.05,36.28
314.11,208.87,70.05,38.71
312.9,209.47,71.87,36.29
312.9,208.26,71.87,37.5
312.9,208.26,71.87,36.89
312.9,208.26,71.87,36.28
313.5,207.65,71.27,36.89
314.11,205.82,70.66,38.72
314.11,205.82,71.27,37.51
313.5,206.43,71.88,35.68
313.5,206.43,71.88,35.68
313.5,207.04,71.88,35.68
313.5,206.43,71.27,38.72
314.11,204.61,70.66,39.93
315.33,205.82,73.09,37.51
316.55,205.82,71.87,38.11
314.72,206.43,67.62,38.11
310.46,206.43,69.44,37.5
310.46,208.87,69.44,35.06
310.46,210.08,68.23,38.72
310.46,211.91,68.83,38.11
309.85,211.91,73.7,38.11
312.9,211.91,71.87,39.93
313.5,211.91,71.27,41.15
314.11,211.91,70.66,42.37
311.68,211.91,73.09,44.8
306.81,212.52,74.92,42.36
306.81,212.52,73.7,42.36
304.38,212.52,76.13,44.8
303.77,213.73,77.96,42.98
303.77,213.73,78.57,42.98
303.77,213.73,78.57,42.98
302.55,214.95,79.79,41.76
303.77,215.56,77.35,41.15
303.77,215.56,77.35,41.15
303.77,215.56,77.35,41.15
302.55,215.56,76.74,40.54
301.34,215.56,77.95,39.32
301.34,211.3,77.95,43.58
301.34,211.3,77.95,43.58
301.34,211.3,77.95,43.58
301.34,211.3,77.95,43.58
301.34,211.3,77.95,43.58
298.9,211.3,80.39,43.58
298.9,211.3,77.96,43.58
298.9,211.3,77.96,45.41
298.9,211.91,78.57,44.8
298.9,214.95,79.79,41.76
298.9,214.95,79.79,41.76
298.9,214.95,79.18,41.76
298.9,214.95,79.18,41.76
298.9,214.95,79.18,41.76
298.9,214.95,79.79,41.76
298.9,214.95,80.39,41.76
298.9,214.95,80.39,41.76
298.9,214.95,80.39,41.76
298.9,214.95,80.39,41.76
298.9,214.95,80.39,41.76
298.9,214.95,80.39,41.76
298.9,214.95,84.65,41.76
298.9,214.95,84.65,41.76
298.9,214.95,84.65,41.76
298.9,216.77,86.48,39.94
298.9,214.95,87.09,41.76
298.9,216.77,87.09,39.94
298.9,216.77,87.09,39.94
297.69,216.77,88.3,42.37
295.25,216.77,91.35,42.37
295.25,216.77,91.95,41.76
300.73,216.77,87.08,41.16
300.73,215.56,88.3,42.37
302.55,214.95,87.7,44.19
302.55,213.12,88.3,46.02
300.12,211.3,88.91,44.19
300.12,211.3,88.91,44.19
300.73,210.08,88.3,47.24
301.94,210.08,87.7,49.06
301.94,210.08,88.91,49.06
303.77,210.08,88.3,50.89
304.38,210.08,87.69,50.89
304.38,210.08,87.69,50.89
304.38,210.69,87.69,50.28
303.16,210.08,89.52,50.89
301.94,210.08,91.35,48.45
302.55,210.08,90.74,49.06
302.55,210.08,90.74,49.06
302.55,210.08,90.74,49.06
302.55,210.69,90.74,48.45
302.55,210.69,90.74,48.45
303.16,210.69,91.34,49.67
303.16,210.69,92.56,49.67
303.16,210.69,92.56,49.67
302.55,210.69,93.17,52.1
301.34,210.08,94.38,51.5
300.12,210.08,95.6,51.5
300.12,210.08,93.78,51.5
296.47,210.08,96.82,50.89
295.86,209.47,97.43,50.28
295.25,208.26,98.04,49.67
295.25,207.04,98.04,50.89
295.25,205.82,98.04,52.11
298.9,205.82,94.39,53.93
292.82,205.21,100.47,52.11
292.82,204.0,98.64,53.32
292.82,204.0,98.64,53.32
290.99,205.82,100.47,55.15
291.6,206.43,99.86,54.54
290.39,207.04,101.07,53.93
290.39,207.04,101.07,53.93
290.39,206.43,99.25,54.54
288.56,206.43,101.08,52.71
288.56,203.39,101.08,55.75
288.56,203.39,101.08,55.75
288.56,203.39,101.08,55.75
287.34,204.0,101.69,58.18
286.13,204.0,101.07,56.36
286.74,206.43,99.86,53.93
283.69,207.65,101.69,53.93
283.69,207.65,101.08,53.93
283.69,207.04,101.69,54.54
283.69,207.04,101.69,54.54
283.69,204.61,101.69,56.97
281.26,204.61,104.73,55.75
281.26,204.0,104.73,55.75
274.57,204.0,111.42,55.75
274.57,204.0,110.2,55.75
272.74,204.0,110.81,55.14
272.74,204.0,107.77,55.75
272.74,204.0,107.77,55.75
272.74,204.0,107.16,55.14
272.74,204.0,107.16,55.14
272.74,204.0,107.77,55.14
272.74,204.0,109.6,55.14
272.74,204.0,109.6,55.14
272.74,204.0,112.64,55.14
277.0,203.39,108.99,56.97
276.39,203.39,109.6,56.36
276.39,204.0,108.99,55.75
275.18,204.0,110.2,55.75
275.18,204.61,110.2,55.14
275.18,203.39,108.98,56.97
274.57,203.39,108.98,56.97
274.57,203.39,110.2,56.97
274.57,203.39,110.81,56.97
274.57,203.39,110.81,56.97
276.39,203.39,111.42,55.75
277.61,203.39,110.2,55.75
276.39,203.39,112.03,56.97
276.39,203.39,112.03,56.97
275.79,203.39,112.63,57.58
275.79,205.82,112.63,55.15
275.18,207.65,113.24,60.01
275.18,207.65,111.42,60.01
275.18,207.65,113.24,60.01
275.18,207.65,113.85,60.01
275.18,207.65,113.85,60.01
275.18,207.65,113.85,60.01
275.18,207.65,115.07,60.01
275.18,207.65,115.67,60.01
277.0,207.65,113.85,59.4
278.22,207.04,113.24,58.79
275.79,206.43,116.28,59.4
274.57,204.0,117.5,61.83
273.96,204.0,118.11,60.62
274.57,205.82,116.89,58.8
275.18,205.82,116.89,60.62
275.18,205.82,116.28,61.23
275.18,206.43,116.28,63.66
275.18,208.26,117.5,63.05
275.79,208.26,116.89,64.27
275.79,208.87,118.11,63.66
275.79,208.87,116.89,63.66
275.79,208.26,117.5,64.27
275.79,207.65,118.11,64.88
275.79,207.65,118.11,64.88
275.18,207.65,119.32,63.66
275.18,207.65,119.32,63.05
275.18,207.65,119.93,63.05
277.0,207.65,118.11,63.05
278.22,207.65,117.5,63.66
278.22,207.65,118.11,63.05
278.22,207.65,117.5,61.23
278.22,207.65,117.5,61.23
277.0,207.65,118.72,61.23
276.39,207.65,119.94,63.05
277.0,207.65,119.94,63.66
277.0,207.65,118.72,66.09
278.22,208.87,117.5,64.87
278.83,208.87,117.5,64.26
278.83,208.87,116.28,64.26
278.83,208.87,116.28,63.05
278.83,208.26,118.11,63.66
278.83,208.26,118.11,63.66
278.83,208.26,119.32,63.66
278.83,208.26,119.93,63.66
278.83,208.26,119.93,63.66
280.04,208.26,119.94,67.92
280.65,208.26,119.33,67.92
280.65,209.47,114.46,66.71
280.65,210.69,118.72,65.49
281.26,210.69,116.89,65.49
281.26,208.87,116.29,62.44
278.83,208.87,118.72,62.44
274.57,211.3,121.76,61.83
274.57,212.52,120.54,60.61
277.61,212.52,118.72,60.61
278.22,212.52,118.11,60.61
280.04,212.52,118.11,61.83
281.26,212.52,117.5,61.83
280.04,212.52,119.33,61.83
280.04,212.52,119.94,61.83
280.04,211.91,119.33,62.44
280.04,212.52,116.9,61.83
278.83,211.91,119.32,63.05
278.83,213.12,121.76,61.84
280.65,213.73,119.94,61.84
280.65,216.77,119.94,58.8
280.04,217.38,121.16,60.62
280.04,217.99,121.76,60.62
280.04,217.38,120.55,61.23
282.48,216.17,120.54,60.01
283.69,216.17,119.94,60.01
282.48,216.17,121.15,61.22
281.26,216.77,122.98,60.02
281.26,216.17,124.19,60.62
282.48,216.77,122.97,59.41
283.69,216.77,121.76,60.62
283.69,217.38,120.55,60.01
283.69,215.56,120.55,61.23
283.69,213.73,120.55,63.06
283.69,213.73,121.76,63.06
285.52,216.17,120.54,60.01
286.74,218.6,119.93,57.58
284.91,218.6,122.37,59.4
284.3,217.99,122.37,60.01
284.3,217.99,123.59,60.01
284.3,216.77,123.59,61.84
284.3,216.77,122.98,63.67
283.09,216.17,124.19,63.66
283.09,216.17,124.8,63.66
284.3,216.77,124.2,62.45
284.91,217.38,122.98,61.23
285.52,216.17,122.37,62.44
285.52,216.17,122.37,62.44
286.13,216.77,121.76,61.84
286.13,214.95,121.76,63.66
286.13,214.34,122.37,64.27
286.13,214.34,122.37,64.27
282.48,214.34,126.02,64.27
281.87,214.34,124.19,63.66
281.87,214.34,124.19,63.66
281.87,214.34,125.41,63.05
283.09,214.95,125.41,62.44
283.09,213.12,125.41,64.27
283.09,213.12,125.41,64.27
283.09,214.34,125.41,63.05
283.09,214.34,126.01,62.45
283.69,214.34,125.41,62.45
283.69,214.34,125.41,62.45
283.09,214.95,126.62,64.88
283.09,216.77,127.23,63.06
283.69,218.6,127.24,61.84
283.69,217.99,127.85,62.45
283.69,216.77,127.85,66.71
283.69,217.38,128.46,66.1
284.91,216.77,128.45,67.32
284.91,216.17,129.67,67.31
284.91,214.95,129.67,67.31
281.26,214.95,131.49,66.7
281.87,214.34,130.88,64.88
281.87,212.52,130.88,67.31
283.69,212.52,129.06,68.52
284.3,213.73,128.45,68.53
284.3,213.73,128.45,68.53
281.26,213.73,131.49,68.53
281.26,214.95,131.49,67.31
281.87,214.34,130.88,67.92
281.87,214.34,132.1,67.92
281.87,213.12,132.1,69.14
281.26,211.3,133.32,70.35
282.48,211.3,133.32,69.14
284.3,211.3,132.1,68.53
283.09,210.69,133.31,67.31
283.09,208.87,133.92,69.13
283.09,208.87,135.14,69.13
283.09,208.87,135.14,69.13
284.3,210.08,134.54,67.92
284.91,208.26,135.15,69.74
284.91,208.26,136.36,69.74
286.13,208.26,135.14,69.74
286.13,208.26,135.14,69.74
286.13,208.26,135.14,69.74
286.13,208.26,135.75,69.74
283.09,208.26,138.79,69.74
286.74,209.47,135.14,69.14
287.95,208.87,133.93,69.74
286.74,209.47,135.14,69.14
286.13,210.08,134.53,69.75
285.52,210.69,134.54,68.53
286.74,210.08,135.14,69.14
286.74,210.69,135.75,68.53
287.34,210.69,135.15,67.31
287.34,210.69,135.15,67.31
287.95,211.3,134.54,66.7
289.17,211.91,133.32,66.09
290.39,211.91,132.71,67.31
290.99,212.52,131.5,66.7
290.99,213.12,132.72,66.71
289.17,213.12,134.54,69.14
289.17,214.95,133.32,67.31
290.99,214.95,130.89,69.14
290.99,217.38,132.72,66.71
295.86,217.38,127.24,67.31
298.29,220.42,124.81,64.88
294.04,220.42,129.67,65.49
294.04,221.03,128.45,65.49
293.43,222.25,127.23,65.49
293.43,222.25,126.63,67.92
292.21,222.86,129.06,69.13
292.21,223.47,128.45,67.92
292.21,225.29,128.45,64.88
294.04,225.9,127.23,64.27
295.25,225.9,126.02,66.09
295.25,228.94,126.02,63.05
294.64,228.94,126.63,63.05
294.64,228.94,126.63,63.05
293.43,230.16,127.84,61.83
293.43,230.16,127.84,61.83
295.86,230.16,125.41,61.83
295.86,230.16,125.41,62.44
297.08,222.86,124.8,69.74
297.08,224.07,125.41,68.53
297.69,226.51,124.8,64.88
298.29,226.51,122.98,64.27
299.51,226.51,121.76,64.27
300.12,226.51,122.37,64.27
302.55,229.55,120.55,62.44
301.34,230.16,121.76,62.44
300.73,230.77,122.37,64.27
301.34,231.37,122.37,64.27
301.94,231.37,121.77,64.27
303.16,231.37,120.55,63.06
303.77,233.81,119.94,60.62
304.99,234.42,119.32,63.05
305.6,235.63,117.5,62.45
304.38,235.63,119.33,67.31
303.16,229.55,119.94,69.14
297.69,228.33,122.37,64.27
293.43,228.33,123.58,61.84
293.43,227.72,127.23,61.84
298.29,218.6,119.33,69.14
297.69,218.6,120.54,63.05
297.69,218.6,122.37,63.05
297.69,218.6,121.15,62.44
297.69,218.6,121.15,62.44
297.69,218.6,121.15,62.44
297.69,218.6,121.15,62.44
297.69,218.6,121.15,62.44
297.69,218.6,121.15,62.44
297.69,218.6,121.15,62.44
296.47,220.42,122.37,60.02
296.47,220.42,122.37,60.02
292.21,220.42,125.41,60.62
292.21,220.42,125.41,60.62
292.21,220.42,125.41,60.62
292.21,209.47,123.59,71.57
286.13,208.87,126.62,64.87
285.52,210.08,127.23,63.05
286.74,215.56,126.01,64.88
287.34,219.82,125.41,63.66
288.56,218.6,124.8,65.49
289.17,218.6,125.41,65.49
289.17,220.42,125.41,64.27
288.56,220.42,126.02,66.71
286.74,222.25,124.19,66.09
280.65,223.47,130.28,65.48
280.65,224.07,130.28,64.88
281.87,225.29,129.06,60.62
281.87,219.82,127.84,66.09
282.48,220.42,127.23,64.88
281.26,220.42,128.45,64.27
281.26,212.52,127.84,70.35
280.65,212.52,128.45,68.52
280.04,212.52,129.06,67.92
275.79,211.3,133.31,69.74
275.79,211.3,132.1,69.74
275.18,210.69,132.71,70.35
275.18,210.69,132.71,70.35
273.35,210.69,133.93,71.57
271.53,212.52,135.75,70.96
270.31,214.95,136.36,78.26
270.31,216.77,136.97,76.44
270.31,218.6,138.19,75.22
268.48,219.21,140.02,75.22
270.92,219.21,137.58,73.39
272.13,219.21,135.15,71.57
272.13,218.6,135.15,70.35
272.13,218.6,135.15,70.35
272.13,213.73,135.15,75.22
267.27,211.3,139.4,72.18
267.27,211.3,139.4,70.96
267.27,211.3,139.4,70.96
267.27,211.91,139.4,70.35
267.27,212.52,138.18,69.74
266.05,212.52,131.5,69.74
259.97,212.52,137.58,69.74
259.97,212.52,136.97,70.35
259.97,212.52,136.97,70.35
258.75,213.12,138.19,75.22
258.14,216.17,137.58,75.22
258.14,217.38,136.97,74.01
258.14,217.38,136.36,73.4
258.14,218.6,135.15,72.18
258.14,219.21,135.15,71.57
255.1,222.86,137.58,69.74
255.1,222.86,136.36,69.74
253.28,222.86,134.53,70.96
252.67,224.68,130.27,69.14
255.1,225.9,127.84,71.57
255.71,228.94,127.23,68.53
255.71,228.94,127.23,70.35
256.32,231.98,126.62,68.53
255.71,231.98,126.63,70.36
255.1,232.59,127.24,69.14
255.1,232.59,127.24,69.14
256.32,233.81,126.62,70.96
256.93,233.81,126.01,70.96
257.53,235.63,125.41,69.14
259.36,236.24,124.19,67.92
258.75,234.42,130.28,67.92
260.58,236.24,130.88,67.92
262.4,236.24,129.06,67.92
263.62,236.24,133.32,69.75
266.66,236.85,130.89,69.14
269.09,236.85,129.67,69.75
269.7,236.85,129.06,70.35
267.88,236.24,131.49,70.96
267.88,236.24,130.27,70.96
267.88,236.24,130.27,71.57
266.66,236.85,131.49,70.96
266.66,236.85,131.49,70.96
266.66,237.46,131.49,70.35
267.27,236.24,133.32,69.75
267.88,236.24,133.32,69.75
268.48,234.42,130.89,71.57
267.27,231.37,129.67,72.18
267.27,231.37,129.67,71.57
267.27,230.16,129.06,72.18
266.66,228.94,130.28,71.57
267.88,228.94,130.27,70.35
268.48,228.94,130.28,70.96
266.66,232.59,132.71,69.14
266.66,232.59,132.71,69.14
266.66,232.59,132.71,69.14
266.66,232.59,132.71,69.75
266.66,232.59,132.71,69.75
266.66,232.59,126.63,69.75
266.66,231.37,127.84,71.57
266.66,229.55,128.45,73.39
267.27,230.16,129.06,72.78
267.27,228.94,129.06,74.0
264.23,229.55,132.71,71.57
264.23,230.77,132.71,70.35
264.23,231.37,132.71,69.75
264.23,231.37,132.71,69.75
264.23,230.77,132.71,70.35
264.23,230.77,132.71,70.35
263.62,230.77,133.32,70.35
263.62,230.16,133.32,70.35
263.62,230.16,133.32,70.35
263.62,230.77,133.32,70.35
263.62,231.37,130.88,69.75
263.62,231.37,130.88,69.75
256.93,233.81,137.57,71.57
256.93,235.02,133.92,70.36
256.93,235.02,133.92,70.36
256.93,236.85,133.32,68.53
256.93,236.85,134.53,68.53
256.93,236.85,134.53,68.53
256.93,236.85,134.53,68.53
259.97,236.85,132.71,69.75
259.97,238.07,133.32,68.53
259.97,238.07,133.32,68.53
259.97,238.07,134.53,68.53
259.97,238.07,135.75,68.53
259.97,238.07,135.75,68.53
259.97,235.02,135.75,71.58
259.97,235.02,135.75,71.58
259.97,235.02,132.1,71.58
259.97,235.02,132.71,71.58
259.36,235.02,133.32,70.36
259.36,235.02,134.54,70.36
259.36,235.02,135.14,70.36
259.36,235.02,135.14,70.36
259.36,235.02,136.97,70.36
259.36,235.02,136.97,70.36
259.36,228.94,136.97,76.44
263.01,228.33,135.75,68.53
263.01,226.51,135.75,70.35
263.01,226.51,135.75,70.35
263.01,226.51,135.75,70.96
263.01,226.51,136.36,77.04
263.01,227.72,136.36,75.83
263.01,228.94,136.36,74.61
263.01,227.12,136.36,76.43
263.01,226.51,136.36,77.04
263.01,226.51,136.36,77.04
266.66,233.81,132.71,72.18
266.66,233.81,134.54,72.18
268.48,233.81,133.93,72.79
269.7,234.42,135.15,73.39
269.7,235.63,135.75,72.18
269.7,232.59,136.36,75.22
270.92,228.33,138.79,78.27
270.92,227.72,138.79,78.88
270.92,227.72,138.18,78.88
270.92,227.72,138.79,78.88
270.92,227.72,138.79,78.88
270.92,227.72,138.79,78.88
271.53,228.94,138.79,77.66
274.57,228.94,135.75,75.22
275.18,228.94,135.75,74.61
275.18,222.86,137.57,78.26
275.18,222.86,137.57,78.26
275.18,222.86,137.57,78.26
277.0,220.42,139.4,74.62
277.0,220.42,139.4,74.62
277.61,217.38,138.79,77.66
277.61,217.38,136.36,78.26
275.18,221.03,138.79,75.83
276.39,224.07,136.36,74.62
277.61,230.16,135.14,77.65
277.61,230.77,135.75,75.83
278.83,231.37,134.53,75.23
278.22,231.37,134.53,77.05
278.22,231.37,134.53,77.05
276.39,229.55,136.36,77.05
275.18,228.94,134.53,77.05
275.18,227.72,133.92,78.27
274.57,227.72,135.75,76.44
273.35,227.72,136.97,76.44
273.35,227.72,136.97,76.44
275.18,227.72,133.92,73.4
275.79,227.72,135.14,73.4
276.39,227.72,135.15,72.79
278.83,227.12,133.92,75.22
280.04,227.72,133.32,74.62
281.87,227.12,130.28,75.22
281.87,227.12,130.28,74.0
282.48,228.33,129.67,74.01
285.52,233.2,129.06,72.79
287.95,235.02,126.63,72.79
290.39,235.02,124.19,70.97
289.78,233.81,126.62,72.18
289.17,233.2,127.84,72.18
288.56,228.94,128.45,74.0
288.56,224.07,129.06,77.66
288.56,224.07,130.28,77.66
290.39,224.07,129.67,75.83
291.6,230.16,131.5,70.35
291.6,230.16,132.11,70.96
291.6,230.16,132.11,77.65
291.6,231.98,126.63,75.83
291.6,231.98,126.63,73.4
291.6,230.77,131.5,74.61
291.6,230.16,131.5,75.22
291.6,229.55,131.5,75.83
291.6,228.94,131.5,76.44
294.04,227.72,129.06,74.01
294.04,227.12,130.88,74.61
289.17,225.9,130.28,74.61
288.56,225.29,130.89,75.22
288.56,223.47,130.89,77.04
290.39,223.47,129.06,76.43
290.99,224.07,128.46,75.83
290.39,224.68,129.06,78.87
289.78,228.33,123.58,75.22
285.52,228.33,127.84,77.05
282.48,230.77,129.06,74.61
283.09,230.77,126.62,74.61
283.69,230.77,126.02,75.22
285.52,229.55,122.37,69.74
283.09,228.33,124.8,70.96
283.09,228.33,124.8,70.96
283.09,226.51,124.8,70.96
283.09,230.77,124.19,66.7
283.69,230.16,123.59,72.18
283.69,229.55,122.98,72.79
283.69,231.37,122.98,70.97
283.69,231.37,122.98,70.97
280.04,231.37,126.63,71.57
280.04,230.77,122.37,72.17
280.04,228.94,118.11,74.0
279.44,226.51,118.71,72.18
279.44,225.29,118.71,73.4
278.22,230.16,122.98,73.39
278.22,230.77,122.98,72.78
278.22,230.77,122.98,72.78
278.22,230.77,119.33,72.78
278.22,230.16,118.11,73.39
278.22,228.94,116.89,74.61
278.22,227.12,116.89,76.43
272.74,227.12,123.59,73.39
272.74,226.51,123.59,74.0
272.13,225.29,121.16,69.75
272.13,225.29,121.16,69.75
272.13,225.29,119.33,69.75
272.13,220.42,119.33,74.62
272.13,221.64,119.33,73.4
272.13,222.86,119.33,72.18
270.31,225.29,119.94,69.75
266.66,225.29,121.76,69.75
259.36,225.29,126.02,69.14
259.97,225.9,124.8,68.53
259.97,225.9,121.76,68.53
259.97,226.51,119.93,67.92
259.36,228.94,119.93,66.1
259.36,230.16,119.33,64.88
258.75,230.16,118.11,64.88
253.88,230.16,122.98,64.88
253.88,230.16,106.86,64.27
252.67,229.55,118.72,64.27
252.67,227.72,118.72,66.1
249.02,225.29,117.5,68.53
249.02,223.47,117.5,70.35
249.02,224.68,115.67,67.92
245.98,224.68,118.71,67.92
242.93,227.72,116.29,67.32
241.72,228.33,117.5,66.71
238.07,228.33,118.72,66.71
233.81,228.33,122.98,64.88
233.2,227.72,123.59,66.71
235.02,229.55,121.16,67.31
238.07,230.16,118.11,66.7
238.67,232.59,117.51,64.27
238.67,233.2,118.72,64.27
239.89,234.42,117.5,65.48
238.07,235.02,113.85,66.71
235.02,235.02,115.68,67.32
235.02,234.42,113.86,56.97
235.63,227.72,114.46,63.67
236.85,225.9,113.24,61.84
235.02,222.25,113.86,65.49
235.02,222.25,113.86,65.49
231.37,222.25,113.86,66.09
228.94,228.94,116.29,60.62
224.68,228.94,116.29,61.84
222.86,239.28,118.11,52.71
225.9,239.28,118.72,56.36
225.9,240.5,118.72,56.97
225.9,240.5,119.33,58.79
225.9,237.46,118.11,63.66
225.9,236.24,118.11,64.88
225.9,235.63,113.24,64.27
225.9,233.2,113.24,64.88
225.9,233.2,113.24,64.88
225.9,236.85,113.24,63.66
225.9,235.63,113.85,64.27
225.9,235.02,113.85,64.27
225.9,233.2,110.2,64.88
222.86,232.59,113.24,63.66
222.86,231.37,113.24,64.88
222.86,230.16,113.24,66.09
222.86,230.16,113.24,66.09
222.86,230.16,113.24,66.09
222.86,230.16,113.24,66.09
222.86,230.77,108.37,65.48
222.86,230.77,108.37,65.48
222.86,231.37,108.37,65.49
224.68,231.37,110.2,64.27
224.68,236.85,110.2,58.79
226.51,236.85,105.94,59.4
226.51,236.85,105.94,59.4
225.29,236.85,107.16,59.4
225.9,236.24,107.16,60.01
227.12,234.42,106.55,61.83
228.33,233.2,106.55,61.84
228.94,233.2,107.16,61.23
229.55,229.55,108.38,64.88
230.16,229.55,107.16,64.88
230.16,231.98,107.16,62.45
230.16,232.59,105.94,61.84
230.16,232.59,104.72,61.84
231.37,233.2,103.51,61.23
231.37,235.02,103.51,59.41
231.98,237.46,103.51,60.01
233.2,236.85,102.9,59.4
235.02,235.63,102.3,60.62
237.46,235.63,101.68,60.01
238.07,235.63,101.07,60.01
238.67,235.02,100.47,60.62
239.89,235.63,99.86,60.62
240.5,235.63,99.86,60.62
240.5,235.63,99.86,60.62
240.5,235.63,101.08,60.62
243.54,235.02,98.64,58.8
245.37,235.63,97.42,58.19
246.58,235.63,100.47,58.19
246.58,235.63,100.47,58.19
247.19,235.63,100.47,58.8
247.19,235.63,98.64,58.8
247.19,235.63,98.64,58.8
247.8,235.63,98.03,57.58
247.8,235.63,98.03,57.58
248.41,235.63,98.64,56.97
248.41,235.63,99.86,56.36
249.02,237.46,96.81,54.53
248.41,237.46,97.42,53.32
249.02,236.85,96.81,52.71
249.02,236.24,96.81,53.32
249.02,236.24,96.81,53.32
249.02,236.24,96.81,53.32
249.63,236.24,96.81,53.32
249.63,236.24,95.6,52.1
251.45,236.24,93.78,52.1
251.45,236.24,93.17,52.1
251.45,236.24,91.95,53.93
251.45,239.28,91.34,50.89
251.45,237.46,93.78,52.71
252.06,237.46,92.56,51.49
252.06,235.63,91.95,53.32
252.06,235.63,91.95,53.32
252.06,236.85,92.56,52.71
252.06,236.85,90.73,52.1
252.06,236.85,90.73,51.49
238.07,238.67,98.64,49.67
238.07,238.67,99.25,49.67
244.15,238.67,93.78,47.24
244.76,238.07,94.99,46.62
245.37,238.07,94.38,46.62
245.37,238.07,94.38,46.62
245.37,238.07,93.16,46.62
245.37,236.24,90.73,47.85
245.37,236.24,90.73,46.63
245.98,236.24,90.12,44.8
246.58,234.42,89.52,44.8
247.19,234.42,88.91,44.8
247.19,234.42,90.74,45.41
248.41,235.02,89.52,46.02
248.41,235.02,89.52,46.02
245.98,235.02,90.73,46.02
245.98,235.63,89.51,45.41
245.98,235.63,92.55,46.63
248.41,235.63,90.73,46.63
248.41,234.42,91.34,47.23
248.41,234.42,91.34,47.23
249.63,234.42,90.73,47.23
252.06,235.63,90.12,47.24
252.06,235.63,90.12,47.85
252.06,235.63,88.91,45.41
253.28,235.63,87.69,45.41
254.49,235.02,87.09,45.42
255.1,234.42,91.34,46.62
261.18,235.02,88.3,45.42
261.79,235.63,88.91,45.41
261.79,239.28,82.83,41.76
261.79,238.07,82.83,42.97
259.97,237.46,83.43,43.58
260.58,236.85,85.25,42.37
262.4,236.85,84.04,42.98
259.97,236.85,85.86,44.8
261.18,236.85,87.09,45.41
261.18,236.85,87.7,45.41
261.18,236.85,88.91,43.59
261.18,235.63,87.7,43.59
261.79,235.63,86.48,42.98
262.4,235.63,85.87,42.37
263.01,235.02,87.08,42.37
263.62,235.02,87.08,42.37
264.83,235.02,85.87,43.59
264.83,235.02,85.87,42.98
264.83,233.81,86.48,42.37
264.83,233.81,86.48,42.37
264.83,233.81,86.48,42.37
264.83,233.81,86.48,42.37
266.66,233.81,81.61,42.37
266.66,233.81,81.61,42.37
266.05,233.81,82.22,42.37
266.05,233.81,83.43,42.98
266.05,233.81,85.26,42.98
266.05,236.24,84.04,39.94
261.18,236.24,87.7,39.94
261.18,236.24,86.48,40.55
261.18,239.89,86.48,36.9
261.18,239.89,87.09,37.5
261.79,239.28,86.48,38.72
261.18,231.37,79.18,45.42
261.18,231.37,79.18,44.81
259.97,225.9,80.39,47.23
260.58,223.47,82.82,48.45
261.18,221.64,81.0,50.28
266.66,222.25,76.13,38.11
265.44,222.25,77.35,38.11
261.79,224.68,81.0,45.41
259.97,243.54,76.13,33.25
259.97,243.54,76.74,35.68
259.97,243.54,76.74,36.29
259.97,243.54,77.35,38.11
261.18,243.54,76.14,37.5
262.4,231.98,78.57,37.5
264.23,231.98,75.52,28.99
263.01,221.64,73.09,33.85
258.75,213.12,76.13,36.29
257.53,208.26,76.75,39.32
253.28,204.61,74.91,38.11
252.06,210.08,73.09,36.29
255.71,217.99,71.87,41.76
261.18,225.9,65.19,38.72
262.4,230.16,68.83,39.32
262.4,241.11,73.09,38.11
258.75,241.72,72.18,36.89
255.1,242.33,70.66,36.89
242.93,240.5,77.35,36.89
245.37,239.89,74.91,37.5
250.84,239.89,73.09,33.24
255.71,236.24,68.22,36.89
258.14,236.24,65.79,36.89
260.58,235.63,71.26,33.25
258.14,233.81,73.7,36.28
259.36,236.85,72.48,36.28
256.93,236.85,74.91,38.72
255.71,245.37,74.92,33.24
256.32,246.58,74.31,30.81
258.75,241.72,68.83,35.07
263.01,239.28,63.36,38.11
266.05,236.85,68.23,38.11
266.05,240.5,68.83,34.46
266.05,240.5,68.83,34.46
266.05,240.5,67.62,35.07
266.05,240.5,67.62,33.24
264.83,240.5,68.84,33.24
264.83,241.11,67.62,32.63
264.83,241.11,67.62,32.63
268.48,241.11,65.19,32.63
269.7,236.85,65.79,35.07
270.31,236.85,66.4,34.46
270.31,236.85,67.01,34.46
269.7,236.85,68.23,34.46
269.7,236.85,66.4,35.07
268.48,239.89,68.23,31.42
268.48,239.89,66.4,31.42
269.09,239.89,65.79,30.81
270.92,239.28,65.18,30.81
269.7,239.28,67.01,27.77
269.7,236.85,66.4,27.77
272.13,236.85,63.97,33.85
273.35,240.5,61.53,31.42
266.66,240.5,68.22,32.03
268.48,240.5,66.4,32.03
269.09,241.11,65.79,31.42
270.31,241.11,64.57,33.85
275.79,242.93,59.7,30.2
275.79,242.33,63.96,31.41
275.79,242.33,64.57,31.41
275.79,242.33,60.92,29.59
275.18,242.33,61.53,27.15
275.18,240.5,64.57,27.16
275.79,240.5,63.96,27.16
275.79,239.28,62.14,27.16
277.0,239.28,62.14,27.16
277.0,236.85,63.36,28.38
277.0,235.02,63.97,28.99
277.0,235.02,63.36,26.56
277.0,235.02,64.58,25.34
277.61,245.37,63.36,27.16
272.74,247.8,67.62,31.42
273.35,247.8,65.79,33.24
273.35,247.8,65.18,33.24
273.35,246.58,65.18,34.46
273.35,245.98,68.23,35.06
275.18,244.15,67.0,26.55
276.39,241.72,62.75,26.55
277.0,238.67,62.75,29.6
277.0,238.67,58.49,28.99
277.0,238.67,59.71,28.99
277.0,239.89,60.32,27.77
277.0,239.89,60.32,27.77
277.0,239.89,60.32,27.77
277.0,238.67,60.32,27.77
277.0,238.67,60.32,27.77
282.48,238.67,56.05,28.99
280.04,238.67,59.1,29.6
280.65,235.02,58.49,31.42
278.22,235.02,61.53,31.42
280.04,236.85,59.71,30.2
280.04,238.07,59.71,28.98
280.04,238.07,59.71,28.98
280.04,238.07,59.71,28.98
279.44,236.24,60.31,30.2
277.0,236.85,62.75,28.98
280.04,236.85,60.93,27.16
281.26,237.46,59.71,28.98
283.69,239.89,56.67,27.16
286.13,239.89,54.23,28.99
279.44,241.11,60.92,26.55
273.96,238.07,60.92,30.81
276.39,238.07,59.71,25.94
278.22,232.59,55.45,29.59
279.44,230.77,57.88,31.41
280.04,231.98,56.06,26.55
281.26,231.37,56.06,25.95
278.22,235.02,56.06,26.56
275.79,236.85,57.27,26.55
274.57,238.67,59.71,27.77
278.22,236.24,54.84,30.81
276.39,236.24,56.06,29.59
277.0,235.63,55.45,29.6
278.22,234.42,56.06,30.2
277.61,233.81,56.06,26.55
275.79,233.2,53.01,30.81
274.57,231.37,54.23,32.64
270.31,232.59,57.27,29.59
270.31,232.59,57.27,29.59
271.53,232.59,56.05,32.03
272.74,233.81,54.84,27.77
275.79,232.59,51.79,27.16
275.79,232.59,56.05,27.16
275.79,232.59,56.05,27.16
270.92,231.37,54.23,26.56
272.74,231.37,52.41,28.99
272.74,231.37,52.41,28.99
273.35,237.46,51.19,29.59
273.96,238.07,50.58,28.98
273.96,240.5,50.58,26.55
273.96,239.89,53.02,27.16
272.74,236.85,54.84,29.59
272.74,236.85,54.24,27.16
273.96,236.85,53.02,27.16
273.96,236.85,53.62,28.38
273.96,236.85,51.19,28.98
275.18,236.85,52.4,28.38
276.39,236.85,51.19,27.16
276.39,236.85,51.19,27.16
278.22,234.42,51.19,30.81
278.22,235.63,49.97,32.64
277.61,236.24,50.58,32.03
277.61,236.24,50.58,32.03
280.04,238.67,48.15,29.6
280.04,238.67,48.15,29.6
283.09,235.63,51.19,30.81
286.13,235.63,52.4,27.77
286.74,233.81,51.79,27.16
283.69,233.81,54.84,27.16
282.48,234.42,54.23,27.16
282.48,234.42,51.8,27.16
284.3,234.42,48.15,29.59
290.39,235.63,46.32,27.16
291.6,234.42,47.54,27.76
293.43,234.42,46.32,27.76
292.82,233.2,48.76,27.16
290.39,230.16,51.79,28.98
288.56,231.98,53.62,28.38
288.56,231.98,51.19,29.6
288.56,233.2,43.28,27.77
290.99,230.16,46.33,27.77
297.69,228.94,42.06,30.2
297.69,228.33,46.93,28.99
294.64,228.33,49.98,28.38
294.64,228.33,49.98,28.38
293.43,228.33,49.36,28.38
290.99,228.33,51.8,25.34
293.43,227.72,48.15,25.95
294.64,227.12,45.72,25.94
294.64,227.12,46.94,25.94
294.64,227.12,47.54,25.94
294.64,227.12,46.94,28.37
292.21,228.33,48.15,29.6
292.21,228.33,46.93,27.16
292.21,228.33,46.32,25.95
294.64,227.72,43.89,24.73
293.43,227.72,45.1,25.95
293.43,227.72,45.71,25.95
293.43,228.33,46.32,27.16
290.39,230.16,49.36,27.77
290.39,230.16,43.89,27.77
289.17,232.59,46.32,27.77
292.21,233.2,43.28,29.59
292.82,236.24,42.06,26.55
294.04,236.24,44.49,22.9
293.43,235.02,45.1,24.12
293.43,235.02,45.1,24.12
293.43,235.02,43.28,21.69
291.6,235.02,45.11,20.47
290.99,231.98,44.5,25.95
291.6,231.98,43.89,29.6
294.04,238.67,42.67,25.34
294.04,238.67,42.67,24.12
294.04,238.67,45.71,24.12
294.04,238.67,45.71,24.12
294.04,238.67,43.89,22.91
295.25,238.07,42.68,24.72
295.86,236.24,43.28,24.12
294.64,236.24,45.11,21.69
294.64,229.55,43.89,25.33
296.47,229.55,42.06,24.12
298.29,227.72,40.24,27.77
296.47,234.42,42.67,25.33
297.08,234.42,40.85,27.76
295.25,235.63,42.37,29.6
296.47,240.5,41.76,24.12
297.08,241.11,41.15,23.51
297.08,241.11,42.06,23.51
297.69,241.11,41.45,18.64
298.9,237.46,40.24,22.29
298.9,236.24,40.85,21.69
300.12,236.24,39.63,21.69
300.73,234.42,41.45,24.11
301.94,234.42,40.24,27.16
300.73,235.02,41.45,25.95
300.73,235.02,39.33,22.91
300.73,230.16,40.85,26.55
302.55,229.55,39.03,21.68
301.94,222.86,39.64,24.72
300.12,222.86,40.85,19.86
300.12,221.03,40.85,24.12
299.51,222.86,39.02,27.77
300.12,227.72,41.46,25.95
300.73,230.77,41.45,25.94
300.12,225.9,40.24,25.33
300.12,225.9,40.24,25.33
300.12,228.33,40.85,22.9
300.12,228.33,38.41,22.9
296.47,225.29,42.06,22.9
296.47,225.29,42.67,22.9
298.29,225.29,40.85,23.51
298.29,225.9,40.85,22.9
299.51,226.51,41.46,21.68
299.51,227.72,41.46,20.47
299.51,219.21,41.46,24.72
299.51,219.21,39.02,19.86
298.29,213.12,38.42,22.9
295.86,211.3,40.24,19.86
294.04,207.04,38.41,21.68
294.04,207.04,38.41,21.68
295.86,210.08,40.24,30.81
296.47,218.6,40.85,24.73
300.73,228.94,40.85,22.29
300.73,238.07,40.85,23.51
295.86,237.46,37.81,22.29
293.43,235.63,41.45,21.69
293.43,236.24,41.45,20.47
297.69,235.63,42.06,19.86
301.94,235.63,40.24,17.43
302.55,235.63,40.24,19.25
298.9,236.85,44.5,21.68
298.29,236.85,44.5,20.47
298.29,236.85,41.46,20.47
297.69,235.02,40.84,20.47
295.86,233.81,42.67,22.29
299.51,234.42,38.42,22.29
303.16,234.42,37.2,19.25
301.34,234.42,39.32,17.42
299.51,226.51,42.67,21.07
297.69,226.51,41.76,19.25
296.47,223.47,40.54,19.86
293.43,218.6,42.06,18.64
292.82,216.17,41.46,21.07
294.64,214.34,40.24,19.86
297.69,211.3,40.84,23.51
297.69,211.3,40.84,23.51
295.25,210.69,42.07,21.08
290.99,200.35,44.2,22.9
291.6,204.0,40.85,22.29
292.21,204.0,40.24,21.07
291.6,194.26,40.55,25.95
292.21,194.26,40.85,24.73
294.64,194.26,39.64,25.95
292.82,195.48,42.06,27.16
289.78,197.91,42.67,25.95
287.95,204.0,42.68,28.37
289.78,210.08,40.54,25.94
287.95,214.34,42.07,20.47
287.95,212.52,43.89,22.29
290.39,213.12,42.67,20.47
290.39,212.52,42.67,16.2
290.99,205.21,39.33,22.91
287.95,205.21,42.07,19.26
287.95,201.56,42.07,22.91
287.95,201.56,42.07,22.91
287.95,201.56,42.07,22.91
287.95,201.56,42.07,22.91
287.95,201.56,42.07,22.91
287.95,201.56,43.28,22.91
289.78,201.56,41.45,21.69
289.78,201.56,41.45,21.69
287.34,201.56,43.59,22.91
283.69,200.96,45.41,22.29
283.09,200.96,42.06,22.9
281.26,200.96,41.46,24.11
281.26,200.96,41.46,24.11
281.26,200.96,42.67,24.11
283.69,200.96,40.24,21.68
284.3,197.31,43.89,22.29
284.3,197.31,43.89,22.29
284.3,197.31,43.89,22.29
282.48,197.31,44.5,24.11
280.04,200.35,45.41,23.51
280.04,200.35,42.98,23.51
280.04,200.35,42.68,23.51
281.87,200.35,45.71,23.51
281.87,200.35,45.71,23.51
283.09,200.35,44.49,24.72
283.09,200.35,42.67,24.72
281.26,200.35,44.5,24.72
281.26,200.35,43.89,25.94
278.83,200.35,46.32,27.16
277.61,200.35,47.54,28.37
278.22,200.35,46.93,28.37
278.22,200.35,46.32,28.37
279.44,198.52,45.71,24.12
279.44,198.52,47.54,27.16
278.22,202.78,46.93,24.73
279.44,204.61,45.71,24.72
280.65,207.65,45.11,23.51
279.44,207.65,46.32,24.12
279.44,207.65,46.32,25.94
282.48,207.65,42.67,24.12
281.87,207.65,43.28,21.68
281.26,206.43,46.32,20.47
283.09,200.35,44.49,22.9
283.09,200.35,44.49,22.9
283.09,200.35,45.1,21.68
283.09,200.35,45.1,18.64
284.3,200.35,43.89,22.9
284.3,200.35,43.89,25.94
284.91,200.35,46.32,26.55
284.91,200.35,46.32,25.33
284.91,200.35,46.32,25.33
285.52,200.35,45.71,25.33
285.52,200.35,45.71,25.94
285.52,200.35,45.71,27.16
284.3,200.35,46.93,27.16
284.91,200.35,47.54,25.94
285.52,200.35,46.93,26.55
286.13,197.91,46.32,28.38
287.95,197.91,44.5,27.77
287.95,198.52,42.07,27.77
286.13,198.52,43.89,28.38
286.13,198.52,43.89,28.38
286.13,199.13,43.89,27.77
286.13,199.13,43.89,27.77
285.52,199.13,44.5,31.42
287.34,202.17,46.33,30.81
289.17,202.17,44.5,33.85
289.17,205.21,45.11,30.81
289.17,205.21,45.71,30.81
285.52,206.43,49.36,31.42
285.52,207.04,49.36,30.81
285.52,207.04,49.36,30.81
285.52,210.69,48.15,27.16
285.52,210.69,48.15,27.16
286.74,210.69,46.93,27.16
286.74,210.69,46.93,27.16
287.95,210.69,48.15,26.55
287.95,205.21,48.15,28.38
286.74,205.21,46.32,27.77
286.74,205.21,46.32,27.77
285.52,205.21,47.54,25.34
285.52,205.21,47.54,25.34
287.34,205.21,45.72,24.73
287.34,205.21,48.76,24.73
287.34,205.21,48.76,24.73
286.74,205.21,48.14,26.56
286.74,205.21,48.14,26.56
286.74,205.21,48.14,26.56
286.74,205.21,48.14,26.56
286.74,205.21,49.36,26.56
288.56,205.21,49.37,24.73
288.56,205.21,51.19,20.47
288.56,205.21,51.19,20.47
288.56,205.21,51.19,20.47
288.56,205.21,51.19,20.47
288.56,205.21,51.19,21.08
289.17,200.96,49.36,25.33
290.39,200.96,48.14,26.55
290.39,201.56,51.79,25.95
295.25,202.17,49.37,22.3
295.25,197.31,49.98,27.16
295.25,197.31,46.33,27.16
293.43,196.7,48.15,27.16
291.6,196.7,49.98,25.94
291.6,196.7,49.98,25.94
291.6,196.7,49.98,25.94
294.04,196.7,47.54,28.98
294.04,196.7,47.54,28.98
293.43,201.56,49.97,27.16
293.43,201.56,48.75,27.16
293.43,202.17,48.75,26.55
293.43,202.17,48.75,26.55
294.04,202.17,48.14,23.51
294.64,202.17,46.94,23.51
294.64,202.17,48.15,23.51
294.64,202.17,48.15,23.51
294.64,202.17,48.76,23.51
292.21,202.17,51.19,27.77
291.6,202.17,51.19,28.38
291.6,202.17,51.8,28.38
293.43,202.17,49.97,25.34
293.43,198.52,52.4,28.99
293.43,198.52,51.19,28.99
293.43,198.52,51.19,28.99
293.43,198.52,51.8,28.99
293.43,198.52,51.8,28.99
293.43,198.52,52.4,28.99
293.43,198.52,53.01,28.99
293.43,198.52,53.01,28.99
293.43,198.52,53.01,28.99
293.43,198.52,53.01,28.99
293.43,198.52,53.01,28.99
293.43,198.52,53.62,28.99
295.86,198.52,53.02,30.81
295.86,198.52,50.58,30.81
295.86,198.52,52.41,30.81
292.82,197.31,56.06,30.2
292.82,197.31,55.45,32.02
294.04,197.31,56.05,34.46
294.04,200.35,53.01,31.42
294.04,200.35,57.27,31.42
297.69,200.35,53.62,32.02
293.43,200.35,58.49,30.2
293.43,200.35,59.1,30.2
293.43,200.35,59.1,30.2
293.43,200.35,57.88,30.2
292.21,200.35,58.49,30.81
292.21,200.35,58.49,30.81
292.21,200.35,59.1,30.81
295.25,203.39,55.45,28.38
296.47,203.39,57.27,27.16
296.47,203.39,56.66,27.16
296.47,203.39,58.49,27.16
290.39,203.39,61.53,30.81
289.17,203.39,62.75,26.55
290.39,200.35,60.92,29.59
291.6,200.35,59.71,30.2
293.43,200.35,58.49,30.2
292.82,200.35,60.31,32.02
291.6,200.35,61.53,32.02
291.6,200.96,61.53,31.41
291.6,202.17,61.53,28.99
291.6,202.17,61.53,28.99
291.6,202.17,62.14,28.99
292.21,202.17,62.14,28.38
290.99,202.17,63.36,28.38
290.99,191.83,63.36,38.72
290.99,191.83,63.36,38.11
290.99,191.83,63.97,37.5
290.99,192.44,64.58,36.89
290.39,192.44,65.18,37.5
290.39,192.44,65.79,36.89
290.39,192.44,65.79,36.89
290.39,192.44,65.79,36.89
291.6,194.87,64.58,36.29
289.17,194.87,69.44,39.94
289.17,197.91,68.83,36.9
289.17,197.91,68.22,36.9
289.17,197.91,68.22,36.9
289.17,194.87,68.22,39.94
289.78,194.87,68.22,39.33
290.39,194.87,67.61,39.33
290.39,194.87,67.61,39.33
290.39,194.87,70.05,38.72
290.39,194.87,70.05,39.33
290.99,194.87,70.05,39.33
290.99,194.87,70.66,39.33
292.21,194.87,69.44,38.11
292.21,193.66,70.05,39.32
291.6,193.66,74.31,39.93
292.21,193.66,74.31,39.32
292.21,193.66,74.92,39.32
295.86,193.66,73.09,37.5
297.08,192.44,76.74,39.33
297.08,192.44,76.74,39.33
297.69,192.44,76.74,39.93
297.69,192.44,77.95,41.15
297.69,192.44,74.3,41.15
294.64,192.44,77.35,41.15
294.64,192.44,77.35,41.15
294.64,192.44,78.57,43.58
295.86,196.09,76.74,42.37
295.86,196.09,76.74,44.19
295.86,196.09,76.74,44.8
294.64,196.09,76.75,42.37
294.64,197.31,77.96,41.76
292.82,197.31,81.0,42.36
292.82,197.31,81.0,42.36
292.82,197.31,81.0,44.8
292.82,197.31,79.78,44.8
291.6,197.31,81.0,45.41
290.99,197.31,82.22,45.41
290.99,199.13,82.22,42.98
288.56,199.74,84.65,42.98
287.95,197.91,81.0,45.42
284.91,197.91,84.04,42.98
284.91,197.91,85.26,42.98
284.91,198.52,85.26,42.37
284.91,198.52,85.26,42.98
283.09,196.7,86.47,42.37
281.87,195.48,85.87,42.37
281.87,194.87,85.87,42.98
279.44,194.87,88.3,49.67
279.44,196.7,88.9,48.45
280.65,199.74,87.69,45.41
280.04,199.13,88.3,43.59
280.04,199.13,88.3,43.59
280.65,199.13,87.69,44.8
280.65,199.13,88.91,44.8
281.26,199.13,87.69,45.41
283.09,200.35,87.08,47.84
284.91,200.35,88.91,50.88
286.74,200.96,87.69,50.27
286.74,203.39,90.73,47.84
286.74,203.39,93.16,47.84
286.74,201.56,97.42,49.67
288.56,202.17,96.82,46.02
288.56,200.96,96.82,47.23
288.56,199.74,99.25,48.45
288.56,199.74,99.25,48.45
288.56,197.91,98.64,50.28
288.56,197.31,100.47,50.88
288.56,196.09,101.08,52.1
290.39,196.09,100.46,47.84
290.39,192.44,101.68,50.89
290.39,192.44,102.9,50.89
287.95,193.66,105.95,51.49
287.95,193.66,106.55,51.49
286.74,196.09,107.16,50.89
286.74,202.17,106.55,51.5
284.91,202.78,105.94,56.97
284.91,203.39,107.16,56.97
284.91,204.0,104.12,56.36
284.3,204.0,107.16,56.36
283.09,204.0,110.2,55.14
283.09,204.0,110.2,54.53
283.09,203.39,108.37,55.14
283.09,202.78,109.59,55.75
280.04,200.35,111.42,55.75
279.44,200.35,111.41,55.75
272.74,200.35,114.46,56.36
271.53,200.35,115.67,56.36
271.53,202.17,115.07,56.36
273.35,202.78,113.25,56.36
273.96,202.78,112.64,56.36
273.96,202.78,113.24,56.97
273.96,204.61,113.85,55.14
269.7,204.61,113.24,55.14
269.7,204.61,110.81,55.75
269.09,204.61,113.85,57.57
269.09,204.61,113.85,58.79
267.88,204.0,115.06,62.44
266.05,204.0,115.68,61.83
264.83,202.17,116.9,63.06
258.75,200.96,122.98,59.4
258.75,200.96,121.76,58.79
259.97,200.96,120.54,58.79
261.79,200.96,118.72,59.4
261.79,200.96,118.72,59.4
260.58,200.96,119.32,59.4
260.58,200.96,119.93,59.4
260.58,200.96,119.93,59.4
259.36,200.35,122.37,60.01
257.53,200.35,124.81,60.01
256.93,196.7,125.41,63.66
253.28,195.48,129.06,63.66
252.67,194.87,129.67,64.27
252.67,194.26,127.84,65.49
252.67,194.26,125.41,64.27
249.63,194.26,128.45,64.27
249.63,194.26,127.84,66.71
249.63,194.26,127.84,66.71
249.02,197.31,128.45,65.48
249.02,197.31,128.45,65.48
246.58,198.52,130.89,66.71
232.59,199.13,143.05,68.53
231.37,199.13,140.62,69.14
231.37,199.13,140.02,70.35
228.94,199.13,138.19,70.96
228.94,199.74,138.19,70.35
228.94,199.74,139.4,70.35
230.77,199.74,137.57,70.35
230.77,199.74,136.97,72.79
225.9,197.31,141.84,75.22
220.42,197.31,145.49,72.78
220.42,197.31,144.27,71.57
219.21,194.26,145.48,73.4
216.77,194.26,147.32,72.18
213.73,193.66,147.31,69.74
213.73,193.05,139.4,70.35
213.73,193.05,140.01,75.22
211.91,193.05,141.22,75.83
208.26,193.05,144.87,75.83
208.26,193.05,144.87,75.83
204.61,196.09,147.92,78.26
204.0,196.7,146.7,80.69
202.78,196.7,147.01,80.09
201.56,196.7,145.19,80.09
200.96,195.48,144.87,77.65
200.96,191.83,144.87,81.3
198.52,191.83,146.1,84.96
195.48,191.83,149.14,86.17
193.66,192.44,150.96,85.56
193.66,192.44,150.96,86.17
193.05,194.87,151.57,83.74
193.05,197.91,150.96,83.74
193.05,197.91,151.57,85.57
193.05,197.91,151.57,85.57
193.05,197.91,151.57,85.57
193.05,199.74,151.57,86.78
190.61,199.74,154.01,86.78
190.61,199.74,154.62,86.78
191.83,199.74,158.26,86.17
191.83,199.74,159.48,86.78
193.66,197.91,157.65,88.61
194.26,197.91,157.05,86.18
194.26,195.48,157.05,88.61
194.26,195.48,157.05,88.61
191.83,195.48,158.87,88.61
190.61,196.09,158.87,90.43
190.61,199.13,158.87,91.65
190.01,199.74,158.87,93.47
190.01,202.17,159.47,94.08
188.79,202.17,160.69,94.08
183.92,202.17,165.56,94.08
183.92,206.43,165.56,89.82
180.88,206.43,168.6,91.04
180.88,205.82,168.6,92.26
178.45,205.82,171.64,92.26
177.23,205.82,172.86,92.26
177.23,205.82,172.86,92.26
177.23,208.26,172.86,89.82
177.23,208.26,175.9,91.64
174.19,205.21,180.16,94.08
174.19,205.21,182.6,92.87
174.19,204.0,183.2,94.08
172.97,200.35,185.03,97.73
172.97,199.74,186.25,98.34
169.32,199.74,192.33,99.55
166.28,199.74,195.37,99.55
166.28,199.74,195.37,99.55
166.89,199.74,194.76,99.55
169.32,199.74,192.94,99.55
169.32,199.74,196.59,101.38
169.32,199.74,196.59,101.38
171.15,199.74,197.8,103.81
171.75,199.74,199.03,105.03
172.36,199.74,201.46,106.86
172.36,200.96,203.89,107.46
172.97,202.78,206.32,108.68
172.97,203.39,206.93,108.07
174.19,203.39,208.15,109.9
174.19,201.56,208.75,111.73
174.8,201.56,208.14,114.16
174.8,202.17,209.97,113.55
174.8,201.56,210.58,116.59
174.8,200.96,212.4,117.19
172.97,199.13,214.84,120.24
166.28,199.13,222.14,123.28
165.06,198.52,220.93,125.72
163.24,198.52,223.36,125.72
154.11,197.91,230.05,126.33
149.25,197.91,230.04,124.5
144.38,196.09,234.91,125.11
138.9,195.48,239.18,134.23
135.86,195.48,236.13,134.23
135.86,195.48,234.92,134.23
133.43,194.26,237.35,134.84
132.21,191.22,237.96,136.67
129.17,190.61,240.39,137.28
122.48,191.83,247.08,140.32
120.65,191.83,248.91,140.32
110.31,191.83,258.03,142.14
101.79,194.26,265.95,140.32
99.359,199.13,265.33,136.06
94.492,199.13,267.16,137.27
90.234,200.35,270.81,134.23
89.017,200.35,271.42,133.01
79.283,200.35,278.72,132.4
72.591,197.31,276.29,136.05
66.508,196.7,282.37,136.66
52.515,194.26,294.54,139.71
51.298,194.87,295.75,138.49
56.165,194.87,290.27,136.67
56.165,193.05,290.27,138.49
56.165,192.44,290.27,140.92
58.599,190.01,287.84,143.35
59.207,188.18,286.62,143.97
52.515,185.75,293.93,146.4
51.298,185.75,295.14,146.4
43.998,181.49,300.62,151.26
39.74,181.49,298.19,151.26
25.747,181.49,309.74,152.48
23.314,181.49,306.1,153.7
16.013,181.49,309.75,154.91
14.188,184.53,309.14,154.31
12.971,185.75,310.36,156.13
10.538,181.49,307.92,161.61
10.538,177.84,307.92,165.87
7.4962,177.84,307.92,168.91
6.2795,177.84,309.14,168.91
nan,nan,nan,nan
nan,nan,nan,nan
nan,nan,nan,nan
nan,nan,nan,nan
nan,nan,nan,nan
nan,nan,nan,nan
nan,nan,nan,nan
nan,nan,nan,nan
nan,nan,nan,nan
nan,nan,nan,nan
nan,nan,nan,nan
nan,nan,nan,nan
nan,nan,nan,nan
nan,nan,nan,nan
nan,nan,nan,nan
nan,nan,nan,nan
nan,nan,nan,nan
nan,nan,nan,nan
nan,nan,nan,nan
nan,nan,nan,nan
nan,nan,nan,nan
nan,nan,nan,nan
nan,nan,nan,nan
nan,nan,nan,nan
nan,nan,nan,nan
nan,nan,nan,nan
nan,nan,nan,nan
nan,nan,nan,nan
nan,nan,nan,nan
nan,nan,nan,nan
nan,nan,nan,nan
nan,nan,nan,nan
nan,nan,nan,nan
nan,nan,nan,nan
nan,nan,nan,nan
nan,nan,nan,nan
nan,nan,nan,nan
nan,nan,nan,nan
nan,nan,nan,nan
nan,nan,nan,nan
nan,nan,nan,nan
nan,nan,nan,nan
nan,nan,nan,nan
nan,nan,nan,nan
nan,nan,nan,nan
nan,nan,nan,nan
nan,nan,nan,nan
nan,nan,nan,nan
nan,nan,nan,nan
nan,nan,nan,nan
nan,nan,nan,nan
nan,nan,nan,nan
nan,nan,nan,nan
nan,nan,nan,nan
nan,nan,nan,nan
nan,nan,nan,nan
nan,nan,nan,nan
nan,nan,nan,nan
nan,nan,nan,nan
nan,nan,nan,nan
nan,nan,nan,nan
nan,nan,nan,nan
nan,nan,nan,nan
nan,nan,nan,nan
nan,nan,nan,nan
nan,nan,nan,nan
nan,nan,nan,nan
nan,nan,nan,nan
nan,nan,nan,nan
nan,nan,nan,nan
nan,nan,nan,nan
nan,nan,nan,nan
nan,nan,nan,nan
nan,nan,nan,nan
nan,nan,nan,nan
nan,nan,nan,nan
nan,nan,nan,nan
nan,nan,nan,nan
nan,nan,nan,nan
nan,nan,nan,nan
nan,nan,nan,nan
nan,nan,nan,nan
nan,nan,nan,nan
nan,nan,nan,nan
nan,nan,nan,nan
nan,nan,nan,nan
nan,nan,nan,nan
nan,nan,nan,nan
nan,nan,nan,nan
nan,nan,nan,nan
nan,nan,nan,nan
nan,nan,nan,nan
nan,nan,nan,nan
