864.0,306.0,225.0,147.0
863.0,301.0,225.0,147.0
874.5,305.0,225.0,147.0
879.38,302.87,225.0,147.0
881.59,302.44,225.0,147.0
886.96,301.7,225.0,147.0
888.82,303.66,225.0,147.0
888.67,303.38,225.0,147.0
879.66,301.97,225.0,147.0
873.5,298.86,225.0,147.0
862.09,299.35,225.0,147.0
849.73,298.93,225.0,147.0
838.45,296.9,225.0,147.0
824.07,293.94,225.0,147.0
811.83,294.61,225.0,147.0
802.83,296.01,225.0,147.0
791.82,294.85,225.0,147.0
782.0,292.35,225.0,147.0
777.54,290.94,225.0,147.0
779.89,296.61,216.0,138.0
766.43,293.48,218.0,140.0
760.98,291.56,209.0,140.0
757.5,288.31,209.0,140.0
758.71,291.17,200.0,131.0
750.0,284.81,199.0,140.0
742.7,284.4,190.0,140.0
735.03,282.85,192.0,140.0
725.71,281.17,187.0,135.0
717.79,277.51,184.0,142.0
700.7,277.39,187.0,147.0
688.4,276.49,189.0,147.0
673.0,280.5,184.0,132.0
659.79,279.7,184.0,132.0
641.26,279.99,187.0,135.0
626.2,277.69,187.0,135.0
615.0,279.71,182.0,125.0
602.6,278.41,182.0,125.0
591.76,273.27,182.0,123.0
582.38,271.31,182.0,123.0
573.5,265.19,176.0,135.0
564.97,262.78,176.0,135.0
562.37,255.66,176.0,135.0
559.08,253.56,173.0,132.0
550.64,250.06,172.0,144.0
544.51,250.74,172.0,144.0
544.11,248.83,172.0,144.0
544.0,250.0,165.0,137.0
541.16,250.75,165.0,137.0
536.73,250.65,165.0,137.0
535.98,249.65,165.0,137.0
530.5,255.5,169.0,129.0
528.02,255.3,169.0,129.0
529.59,247.78,163.0,135.0
529.15,244.22,163.0,135.0
522.55,248.43,171.0,131.0
523.0,245.91,165.0,131.0
527.5,240.0,160.0,139.0
529.31,236.38,160.0,139.0
533.88,235.42,160.0,139.0
536.84,233.42,154.0,139.0
544.2,231.97,155.0,141.0
549.75,230.3,155.0,141.0
554.91,227.56,155.0,141.0
555.84,226.63,155.0,141.0
566.04,228.1,155.0,141.0
569.36,225.44,155.0,141.0
569.09,222.56,161.0,148.0
571.64,222.12,161.0,148.0
573.77,224.16,161.0,148.0
574.0,223.2,161.0,148.0
577.45,223.68,167.0,155.0
579.79,223.52,167.0,155.0
580.67,223.43,167.0,155.0
584.5,222.7,163.0,161.0
591.31,225.88,163.0,161.0
594.63,225.62,163.0,161.0
601.74,224.35,155.0,161.0
605.84,222.0,151.0,167.0
610.6,226.3,151.0,167.0
616.5,226.61,151.0,167.0
621.33,225.79,143.0,167.0
622.18,223.32,143.0,167.0
626.44,228.39,143.0,167.0
629.11,227.35,143.0,167.0
629.31,226.37,143.0,167.0
631.72,224.97,143.0,167.0
635.21,226.1,143.0,167.0
637.91,224.85,143.0,167.0
639.81,225.12,143.0,167.0
642.69,226.21,143.0,167.0
644.24,226.04,143.0,167.0
645.27,225.37,143.0,167.0
645.34,226.12,137.0,167.0
645.7,226.47,137.0,167.0
645.42,226.89,137.0,167.0
643.25,226.24,137.0,167.0
640.95,225.99,131.0,167.0
639.77,225.68,131.0,167.0
639.5,226.07,131.0,167.0
637.41,225.96,131.0,167.0
635.31,226.44,131.0,167.0
634.05,226.7,131.0,167.0
633.31,227.42,131.0,167.0
630.28,231.77,131.0,167.0
622.07,230.37,131.0,167.0
616.93,231.52,131.0,167.0
617.53,237.07,131.0,167.0
614.13,243.53,131.0,167.0
591.21,240.89,139.0,161.0
582.66,242.5,139.0,161.0
584.03,249.57,139.0,161.0
574.45,254.96,139.0,156.0
555.0,255.9,147.0,150.0
549.4,256.79,147.0,150.0
543.5,264.0,147.0,141.0
530.0,272.0,147.0,131.0
528.5,273.01,140.0,131.0
526.5,276.87,134.0,126.0
519.5,284.5,128.0,111.0
509.5,291.5,129.0,105.0
513.0,289.61,117.0,109.0
510.5,290.0,113.0,109.5
507.61,292.59,107.0,103.5
508.0,294.0,94.0,106.5
508.39,294.18,89.0,110.5
505.3,290.58,91.0,116.0
501.41,291.37,91.0,116.0
503.0,290.0,77.0,120.0
497.17,289.96,77.0,120.0
493.3,293.08,89.0,115.0
488.81,293.62,96.0,115.0
483.0,293.37,99.0,115.0
474.26,291.56,99.0,115.0
465.0,293.75,117.0,110.0
462.74,293.22,124.0,110.0
460.5,292.64,147.0,110.0
454.45,290.56,147.0,110.0
448.0,288.52,158.0,110.0
451.65,285.9,158.0,110.0
449.54,285.89,178.0,110.0
445.24,283.62,178.0,110.0
442.07,284.35,183.0,110.0
439.97,283.62,183.0,110.0
436.24,284.18,183.0,110.0
431.34,284.19,183.0,110.0
426.82,285.24,183.0,110.0
419.96,285.4,183.0,110.0
416.98,284.61,183.0,110.0
411.16,286.98,183.0,110.0
407.14,285.25,183.0,110.0
404.23,285.72,183.0,110.0
404.41,286.57,183.0,110.0
401.59,287.13,183.0,110.0
397.44,286.79,183.0,110.0
398.8,287.6,183.0,110.0
401.16,288.94,183.0,110.0
401.09,287.35,183.0,110.0
400.47,288.1,183.0,110.0
400.81,288.82,183.0,110.0
402.01,290.63,183.0,110.0
391.31,291.88,183.0,110.0
382.74,292.73,183.0,110.0
367.46,294.88,183.0,110.0
359.53,296.76,183.0,110.0
337.39,298.43,183.0,110.0
319.19,297.26,183.0,110.0
295.88,298.33,183.0,110.0
278.57,298.49,183.0,110.0
260.66,304.39,178.0,105.0
242.66,302.91,178.0,105.0
221.77,297.19,178.0,105.0
210.77,297.38,178.0,105.0
195.5,307.0,187.0,107.0
181.58,307.72,187.0,107.0
178.4,297.03,187.0,107.0
178.41,297.91,187.0,107.0
174.97,300.14,201.0,114.0
172.28,301.23,201.0,114.0
178.25,296.44,201.0,114.0
181.07,295.2,201.0,114.0
196.39,292.12,201.0,114.0
198.03,293.96,201.0,114.0
199.68,293.9,201.0,114.0
202.34,292.07,201.0,114.0
216.58,289.39,201.0,114.0
219.68,290.39,201.0,114.0
227.31,288.88,201.0,114.0
234.31,286.98,201.0,114.0
248.24,286.74,201.0,114.0
260.74,286.38,201.0,114.0
271.27,284.8,201.0,114.0
282.66,283.8,201.0,114.0
304.43,287.16,201.0,114.0
322.52,288.73,201.0,114.0
336.41,290.59,201.0,114.0
354.94,292.81,201.0,114.0
378.78,297.07,201.0,114.0
377.44,301.07,220.0,114.0
409.13,306.78,205.0,105.0
438.24,310.6,205.0,105.0
460.69,310.43,205.0,105.0
462.02,312.59,224.0,105.0
496.0,318.5,209.0,96.0
519.45,320.64,209.0,96.0
539.0,319.13,209.0,96.0
560.77,319.21,209.0,96.0
583.98,320.0,209.0,90.0
595.4,321.55,209.0,90.0
611.16,323.62,209.0,90.0
625.84,323.78,209.0,90.0
666.48,322.0,182.0,85.0
679.31,322.21,182.0,85.0
693.61,321.8,182.0,85.0
708.19,321.5,182.0,85.0
745.65,318.62,155.0,86.0
762.73,315.3,155.0,86.0
784.86,312.11,155.0,86.0
805.95,308.94,155.0,86.0
818.65,300.12,156.0,96.0
837.23,294.78,156.0,96.0
857.88,290.69,156.0,96.0
874.84,289.84,156.0,96.0
884.42,283.12,157.0,106.0
900.52,278.75,157.0,106.0
911.71,276.69,153.0,102.0
925.65,278.13,153.0,102.0
932.5,283.35,153.0,102.0
936.23,283.94,147.0,96.0
941.0,283.69,143.0,92.0
946.24,284.53,143.0,92.0
952.16,293.81,143.0,92.0
949.96,296.87,137.0,86.0
948.34,296.34,137.0,86.0
947.95,299.33,137.0,86.0
954.69,304.92,137.0,86.0
954.96,304.37,133.0,82.0
960.03,305.32,133.0,82.0
962.85,308.48,133.0,82.0
969.61,311.33,120.0,80.0
975.5,308.81,108.0,76.0
983.69,311.17,104.0,72.0
988.99,313.57,100.0,68.0
996.7,315.63,87.0,66.0
1004.1,314.73,79.0,66.0
1008.2,318.31,75.0,62.0
1015.0,318.92,71.0,58.0
1018.1,319.49,71.0,58.0
1021.1,320.41,69.0,56.0
1026.4,321.36,69.0,56.0
1032.2,322.12,69.0,56.0
1034.3,322.74,69.0,56.0
1041.3,326.34,67.0,54.0
1044.9,325.76,67.0,54.0
1055.6,329.68,67.0,54.0
nan,nan,nan,nan
nan,nan,nan,nan
nan,nan,nan,nan
nan,nan,nan,nan
nan,nan,nan,nan
nan,nan,nan,nan
nan,nan,nan,nan
nan,nan,nan,nan
1119.0,333.0,94.0,66.0
1116.0,326.0,112.0,78.0
1121.0,330.5,108.5,75.5
1121.0,325.5,123.0,83.5
1122.5,325.5,131.5,90.5
1127.5,327.5,132.0,87.5
1134.5,325.5,128.0,87.5
1140.5,322.0,128.5,93.0
1146.5,322.0,126.5,93.0
1154.0,328.0,123.5,90.0
1158.0,325.0,120.5,89.5
1163.5,325.0,114.5,93.0
1170.0,329.0,108.0,87.0
1174.0,330.5,105.0,91.0
1179.0,331.5,99.0,85.5
1183.0,335.5,95.5,86.5
1190.5,334.0,87.5,85.0
1191.5,328.0,88.0,90.5
1198.5,325.5,81.5,89.0
1205.0,323.5,73.5,91.5
1209.0,317.5,71.0,94.5
1211.5,316.5,67.0,93.5
1215.0,311.0,65.0,104.0
1217.0,311.5,62.5,97.0
1216.5,310.0,63.5,97.5
1216.0,311.0,62.0,99.5
1203.2,311.21,76.8,101.61
1203.8,315.94,76.2,93.784
1201.1,314.47,78.9,94.912
1192.5,310.39,87.5,99.859
1169.5,309.04,110.5,94.385
1166.2,310.49,113.41,94.461
1162.6,311.81,117.4,95.959
1151.7,309.73,125.94,96.906
1134.7,308.35,136.3,97.322
1128.2,309.02,136.75,96.725
1121.5,311.38,146.56,97.094
1111.2,312.41,146.56,97.094
1091.8,313.44,155.56,97.094
1079.7,312.68,155.56,97.094
1073.5,310.54,155.56,97.094
1061.6,309.54,155.56,97.094
1041.6,309.45,155.56,97.094
1026.7,308.9,155.56,97.094
1023.1,306.95,155.56,97.094
999.0,306.96,159.56,101.09
983.29,306.75,159.56,101.09
968.95,305.57,159.56,101.09
957.78,305.03,159.56,101.09
928.37,306.3,163.56,105.09
914.56,307.07,163.56,105.09
897.35,305.39,163.56,105.09
874.74,302.87,163.56,105.09
858.27,302.98,163.56,105.09
850.75,304.24,163.56,105.09
845.8,303.43,163.56,105.09
814.06,303.28,172.56,108.09
804.03,303.5,172.56,108.09
807.38,302.23,172.56,108.09
793.21,302.0,172.56,108.09
771.98,304.65,181.56,111.09
761.26,304.66,181.56,111.09
758.19,302.27,181.56,111.09
740.54,301.42,181.56,111.09
736.2,301.75,181.56,111.09
730.64,300.83,181.56,111.09
719.56,301.14,181.56,111.09
713.0,301.48,181.56,111.09
709.32,302.11,181.56,111.09
706.46,303.01,181.56,111.09
702.06,304.03,181.56,111.09
690.51,306.18,181.56,111.09
685.36,306.5,181.56,111.09
683.02,306.95,181.56,111.09
680.5,305.58,181.56,111.09
673.67,305.51,181.56,111.09
668.6,304.67,181.56,111.09
668.61,304.19,181.56,111.09
669.09,301.89,181.56,111.09
671.85,301.17,181.56,111.09
670.74,302.51,181.56,111.09
670.46,304.25,181.56,111.09
671.91,303.05,181.56,111.09
678.51,303.0,181.56,111.09
679.93,301.14,181.56,111.09
684.15,301.92,181.56,111.09
690.95,302.0,181.56,111.09
697.26,301.16,181.56,111.09
696.92,296.28,181.56,111.09
701.3,295.36,181.56,111.09
707.58,296.08,181.56,111.09
710.79,294.59,181.56,111.09
707.33,293.34,181.56,111.09
705.11,292.89,181.56,111.09
700.71,292.57,181.56,111.09
700.48,289.65,181.56,111.09
699.99,289.81,181.56,111.09
689.97,290.54,181.56,111.09
681.85,289.68,181.56,111.09
678.49,286.9,181.56,111.09
680.14,286.43,181.56,111.09
671.58,287.07,181.56,111.09
667.91,286.88,181.56,111.09
666.64,286.5,181.56,111.09
667.16,287.25,181.56,111.09
665.16,287.98,181.56,111.09
667.31,288.69,181.56,111.09
673.0,288.9,181.56,111.09
680.64,289.32,181.56,111.09
680.5,289.92,181.56,111.09
682.18,289.64,181.56,111.09
686.59,288.57,181.56,111.09
693.62,288.79,181.56,111.09
695.2,288.91,181.56,111.09
697.16,289.23,181.56,111.09
699.45,290.17,181.56,111.09
701.68,292.52,181.56,111.09
702.28,293.43,181.56,111.09
698.95,293.13,181.56,111.09
699.93,294.52,181.56,111.09
700.32,295.98,181.56,111.09
697.52,296.91,181.56,111.09
691.26,294.74,181.56,111.09
688.34,294.22,181.56,111.09
685.54,293.32,181.56,111.09
679.4,294.38,181.56,111.09
677.01,294.06,181.56,111.09
674.94,294.2,181.56,111.09
672.98,293.34,181.56,111.09
668.33,294.15,181.56,111.09
664.46,293.32,181.56,111.09
663.13,292.91,181.56,111.09
660.02,292.39,181.56,111.09
656.29,293.11,181.56,111.09
651.16,293.52,181.56,111.09
643.77,292.88,181.56,111.09
633.24,291.48,181.56,111.09
623.8,291.71,181.56,111.09
613.77,292.93,181.56,111.09
600.84,293.17,181.56,111.09
588.34,294.3,181.56,111.09
579.81,290.83,181.56,111.09
568.4,290.38,181.56,111.09
557.2,289.96,181.56,111.09
547.94,290.42,181.56,111.09
540.31,286.63,181.56,111.09
531.01,285.52,181.56,111.09
522.3,284.45,181.56,111.09
515.34,282.93,181.56,111.09
506.75,282.03,181.56,111.09
498.53,280.42,181.56,111.09
492.0,279.12,181.56,111.09
486.95,277.33,181.56,111.09
482.29,275.85,181.56,111.09
477.63,274.36,181.56,111.09
482.22,264.93,161.56,123.09
479.34,262.87,161.56,123.09
467.61,268.47,161.56,123.09
470.7,260.98,161.56,123.09
476.93,251.38,141.56,135.09
471.66,256.48,141.56,135.09
462.87,262.82,141.56,135.09
468.98,255.92,141.56,135.09
468.09,254.25,141.56,135.09
464.02,259.04,141.56,135.09
467.19,255.29,141.56,135.09
469.75,256.75,141.56,135.09
470.18,256.76,141.56,135.09
471.41,256.57,141.56,135.09
475.31,254.29,141.56,135.09
477.3,256.59,141.56,135.09
478.46,257.74,141.56,135.09
480.4,258.47,141.56,135.09
482.82,259.32,141.56,135.09
484.48,260.24,141.56,135.09
486.72,260.96,141.56,135.09
489.66,262.42,141.56,135.09
492.25,263.28,141.56,135.09
495.07,263.58,141.56,135.09
499.57,264.76,141.56,135.09
504.07,265.72,141.56,135.09
509.4,267.27,141.56,135.09
506.99,264.86,141.56,135.09
511.04,266.04,141.56,135.09
521.91,269.56,141.56,135.09
527.42,270.3,141.56,135.09
518.44,266.87,137.56,134.09
520.8,266.98,137.56,134.09
535.91,271.76,137.56,134.09
538.54,271.52,137.56,134.09
534.0,272.5,133.56,133.09
535.0,272.14,133.56,133.09
539.08,270.02,128.56,130.09
539.04,269.23,128.56,130.09
541.0,273.52,128.56,130.09
540.74,273.4,128.56,130.09
537.23,270.28,123.56,127.09
536.1,269.85,123.56,127.09
537.81,271.75,123.56,127.09
535.98,271.48,123.56,127.09
534.3,271.14,123.56,127.09
532.68,271.12,123.56,127.09
531.19,270.9,123.56,127.09
528.81,270.57,123.56,127.09
527.49,269.94,123.56,127.09
525.85,269.82,123.56,127.09
524.3,269.51,123.56,127.09
524.31,269.32,123.56,127.09
523.81,268.88,123.56,127.09
522.39,269.3,123.56,127.09
521.4,269.75,123.56,127.09
521.24,270.3,123.56,127.09
520.47,270.28,123.56,127.09
518.91,270.68,123.56,127.09
516.98,271.31,123.56,127.09
515.55,271.41,123.56,127.09
515.23,271.98,123.56,127.09
515.38,272.19,123.56,127.09
513.0,269.62,132.56,127.09
513.01,270.01,132.56,127.09
514.86,274.27,132.56,127.09
515.17,275.79,132.56,127.09
512.96,274.58,141.56,127.09
513.45,276.17,141.56,127.09
516.7,275.78,147.56,121.09
517.22,277.56,147.56,121.09
515.19,283.79,147.56,121.09
517.72,280.5,147.56,121.09
519.54,277.4,153.56,115.09
519.37,283.93,153.56,115.09
518.23,290.07,153.56,115.09
520.85,285.35,153.56,107.09
521.19,287.52,153.56,107.09
520.52,297.11,153.56,107.09
521.07,299.0,153.56,107.09
521.35,298.56,153.56,99.094
521.78,299.97,153.56,99.094
522.83,303.63,153.56,99.094
523.72,304.31,153.56,99.094
524.44,304.94,153.56,99.094
524.14,306.35,153.56,99.094
527.37,303.12,153.56,99.094
529.0,302.69,153.56,99.094
531.29,302.81,153.56,99.094
532.66,303.72,153.56,99.094
536.92,300.0,153.56,99.094
539.59,299.18,153.56,99.094
542.7,298.09,153.56,99.094
545.78,297.3,153.56,99.094
548.94,303.51,153.56,99.094
552.26,302.39,153.56,99.094
554.68,293.48,153.56,99.094
556.65,292.1,153.56,99.094
559.33,305.61,153.56,99.094
561.9,304.41,153.56,99.094
564.37,287.96,153.56,99.094
566.3,294.16,153.56,99.094
568.75,300.17,153.56,99.094
570.45,291.74,153.56,99.094
572.99,288.97,153.56,99.094
574.25,295.03,153.56,99.094
576.67,287.39,153.56,99.094
579.05,279.94,153.56,99.094
581.16,286.32,153.56,99.094
581.9,285.36,153.56,99.094
584.64,277.12,153.56,99.094
587.27,277.44,153.56,99.094
584.93,272.99,145.56,112.09
585.66,269.75,145.56,112.09
590.64,267.93,145.56,112.09
591.86,267.57,145.56,112.09
584.74,266.56,137.56,125.09
584.44,262.81,137.56,125.09
590.88,258.03,137.56,125.09
590.68,257.83,137.56,125.09
586.53,261.87,137.56,125.09
585.74,261.21,137.56,125.09
588.81,256.93,137.56,125.09
588.25,256.81,137.56,125.09
583.12,258.8,137.56,123.09
582.88,258.66,137.56,123.09
586.89,256.66,137.56,123.09
586.36,256.49,137.56,123.09
577.21,263.28,137.56,121.09
576.97,263.48,137.56,121.09
585.12,256.74,137.56,121.09
578.99,264.02,137.56,121.09
574.29,268.7,137.56,121.09
580.04,261.51,137.56,121.09
581.16,262.68,137.56,121.09
575.25,269.8,137.56,121.09
575.31,264.78,137.56,121.09
580.4,257.54,137.56,121.09
576.73,263.56,137.56,121.09
576.2,263.14,137.56,121.09
575.52,258.06,137.56,121.09
574.08,258.37,137.56,121.09
572.71,258.45,137.56,121.09
570.93,258.4,137.56,121.09
568.5,258.53,137.56,121.09
567.01,258.75,137.56,121.09
564.83,258.76,137.56,121.09
562.75,259.13,137.56,121.09
560.52,259.17,137.56,121.09
558.72,259.44,137.56,121.09
556.19,259.81,137.56,121.09
554.65,260.19,137.56,121.09
553.14,260.56,137.56,121.09
551.71,260.95,137.56,121.09
549.66,261.43,137.56,121.09
548.57,262.13,137.56,121.09
547.05,262.8,137.56,121.09
545.77,263.14,137.56,121.09
544.25,263.8,137.56,121.09
543.05,264.56,137.56,121.09
539.56,266.07,137.56,121.09
540.48,269.01,137.56,121.09
540.44,270.3,137.56,121.09
540.48,271.16,137.56,121.09
546.31,273.12,137.56,121.09
548.37,276.41,137.56,121.09
541.88,277.77,137.56,121.09
543.08,278.75,137.56,121.09
553.75,280.63,137.56,121.09
554.39,281.82,137.56,121.09
551.69,283.15,137.56,121.09
551.87,284.32,137.56,121.09
554.32,285.95,137.56,121.09
559.25,287.21,137.56,121.09
559.01,288.59,137.56,121.09
557.55,289.96,137.56,121.09
558.29,290.84,137.56,121.09
564.98,291.7,137.56,121.09
559.4,292.81,137.56,121.09
557.4,293.51,137.56,121.09
559.71,294.21,137.56,121.09
560.41,295.0,137.56,121.09
558.93,295.64,137.56,121.09
556.67,296.14,137.56,121.09
559.55,296.79,137.56,121.09
559.05,299.31,137.56,121.09
559.63,299.93,137.56,121.09
560.86,295.61,137.56,115.09
556.86,296.3,137.56,115.09
560.56,299.75,137.56,115.09
562.71,299.79,137.56,115.09
559.34,298.39,137.56,109.09
552.29,298.61,137.56,109.09
558.16,297.21,137.56,109.09
560.5,295.27,137.56,109.09
552.84,299.91,137.56,109.09
550.85,300.93,137.56,109.09
553.95,297.86,137.56,109.09
556.6,296.31,137.56,109.09
557.85,293.2,137.56,109.09
555.61,298.68,137.56,109.09
560.5,296.81,137.56,109.09
562.19,291.85,137.56,109.09
563.62,291.9,137.56,109.09
561.92,296.08,137.56,109.09
559.44,297.44,137.56,109.09
567.36,286.74,137.56,109.09
566.03,291.33,137.56,109.09
559.19,296.93,137.56,109.09
559.75,295.13,137.56,109.09
568.43,289.6,137.56,109.09
561.91,291.61,137.56,109.09
553.77,297.08,137.56,109.09
571.38,292.03,137.56,109.09
573.0,291.87,137.56,109.09
558.16,293.34,137.56,109.09
557.72,292.71,137.56,109.09
575.02,291.93,137.56,109.09
577.66,293.7,137.56,109.09
569.0,291.31,137.56,109.09
569.71,290.29,137.56,109.09
570.8,290.65,137.56,109.09
574.67,291.07,145.56,109.09
573.36,287.97,145.56,109.09
570.79,285.18,145.56,109.09
567.85,287.98,145.56,109.09
571.11,285.12,153.56,109.09
569.51,279.69,153.56,109.09
566.25,279.56,153.56,109.09
568.68,281.81,153.56,109.09
570.34,276.86,153.56,109.09
570.17,269.89,153.56,109.09
571.08,270.71,153.56,109.09
570.93,270.2,153.56,109.09
572.63,269.7,153.56,109.09
573.86,263.7,153.56,109.09
577.02,260.6,153.56,109.09
578.59,258.71,153.56,118.09
580.83,262.64,153.56,118.09
582.72,261.32,153.56,118.09
583.29,258.07,153.56,118.09
585.23,257.88,153.56,127.09
587.7,260.17,153.56,127.09
590.74,262.45,153.56,127.09
590.94,262.23,153.56,127.09
588.36,259.26,153.56,127.09
591.09,262.35,153.56,127.09
598.84,267.8,153.56,127.09
597.06,265.08,153.56,127.09
594.48,261.7,153.56,127.09
601.25,268.04,153.56,127.09
607.14,272.11,153.56,127.09
604.99,267.14,153.56,127.09
610.08,270.2,153.56,127.09
617.67,275.89,153.56,127.09
617.78,274.29,153.56,127.09
618.32,273.73,153.56,127.09
622.93,278.53,153.56,127.09
626.23,279.98,153.56,127.09
628.32,278.99,153.56,127.09
630.3,280.98,153.56,127.09
632.34,280.14,153.56,127.09
630.7,282.38,153.56,127.09
631.02,281.79,153.56,127.09
635.48,282.59,153.56,127.09
639.84,285.49,153.56,114.09
634.92,287.19,153.56,114.09
630.61,280.71,153.56,114.09
632.96,281.48,153.56,114.09
635.54,287.85,153.56,101.09
635.44,283.35,153.56,102.09
634.22,273.05,153.56,103.09
638.28,274.38,153.56,104.09
640.5,276.52,153.56,104.09
639.63,272.34,153.56,105.09
641.95,265.12,153.56,106.09
645.3,259.95,152.56,107.09
642.68,260.77,152.56,107.09
636.4,250.34,152.56,126.09
638.61,245.75,152.56,126.09
635.27,244.83,151.56,126.09
627.36,241.84,151.56,126.09
624.13,234.64,151.56,145.09
621.37,229.76,151.56,145.09
618.49,233.86,151.56,145.09
620.64,232.73,151.56,145.09
618.13,239.56,144.56,145.09
613.95,236.87,141.56,145.09
615.18,238.91,141.56,145.09
616.18,240.74,141.56,145.09
611.42,243.51,134.56,145.09
613.11,241.9,131.56,145.09
617.25,251.42,131.56,132.09
613.85,256.56,131.56,132.09
607.48,257.59,131.56,128.09
611.41,256.98,131.56,128.09
620.12,259.01,131.56,115.09
615.95,264.62,131.56,115.09
610.32,267.3,131.56,111.09
616.38,270.41,131.56,111.09
623.81,265.67,131.56,111.09
619.28,267.93,131.56,111.09
618.35,270.07,131.56,111.09
622.74,272.48,131.56,111.09
625.59,273.97,131.56,111.09
628.13,274.48,131.56,111.09
631.73,274.38,131.56,111.09
633.84,276.42,131.56,111.09
635.33,278.16,131.56,111.09
638.87,279.08,131.56,111.09
642.63,283.12,131.56,111.09
645.24,285.16,131.56,111.09
648.23,285.85,118.56,98.092
651.69,289.64,118.56,98.092
650.88,294.1,118.56,98.092
647.52,292.3,118.56,98.092
651.49,295.38,105.56,85.094
658.86,299.67,105.56,85.094
653.27,297.01,105.56,85.094
647.22,294.8,105.56,85.094
647.25,296.79,105.56,85.094
652.16,300.46,105.56,85.094
651.74,301.69,105.56,85.094
647.05,296.73,105.56,85.094
643.84,292.96,105.56,85.094
643.48,296.56,105.56,85.094
645.75,298.72,105.56,85.094
651.31,295.11,88.56,81.094
654.3,298.32,88.56,81.094
650.23,300.12,88.56,81.094
646.98,296.8,88.56,81.094
651.13,297.28,71.56,77.094
657.25,302.87,71.56,77.094
658.24,305.92,71.56,77.094
654.8,300.97,71.56,77.094
649.13,299.78,71.56,77.094
650.7,301.54,71.56,77.094
653.65,301.28,71.56,77.094
650.66,298.02,71.56,77.094
650.06,300.69,71.56,77.094
645.03,299.36,71.56,77.094
644.16,297.3,71.56,77.094
649.23,301.34,71.56,77.094
649.81,300.34,71.56,77.094
643.17,293.94,71.56,77.094
641.27,295.12,71.56,77.094
649.07,302.71,71.56,77.094
651.08,302.69,71.56,77.094
648.77,296.69,71.56,77.094
646.41,296.0,71.56,77.094
648.71,301.0,71.56,77.094
646.77,301.7,71.56,77.094
644.72,299.22,71.56,77.094
650.55,301.9,71.56,77.094
651.65,303.64,71.56,77.094
649.37,301.51,71.56,77.094
643.95,299.06,71.56,77.094
647.48,302.16,71.56,77.094
654.03,305.05,71.56,77.094
655.88,305.08,71.56,77.094
647.71,300.5,71.56,77.094
643.7,301.65,71.56,77.094
654.14,307.34,71.56,77.094
655.35,305.15,71.56,77.094
650.89,302.94,71.56,77.094
647.14,305.54,71.56,77.094
651.24,306.41,71.56,77.094
655.14,304.48,71.56,77.094
654.38,305.13,71.56,77.094
649.54,305.93,71.56,77.094
648.84,302.24,71.56,77.094
652.93,301.89,71.56,77.094
647.75,301.41,71.56,77.094
645.56,300.96,71.56,77.094
649.55,301.89,71.56,77.094
649.2,301.05,71.56,77.094
643.78,299.28,71.56,77.094
644.27,299.08,71.56,77.094
648.58,301.59,71.56,77.094
646.7,301.13,71.56,77.094
644.0,301.63,71.56,77.094
643.35,301.73,71.56,77.094
644.42,301.94,71.56,77.094
643.65,302.19,71.56,77.094
641.16,302.88,71.56,77.094
640.37,302.89,71.56,77.094
641.49,302.9,71.56,77.094
640.9,302.79,71.56,77.094
642.15,302.5,71.56,77.094
642.92,303.39,71.56,77.094
641.44,303.04,71.56,77.094
639.3,301.13,71.56,77.094
640.61,302.34,71.56,77.094
641.82,303.65,71.56,77.094
641.67,303.45,71.56,77.094
639.72,301.44,71.56,77.094
638.23,297.14,71.56,88.094
639.51,297.48,71.56,88.094
641.13,301.5,71.56,88.094
639.81,299.88,71.56,88.094
638.98,294.57,71.56,99.094
642.26,295.14,71.56,99.094
642.69,299.47,71.56,99.094
639.87,300.06,71.56,99.094
640.33,297.77,71.56,99.094
642.15,296.64,71.56,99.094
642.05,298.37,71.56,99.094
640.61,301.84,71.56,99.094
640.51,300.52,71.56,99.094
640.05,298.81,71.56,99.094
639.24,298.28,71.56,99.094
639.29,298.47,71.56,99.094
640.47,299.99,71.56,99.094
639.36,301.29,71.56,99.094
635.51,299.25,71.56,99.094
634.88,296.65,71.56,99.094
635.72,298.2,71.56,99.094
634.55,300.17,71.56,99.094
634.21,299.03,71.56,99.094
631.69,299.81,71.56,99.094
629.23,303.25,71.56,99.094
627.13,302.78,71.56,99.094
629.75,300.36,71.56,99.094
632.11,302.8,71.56,99.094
629.9,307.15,71.56,99.094
626.22,307.6,71.56,99.094
625.35,306.24,71.56,99.094
629.26,309.28,71.56,99.094
628.56,312.6,71.56,99.094
624.97,313.02,71.56,99.094
624.37,314.67,71.56,99.094
625.78,317.55,71.56,99.094
625.18,319.79,71.56,99.094
619.73,324.62,71.56,99.094
613.52,332.06,71.56,99.094
612.73,336.79,71.56,99.094
612.16,343.03,71.56,99.094
608.66,351.51,71.56,99.094
601.6,358.76,71.56,99.094
597.27,365.73,71.56,99.094
596.47,371.46,71.56,99.094
596.94,374.44,71.56,99.094
595.86,376.25,71.56,99.094
594.04,379.06,71.56,99.094
594.38,380.52,71.56,99.094
594.32,381.69,71.56,99.094
595.95,382.29,71.56,99.094
596.46,383.68,71.56,99.094
594.44,385.85,71.56,99.094
595.18,390.47,71.56,99.094
598.78,391.61,71.56,99.094
599.51,393.29,71.56,99.094
597.48,395.72,71.56,99.094
598.19,400.24,71.56,99.094
600.21,401.23,71.56,99.094
601.97,402.34,71.56,99.094
604.36,403.36,71.56,99.094
604.17,404.11,71.56,99.094
604.65,404.6,71.56,99.094
598.14,403.38,78.56,106.09
599.76,403.38,78.56,106.09
603.03,405.87,78.56,106.09
600.54,406.59,78.56,106.09
595.27,404.94,85.56,113.09
596.38,404.55,85.56,113.09
599.75,407.47,85.56,113.09
594.27,408.17,85.56,113.09
597.04,408.38,85.56,113.09
600.92,408.43,85.56,113.09
600.73,408.94,85.56,113.09
597.91,409.43,85.56,113.09
598.0,409.68,85.56,113.09
599.19,410.01,85.56,113.09
598.95,410.23,85.56,113.09
600.03,410.53,85.56,113.09
599.61,410.98,85.56,113.09
599.56,410.53,85.56,113.09
599.42,409.85,85.56,113.09
592.86,406.9,97.56,125.09
593.39,405.58,97.56,125.09
600.9,403.03,97.56,125.09
593.77,400.0,93.56,121.09
588.16,396.91,105.56,133.09
594.52,392.51,105.56,133.09
599.57,390.07,105.56,133.09
593.5,389.5,101.56,129.09
596.56,390.43,101.56,129.09
602.34,387.7,101.56,129.09
602.1,385.31,101.56,129.09
604.07,388.03,101.56,129.09
605.99,390.33,101.56,129.09
607.84,388.04,102.56,130.09
609.59,384.61,102.56,130.09
612.57,386.03,103.56,131.09
610.58,387.3,107.56,135.09
611.52,385.65,108.56,136.09
616.98,384.13,108.56,136.09
619.17,384.8,109.56,137.09
613.35,384.92,113.56,141.09
613.19,385.14,113.56,141.09
620.82,385.08,113.56,141.09
619.99,384.94,113.56,141.09
616.97,384.91,113.56,141.09
618.61,384.13,113.56,141.09
622.15,384.06,113.56,141.09
620.19,383.56,113.56,141.09
620.4,383.18,113.56,141.09
624.44,382.35,113.56,141.09
625.09,381.89,113.56,141.09
626.05,381.7,113.56,141.09
628.27,380.7,113.56,141.09
631.5,379.08,113.56,141.09
633.84,377.86,113.56,141.09
635.96,377.51,113.56,141.09
633.0,374.5,117.56,151.09
633.79,372.27,117.56,151.09
641.01,372.72,117.56,151.09
640.04,371.65,117.56,151.09
635.85,368.9,121.56,161.09
636.68,367.28,121.56,161.09
641.07,368.63,121.56,161.09
641.3,368.09,121.56,161.09
640.37,368.05,121.56,161.09
640.78,367.92,121.56,161.09
641.63,367.74,121.56,161.09
642.5,367.82,121.56,161.09
641.15,368.18,121.56,161.09
635.98,368.45,121.56,161.09
640.32,368.25,121.56,161.09
639.76,367.7,121.56,161.09
640.02,368.03,121.56,161.09
640.7,367.93,121.56,161.09
642.16,367.92,121.56,161.09
639.44,367.5,121.56,161.09
639.31,367.73,121.56,161.09
644.62,367.01,121.56,173.09
644.55,367.72,121.56,173.09
641.94,368.0,121.56,173.09
640.11,368.0,121.56,173.09
641.42,367.42,121.56,185.09
642.84,368.51,121.56,185.09
641.41,369.25,121.56,185.09
639.55,369.47,121.56,185.09
641.22,370.19,121.56,185.09
641.43,370.62,121.56,185.09
639.16,371.26,121.56,185.09
638.56,371.81,121.56,185.09
636.41,372.33,121.56,185.09
635.9,372.17,121.56,185.09
636.29,372.72,121.56,185.09
634.84,373.77,121.56,185.09
629.04,373.95,121.56,185.09
628.15,373.63,121.56,185.09
626.95,373.6,121.56,185.09
625.12,373.63,121.56,185.09
625.41,373.13,121.56,185.09
621.58,371.4,121.56,185.09
619.1,370.27,121.56,185.09
621.88,369.17,121.56,185.09
627.2,366.13,121.56,185.09
623.51,361.11,121.56,206.09
625.16,358.94,121.56,206.09
629.72,359.48,121.56,206.09
628.22,354.39,130.56,216.09
630.81,348.71,130.56,237.09
638.25,349.68,130.56,237.09
640.54,351.66,130.56,237.09
638.46,346.82,139.56,247.09
641.31,341.21,141.56,249.09
647.49,342.04,142.56,250.09
642.22,334.87,158.56,266.09
646.8,342.71,158.56,266.09
655.5,346.41,160.56,268.09
652.67,333.04,161.56,269.09
645.76,323.07,177.56,285.09
648.78,329.9,177.56,285.09
656.76,334.78,177.56,285.09
651.04,316.54,177.56,314.09
649.28,311.99,177.56,314.09
648.38,309.34,177.56,314.09
647.03,305.53,177.56,314.09
643.18,295.86,177.56,343.09
642.02,290.41,182.56,364.09
640.55,289.24,182.56,364.09
637.65,288.82,185.21,360.16
628.8,279.86,198.78,374.04
627.0,274.5,208.78,392.54
623.02,274.66,208.78,392.54
616.21,271.93,211.43,388.62
609.27,263.32,225.0,402.5
600.5,255.0,232.5,415.0
594.59,252.25,232.5,417.5
588.05,242.09,232.5,417.5
581.63,234.51,232.5,417.5
575.25,220.5,235.0,440.0
571.63,207.5,235.0,447.5
566.22,198.31,240.0,452.5
557.3,192.97,240.0,452.5
557.25,182.0,242.5,462.5
553.96,168.5,247.5,472.5
550.0,161.5,255.0,480.0
547.44,158.28,260.0,485.0
546.0,152.5,265.0,490.0
544.5,147.0,272.5,497.5
542.0,140.5,280.0,505.0
540.5,139.0,290.0,515.0
540.5,141.0,295.0,520.0
541.5,142.5,302.5,527.5
539.0,142.0,310.0,535.0
538.5,145.5,320.0,545.0
539.12,149.58,322.5,547.5
538.0,151.5,330.0,555.0
534.5,151.5,337.5,562.5
534.0,154.0,345.0,567.0
534.12,154.58,347.5,566.42
534.12,155.39,350.0,565.61
528.5,152.0,357.5,569.0
523.5,151.0,362.5,570.0
522.84,152.6,365.0,568.4
522.04,155.41,365.0,565.59
517.54,155.14,367.5,565.86
510.5,153.5,372.5,567.5
507.42,152.42,372.5,568.58
505.79,154.6,372.5,566.4
502.64,152.91,372.5,568.09
498.0,148.37,375.0,572.63
494.62,144.93,375.0,576.07
492.23,142.73,375.0,578.27
490.37,138.3,375.0,582.7
487.65,132.54,375.0,588.46
486.02,129.88,375.0,591.12
483.39,125.47,375.0,595.53
481.76,123.67,375.0,597.33
480.45,121.7,375.0,599.3
479.62,121.41,375.0,599.59
475.53,118.81,375.0,600.0
474.26,114.34,375.0,600.0
474.45,113.49,375.0,600.0
474.14,113.67,375.0,600.0
472.03,112.63,375.0,600.0
471.12,107.46,375.0,600.0
472.35,106.97,375.0,600.0
471.86,106.42,375.0,600.0
473.1,107.65,375.0,600.0
469.75,108.31,375.0,600.0
467.56,111.86,375.0,600.0
465.56,120.94,375.0,600.06
464.01,128.94,375.0,592.06
459.65,131.62,375.0,589.38
454.8,136.06,375.0,584.94
450.9,146.29,375.0,574.71
447.25,152.06,375.0,568.94
442.25,151.48,375.0,569.52
435.74,150.79,375.0,570.21
428.84,148.78,375.0,572.22
422.77,147.74,375.0,573.26
416.67,146.02,375.0,574.98
407.81,143.52,375.0,577.48
400.22,141.16,375.0,579.84
392.98,139.59,377.5,581.41
386.67,134.6,380.0,586.4
384.0,135.97,382.5,585.03
377.08,136.62,387.5,584.38
373.67,138.73,390.0,582.27
370.39,136.14,392.5,584.86
369.0,137.0,397.5,584.0
363.0,137.0,405.0,584.0
363.17,140.73,407.5,580.27
364.59,143.39,407.5,577.61
363.12,141.14,410.0,579.86
363.54,138.38,412.5,582.62
369.17,133.6,415.0,587.4
374.68,127.35,415.0,593.65
378.62,121.85,415.0,599.15
385.78,112.32,415.0,608.68
395.97,103.63,415.0,617.37
403.41,96.589,415.0,624.41
408.68,86.134,415.0,634.87
416.07,71.078,415.0,640.0
427.16,61.361,415.0,640.0
433.92,46.988,397.5,667.5
439.25,39.219,397.5,667.5
442.1,33.481,397.5,667.5
448.94,25.543,397.5,667.5
452.5,10.429,380.0,695.0
457.57,5.7945,380.0,695.0
455.91,7.6368,380.0,695.0
452.93,6.1685,380.0,695.0
452.57,2.7021,380.0,695.0
454.41,1.0,380.0,694.48
452.41,1.0,380.0,694.77
448.02,1.0,380.0,694.83
441.42,1.0,380.0,693.37
439.6,1.0,380.0,694.04
440.4,1.0,380.0,694.9
438.07,1.0,380.0,694.38
430.75,2.8177,380.0,695.0
424.93,3.3792,380.0,695.0
425.11,7.5689,380.0,695.0
424.1,9.0004,380.0,695.0
421.25,11.078,380.0,695.0
414.96,17.067,380.0,695.0
413.34,26.301,380.0,694.7
410.97,29.252,380.0,691.75
405.06,34.121,380.0,686.88
404.47,41.619,380.0,679.38
400.35,49.744,360.0,671.26
397.72,53.961,360.0,667.04
391.6,60.558,360.0,660.44
389.31,63.751,360.0,657.25
388.0,65.095,340.0,655.9
391.87,69.537,340.0,651.46
390.62,72.307,340.0,648.69
384.86,72.77,340.0,648.23
387.75,73.861,340.0,647.14
393.37,77.889,340.0,643.11
393.3,80.964,340.0,640.04
391.67,82.261,340.0,638.74
395.9,84.664,340.0,636.34
398.33,89.497,340.0,631.5
399.49,93.793,340.0,627.21
404.19,97.385,340.0,623.62
408.38,101.76,340.0,619.24
411.04,107.04,340.0,613.96
417.16,111.23,340.0,609.77
431.32,117.55,310.0,603.45
439.81,123.64,310.0,597.36
440.63,125.65,310.0,595.35
447.62,131.38,310.0,589.62
461.1,141.0,280.0,565.0
474.59,149.69,265.0,540.0
476.53,150.85,265.0,540.0
480.06,151.86,265.0,537.5
483.78,158.4,265.0,535.0
489.94,164.69,250.0,510.0
497.57,168.06,250.0,510.0
498.53,162.58,250.0,510.0
497.17,164.07,250.0,510.0
498.75,164.91,250.0,510.0
508.16,166.66,250.0,510.0
509.7,163.55,250.0,510.0
505.58,163.08,250.0,510.0
504.13,163.23,250.0,510.0
513.37,164.02,250.0,510.0
519.17,163.68,250.0,510.0
517.04,160.37,250.0,510.0
515.5,162.11,250.0,510.0
519.81,162.98,250.0,510.0
525.0,160.21,250.0,510.0
525.59,156.27,250.0,510.0
527.65,156.87,250.0,510.0
525.46,154.89,250.0,510.0
523.53,151.87,250.0,510.0
525.86,150.15,250.0,510.0
529.17,147.77,250.0,510.0
523.96,146.03,250.0,510.0
517.26,145.13,250.0,510.0
518.24,143.9,250.0,510.0
519.8,143.37,250.0,510.0
512.51,142.87,250.0,510.0
507.92,139.13,250.0,510.0
507.5,138.02,250.0,510.0
506.11,143.87,260.0,520.0
503.78,143.44,260.0,520.0
502.15,134.01,260.0,520.0
498.77,132.1,260.0,520.0
492.64,136.82,270.0,530.0
493.87,136.27,270.0,530.0
498.79,130.59,270.0,530.0
493.88,129.19,270.0,530.0
485.07,126.68,270.0,530.0
483.77,126.34,270.0,530.0
489.17,127.06,270.0,530.0
487.32,127.26,270.0,530.0
482.73,125.44,270.0,530.0
484.92,125.37,270.0,530.0
485.29,128.15,270.0,530.0
483.58,130.8,270.0,530.0
482.51,127.57,270.0,530.0
482.97,125.45,270.0,530.0
484.5,127.5,270.0,530.0
483.67,130.36,270.0,530.0
480.7,126.61,270.0,530.0
478.35,124.44,270.0,530.0
478.17,123.83,270.0,530.0
481.83,119.28,270.0,547.5
479.98,123.77,270.0,547.5
477.65,127.22,270.0,547.5
477.06,127.83,270.0,547.5
481.27,123.73,270.0,565.0
481.57,129.7,270.0,565.0
479.07,134.64,270.0,565.0
478.49,136.37,270.0,565.0
478.88,139.12,270.0,565.0
477.56,140.61,270.0,565.0
477.39,143.53,270.0,565.0
475.68,141.21,270.0,565.0
475.08,141.58,270.0,565.0
473.75,145.81,270.0,565.0
470.43,149.06,270.0,565.0
466.67,140.05,270.0,565.0
465.38,141.36,270.0,565.0
467.54,153.41,270.0,565.0
467.37,144.12,270.0,565.0
463.42,137.78,270.0,565.0
467.85,150.6,270.0,565.0
486.29,160.29,270.0,560.71
495.42,146.1,270.0,565.0
496.51,140.83,270.0,565.0
504.95,129.3,270.0,565.0
526.01,129.63,270.0,565.0
531.4,155.79,270.0,565.21
541.89,131.44,270.0,535.0
545.41,101.22,270.0,535.0
552.32,94.265,270.0,535.0
555.06,124.86,270.0,535.0
566.52,101.0,270.0,497.5
566.95,93.655,270.0,497.5
562.51,89.035,270.0,497.5
562.67,94.07,270.0,497.5
550.48,108.69,270.0,490.0
551.56,115.31,270.0,460.0
529.79,117.51,270.0,460.0
508.0,112.39,282.5,460.0
479.89,140.33,300.0,460.0
465.0,140.06,315.0,430.0
431.11,138.78,325.0,430.0
397.5,140.66,347.5,430.0
374.5,152.25,375.0,430.0
344.5,154.06,400.0,417.5
339.08,159.12,410.0,417.5
312.5,174.41,410.0,407.5
292.4,176.86,420.0,407.5
271.6,202.0,430.0,375.0
275.63,211.58,430.0,367.5
265.5,210.25,420.0,357.5
248.9,207.29,420.0,357.5
253.1,237.5,400.0,317.5
226.06,242.0,397.5,307.5
215.57,237.06,397.5,307.5
205.0,232.97,370.0,307.5
210.3,245.67,350.0,287.5
180.5,255.0,332.5,270.0
142.41,257.3,332.5,270.0
118.5,263.42,287.5,252.5
98.295,260.67,265.0,260.0
73.0,264.46,230.0,245.0
26.0,274.0,210.0,235.0
1.0,266.92,168.0,235.0
nan,nan,nan,nan
nan,nan,nan,nan
nan,nan,nan,nan
nan,nan,nan,nan
nan,nan,nan,nan
nan,nan,nan,nan
nan,nan,nan,nan
nan,nan,nan,nan
nan,nan,nan,nan
nan,nan,nan,nan
nan,nan,nan,nan
nan,nan,nan,nan
nan,nan,nan,nan
nan,nan,nan,nan
nan,nan,nan,nan
nan,nan,nan,nan
nan,nan,nan,nan
nan,nan,nan,nan
nan,nan,nan,nan
nan,nan,nan,nan
nan,nan,nan,nan
nan,nan,nan,nan
nan,nan,nan,nan
nan,nan,nan,nan
nan,nan,nan,nan
nan,nan,nan,nan
nan,nan,nan,nan
nan,nan,nan,nan
nan,nan,nan,nan
nan,nan,nan,nan
nan,nan,nan,nan
nan,nan,nan,nan
nan,nan,nan,nan
nan,nan,nan,nan
nan,nan,nan,nan
nan,nan,nan,nan
nan,nan,nan,nan
nan,nan,nan,nan
nan,nan,nan,nan
nan,nan,nan,nan
nan,nan,nan,nan
nan,nan,nan,nan
nan,nan,nan,nan
nan,nan,nan,nan
nan,nan,nan,nan
nan,nan,nan,nan
nan,nan,nan,nan
nan,nan,nan,nan
nan,nan,nan,nan
nan,nan,nan,nan
nan,nan,nan,nan
nan,nan,nan,nan
nan,nan,nan,nan
nan,nan,nan,nan
nan,nan,nan,nan
1.0,329.63,169.29,121.46
1.0,330.82,204.77,121.46
1.0,322.16,245.3,121.46
18.047,320.42,277.45,121.46
29.525,328.01,277.45,121.46
69.751,327.46,277.45,121.46
113.43,320.35,277.45,121.46
173.9,319.39,277.45,121.46
188.4,329.63,277.45,121.46
215.47,329.79,277.45,121.46
237.93,329.62,277.45,121.46
291.01,323.21,252.45,121.46
313.74,325.45,252.45,121.46
329.42,330.45,252.45,121.46
350.53,329.28,252.45,121.46
387.11,321.04,227.45,121.46
409.88,320.46,214.95,108.96
420.86,326.5,214.95,108.96
448.8,326.65,214.95,108.96
471.1,324.08,204.95,108.96
482.69,322.04,192.45,96.46
510.45,322.18,184.95,88.96
536.43,321.72,184.95,88.96
554.65,323.0,174.95,88.96
572.7,321.04,174.95,88.96
603.85,320.74,167.45,81.46
622.43,319.27,167.45,81.46
648.47,323.14,167.45,81.46
678.0,323.5,142.45,71.46
697.32,324.12,142.45,71.46
709.95,324.84,142.45,71.46
741.32,326.51,142.45,71.46
770.74,326.54,117.45,61.46
787.15,325.7,117.45,61.46
796.27,325.9,117.45,61.46
818.77,326.18,117.45,61.46
832.55,325.38,117.45,61.46
842.43,323.99,117.45,61.46
851.26,320.84,117.45,61.46
863.59,318.96,117.45,61.46
867.68,317.08,117.45,61.46
874.04,314.97,117.45,61.46
880.46,312.17,117.45,61.46
885.82,311.28,102.45,61.46
890.33,309.67,102.45,61.46
896.12,307.49,102.45,61.46
900.04,305.69,102.45,61.46
902.87,304.02,87.45,61.46
907.35,301.92,87.45,61.46
911.13,300.86,87.45,61.46
911.44,298.27,87.45,61.46
913.29,296.32,87.45,61.46
919.33,292.3,87.45,61.46
923.45,292.06,87.45,61.46
925.62,290.51,73.725,62.73
929.74,290.29,73.725,62.73
938.45,288.31,73.725,62.73
939.75,288.22,73.725,62.73
942.6,287.13,60.0,64.0
945.69,286.76,60.0,64.0
950.97,286.6,60.0,64.0
950.31,286.5,60.0,64.0
951.38,284.67,60.0,64.0
952.47,284.35,60.0,64.0
952.37,284.87,60.0,64.0
952.78,284.85,60.0,64.0
952.96,283.72,60.0,64.0
951.6,284.15,60.0,64.0
951.89,285.59,60.0,64.0
951.1,287.03,60.0,64.0
950.66,287.77,60.0,64.0
947.49,289.11,60.0,64.0
950.5,290.41,65.0,64.0
948.75,292.03,65.0,64.0
943.82,292.94,65.0,64.0
941.19,293.82,65.0,64.0
936.0,293.94,85.0,64.0
934.15,294.6,85.0,64.0
928.77,295.44,85.0,64.0
926.74,296.35,85.0,64.0
923.87,296.29,100.0,64.0
919.94,297.9,100.0,64.0
921.95,298.77,100.0,64.0
923.58,299.85,100.0,64.0
931.28,300.56,100.0,64.0
931.09,301.6,100.0,64.0
937.17,302.31,100.0,64.0
944.37,302.64,100.0,64.0
951.61,302.97,100.0,64.0
956.75,303.16,100.0,64.0
961.25,302.63,100.0,64.0
967.97,302.46,100.0,64.0
975.89,301.86,100.0,64.0
978.68,302.26,100.0,64.0
979.71,302.3,100.0,64.0
983.82,302.49,100.0,64.0
987.19,302.56,107.5,64.0
988.5,303.12,107.5,64.0
991.05,304.19,107.5,64.0
984.66,304.59,107.5,64.0
984.19,305.42,115.0,64.0
988.38,306.78,115.0,64.0
982.42,307.68,115.0,64.0
971.89,308.49,115.0,64.0
973.33,309.2,115.0,64.0
979.34,310.9,115.0,64.0
969.03,312.8,115.0,64.0
967.64,314.25,115.0,64.0
978.61,315.74,115.0,64.0
984.09,316.15,115.0,64.0
977.15,318.47,115.0,64.0
983.29,320.82,115.0,64.0
995.11,321.7,115.0,64.0
1000.5,321.33,115.0,64.0
997.45,323.89,115.0,64.0
1002.3,327.38,115.0,64.0
1005.6,330.38,115.0,64.0
1003.8,335.56,115.0,64.0
1001.6,343.43,115.0,64.0
998.28,349.44,115.0,64.0
996.13,356.39,115.0,64.0
996.32,363.52,115.0,64.0
998.95,370.14,115.0,64.0
999.42,370.08,115.0,64.0
1003.1,367.79,115.0,64.0
1014.7,362.5,115.0,64.0
1031.4,355.06,115.0,64.0
1049.1,346.37,115.0,64.0
1062.2,339.68,115.0,64.0
1072.2,331.73,115.0,64.0
1085.2,324.58,115.0,64.0
1104.7,320.71,115.0,64.0
1110.2,314.71,115.0,74.0
1102.2,312.52,115.0,74.0
1099.4,316.54,115.0,74.0
1103.3,317.14,115.0,74.0
1095.5,312.51,115.0,84.0
1076.4,310.07,115.0,84.0
1062.8,315.03,115.0,84.0
1061.0,319.22,115.0,84.0
1046.3,322.47,115.0,84.0
1030.4,320.14,115.0,84.0
1022.0,320.51,115.0,84.0
1018.3,326.79,115.0,84.0
1007.5,330.97,115.0,84.0
998.23,327.1,115.0,84.0
997.61,322.74,115.0,84.0
995.25,326.69,115.0,84.0
991.66,330.73,115.0,84.0
992.38,326.99,115.0,84.0
993.01,323.24,115.0,84.0
994.25,325.62,115.0,84.0
978.12,327.26,115.0,84.0
988.55,325.59,120.0,89.0
987.15,326.09,120.0,89.0
973.74,327.02,120.0,89.0
958.65,326.54,120.0,89.0
962.0,324.54,137.5,94.0
954.03,323.87,137.5,94.0
935.1,322.97,137.5,94.0
934.93,322.19,137.5,94.0
922.8,321.42,150.0,94.0
917.38,324.12,150.0,94.0
920.57,324.56,150.0,94.0
919.33,321.71,150.0,94.0
894.8,324.88,165.0,94.0
887.0,331.25,165.0,94.0
902.23,326.96,165.0,94.0
898.71,324.58,165.0,94.0
879.23,328.27,180.0,94.0
872.15,329.43,180.0,94.0
877.22,322.87,180.0,94.0
875.52,321.26,180.0,94.0
870.16,321.07,180.0,94.0
867.25,316.62,180.0,94.0
874.04,322.0,180.0,94.0
873.78,323.78,180.0,94.0
871.69,319.9,180.0,94.0
860.81,315.02,180.0,94.0
868.38,323.0,180.0,94.0
873.06,327.68,180.0,94.0
874.25,324.11,180.0,94.0
867.75,318.31,180.0,94.0
860.67,316.82,180.0,94.0
863.78,320.58,180.0,94.0
867.84,322.49,180.0,94.0
864.4,314.77,180.0,94.0
854.98,312.44,180.0,94.0
854.46,317.35,180.0,94.0
858.57,319.38,180.0,94.0
851.46,314.55,180.0,94.0
848.89,314.4,180.0,94.0
851.3,314.42,180.0,94.0
853.22,312.45,180.0,94.0
852.74,312.26,180.0,94.0
851.14,311.26,180.0,94.0
852.57,305.29,180.0,94.0
854.92,304.64,180.0,94.0
856.18,309.27,180.0,94.0
849.37,310.6,180.0,94.0
848.92,307.19,180.0,94.0
844.94,307.64,180.0,94.0
831.37,312.52,180.0,94.0
825.24,315.07,180.0,94.0
823.39,317.45,180.0,94.0
811.76,319.44,180.0,94.0
795.77,322.0,180.0,94.0
791.46,323.87,180.0,94.0
787.19,325.21,180.0,94.0
775.73,328.43,180.0,94.0
765.61,336.46,180.0,94.0
761.32,340.71,180.0,94.0
752.03,340.34,180.0,94.0
745.39,343.72,180.0,94.0
737.12,354.18,180.0,94.0
733.07,360.44,180.0,94.0
727.97,363.96,180.0,94.0
726.42,369.2,180.0,94.0
722.54,374.07,180.0,94.0
717.29,376.58,180.0,94.0
715.15,379.09,180.0,94.0
714.38,382.97,180.0,94.0
711.89,386.03,180.0,94.0
706.45,387.23,180.0,94.0
701.26,388.33,180.0,94.0
697.73,389.15,180.0,94.0
695.18,390.23,180.0,94.0
689.34,391.16,180.0,94.0
680.48,392.04,180.0,94.0
673.11,392.57,180.0,94.0
668.41,391.77,180.0,94.0
660.32,391.25,180.0,94.0
654.03,388.0,180.0,94.0
644.06,385.67,180.0,94.0
634.84,381.75,180.0,94.0
624.17,379.7,180.0,94.0
618.32,376.5,180.0,94.0
608.2,374.4,180.0,94.0
601.05,370.92,180.0,94.0
594.62,369.07,180.0,94.0
586.76,368.06,180.0,94.0
580.19,367.49,180.0,94.0
572.02,366.81,180.0,94.0
570.61,365.51,180.0,94.0
572.66,364.1,180.0,94.0
569.94,362.26,180.0,94.0
560.53,360.43,180.0,94.0
553.23,357.59,180.0,94.0
556.75,354.74,180.0,94.0
557.82,351.42,180.0,94.0
559.82,337.51,165.0,121.5
551.98,334.12,165.0,121.5
544.25,341.33,165.0,121.5
551.42,329.63,165.0,121.5
558.23,313.47,150.0,149.0
552.45,318.69,150.0,149.0
549.32,326.1,150.0,149.0
558.06,315.5,150.0,149.0
558.41,315.39,150.0,149.0
552.09,322.73,150.0,149.0
554.85,315.91,150.0,149.0
552.99,327.92,150.0,134.0
553.5,335.59,150.0,134.0
548.28,329.58,150.0,134.0
547.52,325.1,150.0,134.0
546.45,334.18,150.0,119.0
541.58,339.07,150.0,119.0
542.47,335.66,150.0,119.0
541.53,338.36,150.0,119.0
540.54,329.23,150.0,119.0
534.9,326.84,150.0,119.0
540.71,332.51,150.0,119.0
537.04,334.95,150.0,119.0
526.32,328.0,150.0,119.0
530.25,325.06,150.0,119.0
534.17,329.87,150.0,119.0
530.75,327.45,150.0,119.0
527.63,324.92,150.0,119.0
525.62,329.38,137.5,119.0
529.64,331.31,137.5,119.0
522.23,324.0,137.5,119.0
525.08,324.96,137.5,119.0
531.71,331.7,125.0,119.0
533.28,331.85,125.0,119.0
522.85,326.8,125.0,119.0
518.41,328.25,125.0,119.0
528.55,330.0,125.0,119.0
527.88,330.28,125.0,119.0
521.38,330.0,125.0,119.0
512.67,330.14,125.0,119.0
508.83,329.72,125.0,119.0
510.53,329.39,125.0,119.0
514.75,326.68,125.0,119.0
511.06,326.24,125.0,119.0
504.66,328.42,125.0,119.0
502.48,327.89,110.0,119.0
512.14,324.84,110.0,119.0
518.47,324.56,110.0,119.0
512.79,326.48,110.0,119.0
508.32,326.17,95.0,119.0
508.13,326.17,95.0,119.0
514.55,326.12,95.0,119.0
511.73,325.39,95.0,119.0
511.22,324.99,95.0,119.0
510.91,325.36,95.0,119.0
511.18,325.2,95.0,119.0
508.1,324.65,95.0,119.0
508.11,327.0,95.0,119.0
513.43,327.48,95.0,119.0
514.02,328.15,95.0,119.0
517.0,328.84,85.0,119.0
517.31,331.65,85.0,119.0
518.07,327.6,85.0,124.0
520.21,329.35,85.0,124.0
521.62,335.76,75.0,124.0
516.81,335.69,75.0,124.0
517.18,329.82,75.0,129.0
524.12,332.85,75.0,129.0
519.74,339.47,75.0,129.0
512.45,341.24,75.0,129.0
515.5,343.82,75.0,116.5
523.73,344.67,75.0,116.5
522.29,345.61,75.0,116.5
520.63,350.91,75.0,116.5
524.63,358.49,75.0,104.0
528.5,356.56,75.0,104.0
525.63,354.96,75.0,104.0
527.33,359.16,75.0,104.0
531.38,368.49,75.0,91.5
530.59,368.61,75.0,91.5
530.17,363.1,75.0,91.5
533.95,367.38,75.0,91.5
537.96,369.12,75.0,79.0
537.44,369.73,75.0,79.0
538.72,367.82,75.0,79.0
539.08,372.84,75.0,79.0
542.73,368.1,75.0,79.0
546.46,367.75,75.0,79.0
546.95,369.24,75.0,79.0
544.86,370.46,75.0,79.0
542.89,370.06,75.0,79.0
543.22,369.63,75.0,79.0
546.64,368.14,75.0,79.0
550.27,366.88,75.0,79.0
548.56,357.57,77.5,99.0
548.08,356.07,77.5,99.0
553.53,362.31,77.5,99.0
558.67,360.4,77.5,99.0
559.77,348.0,80.0,121.5
562.34,344.82,80.0,124.0
565.64,349.5,80.0,124.0
568.27,345.95,80.0,124.0
567.16,344.89,80.0,126.5
568.48,339.07,80.0,129.0
573.31,333.0,80.0,129.0
575.06,332.18,80.0,129.0
572.89,331.89,80.0,129.0
574.91,327.57,80.0,129.0
579.16,324.23,80.0,129.0
578.31,328.62,80.0,129.0
578.72,327.43,80.0,129.0
580.29,326.91,80.0,129.0
581.43,328.01,80.0,129.0
579.93,330.96,80.0,129.0
581.07,332.35,80.0,129.0
581.47,332.65,80.0,129.0
579.7,333.5,80.0,129.0
580.15,333.53,80.0,129.0
582.72,334.3,80.0,129.0
582.92,335.06,80.0,129.0
580.75,335.58,80.0,129.0
580.79,335.48,80.0,129.0
583.08,335.79,80.0,129.0
583.24,336.16,80.0,129.0
583.4,337.03,80.0,129.0
583.44,337.19,80.0,129.0
583.35,337.67,80.0,129.0
583.38,337.86,80.0,129.0
583.04,338.61,80.0,129.0
585.68,339.21,80.0,129.0
587.97,339.37,80.0,129.0
587.68,338.52,80.0,129.0
592.66,340.23,80.0,129.0
592.0,338.0,80.0,129.0
nan,nan,nan,nan
nan,nan,nan,nan
nan,nan,nan,nan
nan,nan,nan,nan
nan,nan,nan,nan
nan,nan,nan,nan
nan,nan,nan,nan
nan,nan,nan,nan
nan,nan,nan,nan
nan,nan,nan,nan
nan,nan,nan,nan
nan,nan,nan,nan
nan,nan,nan,nan
nan,nan,nan,nan
nan,nan,nan,nan
nan,nan,nan,nan
nan,nan,nan,nan
nan,nan,nan,nan
nan,nan,nan,nan
243.0,243.0,281.0,178.0
264.83,243.73,281.0,178.0
327.56,245.43,271.0,168.0
350.91,245.37,271.0,168.0
398.45,249.04,261.0,158.0
427.86,246.07,261.0,158.0
460.75,252.74,261.0,158.0
485.07,250.53,261.0,158.0
510.45,256.04,254.5,153.5
534.0,253.51,243.5,153.5
561.69,254.31,245.5,154.5
580.07,248.53,241.5,159.0
604.5,255.5,233.0,151.5
617.5,253.0,222.0,154.0
637.84,248.62,224.0,155.0
649.0,248.5,230.0,154.5
661.92,251.31,228.0,151.5
671.95,248.35,228.0,154.0
695.84,256.62,215.5,141.5
708.46,259.06,225.5,136.5
721.42,260.31,218.0,129.0
733.55,257.62,218.0,129.0
755.83,266.54,205.5,116.5
764.84,263.53,205.5,116.5
778.13,267.29,198.0,109.0
792.1,265.78,193.0,104.0
811.83,267.54,185.5,96.5
819.77,263.86,185.5,96.5
837.63,267.29,170.5,96.5
846.71,262.33,165.5,91.5
869.5,268.5,153.0,79.0
876.92,266.32,153.0,79.0
888.0,266.5,138.0,78.0
891.71,263.83,130.0,79.5
900.0,267.5,124.5,72.0
902.52,267.44,111.0,72.5
899.0,266.5,104.0,70.0
905.5,266.5,88.5,68.0
905.0,268.0,75.0,68.0
909.0,266.0,60.0,61.0
nan,nan,nan,nan
nan,nan,nan,nan
nan,nan,nan,nan
nan,nan,nan,nan
nan,nan,nan,nan
nan,nan,nan,nan
nan,nan,nan,nan
nan,nan,nan,nan
nan,nan,nan,nan
nan,nan,nan,nan
nan,nan,nan,nan
nan,nan,nan,nan
nan,nan,nan,nan
nan,nan,nan,nan
nan,nan,nan,nan
nan,nan,nan,nan
nan,nan,nan,nan
nan,nan,nan,nan
nan,nan,nan,nan
nan,nan,nan,nan
nan,nan,nan,nan
nan,nan,nan,nan
nan,nan,nan,nan
nan,nan,nan,nan
nan,nan,nan,nan
nan,nan,nan,nan
nan,nan,nan,nan
nan,nan,nan,nan
nan,nan,nan,nan
nan,nan,nan,nan
nan,nan,nan,nan
nan,nan,nan,nan
nan,nan,nan,nan
nan,nan,nan,nan
nan,nan,nan,nan
nan,nan,nan,nan
nan,nan,nan,nan
nan,nan,nan,nan
nan,nan,nan,nan
nan,nan,nan,nan
nan,nan,nan,nan
nan,nan,nan,nan
nan,nan,nan,nan
nan,nan,nan,nan
nan,nan,nan,nan
nan,nan,nan,nan
nan,nan,nan,nan
nan,nan,nan,nan
nan,nan,nan,nan
nan,nan,nan,nan
nan,nan,nan,nan
nan,nan,nan,nan
nan,nan,nan,nan
nan,nan,nan,nan
nan,nan,nan,nan
nan,nan,nan,nan
nan,nan,nan,nan
nan,nan,nan,nan
nan,nan,nan,nan
850.55,312.38,48.605,41.762
849.42,311.17,48.605,41.762
845.83,311.04,48.605,41.762
844.03,310.15,48.605,41.762
841.61,309.84,48.605,41.762
838.61,309.16,48.605,41.762
835.06,308.76,48.605,41.762
832.79,308.62,48.605,41.762
830.75,308.32,48.605,41.762
828.02,307.94,48.605,41.762
826.41,307.99,48.605,41.762
820.48,308.01,66.105,41.762
820.99,307.79,66.105,41.762
826.12,308.01,66.105,41.762
819.8,308.59,66.105,41.762
814.79,309.12,83.605,41.762
822.38,309.81,83.605,41.762
824.12,310.25,83.605,41.762
815.5,311.32,83.605,41.762
818.12,312.21,83.605,41.762
831.02,313.26,83.605,41.762
825.69,314.12,83.605,41.762
819.21,315.04,83.605,41.762
821.24,315.21,83.605,41.762
831.5,312.83,83.605,41.762
832.99,313.25,83.605,41.762
827.5,316.29,83.605,41.762
825.91,317.01,83.605,41.762
829.12,313.91,91.105,46.762
831.24,314.1,91.105,46.762
830.68,317.12,91.105,46.762
829.94,315.08,91.105,46.762
828.87,314.78,98.605,51.762
826.98,318.28,98.605,51.762
827.03,319.08,98.605,51.762
825.7,316.23,98.605,51.762
824.01,315.92,98.605,51.762
825.6,318.43,98.605,51.762
824.81,319.41,98.605,51.762
820.82,319.96,98.605,51.762
817.71,319.92,98.605,51.762
825.23,318.92,98.605,51.762
828.48,318.89,98.605,51.762
826.82,319.86,98.605,51.762
830.55,321.1,98.605,51.762
837.07,321.48,98.605,51.762
837.92,321.02,98.605,51.762
843.34,321.24,98.605,51.762
855.89,321.46,98.605,51.762
859.8,323.12,98.605,51.762
856.62,323.7,98.605,51.762
861.94,324.12,98.605,51.762
873.83,323.83,98.605,51.762
877.82,324.4,98.605,51.762
880.62,324.67,98.605,51.762
887.5,324.82,98.605,51.762
894.81,325.51,98.605,51.762
896.54,324.83,98.605,51.762
903.25,323.34,98.605,51.762
916.24,321.91,98.605,51.762
926.3,320.89,98.605,51.762
927.43,318.05,103.6,56.762
929.91,316.89,103.6,56.762
942.17,317.52,103.6,56.762
957.3,314.94,103.6,56.762
960.81,309.05,108.6,61.762
966.29,308.38,108.6,61.762
976.09,307.65,118.6,71.762
987.53,304.75,118.6,71.762
1000.7,303.45,118.6,71.762
1013.8,298.25,118.6,71.762
1020.7,295.01,128.6,81.762
1025.5,293.66,128.6,81.762
1041.5,292.15,128.6,81.762
1050.9,286.37,128.6,81.762
1054.5,287.53,128.6,81.762
1061.9,284.62,128.6,81.762
1070.5,280.15,128.6,81.762
1073.8,281.09,128.6,81.762
1077.8,279.51,128.6,81.762
1085.4,276.07,128.6,81.762
1088.4,276.62,128.6,81.762
1090.9,277.88,128.6,81.762
1097.5,272.68,128.6,81.762
1097.5,271.81,128.6,81.762
1097.1,272.97,128.6,81.762
1100.5,269.21,128.6,81.762
1105.2,268.93,128.6,81.762
1105.6,271.29,128.6,81.762
1109.0,268.24,128.6,81.762
1113.6,262.96,133.6,86.762
1117.1,266.09,133.6,86.762
1120.2,270.58,133.6,86.762
1122.4,265.0,133.6,86.762
1128.9,261.52,138.6,91.762
1134.4,264.6,138.6,91.762
1135.4,263.01,138.6,91.762
1131.8,256.9,138.6,91.762
1136.3,255.09,138.6,91.762
1136.9,259.91,138.6,91.762
1130.0,260.09,138.6,91.762
1125.8,254.37,138.6,91.762
1125.9,251.56,148.6,94.262
1115.8,257.36,148.6,94.262
1103.4,261.44,148.6,94.262
1098.9,258.88,148.6,94.262
1092.4,259.26,158.6,96.762
1080.9,258.35,158.6,96.762
1069.6,258.77,158.6,96.762
1065.8,258.54,158.6,96.762
1057.8,258.52,158.6,96.762
1049.5,256.25,158.6,96.762
1040.7,257.09,158.6,96.762
1039.5,257.82,158.6,96.762
1036.2,256.24,158.6,96.762
1028.3,259.83,158.6,96.762
1026.9,261.59,158.6,96.762
1029.7,260.5,158.6,96.762
1025.3,261.94,158.6,96.762
1019.1,265.53,158.6,96.762
1020.5,266.9,158.6,96.762
1023.6,269.75,158.6,96.762
1020.0,271.94,158.6,96.762
1015.3,273.3,151.1,89.262
1012.7,277.42,151.1,89.262
1013.1,280.7,151.1,89.262
1011.7,279.28,151.1,89.262
1007.4,282.53,143.6,81.762
1005.6,288.54,143.6,81.762
1002.6,284.76,143.6,81.762
992.57,275.84,143.6,81.762
988.49,278.38,143.6,81.762
988.58,286.84,143.6,81.762
977.63,287.95,143.6,81.762
965.29,279.56,143.6,81.762
960.23,279.82,143.6,81.762
953.46,287.26,143.6,81.762
940.37,288.38,143.6,81.762
931.63,287.82,143.6,81.762
921.51,288.22,143.6,81.762
908.05,289.75,143.6,81.762
897.0,288.05,143.6,81.762
883.75,290.24,143.6,81.762
871.57,292.42,143.6,81.762
861.19,289.42,143.6,81.762
854.78,287.59,143.6,81.762
840.86,288.79,143.6,81.762
829.74,293.57,143.6,81.762
826.67,293.93,143.6,81.762
823.12,291.63,143.6,81.762
815.76,289.03,143.6,81.762
811.04,288.06,143.6,81.762
809.27,292.93,143.6,81.762
804.91,295.78,143.6,81.762
801.45,289.69,143.6,81.762
801.5,282.95,143.6,81.762
796.92,286.44,143.6,81.762
795.64,287.8,143.6,81.762
790.38,283.16,143.6,81.762
784.45,280.66,143.6,81.762
780.15,285.11,136.1,81.762
779.71,285.24,136.1,81.762
774.42,281.79,136.1,81.762
766.43,279.42,136.1,81.762
763.34,284.34,128.6,81.762
761.7,285.51,128.6,81.762
759.5,284.25,128.6,81.762
753.08,281.09,128.6,81.762
747.66,280.14,128.6,81.762
745.01,277.74,128.6,81.762
748.46,279.12,118.6,81.762
744.95,280.77,118.6,81.762
729.62,274.38,118.6,81.762
724.7,272.68,118.6,81.762
728.23,276.7,108.6,81.762
726.99,276.52,108.6,81.762
712.22,270.48,108.6,81.762
705.27,270.29,108.6,81.762
700.24,275.09,108.6,81.762
693.15,272.3,108.6,81.762
688.52,265.39,108.6,81.762
681.71,267.26,108.6,81.762
671.95,270.73,108.6,81.762
664.07,269.03,108.6,81.762
663.22,261.12,108.6,81.762
659.27,262.03,108.6,81.762
654.19,262.85,108.6,81.762
655.19,257.9,108.6,81.762
651.46,253.72,108.6,81.762
648.93,254.36,108.6,81.762
659.75,253.17,96.102,81.762
663.91,248.78,96.102,81.762
658.21,247.94,96.102,81.762
660.69,249.68,96.102,81.762
677.3,248.67,83.605,86.762
678.27,245.48,83.605,86.762
675.6,247.2,83.605,86.762
684.0,248.81,83.605,86.762
693.56,245.8,83.605,91.762
694.51,240.48,83.605,91.762
692.76,245.22,83.605,91.762
699.15,247.13,83.605,91.762
707.6,241.82,83.605,91.762
707.75,242.04,83.605,91.762
709.52,243.35,83.605,91.762
716.55,244.3,83.605,91.762
720.48,244.43,83.605,91.762
718.45,244.7,83.605,91.762
724.11,243.73,83.605,91.762
734.21,247.48,83.605,91.762
738.66,250.47,83.605,91.762
740.34,245.97,83.605,91.762
744.71,246.73,83.605,91.762
752.28,252.52,83.605,91.762
756.8,252.96,83.605,91.762
758.04,248.83,83.605,91.762
760.1,247.17,83.605,91.762
767.6,253.03,83.605,91.762
762.27,259.4,93.602,81.762
757.96,257.7,93.602,81.762
760.52,249.97,93.602,81.762
765.21,252.76,93.602,81.762
761.4,262.12,103.6,71.762
755.88,262.54,103.6,71.762
754.51,257.7,103.6,71.762
750.83,257.86,103.6,71.762
753.29,261.3,103.6,71.762
749.41,262.06,103.6,71.762
745.5,262.81,103.6,71.762
742.84,264.06,103.6,71.762
739.02,264.95,103.6,71.762
737.36,265.88,103.6,71.762
737.6,266.06,103.6,71.762
738.36,267.2,103.6,71.762
736.04,265.6,103.6,71.762
736.0,266.14,103.6,71.762
736.58,264.65,108.6,76.762
738.49,264.58,108.6,76.762
736.36,266.32,108.6,76.762
735.24,264.16,108.6,76.762
732.96,260.25,113.6,81.762
730.21,262.92,113.6,81.762
726.07,269.75,113.6,81.762
724.04,265.24,113.6,81.762
716.96,263.05,113.6,81.762
711.44,266.42,113.6,81.762
713.02,269.38,113.6,81.762
713.44,270.6,113.6,81.762
704.67,268.17,113.6,81.762
699.98,269.1,113.6,81.762
701.82,272.13,113.6,81.762
703.7,273.22,113.6,81.762
695.31,271.2,113.6,81.762
684.58,274.42,113.6,81.762
684.92,275.5,113.6,81.762
685.11,272.01,113.6,81.762
678.64,274.88,113.6,81.762
669.25,277.55,113.6,81.762
664.48,273.02,113.6,81.762
661.85,271.32,113.6,81.762
659.94,275.33,113.6,81.762
658.47,275.42,113.6,81.762
649.76,272.46,113.6,81.762
646.78,269.98,113.6,81.762
647.12,271.51,113.6,81.762
648.06,274.19,113.6,81.762
641.28,271.58,113.6,81.762
640.28,269.02,113.6,81.762
643.51,270.93,113.6,81.762
641.61,273.0,113.6,81.762
639.35,270.42,113.6,81.762
639.68,269.73,113.6,81.762
645.97,271.58,113.6,81.762
644.0,271.1,113.6,81.762
637.25,270.76,113.6,81.762
638.11,267.92,113.6,81.762
646.82,267.58,113.6,81.762
644.86,272.37,113.6,81.762
638.26,271.9,113.6,81.762
639.93,267.81,113.6,81.762
646.7,267.34,103.6,81.762
646.9,270.42,103.6,81.762
646.91,273.38,103.6,81.762
651.68,272.55,103.6,81.762
653.58,272.55,93.605,81.762
653.81,271.16,93.605,81.762
651.73,274.73,93.605,81.762
656.44,275.66,93.605,81.762
663.19,273.9,93.605,81.762
661.96,274.92,93.605,81.762
658.93,278.12,93.605,81.762
660.42,278.52,93.605,81.762
666.59,274.14,93.605,81.762
670.45,275.05,93.605,81.762
670.1,280.41,93.605,81.762
670.54,278.22,93.605,81.762
668.98,275.93,81.105,81.762
669.15,278.89,81.105,81.762
675.18,279.13,81.105,81.762
676.81,277.53,81.105,81.762
675.05,280.25,68.605,81.762
673.1,282.91,68.605,81.762
678.75,278.34,68.605,81.762
679.41,277.18,68.605,81.762
675.05,279.48,68.605,81.762
675.19,282.5,68.605,81.762
677.41,282.44,68.605,81.762
677.46,279.68,68.605,81.762
673.05,281.37,68.605,81.762
668.76,283.64,73.605,81.762
667.99,285.73,76.105,81.762
664.47,284.24,88.602,71.762
663.51,286.26,88.602,71.762
662.21,281.68,93.602,71.762
659.67,281.61,96.102,71.762
650.21,280.55,108.6,61.762
642.25,279.58,108.6,61.762
645.12,277.58,108.6,61.762
648.96,275.21,108.6,61.762
631.22,274.18,108.6,61.762
632.79,272.19,98.602,69.262
629.6,274.4,98.602,69.262
632.92,272.62,98.602,69.262
619.78,271.77,98.602,69.262
633.51,270.84,88.605,76.762
630.62,271.4,88.605,76.762
636.13,273.05,76.105,76.762
639.46,273.64,76.105,76.762
647.01,272.84,78.605,79.262
647.95,273.08,78.605,79.262
654.0,274.07,66.105,79.262
657.68,275.0,66.105,79.262
662.5,274.0,68.605,81.762
667.5,274.0,68.605,81.762
670.0,274.0,68.605,81.762
670.0,274.0,68.605,81.762
677.5,274.0,68.605,81.762
685.0,274.0,68.605,81.762
687.5,274.0,68.605,81.762
690.0,274.0,68.605,81.762
697.5,274.0,68.605,81.762
702.5,274.0,68.605,81.762
705.0,274.0,68.605,81.762
707.5,276.5,68.605,81.762
712.5,276.5,68.605,81.762
715.0,276.5,68.605,81.762
717.5,276.5,68.605,81.762
717.5,279.0,68.605,81.762
717.5,285.5,68.605,79.262
715.0,285.5,68.605,79.262
712.5,285.5,68.605,79.262
712.5,288.0,68.605,79.262
710.0,297.0,68.605,76.762
707.5,299.5,68.605,76.762
705.0,299.5,68.605,76.762
684.5,301.5,76.105,84.262
683.5,303.0,78.605,86.762
678.5,312.5,78.605,79.262
678.5,312.5,78.605,79.262
653.0,312.0,86.105,86.762
652.0,311.0,88.605,89.262
644.5,318.0,88.605,81.762
642.0,318.0,88.605,81.762
632.0,318.0,88.605,81.762
634.5,318.0,88.605,81.762
637.0,318.0,88.605,81.762
639.5,318.0,88.605,81.762
637.0,318.0,88.605,81.762
642.0,318.0,88.605,81.762
650.0,325.0,93.605,84.262
657.5,325.0,93.605,84.262
662.5,325.0,93.605,84.262
665.0,325.0,93.605,84.262
670.5,332.0,98.605,86.762
678.0,332.0,98.605,86.762
685.5,332.0,98.605,86.762
671.5,336.0,121.1,89.262
676.5,336.0,121.1,89.262
684.0,338.5,121.1,89.262
691.5,338.5,121.1,89.262
680.0,342.5,143.6,91.762
696.5,338.0,138.6,96.761
699.0,340.5,138.6,96.761
704.0,340.5,138.6,96.761
711.5,340.5,138.6,96.761
719.5,338.5,161.1,101.76
722.0,338.5,161.1,101.76
727.0,338.5,161.1,101.76
734.5,341.0,161.1,101.76
733.5,343.5,188.6,101.76
738.5,343.5,188.6,101.76
746.0,343.5,188.6,101.76
751.0,341.0,188.6,101.76
761.0,341.0,188.6,101.76
766.0,341.0,188.6,101.76
753.5,332.0,188.6,124.26
768.0,322.0,168.6,124.26
770.5,319.5,168.6,124.26
770.5,319.5,168.6,124.26
737.0,285.5,181.1,184.26
744.0,280.5,161.1,184.26
744.0,278.0,161.1,184.26
739.0,278.0,161.1,184.26
730.5,253.0,173.6,221.76
735.5,260.0,173.6,209.26
748.0,264.5,173.6,201.76
753.0,266.0,173.6,199.26
763.0,267.5,173.6,196.76
795.5,287.0,173.6,184.26
815.5,296.5,186.1,176.76
833.0,298.0,186.1,174.26
848.0,317.5,196.1,154.26
883.0,330.0,196.1,154.26
910.5,335.0,208.6,154.26
930.5,335.0,208.6,154.26
954.0,347.05,218.75,149.52
969.2,349.33,217.52,148.27
998.0,350.75,224.79,148.44
1007.6,350.64,223.28,147.72
1026.5,344.28,222.11,159.31
1032.0,346.83,219.38,156.78
1040.5,346.31,222.95,156.86
1032.1,346.96,221.26,156.55
1036.0,345.15,221.9,155.46
1035.4,344.81,220.82,155.0
1025.5,343.19,210.24,154.17
1009.5,342.76,218.85,154.38
999.5,340.0,222.03,154.09
994.55,339.43,211.06,154.04
981.0,343.63,207.77,149.37
965.67,341.81,215.47,148.32
955.0,344.09,226.84,140.28
943.48,340.42,215.09,139.01
931.0,345.0,216.28,140.09
921.99,342.58,215.08,139.2
917.5,342.02,218.64,135.14
904.9,339.68,218.39,134.82
896.0,338.0,215.78,134.6
894.36,336.65,215.62,134.5
897.5,327.92,199.03,143.19
894.11,331.06,199.28,143.36
892.0,329.96,198.97,138.09
890.04,331.68,194.25,138.33
895.0,328.92,188.94,143.17
891.0,331.5,179.63,143.79
nan,nan,nan,nan
nan,nan,nan,nan
nan,nan,nan,nan
nan,nan,nan,nan
nan,nan,nan,nan
nan,nan,nan,nan
nan,nan,nan,nan
884.2,332.74,110.0,145.21
884.42,332.59,110.53,145.43
874.6,328.87,113.0,148.61
867.29,328.26,123.92,147.7
859.44,327.59,126.96,148.71
850.03,326.49,128.51,149.2
839.81,324.46,132.8,151.23
826.32,324.74,146.07,150.95
813.67,326.18,150.53,151.16
802.62,327.03,153.9,150.69
792.94,327.18,158.68,150.72
782.1,327.25,163.66,151.68
768.32,329.54,168.07,151.69
759.28,331.55,171.8,151.3
747.71,333.06,176.09,151.13
736.32,332.46,181.03,151.3
726.23,332.11,186.4,151.3
715.16,332.49,191.66,151.41
699.39,334.41,196.0,151.59
688.74,336.34,201.23,151.24
685.24,336.43,214.57,151.19
677.84,335.9,219.92,151.09
664.57,336.01,217.12,151.39
660.86,336.93,221.21,150.63
661.46,338.06,233.68,150.37
660.16,339.62,239.58,149.28
652.9,340.51,236.71,149.24
650.08,340.06,250.27,148.48
649.96,338.96,254.87,149.79
650.7,337.94,256.94,149.36
651.03,338.97,257.4,149.36
647.85,339.57,270.5,149.94
650.0,338.23,269.69,151.41
652.63,335.01,267.21,151.58
656.89,332.02,265.22,152.45
660.35,329.3,263.93,153.82
663.88,327.7,262.24,153.38
667.67,326.12,264.26,153.35
673.76,323.89,263.5,154.06
682.0,320.39,259.19,154.95
690.88,317.29,257.45,154.75
698.25,316.09,259.61,154.44
705.26,317.27,259.0,154.62
714.03,318.0,258.46,154.37
729.0,317.39,255.65,154.64
739.51,316.57,254.66,154.03
749.0,315.63,253.05,154.4
757.71,315.63,253.53,154.16
769.0,316.39,253.66,154.22
783.01,315.77,250.16,153.69
791.5,315.01,247.94,154.37
799.18,312.85,247.03,154.93
805.67,311.12,248.65,155.82
815.1,309.27,246.13,155.17
822.0,309.72,242.94,155.51
832.0,309.84,239.36,155.04
840.17,308.29,237.78,155.61
843.99,305.56,239.38,155.41
848.5,303.52,237.39,154.93
860.0,303.31,229.15,153.51
868.44,301.91,227.36,152.43
871.48,300.01,230.5,152.67
873.0,296.96,227.7,152.48
878.5,293.35,220.12,151.06
882.44,290.79,220.7,149.92
882.47,291.34,224.74,149.18
885.0,291.25,220.39,148.88
888.0,289.36,212.56,147.03
889.0,287.61,209.78,146.41
887.89,287.15,211.28,145.19
890.0,288.09,207.62,143.81
891.87,288.61,204.06,141.98
891.85,287.92,204.11,141.53
892.08,285.68,203.06,141.24
894.5,283.73,197.48,139.74
897.37,283.06,195.62,138.53
899.62,282.79,200.05,138.29
905.08,282.68,197.76,137.75
912.0,282.06,189.14,135.62
919.5,281.43,185.38,135.32
923.15,281.19,189.2,134.63
934.0,281.87,185.53,133.36
945.49,282.65,179.38,131.56
951.76,282.97,179.05,130.62
955.04,282.31,179.55,129.49
964.2,281.02,176.91,128.13
974.41,280.69,175.25,124.58
980.43,280.95,174.85,122.8
985.15,280.81,169.75,123.53
990.65,280.5,167.05,122.22
996.68,280.99,166.21,117.67
1002.8,280.81,164.11,116.31
1007.8,280.31,158.3,116.67
1011.5,280.53,155.57,115.66
1014.9,277.67,154.51,113.81
1017.1,276.8,151.63,112.31
1019.8,277.46,149.4,110.72
1018.7,273.55,147.75,110.26
1019.5,270.25,146.03,109.27
1020.0,269.38,144.09,108.25
1018.4,271.89,142.95,107.16
1013.8,271.67,141.98,107.04
1011.9,271.56,139.81,106.12
1010.9,270.16,138.22,106.28
1006.4,270.44,137.31,105.84
999.23,272.16,136.55,106.12
995.44,267.91,134.2,105.88
992.3,264.72,133.0,106.14
988.64,266.09,131.61,106.23
980.5,263.83,131.0,106.25
974.71,260.25,130.38,106.59
969.41,256.52,129.67,106.15
965.62,259.22,128.72,106.25
958.37,260.81,128.55,105.84
950.14,260.35,127.9,106.03
942.65,257.96,126.59,105.77
933.14,255.55,124.93,104.88
920.95,257.56,124.66,104.58
910.83,258.73,122.77,104.44
902.92,258.13,121.51,104.33
892.57,254.87,119.26,103.27
879.48,253.67,119.05,103.2
871.94,253.54,117.62,102.97
863.59,253.26,117.06,102.87
857.37,256.71,115.12,101.96
850.85,256.5,114.9,101.57
846.53,251.6,114.0,101.41
840.75,250.61,112.63,101.83
832.77,254.08,110.64,100.06
826.8,254.32,110.62,99.649
819.05,253.97,109.52,98.829
808.06,253.12,106.97,98.733
799.44,250.39,105.32,96.849
792.96,246.69,105.5,96.922
784.78,252.25,104.64,95.474
771.48,255.15,103.5,95.177
763.17,250.82,102.67,93.776
758.09,244.7,101.73,93.472
753.54,246.74,101.03,92.465
747.53,250.91,100.83,92.439
738.62,248.12,100.61,91.458
734.56,245.0,99.727,90.968
730.25,246.39,99.306,90.536
724.16,247.69,99.401,89.948
720.81,243.37,98.874,89.404
717.2,239.89,98.389,88.797
709.42,244.34,98.308,88.183
703.6,246.84,98.863,87.701
707.62,244.55,98.553,86.994
704.56,240.06,97.998,86.13
696.43,242.53,97.713,85.56
694.23,247.23,97.898,85.258
700.89,248.47,97.208,83.778
699.41,242.89,94.636,83.588
696.4,242.92,93.792,83.577
696.19,247.34,93.248,83.38
701.21,244.81,91.96,82.154
703.3,239.88,88.72,82.263
699.9,240.43,87.481,82.273
698.58,239.58,86.371,81.894
698.5,235.54,85.13,81.833
702.72,236.29,83.669,81.03
698.13,235.41,82.427,80.639
695.46,227.92,80.949,80.036
695.37,223.01,80.127,80.112
694.44,226.66,78.573,79.066
689.46,225.85,77.609,79.223
687.99,220.15,76.125,78.648
685.2,213.36,75.447,78.334
679.4,215.3,74.275,78.278
673.25,218.85,72.965,78.76
666.47,217.55,72.199,78.572
657.01,214.05,71.602,78.275
650.17,214.2,71.115,78.769
645.57,214.2,69.93,78.939
635.78,214.43,69.087,78.589
630.74,216.77,68.278,78.494
625.32,216.16,65.868,79.035
622.47,212.29,65.955,79.562
621.98,212.9,65.216,79.034
621.82,215.94,64.722,79.187
617.24,214.75,62.697,79.564
617.15,210.68,63.274,80.097
621.56,211.23,63.525,80.282
621.34,214.17,63.926,80.626
619.92,213.62,64.266,80.988
620.63,210.7,64.808,81.313
623.78,210.55,65.191,81.882
624.72,212.44,65.919,82.29
628.84,212.12,66.191,82.498
633.23,211.42,66.846,83.191
640.32,210.81,67.266,83.715
647.4,209.7,67.866,83.94
658.21,209.12,68.131,83.996
669.67,208.45,68.567,84.603
682.22,207.93,68.989,84.877
692.47,207.47,69.137,84.737
701.91,206.23,69.477,85.114
711.43,204.76,69.769,85.367
721.8,203.12,70.007,85.562
728.0,200.51,70.066,85.4
732.04,193.25,70.377,85.806
739.19,184.11,71.141,86.309
746.88,181.42,72.874,84.971
752.29,177.25,73.208,84.68
759.89,167.09,73.996,84.77
770.89,155.49,74.7,84.749
781.04,153.08,76.733,83.145
791.17,150.04,77.439,82.618
801.22,146.7,75.791,79.556
810.62,141.95,76.236,79.059
818.98,139.43,79.43,81.03
829.13,138.5,79.853,80.578
836.06,141.48,78.465,77.434
841.44,143.32,79.115,77.118
844.22,142.28,82.308,79.013
848.25,143.14,82.581,78.376
851.05,146.19,83.744,77.947
852.25,149.66,83.503,77.358
855.75,150.63,83.555,76.353
858.3,151.53,84.618,75.397
858.48,151.96,87.163,75.196
860.4,153.77,87.034,73.862
866.23,154.86,86.561,72.769
867.71,155.78,92.601,71.891
867.5,155.89,94.612,71.364
873.7,157.62,90.035,70.089
878.0,160.07,88.459,67.99
876.0,160.32,95.134,68.282
876.0,160.84,99.412,67.806
881.4,162.28,91.85,67.614
882.54,164.56,85.088,66.012
877.55,167.09,86.179,66.688
873.34,173.1,90.416,66.851
872.86,176.24,87.463,67.043
872.71,176.81,81.93,67.243
865.34,179.89,81.455,67.346
859.22,185.33,80.87,67.576
858.29,187.44,82.651,67.763
856.67,187.87,87.025,67.709
852.3,188.31,84.298,67.87
849.14,188.14,78.945,68.153
849.94,187.29,80.778,68.499
848.45,186.73,85.108,68.34
848.37,185.88,82.255,68.495
847.1,184.02,76.536,68.44
844.44,181.12,78.29,68.691
843.45,176.68,80.499,68.777
844.36,171.54,79.797,68.844
844.84,167.03,79.034,68.774
844.52,163.74,78.179,68.782
843.5,159.68,80.173,68.915
843.0,153.87,81.116,69.379
844.0,148.41,80.066,70.594
845.33,145.59,74.51,70.682
844.5,142.0,74.011,70.815
843.13,136.82,75.325,71.635
844.67,131.28,71.608,72.85
840.8,129.12,71.403,73.113
834.5,125.13,73.797,73.578
833.61,120.73,71.047,74.063
834.16,117.73,67.884,74.225
829.5,116.98,72.645,74.628
825.0,115.93,75.038,75.155
829.56,114.28,69.53,75.415
838.07,112.0,66.481,75.63
842.84,111.0,68.564,75.886
847.5,110.62,70.726,76.28
856.28,109.83,67.656,76.53
868.81,108.43,62.192,77.123
875.28,111.34,61.663,76.993
881.0,115.59,66.163,77.253
889.84,120.19,65.406,77.269
898.68,122.56,59.925,77.758
903.85,128.76,59.328,77.812
906.92,134.23,61.167,78.191
911.64,139.1,62.908,78.177
919.72,140.49,58.88,78.834
926.9,142.01,56.255,79.317
927.96,142.62,55.819,79.582
926.31,142.38,58.006,79.72
926.56,141.3,56.662,80.274
928.34,138.67,54.422,80.638
926.34,136.45,54.386,80.633
923.27,133.03,54.42,80.766
920.17,131.29,54.302,80.599
918.14,128.89,54.529,81.025
912.85,126.84,54.392,80.965
906.33,123.87,54.663,81.1
902.84,122.16,54.633,81.007
900.41,121.32,54.844,81.356
895.99,120.94,54.838,81.417
888.86,120.55,54.829,81.299
878.86,119.33,55.227,81.309
865.6,118.01,55.472,81.465
856.54,115.32,55.575,81.796
852.77,110.67,55.438,81.939
843.88,108.9,55.762,81.883
828.18,106.76,56.051,82.063
813.89,108.08,56.085,82.31
803.67,115.8,56.132,82.624
793.04,124.97,55.941,82.237
781.19,129.93,56.09,82.291
760.85,138.71,56.225,82.469
741.68,157.1,56.124,82.382
728.42,169.01,55.789,81.855
716.75,175.06,55.875,81.875
693.1,179.56,55.875,81.875
674.43,182.88,55.625,81.625
669.69,180.24,55.5,81.375
662.9,173.91,55.5,81.375
644.99,167.53,55.625,81.0
629.15,158.11,52.5,78.25
626.33,139.45,50.225,76.294
620.22,114.83,52.35,78.794
609.34,97.316,55.1,81.156
598.8,82.307,52.35,78.281
599.0,60.0,47.576,73.701
596.13,39.565,49.951,76.326
595.67,25.769,55.076,81.563
603.62,17.079,55.225,81.063
616.74,6.3675,52.85,78.563
624.99,4.7328,52.85,78.688
631.66,4.9999,55.576,81.063
655.01,5.4284,55.625,80.813
679.99,1.0,55.975,80.205
696.75,1.0,55.701,75.408
nan,nan,nan,nan
nan,nan,nan,nan
nan,nan,nan,nan
nan,nan,nan,nan
nan,nan,nan,nan
nan,nan,nan,nan
nan,nan,nan,nan
nan,nan,nan,nan
nan,nan,nan,nan
nan,nan,nan,nan
nan,nan,nan,nan
nan,nan,nan,nan
nan,nan,nan,nan
nan,nan,nan,nan
nan,nan,nan,nan
nan,nan,nan,nan
nan,nan,nan,nan
nan,nan,nan,nan
nan,nan,nan,nan
nan,nan,nan,nan
nan,nan,nan,nan
nan,nan,nan,nan
nan,nan,nan,nan
nan,nan,nan,nan
nan,nan,nan,nan
nan,nan,nan,nan
736.65,nan,nan,nan
736.65,nan,nan,nan
nan,nan,nan,nan
nan,nan,nan,nan
nan,nan,nan,nan
nan,nan,nan,nan
nan,nan,nan,nan
nan,nan,nan,nan
nan,nan,nan,nan
nan,nan,nan,nan
nan,nan,nan,nan
nan,nan,nan,nan
24.0,414.0,79.0,125.0
53.0,405.0,87.0,135.0
71.0,404.0,90.5,136.0
88.5,400.0,100.0,138.0
102.5,402.5,103.0,137.5
113.0,399.0,108.0,142.0
119.22,399.5,131.55,141.52
127.42,400.48,137.49,139.0
145.0,398.0,125.8,138.25
148.53,397.6,125.8,137.75
161.14,397.38,161.92,136.39
164.72,392.94,164.24,138.38
182.5,387.5,149.3,140.25
192.13,390.0,150.2,136.13
211.21,389.54,167.9,134.95
219.59,384.5,169.18,136.53
227.61,385.18,170.36,136.07
244.81,388.68,170.92,131.06
258.1,388.63,172.28,130.65
285.14,388.08,171.01,129.34
307.49,384.38,171.44,127.44
331.19,380.8,173.98,126.36
355.25,381.93,173.94,125.49
380.73,380.61,174.88,124.38
401.61,378.76,176.31,123.34
420.59,378.76,179.7,123.07
449.0,381.91,180.53,122.64
470.78,377.74,182.44,122.43
485.53,379.0,184.05,121.31
501.17,384.62,184.9,120.4
520.75,386.03,186.1,120.03
539.55,381.07,187.38,119.11
557.15,378.16,188.26,117.23
567.96,381.03,190.06,116.96
555.18,379.29,201.89,116.5
559.36,374.74,203.34,115.75
591.95,368.45,194.04,114.41
592.4,367.14,197.91,111.44
561.69,359.63,209.41,112.25
552.11,353.53,209.51,111.52
561.08,349.02,200.29,111.09
565.0,331.5,217.47,130.53
567.57,327.45,216.08,130.78
574.13,330.44,201.12,108.03
568.48,318.29,210.82,121.67
589.46,299.24,225.07,144.13
608.7,305.46,217.31,131.99
633.37,310.02,203.63,109.34
642.93,299.31,210.12,121.93
665.48,293.73,208.41,121.59
670.32,298.56,242.65,110.38
699.36,296.12,244.74,110.63
753.99,285.81,201.88,117.3
778.23,283.71,200.36,116.19
776.11,284.97,241.11,109.46
802.99,281.24,241.65,109.85
870.11,268.5,202.72,117.99
897.32,266.41,201.86,117.22
897.58,267.37,200.58,110.08
918.0,264.56,200.81,109.55
938.94,262.91,201.72,109.65
950.66,259.3,200.99,110.03
963.97,258.51,198.11,110.22
981.04,256.35,189.93,111.09
992.03,254.19,187.92,111.0
997.19,247.14,186.07,111.94
1014.9,242.12,182.86,112.38
1023.7,240.05,172.97,113.93
1027.2,235.22,170.31,115.37
1024.6,225.5,167.38,116.37
1025.3,220.67,163.88,116.81
1010.6,218.61,162.44,117.02
982.62,213.94,160.67,118.13
964.15,211.22,155.19,117.62
958.58,210.78,150.09,117.31
937.66,206.08,148.29,117.66
909.8,195.31,145.2,117.58
892.65,196.0,138.55,116.26
885.71,195.35,133.22,116.41
886.76,191.56,130.28,116.0
889.35,179.56,126.03,116.44
882.76,176.82,120.84,114.99
880.96,177.05,116.58,114.99
888.28,176.57,113.0,114.06
890.61,165.26,119.68,124.2
884.53,161.28,115.41,123.56
887.74,170.93,101.94,113.34
901.57,171.36,91.08,113.92
903.29,153.04,108.67,124.07
904.66,130.57,109.42,124.68
899.05,119.2,99.63,115.02
906.36,102.78,92.61,115.75
920.85,80.76,103.3,116.21
935.14,55.299,106.96,116.54
921.94,34.269,110.75,116.52
906.29,25.631,114.48,116.91
906.22,24.474,118.23,116.63
908.36,21.328,121.03,117.31
898.24,30.624,125.09,117.14
887.87,46.793,129.23,117.52
873.77,64.069,133.13,118.17
851.17,59.889,153.7,125.91
859.99,71.26,158.58,126.19
874.44,83.446,156.91,127.53
869.9,90.655,160.62,128.95
861.43,99.385,169.48,127.49
861.73,110.48,175.16,128.41
865.56,121.72,171.31,128.73
859.27,125.34,189.12,136.0
872.86,144.68,180.25,127.35
867.24,159.39,170.34,120.57
848.15,169.79,172.5,119.06
822.5,177.0,197.99,126.43
827.15,179.71,199.97,126.44
827.24,188.89,188.8,120.35
803.19,196.09,190.37,119.5
776.68,208.05,199.12,118.75
769.66,214.95,199.71,118.32
763.3,222.84,201.72,119.86
749.31,228.12,202.15,120.52
736.37,238.5,202.53,119.05
728.59,249.47,202.41,117.94
721.58,257.54,204.31,118.91
706.46,262.4,205.61,120.78
687.17,269.92,206.27,120.77
675.8,284.71,204.91,119.4
671.71,294.82,206.62,119.84
660.99,305.77,209.12,121.69
663.18,321.13,209.91,121.35
676.25,338.47,208.84,120.94
684.32,348.79,209.12,120.72
701.16,364.32,211.42,121.85
741.14,385.73,212.98,121.47
787.7,395.46,213.16,121.16
808.05,404.65,213.78,121.47
837.9,416.19,214.78,122.38
877.16,427.9,215.95,122.85
901.08,432.76,218.93,123.53
920.03,438.06,214.52,123.53
939.88,442.48,214.65,124.51
953.95,439.64,216.55,125.45
959.55,431.2,217.9,126.6
960.29,425.21,210.57,125.67
955.69,418.26,211.08,126.6
950.08,407.8,211.58,127.09
968.69,391.81,208.75,126.3
972.79,376.55,206.18,126.18
970.4,358.64,206.01,126.71
968.02,343.33,203.63,126.61
982.0,328.45,200.69,125.44
997.19,314.72,199.44,125.11
1015.2,299.52,196.99,125.16
1031.7,289.18,193.86,124.78
1048.0,278.18,189.92,123.31
1066.5,272.51,187.25,122.13
1083.6,261.46,184.14,122.11
1100.4,252.43,179.6,120.85
1117.2,247.67,162.8,120.23
1127.5,247.38,152.5,119.79
1131.6,242.98,148.4,120.15
1132.6,239.28,147.4,119.06
1132.3,241.13,147.7,119.14
1130.6,242.36,149.4,119.55
1126.3,245.65,153.7,120.33
1119.7,248.91,160.3,119.95
1114.2,252.97,165.24,119.57
1099.5,255.15,163.06,120.38
1075.1,258.32,186.97,120.95
1055.6,257.12,187.83,120.94
1047.5,256.35,168.38,120.91
1026.0,255.29,170.18,120.64
997.5,255.88,193.27,120.56
977.6,254.21,197.42,120.47
970.08,249.65,180.49,121.48
962.54,241.58,180.61,120.86
955.0,233.95,181.24,120.02
950.5,223.85,184.31,119.31
949.0,218.06,187.74,119.87
948.5,210.6,191.3,119.56
948.0,203.16,190.34,119.43
949.0,194.94,188.2,118.84
951.0,191.46,187.81,118.17
951.5,190.97,191.72,117.96
957.5,199.82,196.88,118.11
965.0,216.91,194.94,118.0
972.31,224.88,189.62,117.25
974.48,225.74,188.38,116.81
988.5,234.94,193.53,116.77
999.5,251.01,189.84,117.0
1007.0,262.26,188.02,115.82
1010.3,263.35,187.59,115.25
1017.6,265.15,186.47,115.22
1027.0,262.87,182.98,116.17
1034.3,264.52,186.56,116.06
1038.2,268.46,188.47,115.31
1040.4,270.04,185.64,114.84
1045.0,263.96,185.42,115.69
1053.0,261.04,186.63,116.65
1058.3,260.31,185.58,115.48
1063.0,254.43,184.08,114.97
1066.2,249.21,184.1,114.75
1065.4,248.9,184.45,115.17
1067.2,242.73,182.35,114.94
1070.2,231.98,180.39,114.72
1074.6,229.7,180.05,113.98
1077.7,234.41,180.0,113.81
1079.3,232.15,179.01,113.77
1082.2,224.26,177.12,113.5
1080.3,221.21,177.18,113.33
1086.2,226.68,175.99,112.72
1092.7,227.6,175.24,112.25
1088.4,225.7,174.23,111.58
1080.4,220.62,174.29,112.35
1080.6,222.78,172.47,111.42
1082.8,222.51,171.42,111.32
1070.0,223.83,171.34,110.96
1056.3,222.83,169.33,110.95
1052.9,222.95,168.07,110.47
1054.8,224.8,167.3,109.99
1042.2,222.98,167.73,109.75
1028.4,219.55,165.86,108.97
1025.7,219.65,165.81,108.89
1026.3,224.0,164.58,108.03
1011.3,220.14,164.16,107.5
1008.0,212.03,162.25,107.13
1007.2,204.31,162.27,106.78
995.67,201.81,160.74,105.84
981.4,196.12,159.42,105.06
975.4,186.38,158.02,104.77
969.64,176.52,157.07,104.26
956.42,168.65,155.76,103.52
944.07,162.89,155.38,103.01
930.58,157.15,155.56,102.5
921.22,151.58,155.06,102.01
913.21,148.37,154.11,101.82
904.74,149.64,153.63,101.53
895.0,148.13,153.03,101.0
886.86,145.27,152.27,100.64
883.68,146.01,148.3,101.93
881.55,146.24,146.79,101.93
877.22,143.49,145.41,101.74
871.18,146.05,143.69,101.9
871.45,143.97,138.96,103.27
871.2,140.16,137.24,103.61
874.25,141.34,135.94,104.18
872.04,140.65,133.97,104.73
869.11,137.48,132.75,104.34
868.25,139.0,130.43,104.1
863.63,138.0,128.88,104.59
858.04,134.93,127.84,105.21
846.7,136.6,127.07,105.31
834.03,135.69,125.62,105.92
818.91,131.7,124.25,106.69
801.99,133.37,123.64,107.85
786.89,133.0,122.59,108.87
772.71,130.41,121.59,110.14
758.91,132.46,120.81,111.36
745.5,135.02,119.87,111.92
740.76,132.29,118.6,112.91
736.08,132.03,117.2,113.75
726.86,134.84,115.94,114.43
723.65,135.36,115.18,114.61
727.44,133.56,111.72,116.96
724.27,134.07,113.16,116.59
722.06,133.58,112.54,116.67
721.93,133.02,112.03,116.6
724.31,130.96,109.25,118.42
722.0,131.8,111.71,117.41
722.28,131.17,112.32,117.05
722.32,131.19,112.96,116.72
721.43,131.51,113.32,116.38
719.47,131.53,114.1,116.13
718.13,130.64,114.9,116.19
717.71,130.32,115.64,116.22
711.78,130.13,116.22,115.77
709.05,129.89,117.15,115.68
708.12,129.52,117.47,115.21
706.55,128.96,117.35,114.78
701.58,128.12,117.95,114.28
699.13,125.76,118.99,113.94
699.62,122.78,119.11,113.18
698.39,120.42,119.88,112.65
697.51,119.78,120.42,111.92
696.94,117.5,121.03,111.2
697.82,113.21,121.43,110.71
699.69,110.77,122.46,110.18
700.14,110.37,123.24,109.7
701.18,111.31,124.37,107.53
703.46,109.71,121.47,107.94
706.29,110.27,121.47,108.05
706.91,114.34,121.23,108.12
702.19,122.99,121.67,106.52
699.87,132.44,117.84,107.5
696.07,139.91,117.29,107.91
688.13,149.32,116.15,108.21
676.44,162.41,115.56,109.13
667.69,175.91,114.27,109.45
657.41,184.86,113.35,109.77
647.93,192.59,112.11,110.19
640.0,200.52,111.34,111.3
633.64,206.85,110.28,111.22
628.03,211.56,109.27,112.09
625.39,215.65,107.75,112.22
623.74,218.94,106.57,112.96
622.99,223.22,105.71,113.47
623.78,226.69,104.42,113.94
623.97,229.65,102.81,113.45
625.5,231.92,100.79,113.05
626.75,234.17,100.15,113.95
628.97,236.44,98.292,113.5
630.42,240.58,96.352,113.05
632.38,244.49,94.228,112.28
633.69,245.52,90.777,112.99
635.94,248.95,89.129,110.37
636.67,253.29,88.077,109.84
637.91,257.68,87.294,109.22
639.19,259.73,84.118,109.48
640.66,263.25,83.325,106.76
641.39,265.01,83.157,106.03
643.73,267.0,82.582,104.59
646.1,269.12,82.259,103.48
647.35,270.84,81.904,102.8
648.98,272.67,81.74,101.91
651.68,274.39,81.171,100.56
654.64,276.92,80.492,98.84
656.03,278.4,80.299,98.137
658.41,280.66,79.975,96.976
661.07,282.28,79.352,95.762
663.64,284.72,78.362,94.362
665.75,286.15,78.022,93.151
668.27,287.7,77.72,92.084
670.37,288.86,76.93,90.839
672.0,289.89,76.144,89.292
674.4,291.39,75.714,88.161
676.31,292.91,75.519,87.205
677.98,294.65,75.181,86.108
680.12,295.6,74.847,84.723
682.64,298.21,74.495,82.356
681.88,298.74,76.412,81.736
683.35,299.43,76.781,81.189
684.97,299.61,77.102,80.785
686.76,301.02,77.201,79.031
685.37,300.4,79.867,79.0
686.08,300.11,80.526,78.928
686.3,299.66,81.445,79.166
686.62,299.59,82.134,79.34
686.64,298.94,83.367,79.5
686.67,298.91,84.075,79.452
686.08,298.68,85.174,79.846
685.32,298.47,85.912,79.941
684.94,298.0,87.1,79.871
684.6,298.0,88.208,79.943
684.34,298.0,88.942,80.12
683.46,297.97,89.983,80.21
683.12,297.87,91.041,80.084
682.86,297.85,92.176,80.148
682.88,297.58,92.793,80.252
682.13,297.76,94.137,80.334
681.32,297.41,95.319,80.651
680.44,297.22,96.195,80.654
679.24,295.93,97.25,80.742
677.3,295.41,98.347,80.95
671.35,294.81,101.8,81.564
669.19,293.58,100.79,83.347
666.28,291.66,101.48,84.097
664.24,289.89,101.77,84.825
658.09,288.22,104.53,85.977
655.52,286.13,103.11,88.299
652.71,284.57,102.9,89.3
651.26,282.82,102.58,90.304
649.57,280.49,102.45,91.737
647.56,278.87,102.21,92.681
646.74,277.87,101.97,93.294
643.64,276.9,101.59,93.891
640.43,275.52,101.32,95.052
638.11,274.55,100.74,95.841
636.63,273.62,100.74,96.436
631.84,272.1,100.64,97.458
627.77,271.55,100.01,98.122
623.84,270.6,99.825,99.095
619.99,269.81,99.171,99.353
615.33,268.33,98.823,100.23
612.32,267.95,97.553,100.36
608.64,267.52,97.177,101.1
604.8,267.06,96.465,101.37
601.16,266.52,95.223,101.51
598.09,266.26,93.989,101.55
594.63,265.72,90.872,102.69
591.47,266.09,88.875,102.34
588.22,266.25,87.718,102.31
585.28,267.03,86.439,101.61
581.67,266.68,83.215,102.08
577.96,267.35,80.797,101.21
573.82,267.55,80.157,100.86
571.28,268.55,79.043,99.904
568.18,269.38,77.894,99.266
567.25,269.58,76.878,98.799
564.58,270.36,76.505,98.812
561.2,270.74,76.167,98.482
558.78,272.12,75.65,98.405
557.85,272.51,74.808,97.976
555.44,273.28,74.451,98.066
551.19,273.48,73.952,97.739
549.75,274.59,73.401,97.739
546.08,275.12,72.683,97.269
543.64,275.04,71.959,97.151
541.52,274.91,71.328,97.072
541.34,275.69,70.433,96.785
539.51,275.95,69.819,96.562
538.79,275.98,69.326,96.504
538.01,275.92,68.812,96.649
538.17,277.12,68.004,96.028
537.12,278.05,66.246,95.796
535.77,277.34,66.451,96.486
534.38,277.61,66.121,96.647
533.19,278.86,65.753,96.245
531.36,281.22,64.41,96.383
529.15,281.2,64.578,97.615
527.35,281.87,64.859,98.011
525.0,283.3,64.765,98.108
521.98,285.2,65.495,99.313
519.58,286.51,65.623,100.08
515.38,287.77,65.804,100.71
510.61,288.55,66.24,101.64
506.25,289.74,67.322,103.44
502.02,290.53,67.803,104.73
495.58,290.59,68.168,105.91
489.16,290.19,68.897,107.41
482.61,291.0,69.871,109.16
475.85,291.9,70.42,110.34
468.61,291.08,71.486,111.78
461.98,290.51,72.187,113.47
453.84,290.49,73.193,114.83
445.16,291.77,73.699,115.56
437.75,291.34,74.584,116.72
430.34,290.2,75.745,118.22
422.92,288.75,76.514,119.83
414.46,288.44,77.314,121.67
406.38,284.83,79.573,126.06
398.94,283.55,80.727,127.31
391.84,281.5,81.597,129.69
384.39,279.26,82.779,132.42
377.96,274.96,85.451,137.74
372.56,273.3,87.0,140.51
367.7,271.43,88.168,143.36
363.29,268.79,89.352,146.0
359.72,266.21,91.033,148.76
357.0,263.55,93.018,152.29
357.75,261.04,94.559,155.25
357.55,256.07,96.247,158.12
357.19,251.43,98.362,161.3
358.97,248.18,99.827,163.93
364.88,244.42,101.66,166.99
367.25,240.04,103.22,170.03
367.98,236.07,104.68,172.87
374.57,231.95,106.15,175.39
382.75,226.02,107.06,177.34
384.71,221.77,107.97,179.59
383.3,219.13,108.84,181.31
387.67,215.78,110.58,183.59
393.56,211.88,110.92,184.92
393.61,208.62,111.03,186.14
388.75,204.11,113.47,190.31
389.82,202.7,115.28,190.71
392.97,201.87,115.58,191.47
393.31,201.58,115.47,192.06
391.0,197.31,117.77,195.16
391.07,197.47,118.35,194.51
391.56,197.28,118.41,194.22
392.34,198.05,118.53,194.43
395.57,197.63,119.08,193.91
395.36,198.07,118.97,193.98
394.86,199.46,119.29,193.45
396.56,202.46,119.22,193.42
399.37,204.91,119.32,193.01
400.96,205.06,120.03,193.4
402.04,207.29,120.56,192.17
403.42,209.99,120.44,190.91
403.92,212.12,120.74,190.24
404.64,212.81,121.47,189.69
404.53,214.64,122.33,188.38
402.68,216.51,122.98,187.22
399.81,217.63,124.02,186.62
397.59,218.59,124.72,185.86
395.18,220.33,125.0,185.13
390.45,222.43,125.56,184.69
385.5,223.41,126.17,184.43
382.0,225.09,127.62,184.08
373.8,227.09,128.46,182.69
363.68,229.05,128.38,181.92
357.26,229.43,127.9,181.54
351.72,231.16,129.14,181.0
339.18,233.54,130.67,179.46
328.72,235.36,131.23,178.94
322.42,236.91,131.33,178.0
316.04,238.56,131.87,177.83
307.27,241.01,132.47,177.44
299.81,244.05,133.29,177.08
291.57,246.87,133.67,176.07
285.13,248.39,134.49,176.0
279.23,250.94,134.74,175.23
272.78,254.0,135.45,174.66
264.75,255.72,135.59,173.97
259.22,256.61,136.32,173.77
253.71,259.39,136.62,172.61
249.7,261.64,136.78,171.34
245.88,262.86,137.38,170.45
243.71,264.23,138.1,170.0
240.52,266.3,138.73,169.44
237.94,266.98,139.21,168.9
236.11,267.65,139.98,168.8
235.47,268.15,140.69,168.22
233.46,269.4,142.36,167.23
232.0,266.21,146.71,170.91
231.34,265.86,148.15,172.26
231.1,265.87,149.22,172.68
229.35,265.88,151.74,172.9
227.98,262.9,156.59,176.99
228.51,261.88,158.42,178.86
228.76,262.11,159.94,180.23
228.19,261.66,162.12,181.84
227.73,261.24,164.09,183.81
229.08,261.09,165.79,185.43
230.31,261.59,167.62,187.34
232.33,263.02,169.65,188.08
233.29,262.27,171.88,190.16
237.79,264.12,173.97,191.39
244.91,265.09,176.73,194.16
251.33,267.49,178.48,194.92
256.52,265.91,180.44,196.52
264.56,266.74,183.02,198.42
272.22,266.46,185.96,201.29
278.3,266.99,187.5,202.74
283.56,263.31,192.39,207.06
289.92,264.49,191.61,206.93
292.0,259.0,200.0,214.0
