1
344.7069091796875,105.97740173339844,115.2123031616211,86.4625015258789
366.010986328125,78.92250061035156,107.95890045166016,69.2020034790039
384.20880126953125,55.3650016784668,102.010498046875,65.61620330810547
400.589111328125,38.01449966430664,96.93319702148438,63.934600830078125
427.5766906738281,14.787500381469727,87.16619873046875,57.98509979248047
427.7484130859375,14.976900100708008,87.28479766845703,57.593101501464844
439.5430908203125,7.746300220489502,83.84159851074219,55.551998138427734
448.7019958496094,4.2555999755859375,79.4719009399414,52.9984016418457
457.8140869140625,2.928299903869629,77.01730346679688,50.40169906616211
464.47589111328125,4.269599914550781,75.78710174560547,48.82929992675781
477.7637023925781,10.912300109863281,70.48899841308594,46.38819885253906
477.0557861328125,11.07390022277832,70.4800033569336,46.26390075683594
483.643798828125,17.63319969177246,67.06719970703125,45.29859924316406
488.2851867675781,26.791200637817383,65.35549926757812,42.86859893798828
493.25830078125,36.11159896850586,63.23590087890625,42.09299850463867
501.64111328125,56.83760070800781,59.50419998168945,39.26890182495117
502.10791015625,57.70140075683594,58.78070068359375,39.20119857788086
505.3977966308594,69.11620330810547,58.527400970458984,39.479698181152344
508.2984924316406,81.2020034790039,57.3927001953125,37.71770095825195
512.422119140625,94.64939880371094,55.092899322509766,37.00120162963867
514.4918212890625,109.38200378417969,55.26459884643555,36.32600021362305
515.1788940429688,124.7157974243164,55.399898529052734,35.10639953613281
517.0313110351562,141.76629638671875,56.55149841308594,34.297000885009766
518.7156982421875,156.41290283203125,53.39939880371094,32.73640060424805
521.200927734375,174.10699462890625,51.417198181152344,32.160301208496094
523.6845703125,208.38490295410156,47.15250015258789,26.7007999420166
523.8748779296875,208.4176025390625,47.78179931640625,26.33799934387207
523.13037109375,225.91299438476562,48.438899993896484,31.372400283813477
523.6572875976562,244.6728973388672,47.01279830932617,29.500200271606445
524.4390258789062,262.65789794921875,46.403900146484375,30.13719940185547
525.6300048828125,281.1543884277344,45.63520050048828,28.86370086669922
526.61181640625,302.0273132324219,44.36989974975586,33.23889923095703
526.61181640625,302.0273132324219,44.36989974975586,33.23889923095703
524.5031127929688,361.4765930175781,41.28419876098633,30.555200576782227
522.7932739257812,360.8785095214844,44.02560043334961,24.850799560546875
520.1619873046875,369.1679992675781,46.25199890136719,33.22719955444336
523.1320190429688,401.3534851074219,39.306800842285156,29.207599639892578
523.1279907226562,401.4533996582031,38.96969985961914,27.480199813842773
517.3114013671875,389.98870849609375,33.49140167236328,30.92060089111328
510.3414001464844,356.3815002441406,42.62229919433594,22.128700256347656
510.2760925292969,341.7633056640625,38.43050003051758,23.249399185180664
530.0847778320312,365.1781921386719,31.609100341796875,23.577600479125977
527.7841186523438,363.7654113769531,28.46660041809082,22.43079948425293
499.88641357421875,302.5968017578125,38.257198333740234,21.568500518798828
495.3183898925781,290.283203125,41.79410171508789,25.973800659179688
492.9796142578125,280.2947998046875,39.26150131225586,30.631799697875977
488.98980712890625,271.0531921386719,41.47990036010742,25.19580078125
485.6777038574219,262.99371337890625,41.29359817504883,25.51460075378418
482.6807861328125,255.8737030029297,42.16809844970703,29.582599639892578
478.91259765625,249.7447052001953,43.00199890136719,29.026399612426758
476.2650146484375,245.5988006591797,43.57899856567383,29.146400451660156
472.3409118652344,240.98289489746094,44.41809844970703,26.945199966430664
471.51031494140625,239.09170532226562,43.634498596191406,27.674400329589844
468.2815856933594,238.40249633789062,44.94179916381836,26.26300048828125
467.24481201171875,238.6992950439453,44.12030029296875,25.75979995727539
464.76251220703125,238.78720092773438,44.689701080322266,26.314599990844727
464.8929138183594,241.95970153808594,42.183998107910156,27.881500244140625
462.0751037597656,244.74949645996094,43.8577995300293,27.190000534057617
463.2757873535156,249.86880493164062,40.87070083618164,25.542699813842773
461.2333068847656,255.74310302734375,42.01639938354492,27.11669921875
460.1925048828125,262.4413146972656,41.64860153198242,26.0757999420166
458.8988952636719,271.1065979003906,41.78020095825195,25.5580997467041
458.72540283203125,280.5581970214844,41.296199798583984,28.984500885009766
457.8006896972656,289.9330139160156,42.97919845581055,24.94409942626953
457.9136047363281,301.72021484375,42.10900115966797,26.82509994506836
457.0122985839844,313.6189880371094,46.092098236083984,26.681299209594727
457.0166015625,319.5791015625,45.4828987121582,26.963300704956055
457.15728759765625,345.2835998535156,45.21860122680664,36.15119934082031
457.0126037597656,362.29638671875,43.68330001831055,25.955400466918945
457.01251220703125,362.29638671875,43.68330001831055,25.955400466918945
457.01251220703125,362.29638671875,43.68330001831055,25.955400466918945
449.8312072753906,353.4324035644531,42.2046012878418,32.06949996948242
441.9732971191406,333.6330871582031,43.267601013183594,30.19849967956543
432.8757019042969,318.8299865722656,46.47710037231445,25.20549964904785
431.27459716796875,295.0981140136719,44.17919921875,27.02519989013672
422.118896484375,276.8428955078125,45.80739974975586,34.71839904785156
414.60418701171875,260.10308837890625,44.87739944458008,27.31439971923828
408.94000244140625,245.32839965820312,46.880401611328125,28.678300857543945
403.37701416015625,231.34539794921875,44.236900329589844,28.18429946899414
397.0646057128906,218.2176971435547,46.17890167236328,28.499500274658203
392.4743957519531,207.05099487304688,45.25979995727539,26.591800689697266
385.7763977050781,196.3011016845703,43.671199798583984,26.91710090637207
374.6922912597656,178.9152069091797,44.80220031738281,29.09079933166504
374.90899658203125,178.02340698242188,44.28960037231445,29.006399154663086
367.9974060058594,171.50259399414062,48.15999984741211,30.546300888061523
362.4136962890625,167.15289306640625,47.28499984741211,30.166900634765625
357.4027099609375,163.89129638671875,47.662200927734375,28.28510093688965
352.4346008300781,160.6649932861328,47.28879928588867,28.25909996032715
345.5476989746094,159.16270446777344,47.82659912109375,29.849899291992188
340.7668151855469,158.51719665527344,49.21839904785156,30.093900680541992
336.1383972167969,159.96409606933594,47.94820022583008,29.395200729370117
328.9606018066406,162.27330017089844,49.77050018310547,29.474199295043945
326.0863037109375,166.29209899902344,46.8474006652832,28.408899307250977
319.64080810546875,170.97569274902344,48.6702995300293,28.834299087524414
315.0967102050781,176.63760375976562,49.64310073852539,29.070100784301758
305.2394104003906,192.2637939453125,48.672401428222656,29.03380012512207
305.643310546875,192.0323028564453,48.73809814453125,29.79520034790039
300.8175048828125,202.03900146484375,47.93339920043945,29.079599380493164
296.1571960449219,212.94650268554688,45.83729934692383,29.258499145507812
291.01690673828125,224.57080078125,46.54349899291992,31.217100143432617
287.1737976074219,237.7592010498047,47.932701110839844,29.08769989013672
282.6494140625,253.2041015625,47.533199310302734,28.52519989013672
280.61700439453125,265.3236083984375,45.9650993347168,31.925399780273438
310.2658996582031,266.42291259765625,51.68600082397461,27.81570053100586
382.3089904785156,270.9684143066406,48.94969940185547,29.917999267578125
381.7680969238281,270.5946044921875,48.90879821777344,30.2947998046875
418.9798889160156,276.18218994140625,49.53450012207031,30.97599983215332
459.2633972167969,283.08050537109375,51.42919921875,32.19110107421875
498.8739929199219,290.55010986328125,54.255699157714844,33.6697998046875
542.6343994140625,302.0461120605469,55.04249954223633,33.51350021362305
588.3109130859375,315.06060791015625,53.707401275634766,35.9452018737793
637.6475219726562,329.8377990722656,49.35390090942383,34.70180130004883
666.70947265625,336.5632019042969,55.49079895019531,36.01129913330078
735.1779174804688,368.9883117675781,41.31869888305664,35.890499114990234
762.1741943359375,381.4049072265625,54.30950164794922,37.51729965209961
841.6193237304688,416.073486328125,30.66790008544922,42.20790100097656
911.2974853515625,448.11309814453125,58.73500061035156,35.60649871826172
970.0921020507812,480.4740905761719,63.8921012878418,36.5265007019043
970.0921020507812,480.4740905761719,63.8921012878418,36.5265007019043
1023.8234252929688,483.0367126464844,67.05159759521484,39.88639831542969
1013.4547119140625,452.7782897949219,68.52030181884766,41.569400787353516
1006.4343872070312,424.3835144042969,62.39350128173828,40.903099060058594
1000.8748779296875,405.56781005859375,67.0177993774414,44.768001556396484
983.8027954101562,375.15179443359375,71.3375015258789,37.921199798583984
974.30908203125,353.00970458984375,69.89900207519531,39.25429916381836
968.273681640625,332.9200134277344,65.27449798583984,45.907901763916016
956.705078125,314.456298828125,69.99620056152344,44.79600143432617
945.6724243164062,299.36968994140625,70.67359924316406,40.49020004272461
936.101318359375,284.1897888183594,69.2428970336914,46.26089859008789
926.3419189453125,271.59979248046875,72.04450225830078,42.542999267578125
916.8162231445312,261.17999267578125,70.57649993896484,44.73699951171875
907.6511840820312,253.25259399414062,69.10469818115234,44.69580078125
897.6682739257812,246.22329711914062,66.9480972290039,42.331199645996094
887.7921142578125,241.91920471191406,69.82820129394531,42.16080093383789
877.1143188476562,238.09300231933594,68.73660278320312,43.38010025024414
866.5847778320312,237.9449005126953,68.65969848632812,41.676300048828125
854.5244140625,238.2200927734375,69.75679779052734,41.6776008605957
844.7335815429688,240.89089965820312,67.94640350341797,41.90829849243164
833.9635009765625,244.36819458007812,67.0374984741211,43.902099609375
822.8945922851562,250.6916961669922,67.42980194091797,40.54560089111328
812.9420166015625,258.90869140625,66.07980346679688,39.060699462890625
804.6646728515625,266.24688720703125,61.98400115966797,40.964698791503906
791.8275756835938,279.5506896972656,61.4031982421875,42.452301025390625
778.6038818359375,291.2575988769531,62.837100982666016,42.95240020751953
766.93798828125,305.39019775390625,67.58989715576172,39.13890075683594
756.7706298828125,319.9822998046875,61.660301208496094,49.062801361083984
734.5103149414062,354.589111328125,68.11519622802734,38.95289993286133
734.1851196289062,354.5867004394531,76.3646011352539,38.24549865722656
722.1790771484375,375.0245056152344,62.155601501464844,35.234100341796875
711.2150268554688,395.21710205078125,60.57569885253906,38.461700439453125
699.700927734375,417.35589599609375,59.60260009765625,43.867801666259766
709.6923828125,406.8056945800781,62.35919952392578,38.97999954223633
757.7777099609375,350.22698974609375,60.69879913330078,37.90589904785156
757.485107421875,349.8965148925781,60.467201232910156,36.095699310302734
779.7214965820312,323.1300964355469,64.08509826660156,37.32609939575195
803.8104248046875,297.86480712890625,63.561100006103516,37.666900634765625
827.7581176757812,272.29400634765625,64.64579772949219,36.914100646972656
852.9692993164062,251.8950958251953,63.70750045776367,41.19620132446289
878.2811279296875,230.58120727539062,66.57430267333984,40.38359832763672
904.4539794921875,210.89529418945312,64.9469985961914,39.160400390625
930.0108032226562,193.51280212402344,68.71269989013672,39.13819885253906
984.8986206054688,162.95269775390625,70.07129669189453,43.38130187988281
984.9069213867188,162.0124053955078,69.86609649658203,44.321998596191406
1011.5640258789062,152.16720581054688,72.77220153808594,41.62839889526367
1040.302490234375,141.27220153808594,64.67530059814453,42.55690002441406
1064.844482421875,131.9875030517578,68.50740051269531,43.91910171508789
1092.5369873046875,126.86599731445312,67.71790313720703,45.370201110839844
1117.3497314453125,121.40059661865234,70.90280151367188,44.25450134277344
1145.646484375,119.31909942626953,69.33319854736328,43.892398834228516
1173.84130859375,115.97850036621094,69.95999908447266,42.18389892578125
1228.5460205078125,120.9208984375,50.755401611328125,42.712100982666016
1254.711669921875,129.35279846191406,25.288299560546875,40.5260009765625
1252.0013427734375,129.8863983154297,31.46649932861328,40.25740051269531
1254.276123046875,129.82330322265625,32.76570129394531,39.07749938964844
1254.276123046875,129.82330322265625,32.76570129394531,39.07749938964844
1254.276123046875,129.82330322265625,32.76570129394531,39.07749938964844
1254.276123046875,129.82330322265625,32.76570129394531,39.07749938964844
1254.276123046875,129.82330322265625,32.76570129394531,39.07749938964844
1254.276123046875,129.82330322265625,32.76570129394531,39.07749938964844
1254.276123046875,129.82330322265625,32.76570129394531,39.07749938964844
1254.276123046875,129.82330322265625,32.76570129394531,39.07749938964844
1254.276123046875,129.82330322265625,32.76570129394531,39.07749938964844
1254.276123046875,129.82330322265625,32.76570129394531,39.07749938964844
1254.276123046875,129.82330322265625,32.76570129394531,39.07749938964844
1264.191162109375,194.8209991455078,15.808799743652344,20.537599563598633
1224.5252685546875,180.22540283203125,30.28860092163086,30.6643009185791
1159.23486328125,169.17469787597656,53.02199935913086,35.5713996887207
1097.794189453125,157.9210968017578,63.27259826660156,39.17580032348633
1056.921630859375,149.91209411621094,54.383201599121094,42.346900939941406
1005.4467163085938,146.59649658203125,56.11539840698242,34.26940155029297
959.7119140625,142.5688934326172,58.60810089111328,34.96179962158203
920.0947265625,142.91940307617188,52.62260055541992,33.80799865722656
882.2191772460938,144.73309326171875,49.74879837036133,31.61280059814453
848.5457153320312,144.04910278320312,46.845699310302734,32.10049819946289
816.9160766601562,147.6685028076172,46.332298278808594,30.619199752807617
785.7058715820312,153.08120727539062,34.98440170288086,24.64539909362793
785.7058715820312,153.08120727539062,34.98440170288086,24.64539909362793
744.1983032226562,169.99459838867188,35.07849884033203,27.05780029296875
709.5670776367188,170.71609497070312,45.37730026245117,26.77899932861328
688.6892700195312,178.3332977294922,41.772098541259766,27.492300033569336
668.1195068359375,187.8636016845703,42.98569869995117,25.84749984741211
649.6547241210938,199.0200958251953,40.949798583984375,26.20170021057129
633.1976928710938,209.84039306640625,38.697601318359375,28.222400665283203
619.4119873046875,221.39059448242188,36.40850067138672,23.317100524902344
602.344482421875,231.7418975830078,41.51340103149414,26.795499801635742
585.2747192382812,244.6230010986328,41.94449996948242,23.62700080871582
576.6691284179688,257.4560852050781,36.81340026855469,23.42840003967285
562.8817749023438,271.6513977050781,37.06560134887695,23.095800399780273
552.5173950195312,286.5674133300781,35.207801818847656,22.79789924621582
531.4783935546875,315.98089599609375,35.79970169067383,22.05150032043457
521.05126953125,330.4751892089844,34.97890090942383,25.493900299072266
521.4774169921875,331.04998779296875,35.000701904296875,25.582700729370117
491.4396057128906,351.1510925292969,85.48030090332031,38.38840103149414
538.1154174804688,345.3736877441406,66.51270294189453,33.33100128173828
538.1154174804688,345.3736877441406,66.51270294189453,33.33100128173828
507.2713928222656,341.4014892578125,46.73469924926758,31.736499786376953
529.9970092773438,307.8203125,33.99129867553711,22.07830047607422
529.0084838867188,307.9657897949219,34.937198638916016,21.394500732421875
536.89111328125,291.831298828125,34.54869842529297,26.11400032043457
545.7288208007812,277.0315856933594,34.00120162963867,25.87179946899414
548.4381103515625,263.31451416015625,38.82440185546875,23.893699645996094
558.43798828125,250.7758026123047,35.512001037597656,22.30139923095703
566.4235229492188,237.46290588378906,34.609901428222656,22.503700256347656
574.087890625,225.4134063720703,34.813499450683594,22.9153995513916
580.7034301757812,215.38009643554688,34.26969909667969,21.060400009155273
585.5219116210938,205.1278076171875,36.41120147705078,22.598899841308594
591.967529296875,195.81680297851562,36.315399169921875,21.6018009185791
605.3250122070312,181.4387969970703,37.229400634765625,22.09589958190918
612.05419921875,175.25070190429688,36.34120178222656,23.43090057373047
610.0684814453125,176.21319580078125,37.08369827270508,22.651100158691406
614.5889892578125,170.38259887695312,38.80630111694336,24.022899627685547
622.546875,166.28089904785156,35.226200103759766,25.150400161743164
628.1956176757812,163.0906982421875,37.612701416015625,22.295799255371094
633.243408203125,161.95269775390625,38.15489959716797,21.072200775146484
637.646728515625,158.76809692382812,38.58110046386719,23.489500045776367
649.49609375,159.95230102539062,36.41170120239258,20.79520034790039
652.7097778320312,159.82229614257812,37.21269989013672,23.982500076293945
652.9326782226562,160.0908966064453,36.92259979248047,22.905000686645508
657.5609741210938,164.3303985595703,37.90950012207031,23.28580093383789
661.9420166015625,167.0023956298828,38.320899963378906,23.89349937438965
661.6715698242188,167.17149353027344,38.98820114135742,23.472999572753906
668.380615234375,170.03550720214844,37.691200256347656,24.414600372314453
676.7943115234375,183.17349243164062,39.05110168457031,24.963899612426758
681.2360229492188,192.24070739746094,39.70429992675781,24.047300338745117
684.9962158203125,200.4853057861328,40.27410125732422,23.329999923706055
692.669677734375,210.4062042236328,36.90409851074219,24.387100219726562
696.6339111328125,220.8300018310547,36.795501708984375,24.985700607299805
696.3215942382812,232.80859375,41.9567985534668,23.364999771118164
702.2764892578125,245.3520050048828,39.23590087890625,23.603599548339844
706.1807861328125,260.1116027832031,36.961700439453125,23.023000717163086
709.6890258789062,274.0863037109375,37.0531005859375,22.96339988708496
713.2260131835938,288.7416076660156,38.911598205566406,28.635099411010742
717.271728515625,306.3128967285156,36.46630096435547,30.191600799560547
718.9152221679688,324.0563049316406,37.435699462890625,26.148000717163086
719.7778930664062,332.2662048339844,38.12649917602539,29.435400009155273
719.8759765625,339.8782043457031,38.299400329589844,29.920299530029297
719.2379150390625,345.2471008300781,38.73440170288086,30.506500244140625
693.0919799804688,339.5845031738281,72.9541015625,35.51089859008789
690.1005249023438,319.43701171875,76.75389862060547,43.14580154418945
726.836181640625,296.88079833984375,44.442298889160156,40.42390060424805
693.29248046875,337.4176940917969,65.6353988647461,31.368099212646484
729.6453247070312,257.1343078613281,38.41550064086914,25.41160011291504
731.6256713867188,238.95159912109375,38.979400634765625,25.348600387573242
733.1954956054688,220.92930603027344,40.471099853515625,25.032499313354492
736.4954223632812,204.95509338378906,39.14540100097656,23.845500946044922
737.230712890625,188.131103515625,40.73419952392578,25.70870018005371
740.9581298828125,173.72669982910156,36.266300201416016,23.04439926147461
741.1727905273438,160.39300537109375,36.50749969482422,23.299400329589844
742.5689086914062,147.86109924316406,36.80830001831055,26.212299346923828
746.4271850585938,139.6240997314453,31.298900604248047,20.607200622558594
750.5145263671875,127.7665023803711,32.57279968261719,24.010900497436523
746.1464233398438,117.65450286865234,40.68259811401367,25.44700050354004
748.3912963867188,108.55059814453125,40.29100036621094,24.615800857543945
753.8551025390625,101.1636962890625,37.160701751708984,24.260499954223633
755.3773193359375,94.2396011352539,38.702301025390625,24.601299285888672
757.1480102539062,88.27079772949219,38.53519821166992,25.675199508666992
760.0089721679688,84.59149932861328,39.7130012512207,25.49489974975586
762.5789184570312,82.17539978027344,37.91350173950195,25.01180076599121
762.3598022460938,81.27909851074219,39.68669891357422,24.195899963378906
764.7171020507812,79.44879913330078,39.56399917602539,24.611000061035156
765.2346801757812,78.42289733886719,40.15879821777344,26.092599868774414
767.1630249023438,79.59269714355469,40.90449905395508,26.397300720214844
767.5051879882812,80.84860229492188,40.98649978637695,27.277000427246094
770.99462890625,91.36250305175781,39.77539825439453,25.263999938964844
771.1168823242188,91.34130096435547,39.3931999206543,26.062599182128906
773.2277221679688,97.30030059814453,38.56460189819336,26.48200035095215
771.8541870117188,104.51180267333984,41.400699615478516,26.408599853515625
774.5996704101562,123.19499969482422,45.244300842285156,28.34079933166504
772.619873046875,123.81659698486328,48.41389846801758,31.867799758911133
775.0413818359375,131.24330139160156,43.66339874267578,25.48710060119629
775.7874145507812,143.3448028564453,41.406898498535156,24.752599716186523
777.8936157226562,154.96139526367188,40.9015998840332,26.13990020751953
779.4957275390625,169.06300354003906,40.17380142211914,23.662500381469727
779.1591186523438,183.95399475097656,40.870201110839844,22.78730010986328
778.3884887695312,198.81309509277344,40.45249938964844,24.316999435424805
778.5405883789062,214.4752960205078,43.21590042114258,26.299400329589844
774.4965209960938,231.6925048828125,41.920101165771484,28.95319938659668
774.3734130859375,232.25250244140625,42.31669998168945,27.549800872802734
764.5665283203125,225.735107421875,44.09400177001953,33.2411003112793
755.6038818359375,220.03489685058594,44.140899658203125,38.54090118408203
738.3323974609375,211.8946075439453,44.7781982421875,28.83690071105957
738.0372924804688,211.8820037841797,44.99470138549805,29.03510093688965
726.2169189453125,208.95309448242188,45.59669876098633,29.622299194335938
713.4658813476562,207.4586944580078,49.700199127197266,29.77560043334961
702.6337890625,207.7303924560547,50.82619857788086,30.3080997467041
692.6939697265625,210.15890502929688,48.06769943237305,31.397499084472656
679.5391845703125,215.65240478515625,49.39289855957031,33.38650131225586
679.2564697265625,215.64280700683594,49.64849853515625,30.141000747680664
665.1829833984375,220.87969970703125,50.99570083618164,33.85710144042969
652.3609008789062,229.2917938232422,51.74829864501953,39.09400177001953
622.5498046875,249.76510620117188,57.57500076293945,41.79069900512695
609.6473999023438,265.410400390625,56.86899948120117,36.80350112915039
596.0994873046875,281.0343933105469,52.08700180053711,38.299598693847656
575.7750854492188,301.8096008300781,58.945899963378906,33.79970169067383
559.6063842773438,322.96868896484375,61.687400817871094,37.86050033569336
548.9801025390625,349.7190856933594,56.339900970458984,39.17679977416992
527.5833129882812,379.0390930175781,58.54059982299805,34.91350173950195
508.8835144042969,406.6068115234375,63.49689865112305,38.04309844970703
494.2709045410156,422.3360900878906,64.86170196533203,40.99340057373047
474.368896484375,474.6064147949219,62.482200622558594,37.837501525878906
471.7351989746094,476.9881896972656,59.419898986816406,37.90800094604492
471.3150939941406,444.61920166015625,63.877498626708984,41.11009979248047
475.6011047363281,415.34039306640625,60.9656982421875,39.819698333740234
481.2055969238281,390.0895080566406,62.41080093383789,39.33110046386719
487.3855895996094,361.88140869140625,60.04970169067383,39.67060089111328
485.6138000488281,337.7159118652344,65.95909881591797,39.62329864501953
487.910888671875,315.7255859375,66.52200317382812,38.81230163574219
492.17840576171875,295.0002136230469,65.40239715576172,39.962799072265625
498.9012145996094,277.3789978027344,61.63639831542969,39.96110153198242
500.7084045410156,262.47900390625,65.11019897460938,37.97909927368164
503.9778137207031,248.76499938964844,63.006099700927734,43.32600021362305
507.5155944824219,236.3791046142578,64.11990356445312,37.72710037231445
511.1343994140625,226.25149536132812,64.30619812011719,39.725101470947266
515.87548828125,220.46580505371094,63.470699310302734,39.82889938354492
518.0560913085938,215.50340270996094,63.5171012878418,36.217098236083984
520.8660888671875,209.01510620117188,65.31169891357422,39.28850173950195
524.7435913085938,207.44119262695312,64.49960327148438,40.155601501464844
527.9727783203125,207.05999755859375,63.42580032348633,39.437801361083984
530.9832763671875,209.09640502929688,61.559600830078125,37.69350051879883
535.0504150390625,212.6486053466797,63.48649978637695,36.630401611328125
538.4542846679688,217.29490661621094,62.11050033569336,36.85960006713867
541.8013916015625,225.45089721679688,60.653099060058594,36.006500244140625
543.9086303710938,232.31680297851562,60.74190139770508,36.69559860229492
546.69921875,241.28050231933594,59.57590103149414,35.43230056762695
551.2232055664062,253.3238067626953,61.47809982299805,35.93510055541992
553.856201171875,265.03271484375,62.20800018310547,38.897499084472656
558.357421875,279.847900390625,57.08549880981445,34.525001525878906
561.169921875,297.7983093261719,56.50830078125,33.637298583984375
562.7918701171875,313.8763122558594,59.06169891357422,44.076698303222656
565.2706298828125,331.5152893066406,57.10129928588867,60.644100189208984
566.5153198242188,327.3215026855469,59.95069885253906,37.27750015258789
571.651611328125,293.4639892578125,56.99689865112305,31.859800338745117
570.4769287109375,257.7445983886719,59.854000091552734,33.4379997253418
574.1721801757812,224.6475067138672,59.06589889526367,36.29570007324219
574.9962768554688,192.4781036376953,60.42399978637695,39.09189987182617
577.7169189453125,159.41859436035156,62.535400390625,38.02880096435547
580.2603759765625,130.752197265625,61.43330001831055,36.759300231933594
582.381103515625,102.08930206298828,62.085899353027344,38.07419967651367
584.9262084960938,75.4375,60.7593994140625,39.672000885009766
589.4899291992188,50.53919982910156,54.95650100708008,37.41910171508789
597.7968139648438,28.553600311279297,49.43050003051758,35.55569839477539
598.0632934570312,8.001399993896484,50.509700775146484,34.92340087890625
600.2122192382812,1.4112999439239502,57.276100158691406,21.51420021057129
600.2120971679688,1.4112999439239502,57.276100158691406,21.51420021057129
589.3856811523438,3.796299934387207,102.32250213623047,56.023399353027344
589.3856811523438,3.796299934387207,102.32250213623047,56.023399353027344
589.3856811523438,3.796299934387207,102.32250213623047,56.023399353027344
589.3856811523438,3.796299934387207,102.32250213623047,56.023399353027344
589.3856811523438,3.796299934387207,102.32250213623047,56.023399353027344
589.3856811523438,3.796299934387207,102.32250213623047,56.023399353027344
589.3856811523438,3.796299934387207,102.32250213623047,56.023399353027344
589.3856811523438,3.796299934387207,102.32250213623047,56.023399353027344
589.3856811523438,3.796299934387207,102.32250213623047,56.023399353027344
589.3856811523438,3.796299934387207,102.32250213623047,56.023399353027344
589.3856811523438,3.796299934387207,102.32250213623047,56.023399353027344
589.3856811523438,3.796299934387207,102.32250213623047,56.023399353027344
589.3856811523438,3.796299934387207,102.32250213623047,56.023399353027344
589.3856811523438,3.796299934387207,102.32250213623047,56.023399353027344
589.3856811523438,3.796299934387207,102.32250213623047,56.023399353027344
589.3856811523438,3.796299934387207,102.32250213623047,56.023399353027344
590.518310546875,3.3203999996185303,100.83360290527344,56.072898864746094
590.518310546875,3.3203999996185303,100.83360290527344,56.072898864746094
656.5980224609375,0.0,55.29169845581055,10.0
652.40087890625,0.1451999992132187,65.21949768066406,22.457500457763672
654.3358764648438,2.6157000064849854,63.781898498535156,42.05509948730469
655.2048950195312,23.14310073852539,64.34559631347656,43.622798919677734
663.8814697265625,49.212398529052734,57.864200592041016,41.32229995727539
665.9603271484375,78.58159637451172,58.27519989013672,38.357200622558594
664.885986328125,109.0551986694336,58.39860153198242,33.8297004699707
666.2706909179688,139.96670532226562,54.844398498535156,34.982601165771484
667.3583984375,156.73280334472656,66.61689758300781,42.70199966430664
666.7263793945312,171.38330078125,82.50769805908203,43.499698638916016
665.8574829101562,182.32359313964844,66.6249008178711,39.35850143432617
667.7020874023438,196.02670288085938,58.380401611328125,32.54199981689453
668.2197875976562,209.4951934814453,55.5453987121582,36.507999420166016
664.9766845703125,225.13499450683594,53.33549880981445,33.85260009765625
666.8369140625,238.3881072998047,47.595401763916016,33.41790008544922
661.1121215820312,254.552001953125,52.625999450683594,33.16130065917969
660.2979125976562,269.4888000488281,46.334800720214844,33.04180145263672
657.0371704101562,285.6120910644531,48.312400817871094,27.95949935913086
654.2213134765625,290.5755920410156,48.308101654052734,33.338199615478516
651.3934936523438,297.05560302734375,48.15879821777344,32.66619873046875
650.2061767578125,334.59521484375,44.61650085449219,28.501699447631836
626.9625854492188,353.70550537109375,111.0509033203125,31.697900772094727
641.1348266601562,359.485595703125,128.33560180664062,38.23540115356445
641.1348266601562,359.485595703125,128.33560180664062,38.23540115356445
601.1254272460938,394.59710693359375,151.99630737304688,30.355600357055664
601.1254272460938,394.59710693359375,151.99630737304688,30.355600357055664
601.1254272460938,394.59710693359375,151.99630737304688,30.355600357055664
601.1254272460938,394.59710693359375,151.99630737304688,30.355600357055664
616.2208251953125,435.431884765625,61.168701171875,46.95719909667969
614.4387817382812,406.27069091796875,37.39550018310547,26.1299991607666
614.4581909179688,407.2872009277344,36.20690155029297,22.174699783325195
619.364013671875,405.5177917480469,65.34210205078125,63.900699615478516
592.706298828125,375.2571105957031,51.64099884033203,48.173099517822266
592.706298828125,375.2571105957031,51.64099884033203,48.173099517822266
591.0432739257812,343.34600830078125,37.53379821777344,31.893299102783203
591.456787109375,343.8505859375,35.705101013183594,26.015300750732422
586.3748779296875,334.97821044921875,35.23889923095703,24.63680076599121
579.5166015625,325.63128662109375,36.35169982910156,24.34079933166504
575.3781127929688,318.6546936035156,37.914798736572266,23.170799255371094
571.3663940429688,311.48309326171875,36.77880096435547,20.76059913635254
566.2603149414062,305.5271911621094,37.527801513671875,23.23110008239746
561.4683837890625,299.9798889160156,37.49850082397461,22.92959976196289
558.843505859375,295.9981994628906,35.73889923095703,22.781999588012695
553.4119262695312,292.9460144042969,36.813499450683594,21.383699417114258
548.9219970703125,290.57598876953125,37.27109909057617,21.68910026550293
545.326416015625,288.9349060058594,37.55229949951172,20.2096004486084
540.7164916992188,288.2673034667969,37.4818000793457,21.58650016784668
536.7108154296875,288.9410095214844,38.17649841308594,21.637399673461914
532.39111328125,290.0353088378906,37.30860137939453,21.461200714111328
529.3621826171875,292.8218078613281,37.69860076904297,22.739900588989258
521.3499145507812,300.33319091796875,38.128700256347656,21.603500366210938
521.5565185546875,300.36920166015625,38.12929916381836,21.942899703979492
516.8129272460938,306.5707092285156,38.018699645996094,22.575700759887695
513.6793823242188,312.42291259765625,37.838199615478516,24.163700103759766
508.7908020019531,320.3091125488281,39.53179931640625,21.065099716186523
503.9190979003906,328.21600341796875,39.78459930419922,24.47640037536621
501.9396057128906,337.3547058105469,39.17509841918945,23.801799774169922
498.06988525390625,347.1622009277344,36.672401428222656,24.215599060058594
493.7578125,360.2762145996094,39.89039993286133,26.12980079650879
493.7578125,360.2762145996094,39.89039993286133,26.12980079650879
493.7578125,360.2762145996094,39.89039993286133,26.12980079650879
478.1263122558594,391.45111083984375,45.30509948730469,27.535200119018555
476.4809875488281,391.8970031738281,48.31330108642578,35.755001068115234
483.52911376953125,370.4879150390625,43.77239990234375,28.121599197387695
488.6629943847656,351.2109069824219,44.706298828125,32.096099853515625
504.3877868652344,331.83819580078125,36.97949981689453,24.715099334716797
513.7797241210938,312.6607971191406,39.14659881591797,25.017099380493164
520.5498046875,295.22601318359375,38.398399353027344,24.995100021362305
529.5167846679688,278.9674072265625,38.34429931640625,23.907499313354492
538.0350952148438,263.40869140625,38.24660110473633,23.863800048828125
545.2349243164062,247.43359375,40.18410110473633,25.550500869750977
554.801025390625,233.7052001953125,38.111000061035156,24.892200469970703
561.3441772460938,221.5518035888672,39.61069869995117,23.545400619506836
571.4306030273438,208.85020446777344,39.83660125732422,22.85219955444336
580.056396484375,198.17979431152344,39.38410186767578,22.940000534057617
589.568115234375,188.5498046875,39.959800720214844,24.000200271606445
597.1510009765625,179.2270965576172,39.6609001159668,24.616600036621094
605.7133178710938,174.04420471191406,39.19459915161133,23.00309944152832
611.5640869140625,167.152099609375,40.52539825439453,25.529499053955078
622.3223266601562,160.6282958984375,37.33330154418945,25.44029998779297
628.947509765625,158.3444061279297,40.50899887084961,24.15410041809082
637.2296142578125,157.12249755859375,39.54499816894531,20.749000549316406
644.2640991210938,153.52529907226562,39.27539825439453,22.506399154663086
652.294189453125,152.76060485839844,39.092098236083984,22.241300582885742
659.0513916015625,152.55630493164062,39.50270080566406,21.906600952148438
667.0808715820312,154.59959411621094,39.48099899291992,22.4606990814209
674.2529296875,155.12060546875,39.21590042114258,25.900800704956055
682.282470703125,158.10699462890625,42.45819854736328,26.265300750732422
688.9124145507812,163.5832061767578,38.09239959716797,24.57859992980957
697.4146118164062,169.1759033203125,39.892601013183594,24.517900466918945
702.7130737304688,175.11929321289062,41.503299713134766,26.981700897216797
708.8505249023438,182.58619689941406,42.16360092163086,26.411500930786133
715.5723876953125,191.02670288085938,40.68320083618164,26.571199417114258
721.3624267578125,202.60369873046875,42.36249923706055,26.471399307250977
726.3588256835938,213.452392578125,42.76649856567383,26.99209976196289
731.5869140625,226.2115936279297,43.72079849243164,26.262800216674805
738.205078125,240.0727996826172,43.47079849243164,26.009300231933594
743.9630737304688,253.60260009765625,43.336299896240234,26.707000732421875
753.7896118164062,286.194091796875,42.905601501464844,26.799299240112305
759.3731079101562,295.93109130859375,44.44340133666992,26.77440071105957
760.148681640625,295.9916076660156,43.86579895019531,26.927200317382812
773.9141235351562,296.37548828125,44.147701263427734,29.285600662231445
788.7551879882812,298.93450927734375,42.938899993896484,27.733999252319336
803.64599609375,302.92919921875,45.88249969482422,31.3887996673584
818.8276977539062,307.4226989746094,45.02149963378906,26.50510025024414
833.6126708984375,315.9660949707031,46.70989990234375,29.958499908447266
851.4711303710938,324.7734069824219,48.3385009765625,28.699399948120117
886.6002197265625,348.4067077636719,52.19179916381836,29.347900390625
886.4807739257812,347.99530029296875,52.84320068359375,30.116899490356445
899.5913696289062,352.36529541015625,51.42250061035156,31.560699462890625
927.2423706054688,382.82440185546875,51.40729904174805,32.45320129394531
948.5180053710938,403.19000244140625,53.424800872802734,33.096500396728516
973.8082885742188,427.2955017089844,56.56809997558594,32.46649932861328
973.8082275390625,427.2955017089844,56.56809997558594,32.46649932861328
973.8082275390625,427.2955017089844,56.56809997558594,32.46649932861328
973.8082275390625,427.2955017089844,56.56809997558594,32.46649932861328
973.8082275390625,427.2955017089844,56.56809997558594,32.46649932861328
1006.2169189453125,441.55810546875,74.56449890136719,41.372398376464844
1012.4658813476562,418.40521240234375,61.03609848022461,40.90999984741211
1003.3607177734375,393.7456970214844,62.26250076293945,35.31919860839844
994.9835205078125,372.7372131347656,62.40890121459961,35.34280014038086
988.6790771484375,353.3445129394531,59.867000579833984,38.96329879760742
975.7904052734375,333.20318603515625,60.009700775146484,39.01620101928711
966.56201171875,318.1180114746094,62.69150161743164,35.68709945678711
959.8038940429688,304.84619140625,59.34550094604492,36.49340057373047
949.8375244140625,291.4136962890625,59.627201080322266,37.58789825439453
941.6591796875,281.326904296875,60.615699768066406,33.34090042114258
932.7197265625,271.2070007324219,60.71760177612305,37.95320129394531
922.5258178710938,265.8279113769531,59.641300201416016,35.61259841918945
922.5142211914062,265.1018981933594,58.99959945678711,35.9380989074707
912.6646118164062,259.3074951171875,60.80440139770508,34.290199279785156
896.7974853515625,253.3592071533203,57.10459899902344,36.43170166015625
888.3532104492188,252.03160095214844,57.032798767089844,33.595699310302734
879.5578002929688,251.2655029296875,57.53559875488281,33.1599006652832
869.3770141601562,254.00030517578125,58.53089904785156,35.73889923095703
858.8870849609375,256.8669128417969,57.42959976196289,36.54140090942383
851.0728149414062,262.93798828125,56.55030059814453,34.659400939941406
841.8588256835938,269.34259033203125,57.16899871826172,33.642799377441406
832.592529296875,277.5718994140625,58.307098388671875,32.82870101928711
822.6405029296875,286.6142883300781,56.87300109863281,40.124298095703125
816.1038208007812,297.0545959472656,55.7577018737793,33.62480163574219
807.75390625,309.9722900390625,55.27330017089844,31.05389976501465
798.5496826171875,322.025390625,54.104400634765625,33.12839889526367
790.6312255859375,339.3677978515625,53.39720153808594,33.1161994934082
781.0548706054688,353.5638122558594,56.67620086669922,31.880699157714844
776.7192993164062,371.1676940917969,50.94879913330078,32.722801208496094
766.9926147460938,388.9024963378906,52.532901763916016,32.381500244140625
759.9594116210938,405.8623962402344,51.25360107421875,33.70859909057617
755.7147216796875,408.2381896972656,53.162601470947266,31.695600509643555
751.4940795898438,374.63470458984375,53.013301849365234,30.19339942932129
747.4683227539062,342.0154113769531,53.214298248291016,32.50870132446289
743.298828125,310.55560302734375,54.463401794433594,34.06890106201172
739.6405029296875,278.3039855957031,55.412601470947266,32.931400299072266
736.3936767578125,248.0113983154297,57.00669860839844,34.102901458740234
733.4194946289062,218.02040100097656,57.91579818725586,36.273399353027344
732.2249755859375,190.601806640625,57.90399932861328,38.57709884643555
731.9713745117188,167.62339782714844,53.87310028076172,34.39720153808594
729.0770263671875,140.03050231933594,55.41939926147461,38.20429992675781
724.730224609375,115.00360107421875,58.75590133666992,37.28150177001953
724.2886962890625,90.81629943847656,58.303199768066406,37.620399475097656
722.4959716796875,69.33180236816406,58.7224006652832,37.63399887084961
720.6494140625,48.30820083618164,59.99700164794922,38.92279815673828
720.4641723632812,29.965599060058594,56.9385986328125,38.74679946899414
717.2219848632812,12.371100425720215,59.158199310302734,38.9015007019043
714.4512939453125,0.09910000115633011,61.007999420166016,34.5900993347168
714.4512939453125,0.09910000115633011,61.007999420166016,34.5900993347168
714.4512939453125,0.09910000115633011,61.007999420166016,34.5900993347168
680.2546997070312,20.412900924682617,146.3759002685547,70.3772964477539
680.2545776367188,20.412900924682617,146.3759002685547,70.3772964477539
680.2545776367188,20.412900924682617,146.3759002685547,70.3772964477539
733.7205810546875,133.6208038330078,117.13619995117188,47.45560073852539
733.7205810546875,133.6208038330078,117.13619995117188,47.45560073852539
733.7205810546875,133.6208038330078,117.13619995117188,47.45560073852539
733.7205810546875,133.6208038330078,117.13619995117188,47.45560073852539
552.7526245117188,31.11989974975586,95.9072036743164,37.100799560546875
560.0264282226562,43.79970169067383,76.61810302734375,22.729700088500977
562.2061767578125,43.216400146484375,75.74620056152344,21.232500076293945
564.4993286132812,43.09939956665039,76.7020034790039,20.703399658203125
568.3784790039062,43.35419845581055,77.28279876708984,20.31130027770996
572.8917236328125,43.14339828491211,76.61519622802734,20.319400787353516
706.0897827148438,2.343899965286255,66.74259948730469,17.732500076293945
707.4998779296875,7.689700126647949,69.3102035522461,45.71390151977539
706.6934204101562,27.04170036315918,69.79180145263672,46.372798919677734
706.1026000976562,27.668399810791016,69.91200256347656,46.43360137939453
705.5189208984375,50.741600036621094,70.83419799804688,44.83940124511719
705.7224731445312,74.83580017089844,71.05159759521484,45.726200103759766
706.4437255859375,101.97219848632812,71.77490234375,45.314998626708984
704.6976928710938,130.7104034423828,73.20819854736328,47.571998596191406
683.119873046875,176.8513946533203,78.45539855957031,48.93360137939453
684.1124877929688,176.68460083007812,76.84839630126953,48.297401428222656
647.9345092773438,173.82290649414062,76.00540161132812,48.3317985534668
610.448486328125,172.1385040283203,69.54429626464844,41.93870162963867
577.8275146484375,169.60809326171875,66.40260314941406,39.528900146484375
549.1168212890625,171.64340209960938,64.4395980834961,37.634300231933594
525.0717163085938,175.3173065185547,61.314998626708984,36.5796012878418
500.8373107910156,179.731201171875,62.309200286865234,36.93619918823242
480.1794128417969,186.42909240722656,59.7760009765625,35.28879928588867
480.3880920410156,186.04409790039062,60.13209915161133,35.91320037841797
462.80120849609375,195.13589477539062,54.824798583984375,33.18389892578125
425.9961853027344,213.52569580078125,54.192100524902344,31.48539924621582
412.2247009277344,224.35260009765625,52.87080001831055,32.39550018310547
398.52239990234375,234.8524932861328,50.11980056762695,28.413799285888672
387.3067932128906,248.968994140625,49.22949981689453,36.33700180053711
375.7735900878906,260.5697021484375,49.25979995727539,29.181400299072266
367.9142150878906,273.6289978027344,45.63140106201172,30.533700942993164
357.2452087402344,289.0570068359375,47.722900390625,30.4552001953125
350.1170959472656,302.2535095214844,44.23699951171875,29.026100158691406
343.9580993652344,317.0032958984375,42.68239974975586,32.937599182128906
338.5476989746094,333.18701171875,45.65700149536133,31.16469955444336
331.8434143066406,346.5445861816406,45.58089828491211,26.101999282836914
325.74169921875,363.6794128417969,45.16559982299805,24.41309928894043
317.5155944824219,368.7043151855469,48.786399841308594,28.202499389648438
320.6628112792969,397.6925048828125,37.29909896850586,23.812599182128906
318.510986328125,408.2297058105469,37.297698974609375,26.60759925842285
326.7231140136719,390.54840087890625,36.138999938964844,24.461299896240234
331.4619140625,368.11761474609375,58.438201904296875,29.417499542236328
340.2012939453125,362.010986328125,46.045101165771484,24.22130012512207
368.12799072265625,357.9106140136719,33.8400993347168,29.902700424194336
353.7445983886719,324.6606140136719,36.896400451660156,22.415300369262695
358.77130126953125,310.5172119140625,39.20109939575195,21.802099227905273
365.3606872558594,297.216796875,39.74789810180664,23.270599365234375
372.10400390625,285.0119934082031,39.01679992675781,22.579299926757812
379.4403991699219,273.55010986328125,38.898799896240234,21.794599533081055
387.54229736328125,263.6451110839844,37.85309982299805,21.683700561523438
394.0867919921875,252.5924072265625,37.6088981628418,24.834400177001953
402.6365051269531,245.85020446777344,36.59880065917969,24.949800491333008
407.02099609375,238.96099853515625,39.81100082397461,23.408100128173828
414.0895080566406,232.08599853515625,39.46049880981445,26.321699142456055
422.4742126464844,226.40220642089844,38.5640983581543,23.10059928894043
427.89849853515625,223.3491973876953,40.33539962768555,22.646400451660156
434.32659912109375,219.95570373535156,39.6427001953125,23.718700408935547
441.45721435546875,217.773193359375,39.74620056152344,24.524900436401367
447.2535095214844,217.27130126953125,42.30889892578125,23.988000869750977
454.6711120605469,217.12879943847656,39.90769958496094,24.359399795532227
462.0599060058594,218.06739807128906,39.871700286865234,24.538700103759766
477.8927917480469,223.85569763183594,39.659698486328125,24.748300552368164
478.1669006347656,223.72740173339844,38.149600982666016,22.273799896240234
484.80419921875,227.95700073242188,37.74079895019531,22.434499740600586
490.09259033203125,233.13070678710938,39.186500549316406,24.958099365234375
499.1322937011719,240.47140502929688,38.68159866333008,22.377500534057617
504.5118103027344,247.21170043945312,38.56589889526367,23.322200775146484
511.3505859375,254.86959838867188,38.519500732421875,23.677799224853516
523.4464721679688,275.3655090332031,37.660099029541016,24.160499572753906
529.5379028320312,286.5393981933594,39.02040100097656,25.32029914855957
529.7197875976562,286.8268127441406,38.80630111694336,24.56410026550293
537.1655883789062,299.3866882324219,36.86539840698242,23.576799392700195
543.5037841796875,310.8633117675781,37.311798095703125,30.3799991607666
548.4447021484375,325.5445861816406,38.50170135498047,24.406999588012695
548.4447021484375,325.5445861816406,38.50170135498047,24.406999588012695
560.3571166992188,357.5163879394531,38.834999084472656,22.401599884033203
566.3394165039062,362.8883056640625,37.83649826049805,22.476999282836914
566.3394165039062,362.8883056640625,37.83649826049805,22.476999282836914
570.2548828125,318.470703125,38.62689971923828,26.656999588012695
573.1002807617188,295.9942932128906,39.874298095703125,25.94569969177246
574.14697265625,274.4248046875,39.83689880371094,24.52560043334961
576.4337158203125,255.65359497070312,39.25310134887695,25.70639991760254
580.8394775390625,236.01220703125,38.67290115356445,23.798099517822266
581.25341796875,217.0717010498047,39.87049865722656,24.93400001525879
583.3087768554688,200.87120056152344,39.824798583984375,24.694499969482422
585.765625,168.9228057861328,40.89569854736328,25.378999710083008
586.3521118164062,155.7458038330078,43.68280029296875,28.538799285888672
587.71630859375,155.98629760742188,40.412601470947266,25.74020004272461
588.0670776367188,143.685302734375,41.86470031738281,25.094600677490234
591.014892578125,130.77369689941406,37.97359848022461,26.53070068359375
591.3060913085938,129.99729919433594,37.70090103149414,26.983600616455078
596.0784912109375,120.95079803466797,35.755699157714844,26.571699142456055
593.6978149414062,102.92279815673828,39.84370040893555,25.909299850463867
594.2340698242188,96.08219909667969,40.65409851074219,26.209699630737305
594.25537109375,89.66909790039062,41.125999450683594,26.030799865722656
594.843017578125,83.76609802246094,41.38349914550781,27.42639923095703
595.3973999023438,79.76509857177734,40.96179962158203,27.163299560546875
595.7343139648438,75.97119903564453,41.04280090332031,27.43079948425293
595.36181640625,74.11100006103516,41.58539962768555,26.724899291992188
594.3668212890625,73.53739929199219,42.55569839477539,26.962299346923828
595.1265869140625,74.08910369873047,41.402801513671875,26.732799530029297
595.411376953125,75.2113037109375,41.5443000793457,26.87070083618164
594.4088134765625,78.0436019897461,41.743900299072266,26.599199295043945
593.7335815429688,82.4541015625,40.68040084838867,26.482799530029297
593.7744750976562,86.65029907226562,41.00239944458008,26.33919906616211
592.9876708984375,94.2938003540039,40.83509826660156,25.731599807739258
592.6729736328125,101.51609802246094,40.275001525878906,26.700300216674805
592.0053100585938,111.20700073242188,41.11800003051758,26.708499908447266
590.087890625,120.1072006225586,39.12820053100586,25.286399841308594
588.226318359375,129.2631072998047,43.433998107910156,28.10580062866211
587.7886962890625,143.10479736328125,43.08190155029297,26.930299758911133
585.7620849609375,156.65159606933594,44.574501037597656,28.298799514770508
585.8822021484375,171.31289672851562,43.00299835205078,30.059099197387695
584.6405029296875,184.97549438476562,42.55720138549805,24.78820037841797
584.4218139648438,202.9062957763672,42.81480026245117,26.478099822998047
582.4461059570312,208.74330139160156,43.59939956665039,28.52829933166504
582.3079833984375,239.73959350585938,43.220001220703125,28.234899520874023
579.8555297851562,260.02349853515625,43.19329833984375,27.31800079345703
579.7188110351562,271.5873107910156,43.514801025390625,30.2273006439209
580.548828125,268.9956970214844,43.24169921875,28.8085994720459
581.2642211914062,267.5581970214844,48.22999954223633,32.21929931640625
579.8690185546875,264.6539001464844,45.109901428222656,29.61590003967285
578.2717895507812,265.36468505859375,46.80979919433594,29.896499633789062
575.9074096679688,267.693603515625,47.517799377441406,30.440099716186523
575.35302734375,271.4049987792969,49.215599060058594,28.361499786376953
573.4235229492188,277.2785949707031,49.26359939575195,31.61590003967285
568.7435913085938,291.8085021972656,51.591400146484375,33.51190185546875
568.662109375,291.5162048339844,50.890201568603516,32.814998626708984
565.7620239257812,301.755615234375,53.588199615478516,37.89830017089844
565.1024780273438,315.80780029296875,51.34629821777344,38.499000549316406
557.8173217773438,329.4126892089844,57.10649871826172,35.40829849243164
556.1680297851562,346.7170104980469,52.206199645996094,32.892799377441406
552.3441162109375,366.2638854980469,56.78379821777344,31.783300399780273
544.7083129882812,413.4224853515625,56.183101654052734,34.772300720214844
532.7761840820312,405.7974853515625,65.19429779052734,42.13570022583008
523.8612060546875,395.7926025390625,70.10320281982422,35.090301513671875
526.093017578125,397.2161865234375,69.2843017578125,34.64139938354492
525.76171875,397.1914978027344,69.51490020751953,34.90739822387695
526.8239135742188,397.91839599609375,69.76210021972656,35.18149948120117
550.1104125976562,439.2544860839844,55.911800384521484,34.054298400878906
555.9083862304688,437.59271240234375,48.58919906616211,33.949501037597656
573.3259887695312,410.70330810546875,42.93619918823242,35.90729904174805
572.8812866210938,388.768798828125,60.52429962158203,38.51380157470703
581.7033081054688,370.29168701171875,62.53770065307617,45.581298828125
591.9373168945312,352.3731994628906,59.74489974975586,40.88669967651367
605.513916015625,335.2442932128906,58.7953987121582,38.37689971923828
609.3228759765625,319.0238037109375,61.086299896240234,41.72809982299805
615.9417114257812,307.0906066894531,62.570899963378906,37.779598236083984
624.2086791992188,296.2242126464844,62.68320083618164,39.3129997253418
632.8087768554688,288.00390625,61.10770034790039,36.777198791503906
639.3095092773438,279.7337951660156,61.49290084838867,36.86940002441406
646.1270141601562,274.2626953125,62.724300384521484,35.68939971923828
660.0933837890625,266.8402099609375,63.83420181274414,39.01689910888672
660.4581298828125,267.0466003417969,63.00080108642578,39.6869010925293
667.7758178710938,267.3783874511719,61.695098876953125,40.80039978027344
674.2877197265625,269.47320556640625,59.70130157470703,36.130001068115234
685.2349243164062,274.0574951171875,61.02009963989258,35.52050018310547
685.7188720703125,274.5351867675781,61.25920104980469,35.5093994140625
685.2006225585938,274.1080017089844,61.01959991455078,35.371498107910156
690.0269165039062,279.23858642578125,62.42829895019531,38.411598205566406
702.8165283203125,297.0469970703125,57.46929931640625,39.18220138549805
705.2308959960938,306.1402893066406,59.27130126953125,39.42599868774414
708.4940795898438,319.39208984375,60.10419845581055,34.76259994506836
712.38720703125,332.4211120605469,60.46379852294922,35.779701232910156
717.3339233398438,349.02520751953125,57.373199462890625,33.31589889526367
720.8419799804688,364.1106872558594,55.96549987792969,32.654300689697266
723.717529296875,381.2673034667969,56.398799896240234,37.95610046386719
728.5150756835938,401.9211120605469,55.50510025024414,32.962799072265625
729.5839233398438,420.6943054199219,58.255001068115234,36.29710006713867
729.2135009765625,412.3492126464844,58.80839920043945,34.109100341796875
732.7213745117188,378.902587890625,56.45009994506836,31.300800323486328
732.176513671875,344.7449035644531,56.45669937133789,38.389400482177734
731.6768188476562,310.2130126953125,57.21860122680664,39.21659851074219
733.88720703125,279.13189697265625,58.885799407958984,38.1796989440918
733.1749267578125,247.6490020751953,60.49679946899414,37.486698150634766
730.2548217773438,216.86819458007812,63.412899017333984,36.12950134277344
731.1392211914062,189.2628936767578,63.15140151977539,37.73870086669922
735.4310913085938,163.70449829101562,59.40769958496094,36.844398498535156
730.3302001953125,137.035400390625,61.33399963378906,39.88309860229492
728.4567260742188,112.6489028930664,61.121700286865234,39.33919906616211
726.2813720703125,88.4363021850586,61.08549880981445,40.25239944458008
725.8900756835938,66.72260284423828,62.58599853515625,40.805301666259766
724.0667724609375,46.49610137939453,62.07979965209961,41.200199127197266
721.213623046875,27.497800827026367,64.3313980102539,42.27389907836914
719.32568359375,10.519000053405762,64.04850006103516,42.43470001220703
717.154296875,0.7253000140190125,65.39009857177734,37.057899475097656
715.4072265625,0.529699981212616,66.92430114746094,23.273799896240234
715.4071044921875,0.529699981212616,66.92430114746094,23.273799896240234
725.5521850585938,0.0,32.927101135253906,10.0
722.6123046875,7.108799934387207,45.826698303222656,28.617000579833984
722.6123046875,7.108799934387207,45.826698303222656,28.617000579833984
721.3961181640625,13.846599578857422,46.58089828491211,23.073200225830078
722.2711181640625,14.949199676513672,45.26969909667969,23.560100555419922
722.27099609375,14.949199676513672,45.26969909667969,23.560100555419922
722.27099609375,14.949199676513672,45.26969909667969,23.560100555419922
722.27099609375,14.949199676513672,45.26969909667969,23.560100555419922
722.27099609375,14.949199676513672,45.26969909667969,23.560100555419922
722.27099609375,14.949199676513672,45.26969909667969,23.560100555419922
722.27099609375,14.949199676513672,45.26969909667969,23.560100555419922
683.2723999023438,1.0819000005722046,70.10780334472656,20.1919002532959
680.361083984375,0.6021000146865845,72.2490005493164,34.58169937133789
677.468994140625,4.18120002746582,72.66609954833984,47.714599609375
674.2105712890625,22.918100357055664,73.62999725341797,47.53879928588867
670.3131103515625,66.61219787597656,73.88500213623047,47.19729995727539
670.7064208984375,66.03050231933594,74.37519836425781,47.3473014831543
667.4376831054688,120.39129638671875,73.15869903564453,45.50279998779297
667.0872192382812,119.24320220947266,72.5811996459961,46.80839920043945
666.4379272460938,151.3928985595703,72.2925033569336,44.07109832763672
660.8723754882812,181.4777069091797,80.37169647216797,59.098899841308594
675.7376708984375,195.6092071533203,78.0875015258789,46.180301666259766
700.1729125976562,201.5854949951172,73.5072021484375,49.18239974975586
726.01220703125,209.10079956054688,66.94499969482422,41.381500244140625
744.8994750976562,217.73800659179688,64.56629943847656,38.732398986816406
761.4901123046875,226.7100067138672,61.09040069580078,36.103599548339844
776.280517578125,237.6072998046875,60.039798736572266,36.24639892578125
787.4183959960938,249.53790283203125,58.243099212646484,33.26319885253906
801.207275390625,261.7466125488281,53.2864990234375,32.42190170288086
812.1312255859375,274.8233947753906,51.29669952392578,31.659299850463867
817.4749145507812,288.5819091796875,50.86220169067383,35.36899948120117
826.0349731445312,303.2463073730469,49.8671989440918,30.245899200439453
837.763427734375,331.6095886230469,46.83319854736328,29.154499053955078
842.700927734375,347.33770751953125,44.36859893798828,27.21980094909668
841.8922729492188,346.8817138671875,43.720298767089844,26.676599502563477
849.4166870117188,377.4898986816406,41.919498443603516,29.977699279785156
852.3865966796875,394.09619140625,41.12879943847656,27.41950035095215
853.256103515625,393.402099609375,39.6416015625,26.45639991760254
851.9890747070312,391.6820983886719,42.82360076904297,22.11520004272461
855.2803955078125,413.206787109375,39.860198974609375,19.483600616455078
858.736328125,442.3443908691406,37.8306999206543,23.094900131225586
860.8687133789062,458.2337951660156,34.799598693847656,27.251399993896484
865.1757202148438,469.2237854003906,43.68579864501953,56.81520080566406
865.17578125,469.2237854003906,43.68579864501953,56.81520080566406
861.5460205078125,465.05609130859375,47.28670120239258,47.677398681640625
860.1203002929688,462.7869873046875,51.38349914550781,41.95159912109375
857.7020263671875,449.0869140625,44.424400329589844,31.730499267578125
857.7020263671875,449.0869140625,44.424400329589844,31.730499267578125
857.7020263671875,449.0869140625,44.424400329589844,31.730499267578125
855.9168701171875,407.760009765625,55.66939926147461,65.80449676513672
856.3569946289062,408.7539978027344,58.739898681640625,61.38370132446289
833.049072265625,388.0473937988281,58.2760009765625,45.4197998046875
834.0172729492188,377.5790100097656,55.8224983215332,45.585201263427734
836.7694091796875,369.0199890136719,53.829498291015625,43.510398864746094
841.896728515625,360.7181091308594,46.48139953613281,40.28919982910156
851.522705078125,354.7174072265625,36.1515007019043,27.66390037536621
851.69677734375,347.5421142578125,34.88970184326172,21.70009994506836
850.24609375,342.099609375,35.649600982666016,22.4783992767334
849.4885864257812,337.5704040527344,35.173099517822266,22.489900588989258
849.1964721679688,333.9316101074219,35.59489822387695,23.161399841308594
847.2058715820312,331.5921936035156,36.22359848022461,21.256799697875977
845.6464233398438,329.684814453125,35.989601135253906,20.241100311279297
844.5927734375,329.2153015136719,36.68069839477539,20.98819923400879
842.8057250976562,329.2420959472656,37.01750183105469,21.49519920349121
842.5457763671875,329.1881103515625,35.645301818847656,21.52669906616211
839.9677734375,332.1960144042969,38.5547981262207,22.668399810791016
838.3939208984375,334.4836120605469,36.09149932861328,21.909500122070312
836.2293090820312,338.6795959472656,37.058799743652344,23.38629913330078
834.5206909179688,343.3931884765625,36.19329833984375,23.5669002532959
831.5902099609375,350.2367858886719,36.348201751708984,21.698400497436523
829.8665771484375,356.4931945800781,35.51919937133789,22.431499481201172
826.8629760742188,364.9801940917969,36.93159866333008,22.06439971923828
824.3291015625,373.53961181640625,37.459800720214844,21.19409942626953
821.901611328125,383.4548034667969,36.64720153808594,22.647300720214844
820.8336181640625,394.0357971191406,34.10070037841797,19.825599670410156
810.5023193359375,418.2923889160156,37.766998291015625,22.099899291992188
810.1220703125,417.7959899902344,38.99319839477539,21.446800231933594
805.3173828125,422.40289306640625,41.871299743652344,27.88159942626953
807.5042114257812,416.5444030761719,42.155399322509766,30.64699935913086
807.5042114257812,416.5444030761719,42.155399322509766,30.64699935913086
824.6071166992188,363.8244934082031,40.35300064086914,26.77519989013672
826.1287231445312,364.784912109375,37.59830093383789,27.78689956665039
832.4326171875,346.2641906738281,37.5629997253418,29.696800231933594
839.0623779296875,328.3153991699219,36.83000183105469,24.79669952392578
845.0479125976562,313.1654052734375,37.33919906616211,23.1210994720459
850.17431640625,297.17718505859375,38.56679916381836,22.518699645996094
854.0031127929688,283.025390625,39.25429916381836,24.239999771118164
860.43017578125,268.97100830078125,37.25619888305664,22.091400146484375
868.8828735351562,245.52450561523438,39.07590103149414,23.99959945678711
868.5283813476562,245.02349853515625,39.26570129394531,24.052099227905273
873.3652954101562,234.54330444335938,38.81949996948242,23.102699279785156
876.907470703125,224.5261993408203,40.64059829711914,24.353900909423828
881.406005859375,217.0446014404297,39.58570098876953,24.374300003051758
884.4688720703125,210.26669311523438,39.101600646972656,24.991300582885742
889.2241821289062,201.57000732421875,39.73659896850586,25.679899215698242
890.8936767578125,198.7133026123047,40.929298400878906,25.178499221801758
900.5194702148438,192.0308074951172,38.69810104370117,23.814699172973633
901.5872192382812,192.10369873046875,37.51959991455078,23.864999771118164
905.2794799804688,190.814697265625,39.59090042114258,23.22439956665039
909.1513061523438,190.98719787597656,40.64860153198242,23.78339958190918
909.9937744140625,190.752197265625,40.03099822998047,24.663799285888672
912.94287109375,190.23989868164062,38.15370178222656,26.32200050354004
908.8145141601562,189.11399841308594,42.17539978027344,28.20949935913086
912.7009887695312,192.78399658203125,40.957801818847656,27.803699493408203
914.9553833007812,198.68310546875,41.12919998168945,26.752099990844727
915.9050903320312,198.1472930908203,40.8921012878418,26.652700424194336
917.0360717773438,204.7613983154297,42.05799865722656,25.59600067138672
919.5512084960938,210.81939697265625,41.004798889160156,25.65679931640625
921.6829833984375,227.8112030029297,41.62260055541992,25.787200927734375
923.3623046875,238.10409545898438,41.42890167236328,25.222999572753906
924.7412719726562,248.93850708007812,40.920501708984375,24.54759979248047
924.5623779296875,261.8684997558594,41.220001220703125,23.70199966430664
926.4509887695312,275.53741455078125,40.51430130004883,23.41790008544922
926.9058227539062,288.8363952636719,39.72439956665039,22.891000747680664
926.7291259765625,304.2842102050781,42.006500244140625,24.524700164794922
927.1439208984375,319.0701904296875,42.015899658203125,24.88170051574707
932.4976196289062,327.34710693359375,40.169498443603516,25.962799072265625
941.5941772460938,329.2732849121094,42.18339920043945,24.70560073852539
949.8378295898438,331.54058837890625,44.385501861572266,27.36039924621582
960.9080200195312,334.4460144042969,45.34920120239258,26.9281005859375
973.5814208984375,339.8915100097656,45.33689880371094,27.359800338745117
984.8889770507812,346.0434875488281,46.64139938354492,27.35930061340332
1001.0430297851562,354.68389892578125,48.075199127197266,27.958999633789062
1015.640380859375,365.9804992675781,50.68470001220703,32.97200012207031
1031.1463623046875,378.9303894042969,51.87379837036133,29.21269989013672
1048.91259765625,393.9527893066406,54.5968017578125,30.744400024414062
1068.9180908203125,411.4419860839844,54.81919860839844,34.430599212646484
1088.0096435546875,432.7726135253906,55.421199798583984,35.076499938964844
1110.5345458984375,456.6888122558594,58.76319885253906,34.07440185546875
1119.041259765625,466.68328857421875,59.535400390625,38.62009811401367
1149.2008056640625,481.12060546875,74.1708984375,47.04750061035156
1149.2008056640625,481.12060546875,74.1708984375,47.04750061035156
1149.2008056640625,481.12060546875,74.1708984375,47.04750061035156
1135.04931640625,453.8077087402344,63.614498138427734,35.47079849243164
1118.0440673828125,425.6553955078125,66.36620330810547,36.908599853515625
1105.5595703125,406.764892578125,70.93240356445312,42.97589874267578
1089.1722412109375,372.4129943847656,61.735599517822266,39.55080032348633
1072.5128173828125,350.8067932128906,65.13680267333984,35.57440185546875
1057.026611328125,329.6882019042969,65.45159912109375,33.686100006103516
1042.4246826171875,308.5408935546875,65.82009887695312,35.66490173339844
1027.6578369140625,291.355712890625,64.44920349121094,37.84579849243164
1013.059814453125,275.7806091308594,64.63619995117188,39.21580123901367
999.4818115234375,261.6293029785156,61.3848991394043,33.69300079345703
982.610107421875,248.68649291992188,64.42160034179688,35.95090103149414
968.2412109375,236.9116973876953,65.56839752197266,39.90629959106445
953.7515258789062,227.177001953125,63.64500045776367,39.968299865722656
940.3873901367188,220.24879455566406,62.418399810791016,37.817901611328125
925.4923095703125,213.34959411621094,64.62100219726562,40.78860092163086
911.4743041992188,209.2946014404297,63.9734992980957,39.27180099487305
898.6774291992188,209.16929626464844,60.70589828491211,35.197200775146484
884.188720703125,207.25360107421875,62.304100036621094,39.619598388671875
870.17919921875,211.37669372558594,61.52920150756836,34.812400817871094
861.29052734375,212.21539306640625,55.41170120239258,32.58829879760742
844.6605224609375,215.0876007080078,62.237098693847656,38.49509811401367
832.0734252929688,222.5543975830078,61.905799865722656,38.11859893798828
819.4876708984375,229.27789306640625,63.6692008972168,36.317901611328125
807.9307250976562,238.3553924560547,63.44969940185547,38.00490188598633
798.1776733398438,249.8632049560547,60.250999450683594,36.756900787353516
788.1547241210938,261.9729919433594,57.83729934692383,35.889400482177734
775.080078125,275.698486328125,59.88460159301758,37.8306999206543
763.776611328125,291.6348876953125,61.4015007019043,36.4734001159668
754.424072265625,307.4117126464844,61.1432991027832,32.668399810791016
735.9603271484375,347.4552001953125,57.87519836425781,31.425600051879883
734.12939453125,345.9737854003906,61.0255012512207,33.079200744628906
724.6721801757812,365.4359130859375,56.70220184326172,36.84379959106445
716.5438232421875,388.5815124511719,52.71229934692383,33.36370086669922
707.4987182617188,411.7860107421875,55.218299865722656,36.07379913330078
695.1934204101562,435.8387145996094,60.50469970703125,32.27439880371094
689.0994873046875,455.1200866699219,54.742000579833984,36.11330032348633
646.0200805664062,433.4435119628906,58.17620086669922,33.179901123046875
607.8598022460938,414.42041015625,57.58380126953125,31.891599655151367
571.2326049804688,395.86151123046875,56.28200149536133,33.435001373291016
570.7025146484375,394.8912048339844,56.16780090332031,33.94710159301758
501.1391906738281,369.1575012207031,53.983299255371094,33.58610153198242
500.26141357421875,369.1514892578125,55.934898376464844,33.083900451660156
441.73040771484375,348.8843994140625,49.04970169067383,30.444599151611328
406.89691162109375,340.2937927246094,51.03519821166992,31.976699829101562
378.2713928222656,334.9202880859375,51.88589859008789,32.37310028076172
350.86529541015625,331.5445861816406,52.08209991455078,29.715999603271484
325.67608642578125,327.84698486328125,50.442501068115234,30.408700942993164
301.2508850097656,327.3125915527344,51.52690124511719,30.41349983215332
278.6330871582031,328.29888916015625,50.00310134887695,29.434900283813477
258.2467041015625,330.52410888671875,49.265899658203125,30.270299911499023
237.2281951904297,334.1846008300781,48.99150085449219,38.84469985961914
220.01829528808594,337.59710693359375,49.113800048828125,27.76129913330078
203.60899353027344,343.40020751953125,45.54439926147461,27.551300048828125
189.45570373535156,349.1890869140625,41.81079864501953,29.576499938964844
168.4477996826172,357.639892578125,84.05280303955078,24.121299743652344
157.07760620117188,365.2557067871094,50.99639892578125,28.45829963684082
144.47219848632812,374.9512023925781,44.2067985534668,26.826000213623047
127.95449829101562,386.40350341796875,45.239898681640625,26.833999633789062
120.09149932861328,395.12890625,45.36220169067383,24.942899703979492
111.22319793701172,404.7196044921875,45.96770095825195,26.76849937438965
107.08329772949219,412.5151062011719,45.10499954223633,23.313499450683594
107.99019622802734,418.1619873046875,40.01689910888672,31.691699981689453
110.46640014648438,423.3369140625,38.480098724365234,30.804800033569336
108.3385009765625,429.0390930175781,49.92250061035156,29.486099243164062
109.62640380859375,435.6055908203125,45.45940017700195,28.955299377441406
109.62640380859375,435.6055908203125,45.45940017700195,28.955299377441406
122.11229705810547,456.3232116699219,38.8754997253418,24.671600341796875
124.95809936523438,466.1383972167969,36.54710006713867,25.044099807739258
123.25579833984375,475.48199462890625,39.85049819946289,27.61319923400879
124.82230377197266,489.3026123046875,39.899600982666016,28.26129913330078
122.65809631347656,503.2314147949219,45.667301177978516,28.33930015563965
124.88809967041016,519.1351928710938,45.1609992980957,28.217599868774414
125.62650299072266,537.7728881835938,43.50490188598633,23.35460090637207
128.03219604492188,553.26171875,42.779300689697266,29.65489959716797
136.75650024414062,552.3375854492188,41.09489822387695,30.176599502563477
133.9051971435547,544.830810546875,47.024200439453125,26.600900650024414
137.7248992919922,537.2548828125,44.42279815673828,27.609699249267578
140.69740295410156,529.9705810546875,49.18220138549805,27.416400909423828
144.80889892578125,524.2131958007812,46.47010040283203,26.62350082397461
149.4990997314453,520.4459228515625,45.81460189819336,28.331600189208984
151.62770080566406,517.7341918945312,46.4833984375,27.700300216674805
153.09219360351562,516.1832885742188,48.27980041503906,27.64080047607422
159.3740997314453,513.4481201171875,44.563201904296875,29.824199676513672
161.04269409179688,517.478271484375,44.152198791503906,28.040000915527344
160.55560302734375,517.43310546875,44.60029983520508,27.36520004272461
161.44320678710938,520.5875244140625,43.84619903564453,28.830299377441406
162.1031951904297,525.1157836914062,43.940799713134766,27.69070053100586
136.24929809570312,530.4794921875,46.220401763916016,29.01460075378418
96.43080139160156,537.0504760742188,51.28219985961914,29.47719955444336
79.52690124511719,536.9113159179688,57.689701080322266,32.73720169067383
17.126399993896484,556.6187744140625,52.8473014831543,29.038999557495117
-9.975199699401855,567.6213989257812,40.21179962158203,29.149999618530273
-9.975199699401855,567.6213989257812,40.21179962158203,29.149999618530273
-9.975199699401855,567.6213989257812,40.21179962158203,29.149999618530273
-9.975199699401855,567.6213989257812,40.21179962158203,29.149999618530273
-9.975199699401855,567.6213989257812,40.21179962158203,29.149999618530273
-9.975199699401855,567.6213989257812,40.21179962158203,29.149999618530273
35.26789855957031,513.7039794921875,37.653499603271484,27.31100082397461
35.26789855957031,513.7039794921875,37.653499603271484,27.31100082397461
35.26789855957031,513.7039794921875,37.653499603271484,27.31100082397461
