669.0,392.0,22.0,65.0
668.0,392.0,23.0,65.0
666.0,392.0,24.0,65.0
665.0,392.0,25.0,65.0
664.0,392.0,24.0,65.0
663.0,391.0,24.0,65.0
662.0,391.0,23.0,65.0
660.0,390.0,24.0,65.0
659.0,389.0,25.0,65.0
657.0,388.0,26.0,65.0
656.0,388.0,26.0,66.0
654.0,387.0,25.0,66.0
653.0,387.0,25.0,67.0
651.0,386.0,25.0,66.0
650.0,386.0,25.0,65.0
648.0,385.0,25.0,64.0
646.0,384.0,25.0,64.0
645.0,384.0,26.0,64.0
643.0,383.0,26.0,64.0
641.0,383.0,26.0,63.0
638.0,383.0,25.0,63.0
636.0,383.0,25.0,62.0
634.0,382.0,25.0,62.0
631.0,382.0,25.0,62.0
629.0,381.0,25.0,62.0
627.0,381.0,25.0,62.0
625.0,380.0,25.0,62.0
623.0,380.0,25.0,62.0
621.0,379.0,25.0,62.0
618.0,377.0,25.0,62.0
616.0,376.0,25.0,62.0
614.0,375.0,25.0,62.0
613.0,374.0,25.0,62.0
611.0,373.0,25.0,62.0
611.0,372.0,25.0,62.0
612.0,372.0,25.0,62.0
612.0,371.0,25.0,62.0
613.0,371.0,24.0,62.0
614.0,370.0,24.0,62.0
615.0,370.0,23.0,62.0
617.0,368.0,23.0,62.0
620.0,367.0,23.0,62.0
622.0,365.0,23.0,62.0
625.0,363.0,23.0,62.0
628.0,362.0,23.0,62.0
631.0,360.0,23.0,62.0
633.0,359.0,23.0,62.0
634.0,359.0,23.0,62.0
636.0,358.0,23.0,62.0
638.0,358.0,23.0,62.0
641.0,358.0,23.0,62.0
643.0,358.0,23.0,62.0
645.0,357.0,23.0,62.0
646.0,357.0,23.0,62.0
648.0,356.0,23.0,62.0
651.0,354.0,23.0,62.0
654.0,352.0,23.0,62.0
657.0,350.0,23.0,62.0
659.0,349.0,23.0,62.0
661.0,349.0,23.0,62.0
663.0,348.0,23.0,62.0
665.0,348.0,23.0,62.0
666.0,347.0,23.0,62.0
668.0,347.0,23.0,62.0
670.0,345.0,23.0,62.0
671.0,343.0,23.0,62.0
673.0,341.0,23.0,62.0
675.0,341.0,22.0,62.0
677.0,340.0,22.0,62.0
679.0,340.0,21.0,62.0
681.0,340.0,21.0,62.0
684.0,339.0,21.0,62.0
686.0,339.0,21.0,62.0
688.0,339.0,21.0,62.0
689.0,338.0,21.0,62.0
691.0,338.0,21.0,62.0
692.0,335.0,22.0,62.0
694.0,333.0,22.0,62.0
695.0,330.0,23.0,62.0
697.0,329.0,23.0,62.0
698.0,329.0,23.0,62.0
700.0,328.0,23.0,62.0
702.0,328.0,23.0,62.0
703.0,328.0,23.0,62.0
705.0,328.0,23.0,62.0
706.0,326.0,23.0,62.0
707.0,325.0,23.0,62.0
708.0,323.0,23.0,62.0
708.0,322.0,23.0,62.0
709.0,320.0,23.0,62.0
709.0,319.0,23.0,62.0
710.0,318.0,23.0,62.0
711.0,316.0,23.0,62.0
712.0,315.0,23.0,62.0
712.0,315.0,23.0,62.0
712.0,315.0,23.0,62.0
712.0,315.0,23.0,62.0
712.0,313.0,23.0,62.0
713.0,310.0,23.0,62.0
713.0,308.0,23.0,62.0
714.0,307.0,23.0,62.0
716.0,305.0,23.0,62.0
717.0,304.0,23.0,62.0
717.0,304.0,23.0,62.0
718.0,303.0,23.0,62.0
718.0,303.0,23.0,62.0
718.0,301.0,23.0,62.0
718.0,300.0,23.0,62.0
718.0,298.0,23.0,62.0
719.0,296.0,22.0,62.0
719.0,295.0,22.0,62.0
720.0,293.0,21.0,62.0
720.0,293.0,22.0,62.0
721.0,292.0,22.0,62.0
721.0,292.0,23.0,62.0
721.0,291.0,23.0,62.0
722.0,289.0,23.0,62.0
722.0,288.0,23.0,62.0
722.0,287.0,23.0,61.0
723.0,285.0,23.0,61.0
723.0,284.0,23.0,60.0
724.0,284.0,23.0,60.0
724.0,283.0,23.0,60.0
725.0,283.0,23.0,60.0
725.0,281.0,23.0,60.0
725.0,280.0,23.0,59.0
725.0,278.0,23.0,59.0
726.0,277.0,23.0,59.0
726.0,277.0,23.0,59.0
727.0,276.0,23.0,59.0
728.0,275.0,23.0,59.0
730.0,274.0,23.0,58.0
731.0,273.0,23.0,58.0
731.0,276.0,23.0,53.0
732.0,280.0,23.0,49.0
732.0,283.0,23.0,44.0
732.0,285.0,23.0,41.0
732.0,286.0,23.0,39.0
732.0,288.0,23.0,36.0
734.0,289.0,21.0,33.0
735.0,291.0,20.0,30.0
737.0,292.0,18.0,27.0
737.0,294.0,18.0,24.0
737.0,297.0,18.0,22.0
737.0,299.0,18.0,19.0
740.0,301.0,18.0,18.0
744.0,303.0,18.0,18.0
747.0,305.0,18.0,17.0
nan,nan,nan,nan
nan,nan,nan,nan
nan,nan,nan,nan
nan,nan,nan,nan
nan,nan,nan,nan
nan,nan,nan,nan
nan,nan,nan,nan
nan,nan,nan,nan
nan,nan,nan,nan
nan,nan,nan,nan
nan,nan,nan,nan
nan,nan,nan,nan
nan,nan,nan,nan
nan,nan,nan,nan
nan,nan,nan,nan
nan,nan,nan,nan
nan,nan,nan,nan
nan,nan,nan,nan
nan,nan,nan,nan
nan,nan,nan,nan
nan,nan,nan,nan
nan,nan,nan,nan
nan,nan,nan,nan
nan,nan,nan,nan
nan,nan,nan,nan
nan,nan,nan,nan
nan,nan,nan,nan
nan,nan,nan,nan
nan,nan,nan,nan
nan,nan,nan,nan
nan,nan,nan,nan
nan,nan,nan,nan
nan,nan,nan,nan
nan,nan,nan,nan
nan,nan,nan,nan
nan,nan,nan,nan
nan,nan,nan,nan
nan,nan,nan,nan
691.0,251.0,12.0,15.0
688.0,250.0,13.0,18.0
686.0,249.0,15.0,20.0
683.0,248.0,16.0,23.0
680.0,248.0,17.0,26.0
678.0,248.0,17.0,29.0
675.0,248.0,18.0,32.0
673.0,248.0,18.0,39.0
670.0,247.0,18.0,47.0
668.0,247.0,18.0,54.0
667.0,247.0,18.0,54.0
666.0,248.0,18.0,54.0
665.0,248.0,18.0,54.0
665.0,248.0,18.0,54.0
666.0,248.0,18.0,54.0
666.0,248.0,18.0,54.0
667.0,247.0,18.0,54.0
669.0,245.0,18.0,55.0
670.0,244.0,18.0,55.0
673.0,244.0,18.0,55.0
675.0,243.0,18.0,56.0
678.0,243.0,18.0,56.0
681.0,244.0,18.0,56.0
684.0,244.0,18.0,56.0
687.0,245.0,18.0,56.0
690.0,244.0,18.0,56.0
692.0,244.0,18.0,56.0
695.0,243.0,18.0,56.0
698.0,243.0,18.0,56.0
700.0,242.0,18.0,56.0
703.0,242.0,18.0,56.0
705.0,242.0,18.0,56.0
708.0,243.0,18.0,56.0
710.0,243.0,18.0,56.0
712.0,243.0,18.0,56.0
714.0,243.0,18.0,56.0
716.0,243.0,18.0,56.0
717.0,242.0,18.0,56.0
718.0,241.0,18.0,56.0
719.0,240.0,18.0,56.0
720.0,239.0,18.0,56.0
721.0,239.0,18.0,56.0
722.0,238.0,18.0,56.0
722.0,238.0,18.0,56.0
722.0,238.0,18.0,56.0
722.0,238.0,18.0,56.0
722.0,238.0,18.0,56.0
721.0,238.0,18.0,56.0
721.0,238.0,18.0,56.0
720.0,238.0,18.0,56.0
718.0,238.0,18.0,56.0
717.0,238.0,18.0,56.0
715.0,238.0,18.0,56.0
714.0,239.0,18.0,56.0
712.0,239.0,18.0,56.0
711.0,239.0,18.0,56.0
709.0,240.0,18.0,56.0
708.0,240.0,18.0,56.0
706.0,239.0,18.0,56.0
705.0,239.0,18.0,56.0
703.0,238.0,18.0,56.0
702.0,238.0,18.0,56.0
701.0,238.0,18.0,56.0
700.0,238.0,18.0,56.0
698.0,238.0,18.0,56.0
696.0,238.0,18.0,56.0
694.0,238.0,18.0,56.0
693.0,238.0,18.0,56.0
693.0,238.0,18.0,56.0
692.0,238.0,18.0,56.0
691.0,238.0,18.0,56.0
690.0,238.0,18.0,56.0
689.0,238.0,18.0,56.0
688.0,237.0,18.0,56.0
686.0,236.0,18.0,56.0
685.0,235.0,18.0,56.0
684.0,236.0,18.0,56.0
683.0,237.0,18.0,56.0
682.0,238.0,18.0,56.0
680.0,238.0,18.0,56.0
679.0,238.0,18.0,56.0
677.0,238.0,18.0,56.0
676.0,237.0,18.0,56.0
674.0,237.0,18.0,56.0
673.0,236.0,18.0,56.0
672.0,235.0,18.0,56.0
670.0,234.0,18.0,56.0
669.0,233.0,18.0,56.0
669.0,234.0,18.0,56.0
669.0,234.0,18.0,56.0
669.0,235.0,18.0,56.0
669.0,236.0,18.0,56.0
669.0,238.0,18.0,56.0
669.0,239.0,18.0,56.0
669.0,238.0,18.0,56.0
668.0,238.0,18.0,56.0
668.0,237.0,18.0,56.0
668.0,237.0,18.0,56.0
668.0,237.0,18.0,56.0
668.0,237.0,18.0,56.0
668.0,237.0,18.0,56.0
668.0,237.0,18.0,56.0
668.0,237.0,18.0,56.0
668.0,237.0,18.0,56.0
667.0,238.0,18.0,56.0
667.0,238.0,18.0,56.0
667.0,238.0,18.0,56.0
666.0,238.0,18.0,56.0
666.0,238.0,18.0,56.0
665.0,238.0,18.0,56.0
664.0,238.0,18.0,56.0
663.0,238.0,18.0,56.0
663.0,239.0,18.0,56.0
662.0,239.0,18.0,56.0
662.0,240.0,18.0,56.0
661.0,240.0,18.0,56.0
660.0,239.0,18.0,56.0
659.0,239.0,18.0,56.0
658.0,239.0,18.0,56.0
656.0,238.0,18.0,56.0
655.0,238.0,18.0,56.0
654.0,238.0,18.0,56.0
653.0,238.0,18.0,56.0
652.0,238.0,18.0,56.0
651.0,240.0,18.0,56.0
650.0,241.0,18.0,56.0
649.0,243.0,18.0,56.0
648.0,243.0,18.0,56.0
647.0,243.0,18.0,56.0
646.0,243.0,18.0,56.0
645.0,243.0,18.0,56.0
644.0,242.0,18.0,56.0
643.0,242.0,18.0,56.0
642.0,242.0,18.0,56.0
641.0,243.0,18.0,56.0
640.0,243.0,18.0,56.0
640.0,244.0,18.0,56.0
640.0,244.0,18.0,56.0
640.0,245.0,18.0,56.0
639.0,245.0,18.0,56.0
639.0,245.0,18.0,56.0
638.0,245.0,18.0,56.0
637.0,245.0,18.0,56.0
637.0,246.0,18.0,56.0
636.0,246.0,18.0,56.0
635.0,246.0,18.0,56.0
635.0,246.0,18.0,56.0
634.0,246.0,18.0,56.0
634.0,247.0,18.0,56.0
633.0,248.0,18.0,56.0
633.0,249.0,18.0,56.0
633.0,249.0,18.0,56.0
633.0,249.0,18.0,56.0
633.0,249.0,18.0,56.0
633.0,248.0,18.0,56.0
633.0,248.0,18.0,56.0
633.0,247.0,18.0,56.0
633.0,248.0,18.0,56.0
633.0,248.0,18.0,56.0
633.0,249.0,18.0,56.0
633.0,249.0,18.0,56.0
634.0,249.0,18.0,56.0
634.0,249.0,18.0,56.0
635.0,249.0,18.0,56.0
636.0,250.0,18.0,56.0
637.0,250.0,18.0,56.0
638.0,250.0,18.0,56.0
639.0,250.0,18.0,56.0
640.0,250.0,18.0,56.0
642.0,251.0,18.0,56.0
643.0,252.0,18.0,56.0
645.0,253.0,18.0,56.0
646.0,253.0,18.0,56.0
647.0,254.0,18.0,56.0
648.0,254.0,18.0,56.0
650.0,254.0,18.0,56.0
651.0,255.0,18.0,56.0
653.0,255.0,18.0,56.0
655.0,255.0,18.0,56.0
656.0,254.0,18.0,56.0
658.0,254.0,18.0,56.0
660.0,255.0,18.0,56.0
661.0,256.0,18.0,56.0
663.0,257.0,18.0,56.0
665.0,257.0,18.0,56.0
666.0,258.0,18.0,56.0
668.0,258.0,18.0,56.0
669.0,258.0,18.0,56.0
671.0,258.0,18.0,56.0
672.0,258.0,18.0,56.0
673.0,258.0,18.0,56.0
674.0,259.0,18.0,56.0
675.0,259.0,18.0,56.0
675.0,259.0,18.0,56.0
675.0,260.0,18.0,56.0
675.0,260.0,18.0,56.0
675.0,260.0,18.0,56.0
675.0,260.0,18.0,56.0
675.0,260.0,18.0,56.0
675.0,260.0,18.0,56.0
675.0,260.0,18.0,56.0
675.0,260.0,18.0,56.0
674.0,260.0,18.0,56.0
674.0,259.0,18.0,56.0
673.0,259.0,18.0,56.0
672.0,260.0,18.0,56.0
672.0,261.0,18.0,56.0
671.0,262.0,18.0,56.0
671.0,262.0,18.0,56.0
671.0,262.0,18.0,56.0
671.0,262.0,18.0,56.0
670.0,262.0,18.0,56.0
670.0,262.0,18.0,56.0
669.0,262.0,18.0,56.0
669.0,262.0,18.0,56.0
668.0,263.0,18.0,56.0
668.0,263.0,18.0,56.0
667.0,263.0,18.0,56.0
667.0,263.0,18.0,56.0
666.0,263.0,18.0,56.0
665.0,263.0,18.0,56.0
664.0,264.0,18.0,56.0
663.0,264.0,18.0,56.0
663.0,264.0,18.0,56.0
664.0,264.0,18.0,56.0
664.0,264.0,18.0,56.0
664.0,265.0,18.0,56.0
663.0,265.0,18.0,56.0
663.0,266.0,18.0,56.0
663.0,267.0,18.0,56.0
662.0,267.0,18.0,56.0
662.0,268.0,18.0,56.0
662.0,268.0,18.0,56.0
662.0,268.0,18.0,56.0
662.0,268.0,18.0,56.0
661.0,267.0,18.0,57.0
660.0,267.0,18.0,57.0
659.0,266.0,18.0,58.0
659.0,267.0,18.0,58.0
659.0,267.0,18.0,58.0
659.0,268.0,18.0,58.0
659.0,269.0,18.0,58.0
658.0,269.0,18.0,58.0
658.0,270.0,18.0,58.0
658.0,269.0,18.0,58.0
658.0,269.0,18.0,58.0
658.0,268.0,18.0,58.0
658.0,268.0,18.0,58.0
658.0,267.0,18.0,58.0
658.0,267.0,18.0,58.0
658.0,267.0,18.0,58.0
658.0,268.0,18.0,58.0
658.0,268.0,18.0,58.0
658.0,269.0,18.0,58.0
657.0,270.0,18.0,58.0
657.0,271.0,18.0,58.0
657.0,271.0,18.0,58.0
656.0,271.0,18.0,58.0
656.0,271.0,18.0,58.0
656.0,271.0,18.0,58.0
655.0,270.0,18.0,58.0
655.0,270.0,18.0,58.0
655.0,270.0,18.0,58.0
655.0,270.0,18.0,58.0
655.0,270.0,18.0,58.0
655.0,271.0,18.0,58.0
655.0,272.0,18.0,58.0
655.0,273.0,18.0,58.0
655.0,272.0,18.0,58.0
654.0,272.0,18.0,58.0
654.0,271.0,18.0,58.0
654.0,271.0,18.0,58.0
655.0,270.0,18.0,58.0
655.0,270.0,18.0,58.0
655.0,271.0,18.0,58.0
655.0,272.0,18.0,58.0
655.0,273.0,18.0,58.0
655.0,274.0,18.0,58.0
656.0,276.0,18.0,58.0
656.0,277.0,18.0,58.0
656.0,277.0,18.0,58.0
655.0,276.0,18.0,58.0
655.0,276.0,18.0,58.0
655.0,276.0,18.0,58.0
654.0,276.0,18.0,58.0
654.0,276.0,18.0,58.0
655.0,277.0,18.0,58.0
655.0,277.0,18.0,58.0
656.0,278.0,18.0,58.0
656.0,279.0,18.0,58.0
655.0,279.0,18.0,58.0
655.0,280.0,18.0,58.0
655.0,279.0,18.0,58.0
655.0,279.0,18.0,58.0
655.0,278.0,18.0,58.0
656.0,278.0,18.0,58.0
656.0,278.0,18.0,59.0
657.0,278.0,18.0,59.0
657.0,279.0,18.0,59.0
658.0,280.0,18.0,59.0
658.0,281.0,18.0,59.0
658.0,281.0,18.0,59.0
659.0,281.0,18.0,59.0
659.0,281.0,18.0,59.0
659.0,281.0,18.0,59.0
660.0,282.0,18.0,59.0
660.0,282.0,18.0,59.0
660.0,282.0,18.0,59.0
661.0,281.0,18.0,59.0
661.0,281.0,18.0,59.0
662.0,282.0,18.0,59.0
662.0,283.0,18.0,59.0
663.0,284.0,18.0,59.0
663.0,285.0,18.0,59.0
663.0,285.0,18.0,59.0
663.0,286.0,18.0,59.0
664.0,286.0,18.0,59.0
664.0,285.0,18.0,59.0
665.0,285.0,18.0,59.0
665.0,285.0,18.0,59.0
666.0,285.0,18.0,59.0
666.0,285.0,18.0,59.0
667.0,286.0,18.0,59.0
667.0,287.0,18.0,59.0
668.0,288.0,18.0,59.0
668.0,288.0,18.0,59.0
669.0,289.0,18.0,59.0
669.0,289.0,18.0,59.0
670.0,288.0,18.0,59.0
670.0,288.0,18.0,59.0
671.0,287.0,18.0,59.0
672.0,288.0,18.0,59.0
672.0,288.0,18.0,59.0
673.0,289.0,18.0,59.0
673.0,289.0,18.0,59.0
673.0,289.0,18.0,59.0
673.0,289.0,18.0,59.0
674.0,290.0,18.0,59.0
674.0,290.0,18.0,59.0
675.0,291.0,18.0,59.0
676.0,291.0,18.0,59.0
677.0,292.0,18.0,59.0
678.0,292.0,18.0,59.0
679.0,292.0,18.0,59.0
679.0,292.0,18.0,59.0
680.0,292.0,18.0,59.0
681.0,292.0,18.0,59.0
682.0,293.0,18.0,59.0
683.0,293.0,18.0,59.0
683.0,293.0,18.0,59.0
683.0,294.0,18.0,59.0
683.0,294.0,18.0,59.0
684.0,294.0,18.0,59.0
685.0,293.0,18.0,59.0
686.0,293.0,18.0,59.0
687.0,293.0,18.0,59.0
687.0,293.0,18.0,59.0
688.0,293.0,18.0,59.0
688.0,294.0,18.0,59.0
688.0,296.0,18.0,59.0
688.0,297.0,18.0,59.0
688.0,297.0,18.0,59.0
688.0,297.0,18.0,59.0
688.0,297.0,18.0,59.0
688.0,297.0,18.0,59.0
687.0,297.0,18.0,59.0
687.0,297.0,18.0,59.0
684.0,298.0,18.0,59.0
682.0,298.0,18.0,59.0
679.0,299.0,18.0,59.0
675.0,300.0,19.0,58.0
672.0,302.0,19.0,57.0
668.0,303.0,20.0,56.0
665.0,303.0,20.0,56.0
661.0,302.0,20.0,56.0
658.0,302.0,20.0,56.0
654.0,302.0,20.0,56.0
651.0,301.0,20.0,56.0
647.0,301.0,20.0,56.0
642.0,302.0,20.0,57.0
638.0,302.0,20.0,58.0
633.0,303.0,20.0,59.0
629.0,304.0,20.0,59.0
625.0,305.0,20.0,59.0
621.0,306.0,20.0,59.0
617.0,305.0,20.0,59.0
614.0,305.0,20.0,59.0
610.0,304.0,20.0,59.0
607.0,304.0,20.0,59.0
603.0,303.0,20.0,59.0
600.0,303.0,20.0,59.0
597.0,303.0,20.0,59.0
595.0,304.0,20.0,59.0
592.0,304.0,20.0,59.0
590.0,305.0,20.0,59.0
588.0,307.0,20.0,59.0
586.0,308.0,20.0,59.0
584.0,307.0,20.0,59.0
582.0,306.0,20.0,59.0
580.0,305.0,20.0,59.0
578.0,305.0,20.0,59.0
577.0,305.0,20.0,59.0
575.0,305.0,20.0,59.0
575.0,306.0,20.0,59.0
574.0,307.0,20.0,59.0
574.0,308.0,20.0,59.0
575.0,308.0,20.0,59.0
576.0,308.0,20.0,59.0
577.0,308.0,20.0,59.0
577.0,308.0,20.0,59.0
578.0,307.0,20.0,59.0
578.0,307.0,20.0,59.0
579.0,307.0,20.0,59.0
580.0,307.0,20.0,59.0
581.0,307.0,20.0,59.0
582.0,307.0,20.0,59.0
582.0,308.0,20.0,59.0
583.0,308.0,20.0,59.0
584.0,309.0,20.0,59.0
586.0,309.0,20.0,59.0
587.0,310.0,20.0,59.0
587.0,309.0,20.0,59.0
588.0,309.0,20.0,59.0
588.0,308.0,20.0,59.0
589.0,308.0,20.0,59.0
590.0,308.0,20.0,59.0
591.0,308.0,20.0,59.0
592.0,309.0,20.0,59.0
592.0,310.0,20.0,59.0
593.0,311.0,20.0,59.0
593.0,312.0,20.0,59.0
593.0,312.0,20.0,59.0
593.0,313.0,20.0,59.0
595.0,313.0,20.0,59.0
596.0,312.0,20.0,59.0
598.0,312.0,20.0,59.0
599.0,311.0,20.0,59.0
599.0,311.0,20.0,59.0
600.0,310.0,20.0,59.0
600.0,310.0,20.0,59.0
601.0,311.0,20.0,59.0
601.0,311.0,20.0,59.0
601.0,312.0,20.0,59.0
602.0,312.0,20.0,59.0
602.0,313.0,20.0,59.0
602.0,313.0,20.0,59.0
602.0,313.0,20.0,59.0
602.0,313.0,20.0,59.0
602.0,313.0,20.0,59.0
601.0,312.0,20.0,59.0
601.0,312.0,20.0,59.0
601.0,312.0,20.0,59.0
601.0,313.0,20.0,59.0
601.0,313.0,20.0,59.0
601.0,313.0,20.0,59.0
600.0,313.0,20.0,59.0
600.0,313.0,20.0,59.0
600.0,313.0,20.0,59.0
599.0,313.0,20.0,59.0
599.0,313.0,20.0,59.0
599.0,313.0,20.0,59.0
598.0,313.0,20.0,59.0
598.0,313.0,20.0,59.0
598.0,314.0,20.0,59.0
599.0,314.0,20.0,59.0
599.0,315.0,20.0,59.0
599.0,315.0,20.0,59.0
598.0,315.0,20.0,59.0
598.0,315.0,20.0,59.0
598.0,315.0,20.0,60.0
597.0,314.0,20.0,62.0
597.0,314.0,20.0,63.0
597.0,314.0,20.0,63.0
597.0,314.0,20.0,63.0
597.0,314.0,20.0,63.0
596.0,315.0,20.0,63.0
595.0,316.0,20.0,63.0
594.0,317.0,20.0,63.0
593.0,317.0,20.0,63.0
593.0,318.0,20.0,63.0
592.0,318.0,20.0,63.0
591.0,318.0,20.0,63.0
591.0,317.0,20.0,63.0
590.0,317.0,20.0,63.0
589.0,317.0,20.0,63.0
587.0,317.0,21.0,63.0
586.0,317.0,21.0,63.0
585.0,318.0,21.0,63.0
584.0,318.0,21.0,63.0
583.0,319.0,21.0,63.0
582.0,319.0,21.0,63.0
582.0,320.0,21.0,63.0
581.0,320.0,21.0,63.0
580.0,319.0,21.0,63.0
579.0,319.0,21.0,63.0
578.0,318.0,21.0,63.0
576.0,319.0,21.0,63.0
574.0,320.0,21.0,63.0
572.0,321.0,21.0,63.0
571.0,321.0,21.0,63.0
569.0,320.0,21.0,63.0
568.0,320.0,21.0,63.0
566.0,320.0,21.0,63.0
565.0,320.0,21.0,63.0
563.0,320.0,21.0,63.0
562.0,319.0,21.0,63.0
560.0,319.0,21.0,63.0
559.0,318.0,21.0,63.0
558.0,319.0,21.0,63.0
558.0,320.0,21.0,63.0
557.0,321.0,21.0,63.0
556.0,321.0,21.0,63.0
556.0,322.0,21.0,63.0
555.0,322.0,21.0,63.0
554.0,322.0,21.0,63.0
554.0,322.0,21.0,63.0
553.0,322.0,21.0,63.0
552.0,321.0,21.0,63.0
552.0,321.0,21.0,63.0
551.0,320.0,21.0,63.0
550.0,320.0,21.0,63.0
549.0,321.0,21.0,63.0
548.0,321.0,21.0,63.0
548.0,322.0,21.0,63.0
547.0,322.0,21.0,63.0
547.0,323.0,21.0,63.0
547.0,323.0,21.0,63.0
546.0,322.0,21.0,63.0
546.0,322.0,21.0,63.0
546.0,322.0,21.0,63.0
546.0,321.0,21.0,63.0
546.0,321.0,21.0,63.0
546.0,321.0,21.0,63.0
546.0,322.0,21.0,63.0
546.0,322.0,21.0,63.0
546.0,322.0,21.0,63.0
546.0,321.0,21.0,63.0
546.0,321.0,21.0,63.0
547.0,321.0,21.0,63.0
547.0,321.0,21.0,63.0
548.0,321.0,21.0,63.0
548.0,321.0,21.0,63.0
549.0,320.0,21.0,63.0
549.0,320.0,21.0,63.0
550.0,320.0,21.0,63.0
550.0,319.0,21.0,63.0
551.0,319.0,21.0,63.0
551.0,319.0,21.0,63.0
551.0,319.0,21.0,63.0
551.0,319.0,21.0,63.0
552.0,319.0,21.0,63.0
552.0,318.0,21.0,63.0
553.0,318.0,21.0,63.0
553.0,318.0,21.0,63.0
552.0,318.0,21.0,63.0
552.0,318.0,21.0,63.0
552.0,318.0,21.0,63.0
552.0,318.0,21.0,63.0
552.0,318.0,21.0,63.0
550.0,318.0,21.0,63.0
549.0,318.0,21.0,63.0
547.0,318.0,21.0,63.0
545.0,318.0,21.0,63.0
543.0,317.0,21.0,63.0
541.0,317.0,21.0,63.0
540.0,316.0,21.0,63.0
538.0,316.0,21.0,63.0
537.0,315.0,21.0,63.0
535.0,316.0,21.0,63.0
532.0,317.0,21.0,63.0
530.0,318.0,21.0,63.0
528.0,318.0,21.0,63.0
525.0,319.0,21.0,63.0
523.0,319.0,21.0,63.0
521.0,317.0,21.0,63.0
519.0,316.0,21.0,63.0
517.0,314.0,21.0,63.0
515.0,314.0,22.0,63.0
513.0,315.0,22.0,63.0
511.0,315.0,23.0,63.0
510.0,316.0,23.0,63.0
508.0,317.0,23.0,63.0
507.0,318.0,23.0,63.0
505.0,318.0,23.0,63.0
504.0,318.0,23.0,63.0
502.0,318.0,23.0,63.0
501.0,317.0,23.0,63.0
499.0,317.0,23.0,63.0
498.0,316.0,23.0,63.0
498.0,316.0,23.0,63.0
497.0,316.0,23.0,63.0
497.0,316.0,23.0,63.0
496.0,317.0,23.0,63.0
494.0,317.0,23.0,63.0
493.0,318.0,23.0,63.0
493.0,318.0,23.0,63.0
493.0,318.0,23.0,63.0
493.0,318.0,23.0,63.0
493.0,317.0,23.0,63.0
493.0,316.0,23.0,63.0
493.0,315.0,23.0,63.0
494.0,315.0,23.0,63.0
494.0,315.0,23.0,63.0
495.0,315.0,23.0,63.0
496.0,316.0,23.0,63.0
497.0,317.0,23.0,63.0
498.0,318.0,23.0,63.0
498.0,318.0,23.0,63.0
498.0,318.0,23.0,63.0
498.0,318.0,23.0,63.0
498.0,317.0,23.0,63.0
498.0,316.0,23.0,63.0
498.0,315.0,23.0,63.0
498.0,315.0,23.0,63.0
497.0,316.0,23.0,63.0
497.0,316.0,23.0,63.0
496.0,317.0,23.0,63.0
494.0,317.0,23.0,63.0
493.0,318.0,23.0,63.0
492.0,317.0,23.0,63.0
491.0,316.0,23.0,63.0
490.0,315.0,23.0,63.0
489.0,315.0,23.0,63.0
489.0,314.0,23.0,63.0
488.0,314.0,23.0,63.0
487.0,315.0,23.0,63.0
486.0,317.0,23.0,63.0
485.0,318.0,23.0,63.0
484.0,318.0,23.0,63.0
483.0,319.0,23.0,63.0
482.0,319.0,23.0,63.0
480.0,319.0,23.0,63.0
479.0,318.0,23.0,63.0
477.0,318.0,23.0,63.0
475.0,318.0,23.0,63.0
474.0,318.0,23.0,63.0
472.0,318.0,23.0,63.0
470.0,318.0,23.0,63.0
469.0,319.0,23.0,63.0
467.0,319.0,23.0,63.0
466.0,320.0,23.0,63.0
464.0,321.0,23.0,63.0
463.0,322.0,23.0,63.0
462.0,322.0,23.0,63.0
460.0,322.0,23.0,63.0
459.0,322.0,23.0,63.0
459.0,321.0,23.0,63.0
458.0,320.0,23.0,63.0
458.0,319.0,23.0,63.0
457.0,320.0,23.0,63.0
457.0,321.0,23.0,63.0
456.0,322.0,23.0,63.0
456.0,322.0,23.0,63.0
455.0,323.0,23.0,63.0
455.0,323.0,23.0,63.0
454.0,323.0,23.0,63.0
454.0,323.0,23.0,63.0
453.0,323.0,23.0,63.0
454.0,322.0,23.0,63.0
454.0,322.0,23.0,63.0
455.0,321.0,23.0,63.0
454.0,322.0,23.0,63.0
453.0,322.0,23.0,63.0
452.0,323.0,23.0,63.0
451.0,323.0,23.0,63.0
450.0,322.0,23.0,63.0
449.0,322.0,23.0,63.0
449.0,322.0,23.0,63.0
449.0,322.0,23.0,63.0
449.0,322.0,23.0,63.0
449.0,322.0,23.0,63.0
448.0,322.0,23.0,63.0
448.0,322.0,23.0,63.0
447.0,323.0,23.0,63.0
446.0,324.0,23.0,63.0
445.0,325.0,23.0,63.0
445.0,325.0,23.0,63.0
444.0,326.0,23.0,63.0
444.0,326.0,23.0,63.0
444.0,326.0,23.0,63.0
443.0,327.0,23.0,63.0
443.0,327.0,23.0,63.0
443.0,327.0,23.0,63.0
443.0,328.0,23.0,63.0
443.0,328.0,23.0,63.0
443.0,329.0,23.0,63.0
443.0,329.0,23.0,63.0
443.0,330.0,23.0,63.0
442.0,330.0,23.0,63.0
441.0,330.0,23.0,63.0
440.0,330.0,23.0,63.0
439.0,329.0,23.0,63.0
439.0,329.0,23.0,63.0
438.0,328.0,23.0,63.0
438.0,329.0,23.0,63.0
437.0,329.0,23.0,63.0
437.0,330.0,23.0,63.0
437.0,331.0,23.0,60.0
437.0,333.0,23.0,57.0
437.0,334.0,23.0,54.0
437.0,334.0,23.0,55.0
436.0,334.0,23.0,56.0
436.0,334.0,23.0,57.0
435.0,334.0,23.0,57.0
435.0,333.0,23.0,57.0
434.0,333.0,23.0,57.0
433.0,334.0,23.0,57.0
431.0,334.0,23.0,57.0
430.0,335.0,23.0,57.0
430.0,335.0,23.0,57.0
429.0,336.0,23.0,57.0
429.0,336.0,23.0,57.0
428.0,337.0,23.0,57.0
426.0,337.0,23.0,57.0
425.0,338.0,23.0,57.0
424.0,338.0,23.0,57.0
423.0,338.0,23.0,57.0
422.0,338.0,23.0,57.0
421.0,338.0,23.0,57.0
419.0,338.0,23.0,57.0
418.0,338.0,23.0,57.0
418.0,340.0,23.0,57.0
417.0,341.0,23.0,57.0
417.0,343.0,23.0,57.0
416.0,343.0,23.0,57.0
414.0,343.0,23.0,57.0
413.0,343.0,23.0,57.0
412.0,343.0,23.0,57.0
410.0,343.0,23.0,57.0
409.0,343.0,23.0,57.0
409.0,343.0,23.0,57.0
408.0,344.0,23.0,57.0
408.0,344.0,23.0,57.0
407.0,345.0,23.0,57.0
406.0,347.0,23.0,57.0
405.0,348.0,23.0,57.0
404.0,349.0,23.0,57.0
404.0,349.0,23.0,57.0
403.0,350.0,23.0,57.0
401.0,349.0,23.0,57.0
400.0,349.0,23.0,57.0
398.0,348.0,23.0,57.0
397.0,347.0,23.0,59.0
396.0,347.0,23.0,60.0
395.0,346.0,23.0,62.0
395.0,346.0,23.0,62.0
395.0,346.0,23.0,62.0
395.0,346.0,23.0,62.0
394.0,346.0,23.0,62.0
393.0,347.0,23.0,62.0
392.0,347.0,23.0,62.0
391.0,346.0,23.0,62.0
390.0,344.0,23.0,62.0
389.0,343.0,23.0,62.0
388.0,343.0,23.0,62.0
387.0,343.0,23.0,62.0
386.0,343.0,23.0,62.0
385.0,342.0,23.0,62.0
383.0,342.0,23.0,62.0
382.0,341.0,23.0,62.0
381.0,340.0,23.0,62.0
379.0,339.0,23.0,62.0
378.0,338.0,23.0,62.0
378.0,339.0,23.0,61.0
378.0,339.0,23.0,61.0
378.0,340.0,23.0,60.0
378.0,340.0,23.0,60.0
377.0,339.0,23.0,60.0
377.0,339.0,23.0,60.0
376.0,338.0,23.0,60.0
376.0,338.0,23.0,60.0
375.0,337.0,23.0,60.0
376.0,337.0,23.0,60.0
376.0,336.0,23.0,60.0
377.0,336.0,23.0,60.0
377.0,335.0,23.0,60.0
376.0,335.0,23.0,60.0
376.0,334.0,23.0,60.0
377.0,334.0,23.0,60.0
377.0,334.0,23.0,60.0
378.0,334.0,23.0,60.0
378.0,334.0,23.0,60.0
378.0,333.0,23.0,60.0
378.0,333.0,23.0,60.0
379.0,333.0,23.0,60.0
380.0,332.0,23.0,60.0
381.0,332.0,23.0,60.0
385.0,330.0,23.0,60.0
389.0,329.0,23.0,60.0
393.0,327.0,23.0,60.0
398.0,326.0,23.0,60.0
404.0,324.0,23.0,60.0
409.0,323.0,23.0,60.0
415.0,322.0,23.0,60.0
422.0,321.0,23.0,60.0
428.0,320.0,23.0,60.0
434.0,319.0,23.0,60.0
440.0,319.0,23.0,60.0
446.0,318.0,23.0,60.0
452.0,317.0,23.0,60.0
459.0,316.0,23.0,60.0
465.0,315.0,23.0,60.0
471.0,314.0,23.0,60.0
477.0,313.0,23.0,60.0
483.0,312.0,23.0,60.0
488.0,311.0,23.0,60.0
493.0,309.0,23.0,60.0
498.0,308.0,23.0,60.0
503.0,308.0,23.0,60.0
507.0,308.0,23.0,60.0
512.0,308.0,23.0,60.0
515.0,307.0,23.0,59.0
518.0,306.0,23.0,59.0
521.0,305.0,23.0,58.0
523.0,305.0,23.0,57.0
525.0,305.0,23.0,57.0
527.0,305.0,23.0,56.0
527.0,305.0,23.0,56.0
528.0,305.0,22.0,56.0
528.0,305.0,22.0,56.0
528.0,304.0,22.0,56.0
529.0,304.0,22.0,56.0
529.0,303.0,22.0,56.0
529.0,302.0,22.0,56.0
530.0,302.0,22.0,56.0
530.0,301.0,22.0,56.0
531.0,301.0,22.0,56.0
531.0,300.0,22.0,56.0
532.0,300.0,22.0,56.0
532.0,299.0,22.0,56.0
532.0,299.0,22.0,56.0
532.0,298.0,22.0,56.0
532.0,297.0,22.0,56.0
532.0,297.0,22.0,56.0
532.0,296.0,22.0,56.0
532.0,296.0,22.0,56.0
532.0,295.0,22.0,56.0
532.0,295.0,22.0,56.0
532.0,294.0,22.0,56.0
531.0,294.0,22.0,56.0
531.0,293.0,22.0,56.0
531.0,293.0,22.0,56.0
531.0,293.0,22.0,56.0
531.0,293.0,22.0,56.0
531.0,291.0,22.0,56.0
531.0,290.0,22.0,56.0
531.0,288.0,22.0,56.0
531.0,287.0,22.0,56.0
530.0,287.0,22.0,56.0
530.0,286.0,22.0,56.0
529.0,286.0,22.0,56.0
528.0,286.0,22.0,56.0
527.0,286.0,22.0,56.0
527.0,285.0,22.0,56.0
526.0,285.0,22.0,56.0
526.0,284.0,22.0,56.0
525.0,283.0,22.0,56.0
524.0,283.0,22.0,56.0
523.0,282.0,22.0,56.0
522.0,281.0,22.0,56.0
520.0,280.0,22.0,56.0
519.0,279.0,22.0,56.0
518.0,279.0,22.0,56.0
516.0,278.0,22.0,56.0
515.0,278.0,22.0,56.0
514.0,278.0,21.0,56.0
513.0,278.0,21.0,56.0
512.0,278.0,20.0,56.0
511.0,278.0,20.0,56.0
510.0,277.0,20.0,56.0
509.0,277.0,20.0,56.0
507.0,276.0,20.0,56.0
505.0,275.0,20.0,56.0
503.0,274.0,20.0,56.0
501.0,275.0,20.0,55.0
500.0,275.0,20.0,53.0
498.0,276.0,20.0,52.0
496.0,276.0,20.0,52.0
495.0,276.0,20.0,52.0
493.0,276.0,20.0,52.0
491.0,276.0,20.0,52.0
489.0,275.0,20.0,52.0
487.0,275.0,20.0,52.0
486.0,275.0,20.0,52.0
484.0,276.0,19.0,51.0
483.0,276.0,19.0,51.0
481.0,277.0,19.0,51.0
480.0,277.0,19.0,51.0
478.0,278.0,19.0,51.0
477.0,279.0,19.0,50.0
476.0,279.0,19.0,48.0
475.0,280.0,19.0,47.0
473.0,280.0,19.0,47.0
471.0,280.0,19.0,47.0
469.0,280.0,19.0,47.0
468.0,281.0,19.0,47.0
467.0,282.0,19.0,47.0
466.0,283.0,19.0,47.0
464.0,284.0,20.0,47.0
463.0,285.0,21.0,47.0
461.0,286.0,22.0,47.0
460.0,287.0,22.0,47.0
459.0,287.0,22.0,47.0
458.0,288.0,22.0,47.0
456.0,289.0,22.0,47.0
454.0,291.0,22.0,47.0
452.0,292.0,22.0,47.0
451.0,293.0,22.0,47.0
449.0,295.0,22.0,47.0
448.0,296.0,22.0,47.0
448.0,297.0,22.0,47.0
448.0,298.0,22.0,47.0
448.0,299.0,22.0,47.0
447.0,300.0,22.0,47.0
446.0,301.0,22.0,47.0
445.0,302.0,22.0,47.0
445.0,302.0,21.0,47.0
445.0,303.0,20.0,47.0
445.0,303.0,19.0,47.0
445.0,304.0,19.0,49.0
445.0,306.0,19.0,50.0
445.0,307.0,19.0,52.0
446.0,309.0,19.0,52.0
447.0,311.0,19.0,52.0
448.0,313.0,19.0,52.0
448.0,315.0,19.0,52.0
448.0,316.0,19.0,52.0
448.0,318.0,19.0,52.0
448.0,319.0,19.0,52.0
449.0,321.0,19.0,52.0
449.0,322.0,19.0,52.0
450.0,324.0,19.0,52.0
450.0,326.0,20.0,52.0
451.0,328.0,20.0,52.0
452.0,330.0,20.0,52.0
453.0,331.0,20.0,52.0
454.0,333.0,20.0,52.0
455.0,334.0,20.0,51.0
457.0,336.0,20.0,50.0
458.0,337.0,20.0,49.0
460.0,338.0,20.0,49.0
461.0,340.0,20.0,49.0
463.0,341.0,20.0,49.0
465.0,342.0,20.0,49.0
466.0,344.0,20.0,49.0
468.0,345.0,20.0,49.0
470.0,347.0,20.0,49.0
471.0,349.0,21.0,49.0
473.0,351.0,21.0,49.0
475.0,352.0,21.0,50.0
477.0,354.0,21.0,51.0
479.0,355.0,21.0,52.0
481.0,356.0,21.0,53.0
484.0,358.0,21.0,55.0
486.0,359.0,21.0,56.0
487.0,360.0,21.0,56.0
487.0,362.0,21.0,57.0
488.0,363.0,21.0,57.0
490.0,365.0,21.0,57.0
491.0,367.0,21.0,57.0
493.0,369.0,21.0,57.0
493.0,370.0,21.0,56.0
494.0,372.0,21.0,55.0
494.0,373.0,21.0,54.0
494.0,374.0,22.0,55.0
495.0,375.0,22.0,55.0
495.0,376.0,23.0,56.0
495.0,378.0,23.0,56.0
495.0,381.0,23.0,56.0
495.0,383.0,23.0,56.0
495.0,385.0,23.0,55.0
495.0,386.0,23.0,54.0
495.0,388.0,23.0,53.0
495.0,390.0,23.0,53.0
495.0,391.0,23.0,52.0
495.0,393.0,23.0,52.0
495.0,394.0,23.0,53.0
495.0,395.0,23.0,55.0
495.0,396.0,23.0,56.0
495.0,397.0,23.0,56.0
496.0,399.0,23.0,56.0
496.0,400.0,23.0,56.0
496.0,402.0,23.0,55.0
497.0,403.0,23.0,53.0
497.0,405.0,23.0,52.0
496.0,406.0,23.0,52.0
496.0,408.0,23.0,52.0
495.0,409.0,23.0,52.0
494.0,409.0,23.0,54.0
494.0,410.0,23.0,55.0
493.0,410.0,23.0,57.0
493.0,412.0,23.0,57.0
493.0,414.0,23.0,57.0
493.0,416.0,23.0,57.0
492.0,417.0,23.0,56.0
492.0,417.0,23.0,54.0
491.0,418.0,23.0,53.0
491.0,419.0,23.0,53.0
491.0,421.0,23.0,53.0
491.0,422.0,23.0,53.0
491.0,423.0,23.0,55.0
490.0,424.0,23.0,56.0
490.0,425.0,23.0,58.0
490.0,427.0,23.0,58.0
490.0,428.0,23.0,58.0
490.0,430.0,23.0,58.0
490.0,431.0,23.0,57.0
491.0,432.0,23.0,56.0
491.0,433.0,23.0,55.0
490.0,433.0,23.0,56.0
489.0,433.0,23.0,57.0
488.0,433.0,23.0,58.0
489.0,433.0,23.0,58.0
489.0,434.0,23.0,58.0
490.0,434.0,23.0,58.0
490.0,436.0,23.0,58.0
491.0,437.0,23.0,58.0
491.0,439.0,23.0,58.0
491.0,440.0,23.0,56.0
491.0,442.0,23.0,53.0
491.0,443.0,23.0,51.0
491.0,443.0,23.0,52.0
492.0,444.0,23.0,54.0
492.0,444.0,23.0,55.0
492.0,444.0,23.0,57.0
493.0,445.0,23.0,58.0
493.0,445.0,23.0,60.0
493.0,447.0,23.0,60.0
493.0,448.0,23.0,60.0
493.0,450.0,23.0,60.0
494.0,451.0,23.0,58.0
496.0,452.0,23.0,56.0
497.0,453.0,23.0,54.0
497.0,453.0,23.0,56.0
497.0,452.0,23.0,58.0
497.0,452.0,23.0,60.0
497.0,453.0,23.0,60.0
497.0,453.0,23.0,60.0
497.0,454.0,23.0,60.0
497.0,455.0,23.0,60.0
496.0,457.0,23.0,60.0
496.0,458.0,23.0,60.0
496.0,459.0,23.0,58.0
495.0,459.0,23.0,56.0
495.0,460.0,23.0,54.0
495.0,460.0,23.0,57.0
494.0,459.0,23.0,59.0
494.0,459.0,23.0,62.0
494.0,460.0,24.0,63.0
493.0,461.0,24.0,64.0
493.0,462.0,25.0,65.0
493.0,463.0,25.0,64.0
493.0,464.0,25.0,63.0
493.0,465.0,25.0,62.0
493.0,466.0,25.0,60.0
493.0,467.0,25.0,58.0
493.0,468.0,25.0,56.0
491.0,468.0,25.0,58.0
489.0,468.0,25.0,59.0
487.0,468.0,25.0,61.0
486.0,468.0,25.0,61.0
485.0,469.0,25.0,61.0
484.0,469.0,25.0,61.0
484.0,470.0,25.0,60.0
483.0,471.0,25.0,58.0
483.0,472.0,25.0,57.0
483.0,472.0,25.0,56.0
482.0,473.0,25.0,54.0
482.0,473.0,25.0,53.0
482.0,473.0,25.0,55.0
481.0,473.0,25.0,57.0
481.0,473.0,25.0,59.0
480.0,473.0,25.0,59.0
480.0,474.0,25.0,58.0
479.0,474.0,25.0,58.0
479.0,474.0,25.0,58.0
479.0,475.0,25.0,57.0
479.0,475.0,25.0,57.0
479.0,475.0,25.0,56.0
478.0,474.0,25.0,55.0
478.0,474.0,25.0,54.0
479.0,474.0,25.0,56.0
479.0,473.0,25.0,59.0
480.0,473.0,25.0,61.0
481.0,474.0,25.0,61.0
482.0,475.0,25.0,61.0
483.0,476.0,25.0,61.0
484.0,476.0,25.0,59.0
485.0,477.0,25.0,57.0
486.0,477.0,25.0,55.0
487.0,476.0,25.0,56.0
488.0,475.0,25.0,56.0
489.0,474.0,25.0,57.0
491.0,474.0,25.0,59.0
493.0,475.0,25.0,60.0
495.0,475.0,25.0,62.0
496.0,475.0,25.0,62.0
497.0,475.0,25.0,62.0
498.0,475.0,25.0,62.0
500.0,476.0,25.0,60.0
502.0,476.0,25.0,58.0
504.0,477.0,25.0,56.0
505.0,477.0,25.0,56.0
507.0,476.0,25.0,56.0
508.0,476.0,25.0,56.0
508.0,475.0,25.0,57.0
507.0,475.0,25.0,57.0
507.0,474.0,25.0,58.0
507.0,474.0,25.0,58.0
508.0,473.0,25.0,58.0
508.0,473.0,25.0,58.0
508.0,473.0,25.0,58.0
508.0,473.0,25.0,58.0
508.0,473.0,25.0,58.0
508.0,473.0,25.0,56.0
508.0,473.0,25.0,54.0
508.0,473.0,25.0,52.0
507.0,473.0,25.0,54.0
505.0,474.0,25.0,56.0
504.0,474.0,25.0,58.0
503.0,474.0,25.0,58.0
502.0,473.0,25.0,58.0
501.0,473.0,25.0,58.0
500.0,473.0,25.0,58.0
500.0,473.0,25.0,58.0
499.0,473.0,25.0,58.0
497.0,472.0,25.0,57.0
496.0,471.0,25.0,55.0
494.0,470.0,25.0,54.0
492.0,469.0,25.0,55.0
491.0,467.0,25.0,56.0
489.0,466.0,25.0,57.0
487.0,465.0,25.0,58.0
486.0,464.0,25.0,60.0
484.0,463.0,25.0,61.0
484.0,463.0,25.0,61.0
483.0,462.0,25.0,61.0
483.0,462.0,25.0,61.0
482.0,462.0,26.0,59.0
481.0,463.0,26.0,57.0
480.0,463.0,27.0,55.0
479.0,462.0,27.0,55.0
478.0,461.0,27.0,55.0
477.0,460.0,27.0,55.0
476.0,459.0,27.0,57.0
474.0,459.0,27.0,59.0
473.0,458.0,27.0,61.0
474.0,457.0,27.0,61.0
474.0,457.0,27.0,61.0
475.0,456.0,27.0,61.0
476.0,456.0,26.0,58.0
476.0,455.0,25.0,56.0
477.0,455.0,24.0,53.0
477.0,454.0,24.0,53.0
478.0,452.0,24.0,53.0
478.0,451.0,24.0,53.0
478.0,449.0,24.0,56.0
478.0,447.0,24.0,60.0
478.0,445.0,24.0,63.0
480.0,445.0,23.0,62.0
483.0,445.0,23.0,61.0
485.0,445.0,22.0,60.0
486.0,444.0,23.0,58.0
487.0,444.0,25.0,55.0
488.0,443.0,26.0,53.0
489.0,442.0,25.0,55.0
489.0,441.0,25.0,58.0
490.0,440.0,24.0,60.0
491.0,439.0,25.0,61.0
491.0,438.0,25.0,61.0
492.0,437.0,26.0,62.0
492.0,437.0,26.0,59.0
493.0,437.0,26.0,57.0
493.0,437.0,26.0,54.0
493.0,436.0,26.0,53.0
493.0,434.0,27.0,53.0
493.0,433.0,27.0,52.0
493.0,431.0,27.0,54.0
493.0,429.0,27.0,56.0
493.0,427.0,27.0,58.0
493.0,426.0,27.0,59.0
493.0,426.0,26.0,61.0
493.0,425.0,26.0,62.0
493.0,424.0,26.0,61.0
494.0,424.0,25.0,59.0
494.0,423.0,25.0,58.0
495.0,422.0,26.0,58.0
495.0,421.0,26.0,57.0
496.0,420.0,27.0,57.0
496.0,419.0,27.0,58.0
495.0,417.0,28.0,59.0
495.0,416.0,28.0,60.0
495.0,416.0,28.0,60.0
495.0,415.0,27.0,60.0
495.0,415.0,27.0,60.0
495.0,414.0,27.0,57.0
495.0,414.0,27.0,55.0
495.0,413.0,27.0,52.0
495.0,410.0,27.0,54.0
494.0,408.0,28.0,55.0
494.0,405.0,28.0,57.0
495.0,404.0,28.0,58.0
495.0,404.0,28.0,58.0
496.0,403.0,28.0,59.0
497.0,402.0,27.0,58.0
497.0,401.0,25.0,58.0
498.0,400.0,24.0,57.0
498.0,399.0,24.0,55.0
498.0,399.0,24.0,54.0
498.0,398.0,24.0,52.0
498.0,398.0,25.0,52.0
499.0,397.0,26.0,52.0
499.0,397.0,27.0,52.0
500.0,396.0,27.0,52.0
502.0,394.0,27.0,52.0
503.0,393.0,27.0,52.0
504.0,392.0,25.0,53.0
506.0,392.0,24.0,53.0
507.0,391.0,22.0,54.0
509.0,389.0,23.0,52.0
511.0,388.0,23.0,49.0
513.0,386.0,24.0,47.0
516.0,384.0,24.0,49.0
518.0,382.0,25.0,51.0
521.0,380.0,25.0,53.0
525.0,379.0,25.0,54.0
529.0,377.0,25.0,56.0
533.0,376.0,25.0,57.0
538.0,375.0,25.0,55.0
544.0,374.0,25.0,54.0
549.0,373.0,25.0,52.0
554.0,372.0,25.0,52.0
559.0,372.0,25.0,52.0
564.0,371.0,25.0,52.0
570.0,369.0,25.0,52.0
575.0,367.0,25.0,52.0
581.0,365.0,25.0,52.0
587.0,364.0,25.0,54.0
592.0,364.0,25.0,55.0
598.0,363.0,25.0,57.0
603.0,361.0,24.0,57.0
609.0,360.0,24.0,57.0
614.0,358.0,23.0,57.0
619.0,358.0,23.0,54.0
625.0,357.0,24.0,51.0
630.0,357.0,24.0,48.0
634.0,355.0,24.0,49.0
637.0,353.0,25.0,51.0
641.0,351.0,25.0,52.0
645.0,351.0,25.0,52.0
649.0,351.0,24.0,52.0
653.0,351.0,24.0,52.0
656.0,350.0,24.0,52.0
658.0,349.0,24.0,51.0
661.0,348.0,24.0,51.0
662.0,347.0,24.0,51.0
664.0,345.0,25.0,52.0
665.0,344.0,25.0,52.0
666.0,343.0,25.0,52.0
667.0,341.0,26.0,52.0
668.0,340.0,26.0,52.0
668.0,340.0,26.0,52.0
668.0,340.0,25.0,52.0
668.0,340.0,25.0,52.0
668.0,340.0,24.0,52.0
668.0,339.0,24.0,52.0
668.0,339.0,23.0,52.0
668.0,338.0,24.0,52.0
667.0,336.0,25.0,51.0
667.0,335.0,26.0,51.0
668.0,334.0,25.0,52.0
668.0,332.0,24.0,53.0
669.0,331.0,23.0,54.0
670.0,331.0,23.0,54.0
672.0,331.0,23.0,54.0
673.0,331.0,23.0,54.0
676.0,331.0,23.0,54.0
679.0,332.0,22.0,54.0
682.0,332.0,22.0,54.0
685.0,331.0,22.0,54.0
689.0,330.0,23.0,54.0
692.0,329.0,23.0,54.0
696.0,328.0,23.0,54.0
699.0,328.0,23.0,54.0
703.0,327.0,23.0,54.0
707.0,327.0,23.0,54.0
710.0,328.0,22.0,54.0
714.0,328.0,22.0,54.0
718.0,328.0,22.0,54.0
723.0,328.0,22.0,54.0
727.0,328.0,22.0,54.0
729.0,327.0,22.0,54.0
732.0,326.0,22.0,55.0
734.0,325.0,22.0,55.0
736.0,325.0,22.0,55.0
739.0,324.0,22.0,54.0
741.0,324.0,22.0,54.0
743.0,325.0,22.0,54.0
746.0,327.0,22.0,54.0
748.0,328.0,22.0,54.0
751.0,328.0,22.0,54.0
753.0,327.0,22.0,54.0
756.0,327.0,22.0,54.0
758.0,327.0,22.0,54.0
760.0,326.0,23.0,55.0
762.0,326.0,23.0,55.0
764.0,325.0,23.0,55.0
765.0,324.0,22.0,55.0
767.0,323.0,22.0,55.0
769.0,325.0,22.0,55.0
772.0,326.0,22.0,55.0
774.0,328.0,22.0,55.0
776.0,327.0,22.0,55.0
779.0,327.0,22.0,55.0
781.0,326.0,22.0,55.0
783.0,325.0,22.0,55.0
785.0,325.0,22.0,55.0
787.0,324.0,22.0,55.0
789.0,324.0,22.0,55.0
791.0,324.0,22.0,55.0
793.0,324.0,22.0,55.0
795.0,325.0,22.0,55.0
797.0,326.0,22.0,55.0
799.0,327.0,22.0,55.0
801.0,327.0,22.0,55.0
804.0,327.0,22.0,55.0
806.0,327.0,22.0,55.0
809.0,326.0,22.0,55.0
811.0,326.0,22.0,55.0
814.0,325.0,22.0,55.0
815.0,325.0,22.0,55.0
817.0,324.0,22.0,55.0
818.0,324.0,22.0,55.0
821.0,325.0,22.0,55.0
824.0,326.0,21.0,55.0
827.0,327.0,21.0,55.0
830.0,326.0,21.0,55.0
832.0,325.0,22.0,55.0
835.0,324.0,22.0,55.0
837.0,324.0,22.0,56.0
839.0,323.0,22.0,56.0
841.0,323.0,22.0,57.0
843.0,323.0,22.0,57.0
844.0,323.0,22.0,57.0
846.0,323.0,22.0,57.0
848.0,324.0,22.0,57.0
850.0,324.0,22.0,57.0
852.0,325.0,22.0,57.0
853.0,324.0,22.0,57.0
854.0,324.0,22.0,57.0
855.0,323.0,22.0,57.0
856.0,323.0,22.0,57.0
857.0,322.0,22.0,57.0
858.0,322.0,22.0,57.0
859.0,322.0,22.0,57.0
861.0,322.0,22.0,57.0
862.0,322.0,22.0,57.0
864.0,322.0,22.0,57.0
866.0,323.0,22.0,57.0
868.0,323.0,22.0,57.0
870.0,322.0,22.0,57.0
871.0,321.0,22.0,57.0
873.0,320.0,22.0,57.0
874.0,319.0,22.0,57.0
876.0,319.0,22.0,57.0
877.0,318.0,22.0,57.0
878.0,318.0,22.0,57.0
880.0,318.0,22.0,57.0
881.0,318.0,22.0,57.0
883.0,318.0,22.0,57.0
885.0,319.0,22.0,57.0
887.0,319.0,22.0,57.0
888.0,319.0,22.0,57.0
889.0,318.0,23.0,57.0
890.0,318.0,23.0,57.0
891.0,318.0,23.0,57.0
892.0,318.0,22.0,57.0
893.0,318.0,22.0,57.0
894.0,318.0,22.0,57.0
896.0,317.0,22.0,57.0
897.0,317.0,22.0,57.0
897.0,317.0,22.0,57.0
898.0,318.0,22.0,57.0
898.0,318.0,22.0,57.0
898.0,316.0,23.0,58.0
897.0,313.0,24.0,59.0
897.0,311.0,25.0,60.0
896.0,310.0,25.0,60.0
894.0,310.0,25.0,60.0
893.0,309.0,25.0,60.0
892.0,309.0,24.0,60.0
892.0,309.0,23.0,60.0
891.0,309.0,22.0,60.0
889.0,308.0,22.0,60.0
886.0,307.0,22.0,60.0
884.0,306.0,22.0,60.0
882.0,304.0,22.0,60.0
881.0,303.0,22.0,60.0
879.0,301.0,22.0,60.0
876.0,301.0,23.0,59.0
872.0,300.0,23.0,58.0
869.0,300.0,24.0,57.0
868.0,300.0,24.0,57.0
868.0,300.0,23.0,57.0
867.0,300.0,23.0,57.0
864.0,298.0,23.0,57.0
862.0,297.0,23.0,57.0
859.0,295.0,23.0,57.0
858.0,294.0,23.0,58.0
857.0,294.0,23.0,58.0
856.0,293.0,23.0,59.0
855.0,292.0,24.0,60.0
855.0,291.0,24.0,60.0
854.0,290.0,25.0,61.0
854.0,290.0,24.0,61.0
854.0,290.0,23.0,61.0
854.0,290.0,22.0,61.0
855.0,289.0,22.0,61.0
855.0,288.0,22.0,61.0
856.0,287.0,22.0,61.0
857.0,286.0,22.0,61.0
857.0,285.0,22.0,61.0
858.0,284.0,22.0,61.0
860.0,284.0,21.0,61.0
861.0,284.0,21.0,61.0
863.0,284.0,20.0,61.0
864.0,284.0,20.0,61.0
865.0,283.0,20.0,61.0
866.0,283.0,20.0,61.0
867.0,282.0,21.0,61.0
867.0,281.0,22.0,62.0
868.0,280.0,23.0,62.0
868.0,280.0,23.0,62.0
869.0,279.0,23.0,62.0
869.0,279.0,23.0,62.0
870.0,279.0,23.0,62.0
870.0,280.0,22.0,62.0
871.0,280.0,22.0,62.0
871.0,280.0,22.0,62.0
870.0,279.0,23.0,62.0
870.0,279.0,23.0,62.0
870.0,278.0,23.0,62.0
870.0,277.0,23.0,62.0
870.0,276.0,23.0,62.0
870.0,275.0,23.0,61.0
869.0,275.0,24.0,60.0
869.0,274.0,24.0,59.0
869.0,274.0,23.0,59.0
869.0,273.0,23.0,59.0
869.0,273.0,22.0,59.0
869.0,272.0,22.0,59.0
868.0,272.0,22.0,59.0
868.0,271.0,22.0,59.0
868.0,270.0,22.0,60.0
867.0,269.0,22.0,60.0
867.0,268.0,22.0,61.0
866.0,268.0,22.0,61.0
866.0,268.0,22.0,61.0
865.0,268.0,22.0,61.0
864.0,268.0,22.0,60.0
864.0,268.0,22.0,59.0
863.0,268.0,22.0,58.0
863.0,266.0,22.0,58.0
863.0,265.0,22.0,58.0
863.0,263.0,22.0,58.0
863.0,262.0,22.0,58.0
863.0,262.0,22.0,58.0
863.0,261.0,22.0,58.0
863.0,261.0,22.0,58.0
863.0,261.0,22.0,58.0
863.0,261.0,22.0,58.0
863.0,261.0,22.0,58.0
864.0,261.0,22.0,58.0
864.0,261.0,22.0,58.0
865.0,260.0,22.0,58.0
865.0,258.0,22.0,58.0
866.0,257.0,22.0,58.0
867.0,257.0,22.0,58.0
867.0,257.0,22.0,58.0
868.0,257.0,22.0,58.0
869.0,257.0,22.0,58.0
869.0,258.0,22.0,58.0
870.0,258.0,22.0,58.0
871.0,257.0,22.0,58.0
871.0,256.0,22.0,58.0
872.0,255.0,22.0,58.0
872.0,255.0,22.0,58.0
873.0,254.0,22.0,58.0
873.0,254.0,22.0,58.0
874.0,254.0,22.0,58.0
875.0,253.0,22.0,58.0
876.0,253.0,22.0,58.0
877.0,253.0,22.0,58.0
877.0,254.0,22.0,58.0
878.0,254.0,22.0,58.0
878.0,254.0,22.0,58.0
878.0,253.0,22.0,58.0
878.0,253.0,22.0,58.0
879.0,252.0,22.0,58.0
879.0,251.0,22.0,58.0
880.0,250.0,22.0,58.0
880.0,250.0,22.0,58.0
879.0,251.0,22.0,58.0
879.0,251.0,22.0,58.0
879.0,251.0,22.0,58.0
879.0,250.0,22.0,58.0
879.0,250.0,22.0,58.0
879.0,249.0,22.0,58.0
879.0,249.0,22.0,58.0
879.0,248.0,22.0,58.0
879.0,248.0,22.0,58.0
878.0,248.0,22.0,58.0
878.0,248.0,22.0,58.0
878.0,248.0,22.0,58.0
877.0,249.0,22.0,58.0
877.0,249.0,22.0,58.0
876.0,249.0,22.0,58.0
876.0,248.0,22.0,58.0
875.0,248.0,22.0,58.0
873.0,247.0,22.0,58.0
872.0,246.0,22.0,57.0
870.0,245.0,22.0,57.0
868.0,245.0,22.0,57.0
866.0,244.0,22.0,58.0
864.0,244.0,22.0,58.0
863.0,244.0,22.0,58.0
861.0,245.0,22.0,58.0
860.0,245.0,22.0,58.0
858.0,244.0,22.0,58.0
856.0,244.0,22.0,58.0
854.0,243.0,22.0,58.0
853.0,243.0,22.0,58.0
851.0,242.0,22.0,58.0
850.0,242.0,22.0,58.0
848.0,241.0,22.0,58.0
846.0,241.0,22.0,58.0
844.0,240.0,22.0,58.0
843.0,241.0,22.0,58.0
841.0,241.0,22.0,58.0
840.0,242.0,22.0,58.0
839.0,242.0,22.0,57.0
837.0,243.0,22.0,56.0
836.0,243.0,22.0,55.0
835.0,242.0,22.0,56.0
834.0,240.0,22.0,57.0
833.0,239.0,22.0,58.0
833.0,239.0,22.0,58.0
833.0,238.0,22.0,58.0
833.0,238.0,22.0,58.0
833.0,239.0,22.0,58.0
833.0,240.0,22.0,58.0
833.0,241.0,22.0,58.0
834.0,240.0,22.0,58.0
834.0,239.0,22.0,58.0
835.0,238.0,22.0,58.0
836.0,238.0,22.0,58.0
836.0,238.0,22.0,58.0
837.0,238.0,22.0,58.0
838.0,238.0,22.0,58.0
838.0,238.0,22.0,58.0
839.0,238.0,22.0,58.0
839.0,239.0,22.0,58.0
840.0,239.0,22.0,58.0
840.0,240.0,22.0,58.0
841.0,240.0,22.0,58.0
842.0,239.0,22.0,58.0
843.0,239.0,22.0,58.0
843.0,239.0,22.0,59.0
844.0,239.0,22.0,60.0
844.0,239.0,22.0,61.0
844.0,240.0,22.0,61.0
844.0,240.0,22.0,61.0
844.0,241.0,22.0,61.0
844.0,241.0,22.0,61.0
844.0,242.0,22.0,61.0
844.0,242.0,22.0,61.0
843.0,241.0,22.0,61.0
841.0,241.0,22.0,61.0
840.0,240.0,22.0,61.0
839.0,240.0,22.0,61.0
839.0,240.0,22.0,61.0
838.0,240.0,22.0,61.0
836.0,241.0,22.0,61.0
835.0,241.0,22.0,61.0
833.0,242.0,22.0,61.0
832.0,242.0,22.0,59.0
830.0,243.0,22.0,57.0
829.0,243.0,22.0,55.0
828.0,242.0,22.0,56.0
826.0,242.0,22.0,57.0
825.0,241.0,22.0,58.0
824.0,241.0,22.0,58.0
822.0,242.0,22.0,58.0
821.0,242.0,22.0,58.0
820.0,242.0,22.0,58.0
819.0,243.0,22.0,58.0
818.0,243.0,22.0,58.0
817.0,243.0,22.0,58.0
815.0,243.0,22.0,58.0
814.0,243.0,22.0,58.0
813.0,243.0,22.0,58.0
811.0,243.0,22.0,58.0
810.0,243.0,22.0,58.0
809.0,243.0,22.0,58.0
807.0,244.0,22.0,58.0
806.0,244.0,22.0,58.0
805.0,245.0,22.0,57.0
804.0,246.0,22.0,56.0
803.0,247.0,22.0,55.0
802.0,247.0,22.0,56.0
802.0,246.0,22.0,57.0
801.0,246.0,22.0,58.0
800.0,246.0,22.0,58.0
800.0,245.0,22.0,58.0
799.0,245.0,22.0,58.0
799.0,245.0,22.0,58.0
799.0,246.0,22.0,58.0
799.0,246.0,22.0,58.0
800.0,247.0,22.0,58.0
800.0,248.0,22.0,58.0
801.0,249.0,22.0,58.0
801.0,249.0,22.0,58.0
801.0,249.0,22.0,58.0
801.0,249.0,22.0,58.0
801.0,249.0,22.0,58.0
801.0,248.0,22.0,58.0
801.0,248.0,22.0,58.0
802.0,248.0,22.0,58.0
802.0,249.0,22.0,58.0
803.0,249.0,22.0,58.0
802.0,249.0,22.0,58.0
802.0,249.0,22.0,58.0
801.0,249.0,22.0,58.0
801.0,250.0,22.0,58.0
801.0,251.0,22.0,58.0
801.0,252.0,22.0,58.0
801.0,252.0,22.0,58.0
802.0,253.0,22.0,58.0
802.0,253.0,22.0,58.0
802.0,253.0,22.0,58.0
801.0,253.0,22.0,58.0
801.0,253.0,22.0,58.0
800.0,255.0,22.0,58.0
799.0,256.0,22.0,58.0
798.0,258.0,22.0,58.0
798.0,258.0,22.0,58.0
797.0,258.0,22.0,58.0
797.0,258.0,22.0,58.0
796.0,258.0,22.0,58.0
794.0,258.0,22.0,58.0
793.0,258.0,22.0,58.0
792.0,259.0,22.0,58.0
792.0,260.0,22.0,58.0
791.0,261.0,22.0,58.0
790.0,262.0,22.0,58.0
789.0,262.0,22.0,58.0
788.0,263.0,22.0,58.0
788.0,263.0,22.0,58.0
788.0,264.0,22.0,58.0
788.0,264.0,22.0,58.0
787.0,264.0,22.0,58.0
785.0,263.0,22.0,58.0
784.0,263.0,22.0,58.0
783.0,264.0,22.0,58.0
783.0,265.0,22.0,57.0
782.0,266.0,22.0,57.0
782.0,266.0,22.0,57.0
781.0,267.0,22.0,57.0
781.0,267.0,22.0,57.0
780.0,267.0,22.0,57.0
779.0,267.0,22.0,57.0
778.0,267.0,22.0,57.0
777.0,268.0,22.0,57.0
776.0,268.0,22.0,57.0
775.0,269.0,22.0,57.0
774.0,270.0,22.0,57.0
774.0,272.0,22.0,57.0
773.0,273.0,22.0,57.0
772.0,273.0,22.0,57.0
772.0,274.0,22.0,57.0
771.0,274.0,22.0,57.0
770.0,274.0,22.0,57.0
769.0,273.0,22.0,57.0
768.0,273.0,22.0,57.0
768.0,274.0,22.0,57.0
767.0,275.0,22.0,57.0
767.0,276.0,22.0,57.0
766.0,277.0,22.0,57.0
764.0,278.0,22.0,57.0
763.0,279.0,22.0,57.0
763.0,280.0,22.0,57.0
762.0,280.0,22.0,57.0
762.0,281.0,22.0,57.0
761.0,281.0,22.0,57.0
761.0,281.0,22.0,57.0
760.0,281.0,22.0,57.0
759.0,282.0,22.0,57.0
759.0,282.0,22.0,57.0
758.0,283.0,22.0,57.0
756.0,284.0,22.0,57.0
755.0,286.0,23.0,57.0
753.0,287.0,23.0,57.0
752.0,287.0,23.0,57.0
751.0,288.0,22.0,57.0
750.0,288.0,22.0,57.0
749.0,288.0,22.0,57.0
749.0,289.0,22.0,57.0
748.0,289.0,22.0,57.0
746.0,290.0,22.0,57.0
745.0,291.0,22.0,57.0
743.0,292.0,22.0,57.0
743.0,294.0,22.0,57.0
742.0,296.0,22.0,57.0
742.0,298.0,22.0,57.0
740.0,299.0,22.0,56.0
739.0,301.0,22.0,54.0
737.0,302.0,22.0,53.0
735.0,303.0,22.0,53.0
734.0,304.0,22.0,53.0
732.0,305.0,22.0,53.0
731.0,306.0,22.0,53.0
729.0,307.0,22.0,53.0
728.0,308.0,22.0,53.0
727.0,310.0,23.0,53.0
726.0,313.0,24.0,53.0
725.0,315.0,25.0,53.0
725.0,317.0,25.0,52.0
724.0,319.0,25.0,51.0
724.0,321.0,25.0,50.0
724.0,322.0,22.0,50.0
723.0,323.0,20.0,50.0
723.0,324.0,17.0,50.0
722.0,327.0,17.0,50.0
721.0,329.0,17.0,50.0
720.0,332.0,17.0,50.0
719.0,333.0,18.0,51.0
718.0,335.0,19.0,51.0
717.0,336.0,20.0,52.0
716.0,338.0,21.0,52.0
714.0,341.0,21.0,52.0
713.0,343.0,22.0,52.0
712.0,346.0,22.0,52.0
711.0,348.0,22.0,52.0
710.0,351.0,22.0,52.0
709.0,353.0,22.0,52.0
709.0,356.0,22.0,52.0
708.0,358.0,22.0,52.0
708.0,360.0,22.0,52.0
707.0,363.0,22.0,52.0
707.0,365.0,22.0,52.0
706.0,367.0,22.0,54.0
705.0,370.0,23.0,55.0
704.0,372.0,23.0,57.0
703.0,375.0,23.0,57.0
703.0,379.0,23.0,57.0
702.0,382.0,23.0,57.0
701.0,384.0,23.0,57.0
701.0,387.0,23.0,57.0
700.0,389.0,23.0,57.0
699.0,391.0,23.0,56.0
699.0,394.0,23.0,56.0
698.0,396.0,23.0,55.0
698.0,399.0,23.0,55.0
698.0,401.0,23.0,55.0
698.0,404.0,23.0,55.0
697.0,406.0,24.0,56.0
697.0,409.0,24.0,58.0
696.0,411.0,25.0,59.0
695.0,413.0,25.0,60.0
695.0,416.0,25.0,61.0
694.0,418.0,25.0,62.0
691.0,420.0,25.0,63.0
688.0,423.0,25.0,64.0
685.0,425.0,25.0,65.0
681.0,427.0,25.0,63.0
677.0,430.0,25.0,62.0
673.0,432.0,25.0,60.0
668.0,434.0,25.0,60.0
663.0,436.0,25.0,60.0
658.0,438.0,25.0,60.0
652.0,442.0,25.0,60.0
645.0,445.0,25.0,61.0
639.0,449.0,25.0,61.0
632.0,452.0,25.0,62.0
625.0,455.0,25.0,62.0
618.0,458.0,25.0,63.0
611.0,461.0,25.0,63.0
603.0,465.0,25.0,63.0
596.0,468.0,25.0,63.0
589.0,471.0,25.0,62.0
581.0,475.0,25.0,62.0
574.0,478.0,25.0,61.0
567.0,481.0,25.0,59.0
559.0,485.0,25.0,58.0
552.0,488.0,25.0,56.0
546.0,492.0,26.0,57.0
540.0,495.0,28.0,58.0
534.0,499.0,29.0,59.0
528.0,503.0,29.0,59.0
522.0,508.0,29.0,59.0
516.0,512.0,29.0,59.0
512.0,516.0,29.0,59.0
507.0,519.0,29.0,58.0
503.0,523.0,29.0,58.0
499.0,527.0,29.0,55.0
494.0,531.0,29.0,53.0
490.0,535.0,29.0,50.0
486.0,538.0,30.0,53.0
482.0,540.0,30.0,55.0
478.0,543.0,31.0,58.0
475.0,546.0,31.0,60.0
471.0,548.0,32.0,62.0
468.0,551.0,32.0,64.0
465.0,555.0,33.0,65.0
461.0,560.0,34.0,65.0
458.0,564.0,35.0,66.0
456.0,568.0,34.0,65.0
453.0,571.0,33.0,63.0
451.0,575.0,32.0,62.0
448.0,578.0,32.0,62.0
446.0,580.0,32.0,62.0
443.0,583.0,32.0,62.0
441.0,586.0,32.0,65.0
439.0,590.0,32.0,67.0
437.0,593.0,32.0,70.0
436.0,596.0,32.0,70.0
434.0,600.0,32.0,70.0
433.0,603.0,32.0,70.0
433.0,606.0,32.0,68.0
432.0,609.0,32.0,66.0
432.0,612.0,32.0,64.0
431.0,614.0,32.0,65.0
431.0,616.0,32.0,66.0
430.0,618.0,32.0,67.0
430.0,620.0,32.0,69.0
429.0,621.0,32.0,70.0
429.0,623.0,32.0,72.0
429.0,626.0,32.0,72.0
429.0,629.0,32.0,72.0
429.0,632.0,32.0,72.0
430.0,634.0,32.0,68.0
431.0,636.0,32.0,64.0
432.0,638.0,32.0,60.0
431.0,640.0,32.0,60.0
429.0,641.0,32.0,60.0
428.0,643.0,32.0,60.0
428.0,643.0,32.0,64.0
427.0,643.0,32.0,68.0
427.0,643.0,32.0,72.0
425.0,645.0,32.0,72.0
423.0,646.0,32.0,72.0
421.0,648.0,32.0,72.0
420.0,650.0,32.0,68.0
418.0,653.0,32.0,63.0
417.0,655.0,32.0,59.0
417.0,655.0,32.0,59.0
417.0,654.0,32.0,59.0
417.0,654.0,32.0,59.0
415.0,654.0,32.0,61.0
412.0,654.0,32.0,62.0
410.0,654.0,32.0,64.0
409.0,655.0,32.0,64.0
409.0,656.0,32.0,63.0
408.0,657.0,32.0,63.0
408.0,657.0,32.0,63.0
408.0,657.0,32.0,63.0
408.0,657.0,32.0,63.0
408.0,657.0,32.0,59.0
407.0,657.0,32.0,56.0
407.0,657.0,32.0,52.0
406.0,655.0,32.0,56.0
406.0,653.0,32.0,59.0
405.0,651.0,32.0,63.0
406.0,651.0,32.0,64.0
406.0,651.0,32.0,65.0
407.0,651.0,32.0,66.0
406.0,650.0,32.0,65.0
405.0,648.0,32.0,64.0
404.0,647.0,32.0,63.0
404.0,646.0,32.0,60.0
403.0,646.0,32.0,57.0
403.0,645.0,32.0,54.0
403.0,643.0,32.0,58.0
403.0,640.0,32.0,63.0
403.0,638.0,32.0,67.0
403.0,637.0,32.0,67.0
403.0,637.0,32.0,68.0
403.0,636.0,32.0,68.0
402.0,636.0,32.0,64.0
400.0,636.0,32.0,61.0
399.0,636.0,32.0,57.0
398.0,634.0,32.0,57.0
396.0,631.0,32.0,56.0
395.0,629.0,32.0,56.0
395.0,627.0,32.0,60.0
395.0,625.0,32.0,65.0
395.0,623.0,32.0,69.0
394.0,622.0,32.0,69.0
392.0,621.0,32.0,68.0
391.0,620.0,32.0,68.0
390.0,619.0,32.0,65.0
389.0,617.0,32.0,62.0
388.0,616.0,32.0,59.0
389.0,614.0,32.0,59.0
390.0,612.0,32.0,59.0
391.0,610.0,32.0,59.0
391.0,606.0,32.0,63.0
392.0,603.0,32.0,67.0
392.0,599.0,32.0,71.0
394.0,598.0,32.0,70.0
395.0,597.0,32.0,69.0
397.0,596.0,32.0,68.0
398.0,594.0,32.0,65.0
400.0,593.0,32.0,61.0
401.0,591.0,32.0,58.0
402.0,589.0,32.0,58.0
402.0,586.0,32.0,58.0
403.0,584.0,32.0,58.0
405.0,581.0,32.0,61.0
406.0,579.0,32.0,64.0
408.0,576.0,32.0,67.0
409.0,574.0,32.0,67.0
409.0,573.0,32.0,67.0
410.0,571.0,32.0,67.0
411.0,570.0,32.0,65.0
413.0,569.0,32.0,63.0
414.0,568.0,32.0,61.0
415.0,566.0,32.0,59.0
415.0,565.0,32.0,56.0
416.0,563.0,32.0,54.0
416.0,561.0,32.0,55.0
415.0,558.0,32.0,57.0
415.0,556.0,32.0,58.0
413.0,553.0,32.0,60.0
411.0,551.0,32.0,62.0
409.0,548.0,32.0,64.0
409.0,547.0,32.0,64.0
408.0,547.0,32.0,64.0
408.0,546.0,32.0,64.0
406.0,545.0,32.0,62.0
405.0,544.0,32.0,59.0
403.0,543.0,32.0,57.0
399.0,542.0,32.0,57.0
396.0,542.0,32.0,56.0
392.0,541.0,32.0,56.0
390.0,539.0,32.0,59.0
387.0,538.0,32.0,61.0
385.0,536.0,32.0,64.0
382.0,535.0,32.0,64.0
379.0,533.0,32.0,64.0
376.0,532.0,32.0,64.0
374.0,532.0,32.0,64.0
371.0,531.0,32.0,64.0
369.0,531.0,32.0,64.0
366.0,531.0,32.0,62.0
363.0,531.0,32.0,61.0
360.0,531.0,32.0,59.0
359.0,530.0,32.0,56.0
357.0,529.0,32.0,54.0
356.0,528.0,32.0,51.0
353.0,526.0,32.0,54.0
351.0,523.0,32.0,56.0
348.0,521.0,32.0,59.0
347.0,519.0,32.0,60.0
346.0,518.0,32.0,62.0
345.0,516.0,32.0,63.0
344.0,515.0,32.0,63.0
342.0,514.0,32.0,63.0
341.0,513.0,32.0,63.0
340.0,512.0,32.0,61.0
340.0,512.0,32.0,59.0
339.0,511.0,32.0,57.0
338.0,510.0,32.0,55.0
336.0,509.0,32.0,53.0
335.0,508.0,32.0,51.0
335.0,506.0,32.0,53.0
335.0,504.0,32.0,55.0
335.0,502.0,32.0,57.0
336.0,501.0,32.0,58.0
336.0,500.0,32.0,60.0
337.0,499.0,32.0,61.0
337.0,498.0,32.0,61.0
338.0,497.0,32.0,61.0
338.0,496.0,32.0,61.0
337.0,494.0,32.0,59.0
336.0,493.0,32.0,57.0
335.0,491.0,32.0,55.0
334.0,489.0,32.0,56.0
333.0,488.0,32.0,56.0
332.0,486.0,32.0,57.0
330.0,484.0,31.0,58.0
328.0,483.0,29.0,60.0
326.0,481.0,28.0,61.0
323.0,481.0,28.0,61.0
319.0,482.0,28.0,61.0
316.0,482.0,28.0,61.0
313.0,482.0,28.0,59.0
309.0,481.0,28.0,56.0
306.0,481.0,28.0,54.0
300.0,481.0,28.0,54.0
295.0,481.0,28.0,54.0
289.0,481.0,28.0,54.0
284.0,480.0,29.0,56.0
278.0,480.0,30.0,59.0
273.0,479.0,31.0,61.0
268.0,480.0,31.0,61.0
263.0,481.0,31.0,61.0
258.0,482.0,31.0,61.0
253.0,482.0,31.0,59.0
248.0,482.0,31.0,58.0
243.0,482.0,31.0,56.0
240.0,481.0,31.0,56.0
236.0,479.0,31.0,56.0
233.0,478.0,31.0,56.0
230.0,477.0,31.0,56.0
226.0,476.0,31.0,57.0
223.0,475.0,31.0,57.0
221.0,475.0,31.0,57.0
219.0,475.0,31.0,58.0
217.0,475.0,31.0,58.0
216.0,474.0,31.0,57.0
214.0,474.0,31.0,57.0
213.0,473.0,31.0,56.0
210.0,471.0,31.0,57.0
206.0,470.0,31.0,57.0
203.0,468.0,31.0,58.0
201.0,468.0,31.0,58.0
200.0,467.0,31.0,59.0
198.0,467.0,31.0,59.0
198.0,467.0,31.0,59.0
198.0,466.0,31.0,59.0
198.0,466.0,31.0,59.0
199.0,465.0,30.0,58.0
200.0,465.0,30.0,57.0
201.0,464.0,29.0,56.0
202.0,461.0,29.0,56.0
204.0,459.0,29.0,56.0
205.0,456.0,29.0,56.0
205.0,454.0,29.0,56.0
206.0,452.0,29.0,56.0
206.0,450.0,29.0,56.0
205.0,450.0,29.0,56.0
203.0,449.0,29.0,56.0
202.0,449.0,29.0,56.0
200.0,449.0,29.0,56.0
197.0,448.0,29.0,56.0
195.0,448.0,29.0,56.0
193.0,447.0,29.0,57.0
190.0,447.0,29.0,57.0
188.0,446.0,29.0,58.0
185.0,446.0,29.0,58.0
183.0,446.0,29.0,58.0
180.0,446.0,29.0,58.0
176.0,446.0,29.0,58.0
172.0,446.0,29.0,58.0
168.0,446.0,29.0,58.0
165.0,446.0,29.0,57.0
163.0,446.0,29.0,55.0
160.0,446.0,29.0,54.0
157.0,445.0,29.0,55.0
155.0,443.0,29.0,57.0
152.0,442.0,29.0,58.0
150.0,441.0,30.0,58.0
149.0,439.0,31.0,58.0
147.0,438.0,32.0,58.0
147.0,438.0,31.0,58.0
147.0,437.0,30.0,58.0
147.0,437.0,29.0,58.0
147.0,436.0,29.0,58.0
147.0,434.0,29.0,57.0
147.0,433.0,29.0,57.0
147.0,432.0,29.0,57.0
146.0,431.0,29.0,57.0
146.0,430.0,29.0,57.0
147.0,428.0,30.0,57.0
148.0,426.0,30.0,56.0
149.0,424.0,31.0,56.0
150.0,423.0,30.0,55.0
152.0,423.0,30.0,55.0
153.0,422.0,29.0,54.0
156.0,420.0,28.0,55.0
158.0,418.0,27.0,57.0
161.0,416.0,26.0,58.0
162.0,414.0,26.0,59.0
162.0,412.0,26.0,60.0
163.0,410.0,26.0,61.0
164.0,408.0,26.0,61.0
165.0,407.0,26.0,61.0
166.0,405.0,26.0,61.0
166.0,404.0,26.0,61.0
167.0,403.0,25.0,61.0
167.0,402.0,25.0,61.0
166.0,402.0,25.0,60.0
164.0,402.0,26.0,58.0
163.0,402.0,26.0,57.0
161.0,401.0,26.0,57.0
160.0,399.0,26.0,57.0
158.0,398.0,26.0,57.0
156.0,397.0,26.0,57.0
155.0,397.0,26.0,57.0
153.0,396.0,26.0,57.0
151.0,396.0,26.0,57.0
150.0,396.0,26.0,57.0
148.0,396.0,26.0,57.0
147.0,396.0,26.0,57.0
145.0,396.0,26.0,57.0
144.0,396.0,26.0,57.0
143.0,394.0,27.0,57.0
142.0,393.0,27.0,57.0
141.0,391.0,28.0,57.0
141.0,389.0,28.0,57.0
142.0,388.0,28.0,57.0
142.0,386.0,28.0,57.0
142.0,386.0,28.0,57.0
142.0,386.0,28.0,57.0
142.0,386.0,28.0,57.0
144.0,384.0,28.0,57.0
146.0,382.0,28.0,57.0
148.0,380.0,28.0,57.0
150.0,378.0,29.0,57.0
152.0,376.0,30.0,57.0
154.0,374.0,31.0,57.0
158.0,372.0,31.0,57.0
161.0,369.0,31.0,57.0
165.0,367.0,31.0,57.0
169.0,366.0,29.0,55.0
174.0,365.0,27.0,54.0
178.0,364.0,25.0,52.0
182.0,363.0,25.0,52.0
187.0,361.0,25.0,52.0
191.0,360.0,25.0,52.0
195.0,358.0,25.0,52.0
198.0,356.0,25.0,52.0
202.0,354.0,25.0,52.0
206.0,351.0,26.0,52.0
209.0,348.0,27.0,52.0
213.0,345.0,28.0,52.0
216.0,344.0,28.0,52.0
220.0,342.0,28.0,52.0
223.0,341.0,28.0,52.0
227.0,339.0,28.0,52.0
232.0,337.0,27.0,52.0
236.0,335.0,27.0,52.0
240.0,333.0,27.0,52.0
243.0,331.0,27.0,52.0
247.0,329.0,27.0,52.0
251.0,328.0,27.0,52.0
254.0,326.0,27.0,52.0
258.0,325.0,27.0,52.0
262.0,324.0,25.0,52.0
267.0,323.0,23.0,52.0
271.0,322.0,21.0,52.0
272.0,320.0,21.0,52.0
274.0,319.0,21.0,52.0
275.0,317.0,21.0,52.0
275.0,316.0,21.0,52.0
275.0,315.0,22.0,52.0
275.0,314.0,22.0,52.0
272.0,313.0,22.0,52.0
269.0,312.0,23.0,52.0
266.0,311.0,23.0,52.0
262.0,312.0,23.0,52.0
259.0,312.0,23.0,52.0
255.0,313.0,23.0,52.0
248.0,313.0,23.0,52.0
242.0,314.0,23.0,52.0
235.0,314.0,23.0,52.0
229.0,314.0,23.0,52.0
224.0,314.0,23.0,52.0
218.0,314.0,23.0,52.0
211.0,315.0,24.0,52.0
205.0,315.0,26.0,52.0
198.0,316.0,27.0,52.0
192.0,318.0,26.0,52.0
187.0,319.0,24.0,52.0
181.0,321.0,23.0,52.0
177.0,320.0,23.0,52.0
174.0,320.0,23.0,52.0
170.0,319.0,23.0,52.0
168.0,318.0,24.0,52.0
165.0,317.0,26.0,52.0
163.0,316.0,27.0,52.0
163.0,315.0,27.0,52.0
164.0,315.0,27.0,52.0
164.0,314.0,27.0,52.0
167.0,313.0,25.0,52.0
170.0,312.0,24.0,52.0
173.0,311.0,22.0,52.0
176.0,310.0,22.0,52.0
180.0,308.0,22.0,52.0
183.0,307.0,22.0,52.0
185.0,305.0,24.0,52.0
187.0,304.0,25.0,52.0
189.0,302.0,27.0,52.0
193.0,301.0,26.0,52.0
197.0,301.0,25.0,52.0
201.0,300.0,24.0,52.0
204.0,298.0,23.0,52.0
207.0,296.0,22.0,52.0
210.0,294.0,21.0,52.0
213.0,293.0,21.0,52.0
217.0,292.0,21.0,52.0
220.0,291.0,21.0,52.0
223.0,288.0,23.0,52.0
225.0,286.0,25.0,52.0
228.0,283.0,27.0,52.0
232.0,282.0,25.0,52.0
236.0,282.0,23.0,52.0
240.0,281.0,21.0,52.0
243.0,280.0,21.0,52.0
246.0,279.0,21.0,52.0
249.0,278.0,21.0,52.0
252.0,277.0,21.0,52.0
254.0,275.0,21.0,52.0
257.0,274.0,21.0,52.0
259.0,273.0,21.0,52.0
261.0,271.0,22.0,52.0
263.0,270.0,22.0,52.0
265.0,270.0,21.0,52.0
267.0,270.0,21.0,52.0
269.0,270.0,20.0,52.0
269.0,269.0,20.0,52.0
270.0,267.0,20.0,52.0
270.0,266.0,20.0,52.0
269.0,265.0,21.0,52.0
269.0,264.0,22.0,52.0
268.0,263.0,23.0,52.0
268.0,262.0,23.0,52.0
267.0,261.0,23.0,52.0
267.0,260.0,23.0,52.0
264.0,261.0,22.0,52.0
262.0,262.0,21.0,52.0
259.0,263.0,20.0,52.0
258.0,262.0,21.0,53.0
256.0,260.0,21.0,53.0
255.0,259.0,22.0,54.0
253.0,259.0,24.0,54.0
252.0,259.0,25.0,54.0
250.0,259.0,27.0,54.0
248.0,258.0,27.0,54.0
247.0,257.0,27.0,54.0
245.0,256.0,27.0,54.0
243.0,256.0,26.0,54.0
242.0,257.0,24.0,54.0
240.0,257.0,23.0,54.0
240.0,257.0,23.0,54.0
240.0,257.0,23.0,54.0
240.0,257.0,23.0,54.0
240.0,256.0,23.0,54.0
240.0,254.0,23.0,54.0
240.0,253.0,23.0,54.0
241.0,252.0,23.0,54.0
241.0,252.0,23.0,54.0
242.0,251.0,23.0,54.0
242.0,251.0,23.0,54.0
241.0,251.0,23.0,54.0
241.0,251.0,23.0,54.0
242.0,250.0,23.0,54.0
243.0,249.0,23.0,54.0
244.0,248.0,23.0,54.0
244.0,247.0,24.0,54.0
244.0,247.0,25.0,54.0
244.0,246.0,26.0,54.0
245.0,245.0,26.0,54.0
246.0,244.0,26.0,54.0
247.0,243.0,26.0,54.0
245.0,243.0,26.0,54.0
244.0,244.0,26.0,54.0
242.0,244.0,26.0,54.0
242.0,243.0,25.0,54.0
241.0,243.0,23.0,54.0
241.0,242.0,22.0,54.0
240.0,242.0,22.0,54.0
238.0,241.0,22.0,54.0
237.0,241.0,22.0,54.0
235.0,241.0,23.0,54.0
234.0,241.0,25.0,54.0
232.0,241.0,26.0,54.0
232.0,241.0,24.0,54.0
231.0,240.0,22.0,54.0
231.0,240.0,20.0,54.0
229.0,240.0,20.0,54.0
228.0,241.0,20.0,54.0
226.0,241.0,20.0,54.0
224.0,240.0,21.0,54.0
221.0,239.0,23.0,55.0
219.0,238.0,24.0,55.0
217.0,238.0,25.0,55.0
216.0,238.0,26.0,55.0
214.0,238.0,27.0,55.0
213.0,238.0,27.0,55.0
212.0,238.0,26.0,55.0
211.0,238.0,26.0,55.0
211.0,238.0,24.0,55.0
212.0,238.0,22.0,55.0
212.0,238.0,20.0,55.0
212.0,237.0,20.0,55.0
213.0,237.0,20.0,55.0
213.0,236.0,20.0,55.0
213.0,236.0,21.0,55.0
214.0,235.0,22.0,55.0
214.0,235.0,23.0,55.0
215.0,234.0,23.0,55.0
217.0,234.0,23.0,55.0
218.0,233.0,23.0,55.0
220.0,233.0,22.0,55.0
223.0,232.0,21.0,55.0
225.0,232.0,20.0,55.0
226.0,231.0,21.0,55.0
227.0,230.0,22.0,55.0
228.0,229.0,23.0,55.0
230.0,228.0,23.0,55.0
233.0,228.0,23.0,55.0
235.0,227.0,23.0,55.0
236.0,227.0,24.0,55.0
238.0,226.0,25.0,55.0
239.0,226.0,26.0,55.0
242.0,226.0,25.0,55.0
245.0,225.0,23.0,55.0
248.0,225.0,22.0,55.0
250.0,224.0,23.0,55.0
251.0,222.0,23.0,55.0
253.0,221.0,24.0,55.0
255.0,220.0,24.0,55.0
257.0,219.0,24.0,55.0
259.0,218.0,24.0,55.0
261.0,218.0,24.0,55.0
262.0,217.0,24.0,55.0
264.0,217.0,24.0,55.0
269.0,217.0,23.0,55.0
273.0,217.0,21.0,55.0
278.0,217.0,20.0,55.0
279.0,216.0,21.0,55.0
280.0,214.0,23.0,55.0
281.0,213.0,24.0,55.0
283.0,213.0,24.0,55.0
286.0,213.0,24.0,55.0
288.0,213.0,24.0,55.0
289.0,212.0,24.0,54.0
289.0,212.0,24.0,53.0
290.0,211.0,24.0,52.0
292.0,211.0,22.0,52.0
295.0,211.0,21.0,52.0
297.0,211.0,19.0,52.0
297.0,211.0,21.0,52.0
297.0,211.0,22.0,52.0
297.0,211.0,24.0,52.0
297.0,211.0,24.0,52.0
297.0,211.0,24.0,52.0
297.0,211.0,24.0,52.0
297.0,211.0,23.0,52.0
298.0,211.0,21.0,52.0
298.0,211.0,20.0,52.0
297.0,211.0,20.0,52.0
297.0,210.0,20.0,52.0
296.0,210.0,20.0,52.0
294.0,210.0,21.0,52.0
292.0,211.0,23.0,52.0
290.0,211.0,24.0,52.0
287.0,211.0,26.0,52.0
285.0,210.0,28.0,52.0
282.0,210.0,30.0,52.0
282.0,210.0,28.0,52.0
281.0,211.0,25.0,52.0
281.0,211.0,23.0,52.0
282.0,211.0,22.0,52.0
282.0,211.0,21.0,52.0
283.0,211.0,20.0,52.0
282.0,211.0,21.0,51.0
282.0,210.0,23.0,51.0
281.0,210.0,24.0,50.0
282.0,209.0,25.0,50.0
283.0,208.0,26.0,50.0
284.0,207.0,27.0,50.0
286.0,207.0,26.0,50.0
289.0,208.0,25.0,50.0
291.0,208.0,24.0,50.0
293.0,208.0,23.0,50.0
296.0,208.0,22.0,50.0
298.0,208.0,21.0,50.0
299.0,207.0,22.0,51.0
299.0,205.0,24.0,51.0
300.0,204.0,25.0,52.0
302.0,203.0,25.0,52.0
303.0,203.0,25.0,52.0
305.0,202.0,25.0,52.0
304.0,203.0,25.0,52.0
304.0,203.0,25.0,52.0
303.0,204.0,25.0,52.0
305.0,204.0,24.0,52.0
307.0,203.0,22.0,52.0
309.0,203.0,21.0,52.0
309.0,203.0,21.0,52.0
309.0,203.0,21.0,52.0
309.0,203.0,21.0,52.0
308.0,204.0,21.0,52.0
306.0,204.0,21.0,52.0
305.0,205.0,21.0,52.0
304.0,205.0,21.0,52.0
302.0,206.0,21.0,52.0
301.0,206.0,21.0,52.0
301.0,206.0,21.0,52.0
300.0,207.0,21.0,52.0
300.0,207.0,21.0,52.0
298.0,206.0,22.0,52.0
297.0,205.0,24.0,52.0
295.0,204.0,25.0,52.0
295.0,205.0,25.0,52.0
294.0,205.0,25.0,52.0
294.0,206.0,25.0,52.0
294.0,206.0,24.0,52.0
294.0,206.0,23.0,52.0
294.0,206.0,22.0,52.0
294.0,206.0,22.0,52.0
295.0,206.0,22.0,52.0
295.0,206.0,22.0,52.0
295.0,206.0,23.0,52.0
296.0,206.0,25.0,52.0
296.0,206.0,26.0,52.0
297.0,206.0,26.0,52.0
297.0,207.0,26.0,52.0
298.0,207.0,26.0,52.0
301.0,207.0,23.0,52.0
303.0,208.0,21.0,52.0
306.0,208.0,18.0,52.0
307.0,208.0,19.0,52.0
308.0,209.0,21.0,52.0
309.0,209.0,22.0,52.0
310.0,208.0,22.0,52.0
312.0,208.0,22.0,52.0
313.0,207.0,22.0,52.0
314.0,207.0,22.0,52.0
315.0,207.0,22.0,52.0
316.0,207.0,22.0,52.0
317.0,208.0,21.0,52.0
319.0,210.0,21.0,52.0
320.0,211.0,20.0,52.0
321.0,211.0,20.0,52.0
323.0,211.0,20.0,52.0
324.0,211.0,20.0,52.0
324.0,210.0,21.0,52.0
324.0,210.0,23.0,52.0
324.0,209.0,24.0,52.0
325.0,210.0,23.0,52.0
327.0,210.0,23.0,52.0
328.0,211.0,22.0,52.0
328.0,212.0,22.0,52.0
329.0,212.0,22.0,52.0
329.0,213.0,22.0,52.0
330.0,212.0,22.0,52.0
331.0,212.0,22.0,52.0
332.0,211.0,22.0,52.0
332.0,211.0,23.0,52.0
333.0,211.0,24.0,52.0
333.0,211.0,25.0,52.0
332.0,212.0,26.0,52.0
332.0,212.0,26.0,52.0
331.0,213.0,27.0,52.0
332.0,213.0,26.0,52.0
334.0,213.0,24.0,52.0
335.0,213.0,23.0,52.0
336.0,213.0,23.0,52.0
337.0,212.0,23.0,52.0
338.0,212.0,23.0,52.0
339.0,212.0,23.0,52.0
340.0,212.0,23.0,52.0
341.0,212.0,23.0,52.0
342.0,213.0,23.0,52.0
343.0,214.0,23.0,52.0
344.0,215.0,23.0,52.0
345.0,216.0,23.0,52.0
347.0,217.0,22.0,52.0
348.0,218.0,22.0,52.0
348.0,218.0,22.0,52.0
348.0,217.0,22.0,53.0
348.0,217.0,22.0,53.0
348.0,217.0,23.0,53.0
348.0,217.0,25.0,53.0
348.0,217.0,26.0,53.0
348.0,217.0,26.0,53.0
347.0,217.0,26.0,53.0
347.0,217.0,26.0,53.0
348.0,218.0,25.0,53.0
348.0,219.0,24.0,53.0
349.0,220.0,23.0,53.0
349.0,220.0,23.0,53.0
349.0,220.0,23.0,53.0
349.0,220.0,23.0,53.0
350.0,220.0,23.0,53.0
350.0,219.0,23.0,53.0
351.0,219.0,23.0,53.0
351.0,220.0,23.0,53.0
350.0,220.0,23.0,53.0
350.0,221.0,23.0,53.0
351.0,221.0,23.0,53.0
351.0,222.0,23.0,53.0
352.0,222.0,23.0,53.0
352.0,222.0,23.0,53.0
351.0,223.0,23.0,53.0
351.0,223.0,23.0,53.0
351.0,224.0,24.0,53.0
350.0,224.0,24.0,53.0
350.0,225.0,25.0,53.0
349.0,226.0,25.0,53.0
347.0,226.0,26.0,53.0
346.0,227.0,26.0,53.0
347.0,228.0,24.0,53.0
348.0,229.0,23.0,53.0
349.0,230.0,21.0,53.0
349.0,230.0,21.0,53.0
350.0,230.0,21.0,53.0
350.0,230.0,21.0,53.0
351.0,230.0,21.0,54.0
351.0,230.0,22.0,54.0
352.0,230.0,22.0,55.0
352.0,231.0,22.0,55.0
353.0,231.0,22.0,55.0
353.0,232.0,22.0,55.0
354.0,233.0,22.0,55.0
356.0,233.0,22.0,55.0
357.0,234.0,22.0,55.0
358.0,235.0,21.0,55.0
358.0,235.0,21.0,55.0
359.0,236.0,20.0,55.0
359.0,236.0,22.0,55.0
359.0,236.0,24.0,55.0
359.0,236.0,26.0,55.0
360.0,237.0,25.0,55.0
361.0,239.0,24.0,55.0
362.0,240.0,23.0,55.0
362.0,241.0,23.0,55.0
363.0,241.0,22.0,55.0
363.0,242.0,22.0,55.0
363.0,243.0,22.0,55.0
362.0,243.0,22.0,55.0
362.0,244.0,22.0,55.0
362.0,245.0,22.0,55.0
361.0,245.0,22.0,55.0
361.0,246.0,22.0,55.0
360.0,246.0,23.0,56.0
359.0,247.0,23.0,56.0
358.0,247.0,24.0,57.0
358.0,248.0,24.0,57.0
357.0,249.0,24.0,57.0
357.0,250.0,24.0,57.0
356.0,250.0,24.0,57.0
355.0,251.0,24.0,57.0
354.0,251.0,24.0,57.0
354.0,253.0,23.0,57.0
353.0,254.0,23.0,57.0
353.0,256.0,22.0,57.0
353.0,256.0,22.0,57.0
353.0,256.0,22.0,57.0
353.0,256.0,22.0,57.0
352.0,257.0,23.0,57.0
352.0,258.0,24.0,57.0
351.0,259.0,25.0,57.0
351.0,260.0,25.0,57.0
352.0,261.0,25.0,57.0
352.0,262.0,25.0,57.0
352.0,262.0,25.0,57.0
351.0,263.0,25.0,57.0
351.0,263.0,25.0,57.0
351.0,263.0,25.0,57.0
351.0,263.0,24.0,57.0
351.0,263.0,24.0,57.0
350.0,263.0,24.0,57.0
349.0,264.0,25.0,57.0
348.0,264.0,25.0,57.0
347.0,265.0,26.0,57.0
346.0,266.0,26.0,57.0
345.0,267.0,27.0,57.0
345.0,268.0,27.0,57.0
345.0,268.0,27.0,57.0
345.0,269.0,27.0,57.0
345.0,270.0,27.0,57.0
346.0,270.0,27.0,57.0
346.0,271.0,27.0,57.0
347.0,271.0,25.0,57.0
347.0,270.0,23.0,57.0
348.0,270.0,21.0,57.0
348.0,270.0,22.0,58.0
348.0,270.0,24.0,59.0
348.0,270.0,25.0,60.0
348.0,270.0,25.0,60.0
347.0,270.0,25.0,60.0
347.0,270.0,25.0,60.0
347.0,271.0,24.0,60.0
347.0,271.0,24.0,60.0
347.0,272.0,23.0,60.0
347.0,272.0,24.0,60.0
348.0,273.0,24.0,60.0
348.0,273.0,25.0,60.0
347.0,273.0,25.0,60.0
346.0,273.0,25.0,60.0
345.0,273.0,25.0,60.0
345.0,273.0,25.0,60.0
345.0,274.0,25.0,60.0
345.0,274.0,25.0,60.0
345.0,274.0,25.0,60.0
344.0,274.0,25.0,60.0
344.0,274.0,25.0,60.0
344.0,275.0,25.0,60.0
343.0,275.0,25.0,60.0
343.0,276.0,25.0,60.0
343.0,276.0,24.0,59.0
344.0,275.0,23.0,57.0
344.0,275.0,22.0,56.0
344.0,275.0,23.0,58.0
344.0,275.0,23.0,59.0
344.0,275.0,24.0,61.0
343.0,275.0,25.0,60.0
343.0,276.0,26.0,59.0
342.0,276.0,27.0,58.0
342.0,276.0,26.0,58.0
343.0,276.0,26.0,58.0
343.0,276.0,25.0,58.0
343.0,277.0,25.0,58.0
343.0,277.0,24.0,58.0
343.0,278.0,24.0,58.0
342.0,278.0,24.0,58.0
342.0,278.0,23.0,58.0
341.0,278.0,23.0,58.0
340.0,277.0,24.0,61.0
339.0,276.0,26.0,63.0
338.0,275.0,27.0,66.0
337.0,275.0,27.0,64.0
336.0,274.0,27.0,63.0
335.0,274.0,27.0,61.0
335.0,275.0,26.0,60.0
336.0,276.0,24.0,59.0
336.0,277.0,23.0,58.0
337.0,277.0,24.0,57.0
337.0,277.0,24.0,55.0
338.0,277.0,25.0,54.0
338.0,276.0,26.0,55.0
338.0,276.0,26.0,57.0
338.0,275.0,27.0,58.0
338.0,275.0,28.0,57.0
338.0,275.0,28.0,57.0
338.0,275.0,29.0,56.0
340.0,275.0,28.0,57.0
341.0,276.0,27.0,57.0
343.0,276.0,26.0,58.0
343.0,276.0,26.0,58.0
342.0,276.0,26.0,58.0
342.0,276.0,26.0,58.0
341.0,276.0,26.0,58.0
341.0,276.0,26.0,58.0
340.0,276.0,26.0,58.0
340.0,274.0,26.0,60.0
339.0,273.0,26.0,62.0
339.0,271.0,26.0,64.0
339.0,270.0,25.0,64.0
339.0,270.0,23.0,64.0
339.0,269.0,22.0,64.0
339.0,269.0,22.0,63.0
338.0,270.0,22.0,61.0
338.0,270.0,22.0,60.0
338.0,270.0,22.0,60.0
338.0,271.0,22.0,60.0
338.0,271.0,22.0,60.0
339.0,271.0,21.0,60.0
340.0,270.0,21.0,60.0
341.0,270.0,20.0,60.0
345.0,269.0,19.0,59.0
349.0,267.0,18.0,59.0
353.0,266.0,17.0,58.0
360.0,265.0,18.0,57.0
366.0,264.0,18.0,57.0
373.0,263.0,19.0,56.0
381.0,262.0,17.0,56.0
388.0,262.0,16.0,56.0
396.0,261.0,14.0,56.0
402.0,260.0,16.0,56.0
408.0,260.0,17.0,57.0
414.0,259.0,19.0,57.0
421.0,257.0,20.0,57.0
429.0,255.0,22.0,57.0
436.0,253.0,23.0,57.0
443.0,252.0,23.0,57.0
451.0,252.0,23.0,57.0
458.0,251.0,23.0,57.0
467.0,251.0,22.0,57.0
477.0,250.0,22.0,57.0
486.0,250.0,21.0,57.0
493.0,249.0,21.0,57.0
501.0,247.0,21.0,57.0
508.0,246.0,21.0,57.0
515.0,246.0,21.0,57.0
521.0,247.0,21.0,57.0
528.0,247.0,21.0,57.0
533.0,247.0,20.0,57.0
537.0,246.0,20.0,57.0
542.0,246.0,19.0,57.0
545.0,246.0,19.0,57.0
549.0,246.0,20.0,57.0
552.0,246.0,20.0,57.0
554.0,246.0,20.0,57.0
556.0,247.0,21.0,58.0
558.0,247.0,21.0,58.0
559.0,247.0,21.0,58.0
559.0,247.0,21.0,58.0
560.0,247.0,21.0,58.0
561.0,247.0,21.0,58.0
561.0,247.0,21.0,58.0
562.0,247.0,21.0,58.0
562.0,247.0,21.0,58.0
562.0,247.0,21.0,58.0
562.0,247.0,21.0,58.0
562.0,248.0,21.0,58.0
563.0,248.0,21.0,58.0
563.0,249.0,21.0,58.0
563.0,250.0,21.0,58.0
563.0,250.0,21.0,58.0
563.0,251.0,21.0,58.0
563.0,251.0,21.0,58.0
564.0,252.0,21.0,58.0
564.0,252.0,21.0,58.0
564.0,253.0,22.0,58.0
563.0,254.0,22.0,58.0
563.0,255.0,23.0,58.0
564.0,255.0,22.0,58.0
564.0,255.0,21.0,58.0
565.0,255.0,20.0,58.0
565.0,256.0,19.0,58.0
565.0,256.0,19.0,58.0
565.0,257.0,18.0,58.0
565.0,258.0,19.0,58.0
564.0,258.0,20.0,58.0
564.0,259.0,21.0,58.0
564.0,260.0,22.0,58.0
563.0,260.0,22.0,58.0
563.0,261.0,23.0,58.0
562.0,262.0,23.0,58.0
562.0,263.0,23.0,58.0
561.0,264.0,23.0,58.0
