537.84,359.3,97.261,61.238
536.64,359.3,97.261,60.038
534.64,358.3,97.261,60.038
534.64,357.3,97.261,60.038
533.64,357.3,97.261,60.038
533.64,357.3,97.261,60.038
532.64,356.3,97.261,60.038
nan,nan,nan,nan
nan,nan,nan,nan
531.64,356.3,97.261,60.038
529.0,355.0,97.0,60.0
529.0,354.0,97.0,60.0
529.0,353.0,97.0,60.0
529.0,352.0,97.0,60.0
529.0,352.0,97.0,60.0
529.0,352.0,97.0,60.0
529.0,352.0,97.0,60.0
530.0,352.0,97.0,60.0
530.0,352.0,97.0,60.0
531.0,352.0,97.0,60.0
531.0,352.0,97.0,60.0
532.0,352.0,97.0,60.0
533.0,352.0,97.0,60.0
533.0,352.0,97.0,60.0
533.0,352.0,97.0,60.0
533.0,352.0,97.0,60.0
534.0,353.0,97.0,60.0
534.0,352.0,97.0,60.0
535.0,352.0,97.0,60.0
536.0,352.0,97.0,60.0
536.64,352.09,97.261,60.038
536.0,351.0,97.0,60.0
536.0,351.0,97.0,60.0
537.0,350.0,97.0,60.0
537.0,350.0,97.0,60.0
538.0,350.0,97.0,60.0
538.0,350.0,97.0,60.0
538.0,350.0,97.0,60.0
538.0,350.0,97.0,60.0
538.0,350.0,97.0,60.0
538.0,349.0,97.0,60.0
538.0,349.0,97.0,60.0
538.0,349.0,97.0,60.0
539.0,348.0,97.0,60.0
539.0,348.0,97.0,60.0
539.0,348.0,97.0,60.0
540.0,347.0,97.0,60.0
540.0,347.0,97.0,60.0
541.0,346.0,97.0,60.0
541.0,346.0,97.0,60.0
541.0,346.0,97.0,60.0
541.0,346.0,97.0,60.0
541.0,346.0,97.0,60.0
542.0,345.0,97.0,60.0
542.0,345.0,97.0,60.0
542.0,345.0,97.0,60.0
542.0,345.0,97.0,60.0
542.0,345.0,97.0,60.0
542.0,345.0,97.0,60.0
542.0,345.0,97.0,60.0
542.0,345.0,97.0,60.0
542.0,345.0,97.0,60.0
542.0,345.0,97.0,60.0
542.0,345.0,97.0,60.0
542.0,345.0,97.0,60.0
542.0,345.0,97.0,60.0
542.0,345.0,97.0,60.0
542.0,345.0,97.0,60.0
542.0,345.0,97.0,60.0
541.0,345.0,97.0,60.0
541.0,345.0,97.0,60.0
541.0,345.0,97.0,60.0
541.0,345.0,97.0,60.0
541.0,345.0,97.0,60.0
541.0,345.0,97.0,60.0
542.0,344.0,97.0,60.0
542.0,344.0,97.0,60.0
543.0,344.0,97.0,60.0
543.0,344.0,97.0,60.0
544.0,344.0,97.0,60.0
545.0,344.0,97.0,60.0
546.0,344.0,97.0,60.0
548.0,344.0,97.0,60.0
550.0,344.0,97.0,60.0
552.0,344.0,97.0,60.0
553.0,344.0,97.0,60.0
554.0,345.0,97.0,60.0
555.0,345.0,97.0,60.0
557.0,345.0,97.0,60.0
558.0,345.0,97.0,60.0
559.0,345.0,97.0,60.0
560.0,345.0,97.0,60.0
560.0,345.0,97.0,60.0
561.0,345.0,97.0,60.0
561.0,345.0,97.0,60.0
561.0,344.0,97.0,60.0
562.0,343.0,97.0,60.0
562.0,343.0,97.0,60.0
563.0,343.0,97.0,60.0
563.0,343.0,97.0,60.0
565.0,343.0,97.0,60.0
566.0,343.0,97.0,60.0
566.0,343.0,97.0,60.0
566.0,343.0,97.0,60.0
566.0,343.0,97.0,60.0
568.0,343.0,97.0,60.0
568.0,343.0,97.0,60.0
569.0,343.0,97.0,60.0
569.0,343.0,97.0,60.0
569.0,343.0,97.0,60.0
570.0,342.0,97.0,60.0
570.0,342.0,97.0,60.0
570.0,340.0,97.0,60.0
570.0,340.0,97.0,60.0
571.0,339.0,97.0,60.0
571.0,339.0,97.0,60.0
573.0,339.0,97.0,60.0
574.0,339.0,97.0,60.0
574.0,339.0,97.0,60.0
574.0,338.0,97.0,60.0
574.0,338.0,97.0,60.0
574.0,338.0,97.0,60.0
574.0,338.0,97.0,60.0
574.0,338.0,97.0,60.0
574.0,338.0,97.0,60.0
574.0,338.0,97.0,60.0
574.0,338.0,97.0,60.0
574.0,338.0,97.0,60.0
573.0,337.0,97.0,60.0
573.0,337.0,97.0,60.0
573.0,337.0,97.0,60.0
573.0,337.0,97.0,60.0
573.0,337.0,97.0,60.0
572.0,336.0,97.0,60.0
572.0,336.0,97.0,60.0
572.0,336.0,97.0,60.0
571.0,334.0,97.0,60.0
571.0,334.0,97.0,60.0
571.0,334.0,97.0,60.0
570.0,333.0,97.0,60.0
570.0,333.0,97.0,60.0
570.0,333.0,97.0,60.0
570.0,332.0,97.0,60.0
570.0,332.0,97.0,60.0
570.0,332.0,97.0,60.0
570.0,332.0,97.0,60.0
570.0,332.0,97.0,60.0
570.0,332.0,97.0,60.0
570.0,332.0,97.0,60.0
570.0,332.0,97.0,60.0
570.0,332.0,97.0,60.0
570.0,332.0,97.0,60.0
570.0,332.0,97.0,60.0
570.0,332.0,97.0,60.0
570.0,332.0,97.0,60.0
569.0,331.0,97.0,60.0
569.0,331.0,97.0,60.0
569.0,331.0,97.0,60.0
569.0,331.0,97.0,60.0
569.0,330.0,97.0,60.0
569.0,330.0,97.0,60.0
569.0,330.0,97.0,60.0
569.0,330.0,97.0,60.0
569.0,330.0,97.0,60.0
569.0,330.0,97.0,60.0
569.0,330.0,97.0,60.0
569.0,330.0,97.0,60.0
569.0,330.0,97.0,60.0
569.0,330.0,97.0,60.0
569.0,330.0,97.0,60.0
569.0,330.0,97.0,60.0
569.0,330.0,97.0,60.0
569.0,330.0,97.0,60.0
569.0,330.0,97.0,60.0
569.0,330.0,97.0,60.0
569.0,330.0,97.0,60.0
569.0,330.0,97.0,60.0
569.0,330.0,97.0,60.0
569.0,330.0,97.0,60.0
569.0,330.0,97.0,60.0
569.0,330.0,97.0,60.0
569.0,330.0,97.0,60.0
568.0,329.0,97.0,60.0
568.0,329.0,97.0,60.0
568.0,329.0,97.0,60.0
568.0,329.0,97.0,60.0
568.0,329.0,97.0,60.0
568.0,329.0,97.0,60.0
568.0,329.0,97.0,60.0
568.0,329.0,97.0,60.0
568.0,329.0,97.0,60.0
568.0,329.0,97.0,60.0
568.0,329.0,97.0,60.0
568.0,329.0,97.0,60.0
568.0,329.0,97.0,60.0
568.0,329.0,97.0,60.0
568.0,329.0,97.0,60.0
568.0,329.0,97.0,60.0
568.0,329.0,97.0,60.0
568.0,329.0,97.0,60.0
568.0,329.0,97.0,60.0
568.0,329.0,97.0,60.0
568.0,329.0,97.0,60.0
569.0,331.0,97.0,60.0
569.0,331.0,97.0,60.0
569.0,331.0,97.0,60.0
569.0,331.0,97.0,60.0
569.0,331.0,97.0,60.0
569.0,331.0,97.0,60.0
569.0,332.0,97.0,60.0
570.0,332.0,97.0,60.0
570.0,332.0,97.0,60.0
570.0,332.0,97.0,60.0
571.0,331.0,97.0,60.0
573.0,330.0,97.0,60.0
575.0,330.0,97.0,60.0
581.06,331.68,75.647,56.435
574.0,333.0,76.0,56.0
568.0,338.0,76.0,56.0
567.0,338.0,76.0,56.0
565.0,339.0,76.0,56.0
564.25,354.5,70.844,45.629
565.0,356.0,71.0,46.0
569.0,362.0,71.0,46.0
569.0,372.0,71.0,46.0
573.0,378.0,71.0,46.0
577.0,390.0,75.0,48.0
589.0,401.0,79.0,50.0
599.0,411.0,79.0,50.0
601.48,421.74,93.659,64.841
598.0,434.0,94.0,65.0
596.0,438.0,94.0,65.0
596.0,444.0,99.0,68.0
606.0,444.0,99.0,68.0
594.67,439.75,126.08,76.848
594.0,443.0,126.0,77.0
605.0,443.0,132.0,81.0
596.67,446.95,163.3,74.447
622.0,450.0,163.0,74.0
643.0,449.0,171.0,78.0
672.0,448.0,171.0,78.0
699.0,458.0,171.0,78.0
682.13,454.16,218.54,74.447
695.0,452.0,219.0,74.0
712.0,445.0,230.0,78.0
714.0,443.0,230.0,78.0
709.54,436.15,242.55,88.856
710.0,453.0,243.0,89.0
699.0,466.0,243.0,89.0
698.0,464.0,243.0,89.0
691.0,475.0,243.0,89.0
665.0,473.0,243.0,89.0
650.0,472.0,243.0,89.0
639.0,479.0,243.0,89.0
633.0,486.0,243.0,89.0
633.0,483.0,243.0,89.0
649.91,475.77,228.14,99.662
648.0,467.0,228.0,100.0
634.0,456.0,228.0,100.0
637.5,445.75,212.53,129.68
625.0,446.0,213.0,130.0
609.0,442.0,213.0,130.0
590.0,439.0,213.0,130.0
567.0,432.0,213.0,130.0
546.0,430.0,213.0,130.0
525.0,425.0,213.0,130.0
500.0,427.0,213.0,130.0
479.0,428.0,213.0,130.0
458.0,429.0,213.0,130.0
433.0,431.0,213.0,130.0
421.0,431.0,213.0,130.0
415.0,431.0,213.0,130.0
411.0,435.0,213.0,130.0
408.0,435.0,213.0,130.0
407.0,434.0,213.0,130.0
408.0,434.0,213.0,130.0
411.0,433.0,213.0,130.0
414.0,432.0,213.0,130.0
421.0,431.0,213.0,130.0
427.0,429.0,213.0,130.0
435.0,427.0,213.0,130.0
449.0,425.0,213.0,130.0
456.0,425.0,213.0,130.0
466.0,426.0,213.0,130.0
471.0,426.0,213.0,130.0
479.0,427.0,213.0,130.0
484.0,427.0,213.0,130.0
489.0,428.0,213.0,130.0
496.0,429.0,213.0,130.0
510.0,429.0,213.0,130.0
520.0,429.0,213.0,130.0
527.0,428.0,213.0,130.0
535.0,426.0,213.0,130.0
544.0,423.0,213.0,130.0
553.0,421.0,213.0,130.0
564.0,419.0,213.0,130.0
576.0,417.0,213.0,130.0
589.0,415.0,213.0,130.0
600.0,412.0,213.0,130.0
617.09,406.13,208.93,123.68
627.0,404.0,209.0,124.0
635.0,400.0,209.0,124.0
643.0,398.0,209.0,124.0
645.0,394.0,219.0,130.0
654.0,393.0,219.0,130.0
659.11,391.72,217.34,122.48
669.0,392.0,217.0,122.0
678.0,393.0,217.0,122.0
687.0,393.0,217.0,122.0
700.0,393.0,217.0,122.0
711.0,393.0,217.0,122.0
733.56,397.72,207.73,115.27
745.0,397.0,208.0,115.0
753.0,396.0,208.0,115.0
760.0,397.0,208.0,115.0
763.0,397.0,208.0,115.0
764.0,399.0,208.0,115.0
781.59,413.33,182.51,96.06
779.0,416.0,183.0,96.0
779.0,418.0,183.0,96.0
778.0,418.0,183.0,96.0
776.0,419.0,183.0,96.0
767.0,417.0,183.0,96.0
754.0,414.0,183.0,96.0
749.17,413.33,170.51,87.655
729.0,412.0,171.0,88.0
721.0,414.0,163.0,84.0
727.55,415.73,146.49,80.45
743.16,415.73,121.28,80.45
735.0,414.0,121.0,80.0
731.0,414.0,121.0,80.0
721.0,415.0,121.0,80.0
712.0,414.0,121.0,80.0
691.53,394.12,133.28,90.056
666.32,380.91,163.3,99.662
650.0,376.0,163.0,100.0
632.7,373.71,194.52,99.662
626.0,373.0,195.0,100.0
609.0,371.0,195.0,100.0
597.0,376.0,195.0,100.0
585.0,379.0,195.0,100.0
581.0,387.0,195.0,100.0
566.0,392.0,195.0,100.0
552.0,382.0,195.0,100.0
544.0,386.0,195.0,100.0
530.0,400.0,195.0,100.0
503.0,396.0,195.0,100.0
485.0,400.0,195.0,100.0
447.78,396.52,170.51,105.67
428.0,386.0,171.0,106.0
409.36,374.91,145.29,109.27
379.0,372.0,153.0,115.0
358.92,372.51,133.28,102.06
347.0,370.0,133.0,102.0
338.51,367.7,114.07,91.257
336.0,368.0,114.0,91.0
327.7,366.5,86.454,97.261
317.0,357.0,86.0,97.0
311.0,353.0,86.0,97.0
306.0,339.0,86.0,97.0
304.0,332.0,86.0,97.0
304.0,330.0,86.0,97.0
303.0,331.0,86.0,97.0
304.89,332.88,70.844,84.053
303.0,327.0,74.0,88.0
299.0,327.0,74.0,88.0
297.0,328.0,74.0,88.0
294.0,330.0,74.0,88.0
291.0,331.0,74.0,88.0
288.0,331.0,74.0,88.0
286.0,331.0,74.0,88.0
283.0,327.0,74.0,88.0
282.0,327.0,74.0,88.0
282.0,328.0,74.0,88.0
283.0,331.0,74.0,88.0
283.0,332.0,74.0,88.0
283.0,332.0,74.0,88.0
281.0,331.0,74.0,88.0
280.0,331.0,74.0,88.0
278.0,332.0,74.0,88.0
278.0,332.0,74.0,88.0
274.87,324.48,74.447,96.06
274.0,324.0,74.0,96.0
274.0,324.0,74.0,96.0
274.0,325.0,74.0,96.0
275.0,324.0,74.0,96.0
275.0,319.0,74.0,96.0
270.0,319.0,74.0,96.0
271.0,319.0,74.0,96.0
272.0,319.0,74.0,96.0
276.0,318.0,74.0,96.0
281.0,317.0,74.0,96.0
288.0,317.0,74.0,96.0
296.0,318.0,74.0,96.0
311.0,320.0,74.0,96.0
328.0,322.0,70.0,91.0
344.0,321.0,70.0,91.0
356.52,316.07,74.447,104.47
382.0,319.0,74.0,104.0
403.0,321.0,74.0,104.0
420.0,322.0,74.0,104.0
433.0,323.0,74.0,104.0
442.0,324.0,74.0,104.0
453.0,326.0,74.0,104.0
464.0,328.0,74.0,104.0
473.0,330.0,74.0,104.0
482.0,332.0,74.0,104.0
491.0,336.0,74.0,104.0
495.0,343.0,74.0,104.0
506.0,346.0,74.0,104.0
518.0,348.0,74.0,104.0
534.0,350.0,74.0,104.0
550.0,351.0,74.0,104.0
563.0,352.0,74.0,104.0
575.0,352.0,74.0,104.0
584.0,352.0,74.0,104.0
594.0,352.0,74.0,104.0
604.0,352.0,74.0,104.0
617.0,354.0,74.0,104.0
621.0,355.0,74.0,104.0
615.88,360.5,88.856,102.06
613.0,361.0,89.0,102.0
594.27,360.5,111.67,99.662
585.0,360.0,112.0,100.0
580.0,359.0,112.0,100.0
557.05,355.7,136.89,102.06
547.44,354.5,126.08,99.662
519.82,359.3,136.89,84.053
497.0,360.0,137.0,84.0
481.4,373.71,127.28,68.443
467.0,380.0,127.0,68.0
458.0,378.0,127.0,68.0
451.0,369.0,127.0,68.0
451.0,369.0,127.0,68.0
451.0,369.0,127.0,68.0
454.98,373.71,98.462,66.041
458.0,373.0,98.0,66.0
470.59,377.31,74.447,63.64
471.0,380.0,78.0,67.0
477.0,390.0,78.0,67.0
476.0,388.0,78.0,67.0
462.0,377.0,78.0,67.0
446.0,370.0,78.0,67.0
405.75,367.7,112.87,61.238
400.0,363.0,119.0,64.0
397.0,349.0,119.0,64.0
398.0,341.0,119.0,64.0
400.0,344.0,119.0,64.0
400.0,348.0,119.0,64.0
408.0,354.0,119.0,64.0
412.96,364.1,144.09,66.041
409.0,365.0,144.0,66.0
417.76,356.9,152.5,78.049
418.0,361.0,152.0,78.0
436.97,366.5,145.29,81.651
471.0,388.0,145.0,82.0
474.0,395.0,145.0,82.0
474.0,398.0,145.0,82.0
488.61,402.53,128.48,81.651
489.0,402.0,128.0,82.0
511.42,414.53,111.67,86.454
515.0,422.0,112.0,86.0
505.0,433.0,118.0,90.0
503.0,438.0,118.0,90.0
509.0,439.0,118.0,90.0
507.82,437.35,148.89,93.659
523.0,436.0,149.0,94.0
528.0,445.0,149.0,94.0
542.0,446.0,149.0,94.0
554.0,445.0,149.0,94.0
564.0,444.0,149.0,94.0
573.0,443.0,149.0,94.0
575.0,444.0,149.0,94.0
584.0,447.0,149.0,94.0
589.47,448.15,189.72,106.87
596.0,450.0,190.0,107.0
601.0,452.0,190.0,107.0
605.0,453.0,190.0,107.0
610.0,450.0,190.0,107.0
632.7,440.95,174.11,122.48
639.9,439.75,171.71,123.68
640.0,441.0,172.0,124.0
638.0,442.0,172.0,124.0
635.0,444.0,172.0,124.0
633.0,446.0,172.0,124.0
630.0,447.0,172.0,124.0
626.0,447.0,172.0,124.0
624.0,446.0,172.0,124.0
622.0,447.0,172.0,124.0
621.0,447.0,172.0,124.0
619.0,447.0,172.0,124.0
616.0,444.0,172.0,124.0
614.0,444.0,172.0,124.0
613.0,444.0,172.0,124.0
612.0,444.0,172.0,124.0
611.0,444.0,172.0,124.0
610.0,444.0,172.0,124.0
607.0,444.0,172.0,124.0
599.0,444.0,172.0,124.0
597.0,443.0,172.0,124.0
595.0,441.0,172.0,124.0
592.0,439.0,172.0,124.0
588.0,435.0,172.0,124.0
572.66,410.93,183.71,144.09
575.0,397.0,184.0,144.0
576.26,390.52,152.5,146.49
574.0,388.0,152.0,146.0
572.0,384.0,152.0,146.0
576.26,371.31,123.68,147.69
567.85,360.5,97.261,130.88
560.0,354.0,93.0,125.0
552.0,344.0,93.0,125.0
548.0,337.0,93.0,125.0
548.64,330.48,68.443,111.67
549.0,317.0,68.0,112.0
540.0,304.0,68.0,112.0
538.0,298.0,68.0,112.0
537.0,291.0,68.0,112.0
539.0,286.0,68.0,112.0
543.0,284.0,68.0,112.0
552.0,276.0,68.0,112.0
563.0,266.0,68.0,112.0
566.0,263.0,68.0,112.0
571.0,263.0,68.0,112.0
578.0,259.0,68.0,112.0
596.67,262.04,64.841,86.454
599.07,260.84,78.049,75.647
603.0,259.0,78.0,76.0
607.0,258.0,78.0,76.0
612.0,261.0,78.0,76.0
617.0,262.0,78.0,76.0
622.0,260.0,78.0,76.0
636.3,259.64,70.844,70.844
637.0,263.0,71.0,71.0
633.9,277.65,70.844,52.833
629.0,278.0,71.0,53.0
623.0,281.0,71.0,53.0
nan,nan,nan,nan
nan,nan,nan,nan
nan,nan,nan,nan
nan,nan,nan,nan
nan,nan,nan,nan
nan,nan,nan,nan
nan,nan,nan,nan
nan,nan,nan,nan
nan,nan,nan,nan
nan,nan,nan,nan
nan,nan,nan,nan
nan,nan,nan,nan
nan,nan,nan,nan
nan,nan,nan,nan
nan,nan,nan,nan
nan,nan,nan,nan
nan,nan,nan,nan
nan,nan,nan,nan
nan,nan,nan,nan
nan,nan,nan,nan
nan,nan,nan,nan
nan,nan,nan,nan
nan,nan,nan,nan
nan,nan,nan,nan
nan,nan,nan,nan
nan,nan,nan,nan
nan,nan,nan,nan
nan,nan,nan,nan
nan,nan,nan,nan
nan,nan,nan,nan
nan,nan,nan,nan
nan,nan,nan,nan
nan,nan,nan,nan
nan,nan,nan,nan
nan,nan,nan,nan
nan,nan,nan,nan
nan,nan,nan,nan
nan,nan,nan,nan
nan,nan,nan,nan
nan,nan,nan,nan
nan,nan,nan,nan
nan,nan,nan,nan
nan,nan,nan,nan
nan,nan,nan,nan
nan,nan,nan,nan
nan,nan,nan,nan
nan,nan,nan,nan
nan,nan,nan,nan
nan,nan,nan,nan
nan,nan,nan,nan
nan,nan,nan,nan
nan,nan,nan,nan
nan,nan,nan,nan
nan,nan,nan,nan
nan,nan,nan,nan
nan,nan,nan,nan
nan,nan,nan,nan
nan,nan,nan,nan
nan,nan,nan,nan
nan,nan,nan,nan
nan,nan,nan,nan
nan,nan,nan,nan
nan,nan,nan,nan
nan,nan,nan,nan
nan,nan,nan,nan
nan,nan,nan,nan
nan,nan,nan,nan
nan,nan,nan,nan
nan,nan,nan,nan
nan,nan,nan,nan
nan,nan,nan,nan
nan,nan,nan,nan
nan,nan,nan,nan
nan,nan,nan,nan
nan,nan,nan,nan
nan,nan,nan,nan
nan,nan,nan,nan
nan,nan,nan,nan
nan,nan,nan,nan
nan,nan,nan,nan
nan,nan,nan,nan
nan,nan,nan,nan
nan,nan,nan,nan
nan,nan,nan,nan
nan,nan,nan,nan
nan,nan,nan,nan
nan,nan,nan,nan
nan,nan,nan,nan
nan,nan,nan,nan
nan,nan,nan,nan
nan,nan,nan,nan
nan,nan,nan,nan
nan,nan,nan,nan
nan,nan,nan,nan
nan,nan,nan,nan
nan,nan,nan,nan
nan,nan,nan,nan
nan,nan,nan,nan
nan,nan,nan,nan
nan,nan,nan,nan
nan,nan,nan,nan
nan,nan,nan,nan
nan,nan,nan,nan
nan,nan,nan,nan
nan,nan,nan,nan
nan,nan,nan,nan
nan,nan,nan,nan
nan,nan,nan,nan
nan,nan,nan,nan
nan,nan,nan,nan
nan,nan,nan,nan
nan,nan,nan,nan
nan,nan,nan,nan
nan,nan,nan,nan
nan,nan,nan,nan
nan,nan,nan,nan
nan,nan,nan,nan
nan,nan,nan,nan
nan,nan,nan,nan
nan,nan,nan,nan
nan,nan,nan,nan
nan,nan,nan,nan
nan,nan,nan,nan
nan,nan,nan,nan
nan,nan,nan,nan
nan,nan,nan,nan
nan,nan,nan,nan
nan,nan,nan,nan
nan,nan,nan,nan
nan,nan,nan,nan
nan,nan,nan,nan
nan,nan,nan,nan
nan,nan,nan,nan
nan,nan,nan,nan
nan,nan,nan,nan
nan,nan,nan,nan
nan,nan,nan,nan
nan,nan,nan,nan
nan,nan,nan,nan
nan,nan,nan,nan
nan,nan,nan,nan
nan,nan,nan,nan
nan,nan,nan,nan
nan,nan,nan,nan
nan,nan,nan,nan
nan,nan,nan,nan
nan,nan,nan,nan
nan,nan,nan,nan
nan,nan,nan,nan
nan,nan,nan,nan
nan,nan,nan,nan
nan,nan,nan,nan
nan,nan,nan,nan
nan,nan,nan,nan
nan,nan,nan,nan
nan,nan,nan,nan
nan,nan,nan,nan
nan,nan,nan,nan
nan,nan,nan,nan
nan,nan,nan,nan
nan,nan,nan,nan
nan,nan,nan,nan
nan,nan,nan,nan
nan,nan,nan,nan
nan,nan,nan,nan
nan,nan,nan,nan
nan,nan,nan,nan
nan,nan,nan,nan
nan,nan,nan,nan
nan,nan,nan,nan
nan,nan,nan,nan
nan,nan,nan,nan
nan,nan,nan,nan
nan,nan,nan,nan
nan,nan,nan,nan
nan,nan,nan,nan
nan,nan,nan,nan
nan,nan,nan,nan
nan,nan,nan,nan
nan,nan,nan,nan
nan,nan,nan,nan
nan,nan,nan,nan
nan,nan,nan,nan
nan,nan,nan,nan
nan,nan,nan,nan
nan,nan,nan,nan
nan,nan,nan,nan
nan,nan,nan,nan
nan,nan,nan,nan
nan,nan,nan,nan
nan,nan,nan,nan
nan,nan,nan,nan
nan,nan,nan,nan
nan,nan,nan,nan
nan,nan,nan,nan
nan,nan,nan,nan
nan,nan,nan,nan
nan,nan,nan,nan
nan,nan,nan,nan
nan,nan,nan,nan
nan,nan,nan,nan
nan,nan,nan,nan
nan,nan,nan,nan
nan,nan,nan,nan
nan,nan,nan,nan
nan,nan,nan,nan
nan,nan,nan,nan
nan,nan,nan,nan
nan,nan,nan,nan
nan,nan,nan,nan
nan,nan,nan,nan
nan,nan,nan,nan
nan,nan,nan,nan
nan,nan,nan,nan
nan,nan,nan,nan
nan,nan,nan,nan
nan,nan,nan,nan
nan,nan,nan,nan
nan,nan,nan,nan
nan,nan,nan,nan
nan,nan,nan,nan
nan,nan,nan,nan
nan,nan,nan,nan
nan,nan,nan,nan
nan,nan,nan,nan
nan,nan,nan,nan
nan,nan,nan,nan
nan,nan,nan,nan
nan,nan,nan,nan
nan,nan,nan,nan
nan,nan,nan,nan
nan,nan,nan,nan
nan,nan,nan,nan
nan,nan,nan,nan
nan,nan,nan,nan
nan,nan,nan,nan
nan,nan,nan,nan
nan,nan,nan,nan
nan,nan,nan,nan
nan,nan,nan,nan
nan,nan,nan,nan
nan,nan,nan,nan
nan,nan,nan,nan
nan,nan,nan,nan
nan,nan,nan,nan
nan,nan,nan,nan
nan,nan,nan,nan
nan,nan,nan,nan
nan,nan,nan,nan
nan,nan,nan,nan
nan,nan,nan,nan
nan,nan,nan,nan
nan,nan,nan,nan
nan,nan,nan,nan
nan,nan,nan,nan
nan,nan,nan,nan
nan,nan,nan,nan
nan,nan,nan,nan
nan,nan,nan,nan
nan,nan,nan,nan
nan,nan,nan,nan
nan,nan,nan,nan
nan,nan,nan,nan
nan,nan,nan,nan
nan,nan,nan,nan
nan,nan,nan,nan
nan,nan,nan,nan
nan,nan,nan,nan
nan,nan,nan,nan
nan,nan,nan,nan
nan,nan,nan,nan
nan,nan,nan,nan
nan,nan,nan,nan
nan,nan,nan,nan
nan,nan,nan,nan
nan,nan,nan,nan
nan,nan,nan,nan
nan,nan,nan,nan
nan,nan,nan,nan
nan,nan,nan,nan
nan,nan,nan,nan
nan,nan,nan,nan
nan,nan,nan,nan
nan,nan,nan,nan
nan,nan,nan,nan
nan,nan,nan,nan
nan,nan,nan,nan
nan,nan,nan,nan
nan,nan,nan,nan
nan,nan,nan,nan
nan,nan,nan,nan
nan,nan,nan,nan
716.75,385.72,40.826,39.625
717.0,386.0,41.0,40.0
716.0,389.0,41.0,40.0
715.0,392.0,41.0,40.0
716.0,395.0,41.0,40.0
717.0,398.0,41.0,40.0
719.0,399.0,41.0,40.0
721.0,401.0,41.0,40.0
721.0,404.0,41.0,40.0
720.0,407.0,41.0,40.0
720.0,410.0,41.0,40.0
714.35,401.33,54.034,55.235
715.0,402.0,54.0,55.0
716.0,403.0,54.0,55.0
716.0,404.0,54.0,55.0
716.0,405.0,54.0,55.0
716.0,406.0,54.0,55.0
717.0,407.0,54.0,55.0
720.0,408.0,54.0,55.0
720.35,384.52,70.844,80.45
723.0,387.0,71.0,80.0
726.0,389.0,71.0,80.0
728.0,392.0,71.0,80.0
731.0,395.0,71.0,80.0
734.76,394.12,75.647,84.053
737.0,395.0,76.0,84.0
740.0,394.0,76.0,84.0
742.0,392.0,76.0,84.0
745.0,388.0,76.0,84.0
750.0,383.0,76.0,84.0
759.0,377.0,76.0,84.0
765.0,375.0,76.0,84.0
772.0,373.0,76.0,84.0
784.0,368.0,76.0,84.0
792.0,367.0,76.0,84.0
798.0,367.0,76.0,84.0
805.0,371.0,76.0,84.0
811.0,377.0,76.0,84.0
818.0,385.0,76.0,84.0
824.0,392.0,76.0,84.0
826.0,395.0,76.0,84.0
827.0,401.0,76.0,84.0
827.0,405.0,76.0,84.0
828.0,406.0,76.0,84.0
830.0,406.0,76.0,84.0
832.0,406.0,76.0,84.0
836.0,406.0,76.0,84.0
847.63,398.92,76.848,93.659
853.0,398.0,77.0,94.0
858.0,397.0,77.0,94.0
862.0,396.0,77.0,94.0
862.0,391.0,81.0,99.0
864.0,387.0,81.0,99.0
866.0,382.0,81.0,99.0
865.0,378.0,85.0,104.0
869.0,376.0,79.0,98.0
868.0,375.0,79.0,98.0
866.0,375.0,79.0,98.0
864.0,375.0,79.0,98.0
862.0,375.0,79.0,98.0
856.0,375.0,79.0,98.0
856.0,376.0,79.0,98.0
855.0,376.0,79.0,98.0
855.0,377.0,79.0,98.0
856.0,377.0,79.0,98.0
857.0,378.0,79.0,98.0
858.0,378.0,79.0,98.0
859.0,378.0,79.0,98.0
860.0,377.0,79.0,98.0
862.0,376.0,79.0,98.0
863.0,375.0,79.0,98.0
863.0,374.0,79.0,98.0
863.0,373.0,79.0,98.0
862.0,372.0,79.0,98.0
863.0,372.0,79.0,98.0
864.0,371.0,79.0,98.0
865.0,371.0,79.0,98.0
866.0,370.0,79.0,98.0
867.0,370.0,79.0,98.0
868.0,370.0,79.0,98.0
869.0,367.0,79.0,98.0
870.0,366.0,79.0,98.0
872.0,366.0,77.0,96.0
869.0,366.0,77.0,96.0
867.0,365.0,77.0,96.0
865.0,364.0,77.0,96.0
862.0,364.0,77.0,96.0
861.0,364.0,77.0,96.0
861.0,364.0,77.0,96.0
859.0,364.0,77.0,96.0
859.0,365.0,77.0,96.0
859.0,365.0,77.0,96.0
859.0,365.0,77.0,96.0
858.0,365.0,77.0,96.0
857.0,365.0,77.0,96.0
855.0,365.0,77.0,96.0
851.0,366.0,77.0,96.0
850.0,365.0,77.0,96.0
850.0,365.0,77.0,96.0
850.0,365.0,77.0,96.0
850.0,365.0,77.0,96.0
850.0,365.0,77.0,96.0
851.0,365.0,77.0,96.0
851.0,366.0,77.0,96.0
852.0,367.0,77.0,96.0
853.0,368.0,77.0,96.0
854.0,368.0,77.0,96.0
854.0,367.0,77.0,96.0
853.0,367.0,77.0,96.0
852.0,367.0,77.0,96.0
851.0,367.0,77.0,96.0
850.0,366.0,77.0,96.0
849.0,366.0,77.0,96.0
848.0,366.0,77.0,96.0
845.0,365.0,77.0,96.0
844.0,365.0,77.0,96.0
844.0,365.0,77.0,96.0
844.0,365.0,77.0,96.0
842.0,367.0,77.0,96.0
842.0,367.0,77.0,96.0
842.0,367.0,77.0,96.0
842.0,367.0,77.0,96.0
842.0,367.0,77.0,96.0
842.0,367.0,77.0,96.0
838.0,367.0,77.0,96.0
837.0,367.0,77.0,96.0
836.0,367.0,77.0,96.0
835.0,367.0,77.0,96.0
835.0,367.0,77.0,96.0
834.0,367.0,77.0,96.0
834.0,367.0,77.0,96.0
834.0,367.0,77.0,96.0
834.0,365.0,77.0,96.0
834.0,365.0,77.0,96.0
834.0,365.0,77.0,96.0
834.0,365.0,77.0,96.0
834.0,365.0,77.0,96.0
834.0,365.0,77.0,96.0
834.0,365.0,77.0,96.0
833.0,366.0,75.0,94.0
833.0,366.0,75.0,94.0
833.0,366.0,75.0,94.0
833.0,366.0,75.0,94.0
833.0,366.0,75.0,94.0
833.0,368.0,73.0,92.0
833.0,368.0,73.0,92.0
833.0,368.0,73.0,92.0
833.0,368.0,73.0,92.0
832.0,368.0,73.0,92.0
832.0,368.0,73.0,92.0
832.0,368.0,73.0,92.0
832.0,368.0,73.0,92.0
832.0,368.0,73.0,92.0
831.0,369.0,73.0,92.0
831.0,369.0,73.0,92.0
831.0,369.0,73.0,92.0
831.0,369.0,73.0,92.0
829.0,369.0,73.0,92.0
829.0,369.0,73.0,92.0
829.0,369.0,73.0,92.0
828.0,369.0,73.0,92.0
828.0,369.0,73.0,92.0
828.0,369.0,73.0,92.0
828.0,369.0,73.0,92.0
827.0,369.0,73.0,92.0
827.0,369.0,73.0,92.0
827.0,369.0,73.0,92.0
827.0,369.0,73.0,92.0
827.0,369.0,73.0,92.0
827.0,369.0,73.0,92.0
824.0,369.0,73.0,92.0
824.0,369.0,73.0,92.0
823.0,369.0,73.0,92.0
823.0,369.0,73.0,92.0
823.0,369.0,73.0,92.0
823.0,369.0,73.0,92.0
823.0,369.0,73.0,92.0
821.0,369.0,73.0,92.0
821.0,369.0,73.0,92.0
819.0,369.0,73.0,92.0
819.0,369.0,73.0,92.0
819.0,369.0,73.0,92.0
819.0,369.0,73.0,92.0
819.0,370.0,73.0,92.0
819.0,370.0,73.0,92.0
819.0,370.0,73.0,92.0
819.0,370.0,73.0,92.0
819.0,370.0,73.0,92.0
819.0,370.0,73.0,92.0
817.0,370.0,73.0,92.0
817.0,370.0,73.0,92.0
817.0,370.0,73.0,92.0
817.0,370.0,73.0,92.0
817.0,370.0,73.0,92.0
817.0,370.0,73.0,92.0
817.0,371.0,73.0,92.0
815.0,371.0,73.0,92.0
815.0,371.0,73.0,92.0
815.0,371.0,73.0,92.0
815.0,371.0,73.0,92.0
815.0,374.0,73.0,92.0
815.0,374.0,73.0,92.0
816.0,376.0,71.0,90.0
816.0,376.0,71.0,90.0
816.0,376.0,71.0,90.0
815.0,377.0,71.0,90.0
815.0,377.0,71.0,90.0
815.0,377.0,71.0,90.0
815.0,377.0,71.0,90.0
815.0,377.0,71.0,90.0
815.0,377.0,71.0,90.0
814.0,380.0,71.0,90.0
813.0,380.0,71.0,90.0
813.0,380.0,71.0,90.0
813.0,380.0,71.0,90.0
813.0,380.0,71.0,90.0
813.0,380.0,71.0,90.0
813.0,380.0,71.0,90.0
813.0,380.0,71.0,90.0
813.0,380.0,71.0,90.0
813.0,380.0,71.0,90.0
813.0,380.0,71.0,90.0
813.0,380.0,71.0,90.0
813.0,380.0,71.0,90.0
813.0,380.0,71.0,90.0
813.0,380.0,71.0,90.0
813.0,380.0,71.0,90.0
813.0,381.0,71.0,90.0
813.0,381.0,71.0,90.0
813.0,381.0,71.0,90.0
813.0,381.0,71.0,90.0
813.0,382.0,71.0,90.0
813.0,382.0,71.0,90.0
813.0,382.0,71.0,90.0
813.0,382.0,71.0,90.0
813.0,382.0,71.0,90.0
813.0,382.0,71.0,90.0
811.0,382.0,71.0,90.0
811.0,382.0,71.0,90.0
811.0,382.0,71.0,90.0
811.0,382.0,71.0,90.0
811.0,382.0,71.0,90.0
811.0,382.0,71.0,90.0
811.0,382.0,71.0,90.0
811.0,382.0,71.0,90.0
811.0,382.0,71.0,90.0
811.0,382.0,71.0,90.0
811.0,382.0,71.0,90.0
811.0,382.0,71.0,90.0
810.0,382.0,71.0,90.0
809.0,382.0,71.0,90.0
809.0,382.0,71.0,90.0
809.0,382.0,71.0,90.0
809.0,382.0,71.0,90.0
809.0,382.0,71.0,90.0
809.0,382.0,71.0,90.0
809.0,382.0,71.0,90.0
809.0,382.0,71.0,90.0
809.0,382.0,71.0,90.0
809.0,382.0,71.0,90.0
809.0,382.0,71.0,90.0
809.0,382.0,71.0,90.0
809.0,382.0,71.0,90.0
809.0,382.0,71.0,90.0
809.0,382.0,71.0,90.0
809.0,382.0,71.0,90.0
809.0,382.0,71.0,90.0
809.0,382.0,71.0,90.0
809.0,382.0,71.0,90.0
809.0,382.0,71.0,90.0
809.0,382.0,71.0,90.0
809.0,382.0,71.0,90.0
809.0,382.0,71.0,90.0
809.0,382.0,71.0,90.0
809.0,382.0,71.0,90.0
809.0,382.0,71.0,90.0
809.0,382.0,71.0,90.0
809.0,382.0,71.0,90.0
809.0,382.0,71.0,90.0
809.0,382.0,71.0,90.0
809.0,387.0,71.0,90.0
809.0,387.0,71.0,90.0
811.0,388.0,71.0,90.0
814.0,388.0,71.0,90.0
814.0,388.0,71.0,90.0
814.0,388.0,71.0,90.0
815.0,388.0,71.0,90.0
815.0,389.0,71.0,90.0
815.0,389.0,71.0,90.0
815.0,389.0,71.0,90.0
815.0,389.0,71.0,90.0
815.0,390.0,71.0,90.0
815.0,390.0,71.0,90.0
815.0,390.0,71.0,90.0
815.0,390.0,71.0,90.0
815.0,390.0,71.0,90.0
815.0,392.0,71.0,90.0
815.0,392.0,71.0,90.0
815.0,392.0,71.0,90.0
815.0,392.0,71.0,90.0
813.0,392.0,71.0,90.0
813.0,393.0,71.0,90.0
813.0,393.0,71.0,90.0
813.0,393.0,71.0,90.0
813.0,393.0,71.0,90.0
813.0,393.0,71.0,90.0
813.0,393.0,71.0,90.0
813.0,393.0,71.0,90.0
813.0,393.0,71.0,90.0
813.0,393.0,71.0,90.0
813.0,393.0,71.0,90.0
815.0,394.0,71.0,90.0
815.0,394.0,71.0,90.0
815.0,394.0,71.0,90.0
815.0,394.0,71.0,90.0
815.0,394.0,71.0,90.0
815.0,394.0,71.0,90.0
815.0,394.0,71.0,90.0
818.0,394.0,71.0,90.0
818.0,394.0,71.0,90.0
818.0,394.0,71.0,90.0
818.0,394.0,71.0,90.0
818.0,394.0,71.0,90.0
818.0,394.0,71.0,90.0
818.0,394.0,71.0,90.0
818.0,394.0,71.0,90.0
818.0,394.0,71.0,90.0
820.0,396.0,71.0,90.0
820.0,396.0,71.0,90.0
820.0,396.0,71.0,90.0
819.0,397.0,71.0,90.0
819.0,397.0,71.0,90.0
819.0,400.0,71.0,90.0
819.0,401.0,71.0,90.0
819.0,401.0,71.0,90.0
819.0,402.0,71.0,90.0
819.0,402.0,71.0,90.0
820.0,402.0,71.0,90.0
839.22,400.12,61.238,85.253
855.0,392.0,61.0,85.0
865.0,387.0,61.0,85.0
869.0,386.0,61.0,85.0
877.0,383.0,61.0,85.0
884.0,381.0,61.0,85.0
889.0,381.0,61.0,85.0
894.0,381.0,61.0,85.0
902.0,380.0,61.0,85.0
909.0,379.0,61.0,85.0
910.0,379.0,61.0,85.0
909.0,380.0,61.0,85.0
910.0,379.0,61.0,85.0
911.0,379.0,61.0,85.0
913.0,378.0,61.0,85.0
916.0,376.0,61.0,85.0
917.0,375.0,61.0,85.0
917.0,374.0,61.0,85.0
918.0,372.0,61.0,85.0
920.0,369.0,61.0,85.0
922.0,367.0,61.0,85.0
928.08,389.32,58.837,56.435
931.0,388.0,59.0,56.0
934.0,388.0,59.0,56.0
935.0,389.0,59.0,56.0
935.0,389.0,59.0,56.0
934.0,391.0,57.0,54.0
933.0,392.0,57.0,54.0
931.0,392.0,57.0,54.0
928.0,393.0,57.0,54.0
927.0,394.0,57.0,54.0
927.0,394.0,57.0,54.0
927.0,395.0,57.0,54.0
928.0,395.0,57.0,54.0
930.0,395.0,57.0,54.0
933.0,395.0,57.0,54.0
936.0,395.0,57.0,54.0
939.0,395.0,57.0,54.0
941.0,395.0,57.0,54.0
942.0,397.0,57.0,54.0
942.0,398.0,57.0,54.0
942.0,400.0,57.0,54.0
942.0,402.0,57.0,54.0
940.0,403.0,57.0,54.0
939.0,402.0,57.0,54.0
938.0,401.0,57.0,54.0
936.48,409.73,51.632,49.231
936.0,409.0,52.0,49.0
936.0,408.0,52.0,49.0
937.0,407.0,52.0,49.0
939.0,407.0,52.0,49.0
941.0,406.0,52.0,49.0
942.0,406.0,52.0,49.0
945.0,406.0,52.0,49.0
947.0,406.0,52.0,49.0
949.0,406.0,52.0,49.0
951.0,406.0,52.0,49.0
952.0,406.0,52.0,49.0
953.0,406.0,52.0,49.0
954.0,407.0,52.0,49.0
954.0,408.0,52.0,49.0
953.0,408.0,52.0,49.0
952.0,408.0,52.0,49.0
950.0,407.0,52.0,49.0
947.0,406.0,52.0,49.0
943.0,406.0,52.0,49.0
939.0,406.0,52.0,49.0
936.0,406.0,52.0,49.0
934.0,406.0,52.0,49.0
933.0,406.0,52.0,49.0
933.0,406.0,52.0,49.0
933.0,405.0,52.0,49.0
933.0,405.0,52.0,49.0
934.0,404.0,52.0,49.0
935.0,403.0,52.0,49.0
935.0,403.0,52.0,49.0
935.0,403.0,52.0,49.0
935.0,402.0,52.0,49.0
935.0,401.0,52.0,49.0
935.0,401.0,52.0,49.0
935.0,401.0,52.0,49.0
935.0,400.0,52.0,49.0
937.0,399.0,52.0,49.0
937.0,399.0,52.0,49.0
937.0,399.0,52.0,49.0
937.0,399.0,52.0,49.0
937.0,399.0,52.0,49.0
937.0,399.0,52.0,49.0
937.0,400.0,52.0,49.0
937.0,401.0,52.0,49.0
938.0,402.0,52.0,49.0
939.0,403.0,52.0,49.0
936.48,372.51,51.632,78.049
932.0,374.0,52.0,78.0
917.27,374.91,67.242,73.246
909.0,375.0,71.0,77.0
889.66,378.51,84.053,64.841
881.0,378.0,88.0,68.0
874.0,371.0,88.0,68.0
871.0,372.0,88.0,68.0
870.0,372.0,88.0,68.0
868.0,372.0,88.0,68.0
865.0,375.0,88.0,68.0
866.84,376.11,70.844,68.443
859.0,379.0,71.0,68.0
848.83,388.12,73.246,58.837
843.0,393.0,73.0,59.0
836.0,397.0,73.0,59.0
825.0,410.0,73.0,59.0
818.0,414.0,73.0,59.0
800.8,426.54,63.64,50.432
781.0,437.0,67.0,53.0
770.0,443.0,67.0,53.0
764.0,447.0,67.0,53.0
755.0,457.0,67.0,53.0
749.97,467.37,73.246,56.435
756.0,471.0,77.0,59.0
763.0,490.0,77.0,59.0
748.37,493.78,100.86,69.644
746.77,490.18,115.27,68.443
761.0,494.0,115.0,68.0
751.57,492.58,152.5,75.647
763.0,485.0,152.0,76.0
753.97,479.37,181.31,72.045
767.0,479.0,181.0,72.0
785.0,475.0,181.0,72.0
796.0,463.0,181.0,72.0
804.0,461.0,181.0,72.0
804.0,458.0,190.0,76.0
803.0,451.0,200.0,80.0
807.0,451.0,200.0,80.0
807.0,465.0,200.0,80.0
799.0,477.0,200.0,80.0
785.0,480.0,210.0,84.0
785.0,490.0,210.0,84.0
778.0,469.0,210.0,84.0
779.0,464.0,210.0,84.0
777.0,463.0,210.0,84.0
772.0,457.0,210.0,84.0
770.0,454.0,210.0,84.0
769.0,458.0,210.0,84.0
766.38,452.76,204.13,99.662
759.0,448.0,204.0,100.0
760.0,451.0,204.0,100.0
755.0,453.0,204.0,100.0
752.17,461.36,196.92,86.454
748.0,461.0,197.0,86.0
738.0,458.0,197.0,86.0
727.96,442.35,193.32,111.67
702.0,436.0,193.0,112.0
681.93,434.95,186.12,115.27
653.0,435.0,186.0,115.0
630.0,438.0,186.0,115.0
607.0,441.0,186.0,115.0
586.0,448.0,186.0,115.0
574.0,452.0,186.0,115.0
564.0,454.0,186.0,115.0
559.0,455.0,186.0,115.0
547.0,460.0,186.0,115.0
537.0,463.0,186.0,115.0
529.0,463.0,186.0,115.0
525.0,465.0,186.0,115.0
520.0,465.0,186.0,115.0
519.0,465.0,186.0,115.0
517.0,465.0,186.0,115.0
516.0,465.0,186.0,115.0
514.0,465.0,186.0,115.0
513.0,465.0,186.0,115.0
523.43,462.56,158.5,120.08
526.0,459.0,158.0,120.0
530.0,457.0,158.0,120.0
541.44,428.94,150.09,147.69
546.0,426.0,150.0,148.0
557.0,424.0,150.0,148.0
591.87,420.54,129.68,127.28
604.0,413.0,130.0,127.0
637.5,401.33,105.67,133.28
642.0,399.0,106.0,133.0
644.0,396.0,106.0,133.0
644.0,385.0,106.0,133.0
667.52,360.5,87.655,144.09
669.0,358.0,88.0,144.0
679.52,356.9,76.848,115.27
687.0,370.0,77.0,115.0
688.0,366.0,77.0,115.0
688.0,367.0,77.0,115.0
692.0,369.0,77.0,115.0
696.0,369.0,77.0,115.0
698.0,368.0,77.0,115.0
703.0,367.0,77.0,115.0
705.0,366.0,77.0,115.0
706.0,363.0,77.0,115.0
708.0,357.0,77.0,115.0
712.0,352.0,77.0,115.0
716.0,350.0,77.0,115.0
711.94,349.69,74.447,102.06
714.0,343.0,74.0,102.0
713.0,335.0,74.0,102.0
717.0,330.0,74.0,102.0
729.96,329.28,62.439,92.458
740.0,329.0,62.0,92.0
753.97,330.48,57.636,72.045
767.0,331.0,58.0,72.0
788.0,331.0,58.0,72.0
812.0,330.0,58.0,72.0
833.0,329.0,58.0,72.0
858.44,331.68,31.22,67.242
878.0,332.0,31.0,67.0
902.86,331.68,38.424,72.045
927.0,331.0,38.0,72.0
951.0,331.0,38.0,72.0
972.51,347.29,34.822,69.644
975.0,347.0,35.0,70.0
976.0,348.0,35.0,70.0
978.0,349.0,35.0,70.0
976.0,350.0,35.0,70.0
972.0,350.0,35.0,70.0
nan,nan,nan,nan
nan,nan,nan,nan
nan,nan,nan,nan
nan,nan,nan,nan
nan,nan,nan,nan
nan,nan,nan,nan
nan,nan,nan,nan
nan,nan,nan,nan
nan,nan,nan,nan
nan,nan,nan,nan
nan,nan,nan,nan
nan,nan,nan,nan
673.52,344.89,63.64,86.454
667.0,346.0,64.0,86.0
660.0,347.0,64.0,86.0
650.0,350.0,64.0,86.0
640.0,352.0,64.0,86.0
631.0,354.0,64.0,86.0
623.0,355.0,64.0,86.0
614.0,353.0,64.0,86.0
606.0,353.0,64.0,86.0
599.0,354.0,64.0,86.0
592.0,355.0,64.0,86.0
587.0,356.0,64.0,86.0
585.0,356.0,64.0,86.0
585.0,356.0,64.0,86.0
585.0,356.0,64.0,86.0
584.0,357.0,64.0,86.0
582.0,357.0,64.0,86.0
580.0,357.0,64.0,86.0
577.0,357.0,64.0,86.0
574.0,358.0,64.0,86.0
569.0,359.0,64.0,86.0
563.0,359.0,64.0,86.0
559.0,360.0,64.0,86.0
555.0,360.0,64.0,86.0
555.04,359.3,48.03,79.25
550.0,359.0,48.0,79.0
546.0,360.0,48.0,79.0
541.0,357.0,48.0,79.0
537.0,359.0,46.0,75.0
532.0,360.0,46.0,75.0
520.0,370.0,46.0,75.0
513.0,376.0,46.0,75.0
504.0,372.0,52.0,83.0
497.0,373.0,52.0,83.0
486.2,368.91,63.64,91.257
480.0,368.0,64.0,91.0
473.0,366.0,64.0,91.0
465.0,364.0,64.0,91.0
457.0,362.0,64.0,91.0
448.0,355.0,64.0,91.0
445.0,353.0,64.0,91.0
441.0,352.0,64.0,91.0
436.0,352.0,64.0,91.0
430.0,353.0,64.0,91.0
426.17,350.89,42.026,82.852
422.0,352.0,42.0,83.0
421.0,352.0,42.0,83.0
421.0,351.0,42.0,83.0
nan,nan,nan,nan
nan,nan,nan,nan
nan,nan,nan,nan
nan,nan,nan,nan
nan,nan,nan,nan
nan,nan,nan,nan
nan,nan,nan,nan
nan,nan,nan,nan
nan,nan,nan,nan
nan,nan,nan,nan
nan,nan,nan,nan
nan,nan,nan,nan
nan,nan,nan,nan
nan,nan,nan,nan
nan,nan,nan,nan
nan,nan,nan,nan
nan,nan,nan,nan
nan,nan,nan,nan
nan,nan,nan,nan
nan,nan,nan,nan
nan,nan,nan,nan
nan,nan,nan,nan
nan,nan,nan,nan
nan,nan,nan,nan
nan,nan,nan,nan
nan,nan,nan,nan
nan,nan,nan,nan
427.37,322.08,46.829,69.644
426.17,322.08,50.432,72.045
427.0,321.0,50.0,72.0
430.0,321.0,50.0,72.0
430.0,322.0,50.0,72.0
432.0,323.0,50.0,72.0
432.0,325.0,50.0,72.0
433.0,319.0,50.0,72.0
431.0,322.0,53.0,76.0
431.0,322.0,53.0,76.0
430.0,322.0,53.0,76.0
434.0,321.0,53.0,76.0
434.0,321.0,53.0,76.0
435.0,321.0,53.0,76.0
435.0,320.0,53.0,76.0
435.0,317.0,53.0,76.0
434.0,311.0,53.0,76.0
434.0,309.0,53.0,76.0
437.0,306.0,53.0,76.0
437.0,307.0,53.0,76.0
437.0,308.0,53.0,76.0
437.0,309.0,53.0,76.0
440.0,309.0,53.0,76.0
440.0,308.0,53.0,76.0
438.17,307.67,73.246,99.662
438.0,308.0,73.0,100.0
439.0,308.0,73.0,100.0
438.0,307.0,73.0,100.0
438.0,306.0,73.0,100.0
422.56,305.27,88.856,100.86
422.0,304.0,89.0,101.0
421.0,303.0,89.0,101.0
420.0,301.0,89.0,101.0
420.0,299.0,89.0,101.0
421.0,293.0,89.0,101.0
422.0,291.0,89.0,101.0
424.0,291.0,89.0,101.0
426.0,291.0,89.0,101.0
427.0,292.0,89.0,101.0
428.0,292.0,89.0,101.0
429.0,289.0,89.0,101.0
430.0,289.0,89.0,101.0
431.0,288.0,89.0,101.0
432.0,288.0,89.0,101.0
433.0,288.0,89.0,101.0
434.0,288.0,89.0,101.0
437.0,287.0,89.0,101.0
438.0,286.0,89.0,101.0
439.0,286.0,89.0,101.0
442.0,287.0,89.0,101.0
444.0,287.0,89.0,101.0
447.0,287.0,89.0,101.0
450.0,287.0,89.0,101.0
451.0,287.0,89.0,101.0
452.0,287.0,89.0,101.0
453.0,287.0,89.0,101.0
454.0,287.0,89.0,101.0
455.0,287.0,89.0,101.0
456.0,288.0,89.0,101.0
456.0,288.0,89.0,101.0
457.0,288.0,89.0,101.0
458.0,290.0,89.0,101.0
459.0,290.0,89.0,101.0
460.0,290.0,89.0,101.0
460.0,290.0,89.0,101.0
460.0,290.0,89.0,101.0
460.0,290.0,89.0,101.0
460.0,290.0,89.0,101.0
460.0,290.0,89.0,101.0
460.0,290.0,89.0,101.0
460.0,290.0,89.0,101.0
460.0,290.0,89.0,101.0
460.0,290.0,89.0,101.0
460.0,290.0,89.0,101.0
460.0,290.0,89.0,101.0
460.0,290.0,89.0,101.0
460.0,290.0,89.0,101.0
460.0,290.0,89.0,101.0
461.0,290.0,89.0,101.0
462.0,290.0,89.0,101.0
463.0,290.0,89.0,101.0
464.0,291.0,89.0,101.0
465.0,291.0,89.0,101.0
465.0,291.0,89.0,101.0
465.0,291.0,89.0,101.0
465.0,291.0,89.0,101.0
465.0,291.0,89.0,101.0
465.0,291.0,89.0,101.0
466.0,291.0,89.0,101.0
466.0,291.0,89.0,101.0
470.0,292.0,89.0,101.0
470.0,292.0,89.0,101.0
477.8,293.26,84.053,94.859
478.0,293.0,84.0,95.0
479.0,290.0,84.0,95.0
479.0,290.0,84.0,95.0
479.0,290.0,84.0,95.0
479.0,289.0,84.0,95.0
479.0,289.0,84.0,95.0
479.0,289.0,84.0,95.0
479.0,289.0,84.0,95.0
478.0,288.0,84.0,95.0
478.0,288.0,84.0,95.0
478.0,288.0,84.0,95.0
478.0,287.0,84.0,95.0
478.0,287.0,84.0,95.0
478.0,287.0,84.0,95.0
478.0,287.0,84.0,95.0
478.0,287.0,84.0,95.0
480.0,287.0,84.0,95.0
481.0,287.0,84.0,95.0
481.0,287.0,84.0,95.0
482.0,287.0,84.0,95.0
482.0,287.0,84.0,95.0
482.0,287.0,84.0,95.0
482.0,287.0,84.0,95.0
484.0,288.0,84.0,95.0
484.0,288.0,84.0,95.0
485.0,288.0,84.0,95.0
485.0,288.0,84.0,95.0
485.0,288.0,84.0,95.0
485.0,288.0,84.0,95.0
485.0,288.0,84.0,95.0
486.0,288.0,84.0,95.0
486.0,288.0,84.0,95.0
486.0,288.0,84.0,95.0
487.0,288.0,84.0,95.0
487.0,288.0,84.0,95.0
487.0,288.0,84.0,95.0
487.0,288.0,84.0,95.0
487.0,288.0,84.0,95.0
479.0,291.66,91.257,91.257
479.0,291.0,91.0,91.0
479.0,291.0,91.0,91.0
480.0,291.0,91.0,91.0
480.0,291.0,91.0,91.0
480.0,291.0,91.0,91.0
479.0,290.0,91.0,91.0
477.0,289.0,91.0,91.0
475.4,299.26,69.644,68.443
473.0,293.0,70.0,68.0
470.0,296.0,64.0,62.0
473.0,307.0,44.0,42.0
nan,nan,nan,nan
nan,nan,nan,nan
nan,nan,nan,nan
nan,nan,nan,nan
nan,nan,nan,nan
nan,nan,nan,nan
nan,nan,nan,nan
nan,nan,nan,nan
nan,nan,nan,nan
nan,nan,nan,nan
nan,nan,nan,nan
nan,nan,nan,nan
nan,nan,nan,nan
nan,nan,nan,nan
nan,nan,nan,nan
nan,nan,nan,nan
nan,nan,nan,nan
nan,nan,nan,nan
nan,nan,nan,nan
nan,nan,nan,nan
nan,nan,nan,nan
nan,nan,nan,nan
nan,nan,nan,nan
nan,nan,nan,nan
nan,nan,nan,nan
nan,nan,nan,nan
nan,nan,nan,nan
nan,nan,nan,nan
nan,nan,nan,nan
nan,nan,nan,nan
nan,nan,nan,nan
nan,nan,nan,nan
nan,nan,nan,nan
nan,nan,nan,nan
nan,nan,nan,nan
nan,nan,nan,nan
nan,nan,nan,nan
nan,nan,nan,nan
nan,nan,nan,nan
nan,nan,nan,nan
nan,nan,nan,nan
nan,nan,nan,nan
nan,nan,nan,nan
nan,nan,nan,nan
nan,nan,nan,nan
nan,nan,nan,nan
nan,nan,nan,nan
nan,nan,nan,nan
nan,nan,nan,nan
nan,nan,nan,nan
nan,nan,nan,nan
nan,nan,nan,nan
nan,nan,nan,nan
nan,nan,nan,nan
nan,nan,nan,nan
nan,nan,nan,nan
nan,nan,nan,nan
nan,nan,nan,nan
nan,nan,nan,nan
nan,nan,nan,nan
nan,nan,nan,nan
nan,nan,nan,nan
nan,nan,nan,nan
nan,nan,nan,nan
nan,nan,nan,nan
nan,nan,nan,nan
nan,nan,nan,nan
nan,nan,nan,nan
nan,nan,nan,nan
nan,nan,nan,nan
nan,nan,nan,nan
nan,nan,nan,nan
nan,nan,nan,nan
nan,nan,nan,nan
nan,nan,nan,nan
nan,nan,nan,nan
nan,nan,nan,nan
nan,nan,nan,nan
nan,nan,nan,nan
nan,nan,nan,nan
nan,nan,nan,nan
nan,nan,nan,nan
nan,nan,nan,nan
nan,nan,nan,nan
nan,nan,nan,nan
nan,nan,nan,nan
nan,nan,nan,nan
nan,nan,nan,nan
nan,nan,nan,nan
nan,nan,nan,nan
nan,nan,nan,nan
nan,nan,nan,nan
nan,nan,nan,nan
nan,nan,nan,nan
nan,nan,nan,nan
nan,nan,nan,nan
nan,nan,nan,nan
nan,nan,nan,nan
nan,nan,nan,nan
nan,nan,nan,nan
nan,nan,nan,nan
nan,nan,nan,nan
nan,nan,nan,nan
nan,nan,nan,nan
nan,nan,nan,nan
nan,nan,nan,nan
nan,nan,nan,nan
nan,nan,nan,nan
nan,nan,nan,nan
nan,nan,nan,nan
nan,nan,nan,nan
nan,nan,nan,nan
nan,nan,nan,nan
nan,nan,nan,nan
nan,nan,nan,nan
nan,nan,nan,nan
nan,nan,nan,nan
nan,nan,nan,nan
nan,nan,nan,nan
nan,nan,nan,nan
nan,nan,nan,nan
nan,nan,nan,nan
nan,nan,nan,nan
nan,nan,nan,nan
nan,nan,nan,nan
nan,nan,nan,nan
nan,nan,nan,nan
nan,nan,nan,nan
nan,nan,nan,nan
nan,nan,nan,nan
nan,nan,nan,nan
nan,nan,nan,nan
nan,nan,nan,nan
nan,nan,nan,nan
nan,nan,nan,nan
nan,nan,nan,nan
nan,nan,nan,nan
nan,nan,nan,nan
nan,nan,nan,nan
nan,nan,nan,nan
nan,nan,nan,nan
nan,nan,nan,nan
nan,nan,nan,nan
nan,nan,nan,nan
nan,nan,nan,nan
nan,nan,nan,nan
nan,nan,nan,nan
nan,nan,nan,nan
nan,nan,nan,nan
nan,nan,nan,nan
nan,nan,nan,nan
nan,nan,nan,nan
nan,nan,nan,nan
nan,nan,nan,nan
nan,nan,nan,nan
nan,nan,nan,nan
nan,nan,nan,nan
nan,nan,nan,nan
nan,nan,nan,nan
nan,nan,nan,nan
nan,nan,nan,nan
nan,nan,nan,nan
nan,nan,nan,nan
nan,nan,nan,nan
nan,nan,nan,nan
nan,nan,nan,nan
nan,nan,nan,nan
nan,nan,nan,nan
nan,nan,nan,nan
nan,nan,nan,nan
nan,nan,nan,nan
nan,nan,nan,nan
nan,nan,nan,nan
nan,nan,nan,nan
nan,nan,nan,nan
nan,nan,nan,nan
nan,nan,nan,nan
nan,nan,nan,nan
nan,nan,nan,nan
nan,nan,nan,nan
nan,nan,nan,nan
nan,nan,nan,nan
nan,nan,nan,nan
nan,nan,nan,nan
nan,nan,nan,nan
nan,nan,nan,nan
nan,nan,nan,nan
nan,nan,nan,nan
nan,nan,nan,nan
nan,nan,nan,nan
nan,nan,nan,nan
nan,nan,nan,nan
nan,nan,nan,nan
nan,nan,nan,nan
nan,nan,nan,nan
nan,nan,nan,nan
nan,nan,nan,nan
nan,nan,nan,nan
nan,nan,nan,nan
nan,nan,nan,nan
nan,nan,nan,nan
nan,nan,nan,nan
nan,nan,nan,nan
nan,nan,nan,nan
617.09,311.27,30.019,39.625
613.0,309.0,32.0,42.0
603.0,309.0,34.0,44.0
588.27,316.07,58.837,45.629
578.66,314.87,69.644,46.829
573.0,316.0,70.0,47.0
563.0,323.0,70.0,47.0
557.0,331.0,70.0,47.0
555.0,337.0,70.0,47.0
554.0,349.0,70.0,47.0
555.0,355.0,70.0,47.0
555.0,354.0,70.0,47.0
559.0,355.0,70.0,47.0
546.24,359.3,76.848,58.837
553.0,366.0,77.0,59.0
533.03,374.91,92.458,52.833
528.0,374.0,92.0,53.0
520.0,376.0,92.0,53.0
499.42,370.11,106.87,58.837
487.0,363.0,107.0,59.0
477.0,361.0,107.0,59.0
444.18,360.5,138.09,60.038
436.0,358.0,138.0,60.0
414.0,344.0,138.0,60.0
368.53,330.48,146.49,74.447
342.0,329.0,146.0,74.0
330.0,329.0,146.0,74.0
308.0,329.0,146.0,74.0
279.0,331.0,146.0,74.0
257.0,332.0,146.0,74.0
236.45,334.08,151.29,85.253
210.0,338.0,151.0,85.0
205.0,338.0,149.0,83.0
206.0,338.0,149.0,83.0
204.0,339.0,149.0,83.0
202.0,342.0,149.0,83.0
204.0,343.0,149.0,83.0
214.0,344.0,149.0,83.0
226.0,345.0,149.0,83.0
237.0,352.0,149.0,83.0
250.0,354.0,149.0,83.0
265.0,356.0,149.0,83.0
283.0,361.0,149.0,83.0
294.0,369.0,149.0,83.0
306.0,378.0,149.0,83.0
318.0,387.0,149.0,83.0
327.0,390.0,149.0,83.0
335.0,393.0,149.0,83.0
343.0,396.0,149.0,83.0
353.0,397.0,149.0,83.0
358.0,401.0,149.0,83.0
379.34,402.53,135.68,84.053
387.0,404.0,136.0,84.0
394.0,404.0,136.0,84.0
399.0,404.0,136.0,84.0
403.0,404.0,136.0,84.0
405.0,404.0,136.0,84.0
407.0,404.0,136.0,84.0
409.0,405.0,136.0,84.0
411.0,406.0,136.0,84.0
413.0,408.0,136.0,84.0
416.0,412.0,136.0,84.0
417.0,415.0,136.0,84.0
421.0,419.0,136.0,84.0
427.0,429.0,132.0,80.0
429.0,431.0,132.0,80.0
431.0,432.0,132.0,80.0
434.0,433.0,132.0,80.0
442.0,433.0,132.0,80.0
448.0,433.0,132.0,80.0
451.0,433.0,132.0,80.0
453.0,433.0,132.0,80.0
461.0,433.0,132.0,80.0
468.0,433.0,132.0,80.0
474.0,434.0,132.0,80.0
477.0,435.0,132.0,80.0
478.0,435.0,132.0,80.0
480.0,436.0,132.0,80.0
483.0,437.0,132.0,80.0
486.0,438.0,132.0,80.0
486.0,440.0,132.0,80.0
486.0,445.0,132.0,80.0
486.0,449.0,132.0,80.0
488.0,449.0,132.0,80.0
490.0,451.0,132.0,80.0
491.0,452.0,132.0,80.0
491.0,453.0,132.0,80.0
490.0,455.0,132.0,80.0
491.0,456.0,132.0,80.0
494.0,459.0,132.0,80.0
495.0,462.0,132.0,80.0
497.0,465.0,132.0,80.0
499.0,467.0,132.0,80.0
500.0,468.0,132.0,80.0
502.0,469.0,132.0,80.0
507.0,470.0,132.0,80.0
512.0,469.0,132.0,80.0
515.0,468.0,132.0,80.0
517.0,467.0,132.0,80.0
520.0,467.0,132.0,80.0
528.0,467.0,132.0,80.0
534.0,467.0,132.0,80.0
539.0,466.0,132.0,80.0
545.0,465.0,132.0,80.0
554.0,465.0,132.0,80.0
563.0,466.0,132.0,80.0
571.0,467.0,132.0,80.0
579.0,468.0,132.0,80.0
584.0,469.0,132.0,80.0
589.0,469.0,132.0,80.0
594.0,469.0,132.0,80.0
597.0,467.0,132.0,80.0
599.0,464.0,132.0,80.0
597.87,444.55,130.88,99.662
600.0,442.0,131.0,100.0
601.0,439.0,131.0,100.0
604.0,435.0,131.0,100.0
607.0,429.0,131.0,100.0
608.0,418.0,131.0,100.0
608.0,404.0,131.0,100.0
608.0,391.0,131.0,100.0
608.0,377.0,131.0,100.0
608.0,367.0,131.0,100.0
609.88,359.3,135.68,94.859
606.0,356.0,136.0,95.0
601.0,354.0,136.0,95.0
592.0,351.0,136.0,95.0
590.0,348.0,136.0,95.0
589.0,345.0,136.0,95.0
586.0,343.0,136.0,95.0
591.87,344.89,121.28,88.856
600.0,345.0,121.0,89.0
609.0,348.0,121.0,89.0
611.0,348.0,121.0,89.0
629.0,349.0,121.0,89.0
633.9,350.89,134.48,76.848
644.0,352.0,134.0,77.0
655.0,352.0,134.0,77.0
674.72,354.5,159.7,79.25
699.0,360.0,160.0,79.0
735.0,370.0,152.0,75.0
750.0,370.0,152.0,75.0
757.0,374.0,160.0,79.0
760.0,383.0,160.0,79.0
760.0,383.0,160.0,79.0
763.0,387.0,160.0,79.0
763.0,390.0,160.0,79.0
755.0,389.0,160.0,79.0
758.0,400.0,152.0,75.0
759.0,409.0,152.0,75.0
756.0,407.0,152.0,75.0
738.36,396.52,175.31,88.856
737.0,405.0,175.0,89.0
723.0,412.0,175.0,89.0
710.0,410.0,175.0,89.0
704.0,412.0,175.0,89.0
699.0,417.0,175.0,89.0
675.0,425.0,175.0,89.0
662.0,427.0,175.0,89.0
658.0,426.0,175.0,89.0
659.0,429.0,175.0,89.0
657.0,431.0,175.0,89.0
646.0,432.0,175.0,89.0
640.0,434.0,175.0,89.0
628.0,435.0,175.0,89.0
617.0,437.0,175.0,89.0
610.0,439.0,175.0,89.0
603.0,438.0,175.0,89.0
608.68,433.75,159.7,111.67
599.0,433.0,160.0,112.0
590.0,432.0,160.0,112.0
587.0,431.0,160.0,112.0
586.0,432.0,160.0,112.0
584.0,432.0,160.0,112.0
580.0,433.0,160.0,112.0
572.0,433.0,160.0,112.0
571.0,432.0,160.0,112.0
573.0,430.0,160.0,112.0
576.0,428.0,160.0,112.0
580.0,426.0,160.0,112.0
585.0,423.0,160.0,112.0
588.0,420.0,160.0,112.0
591.0,418.0,160.0,112.0
597.0,415.0,160.0,112.0
606.0,412.0,160.0,112.0
616.0,407.0,160.0,112.0
623.0,405.0,160.0,112.0
625.0,404.0,160.0,112.0
627.0,403.0,160.0,112.0
631.0,402.0,160.0,112.0
635.0,400.0,160.0,112.0
638.0,399.0,160.0,112.0
640.0,399.0,160.0,112.0
641.0,400.0,160.0,112.0
659.11,398.92,152.5,108.07
661.0,400.0,152.0,108.0
663.0,401.0,152.0,108.0
665.0,402.0,152.0,108.0
669.0,402.0,152.0,108.0
682.0,402.0,152.0,108.0
692.0,402.0,152.0,108.0
699.0,402.0,152.0,108.0
711.0,401.0,152.0,108.0
720.0,400.0,152.0,108.0
741.96,401.33,135.68,94.859
745.0,401.0,136.0,95.0
748.0,400.0,136.0,95.0
751.0,398.0,136.0,95.0
752.0,397.0,136.0,95.0
754.0,397.0,136.0,95.0
757.0,396.0,136.0,95.0
765.0,396.0,136.0,95.0
771.0,398.0,136.0,95.0
775.0,399.0,136.0,95.0
777.0,401.0,136.0,95.0
781.0,401.0,136.0,95.0
783.0,401.0,136.0,95.0
784.0,401.0,136.0,95.0
785.0,401.0,136.0,95.0
785.0,401.0,136.0,95.0
785.0,400.0,136.0,95.0
791.0,398.0,136.0,95.0
794.0,396.0,136.0,95.0
797.0,393.0,136.0,95.0
801.0,391.0,136.0,95.0
804.0,389.0,136.0,95.0
812.0,384.0,136.0,95.0
816.0,380.0,136.0,95.0
824.0,374.0,136.0,95.0
828.0,370.0,136.0,95.0
829.0,370.0,136.0,95.0
827.0,369.0,136.0,95.0
820.0,369.0,136.0,95.0
811.0,370.0,136.0,95.0
834.42,374.91,100.86,87.655
843.0,386.0,99.0,86.0
856.03,400.53,96.06,74.447
857.0,403.0,96.0,74.0
865.0,402.0,96.0,74.0
870.0,401.0,96.0,74.0
877.65,396.52,88.856,86.454
879.0,397.0,89.0,86.0
868.04,397.52,115.27,84.053
862.0,398.0,115.0,84.0
844.03,397.72,146.49,86.454
826.0,398.0,154.0,91.0
810.0,401.0,154.0,91.0
790.0,394.0,154.0,91.0
769.58,392.92,169.31,94.859
747.0,401.0,178.0,100.0
733.0,398.0,178.0,100.0
724.0,391.0,178.0,100.0
725.0,389.0,178.0,100.0
720.35,395.32,182.51,99.662
708.0,394.0,183.0,100.0
690.33,396.52,172.91,102.06
671.0,404.0,173.0,102.0
661.0,397.0,173.0,102.0
651.0,395.0,173.0,102.0
636.0,398.0,173.0,102.0
620.0,400.0,173.0,102.0
595.47,394.12,165.7,106.87
570.0,402.0,170.0,108.0
552.24,400.12,152.5,99.662
524.0,393.0,160.0,105.0
503.01,389.32,134.48,90.056
480.0,389.0,134.0,90.0
461.0,380.0,134.0,90.0
447.0,372.0,134.0,90.0
438.0,370.0,134.0,90.0
424.0,358.0,134.0,90.0
419.0,347.0,132.0,88.0
409.36,341.29,110.47,90.056
393.0,338.0,110.0,90.0
382.94,336.48,106.87,80.45
370.0,327.0,107.0,80.0
361.0,327.0,107.0,80.0
352.0,322.0,107.0,80.0
346.92,322.08,78.049,90.056
340.0,322.0,78.0,90.0
325.0,317.0,78.0,90.0
317.0,317.0,78.0,90.0
311.0,318.0,78.0,90.0
304.0,318.0,78.0,90.0
297.0,318.0,78.0,90.0
292.0,319.0,78.0,90.0
291.0,320.0,78.0,90.0
291.0,321.0,78.0,90.0
292.0,323.0,78.0,90.0
292.0,325.0,78.0,90.0
293.0,328.0,78.0,90.0
294.0,329.0,78.0,90.0
293.0,330.0,78.0,90.0
291.0,330.0,78.0,90.0
289.0,331.0,78.0,90.0
284.0,331.0,78.0,90.0
282.0,335.0,78.0,90.0
277.0,336.0,78.0,90.0
270.0,336.0,78.0,90.0
257.0,335.0,78.0,90.0
242.0,333.0,78.0,90.0
229.0,330.0,78.0,90.0
207.0,326.0,78.0,90.0
176.0,321.0,78.0,90.0
154.0,320.0,78.0,90.0
129.0,323.0,78.0,90.0
107.0,325.0,78.0,90.0
95.0,328.0,78.0,90.0
81.0,330.0,78.0,90.0
68.0,332.0,78.0,90.0
54.0,335.0,78.0,90.0
25.0,340.0,78.0,90.0
1.0,341.0,78.0,90.0
2.3011,341.29,46.829,85.253
1.0,340.0,31.0,85.0
1.0,341.0,17.0,85.0
nan,nan,nan,nan
nan,nan,nan,nan
nan,nan,nan,nan
nan,nan,nan,nan
nan,nan,nan,nan
nan,nan,nan,nan
nan,nan,nan,nan
nan,nan,nan,nan
nan,nan,nan,nan
nan,nan,nan,nan
nan,nan,nan,nan
nan,nan,nan,nan
nan,nan,nan,nan
nan,nan,nan,nan
nan,nan,nan,nan
nan,nan,nan,nan
nan,nan,nan,nan
nan,nan,nan,nan
nan,nan,nan,nan
nan,nan,nan,nan
nan,nan,nan,nan
9.5056,312.47,96.06,96.06
65.0,307.0,101.0,101.0
124.0,300.0,101.0,101.0
168.0,303.0,101.0,101.0
211.23,312.47,81.651,92.458
237.0,314.0,82.0,92.0
265.0,320.0,82.0,92.0
288.0,324.0,82.0,92.0
306.0,323.0,82.0,92.0
319.0,318.0,82.0,92.0
326.0,317.0,82.0,92.0
335.0,319.0,82.0,92.0
352.92,322.08,67.242,92.458
360.0,324.0,67.0,92.0
370.0,324.0,67.0,92.0
382.0,325.0,67.0,92.0
396.0,326.0,67.0,92.0
408.0,325.0,67.0,92.0
420.16,319.67,70.844,98.462
431.0,318.0,71.0,98.0
436.97,312.47,91.257,91.257
443.0,310.0,91.0,91.0
444.0,304.0,91.0,91.0
443.0,298.0,91.0,91.0
442.0,299.0,91.0,91.0
434.0,297.0,91.0,91.0
428.0,295.0,91.0,91.0
429.77,301.66,91.257,81.651
425.0,298.0,91.0,82.0
419.0,291.0,91.0,82.0
422.0,282.0,91.0,82.0
414.0,279.0,91.0,82.0
407.0,276.0,91.0,82.0
404.55,272.85,98.462,69.644
402.0,275.0,98.0,70.0
406.0,277.0,98.0,70.0
397.55,277.65,124.88,73.246
402.0,286.0,125.0,73.0
399.75,302.86,135.68,61.238
424.0,309.0,136.0,61.0
429.0,317.0,143.0,64.0
441.0,317.0,143.0,64.0
445.0,314.0,150.0,67.0
454.0,311.0,150.0,67.0
464.0,317.0,150.0,67.0
463.0,319.0,150.0,67.0
455.0,319.0,150.0,67.0
450.0,321.0,150.0,67.0
435.0,326.0,158.0,70.0
428.0,335.0,158.0,70.0
420.0,329.0,158.0,70.0
410.0,324.0,158.0,70.0
409.0,325.0,158.0,70.0
417.0,334.0,158.0,70.0
427.0,339.0,158.0,70.0
434.0,336.0,158.0,70.0
435.0,338.0,158.0,70.0
445.38,341.29,164.5,79.25
463.0,342.0,165.0,79.0
492.0,344.0,165.0,79.0
522.0,351.0,165.0,79.0
547.0,352.0,165.0,79.0
539.04,355.7,196.92,86.454
552.0,363.0,207.0,91.0
582.0,361.0,207.0,91.0
609.0,348.0,207.0,91.0
653.11,343.69,190.92,94.859
682.0,349.0,185.0,89.0
704.0,350.0,185.0,89.0
725.0,347.0,185.0,89.0
748.0,347.0,185.0,89.0
782.0,348.0,185.0,89.0
810.0,358.0,185.0,89.0
852.43,360.5,165.7,97.261
875.0,359.0,166.0,97.0
922.08,364.1,139.29,94.859
944.0,371.0,144.0,98.0
954.0,373.0,144.0,98.0
969.0,369.0,144.0,98.0
972.0,370.0,144.0,98.0
971.0,367.0,144.0,98.0
970.0,367.0,144.0,98.0
982.52,365.3,123.68,98.462
978.0,364.0,124.0,98.0
971.0,364.0,124.0,98.0
963.0,364.0,124.0,98.0
960.0,365.0,124.0,98.0
960.0,367.0,124.0,98.0
964.0,369.0,124.0,98.0
975.0,370.0,124.0,98.0
1000.0,368.0,124.0,98.0
1028.0,365.0,124.0,98.0
1051.0,364.0,124.0,98.0
1072.0,356.9,120.08,106.87
1088.0,357.0,120.0,107.0
1106.0,357.0,120.0,107.0
1137.0,354.0,120.0,107.0
1161.0,344.89,111.67,116.47
1170.0,344.0,110.0,116.0
1177.0,343.0,103.0,116.0
1185.0,341.29,95.0,117.67
1190.0,343.0,90.0,118.0
1191.0,349.69,88.856,115.27
1187.0,352.0,89.0,115.0
1177.8,355.7,102.06,112.87
1167.0,358.0,102.0,113.0
1156.2,362.9,114.07,111.67
1143.0,366.0,114.0,112.0
1133.0,368.0,114.0,112.0
1126.0,370.0,114.0,112.0
1122.0,371.0,114.0,112.0
1117.0,372.0,114.0,112.0
1104.0,373.0,114.0,112.0
1097.0,373.0,114.0,112.0
1096.0,372.0,114.0,112.0
1095.0,370.0,114.0,112.0
1095.0,369.0,114.0,112.0
1094.0,369.0,114.0,112.0
1094.0,369.0,114.0,112.0
1094.0,369.0,114.0,112.0
1095.0,369.0,114.0,112.0
1096.0,369.0,114.0,112.0
1097.0,369.0,114.0,112.0
1098.0,370.0,114.0,112.0
1099.0,371.0,114.0,112.0
1100.0,372.0,114.0,112.0
1102.0,373.0,114.0,112.0
1105.0,373.0,114.0,112.0
1109.0,373.0,114.0,112.0
1111.0,373.0,114.0,112.0
1118.0,373.0,114.0,112.0
1119.0,373.0,114.0,112.0
1118.0,374.0,114.0,112.0
1114.0,375.0,114.0,112.0
1106.0,375.0,114.0,112.0
1096.0,374.0,114.0,112.0
1085.0,372.0,114.0,112.0
1076.0,372.0,114.0,112.0
1065.0,370.0,114.0,112.0
1053.0,369.0,114.0,112.0
1042.0,368.0,114.0,112.0
1033.0,367.0,114.0,112.0
1026.0,365.0,114.0,112.0
1021.0,363.0,114.0,112.0
1018.0,360.0,114.0,112.0
1015.0,358.0,114.0,112.0
1014.0,357.0,114.0,112.0
1015.0,356.0,114.0,112.0
1013.0,351.0,114.0,112.0
1014.0,350.0,114.0,112.0
1015.0,349.0,114.0,112.0
1015.0,349.0,114.0,112.0
1014.0,345.0,114.0,112.0
1012.0,345.0,114.0,112.0
1010.0,345.0,114.0,112.0
1008.0,345.0,114.0,112.0
1005.0,344.0,114.0,112.0
1002.0,343.0,114.0,112.0
1000.0,340.0,114.0,112.0
998.0,338.0,114.0,112.0
997.0,336.0,114.0,112.0
993.0,335.0,114.0,112.0
992.0,334.0,114.0,112.0
991.0,333.0,114.0,112.0
991.0,332.0,114.0,112.0
990.0,331.0,114.0,112.0
988.0,328.0,114.0,112.0
987.0,327.0,114.0,112.0
986.0,327.0,114.0,112.0
982.0,324.0,114.0,112.0
979.0,324.0,114.0,112.0
977.0,324.0,114.0,112.0
972.0,322.0,114.0,112.0
970.0,321.0,114.0,112.0
969.0,318.0,114.0,112.0
968.0,317.0,114.0,112.0
968.0,316.0,114.0,112.0
968.0,315.0,114.0,112.0
968.0,314.0,114.0,112.0
968.0,313.0,114.0,112.0
969.0,310.0,114.0,112.0
969.0,308.0,114.0,112.0
970.0,306.0,114.0,112.0
971.0,305.0,114.0,112.0
972.0,304.0,114.0,112.0
973.0,304.0,114.0,112.0
974.0,303.0,114.0,112.0
979.0,304.0,114.0,112.0
990.0,304.0,114.0,112.0
1001.0,305.0,114.0,112.0
1012.0,309.0,114.0,112.0
1023.0,310.0,114.0,112.0
1041.0,310.0,114.0,112.0
1054.0,310.0,114.0,112.0
1064.0,311.0,114.0,112.0
1072.0,311.0,114.0,112.0
1078.0,312.0,114.0,112.0
1080.0,313.0,114.0,112.0
1081.0,313.0,114.0,112.0
1082.0,312.0,114.0,112.0
1083.0,311.0,114.0,112.0
1083.0,310.0,114.0,112.0
1082.0,309.0,114.0,112.0
1080.0,309.0,114.0,112.0
1077.0,309.0,114.0,112.0
1074.0,309.0,114.0,112.0
1071.0,308.0,114.0,112.0
1069.0,307.0,114.0,112.0
1067.0,307.0,114.0,112.0
1066.0,307.0,114.0,112.0
1066.0,306.0,114.0,112.0
1068.0,305.0,114.0,112.0
1069.0,304.0,114.0,112.0
1070.0,304.0,114.0,112.0
1071.0,304.0,114.0,112.0
1072.0,304.0,114.0,112.0
1072.0,304.0,114.0,112.0
1072.0,304.0,114.0,112.0
1072.0,304.0,114.0,112.0
1073.0,303.0,114.0,112.0
1074.0,303.0,114.0,112.0
1075.0,303.0,114.0,112.0
1076.0,303.0,114.0,112.0
1081.0,302.0,114.0,112.0
1082.0,302.0,114.0,112.0
1080.0,302.0,114.0,112.0
1076.0,303.0,114.0,112.0
1068.0,305.0,114.0,112.0
1050.6,295.66,105.67,128.48
1023.0,290.0,106.0,128.0
988.12,282.45,123.68,132.08
948.49,280.05,152.5,134.48
922.0,275.0,152.0,134.0
892.06,277.65,156.1,126.08
872.0,280.0,156.0,126.0
836.82,293.26,163.3,106.87
796.0,320.88,188.52,76.848
778.0,321.0,189.0,77.0
745.57,330.48,162.1,68.443
717.0,340.0,170.0,72.0
680.0,353.0,170.0,72.0
657.0,353.0,170.0,72.0
631.0,363.0,170.0,72.0
605.0,375.0,170.0,72.0
576.0,380.0,170.0,72.0
553.0,389.0,170.0,72.0
513.82,396.52,192.12,72.045
493.0,394.0,202.0,76.0
453.0,385.0,202.0,76.0
425.0,388.0,202.0,76.0
404.55,380.91,199.32,87.655
385.0,372.0,199.0,88.0
361.0,371.0,199.0,88.0
337.0,374.0,199.0,88.0
324.0,367.0,199.0,88.0
316.0,362.0,199.0,88.0
309.69,347.29,194.52,105.67
306.0,348.0,195.0,106.0
302.0,348.0,195.0,106.0
307.29,343.69,174.11,102.06
311.0,340.0,174.0,102.0
309.0,340.0,174.0,102.0
318.1,331.68,153.7,109.27
321.0,330.0,154.0,109.0
326.0,325.0,154.0,109.0
329.0,325.0,154.0,109.0
332.0,325.0,154.0,109.0
332.0,325.0,154.0,109.0
331.0,325.0,154.0,109.0
326.5,320.88,144.09,120.08
321.0,320.0,144.0,120.0
312.0,319.0,144.0,120.0
303.0,318.0,144.0,120.0
300.0,317.0,144.0,120.0
298.0,316.0,144.0,120.0
297.0,314.0,144.0,120.0
300.0,311.0,144.0,120.0
302.0,310.0,144.0,120.0
307.0,309.0,144.0,120.0
316.0,309.0,144.0,120.0
324.0,308.0,144.0,120.0
330.0,307.0,144.0,120.0
336.0,306.0,144.0,120.0
342.0,305.0,144.0,120.0
346.0,304.0,144.0,120.0
350.0,304.0,144.0,120.0
353.0,304.0,144.0,120.0
356.0,305.0,144.0,120.0
361.0,306.0,144.0,120.0
364.93,313.67,140.49,110.47
376.0,314.0,140.0,110.0
388.0,312.0,140.0,110.0
396.0,309.0,140.0,110.0
415.36,301.66,114.07,117.67
420.0,298.0,114.0,118.0
421.0,297.0,114.0,118.0
416.56,290.86,103.26,104.47
413.0,285.0,103.0,104.0
402.0,276.0,103.0,104.0
397.0,276.0,103.0,104.0
391.0,266.0,103.0,104.0
385.0,262.0,103.0,104.0
369.0,262.0,103.0,104.0
355.32,266.84,96.06,86.454
351.0,257.0,96.0,86.0
349.32,250.03,78.049,85.253
350.0,250.0,78.0,85.0
353.0,249.0,78.0,85.0
352.92,241.63,63.64,86.454
353.0,233.0,64.0,86.0
353.0,236.0,64.0,86.0
357.0,235.0,64.0,86.0
364.0,227.0,64.0,86.0
371.0,224.0,64.0,86.0
376.0,224.0,64.0,86.0
386.0,223.0,64.0,86.0
383.54,218.61,68.443,75.647
382.0,211.0,68.0,76.0
375.0,208.0,68.0,76.0
353.0,207.0,68.0,76.0
335.0,208.0,68.0,76.0
317.0,208.0,68.0,76.0
300.0,210.0,68.0,76.0
289.0,214.0,68.0,76.0
279.0,217.0,68.0,76.0
269.0,222.0,68.0,76.0
260.0,227.0,68.0,76.0
245.25,229.62,75.647,81.651
242.0,231.0,76.0,82.0
240.0,232.0,76.0,82.0
240.0,232.0,76.0,82.0
241.0,231.0,76.0,82.0
243.0,231.0,76.0,82.0
248.0,231.0,76.0,82.0
256.0,231.0,76.0,82.0
266.0,232.0,76.0,82.0
276.0,233.0,76.0,82.0
284.0,231.0,80.0,86.0
297.0,232.0,80.0,86.0
310.0,234.0,80.0,86.0
322.0,237.0,80.0,86.0
337.0,243.0,80.0,86.0
349.0,249.0,80.0,86.0
nan,nan,nan,nan
nan,nan,nan,nan
427.37,264.44,38.424,67.242
436.0,267.0,40.0,71.0
438.17,276.45,58.837,84.053
450.0,281.0,59.0,84.0
461.0,284.0,62.0,88.0
470.0,286.0,62.0,88.0
477.0,288.0,62.0,88.0
481.0,288.0,62.0,88.0
485.0,288.0,62.0,88.0
489.0,288.0,62.0,88.0
492.0,289.0,62.0,88.0
491.0,291.0,62.0,88.0
491.0,292.0,62.0,88.0
493.0,294.0,62.0,88.0
494.0,295.0,62.0,88.0
496.0,296.0,62.0,88.0
498.0,297.0,62.0,88.0
501.0,297.0,62.0,88.0
505.0,297.0,62.0,88.0
508.0,297.0,62.0,88.0
512.0,298.0,62.0,88.0
516.0,297.0,62.0,88.0
518.0,297.0,62.0,88.0
517.0,296.0,62.0,88.0
515.0,295.0,62.0,88.0
513.0,294.0,62.0,88.0
510.0,293.0,62.0,88.0
508.0,294.0,62.0,88.0
507.0,295.0,62.0,88.0
506.0,296.0,62.0,88.0
506.0,297.0,62.0,88.0
508.0,297.0,62.0,88.0
512.0,298.0,62.0,88.0
514.0,302.0,62.0,88.0
515.0,305.0,62.0,88.0
517.0,307.0,62.0,88.0
518.0,309.0,62.0,88.0
521.0,311.0,62.0,88.0
521.0,313.0,62.0,88.0
521.0,313.0,62.0,88.0
521.0,313.0,62.0,88.0
521.0,313.0,62.0,88.0
520.0,313.0,62.0,88.0
520.0,312.0,62.0,88.0
519.0,312.0,62.0,88.0
520.0,312.0,62.0,88.0
521.0,310.0,62.0,88.0
524.0,309.0,62.0,88.0
524.0,308.0,62.0,88.0
526.0,309.0,62.0,88.0
526.0,309.0,62.0,88.0
527.0,309.0,62.0,88.0
527.0,309.0,62.0,88.0
525.0,308.0,62.0,88.0
527.0,308.0,62.0,88.0
527.0,307.0,62.0,88.0
528.0,306.0,62.0,88.0
525.23,304.06,66.041,91.257
526.0,303.0,66.0,91.0
526.0,303.0,66.0,91.0
527.0,303.0,66.0,91.0
529.0,302.0,66.0,91.0
529.0,302.0,66.0,91.0
530.0,302.0,66.0,91.0
532.0,302.0,66.0,91.0
532.0,302.0,66.0,91.0
532.0,302.0,66.0,91.0
532.0,302.0,66.0,91.0
532.0,302.0,66.0,91.0
533.0,302.0,66.0,91.0
534.0,303.0,66.0,91.0
534.0,304.0,66.0,91.0
534.0,305.0,66.0,91.0
534.0,305.0,66.0,91.0
534.0,305.0,66.0,91.0
534.0,305.0,66.0,91.0
534.0,306.0,66.0,91.0
534.0,306.0,66.0,91.0
531.0,307.0,66.0,91.0
531.0,307.0,66.0,91.0
532.0,310.0,66.0,91.0
532.0,310.0,66.0,91.0
532.0,310.0,66.0,91.0
532.0,311.0,66.0,91.0
534.0,311.0,66.0,91.0
535.0,311.0,66.0,91.0
535.0,311.0,66.0,91.0
535.0,311.0,66.0,91.0
535.0,311.0,66.0,91.0
535.0,311.0,66.0,91.0
535.0,312.0,66.0,91.0
535.0,312.0,66.0,91.0
535.0,312.0,66.0,91.0
535.0,312.0,66.0,91.0
535.0,312.0,66.0,91.0
534.0,312.0,66.0,91.0
534.0,312.0,66.0,91.0
533.0,312.0,66.0,91.0
533.0,312.0,66.0,91.0
533.0,312.0,66.0,91.0
534.0,312.0,66.0,91.0
534.0,312.0,66.0,91.0
534.0,312.0,66.0,91.0
534.0,312.0,66.0,91.0
534.0,312.0,66.0,91.0
534.0,312.0,66.0,91.0
534.0,312.0,66.0,91.0
534.0,312.0,66.0,91.0
534.0,312.0,66.0,91.0
534.0,312.0,66.0,91.0
534.0,312.0,66.0,91.0
534.0,312.0,66.0,91.0
534.0,312.0,66.0,91.0
534.0,312.0,66.0,91.0
532.0,312.0,66.0,91.0
532.0,312.0,66.0,91.0
532.0,312.0,66.0,91.0
532.0,312.0,66.0,91.0
532.0,312.0,66.0,91.0
532.0,312.0,66.0,91.0
532.0,312.0,66.0,91.0
532.0,312.0,66.0,91.0
532.0,311.0,66.0,91.0
532.0,311.0,66.0,91.0
533.0,311.0,66.0,91.0
533.0,311.0,66.0,91.0
533.0,311.0,66.0,91.0
533.0,311.0,66.0,91.0
533.0,311.0,66.0,91.0
533.0,311.0,66.0,91.0
533.0,311.0,66.0,91.0
533.0,311.0,66.0,91.0
533.0,311.0,66.0,91.0
533.0,311.0,66.0,91.0
534.0,311.0,66.0,91.0
534.0,311.0,66.0,91.0
536.0,312.0,66.0,91.0
536.0,312.0,66.0,91.0
536.0,312.0,66.0,91.0
536.0,312.0,66.0,91.0
536.0,314.0,66.0,91.0
536.0,314.0,66.0,91.0
536.0,314.0,66.0,91.0
536.0,314.0,66.0,91.0
536.0,313.0,66.0,91.0
536.0,313.0,66.0,91.0
536.0,313.0,66.0,91.0
536.0,313.0,66.0,91.0
536.0,313.0,66.0,91.0
536.0,313.0,66.0,91.0
536.0,313.0,66.0,91.0
536.0,312.0,66.0,91.0
536.0,312.0,66.0,91.0
536.0,312.0,66.0,91.0
536.0,312.0,66.0,91.0
536.0,312.0,66.0,91.0
536.0,312.0,66.0,91.0
536.0,312.0,66.0,91.0
536.0,311.0,66.0,91.0
536.0,311.0,66.0,91.0
536.0,310.0,66.0,91.0
538.0,310.0,66.0,91.0
538.0,310.0,66.0,91.0
539.0,310.0,66.0,91.0
539.0,310.0,66.0,91.0
540.0,309.0,66.0,91.0
540.0,309.0,66.0,91.0
540.0,309.0,66.0,91.0
540.0,309.0,66.0,91.0
540.0,309.0,66.0,91.0
540.0,309.0,66.0,91.0
540.0,309.0,66.0,91.0
541.0,308.0,66.0,91.0
541.0,308.0,66.0,91.0
541.0,308.0,66.0,91.0
541.0,308.0,66.0,91.0
541.0,308.0,66.0,91.0
541.0,308.0,66.0,91.0
541.0,308.0,66.0,91.0
543.0,308.0,66.0,91.0
543.0,308.0,66.0,91.0
544.0,308.0,66.0,91.0
544.0,308.0,66.0,91.0
544.0,308.0,66.0,91.0
545.0,308.0,66.0,91.0
545.0,308.0,66.0,91.0
545.0,308.0,66.0,91.0
546.0,308.0,66.0,91.0
546.0,308.0,66.0,91.0
546.0,308.0,66.0,91.0
546.0,308.0,66.0,91.0
546.0,308.0,66.0,91.0
546.0,308.0,66.0,91.0
546.0,308.0,66.0,91.0
548.0,308.0,66.0,91.0
548.0,308.0,66.0,91.0
548.0,309.0,66.0,91.0
548.0,307.0,66.0,91.0
548.0,307.0,66.0,91.0
548.0,307.0,66.0,91.0
548.0,307.0,66.0,91.0
549.0,307.0,66.0,91.0
550.0,307.0,66.0,91.0
551.0,307.0,66.0,91.0
552.0,307.0,66.0,91.0
552.0,307.0,66.0,91.0
552.0,307.0,66.0,91.0
552.0,307.0,66.0,91.0
552.0,307.0,66.0,91.0
552.0,307.0,66.0,91.0
552.0,307.0,66.0,91.0
552.0,307.0,66.0,91.0
552.0,307.0,66.0,91.0
552.0,307.0,66.0,91.0
552.0,307.0,66.0,91.0
553.0,306.0,66.0,91.0
553.0,306.0,66.0,91.0
553.0,306.0,66.0,91.0
553.0,305.0,66.0,91.0
553.0,305.0,66.0,91.0
554.0,304.0,66.0,91.0
554.0,303.0,66.0,91.0
555.0,303.0,66.0,91.0
555.0,303.0,66.0,91.0
555.0,303.0,66.0,91.0
555.0,303.0,66.0,91.0
555.0,303.0,66.0,91.0
556.0,302.0,66.0,91.0
556.0,301.0,66.0,91.0
556.0,301.0,66.0,91.0
557.0,301.0,66.0,91.0
557.0,301.0,66.0,91.0
557.0,301.0,66.0,91.0
558.0,301.0,66.0,91.0
558.0,301.0,66.0,91.0
558.0,301.0,66.0,91.0
558.0,301.0,66.0,91.0
558.0,301.0,66.0,91.0
558.0,300.0,66.0,91.0
558.0,300.0,66.0,91.0
558.0,300.0,66.0,91.0
558.0,300.0,66.0,91.0
559.0,300.0,66.0,91.0
559.0,300.0,66.0,91.0
560.0,300.0,66.0,91.0
560.0,300.0,66.0,91.0
560.0,300.0,66.0,91.0
561.0,300.0,66.0,91.0
561.0,299.0,66.0,91.0
561.0,299.0,66.0,91.0
562.0,298.0,66.0,91.0
562.0,298.0,66.0,91.0
564.0,296.0,66.0,91.0
564.0,296.0,66.0,91.0
564.0,296.0,66.0,91.0
564.0,296.0,66.0,91.0
565.0,295.0,66.0,91.0
565.0,294.0,66.0,91.0
565.0,294.0,66.0,91.0
566.0,294.0,66.0,91.0
567.0,293.0,66.0,91.0
567.0,293.0,66.0,91.0
567.0,292.0,66.0,91.0
568.0,292.0,66.0,91.0
568.0,292.0,66.0,91.0
568.0,292.0,66.0,91.0
568.0,291.0,66.0,91.0
568.0,291.0,66.0,91.0
568.0,291.0,66.0,91.0
568.0,291.0,66.0,91.0
568.0,291.0,66.0,91.0
568.0,291.0,66.0,91.0
568.0,291.0,66.0,91.0
568.0,291.0,66.0,91.0
569.0,291.0,66.0,91.0
569.0,292.0,66.0,91.0
569.0,292.0,66.0,91.0
569.0,291.0,66.0,91.0
570.0,291.0,66.0,91.0
570.0,291.0,66.0,91.0
570.0,291.0,66.0,91.0
571.0,291.0,66.0,91.0
571.0,291.0,66.0,91.0
571.0,291.0,66.0,91.0
572.0,291.0,66.0,91.0
572.0,291.0,66.0,91.0
572.0,291.0,66.0,91.0
572.0,291.0,66.0,91.0
572.0,291.0,66.0,91.0
572.0,290.0,66.0,91.0
572.0,289.0,66.0,91.0
572.0,284.0,66.0,91.0
572.0,284.0,66.0,91.0
572.0,284.0,66.0,91.0
572.0,284.0,66.0,91.0
572.0,284.0,66.0,91.0
572.0,284.0,66.0,91.0
572.0,284.0,66.0,91.0
572.0,283.0,66.0,91.0
572.0,283.0,66.0,91.0
572.0,283.0,66.0,91.0
572.0,283.0,66.0,91.0
572.0,282.0,66.0,91.0
572.0,282.0,66.0,91.0
572.0,280.0,66.0,91.0
572.0,280.0,66.0,91.0
572.0,280.0,66.0,91.0
571.0,279.0,66.0,91.0
572.0,278.0,66.0,91.0
565.0,278.0,66.0,91.0
556.0,278.0,66.0,91.0
548.0,278.0,66.0,91.0
543.0,275.0,66.0,91.0
541.0,269.0,66.0,91.0
541.0,265.0,66.0,91.0
541.0,263.0,66.0,91.0
541.44,269.64,60.038,85.253
541.0,271.0,60.0,85.0
541.0,271.0,60.0,85.0
542.0,271.0,60.0,85.0
542.0,271.0,60.0,85.0
543.0,271.0,60.0,85.0
543.0,275.0,60.0,85.0
543.0,275.0,60.0,85.0
543.0,275.0,60.0,85.0
543.0,276.0,60.0,85.0
542.0,277.0,60.0,85.0
540.24,276.45,52.833,74.447
540.0,277.0,53.0,74.0
538.0,278.0,53.0,74.0
533.0,284.0,53.0,74.0
529.0,284.0,53.0,74.0
526.0,283.0,53.0,74.0
523.0,284.0,53.0,74.0
520.0,280.0,60.0,82.0
516.0,282.0,60.0,82.0
511.0,282.0,60.0,82.0
507.0,283.0,60.0,82.0
503.0,284.0,60.0,82.0
499.0,285.0,60.0,82.0
497.0,286.0,60.0,82.0
496.0,286.0,60.0,82.0
492.21,293.26,86.454,70.844
499.0,293.0,86.0,71.0
507.82,295.66,92.458,60.038
521.0,297.0,92.0,60.0
522.0,300.0,92.0,60.0
554.65,304.06,57.636,48.03
572.66,308.87,36.023,42.026
nan,nan,nan,nan
nan,nan,nan,nan
nan,nan,nan,nan
nan,nan,nan,nan
nan,nan,nan,nan
nan,nan,nan,nan
nan,nan,nan,nan
nan,nan,nan,nan
nan,nan,nan,nan
nan,nan,nan,nan
nan,nan,nan,nan
nan,nan,nan,nan
nan,nan,nan,nan
nan,nan,nan,nan
nan,nan,nan,nan
nan,nan,nan,nan
nan,nan,nan,nan
nan,nan,nan,nan
nan,nan,nan,nan
nan,nan,nan,nan
nan,nan,nan,nan
nan,nan,nan,nan
nan,nan,nan,nan
nan,nan,nan,nan
nan,nan,nan,nan
nan,nan,nan,nan
nan,nan,nan,nan
nan,nan,nan,nan
nan,nan,nan,nan
nan,nan,nan,nan
nan,nan,nan,nan
nan,nan,nan,nan
nan,nan,nan,nan
nan,nan,nan,nan
nan,nan,nan,nan
nan,nan,nan,nan
nan,nan,nan,nan
nan,nan,nan,nan
nan,nan,nan,nan
nan,nan,nan,nan
nan,nan,nan,nan
nan,nan,nan,nan
nan,nan,nan,nan
nan,nan,nan,nan
nan,nan,nan,nan
nan,nan,nan,nan
nan,nan,nan,nan
nan,nan,nan,nan
nan,nan,nan,nan
nan,nan,nan,nan
nan,nan,nan,nan
nan,nan,nan,nan
nan,nan,nan,nan
nan,nan,nan,nan
nan,nan,nan,nan
nan,nan,nan,nan
nan,nan,nan,nan
nan,nan,nan,nan
nan,nan,nan,nan
nan,nan,nan,nan
nan,nan,nan,nan
nan,nan,nan,nan
nan,nan,nan,nan
nan,nan,nan,nan
nan,nan,nan,nan
nan,nan,nan,nan
nan,nan,nan,nan
nan,nan,nan,nan
nan,nan,nan,nan
nan,nan,nan,nan
nan,nan,nan,nan
nan,nan,nan,nan
nan,nan,nan,nan
nan,nan,nan,nan
nan,nan,nan,nan
nan,nan,nan,nan
nan,nan,nan,nan
nan,nan,nan,nan
nan,nan,nan,nan
nan,nan,nan,nan
nan,nan,nan,nan
nan,nan,nan,nan
nan,nan,nan,nan
nan,nan,nan,nan
nan,nan,nan,nan
nan,nan,nan,nan
nan,nan,nan,nan
nan,nan,nan,nan
nan,nan,nan,nan
nan,nan,nan,nan
nan,nan,nan,nan
nan,nan,nan,nan
nan,nan,nan,nan
nan,nan,nan,nan
nan,nan,nan,nan
nan,nan,nan,nan
nan,nan,nan,nan
nan,nan,nan,nan
nan,nan,nan,nan
nan,nan,nan,nan
nan,nan,nan,nan
nan,nan,nan,nan
nan,nan,nan,nan
nan,nan,nan,nan
nan,nan,nan,nan
nan,nan,nan,nan
nan,nan,nan,nan
nan,nan,nan,nan
nan,nan,nan,nan
nan,nan,nan,nan
nan,nan,nan,nan
nan,nan,nan,nan
nan,nan,nan,nan
nan,nan,nan,nan
nan,nan,nan,nan
nan,nan,nan,nan
nan,nan,nan,nan
nan,nan,nan,nan
nan,nan,nan,nan
nan,nan,nan,nan
nan,nan,nan,nan
nan,nan,nan,nan
nan,nan,nan,nan
nan,nan,nan,nan
nan,nan,nan,nan
nan,nan,nan,nan
nan,nan,nan,nan
nan,nan,nan,nan
nan,nan,nan,nan
nan,nan,nan,nan
nan,nan,nan,nan
nan,nan,nan,nan
nan,nan,nan,nan
nan,nan,nan,nan
nan,nan,nan,nan
nan,nan,nan,nan
nan,nan,nan,nan
nan,nan,nan,nan
nan,nan,nan,nan
nan,nan,nan,nan
nan,nan,nan,nan
nan,nan,nan,nan
nan,nan,nan,nan
nan,nan,nan,nan
nan,nan,nan,nan
nan,nan,nan,nan
nan,nan,nan,nan
nan,nan,nan,nan
nan,nan,nan,nan
nan,nan,nan,nan
nan,nan,nan,nan
nan,nan,nan,nan
nan,nan,nan,nan
nan,nan,nan,nan
nan,nan,nan,nan
nan,nan,nan,nan
nan,nan,nan,nan
nan,nan,nan,nan
nan,nan,nan,nan
nan,nan,nan,nan
nan,nan,nan,nan
nan,nan,nan,nan
nan,nan,nan,nan
493.41,340.09,28.818,38.424
485.0,340.09,37.223,40.826
477.0,343.0,39.0,43.0
457.39,346.09,61.238,48.03
449.0,346.0,64.0,50.0
426.17,352.09,85.253,48.03
416.0,357.0,90.0,50.0
393.95,369.51,69.644,50.432
387.0,374.0,73.0,53.0
380.0,384.0,73.0,53.0
366.0,392.0,73.0,53.0
354.0,390.0,73.0,53.0
346.0,393.0,73.0,53.0
345.0,399.0,73.0,53.0
349.0,405.0,73.0,53.0
349.0,400.0,77.0,56.0
351.0,395.0,77.0,56.0
333.71,392.92,102.06,63.64
340.0,396.0,102.0,64.0
349.0,403.0,102.0,64.0
354.0,402.0,102.0,64.0
360.0,398.0,107.0,67.0
367.0,397.0,107.0,67.0
383.0,397.0,107.0,67.0
388.0,397.0,107.0,67.0
391.0,397.0,107.0,67.0
393.0,399.0,107.0,67.0
394.0,400.0,107.0,67.0
395.0,401.0,107.0,67.0
397.0,401.0,107.0,67.0
398.0,403.0,107.0,67.0
398.0,404.0,107.0,67.0
399.0,405.0,107.0,67.0
400.0,406.0,107.0,67.0
400.0,406.0,107.0,67.0
401.0,406.0,107.0,67.0
402.0,407.0,107.0,67.0
403.0,407.0,107.0,67.0
406.0,409.0,107.0,67.0
407.0,409.0,107.0,67.0
408.0,409.0,107.0,67.0
409.0,408.0,107.0,67.0
410.0,407.0,107.0,67.0
411.0,407.0,107.0,67.0
413.0,407.0,107.0,67.0
413.0,407.0,107.0,67.0
415.0,408.0,107.0,67.0
415.0,408.0,107.0,67.0
415.0,408.0,107.0,67.0
415.0,408.0,107.0,67.0
416.0,409.0,107.0,67.0
416.0,409.0,107.0,67.0
417.0,411.0,107.0,67.0
417.0,411.0,107.0,67.0
417.0,412.0,107.0,67.0
417.0,413.0,107.0,67.0
418.0,414.0,107.0,67.0
418.0,415.0,107.0,67.0
419.0,416.0,107.0,67.0
419.0,417.0,107.0,67.0
419.0,418.0,107.0,67.0
420.0,419.0,107.0,67.0
420.0,420.0,107.0,67.0
420.0,420.0,107.0,67.0
421.0,420.0,107.0,67.0
422.0,420.0,107.0,67.0
422.0,420.0,107.0,67.0
422.0,420.0,107.0,67.0
423.0,420.0,107.0,67.0
424.0,420.0,107.0,67.0
424.0,420.0,107.0,67.0
424.0,420.0,107.0,67.0
426.0,420.0,107.0,67.0
426.0,421.0,107.0,67.0
426.0,421.0,107.0,67.0
426.0,421.0,107.0,67.0
426.0,421.0,107.0,67.0
426.0,421.0,107.0,67.0
426.0,420.0,107.0,67.0
427.0,420.0,107.0,67.0
428.0,420.0,107.0,67.0
425.37,421.74,112.87,68.443
428.0,423.0,113.0,68.0
429.0,423.0,113.0,68.0
430.0,421.0,113.0,68.0
430.0,421.0,113.0,68.0
431.0,420.0,113.0,68.0
431.0,419.0,115.0,70.0
431.0,419.0,115.0,70.0
431.0,419.0,115.0,70.0
432.0,419.0,115.0,70.0
432.0,419.0,115.0,70.0
433.0,418.0,115.0,70.0
433.0,418.0,115.0,70.0
433.0,418.0,115.0,70.0
433.0,418.0,115.0,70.0
433.0,419.0,115.0,70.0
433.0,419.0,115.0,70.0
432.0,420.0,115.0,70.0
431.0,420.0,115.0,70.0
431.0,420.0,115.0,70.0
430.0,420.0,115.0,70.0
429.0,420.0,115.0,70.0
429.0,420.0,115.0,70.0
428.0,420.0,115.0,70.0
428.0,420.0,115.0,70.0
427.0,420.0,115.0,70.0
427.0,420.0,115.0,70.0
425.0,420.0,115.0,70.0
423.0,420.0,115.0,70.0
421.0,420.0,115.0,70.0
419.0,420.0,115.0,70.0
416.0,420.0,115.0,70.0
412.0,419.0,115.0,70.0
409.0,418.0,115.0,70.0
406.0,416.0,115.0,70.0
399.0,415.0,115.0,70.0
391.0,414.0,115.0,70.0
383.0,412.0,115.0,70.0
372.0,411.0,115.0,70.0
361.0,410.0,115.0,70.0
346.0,410.0,115.0,70.0
332.0,408.0,115.0,70.0
318.0,408.0,115.0,70.0
302.0,409.0,115.0,70.0
283.0,409.0,115.0,70.0
263.0,409.0,115.0,70.0
243.0,409.0,115.0,70.0
223.0,409.0,115.0,70.0
201.0,409.0,115.0,70.0
179.0,409.0,115.0,70.0
154.0,407.0,115.0,70.0
136.0,406.0,115.0,70.0
119.0,404.0,115.0,70.0
102.0,401.0,115.0,70.0
82.0,397.0,115.0,70.0
60.0,395.0,115.0,70.0
37.0,394.0,115.0,70.0
12.0,395.0,115.0,70.0
1.0,396.0,100.0,70.0
4.7026,396.52,69.644,68.443
1.3011,396.52,49.231,58.837
nan,nan,nan,nan
nan,nan,nan,nan
nan,nan,nan,nan
nan,nan,nan,nan
nan,nan,nan,nan
nan,nan,nan,nan
nan,nan,nan,nan
nan,nan,nan,nan
nan,nan,nan,nan
nan,nan,nan,nan
nan,nan,nan,nan
nan,nan,nan,nan
nan,nan,nan,nan
nan,nan,nan,nan
nan,nan,nan,nan
nan,nan,nan,nan
nan,nan,nan,nan
nan,nan,nan,nan
nan,nan,nan,nan
nan,nan,nan,nan
nan,nan,nan,nan
nan,nan,nan,nan
nan,nan,nan,nan
nan,nan,nan,nan
nan,nan,nan,nan
nan,nan,nan,nan
nan,nan,nan,nan
nan,nan,nan,nan
nan,nan,nan,nan
nan,nan,nan,nan
nan,nan,nan,nan
2.3011,340.09,82.852,103.26
1.1004,348.49,120.08,82.852
29.918,348.49,134.48,74.447
67.0,347.0,134.0,74.0
99.0,349.0,134.0,74.0
127.0,353.0,141.0,78.0
166.0,352.0,141.0,78.0
194.0,351.0,141.0,78.0
223.0,353.0,141.0,78.0
249.0,360.0,141.0,78.0
269.0,360.0,141.0,78.0
291.0,362.0,141.0,78.0
298.69,368.91,157.3,80.45
304.0,379.0,157.0,80.0
302.0,381.0,157.0,80.0
304.0,385.0,157.0,80.0
318.0,395.0,157.0,80.0
331.0,399.0,157.0,80.0
340.0,402.0,157.0,80.0
365.0,406.0,157.0,80.0
388.0,409.0,165.0,84.0
405.0,407.0,165.0,84.0
421.0,401.0,165.0,84.0
456.0,403.0,165.0,84.0
484.0,412.0,165.0,84.0
511.0,412.0,165.0,84.0
544.0,408.0,165.0,84.0
576.0,408.0,165.0,84.0
612.0,412.0,165.0,84.0
648.0,417.0,165.0,84.0
677.0,418.0,165.0,84.0
707.0,420.0,165.0,84.0
742.0,435.0,165.0,84.0
774.0,438.0,165.0,84.0
798.0,437.0,165.0,84.0
820.0,433.0,165.0,84.0
845.0,435.0,165.0,84.0
887.25,436.15,147.69,84.053
912.0,425.0,148.0,84.0
953.0,410.0,148.0,84.0
996.52,403.73,127.28,102.06
1026.0,403.0,127.0,102.0
1052.0,406.0,127.0,102.0
1103.0,410.0,127.0,102.0
1143.0,409.73,129.68,105.67
1164.0,409.0,116.0,106.0
1175.4,418.14,103.26,93.659
1185.0,420.0,95.0,94.0
1203.1,431.34,75.647,78.049
1217.0,431.0,63.0,78.0
1228.3,440.95,50.432,68.443
1233.0,440.0,47.0,68.0
1235.0,440.0,45.0,68.0
1236.0,440.0,44.0,68.0
1235.0,439.0,45.0,68.0
1234.0,439.0,46.0,68.0
1228.0,438.0,50.0,68.0
1215.0,434.0,53.0,71.0
1188.6,418.14,91.4,82.852
1155.0,390.52,124.88,99.662
1127.0,382.0,125.0,100.0
1096.0,376.0,125.0,100.0
1066.0,370.0,125.0,100.0
1041.0,367.0,125.0,100.0
1016.0,365.0,125.0,100.0
986.0,364.0,125.0,100.0
957.0,365.0,125.0,100.0
941.0,368.0,125.0,100.0
926.0,370.0,125.0,100.0
913.0,372.0,125.0,100.0
906.0,373.0,125.0,100.0
892.06,378.51,115.27,94.859
875.0,379.0,115.0,95.0
874.0,379.0,115.0,95.0
866.0,379.0,115.0,95.0
856.0,378.0,115.0,95.0
845.0,375.0,115.0,95.0
837.0,373.0,115.0,95.0
828.0,372.0,115.0,95.0
821.0,370.0,115.0,95.0
815.0,368.0,115.0,95.0
812.0,367.0,115.0,95.0
810.0,367.0,115.0,95.0
808.0,366.0,115.0,95.0
806.0,368.0,115.0,95.0
805.0,369.0,115.0,95.0
804.0,370.0,115.0,95.0
803.0,372.0,115.0,95.0
802.0,376.0,115.0,95.0
803.0,381.0,115.0,95.0
803.0,388.0,115.0,95.0
800.0,391.0,115.0,95.0
798.0,393.0,115.0,95.0
795.0,394.0,115.0,95.0
788.0,395.0,115.0,95.0
781.0,395.0,115.0,95.0
778.0,395.0,115.0,95.0
774.0,396.0,115.0,95.0
769.0,396.0,115.0,95.0
765.0,396.0,115.0,95.0
761.0,396.0,115.0,95.0
759.0,396.0,115.0,95.0
756.0,396.0,115.0,95.0
754.0,396.0,115.0,95.0
749.0,395.0,115.0,95.0
743.0,391.0,115.0,95.0
742.0,389.0,115.0,95.0
738.0,385.0,115.0,95.0
736.0,384.0,115.0,95.0
735.0,384.0,115.0,95.0
734.0,384.0,115.0,95.0
733.0,384.0,115.0,95.0
728.0,384.0,115.0,95.0
727.0,384.0,115.0,95.0
728.0,384.0,115.0,95.0
730.0,384.0,115.0,95.0
733.0,384.0,115.0,95.0
737.0,384.0,115.0,95.0
741.0,383.0,115.0,95.0
746.0,382.0,115.0,95.0
752.0,380.0,115.0,95.0
757.0,378.0,115.0,95.0
759.0,375.0,115.0,95.0
761.0,373.0,115.0,95.0
763.0,369.0,115.0,95.0
764.0,364.0,115.0,95.0
764.0,362.0,115.0,95.0
764.0,361.0,115.0,95.0
763.0,361.0,115.0,95.0
760.0,361.0,115.0,95.0
759.0,360.0,115.0,95.0
758.0,360.0,115.0,95.0
757.0,359.0,115.0,95.0
757.0,359.0,115.0,95.0
756.0,360.0,115.0,95.0
754.0,360.0,115.0,95.0
753.0,361.0,115.0,95.0
753.0,360.0,115.0,95.0
755.0,359.0,115.0,95.0
757.0,357.0,115.0,95.0
759.0,357.0,115.0,95.0
763.0,357.0,115.0,95.0
766.0,357.0,115.0,95.0
771.0,356.0,115.0,95.0
775.0,356.0,115.0,95.0
776.0,357.0,115.0,95.0
779.0,357.0,115.0,95.0
780.0,358.0,115.0,95.0
783.0,358.0,115.0,95.0
785.0,356.0,115.0,95.0
786.0,355.0,115.0,95.0
787.0,352.0,115.0,95.0
787.0,352.0,115.0,95.0
788.0,350.0,115.0,95.0
788.0,350.0,115.0,95.0
788.0,348.0,115.0,95.0
788.0,347.0,115.0,95.0
791.0,344.0,115.0,95.0
792.0,342.0,115.0,95.0
794.0,341.0,115.0,95.0
795.0,338.0,115.0,95.0
798.0,337.0,115.0,95.0
799.0,336.0,115.0,95.0
801.0,334.0,115.0,95.0
803.0,333.0,115.0,95.0
805.0,330.0,115.0,95.0
806.0,328.0,115.0,95.0
807.0,327.0,115.0,95.0
808.0,327.0,115.0,95.0
810.0,327.0,115.0,95.0
811.0,327.0,115.0,95.0
814.01,325.68,128.48,103.26
816.0,326.0,128.0,103.0
819.0,326.0,128.0,103.0
823.0,326.0,128.0,103.0
831.0,326.0,128.0,103.0
836.0,326.0,128.0,103.0
844.0,324.0,128.0,103.0
848.0,323.0,128.0,103.0
851.0,322.0,128.0,103.0
853.0,321.0,128.0,103.0
858.0,320.0,128.0,103.0
862.0,319.0,128.0,103.0
865.0,318.0,128.0,103.0
868.0,317.0,128.0,103.0
874.0,313.0,128.0,103.0
877.0,311.0,128.0,103.0
880.0,310.0,128.0,103.0
882.0,310.0,128.0,103.0
886.0,309.0,128.0,103.0
888.0,309.0,128.0,103.0
891.0,309.0,128.0,103.0
893.0,309.0,128.0,103.0
894.0,309.0,128.0,103.0
897.0,308.0,128.0,103.0
898.0,308.0,128.0,103.0
899.0,307.0,128.0,103.0
899.0,306.0,128.0,103.0
900.0,306.0,128.0,103.0
901.0,306.0,128.0,103.0
902.0,306.0,128.0,103.0
903.0,306.0,128.0,103.0
905.0,306.0,128.0,103.0
906.0,306.0,128.0,103.0
907.0,306.0,128.0,103.0
908.0,306.0,128.0,103.0
909.0,306.0,128.0,103.0
910.0,306.0,128.0,103.0
913.0,306.0,128.0,103.0
917.0,305.0,128.0,103.0
920.0,305.0,128.0,103.0
922.0,305.0,128.0,103.0
923.0,305.0,128.0,103.0
924.0,304.0,128.0,103.0
925.0,304.0,128.0,103.0
926.0,303.0,128.0,103.0
927.0,303.0,128.0,103.0
929.0,301.0,128.0,103.0
930.0,302.0,128.0,103.0
931.0,303.0,128.0,103.0
932.0,304.0,128.0,103.0
934.0,304.0,128.0,103.0
935.0,304.0,128.0,103.0
936.0,308.0,128.0,103.0
936.0,308.0,128.0,103.0
936.0,308.0,128.0,103.0
936.0,308.0,128.0,103.0
936.0,308.0,128.0,103.0
938.0,307.0,128.0,103.0
939.0,307.0,128.0,103.0
940.0,306.0,128.0,103.0
941.0,305.0,128.0,103.0
941.0,304.0,128.0,103.0
941.0,304.0,128.0,103.0
942.0,301.0,128.0,103.0
942.0,301.0,128.0,103.0
942.0,301.0,128.0,103.0
942.0,300.0,128.0,103.0
942.0,300.0,128.0,103.0
942.0,300.0,128.0,103.0
943.0,300.0,128.0,103.0
947.0,300.0,128.0,103.0
951.0,300.0,128.0,103.0
954.0,300.0,128.0,103.0
956.0,300.0,128.0,103.0
959.0,300.0,128.0,103.0
962.0,299.0,128.0,103.0
964.0,299.0,128.0,103.0
966.0,299.0,128.0,103.0
967.0,299.0,128.0,103.0
969.0,299.0,128.0,103.0
971.0,299.0,128.0,103.0
973.0,299.0,128.0,103.0
978.0,299.0,128.0,103.0
987.0,301.0,128.0,103.0
996.0,301.0,128.0,103.0
1009.0,301.0,128.0,103.0
1022.0,301.0,128.0,103.0
1049.0,301.0,128.0,103.0
1078.0,300.0,128.0,103.0
1116.0,299.0,128.0,103.0
1153.0,299.0,127.0,103.0
1193.4,299.26,85.253,103.26
1231.0,301.0,49.0,103.0
nan,nan,nan,nan
nan,nan,nan,nan
nan,nan,nan,nan
nan,nan,nan,nan
nan,nan,nan,nan
nan,nan,nan,nan
nan,nan,nan,nan
nan,nan,nan,nan
nan,nan,nan,nan
nan,nan,nan,nan
nan,nan,nan,nan
nan,nan,nan,nan
nan,nan,nan,nan
nan,nan,nan,nan
nan,nan,nan,nan
nan,nan,nan,nan
nan,nan,nan,nan
nan,nan,nan,nan
nan,nan,nan,nan
nan,nan,nan,nan
nan,nan,nan,nan
nan,nan,nan,nan
nan,nan,nan,nan
nan,nan,nan,nan
nan,nan,nan,nan
nan,nan,nan,nan
nan,nan,nan,nan
nan,nan,nan,nan
nan,nan,nan,nan
nan,nan,nan,nan
nan,nan,nan,nan
nan,nan,nan,nan
nan,nan,nan,nan
nan,nan,nan,nan
nan,nan,nan,nan
nan,nan,nan,nan
nan,nan,nan,nan
nan,nan,nan,nan
nan,nan,nan,nan
nan,nan,nan,nan
nan,nan,nan,nan
nan,nan,nan,nan
nan,nan,nan,nan
nan,nan,nan,nan
nan,nan,nan,nan
nan,nan,nan,nan
nan,nan,nan,nan
nan,nan,nan,nan
nan,nan,nan,nan
nan,nan,nan,nan
nan,nan,nan,nan
nan,nan,nan,nan
nan,nan,nan,nan
nan,nan,nan,nan
nan,nan,nan,nan
nan,nan,nan,nan
nan,nan,nan,nan
nan,nan,nan,nan
nan,nan,nan,nan
nan,nan,nan,nan
nan,nan,nan,nan
nan,nan,nan,nan
nan,nan,nan,nan
nan,nan,nan,nan
nan,nan,nan,nan
nan,nan,nan,nan
nan,nan,nan,nan
nan,nan,nan,nan
nan,nan,nan,nan
nan,nan,nan,nan
nan,nan,nan,nan
nan,nan,nan,nan
nan,nan,nan,nan
nan,nan,nan,nan
nan,nan,nan,nan
nan,nan,nan,nan
nan,nan,nan,nan
nan,nan,nan,nan
nan,nan,nan,nan
nan,nan,nan,nan
nan,nan,nan,nan
nan,nan,nan,nan
nan,nan,nan,nan
nan,nan,nan,nan
nan,nan,nan,nan
nan,nan,nan,nan
nan,nan,nan,nan
nan,nan,nan,nan
nan,nan,nan,nan
nan,nan,nan,nan
nan,nan,nan,nan
nan,nan,nan,nan
nan,nan,nan,nan
nan,nan,nan,nan
1200.7,544.21,79.3,76.848
1133.4,540.61,146.6,96.06
1079.4,541.81,200.53,115.27
1022.9,543.01,219.74,114.07
976.0,539.0,220.0,114.0
912.0,530.0,220.0,114.0
864.0,538.0,220.0,114.0
826.02,534.61,180.11,114.07
797.0,519.0,180.0,114.0
755.0,512.0,180.0,114.0
726.0,511.0,180.0,114.0
701.0,511.0,180.0,114.0
683.0,493.0,180.0,114.0
666.0,487.0,180.0,114.0
646.0,483.0,180.0,114.0
629.0,489.0,180.0,114.0
613.0,492.0,180.0,114.0
611.0,489.0,180.0,114.0
610.0,485.0,180.0,114.0
611.0,477.0,180.0,114.0
615.0,470.0,180.0,114.0
616.0,468.0,180.0,114.0
617.0,468.0,180.0,114.0
621.0,467.0,180.0,114.0
626.0,462.0,180.0,114.0
632.7,462.56,158.5,126.08
639.0,462.0,158.0,126.0
647.0,463.0,158.0,126.0
651.0,462.0,158.0,126.0
658.0,461.0,158.0,126.0
663.0,463.0,158.0,126.0
666.0,465.0,158.0,126.0
666.0,466.0,158.0,126.0
666.0,465.0,158.0,126.0
664.0,464.0,158.0,126.0
665.0,464.0,158.0,126.0
666.0,464.0,158.0,126.0
667.0,464.0,158.0,126.0
667.0,463.0,158.0,126.0
666.0,463.0,158.0,126.0
666.0,463.0,158.0,126.0
666.0,464.0,158.0,126.0
667.0,464.0,158.0,126.0
666.0,464.0,158.0,126.0
667.0,464.0,158.0,126.0
666.0,465.0,158.0,126.0
663.0,467.0,158.0,126.0
661.0,468.0,158.0,126.0
660.0,471.0,158.0,126.0
658.0,477.0,158.0,126.0
655.0,481.0,158.0,126.0
653.0,488.0,158.0,126.0
651.0,489.0,158.0,126.0
647.0,490.0,158.0,126.0
646.0,491.0,158.0,126.0
646.0,491.0,158.0,126.0
645.0,489.0,158.0,126.0
644.0,486.0,158.0,126.0
640.0,481.0,158.0,126.0
638.0,476.0,158.0,126.0
639.9,470.97,142.89,128.48
639.0,465.0,143.0,128.0
638.0,461.0,143.0,128.0
639.0,460.0,143.0,128.0
638.0,457.0,143.0,128.0
637.0,451.0,143.0,128.0
645.9,446.95,128.48,135.68
647.0,445.0,128.0,136.0
647.0,440.0,128.0,136.0
643.0,436.0,128.0,136.0
635.0,432.0,122.0,130.0
624.0,424.0,122.0,130.0
608.68,413.33,128.48,128.48
591.0,400.0,128.0,128.0
580.0,395.0,128.0,128.0
556.0,386.0,128.0,128.0
533.0,378.0,128.0,128.0
515.0,371.0,128.0,128.0
501.0,366.0,128.0,128.0
481.0,360.0,134.0,134.0
453.0,357.0,134.0,134.0
427.0,354.0,134.0,134.0
413.0,350.0,134.0,134.0
398.0,347.0,134.0,134.0
384.0,345.0,134.0,134.0
370.0,342.0,134.0,134.0
345.0,341.0,134.0,134.0
314.5,337.28,127.28,130.88
302.0,337.0,127.0,131.0
291.0,337.0,127.0,131.0
280.0,337.0,127.0,131.0
269.0,337.0,127.0,131.0
258.0,336.0,127.0,131.0
248.0,333.0,127.0,131.0
241.0,329.0,127.0,131.0
237.0,326.0,127.0,131.0
235.0,324.0,127.0,131.0
235.0,323.0,127.0,131.0
236.0,321.0,127.0,131.0
238.0,321.0,127.0,131.0
240.0,320.0,127.0,131.0
244.0,316.0,127.0,131.0
247.0,315.0,127.0,131.0
249.0,314.0,127.0,131.0
252.0,311.0,127.0,131.0
256.0,310.0,127.0,131.0
258.0,308.0,127.0,131.0
260.0,306.0,127.0,131.0
263.0,303.0,127.0,131.0
263.0,301.0,127.0,131.0
264.0,298.0,127.0,131.0
262.0,294.0,123.0,127.0
263.0,291.0,123.0,127.0
265.0,289.0,123.0,127.0
268.0,281.0,123.0,127.0
271.0,278.0,123.0,127.0
275.0,276.0,123.0,127.0
286.0,275.0,123.0,127.0
299.0,273.0,123.0,127.0
323.0,274.0,123.0,127.0
359.0,279.0,123.0,127.0
408.0,291.0,123.0,127.0
464.0,308.0,123.0,127.0
513.0,320.0,123.0,127.0
555.0,329.0,117.0,121.0
583.0,331.0,117.0,121.0
607.0,336.0,117.0,121.0
633.0,341.0,117.0,121.0
652.0,348.0,117.0,121.0
672.0,358.0,117.0,121.0
684.0,361.0,117.0,121.0
675.0,363.0,117.0,121.0
666.0,361.0,117.0,121.0
664.0,360.0,117.0,121.0
656.0,359.0,117.0,121.0
637.0,356.0,117.0,121.0
608.68,368.91,151.29,114.07
596.67,364.1,121.28,118.87
585.0,360.0,121.0,119.0
571.46,354.5,118.87,121.28
559.0,355.0,119.0,121.0
553.45,348.49,94.859,122.48
545.04,334.08,88.856,136.89
533.0,328.0,89.0,137.0
522.23,328.08,85.253,110.47
509.0,326.0,85.0,110.0
501.0,323.0,85.0,110.0
495.81,319.67,76.848,115.27
491.0,321.0,77.0,115.0
478.0,318.0,77.0,115.0
470.0,312.0,77.0,115.0
462.0,306.0,77.0,115.0
457.0,304.0,77.0,115.0
450.18,301.66,70.844,109.27
438.0,305.0,71.0,109.0
416.0,304.0,71.0,109.0
377.0,292.0,75.0,114.0
339.0,282.0,79.0,120.0
320.5,277.65,73.246,109.27
309.0,279.0,73.0,109.0
298.0,280.0,73.0,109.0
280.0,280.0,73.0,109.0
261.0,279.0,73.0,109.0
243.0,278.0,73.0,109.0
227.0,275.0,73.0,109.0
212.0,275.0,73.0,109.0
202.0,276.0,73.0,109.0
193.0,277.0,73.0,109.0
185.0,279.0,73.0,109.0
177.0,282.0,73.0,109.0
169.0,285.0,73.0,109.0
163.0,287.0,73.0,109.0
160.0,288.0,73.0,109.0
158.0,289.0,73.0,109.0
156.0,290.0,73.0,109.0
154.0,290.0,73.0,109.0
153.0,290.0,73.0,109.0
153.0,290.0,73.0,109.0
152.0,290.0,73.0,109.0
151.0,290.0,73.0,109.0
148.0,290.0,73.0,109.0
147.0,290.0,73.0,109.0
146.0,290.0,73.0,109.0
142.0,289.0,73.0,109.0
141.0,292.0,73.0,109.0
141.0,295.0,73.0,109.0
143.0,297.0,73.0,109.0
146.0,299.0,73.0,109.0
149.0,300.0,73.0,109.0
153.0,303.0,73.0,109.0
157.0,307.0,73.0,109.0
162.0,312.0,73.0,109.0
166.0,316.0,73.0,109.0
169.0,319.0,73.0,109.0
172.0,322.0,73.0,109.0
174.0,324.0,73.0,109.0
175.0,324.0,73.0,109.0
176.0,324.0,73.0,109.0
176.0,324.0,73.0,109.0
176.0,324.0,73.0,109.0
175.0,324.0,73.0,109.0
173.0,324.0,73.0,109.0
171.0,324.0,73.0,109.0
171.0,324.0,73.0,109.0
172.0,324.0,73.0,109.0
175.0,323.0,73.0,109.0
179.0,322.0,73.0,109.0
192.0,322.0,71.0,107.0
200.0,321.0,71.0,107.0
207.0,321.0,71.0,107.0
210.0,320.0,71.0,107.0
215.0,319.0,71.0,107.0
222.0,319.0,71.0,107.0
230.0,318.0,71.0,107.0
240.0,316.0,71.0,107.0
251.0,313.0,71.0,107.0
263.0,311.0,71.0,107.0
273.0,309.0,71.0,107.0
282.0,309.0,71.0,107.0
293.0,309.0,71.0,107.0
303.0,311.0,71.0,107.0
311.0,314.0,71.0,107.0
316.0,318.0,71.0,107.0
319.0,323.0,71.0,107.0
320.0,327.0,71.0,107.0
321.0,329.0,71.0,107.0
322.0,331.0,71.0,107.0
325.0,334.0,71.0,107.0
329.0,341.0,71.0,107.0
330.0,344.0,71.0,107.0
333.51,337.69,63.64,88.856
337.31,336.48,64.841,68.443
nan,nan,nan,nan
nan,nan,nan,nan
nan,nan,nan,nan
nan,nan,nan,nan
nan,nan,nan,nan
nan,nan,nan,nan
nan,nan,nan,nan
nan,nan,nan,nan
nan,nan,nan,nan
nan,nan,nan,nan
nan,nan,nan,nan
nan,nan,nan,nan
nan,nan,nan,nan
nan,nan,nan,nan
nan,nan,nan,nan
nan,nan,nan,nan
nan,nan,nan,nan
nan,nan,nan,nan
378.14,374.91,52.833,76.848
380.0,372.0,53.0,77.0
381.0,370.0,53.0,77.0
381.74,356.9,54.034,92.458
382.0,358.0,54.0,92.0
384.0,359.0,54.0,92.0
386.0,360.0,54.0,92.0
388.0,361.0,54.0,92.0
387.0,362.0,54.0,92.0
385.0,361.0,54.0,92.0
384.0,359.0,54.0,92.0
384.0,357.0,54.0,92.0
385.0,354.0,54.0,92.0
386.0,351.0,54.0,92.0
388.94,334.08,54.034,105.67
390.0,329.0,54.0,106.0
392.0,324.0,54.0,106.0
396.0,322.0,54.0,106.0
402.0,322.0,54.0,106.0
408.0,323.0,54.0,106.0
417.0,324.0,54.0,106.0
422.0,328.0,54.0,106.0
431.0,335.0,54.0,106.0
437.0,340.0,54.0,106.0
442.0,344.0,54.0,106.0
445.0,347.0,54.0,106.0
446.0,348.0,54.0,106.0
447.0,349.0,54.0,106.0
447.0,351.0,54.0,106.0
447.0,353.0,54.0,106.0
448.0,355.0,54.0,106.0
449.0,357.0,54.0,106.0
450.0,358.0,54.0,106.0
452.0,359.0,56.0,108.0
452.0,360.0,56.0,108.0
452.0,361.0,56.0,108.0
455.0,361.0,56.0,108.0
455.0,360.0,56.0,108.0
455.0,358.0,56.0,108.0
455.0,357.0,56.0,108.0
454.0,357.0,56.0,108.0
453.0,357.0,56.0,108.0
453.0,357.0,56.0,108.0
451.0,357.0,56.0,108.0
451.0,356.0,56.0,108.0
452.0,356.0,56.0,108.0
453.0,356.0,56.0,108.0
455.0,357.0,56.0,108.0
456.0,357.0,56.0,108.0
458.0,356.0,56.0,108.0
457.0,356.0,56.0,108.0
456.0,356.0,56.0,108.0
456.0,356.0,56.0,108.0
455.0,355.0,56.0,108.0
455.0,355.0,56.0,108.0
454.0,355.0,56.0,108.0
454.0,356.0,56.0,108.0
454.0,357.0,56.0,108.0
455.0,358.0,56.0,108.0
455.0,358.0,56.0,108.0
455.0,358.0,56.0,108.0
455.0,358.0,56.0,108.0
457.0,358.0,56.0,108.0
459.0,359.0,56.0,108.0
460.0,360.0,56.0,108.0
461.0,360.0,56.0,108.0
463.0,359.0,56.0,108.0
465.0,358.0,56.0,108.0
466.0,357.0,56.0,108.0
467.0,356.0,56.0,108.0
467.0,356.0,56.0,108.0
468.0,355.0,56.0,108.0
469.0,354.0,56.0,108.0
469.0,354.0,56.0,108.0
469.0,355.0,56.0,108.0
471.0,356.0,56.0,108.0
473.0,358.0,56.0,108.0
474.0,359.0,56.0,108.0
474.0,359.0,56.0,108.0
474.0,359.0,56.0,108.0
474.0,359.0,56.0,108.0
474.0,357.0,56.0,108.0
475.0,351.0,56.0,108.0
476.0,346.0,56.0,108.0
475.0,339.0,59.0,113.0
472.0,335.0,59.0,113.0
470.0,334.0,59.0,113.0
472.0,330.0,59.0,113.0
475.0,326.0,59.0,113.0
477.0,325.0,59.0,113.0
478.0,323.0,59.0,113.0
480.0,319.0,59.0,113.0
484.0,312.0,59.0,113.0
487.0,305.0,59.0,113.0
492.0,298.0,59.0,113.0
500.0,293.0,59.0,113.0
508.0,287.0,59.0,113.0
516.0,280.0,59.0,113.0
520.0,276.0,59.0,113.0
523.0,273.0,59.0,113.0
530.0,272.0,59.0,113.0
536.0,271.0,59.0,113.0
539.0,271.0,59.0,113.0
540.0,271.0,59.0,113.0
538.0,270.0,59.0,113.0
534.0,269.0,59.0,113.0
532.0,268.0,59.0,113.0
529.0,266.0,59.0,113.0
526.0,263.0,59.0,113.0
524.0,261.0,59.0,113.0
521.03,256.03,60.038,106.87
523.0,255.0,60.0,107.0
530.0,255.0,60.0,107.0
538.0,255.0,60.0,107.0
545.0,255.0,60.0,107.0
554.0,254.0,60.0,107.0
551.04,251.23,72.045,106.87
553.0,249.0,72.0,107.0
555.0,246.0,72.0,107.0
561.0,245.0,72.0,107.0
567.0,244.0,72.0,107.0
570.0,243.0,72.0,107.0
569.0,244.0,72.0,107.0
569.0,243.0,72.0,107.0
568.0,244.0,72.0,107.0
565.0,244.0,72.0,107.0
562.0,243.0,72.0,107.0
561.0,241.0,72.0,107.0
560.0,238.0,72.0,107.0
559.0,236.0,72.0,107.0
558.0,235.0,72.0,107.0
556.0,234.0,72.0,107.0
551.0,231.0,72.0,107.0
549.0,231.0,72.0,107.0
546.0,231.0,72.0,107.0
542.0,231.0,72.0,107.0
540.0,235.0,72.0,107.0
533.0,238.0,72.0,107.0
523.0,237.0,72.0,107.0
513.0,237.0,72.0,107.0
500.0,236.0,72.0,107.0
482.0,234.0,72.0,107.0
463.0,233.0,72.0,107.0
446.0,233.0,72.0,107.0
432.0,230.0,72.0,107.0
413.0,222.0,76.0,112.0
403.0,220.0,76.0,112.0
400.0,220.0,76.0,112.0
396.0,221.0,76.0,112.0
384.0,219.0,76.0,112.0
375.0,218.0,76.0,112.0
373.0,219.0,76.0,112.0
367.0,219.0,76.0,112.0
363.0,219.0,76.0,112.0
358.0,219.0,76.0,112.0
350.0,217.0,76.0,112.0
340.0,215.0,76.0,112.0
334.0,215.0,76.0,112.0
330.0,216.0,76.0,112.0
326.0,217.0,76.0,112.0
320.0,218.0,76.0,112.0
316.0,221.0,76.0,112.0
317.0,226.0,76.0,112.0
317.0,233.0,76.0,112.0
314.0,238.0,76.0,112.0
308.0,240.0,76.0,112.0
305.0,243.0,76.0,112.0
304.0,248.0,76.0,112.0
304.0,254.0,76.0,112.0
302.0,258.0,76.0,112.0
298.0,260.0,76.0,112.0
299.0,262.0,76.0,112.0
301.0,266.0,76.0,112.0
302.0,271.0,76.0,112.0
301.0,274.0,76.0,112.0
298.0,275.0,76.0,112.0
292.0,275.0,76.0,112.0
287.0,275.0,76.0,112.0
285.0,276.0,76.0,112.0
284.0,277.0,76.0,112.0
284.0,279.0,74.0,110.0
281.0,279.0,74.0,110.0
280.0,278.0,74.0,110.0
280.0,277.0,74.0,110.0
280.0,276.0,74.0,110.0
280.0,276.0,74.0,110.0
279.0,276.0,74.0,110.0
279.0,277.0,74.0,110.0
280.0,278.0,74.0,110.0
282.0,280.0,74.0,110.0
283.0,282.0,74.0,110.0
284.0,284.0,74.0,110.0
285.0,286.0,74.0,110.0
285.0,287.0,74.0,110.0
285.0,288.0,74.0,110.0
285.0,289.0,74.0,110.0
285.0,290.0,74.0,110.0
285.0,291.0,74.0,110.0
285.0,291.0,74.0,110.0
285.0,291.0,74.0,110.0
285.0,290.0,74.0,110.0
285.0,289.0,74.0,110.0
284.0,287.0,74.0,110.0
283.0,285.0,74.0,110.0
282.0,283.0,74.0,110.0
281.0,281.0,74.0,110.0
280.0,280.0,74.0,110.0
280.0,279.0,74.0,110.0
278.0,279.0,74.0,110.0
274.0,277.0,74.0,110.0
272.0,276.0,74.0,110.0
270.0,275.0,74.0,110.0
269.0,274.0,74.0,110.0
268.0,272.0,74.0,110.0
265.0,271.0,74.0,110.0
264.0,269.0,74.0,110.0
259.0,266.0,74.0,110.0
256.0,264.0,74.0,110.0
254.0,262.0,74.0,110.0
252.0,260.0,74.0,110.0
249.0,258.0,74.0,110.0
246.0,256.0,74.0,110.0
245.0,255.0,74.0,110.0
244.0,254.0,74.0,110.0
241.0,254.0,74.0,110.0
240.0,253.0,74.0,110.0
240.0,252.0,74.0,110.0
240.0,251.0,74.0,110.0
239.0,246.0,74.0,110.0
240.0,245.0,74.0,110.0
241.0,244.0,74.0,110.0
242.0,244.0,74.0,110.0
242.0,243.0,74.0,110.0
241.0,242.0,74.0,110.0
240.0,241.0,74.0,110.0
239.0,241.0,74.0,110.0
237.0,240.0,74.0,110.0
236.0,239.0,74.0,110.0
235.0,238.0,74.0,110.0
234.0,237.0,74.0,110.0
233.0,236.0,74.0,110.0
230.0,235.0,74.0,110.0
228.0,234.0,74.0,110.0
225.0,233.0,74.0,110.0
224.0,232.0,74.0,110.0
222.0,231.0,74.0,110.0
221.0,230.0,74.0,110.0
220.0,230.0,74.0,110.0
216.0,229.0,74.0,110.0
214.0,228.0,74.0,110.0
211.0,227.0,74.0,110.0
208.0,226.0,74.0,110.0
205.0,225.0,74.0,110.0
202.0,224.0,74.0,110.0
198.0,224.0,74.0,110.0
194.0,223.0,74.0,110.0
192.0,222.0,74.0,110.0
188.0,221.0,74.0,110.0
185.0,220.0,74.0,110.0
183.0,219.0,74.0,110.0
180.0,217.0,74.0,110.0
177.0,216.0,74.0,110.0
174.0,215.0,74.0,110.0
171.0,215.0,74.0,110.0
168.0,215.0,74.0,110.0
166.0,215.0,74.0,110.0
163.0,215.0,74.0,110.0
161.0,213.0,74.0,110.0
158.0,213.0,74.0,110.0
155.0,214.0,74.0,110.0
151.0,215.0,74.0,110.0
147.0,216.0,74.0,110.0
144.0,217.0,74.0,110.0
142.0,218.0,74.0,110.0
141.0,220.0,74.0,110.0
141.0,221.0,74.0,110.0
141.0,221.0,74.0,110.0
141.0,221.0,74.0,110.0
142.0,221.0,74.0,110.0
142.0,221.0,74.0,110.0
142.0,221.0,74.0,110.0
143.0,221.0,74.0,110.0
143.0,221.0,74.0,110.0
145.0,222.0,74.0,110.0
145.0,222.0,74.0,110.0
146.0,223.0,74.0,110.0
146.0,223.0,74.0,110.0
146.0,223.0,74.0,110.0
146.0,223.0,74.0,110.0
146.0,223.0,74.0,110.0
146.0,223.0,74.0,110.0
146.0,223.0,74.0,110.0
146.0,223.0,74.0,110.0
146.0,223.0,74.0,110.0
146.0,223.0,74.0,110.0
146.0,223.0,74.0,110.0
145.0,223.0,74.0,110.0
144.0,223.0,74.0,110.0
143.0,223.0,74.0,110.0
141.0,224.0,74.0,110.0
139.0,224.0,74.0,110.0
136.0,225.0,74.0,110.0
126.0,225.0,74.0,110.0
103.0,223.0,74.0,110.0
75.0,222.0,74.0,110.0
46.0,220.0,74.0,110.0
19.0,220.0,74.0,110.0
1.0,222.0,68.0,110.0
1.1004,227.22,40.826,102.06
1.0,230.0,34.0,102.0
nan,nan,nan,nan
nan,nan,nan,nan
nan,nan,nan,nan
nan,nan,nan,nan
nan,nan,nan,nan
nan,nan,nan,nan
nan,nan,nan,nan
nan,nan,nan,nan
nan,nan,nan,nan
nan,nan,nan,nan
nan,nan,nan,nan
nan,nan,nan,nan
nan,nan,nan,nan
nan,nan,nan,nan
nan,nan,nan,nan
nan,nan,nan,nan
nan,nan,nan,nan
nan,nan,nan,nan
nan,nan,nan,nan
nan,nan,nan,nan
1.0,221.21,40.726,103.26
8.0,218.0,41.0,103.0
2.3011,214.01,58.837,108.07
11.0,213.0,59.0,108.0
20.0,213.0,59.0,108.0
29.0,214.0,59.0,108.0
40.0,214.0,59.0,108.0
55.0,214.0,59.0,108.0
68.0,214.0,59.0,108.0
82.0,215.0,59.0,108.0
101.0,215.0,59.0,108.0
116.0,214.0,59.0,108.0
132.0,214.0,59.0,108.0
150.0,214.0,59.0,108.0
176.0,213.0,59.0,108.0
202.0,209.0,63.238,110.07
220.0,206.0,63.0,110.0
231.0,203.0,63.0,110.0
237.0,200.0,63.0,110.0
248.0,194.0,63.0,110.0
255.0,189.0,63.0,110.0
260.0,185.0,61.0,108.0
261.0,181.0,61.0,108.0
262.0,177.0,61.0,108.0
262.0,172.0,61.0,108.0
262.0,167.0,61.0,108.0
261.0,163.0,61.0,108.0
261.0,157.0,61.0,108.0
261.0,152.0,61.0,108.0
261.0,149.0,61.0,108.0
261.0,146.0,61.0,108.0
260.0,144.0,61.0,108.0
260.0,139.0,61.0,108.0
259.0,137.0,61.0,108.0
258.0,135.0,61.0,108.0
257.0,133.0,61.0,108.0
255.0,130.0,61.0,108.0
253.0,129.0,61.0,108.0
248.0,128.0,61.0,108.0
246.0,127.0,61.0,108.0
244.0,126.0,61.0,108.0
241.0,125.0,61.0,108.0
239.0,122.0,61.0,108.0
238.0,120.0,61.0,108.0
238.0,118.0,61.0,108.0
236.0,115.0,61.0,108.0
235.0,113.0,61.0,108.0
233.0,111.0,61.0,108.0
234.0,109.0,61.0,108.0
234.0,107.0,61.0,108.0
233.0,105.0,61.0,108.0
231.0,101.0,61.0,108.0
230.0,99.0,61.0,108.0
229.0,97.0,61.0,108.0
226.0,90.0,61.0,108.0
225.0,88.0,61.0,108.0
224.0,87.0,61.0,108.0
224.0,86.0,61.0,108.0
224.0,83.0,61.0,108.0
224.0,84.0,61.0,108.0
224.0,86.0,61.0,108.0
224.0,88.0,61.0,108.0
224.0,89.0,61.0,108.0
225.0,91.0,61.0,108.0
225.0,92.0,61.0,108.0
227.0,93.0,61.0,108.0
227.0,93.0,61.0,108.0
227.0,93.0,61.0,108.0
227.0,93.0,61.0,108.0
227.0,93.0,61.0,108.0
227.0,93.0,61.0,108.0
227.0,93.0,61.0,108.0
227.0,93.0,61.0,108.0
227.0,93.0,61.0,108.0
227.0,93.0,61.0,108.0
229.0,97.0,61.0,108.0
228.0,97.0,61.0,108.0
228.0,97.0,61.0,108.0
228.0,97.0,61.0,108.0
228.0,99.0,61.0,108.0
228.0,99.0,61.0,108.0
228.0,99.0,61.0,108.0
227.0,99.0,61.0,108.0
227.0,98.0,61.0,108.0
227.0,98.0,61.0,108.0
227.0,98.0,61.0,108.0
226.0,98.0,61.0,108.0
226.0,97.0,61.0,108.0
226.0,97.0,61.0,108.0
226.0,97.0,61.0,108.0
226.0,97.0,61.0,108.0
227.0,96.0,61.0,108.0
228.0,95.0,61.0,108.0
229.0,95.0,61.0,108.0
231.0,93.0,61.0,108.0
232.0,93.0,61.0,108.0
233.0,93.0,61.0,108.0
234.0,93.0,61.0,108.0
237.0,91.0,61.0,108.0
237.0,91.0,61.0,108.0
237.0,93.0,61.0,108.0
237.0,94.0,61.0,108.0
236.0,95.0,61.0,108.0
235.0,96.0,61.0,108.0
235.0,97.0,61.0,108.0
234.0,98.0,61.0,108.0
234.0,98.0,61.0,108.0
234.0,98.0,61.0,108.0
232.0,97.0,61.0,108.0
232.0,96.0,61.0,108.0
232.0,96.0,61.0,108.0
232.0,96.0,61.0,108.0
233.0,97.0,61.0,108.0
234.0,98.0,61.0,108.0
235.0,98.0,61.0,108.0
236.0,99.0,61.0,108.0
237.0,99.0,61.0,108.0
237.0,100.0,61.0,108.0
236.0,101.0,61.0,108.0
236.0,103.0,61.0,108.0
236.0,103.0,61.0,108.0
236.0,104.0,61.0,108.0
237.0,104.0,61.0,108.0
238.0,104.0,61.0,108.0
238.0,108.0,61.0,108.0
237.0,109.0,61.0,108.0
237.0,110.0,61.0,108.0
238.0,112.0,61.0,108.0
239.0,113.0,61.0,108.0
239.0,114.0,61.0,108.0
242.0,114.0,61.0,108.0
242.0,115.0,61.0,108.0
242.0,116.0,61.0,108.0
242.0,116.0,61.0,108.0
242.0,116.0,61.0,108.0
241.0,119.0,61.0,108.0
240.0,119.0,61.0,108.0
241.0,119.0,61.0,108.0
241.0,119.0,61.0,108.0
241.0,119.0,61.0,108.0
240.0,119.0,61.0,108.0
234.0,118.0,61.0,108.0
234.0,117.0,61.0,108.0
231.0,117.0,61.0,108.0
230.0,117.0,61.0,108.0
229.0,118.0,61.0,108.0
228.0,118.0,61.0,108.0
227.0,116.0,61.0,108.0
225.0,115.0,61.0,108.0
224.0,115.0,61.0,108.0
222.0,115.0,61.0,108.0
217.0,115.0,61.0,108.0
213.0,115.0,61.0,108.0
209.0,115.0,61.0,108.0
208.0,116.0,61.0,108.0
205.0,117.0,61.0,108.0
203.0,118.0,61.0,108.0
199.0,118.0,61.0,108.0
194.0,118.0,61.0,108.0
190.0,118.0,61.0,108.0
186.0,118.0,61.0,108.0
183.0,117.0,61.0,108.0
182.0,118.0,61.0,108.0
180.0,119.0,61.0,108.0
178.0,119.0,61.0,108.0
176.0,118.0,61.0,108.0
172.0,117.0,61.0,108.0
170.0,116.0,61.0,108.0
166.0,115.0,61.0,108.0
164.0,114.0,61.0,108.0
159.0,114.0,61.0,108.0
157.0,114.0,61.0,108.0
153.0,114.0,61.0,108.0
151.0,114.0,61.0,108.0
148.0,114.0,61.0,108.0
147.0,114.0,61.0,108.0
147.0,114.0,61.0,108.0
147.0,114.0,61.0,108.0
147.0,115.0,61.0,108.0
148.0,116.0,61.0,108.0
149.0,117.0,61.0,108.0
150.0,118.0,61.0,108.0
151.0,118.0,61.0,108.0
152.0,118.0,61.0,108.0
153.0,118.0,61.0,108.0
153.0,118.0,61.0,108.0
153.0,118.0,61.0,108.0
153.0,118.0,61.0,108.0
153.0,118.0,61.0,108.0
153.0,118.0,61.0,108.0
153.0,118.0,61.0,108.0
150.0,118.0,61.0,108.0
150.0,118.0,61.0,108.0
148.0,118.0,61.0,108.0
148.0,118.0,61.0,108.0
150.0,116.0,61.0,108.0
150.0,116.0,61.0,108.0
150.0,116.0,61.0,108.0
150.0,116.0,61.0,108.0
150.0,116.0,61.0,108.0
149.0,116.0,61.0,108.0
149.0,116.0,61.0,108.0
149.0,116.0,61.0,108.0
147.0,116.0,61.0,108.0
146.0,116.0,61.0,108.0
145.0,116.0,61.0,108.0
144.0,116.0,61.0,108.0
143.0,116.0,61.0,108.0
135.58,126.35,74.447,96.06
135.0,129.0,74.0,96.0
136.0,131.0,74.0,96.0
138.0,131.0,74.0,96.0
135.58,138.36,96.06,90.056
136.0,139.0,96.0,90.0
137.0,141.0,96.0,90.0
137.0,145.0,96.0,90.0
146.39,156.37,109.27,73.246
149.0,160.0,109.0,73.0
154.0,161.0,109.0,73.0
159.0,162.0,109.0,73.0
174.0,168.0,109.0,73.0
179.0,183.0,109.0,73.0
195.0,197.0,109.0,73.0
198.0,197.0,109.0,73.0
215.0,200.0,109.0,73.0
222.0,208.0,109.0,73.0
236.45,218.0,114.07,76.848
240.0,221.0,114.0,77.0
252.0,224.0,112.0,75.0
259.0,229.0,112.0,75.0
266.0,242.0,112.0,75.0
269.0,247.0,112.0,75.0
272.0,251.0,112.0,75.0
282.0,262.0,112.0,75.0
294.08,285.05,117.67,75.647
307.0,293.0,124.0,79.0
315.0,297.0,130.0,83.0
324.0,310.0,137.0,87.0
357.72,320.88,116.47,96.06
368.0,326.0,116.0,96.0
393.0,339.0,116.0,96.0
412.0,360.0,122.0,101.0
422.56,378.51,140.49,109.27
445.0,389.0,140.0,109.0
460.99,400.12,153.7,120.08
487.4,419.34,163.3,129.68
502.0,426.0,163.0,130.0
518.62,436.15,153.7,122.48
538.0,441.0,154.0,122.0
551.0,454.0,154.0,122.0
553.45,456.56,186.12,134.48
555.0,454.0,186.0,134.0
548.0,452.0,186.0,134.0
537.0,448.0,186.0,134.0
515.02,430.14,196.92,145.29
498.0,413.0,197.0,145.0
477.0,394.0,197.0,145.0
450.0,377.0,197.0,145.0
433.0,360.0,197.0,145.0
415.0,346.0,197.0,145.0
398.0,328.0,197.0,145.0
383.0,313.0,197.0,145.0
368.0,300.0,197.0,145.0
358.0,288.0,197.0,145.0
355.0,285.0,197.0,145.0
352.0,277.0,197.0,145.0
351.0,273.0,197.0,145.0
350.0,270.0,197.0,145.0
349.0,266.0,197.0,145.0
349.0,264.0,197.0,145.0
359.0,250.0,197.0,145.0
349.32,227.22,219.74,166.9
351.0,221.0,220.0,167.0
353.0,219.0,220.0,167.0
357.0,215.0,220.0,167.0
359.0,214.0,220.0,167.0
361.0,213.0,220.0,167.0
368.0,210.0,220.0,167.0
369.0,209.0,220.0,167.0
370.0,208.0,220.0,167.0
377.0,205.0,220.0,167.0
378.0,204.0,220.0,167.0
378.0,203.0,220.0,167.0
379.0,203.0,220.0,167.0
378.0,200.0,224.0,171.0
378.0,201.0,224.0,171.0
378.0,202.0,224.0,171.0
379.0,203.0,224.0,171.0
379.0,204.0,224.0,171.0
379.0,205.0,224.0,171.0
383.0,205.0,224.0,171.0
383.0,205.0,224.0,171.0
384.0,206.0,224.0,171.0
386.0,206.0,224.0,171.0
387.0,207.0,224.0,171.0
386.0,205.0,228.0,175.0
391.0,203.0,228.0,175.0
405.0,198.0,228.0,175.0
427.0,198.0,228.0,175.0
442.98,216.41,243.75,147.69
466.0,220.0,244.0,148.0
487.4,206.8,267.77,154.9
526.0,185.0,268.0,155.0
572.0,165.0,268.0,155.0
615.0,156.0,268.0,155.0
637.5,137.16,279.77,182.51
662.0,131.0,280.0,183.0
720.35,120.35,236.55,189.72
755.17,111.94,206.53,188.52
787.59,89.13,182.51,187.32
833.22,79.524,162.1,164.5
866.0,86.0,158.0,161.0
890.0,90.0,158.0,161.0
880.05,98.736,174.11,164.5
879.0,120.0,174.0,165.0
862.0,147.0,174.0,165.0
846.0,172.0,174.0,165.0
846.43,199.6,157.3,147.69
846.43,228.42,156.1,127.28
843.0,243.0,156.0,127.0
841.0,258.0,156.0,127.0
853.63,269.24,135.68,122.48
856.0,273.0,136.0,122.0
857.0,273.0,136.0,122.0
862.0,285.0,136.0,122.0
871.64,287.25,122.48,114.07
881.25,286.05,106.87,112.87
898.26,287.05,91.257,110.47
905.0,293.0,91.0,110.0
906.0,300.0,91.0,110.0
912.0,301.0,91.0,110.0
915.0,298.0,91.0,110.0
917.0,297.0,91.0,110.0
918.0,299.0,91.0,110.0
928.0,300.0,77.246,108.47
928.0,301.0,77.0,108.0
927.0,299.0,77.0,108.0
924.0,299.0,77.0,108.0
918.0,300.0,77.0,108.0
912.0,301.0,77.0,108.0
905.0,301.0,77.0,108.0
894.0,299.0,77.0,108.0
883.0,293.0,77.0,108.0
872.0,290.0,77.0,108.0
864.0,290.0,77.0,108.0
859.64,290.86,74.447,99.662
856.0,280.0,74.0,100.0
854.0,278.0,74.0,100.0
843.0,274.0,74.0,100.0
826.0,273.0,74.0,100.0
815.21,271.64,76.848,92.458
