283.39,201.17,75.831,79.824
283.9,201.07,74.759,80.151
284.2,201.05,73.911,80.248
284.49,200.99,73.121,80.398
284.2,200.77,73.067,81.067
283.86,200.97,73.686,80.756
283.47,201.1,74.498,80.486
283.18,201.21,75.154,80.297
283.0,201.36,75.565,79.989
282.18,201.04,77.301,80.58
281.5,200.74,78.761,81.128
281.77,200.55,78.308,81.369
282.17,200.33,77.59,81.761
282.7,200.19,76.613,81.996
282.87,199.59,76.237,82.553
282.71,198.79,76.492,84.002
282.98,198.99,75.9,83.683
283.14,199.12,75.494,83.41
283.19,199.16,75.329,83.365
283.17,199.31,75.231,83.098
283.04,199.43,75.348,82.936
283.55,200.88,74.468,80.22
283.91,201.57,74.518,78.753
284.61,202.56,73.235,76.764
285.23,203.54,72.04,74.797
285.75,204.49,70.956,72.938
286.25,205.47,69.891,70.949
286.75,206.41,68.811,69.055
286.8,206.53,68.706,68.848
286.84,206.54,68.598,68.808
286.88,206.62,68.509,68.681
286.93,206.68,68.404,68.591
286.95,206.73,68.284,68.485
286.98,206.8,68.206,68.344
287.01,206.85,68.07,68.228
286.98,206.9,68.055,68.126
287.09,206.79,67.843,68.43
286.93,206.69,68.237,68.676
286.77,206.52,68.663,68.98
286.6,206.3,69.062,69.321
286.44,206.25,69.439,69.423
286.22,206.14,69.865,69.558
286.05,206.21,70.27,69.414
286.05,206.98,70.305,67.942
286.05,207.59,70.3,66.75
285.55,207.28,71.341,67.389
284.68,206.93,72.754,68.133
283.84,206.5,74.091,68.969
282.99,206.04,75.608,69.758
282.31,205.62,76.968,70.526
281.88,205.22,77.904,71.289
281.76,204.93,78.237,71.822
282.57,205.04,76.737,71.704
283.45,205.16,75.063,71.611
284.32,205.12,73.393,71.801
284.9,204.99,72.128,72.194
285.64,204.87,70.638,72.517
286.27,204.62,69.361,73.041
286.95,204.37,68.04,73.498
287.5,204.79,66.979,72.584
287.25,204.94,67.507,72.181
286.82,205.21,68.336,71.548
286.37,205.47,69.228,70.945
285.94,205.63,70.044,70.586
285.64,205.75,70.621,70.294
285.34,205.75,71.14,70.267
284.97,205.66,71.937,70.447
285.42,205.82,71.028,70.128
285.87,205.9,70.077,69.979
286.26,206.0,69.271,69.825
286.55,206.11,68.727,69.626
286.75,206.29,68.343,69.31
286.99,206.46,67.822,69.016
287.29,206.63,67.315,68.701
287.57,206.78,66.9,68.442
287.85,206.82,66.478,68.31
287.98,206.89,66.162,68.142
288.1,206.92,65.901,68.039
288.21,207.0,65.637,67.841
288.35,207.08,65.35,67.662
288.48,207.16,65.063,67.468
288.61,207.29,64.803,67.213
288.76,207.42,64.508,66.947
288.89,207.55,64.238,66.679
289.02,207.76,63.983,66.27
289.17,208.0,63.74,65.841
289.29,208.4,63.523,65.029
289.38,208.92,63.339,63.996
289.46,209.59,63.195,62.702
289.63,210.35,62.863,61.232
289.78,211.22,62.567,59.562
289.3,211.48,63.466,59.082
288.84,211.59,64.318,58.814
288.44,211.69,65.096,58.578
288.21,211.68,65.579,58.632
288.09,211.55,65.77,58.901
287.94,211.27,66.082,59.476
287.83,210.89,66.296,60.243
288.4,211.22,65.167,59.595
288.62,210.79,64.734,60.446
288.87,210.26,64.219,61.492
288.96,209.75,64.041,62.515
289.09,209.36,63.798,63.291
289.14,208.98,63.694,64.069
289.25,208.72,63.493,64.586
289.37,208.47,63.196,65.109
289.88,209.07,62.181,63.922
289.78,208.96,62.311,64.137
289.81,208.97,62.338,64.083
289.76,209.01,62.444,63.985
289.77,209.15,62.51,63.714
289.57,209.18,63.011,63.696
289.21,209.18,63.768,63.686
288.82,209.19,64.55,63.689
289.06,209.86,64.031,62.4
289.38,210.48,63.393,61.138
289.48,210.56,63.131,60.911
289.04,210.35,63.99,61.378
288.69,210.22,64.681,61.616
288.47,209.97,65.117,62.116
288.41,209.68,65.265,62.657
288.37,209.41,65.338,63.214
288.34,209.01,65.372,63.989
288.43,209.04,65.286,63.974
289.06,209.24,64.009,63.548
289.69,209.36,62.64,63.282
290.22,209.47,61.49,63.08
290.57,209.45,60.721,63.174
290.37,209.39,61.117,63.302
290.13,209.39,61.631,63.279
289.98,209.38,61.935,63.306
289.88,209.38,62.167,63.289
289.59,209.51,62.725,63.054
289.34,209.78,63.193,62.509
289.25,210.16,63.422,61.71
289.76,210.73,62.456,60.549
290.25,211.26,61.47,59.491
290.75,211.77,60.507,58.447
291.36,212.3,59.229,57.369
291.66,212.31,58.666,57.286
291.97,212.18,58.014,57.483
292.21,211.99,57.532,57.877
292.3,211.59,57.344,58.597
292.26,211.18,57.435,59.36
292.12,210.85,57.725,60.003
291.81,210.48,58.356,60.719
291.81,210.47,58.389,60.74
291.82,210.45,58.336,60.754
291.84,210.49,58.342,60.67
291.83,210.49,58.345,60.702
291.85,210.51,58.334,60.654
291.86,210.52,58.302,60.622
291.86,210.51,58.3,60.633
291.88,210.53,58.283,60.622
291.87,210.54,58.3,60.64
291.88,210.55,58.289,60.587
291.88,210.53,58.246,60.656
291.9,210.57,58.222,60.569
291.89,210.53,58.206,60.619
291.9,210.54,58.202,60.64
291.91,210.56,58.179,60.615
291.9,210.54,58.168,60.63
291.88,210.54,58.191,60.623
291.54,210.35,58.865,61.018
291.33,210.34,59.348,61.077
291.27,210.46,59.475,60.876
291.33,210.74,59.343,60.399
291.37,211.1,59.291,59.716
290.58,210.83,60.851,60.269
289.82,210.7,62.357,60.586
289.37,210.83,63.202,60.303
288.83,210.33,64.255,61.294
288.25,209.82,65.379,62.307
287.53,209.27,66.858,63.337
286.98,208.74,67.904,64.382
287.26,208.98,67.371,63.932
287.64,209.11,66.656,63.671
288.02,209.1,65.926,63.68
288.52,209.56,64.851,62.766
289.08,209.96,63.758,61.98
288.75,209.59,64.335,62.693
288.42,209.25,65.057,63.436
288.16,208.72,65.576,64.471
287.94,208.32,65.953,65.269
287.9,208.08,66.118,65.782
287.72,207.98,66.55,66.052
287.46,207.89,67.171,66.195
287.92,208.42,66.32,65.08
288.28,209.01,65.6,63.882
287.93,208.91,66.347,64.082
287.4,208.63,67.419,64.661
286.63,207.8,68.947,66.325
285.9,207.43,70.324,67.091
285.27,206.98,71.452,68.027
284.62,206.62,72.609,68.719
284.21,206.19,73.439,69.528
284.3,205.77,73.209,70.34
284.47,205.47,72.871,70.927
284.84,205.57,72.18,70.763
285.03,205.13,71.763,71.632
285.08,204.65,71.689,72.636
285.21,204.04,71.442,73.868
285.1,203.3,71.603,75.35
285.07,203.3,71.678,75.372
285.08,203.31,71.624,75.365
285.07,203.32,71.62,75.366
285.1,203.35,71.561,75.357
285.04,203.34,71.596,75.352
285.01,203.38,71.621,75.354
285.03,203.39,71.622,75.32
284.93,203.79,71.767,74.356
285.0,204.28,71.733,73.189
285.17,204.79,71.428,72.331
285.5,205.31,70.85,71.378
285.19,205.46,71.543,71.154
285.09,205.71,71.859,70.799
285.13,205.96,71.862,70.367
285.47,205.76,71.246,70.676
285.85,205.46,70.502,71.24
286.24,205.2,69.691,71.77
285.82,204.78,70.639,72.471
285.69,204.89,70.606,72.23
285.57,204.81,70.614,72.447
285.28,204.75,71.15,72.648
285.02,204.72,71.703,72.733
284.8,204.71,72.146,72.768
284.39,204.72,73.018,72.788
284.95,204.99,71.936,72.264
285.62,205.24,70.65,71.68
286.09,205.51,69.704,71.109
286.81,205.76,68.375,70.514
286.73,205.96,68.535,70.069
286.58,206.23,68.773,69.477
286.6,206.5,68.651,68.899
286.74,206.66,68.407,68.583
286.99,206.69,67.88,68.59
287.31,206.69,67.303,68.604
287.68,206.66,66.635,68.681
288.01,206.72,65.908,68.589
288.21,206.6,65.529,68.716
288.25,206.49,65.452,68.858
288.15,206.44,65.732,68.905
288.1,206.32,66.318,69.036
288.27,206.21,67.193,69.149
288.99,206.07,68.159,69.323
290.92,206.07,68.168,69.343
293.77,206.1,68.162,69.331
297.73,206.13,68.168,69.353
302.86,206.18,68.128,69.389
309.27,206.26,68.183,69.422
317.1,206.39,68.177,69.435
326.36,206.58,68.231,69.466
337.06,206.8,68.353,69.445
349.72,207.14,67.704,69.445
363.08,207.85,68.595,68.997
377.98,208.65,69.392,68.417
394.38,209.49,70.031,67.933
412.22,210.52,70.44,67.384
431.42,211.63,70.657,66.942
451.83,212.84,70.698,66.545
472.89,214.22,71.363,66.005
494.46,214.98,72.752,66.995
516.56,215.84,74.45,68.097
539.11,216.92,76.144,69.315
561.88,218.26,77.984,70.34
584.66,219.84,56.34,71.692
607.16,221.69,33.84,73.063
nan,nan,nan,nan
nan,nan,nan,nan
nan,nan,nan,nan
nan,nan,nan,nan
nan,nan,nan,nan
nan,nan,nan,nan
nan,nan,nan,nan
nan,nan,nan,nan
nan,nan,nan,nan
nan,nan,nan,nan
nan,nan,nan,nan
nan,nan,nan,nan
nan,nan,nan,nan
nan,nan,nan,nan
nan,nan,nan,nan
nan,nan,nan,nan
nan,nan,nan,nan
nan,nan,nan,nan
nan,nan,nan,nan
nan,nan,nan,nan
nan,nan,nan,nan
nan,nan,nan,nan
605.47,330.46,35.53,80.897
582.93,334.15,58.067,84.844
559.65,338.59,81.35,86.982
536.37,344.01,82.112,87.119
513.27,349.46,81.698,87.175
490.91,355.28,80.861,86.261
469.07,359.83,80.139,86.404
447.98,364.35,79.558,86.759
428.05,370.57,78.59,84.99
409.23,376.6,77.691,83.483
391.66,381.98,76.82,83.083
375.42,387.2,75.963,82.771
360.38,391.96,75.662,83.042
347.43,398.0,73.673,80.398
335.97,403.85,71.716,77.15
325.97,409.34,69.906,71.658
317.46,414.64,68.064,66.36
310.44,419.55,66.278,61.448
304.83,424.19,64.442,56.81
300.52,427.99,62.619,53.008
296.69,430.79,62.674,50.207
293.98,432.87,62.716,48.127
292.14,434.55,62.793,46.448
291.01,435.79,62.937,45.21
290.24,436.69,63.273,44.308
289.8,437.0,63.677,43.998
289.39,436.88,64.405,44.118
289.0,436.26,65.154,44.736
288.41,435.32,65.886,45.676
287.46,433.96,66.538,47.04
285.88,432.13,67.275,48.865
283.61,429.99,67.858,51.01
280.36,427.31,68.583,53.69
276.26,424.53,68.86,56.47
270.04,420.3,71.06,60.7
262.45,415.8,73.293,65.2
253.5,410.95,75.504,70.047
243.02,405.77,77.757,75.229
231.06,400.25,80.068,80.75
217.1,393.62,83.333,87.38
201.73,386.74,86.409,94.26
185.74,380.69,87.683,96.818
168.13,374.8,89.379,98.784
149.14,368.81,91.204,100.63
128.87,362.8,92.966,102.39
107.46,356.38,94.977,104.75
85.442,350.87,96.093,105.12
62.772,345.4,96.979,105.32
39.317,339.83,98.172,105.7
15.582,334.02,99.023,106.46
1.0,328.0,90.685,107.53
1.0,321.95,67.753,108.69
1.0,316.05,45.152,109.48
nan,nan,nan,nan
nan,nan,nan,nan
nan,nan,nan,nan
nan,nan,nan,nan
nan,nan,nan,nan
nan,nan,nan,nan
nan,nan,nan,nan
nan,nan,nan,nan
nan,nan,nan,nan
nan,nan,nan,nan
nan,nan,nan,nan
nan,nan,nan,nan
nan,nan,nan,nan
nan,nan,nan,nan
nan,nan,nan,nan
nan,nan,nan,nan
nan,nan,nan,nan
nan,nan,nan,nan
nan,nan,nan,nan
nan,nan,nan,nan
nan,nan,nan,nan
nan,nan,nan,nan
1.0,197.86,53.914,119.44
1.0,196.01,76.305,118.01
1.0,195.91,97.668,114.21
9.9453,196.01,110.06,110.48
35.213,196.32,106.01,106.78
59.87,196.82,102.1,103.1
83.705,197.33,98.569,99.865
106.5,197.92,95.465,96.817
128.24,197.55,94.132,94.972
147.91,196.9,93.562,94.449
166.31,196.28,93.01,94.441
183.25,195.8,92.635,94.32
198.66,195.36,92.424,94.277
213.39,195.59,90.602,93.152
226.39,195.87,88.945,91.966
237.96,196.16,87.331,90.87
248.01,196.59,85.66,89.727
256.59,196.96,84.103,88.675
263.71,197.45,82.529,87.439
269.62,197.9,81.028,86.408
273.81,198.41,80.483,85.278
277.06,198.99,79.669,84.055
279.58,199.73,78.555,82.643
281.45,200.53,77.34,81.014
282.78,201.49,75.947,79.124
283.84,202.6,74.394,76.937
284.82,203.73,72.571,74.696
285.23,203.82,71.683,74.504
285.83,203.87,70.95,74.306
286.85,203.96,70.223,74.201
288.43,204.02,69.456,74.039
290.3,203.39,69.538,75.275
293.14,202.69,69.77,76.674
296.86,202.04,70.136,77.875
302.13,201.91,69.783,77.94
308.81,201.81,69.267,77.881
316.77,201.8,69.022,77.513
325.48,200.97,70.082,78.715
336.21,200.67,70.29,78.745
348.43,200.41,70.572,78.539
362.08,200.1,70.876,78.325
376.97,199.06,71.685,79.356
393.14,197.86,72.644,80.593
410.63,196.52,73.776,81.845
429.98,195.73,73.618,81.713
450.4,194.85,73.611,81.565
471.68,193.74,73.694,81.532
493.84,192.48,73.788,81.442
516.91,191.45,73.623,80.494
540.29,190.35,73.486,79.266
564.06,189.12,73.272,77.941
587.84,187.53,53.156,76.766
610.79,184.91,30.21,77.183
nan,nan,nan,nan
nan,nan,nan,nan
nan,nan,nan,nan
nan,nan,nan,nan
nan,nan,nan,nan
nan,nan,nan,nan
nan,nan,nan,nan
nan,nan,nan,nan
nan,nan,nan,nan
nan,nan,nan,nan
nan,nan,nan,nan
nan,nan,nan,nan
nan,nan,nan,nan
nan,nan,nan,nan
nan,nan,nan,nan
nan,nan,nan,nan
nan,nan,nan,nan
nan,nan,nan,nan
nan,nan,nan,nan
nan,nan,nan,nan
nan,nan,nan,nan
nan,nan,nan,nan
606.06,67.406,34.936,87.479
583.1,62.528,57.9,86.284
559.95,57.633,81.05,85.08
536.8,52.908,80.698,83.689
514.54,48.689,78.267,81.298
492.91,44.551,75.787,78.916
472.07,40.509,73.16,76.392
451.84,36.333,70.675,74.098
432.77,32.254,68.135,71.819
414.54,28.174,65.999,69.591
397.5,24.132,64.072,67.563
380.9,19.15,63.926,67.543
365.62,14.269,63.966,67.641
351.79,9.5761,64.098,67.757
339.33,5.0125,64.534,68.001
328.15,1.0,65.196,67.862
318.48,1.0,65.958,64.117
310.19,1.0,66.839,60.682
304.06,1.0,66.218,56.489
298.85,1.0,66.395,53.769
294.79,1.0,66.644,51.37
291.77,1.0,67.032,49.357
289.6,1.0,67.469,47.687
288.36,1.0,67.678,46.428
287.75,1.0,67.688,45.625
287.55,1.0,67.553,45.213
287.54,1.0,67.578,45.028
287.48,1.0,67.661,45.425
287.37,1.0,67.3,46.267
286.96,1.0,66.859,47.558
285.97,1.0,66.313,49.323
282.92,1.0,68.472,52.074
278.95,1.0,70.476,55.139
274.55,1.0,71.323,57.669
268.99,1.0,72.091,60.48
262.12,1.0,72.962,63.479
253.71,1.0,73.936,66.864
243.81,1.0,75.116,70.38
233.43,2.3347,74.275,73.405
221.42,6.4501,73.565,74.023
207.81,10.793,73.177,74.616
192.85,15.271,72.655,75.391
176.3,19.835,72.291,76.113
158.64,24.518,71.715,76.975
138.81,28.544,72.752,79.211
118.21,33.575,73.302,79.634
96.479,38.819,73.966,79.842
73.909,44.145,74.64,79.908
50.618,49.29,75.432,80.411
26.802,54.431,76.302,81.011
2.5642,59.584,77.399,81.544
1.0,64.608,56.145,82.469
1.0,69.668,33.508,83.338
nan,nan,nan,nan
nan,nan,nan,nan
nan,nan,nan,nan
nan,nan,nan,nan
nan,nan,nan,nan
nan,nan,nan,nan
nan,nan,nan,nan
nan,nan,nan,nan
nan,nan,nan,nan
nan,nan,nan,nan
nan,nan,nan,nan
nan,nan,nan,nan
nan,nan,nan,nan
nan,nan,nan,nan
nan,nan,nan,nan
nan,nan,nan,nan
nan,nan,nan,nan
nan,nan,nan,nan
nan,nan,nan,nan
nan,nan,nan,nan
nan,nan,nan,nan
nan,nan,nan,nan
1.0,179.92,40.111,86.907
1.0,182.48,63.516,86.658
1.0,184.83,87.072,86.248
17.857,186.99,93.615,85.895
42.033,189.16,92.004,85.004
65.835,191.41,90.249,83.603
88.733,193.34,88.836,82.624
110.79,195.0,87.551,81.699
131.74,196.68,86.38,80.609
151.54,198.01,85.439,79.657
170.45,199.44,83.655,78.119
188.17,200.68,81.736,76.728
204.23,201.41,80.207,76.108
218.91,202.31,78.455,75.069
231.5,203.29,77.999,73.73
242.33,203.89,77.936,72.994
251.77,204.26,77.693,72.47
259.66,204.76,77.565,71.923
266.24,205.0,77.312,71.446
271.43,205.41,77.247,70.965
275.22,205.52,77.566,70.68
278.41,205.29,76.869,71.299
280.76,205.02,76.056,71.847
282.09,204.65,75.703,72.504
282.81,204.38,75.521,73.13
282.94,204.0,75.688,73.831
282.65,203.67,76.183,74.579
282.57,203.38,76.33,75.072
282.65,203.19,76.564,75.37
283.12,203.14,76.843,75.614
284.1,202.89,77.184,75.921
285.94,202.87,77.32,76.092
288.14,202.66,78.779,76.538
291.47,202.44,80.153,77.118
295.93,202.22,81.609,77.615
301.73,201.96,83.076,78.337
308.93,201.73,84.583,79.076
317.59,201.57,86.043,79.647
327.68,201.35,87.773,80.616
339.81,201.38,88.284,81.077
353.32,201.44,88.894,81.6
368.25,201.47,89.597,82.353
384.56,201.74,90.407,82.914
402.14,202.01,91.344,83.612
420.88,202.36,92.31,84.346
440.96,203.04,92.964,84.895
462.01,203.68,93.631,85.907
483.84,204.54,94.43,86.743
506.98,204.92,93.975,88.984
530.19,205.96,94.325,90.279
553.8,207.33,87.195,92.25
577.61,209.07,63.39,94.015
601.08,211.08,39.92,95.035
nan,nan,nan,nan
nan,nan,nan,nan
nan,nan,nan,nan
nan,nan,nan,nan
nan,nan,nan,nan
nan,nan,nan,nan
nan,nan,nan,nan
nan,nan,nan,nan
nan,nan,nan,nan
nan,nan,nan,nan
nan,nan,nan,nan
nan,nan,nan,nan
nan,nan,nan,nan
nan,nan,nan,nan
nan,nan,nan,nan
nan,nan,nan,nan
nan,nan,nan,nan
nan,nan,nan,nan
nan,nan,nan,nan
nan,nan,nan,nan
nan,nan,nan,nan
nan,nan,nan,nan
599.93,325.86,41.068,90.464
577.33,332.27,63.67,88.438
554.72,338.03,86.28,87.88
532.32,343.76,90.24,87.129
510.06,349.46,87.934,86.561
488.03,354.98,86.074,86.22
466.57,360.35,84.268,86.225
445.89,365.47,82.685,86.548
426.16,370.61,81.305,86.79
407.31,376.17,80.325,85.964
389.48,381.61,79.823,85.283
371.96,386.44,81.491,85.513
355.89,391.3,83.132,85.481
341.29,395.89,84.822,85.11
327.2,399.14,88.498,81.86
314.72,402.25,92.01,78.75
303.57,405.12,95.808,75.88
293.88,407.53,99.656,73.467
286.79,409.81,101.07,71.188
280.89,411.58,102.76,69.419
276.17,413.12,104.37,67.88
273.65,415.32,103.79,65.68
271.8,417.06,103.54,63.94
270.67,418.52,103.41,62.48
270.2,419.56,103.06,61.44
270.06,420.32,102.83,60.678
270.2,420.78,102.51,60.22
270.18,420.78,102.48,60.22
269.93,420.44,102.47,60.56
269.29,419.88,102.4,61.12
268.21,418.83,102.18,62.167
266.36,417.48,101.89,63.52
263.65,415.83,101.5,65.165
259.89,413.74,101.11,67.257
255.07,411.39,100.39,69.606
248.93,408.75,99.771,72.246
241.42,404.7,99.051,76.3
232.5,400.38,98.283,80.62
222.05,395.71,97.581,85.29
210.01,390.88,97.051,90.12
196.29,385.65,96.649,95.344
181.03,380.21,96.453,98.304
164.37,374.37,96.426,100.13
146.25,369.56,96.384,99.543
126.73,364.78,96.928,98.874
106.05,359.7,97.417,98.496
84.352,354.47,97.953,98.381
61.755,348.98,98.623,98.348
38.601,343.61,99.144,98.427
14.943,338.19,99.685,98.388
1.0,332.71,90.136,98.52
1.0,327.02,66.486,98.812
1.0,321.22,43.773,99.369
nan,nan,nan,nan
nan,nan,nan,nan
nan,nan,nan,nan
nan,nan,nan,nan
nan,nan,nan,nan
nan,nan,nan,nan
nan,nan,nan,nan
nan,nan,nan,nan
nan,nan,nan,nan
nan,nan,nan,nan
nan,nan,nan,nan
nan,nan,nan,nan
nan,nan,nan,nan
nan,nan,nan,nan
nan,nan,nan,nan
nan,nan,nan,nan
nan,nan,nan,nan
nan,nan,nan,nan
nan,nan,nan,nan
nan,nan,nan,nan
nan,nan,nan,nan
nan,nan,nan,nan
1.0,213.71,51.081,85.767
1.0,211.6,73.61,84.712
1.0,209.89,96.239,83.431
11.324,208.34,107.09,83.248
37.239,207.06,102.07,83.025
62.287,205.88,97.812,82.942
87.109,205.01,92.687,82.775
110.74,204.24,88.156,82.763
133.18,203.51,84.1,83.067
153.11,202.02,82.621,84.984
170.41,200.96,84.006,85.689
186.38,199.93,85.516,86.539
201.46,199.45,85.939,86.466
214.31,198.81,87.794,86.867
225.66,198.16,89.645,87.394
235.44,197.66,91.659,87.854
244.65,197.68,91.839,87.447
252.48,197.83,91.878,86.868
258.84,197.96,92.044,86.348
263.35,197.59,93.281,86.786
267.38,197.56,93.217,86.762
270.23,197.49,93.245,86.789
272.26,197.49,93.091,86.761
273.45,197.56,93.118,86.674
274.05,197.02,93.192,87.828
274.27,196.29,93.162,89.099
274.27,195.7,93.24,90.341
274.31,194.99,93.21,91.703
274.49,194.42,93.281,92.904
275.1,193.82,93.312,94.148
276.27,193.12,93.348,95.393
278.33,193.04,93.165,95.488
281.26,193.07,93.099,95.4
285.26,193.04,92.984,95.286
290.43,192.98,92.985,95.294
296.85,192.91,93.078,95.211
304.68,192.69,93.1,95.321
313.15,192.02,94.829,96.284
323.04,191.13,96.648,97.431
334.38,190.21,98.658,98.613
347.18,189.05,100.68,99.947
361.46,187.94,102.74,101.14
377.11,186.54,104.9,102.6
394.02,184.91,107.19,104.37
411.8,183.39,110.29,105.77
430.67,181.5,113.47,107.42
450.48,179.41,116.77,109.09
471.12,177.15,120.13,110.84
491.14,174.01,126.11,113.95
511.58,170.63,129.42,117.06
532.38,167.26,108.61,119.77
552.95,162.5,88.05,124.67
573.28,157.52,67.716,129.48
593.0,152.01,48.0,134.59
nan,nan,nan,nan
nan,nan,nan,nan
nan,nan,nan,nan
nan,nan,nan,nan
nan,nan,nan,nan
nan,nan,nan,nan
nan,nan,nan,nan
nan,nan,nan,nan
nan,nan,nan,nan
nan,nan,nan,nan
nan,nan,nan,nan
nan,nan,nan,nan
nan,nan,nan,nan
nan,nan,nan,nan
nan,nan,nan,nan
nan,nan,nan,nan
nan,nan,nan,nan
nan,nan,nan,nan
nan,nan,nan,nan
nan,nan,nan,nan
572.81,8.1621,68.186,209.38
549.33,2.4035,91.67,209.28
525.47,1.0,115.53,204.99
501.36,1.0,139.64,199.41
477.29,1.0,163.71,194.0
453.3,1.0,187.7,188.66
431.42,1.0,202.21,182.56
410.0,1.0,199.93,176.65
389.75,1.0,197.06,170.35
370.17,1.0,194.76,164.22
351.49,1.0,192.99,158.14
333.9,1.0,191.49,152.37
318.87,1.0,187.63,145.49
305.21,1.0,183.86,138.75
292.99,1.0,180.24,132.2
281.68,1.0,177.9,126.47
271.88,1.0,175.47,121.04
263.69,1.0,173.07,115.87
256.98,1.0,170.62,110.96
251.76,1.0,168.04,106.84
247.79,1.0,165.64,103.02
245.09,1.0,163.18,99.527
243.46,1.0,160.7,96.405
242.75,1.0,158.23,93.668
242.86,1.0,155.72,91.328
243.51,1.0,153.24,89.448
243.19,1.0,153.36,88.776
243.12,1.0,153.42,88.537
243.06,1.0,153.41,88.782
242.8,1.0,153.42,89.381
242.18,1.0,153.4,90.353
241.29,1.0,152.79,90.618
239.7,1.0,152.04,91.172
237.2,1.0,151.29,92.178
233.75,1.0,150.38,93.531
229.09,1.0,149.51,95.261
223.21,1.0,148.51,97.538
215.94,1.0,147.56,100.19
207.08,1.0,146.91,104.52
196.62,1.0,146.52,109.06
184.69,1.0,146.07,113.93
171.11,1.0,145.84,119.0
156.0,1.0,145.76,124.26
139.39,1.0,145.84,129.8
121.42,1.0,145.96,135.38
101.99,1.0,146.39,141.15
81.251,1.0,147.1,146.93
59.426,1.1564,147.97,152.62
36.544,5.7906,149.19,153.73
12.777,10.705,150.72,154.72
1.0,15.499,139.88,155.65
1.0,20.491,117.05,156.44
1.0,25.563,94.254,157.07
1.0,30.725,71.736,157.53
1.0,34.302,50.57,161.05
nan,nan,nan,nan
nan,nan,nan,nan
nan,nan,nan,nan
nan,nan,nan,nan
nan,nan,nan,nan
nan,nan,nan,nan
nan,nan,nan,nan
nan,nan,nan,nan
nan,nan,nan,nan
nan,nan,nan,nan
nan,nan,nan,nan
nan,nan,nan,nan
nan,nan,nan,nan
nan,nan,nan,nan
nan,nan,nan,nan
nan,nan,nan,nan
nan,nan,nan,nan
nan,nan,nan,nan
nan,nan,nan,nan
nan,nan,nan,nan
nan,nan,nan,nan
1.0,149.99,69.599,148.55
1.0,153.22,91.985,147.11
1.0,156.3,114.65,145.57
1.0,158.97,137.39,144.25
12.381,161.32,148.58,143.05
36.268,163.01,146.9,142.32
59.345,164.57,145.44,141.59
81.428,165.84,144.27,141.01
102.45,166.95,143.28,140.53
122.89,168.2,141.16,139.57
142.03,169.23,139.15,138.71
159.75,170.13,137.3,137.87
175.97,170.88,135.57,137.23
190.69,171.5,133.9,136.57
203.86,172.04,132.31,135.96
215.5,172.57,130.74,135.35
224.97,172.75,130.5,135.34
232.94,172.83,130.32,135.35
238.54,172.84,132.05,135.46
242.75,172.67,133.94,135.8
245.85,172.57,135.67,136.01
247.94,172.27,137.26,136.63
249.12,172.0,138.82,137.28
249.28,172.11,140.9,137.06
248.93,172.04,142.87,137.15
249.18,172.04,142.85,137.11
249.27,172.03,142.72,137.12
249.39,172.04,142.54,137.14
249.81,172.02,142.18,137.23
250.68,171.88,141.69,137.43
251.63,171.48,142.21,138.27
253.26,171.05,142.83,139.06
255.89,170.67,143.39,139.89
259.59,170.18,143.89,140.79
263.97,170.26,145.49,140.86
269.64,170.22,147.12,140.93
276.57,170.22,149.05,141.12
285.19,170.81,150.51,140.21
295.31,171.36,152.02,139.42
306.94,171.99,153.55,138.68
320.08,172.56,155.07,138.1
335.14,172.78,155.66,138.44
351.71,173.13,156.14,138.76
369.9,173.9,155.98,138.57
389.88,173.98,154.79,139.97
410.9,174.28,153.7,141.19
432.68,174.64,153.14,142.99
455.13,175.06,152.93,144.87
478.21,175.59,152.77,147.05
501.25,176.55,139.75,148.69
524.29,177.36,116.71,150.58
547.15,178.41,93.85,152.52
569.92,179.53,71.075,154.93
591.51,182.22,49.49,155.12
nan,nan,nan,nan
nan,nan,nan,nan
nan,nan,nan,nan
nan,nan,nan,nan
nan,nan,nan,nan
nan,nan,nan,nan
nan,nan,nan,nan
nan,nan,nan,nan
nan,nan,nan,nan
nan,nan,nan,nan
nan,nan,nan,nan
nan,nan,nan,nan
nan,nan,nan,nan
nan,nan,nan,nan
nan,nan,nan,nan
nan,nan,nan,nan
nan,nan,nan,nan
nan,nan,nan,nan
nan,nan,nan,nan
nan,nan,nan,nan
nan,nan,nan,nan
578.06,301.71,62.936,141.36
555.89,308.62,85.108,138.29
533.35,315.42,107.65,135.38
510.69,322.2,130.31,132.52
488.33,328.93,131.93,129.77
465.9,334.73,130.77,128.86
444.12,340.37,129.72,128.24
423.06,346.04,128.95,127.44
402.92,351.56,128.26,126.86
383.85,357.0,127.75,124.0
365.84,362.24,127.48,118.76
349.28,367.41,127.25,113.59
334.06,372.32,126.95,108.68
320.31,377.07,126.74,103.93
308.06,381.64,126.61,99.357
297.24,385.84,126.53,95.16
287.93,389.86,126.49,91.138
280.11,393.55,126.49,87.45
273.68,396.92,126.39,84.08
268.39,399.81,126.59,81.19
264.45,402.51,126.59,78.487
261.58,404.77,126.59,76.23
259.59,406.6,126.57,74.4
258.49,408.08,126.34,72.916
257.99,409.18,126.19,71.82
257.83,409.83,125.93,71.17
258.02,410.2,125.55,70.8
258.13,410.02,125.16,70.976
258.05,409.44,124.85,71.56
258.06,408.54,123.58,72.459
257.5,407.18,122.29,73.82
256.09,405.29,120.99,75.71
253.8,403.13,119.78,77.865
250.38,400.54,118.56,80.457
246.12,398.36,116.77,82.64
240.43,395.8,115.26,85.196
232.91,392.95,114.46,88.05
225.12,390.42,111.44,90.58
215.91,387.73,108.35,93.27
205.16,384.72,105.29,96.28
192.88,381.51,102.22,99.49
178.62,377.69,100.12,103.31
162.93,373.65,98.273,101.61
145.73,369.5,96.665,99.682
125.92,364.37,97.837,99.231
104.78,358.82,99.113,99.315
82.607,353.14,100.55,99.497
59.447,347.38,102.27,100.17
35.698,341.61,103.89,100.84
11.244,335.71,105.79,101.66
1.0,329.76,93.322,102.56
1.0,323.76,70.589,103.48
1.0,317.63,48.188,104.58
nan,nan,nan,nan
nan,nan,nan,nan
nan,nan,nan,nan
nan,nan,nan,nan
nan,nan,nan,nan
nan,nan,nan,nan
nan,nan,nan,nan
nan,nan,nan,nan
nan,nan,nan,nan
nan,nan,nan,nan
nan,nan,nan,nan
nan,nan,nan,nan
nan,nan,nan,nan
nan,nan,nan,nan
nan,nan,nan,nan
nan,nan,nan,nan
nan,nan,nan,nan
nan,nan,nan,nan
nan,nan,nan,nan
nan,nan,nan,nan
nan,nan,nan,nan
nan,nan,nan,nan
1.0,212.35,41.333,90.699
1.0,210.17,64.269,90.455
1.0,208.1,87.559,90.407
17.723,206.32,94.032,90.315
41.371,204.69,93.517,90.338
65.27,203.33,91.561,90.108
88.369,202.1,89.906,90.004
110.57,201.01,88.326,89.959
131.66,200.05,86.988,89.944
151.5,199.14,85.848,90.169
170.07,198.41,84.801,90.247
187.26,197.74,83.763,90.381
202.46,197.1,83.964,90.835
216.05,196.62,84.362,91.109
228.14,196.18,84.786,91.489
238.8,195.78,85.124,91.847
247.95,195.45,85.476,92.196
255.59,195.13,85.895,92.592
261.91,195.26,86.167,92.157
266.97,195.35,86.383,91.777
270.77,195.52,86.703,91.327
273.41,195.62,87.104,91.057
275.08,195.67,87.701,90.889
275.93,195.69,88.373,90.871
276.12,195.6,89.27,91.003
275.81,195.13,90.337,92.05
275.21,194.56,91.564,93.306
274.15,193.74,93.77,94.907
273.28,192.86,95.949,96.688
272.75,191.91,98.337,98.593
272.77,190.92,100.76,100.57
273.54,189.87,103.23,102.69
275.19,188.82,105.78,104.8
277.93,187.72,108.32,106.96
282.24,186.82,110.1,108.81
287.94,185.96,111.68,110.55
294.77,185.46,113.74,111.22
303.27,184.64,115.39,112.45
313.22,183.79,117.03,113.66
324.62,182.81,118.88,115.07
337.5,181.73,120.78,116.54
351.83,180.49,122.79,118.11
367.47,179.17,125.01,119.75
384.64,177.22,126.97,122.52
402.67,175.34,129.8,124.94
421.88,173.33,132.59,127.36
441.96,171.09,135.7,129.85
464.12,170.22,135.97,129.11
486.83,169.12,136.51,128.43
509.26,167.55,131.74,128.22
531.9,165.82,109.1,128.02
554.38,163.67,86.619,128.19
576.49,161.27,64.51,128.34
nan,nan,nan,nan
nan,nan,nan,nan
nan,nan,nan,nan
nan,nan,nan,nan
nan,nan,nan,nan
nan,nan,nan,nan
nan,nan,nan,nan
nan,nan,nan,nan
nan,nan,nan,nan
nan,nan,nan,nan
nan,nan,nan,nan
nan,nan,nan,nan
nan,nan,nan,nan
nan,nan,nan,nan
nan,nan,nan,nan
nan,nan,nan,nan
nan,nan,nan,nan
nan,nan,nan,nan
nan,nan,nan,nan
nan,nan,nan,nan
nan,nan,nan,nan
nan,nan,nan,nan
568.95,41.483,72.05,144.17
544.14,34.572,96.856,146.76
519.42,27.919,121.58,148.89
494.59,21.084,146.41,151.43
470.0,14.156,171.0,154.15
445.8,7.065,175.69,157.23
422.01,1.0,178.92,160.74
399.43,1.0,181.38,157.76
377.91,1.0,183.6,154.55
361.06,1.0,178.31,147.7
345.42,1.0,172.96,140.68
331.0,1.0,167.95,133.94
318.22,1.0,162.52,127.03
306.74,1.0,157.25,120.21
296.7,1.0,152.12,113.59
288.28,1.0,146.84,107.13
277.9,1.0,148.93,104.51
268.96,1.0,150.99,102.01
261.66,1.0,152.69,99.781
257.21,1.0,151.5,95.155
254.78,1.0,148.64,90.409
253.29,1.0,146.04,86.131
252.73,1.0,143.35,82.259
252.82,1.0,140.85,78.729
253.74,1.0,137.78,75.682
252.72,1.0,137.1,73.098
254.12,1.0,135.6,73.757
253.83,1.0,136.51,75.068
252.9,1.0,137.75,76.754
251.63,1.0,138.99,78.86
249.71,1.0,140.4,81.485
246.94,1.0,141.99,84.285
243.26,1.0,143.54,87.473
238.64,1.0,144.9,90.954
232.82,1.0,146.25,94.683
225.65,1.0,147.73,99.027
217.1,1.0,149.06,103.44
207.13,1.0,150.26,108.21
195.6,1.0,151.56,113.15
182.5,1.0,152.88,118.31
169.95,1.0,150.21,121.31
155.94,1.0,147.4,124.36
140.48,1.0,144.7,127.55
123.64,1.0,142.09,130.99
105.47,1.0,139.71,134.49
87.183,7.3413,135.34,130.83
67.919,14.8,130.94,126.01
45.629,20.308,130.94,125.8
23.192,25.835,129.85,125.45
1.0,31.497,128.1,124.96
1.0,37.012,104.07,124.73
1.0,42.62,79.947,124.41
1.0,47.086,57.308,126.36
nan,nan,nan,nan
nan,nan,nan,nan
nan,nan,nan,nan
nan,nan,nan,nan
nan,nan,nan,nan
nan,nan,nan,nan
nan,nan,nan,nan
nan,nan,nan,nan
nan,nan,nan,nan
nan,nan,nan,nan
nan,nan,nan,nan
nan,nan,nan,nan
nan,nan,nan,nan
nan,nan,nan,nan
nan,nan,nan,nan
nan,nan,nan,nan
nan,nan,nan,nan
nan,nan,nan,nan
nan,nan,nan,nan
nan,nan,nan,nan
nan,nan,nan,nan
nan,nan,nan,nan
1.0,155.71,61.877,133.98
1.0,159.03,84.471,132.36
1.0,161.94,107.47,130.85
1.0,163.66,131.19,131.7
19.663,165.22,136.1,132.52
42.474,166.33,136.47,133.7
64.605,167.35,136.94,134.75
86.955,169.03,135.18,133.59
108.15,170.63,133.64,132.48
128.03,171.89,132.48,131.59
146.49,172.9,131.57,131.06
163.66,173.81,130.65,130.4
179.2,174.62,130.07,129.86
193.37,175.32,129.39,129.32
206.05,176.0,128.69,128.74
217.23,176.47,128.2,128.35
226.87,177.02,127.59,127.79
235.96,178.54,125.22,124.87
243.62,180.04,122.79,122.01
249.83,181.58,120.53,118.96
254.97,183.03,118.07,116.06
257.78,183.34,118.12,115.54
259.79,183.8,117.87,114.78
262.3,185.22,115.21,111.87
263.5,185.7,114.09,110.94
264.29,186.17,113.02,110.06
265.06,186.65,111.64,109.05
266.71,188.18,108.43,105.92
268.6,189.79,105.22,102.7
271.0,191.37,101.78,99.395
272.62,191.99,100.94,98.248
275.06,192.57,99.997,97.131
278.35,193.2,99.114,96.011
282.68,193.88,98.35,94.823
287.34,193.51,99.327,95.875
293.19,193.12,100.42,97.042
300.48,192.86,101.51,97.999
309.23,192.66,102.58,99.02
319.54,192.51,103.57,99.948
331.43,192.51,104.44,100.83
344.72,192.54,105.46,101.73
359.56,192.76,106.47,102.48
375.82,192.95,107.39,103.42
394.37,194.03,106.47,102.64
414.17,195.17,105.59,101.94
434.96,196.36,104.94,101.48
456.62,197.72,104.54,101.0
479.15,199.16,104.1,100.69
502.22,200.8,103.82,100.4
527.06,203.75,100.88,97.712
551.11,206.25,89.886,96.654
575.13,208.92,65.867,95.669
598.97,212.0,42.03,94.36
nan,nan,nan,nan
nan,nan,nan,nan
nan,nan,nan,nan
nan,nan,nan,nan
nan,nan,nan,nan
nan,nan,nan,nan
nan,nan,nan,nan
nan,nan,nan,nan
nan,nan,nan,nan
nan,nan,nan,nan
nan,nan,nan,nan
nan,nan,nan,nan
nan,nan,nan,nan
nan,nan,nan,nan
nan,nan,nan,nan
nan,nan,nan,nan
nan,nan,nan,nan
nan,nan,nan,nan
nan,nan,nan,nan
nan,nan,nan,nan
nan,nan,nan,nan
nan,nan,nan,nan
601.27,323.89,39.727,94.726
579.46,330.24,61.54,92.802
557.27,336.53,83.728,91.057
535.13,342.8,83.683,89.213
513.16,349.07,80.828,87.397
491.62,355.27,78.066,85.654
469.59,360.77,77.648,85.408
448.31,366.15,77.419,85.316
428.02,371.51,77.121,85.17
408.78,376.75,77.038,85.099
390.77,381.88,76.956,85.04
374.03,386.85,76.968,85.058
358.72,391.68,77.007,85.112
344.85,396.27,77.134,84.73
332.46,400.67,77.275,80.326
321.53,404.82,77.518,76.18
312.16,408.68,77.671,72.32
304.22,412.22,77.913,68.78
297.66,415.47,78.148,65.529
292.43,418.39,78.31,62.606
288.39,420.95,78.48,60.05
285.45,423.15,78.61,57.848
283.44,424.96,78.714,56.04
282.22,426.39,78.757,54.607
281.99,428.06,77.945,52.939
282.2,429.35,77.05,51.65
282.59,430.17,76.187,50.83
283.04,430.66,75.219,50.34
283.26,430.75,74.284,50.248
283.13,430.4,73.323,50.598
282.47,429.48,73.078,51.519
280.6,427.57,73.068,53.426
277.85,425.27,73.019,55.73
273.96,422.52,73.034,58.478
268.71,419.41,73.259,61.589
262.15,415.99,73.416,65.01
254.18,412.24,73.616,68.76
244.74,408.24,73.851,72.76
233.84,403.91,74.034,77.088
221.44,399.36,74.173,78.719
207.51,394.65,74.379,78.892
192.15,389.7,74.545,79.083
175.32,384.6,74.823,79.369
157.14,379.42,75.072,79.538
137.66,374.13,75.445,79.787
117.02,368.65,75.954,80.153
95.293,363.16,76.557,80.565
72.726,357.57,77.215,80.993
49.366,351.94,78.111,81.426
25.453,346.23,79.091,82.015
1.2095,340.47,80.239,82.672
1.0,334.66,57.348,83.328
1.0,328.84,34.523,83.947
nan,nan,nan,nan
nan,nan,nan,nan
nan,nan,nan,nan
nan,nan,nan,nan
nan,nan,nan,nan
nan,nan,nan,nan
nan,nan,nan,nan
nan,nan,nan,nan
nan,nan,nan,nan
nan,nan,nan,nan
nan,nan,nan,nan
nan,nan,nan,nan
nan,nan,nan,nan
nan,nan,nan,nan
nan,nan,nan,nan
nan,nan,nan,nan
nan,nan,nan,nan
nan,nan,nan,nan
nan,nan,nan,nan
nan,nan,nan,nan
nan,nan,nan,nan
nan,nan,nan,nan
1.0,217.21,37.235,83.311
1.0,214.4,60.718,83.636
1.0,211.82,84.513,84.041
20.925,210.2,87.602,83.396
44.929,208.86,86.397,82.709
68.361,207.64,85.357,82.14
90.996,206.57,84.539,81.608
112.76,205.7,83.78,81.132
133.45,204.93,83.204,80.751
152.97,204.26,82.72,80.373
171.18,203.67,82.359,80.18
188.03,203.25,82.041,79.93
203.45,202.86,81.838,79.737
217.37,202.53,81.604,79.599
229.74,202.26,81.527,79.445
240.58,201.97,81.477,79.472
249.92,201.74,81.391,79.527
257.74,201.62,81.445,79.473
264.24,201.53,81.335,79.4
269.39,201.46,81.321,79.411
273.42,201.41,81.24,79.381
276.32,201.4,81.227,79.315
278.32,201.43,81.192,79.25
279.61,201.42,81.099,79.194
280.27,201.47,81.055,79.07
280.53,201.48,81.007,79.047
280.53,201.52,80.984,78.939
280.56,201.52,80.973,78.972
280.77,201.49,80.914,78.993
281.4,201.52,80.933,78.973
282.61,201.53,80.92,78.962
284.55,201.51,80.928,78.955
287.48,201.5,80.878,78.919
291.33,200.94,81.154,79.939
296.33,200.29,81.458,81.079
302.58,199.55,81.898,82.308
310.22,198.76,82.338,83.577
319.26,197.93,82.869,84.789
329.78,197.07,83.372,86.012
341.8,196.08,83.953,87.303
355.41,195.55,84.292,87.573
370.46,194.89,84.761,87.83
386.87,194.08,85.235,88.265
404.6,193.17,85.809,88.548
423.53,192.13,86.46,88.916
443.6,190.9,87.126,89.305
464.62,189.47,87.873,89.804
486.41,187.87,88.826,90.269
508.79,186.06,89.879,90.812
531.65,184.0,90.949,91.424
554.7,181.66,86.299,92.12
577.71,179.11,63.29,92.823
600.46,176.26,40.54,93.623
nan,nan,nan,nan
nan,nan,nan,nan
nan,nan,nan,nan
nan,nan,nan,nan
nan,nan,nan,nan
nan,nan,nan,nan
nan,nan,nan,nan
nan,nan,nan,nan
nan,nan,nan,nan
nan,nan,nan,nan
nan,nan,nan,nan
nan,nan,nan,nan
nan,nan,nan,nan
nan,nan,nan,nan
nan,nan,nan,nan
nan,nan,nan,nan
nan,nan,nan,nan
nan,nan,nan,nan
nan,nan,nan,nan
nan,nan,nan,nan
nan,nan,nan,nan
nan,nan,nan,nan
600.51,62.257,40.485,97.497
577.74,57.115,63.258,96.767
554.71,52.1,86.29,95.935
531.71,47.048,91.198,95.134
508.95,42.019,90.103,94.387
486.61,36.97,89.092,93.656
464.83,32.002,88.335,92.883
443.86,26.992,87.657,92.276
423.79,22.007,87.133,91.714
404.78,17.114,86.752,91.138
386.98,12.208,86.392,90.781
370.4,7.448,86.186,90.356
355.17,2.773,86.099,90.241
341.39,1.0,86.044,87.514
329.09,1.0,85.98,83.194
318.27,1.0,85.97,79.112
309.12,1.0,85.626,74.945
301.32,1.0,85.38,71.142
294.86,1.0,85.213,67.697
289.69,1.0,85.105,64.487
285.74,1.0,84.911,61.639
282.82,1.0,84.783,59.186
280.83,1.0,84.671,57.066
279.63,1.0,84.671,55.617
278.97,1.0,84.732,54.619
278.73,1.0,84.779,53.977
278.7,1.0,84.76,53.748
278.68,1.0,84.695,53.89
278.48,1.0,84.561,54.514
277.08,1.0,86.082,56.056
275.06,1.0,87.652,57.996
272.26,1.0,89.266,60.399
268.52,1.0,90.849,63.191
263.75,1.0,92.417,66.324
257.81,1.0,93.957,69.784
250.49,1.0,95.577,73.592
242.61,1.0,95.614,77.153
233.25,1.0,95.62,81.079
222.06,1.0,96.409,85.736
209.32,1.0,97.195,90.621
195.02,1.0,98.088,95.682
179.24,3.0685,98.91,98.907
161.97,7.4881,99.926,99.877
143.31,12.056,101.06,100.92
123.34,16.64,102.51,101.98
102.47,21.776,103.43,102.17
80.568,26.894,104.45,102.48
57.697,32.056,105.67,102.8
34.056,37.172,107.03,103.27
9.8959,42.321,108.47,103.76
1.0,47.49,94.412,104.21
1.0,53.154,70.242,103.86
1.0,58.929,46.242,103.4
nan,nan,nan,nan
nan,nan,nan,nan
nan,nan,nan,nan
nan,nan,nan,nan
nan,nan,nan,nan
nan,nan,nan,nan
nan,nan,nan,nan
nan,nan,nan,nan
nan,nan,nan,nan
nan,nan,nan,nan
nan,nan,nan,nan
nan,nan,nan,nan
nan,nan,nan,nan
nan,nan,nan,nan
nan,nan,nan,nan
nan,nan,nan,nan
nan,nan,nan,nan
nan,nan,nan,nan
nan,nan,nan,nan
nan,nan,nan,nan
nan,nan,nan,nan
nan,nan,nan,nan
1.0,177.22,39.605,91.642
1.0,180.39,62.173,90.216
1.0,183.35,85.016,88.787
20.38,185.98,88.522,87.503
44.579,188.35,86.903,86.385
67.895,190.15,86.039,85.695
90.564,191.72,85.201,85.249
112.32,193.04,84.546,84.945
133.01,194.23,83.984,84.637
152.54,195.18,83.52,84.482
170.75,196.05,83.153,84.27
187.6,196.75,82.868,84.126
203.02,197.32,82.605,84.036
216.89,197.77,82.469,83.941
229.26,198.22,82.301,83.776
240.12,198.56,82.109,83.647
249.46,198.79,81.995,83.592
257.29,199.03,81.955,83.437
263.77,199.17,81.879,83.385
268.95,199.24,81.765,83.362
272.9,199.35,81.733,83.29
275.78,199.42,81.723,83.209
277.79,199.47,81.647,83.15
279.03,199.49,81.598,83.138
279.64,199.51,81.673,83.106
279.94,199.48,81.593,83.111
280.03,199.53,81.559,83.028
280.05,199.52,81.584,83.054
280.33,199.51,81.573,83.013
280.98,199.53,81.529,83.034
282.16,199.56,81.577,82.981
284.15,199.6,81.509,82.945
287.06,199.6,81.472,82.959
291.01,199.73,81.466,82.866
296.16,199.81,81.455,82.858
302.63,199.97,81.456,82.79
310.52,200.14,81.423,82.763
319.83,200.32,81.451,82.831
330.57,200.57,81.629,82.863
342.85,200.89,81.699,82.924
356.59,201.25,81.903,83.039
371.7,201.69,82.259,83.217
388.18,202.22,82.663,83.4
405.92,202.79,83.2,83.759
424.87,203.53,83.801,84.095
444.9,204.36,84.508,84.491
465.85,205.24,85.436,85.07
487.64,206.33,86.336,85.625
509.98,207.54,87.504,86.289
532.84,209.01,88.562,86.857
555.92,210.61,85.08,87.537
579.02,212.53,61.98,88.087
601.9,214.7,39.1,88.649
nan,nan,nan,nan
nan,nan,nan,nan
nan,nan,nan,nan
nan,nan,nan,nan
nan,nan,nan,nan
nan,nan,nan,nan
nan,nan,nan,nan
nan,nan,nan,nan
nan,nan,nan,nan
nan,nan,nan,nan
nan,nan,nan,nan
nan,nan,nan,nan
nan,nan,nan,nan
nan,nan,nan,nan
nan,nan,nan,nan
nan,nan,nan,nan
nan,nan,nan,nan
nan,nan,nan,nan
nan,nan,nan,nan
nan,nan,nan,nan
nan,nan,nan,nan
nan,nan,nan,nan
604.82,326.1,36.18,89.439
581.96,331.94,59.039,88.741
558.85,337.76,82.15,88.013
535.78,343.53,83.433,87.327
512.92,349.25,82.363,86.714
490.51,354.95,81.453,86.085
468.61,360.57,80.787,85.539
447.61,366.14,80.023,85.041
427.44,371.57,79.57,84.66
408.33,376.95,79.215,84.274
390.46,382.19,78.881,83.943
373.85,387.26,78.674,83.73
358.66,392.16,78.484,83.591
344.81,396.88,78.51,83.415
332.51,401.33,78.475,79.668
321.74,405.58,78.441,75.417
312.46,409.54,78.351,71.458
304.57,413.14,78.414,67.855
298.08,416.36,78.432,64.64
292.83,419.29,78.589,61.71
288.85,421.85,78.585,59.147
285.89,424.07,78.683,56.929
283.93,425.89,78.659,55.11
282.67,427.32,78.71,53.675
282.03,428.37,78.721,52.63
281.66,428.96,78.972,52.037
281.42,429.16,79.315,51.84
281.22,428.95,79.584,52.05
280.83,428.31,79.868,52.689
280.02,427.27,80.183,53.73
278.73,425.82,80.404,55.18
276.61,423.95,80.639,57.05
273.74,421.74,80.65,59.26
269.87,419.08,80.53,61.92
264.76,416.1,80.469,64.9
258.43,412.75,80.356,68.25
250.59,409.05,80.348,71.948
241.35,405.08,80.259,75.92
230.53,400.85,80.292,80.15
218.23,396.34,80.287,84.656
204.39,391.64,80.346,84.912
189.06,386.72,80.536,85.12
172.27,381.65,80.726,85.344
154.1,376.41,81.023,85.675
134.67,371.03,81.431,86.051
113.98,365.57,81.968,86.501
92.194,359.96,82.731,87.076
69.517,354.32,83.542,87.651
46.075,348.66,84.569,88.225
22.047,342.93,85.77,88.904
1.0,338.17,82.969,87.483
1.0,333.37,59.108,86.005
1.0,328.55,35.5,84.564
nan,nan,nan,nan
nan,nan,nan,nan
nan,nan,nan,nan
nan,nan,nan,nan
nan,nan,nan,nan
nan,nan,nan,nan
nan,nan,nan,nan
nan,nan,nan,nan
nan,nan,nan,nan
nan,nan,nan,nan
nan,nan,nan,nan
nan,nan,nan,nan
nan,nan,nan,nan
nan,nan,nan,nan
nan,nan,nan,nan
nan,nan,nan,nan
nan,nan,nan,nan
nan,nan,nan,nan
nan,nan,nan,nan
nan,nan,nan,nan
nan,nan,nan,nan
nan,nan,nan,nan
1.0,224.72,30.009,68.054
1.0,222.57,52.957,67.469
5.4048,220.67,71.716,66.881
29.563,218.99,70.707,66.336
53.435,217.52,69.684,65.817
76.72,216.22,68.918,65.353
99.321,215.1,68.139,64.962
121.05,214.07,67.488,64.658
141.63,213.17,67.05,64.465
161.12,212.43,66.616,64.228
179.24,211.83,66.445,63.971
195.93,211.31,66.431,63.779
211.27,210.89,66.342,63.595
225.05,210.56,66.4,63.442
237.34,210.32,66.417,63.214
248.12,210.04,66.503,63.153
257.29,209.83,66.724,63.119
265.19,209.71,66.66,63.074
271.57,209.63,66.776,63.062
276.76,209.57,66.653,63.066
280.71,209.52,66.698,63.042
283.59,209.52,66.685,63.002
285.57,209.5,66.66,63.013
286.79,209.48,66.652,63.007
287.4,209.51,66.662,62.996
287.64,209.48,66.643,63.021
287.63,209.48,66.711,63.022
287.64,209.48,66.707,63.054
287.9,209.41,66.712,63.197
288.52,209.41,66.73,63.182
289.69,209.39,66.769,63.219
291.6,209.38,66.887,63.233
294.45,209.34,66.899,63.276
298.41,209.27,66.889,63.334
303.56,209.19,66.92,63.333
309.94,209.08,67.034,63.399
317.73,208.91,67.132,63.452
326.96,208.68,67.296,63.594
337.7,208.34,67.437,63.759
349.88,207.96,67.642,63.943
363.57,207.52,67.901,64.09
378.64,206.96,68.259,64.279
395.1,206.3,68.688,64.493
412.77,204.67,69.386,66.383
431.62,202.91,70.242,68.31
451.52,200.98,71.244,70.287
472.4,198.88,72.364,72.304
494.04,196.32,73.571,74.666
516.26,193.62,74.972,77.042
538.89,190.61,76.502,79.557
561.88,188.4,77.856,80.219
584.86,185.97,56.138,80.935
607.66,183.19,33.34,81.784
nan,nan,nan,nan
nan,nan,nan,nan
nan,nan,nan,nan
nan,nan,nan,nan
nan,nan,nan,nan
nan,nan,nan,nan
nan,nan,nan,nan
nan,nan,nan,nan
nan,nan,nan,nan
nan,nan,nan,nan
nan,nan,nan,nan
nan,nan,nan,nan
nan,nan,nan,nan
nan,nan,nan,nan
nan,nan,nan,nan
nan,nan,nan,nan
nan,nan,nan,nan
nan,nan,nan,nan
nan,nan,nan,nan
nan,nan,nan,nan
nan,nan,nan,nan
nan,nan,nan,nan
604.97,67.968,36.028,86.1
581.86,62.267,59.139,86.577
558.52,56.936,82.478,86.389
534.68,51.684,85.281,86.164
511.84,46.964,84.236,84.709
489.37,42.288,83.383,83.311
467.47,37.551,82.637,82.107
446.42,32.852,81.95,80.908
426.25,28.154,81.421,79.798
407.14,23.143,81.064,79.449
389.26,18.21,80.77,79.141
372.61,13.318,80.538,78.987
357.37,8.5617,80.39,78.909
343.55,3.9311,80.281,78.887
331.18,1.0,80.287,77.38
320.33,1.0,80.215,73.265
310.9,1.0,80.312,69.378
302.96,1.0,80.334,65.791
296.41,1.0,80.498,62.526
291.2,1.0,80.569,59.634
287.11,1.0,80.839,57.13
284.13,1.0,81.013,54.948
282.07,1.0,81.204,53.194
280.82,1.0,81.29,51.837
280.12,1.0,81.441,50.846
279.85,1.0,81.517,50.3
279.8,1.0,81.549,50.116
279.71,1.0,81.651,50.364
279.47,1.0,81.662,50.986
278.9,1.0,81.57,51.99
277.69,1.0,81.595,53.933
275.71,1.0,81.582,56.224
272.87,1.0,81.451,58.889
268.92,1.0,81.701,61.934
263.83,1.0,81.894,65.272
257.4,1.0,82.242,69.337
249.66,1.0,82.452,73.855
240.45,1.0,82.439,77.873
229.74,1.0,82.487,82.273
217.56,1.0,82.567,86.859
203.57,3.2074,82.895,89.485
188.0,7.7411,83.447,90.047
171.0,12.489,84.022,90.555
152.63,17.236,84.712,91.205
132.93,22.09,85.511,91.912
112.04,27.016,86.485,92.573
90.13,31.911,87.474,93.395
67.318,36.865,88.615,94.221
43.682,41.823,89.997,95.088
19.553,46.778,91.499,96.08
1.0,51.762,87.133,97.022
1.0,56.667,64.34,98.164
1.0,61.589,41.784,99.362
nan,nan,nan,nan
nan,nan,nan,nan
nan,nan,nan,nan
nan,nan,nan,nan
nan,nan,nan,nan
nan,nan,nan,nan
nan,nan,nan,nan
nan,nan,nan,nan
nan,nan,nan,nan
nan,nan,nan,nan
nan,nan,nan,nan
nan,nan,nan,nan
nan,nan,nan,nan
nan,nan,nan,nan
nan,nan,nan,nan
nan,nan,nan,nan
nan,nan,nan,nan
nan,nan,nan,nan
nan,nan,nan,nan
nan,nan,nan,nan
nan,nan,nan,nan
nan,nan,nan,nan
1.0,177.44,38.955,91.34
1.0,180.68,61.518,89.699
1.0,183.67,84.288,88.107
20.856,186.36,87.259,86.651
45.219,188.8,85.501,85.235
68.998,190.97,83.974,84.006
91.935,192.93,82.757,83.528
113.66,194.32,82.109,83.058
134.4,195.51,81.389,82.67
153.89,196.54,80.991,82.342
172.13,197.41,80.601,82.058
188.96,198.14,80.337,81.866
204.38,198.75,80.118,81.671
218.27,199.25,79.972,81.516
230.64,199.57,79.926,81.519
241.45,199.82,79.921,81.516
250.79,200.01,79.888,81.518
258.66,200.14,79.84,81.537
265.12,200.24,79.876,81.577
270.22,200.29,79.904,81.61
274.15,200.33,79.999,81.66
277.04,200.33,79.957,81.722
278.97,200.35,79.975,81.72
280.14,200.37,80.02,81.702
280.75,200.4,80.055,81.707
281.01,200.38,80.004,81.704
281.08,200.41,80.006,81.659
281.16,200.4,79.957,81.685
281.38,200.42,79.988,81.625
281.99,200.4,79.991,81.658
283.21,200.43,79.913,81.601
285.18,200.43,79.906,81.615
288.02,200.45,79.965,81.624
292.04,200.49,79.823,81.602
297.18,200.59,79.809,81.553
303.64,200.66,79.88,81.568
311.48,200.81,79.934,81.544
320.79,200.96,79.98,81.606
331.56,201.15,80.064,81.634
343.76,201.42,80.227,81.712
357.51,201.76,80.436,81.774
372.64,202.17,80.699,81.881
389.15,202.65,81.009,82.039
406.96,203.22,81.412,82.233
425.95,203.92,81.963,82.438
446.13,204.69,82.498,82.742
467.11,205.63,83.341,83.055
488.94,206.7,84.18,83.437
511.4,207.91,85.12,83.883
534.23,209.34,86.324,84.326
557.75,211.35,83.247,84.311
581.31,213.56,59.69,84.379
604.54,216.05,36.455,84.439
nan,nan,nan,nan
nan,nan,nan,nan
nan,nan,nan,nan
nan,nan,nan,nan
nan,nan,nan,nan
nan,nan,nan,nan
nan,nan,nan,nan
nan,nan,nan,nan
nan,nan,nan,nan
nan,nan,nan,nan
nan,nan,nan,nan
nan,nan,nan,nan
nan,nan,nan,nan
nan,nan,nan,nan
nan,nan,nan,nan
nan,nan,nan,nan
nan,nan,nan,nan
nan,nan,nan,nan
nan,nan,nan,nan
nan,nan,nan,nan
nan,nan,nan,nan
nan,nan,nan,nan
603.6,326.28,37.4,89.149
580.07,331.53,60.928,89.675
556.28,336.77,84.72,90.202
532.48,341.95,89.741,90.749
508.9,347.09,90.156,91.349
486.5,352.76,89.175,90.743
464.57,358.4,88.46,90.194
443.48,363.96,87.838,89.683
423.37,369.4,87.238,89.253
404.32,374.76,86.799,88.92
386.43,379.99,86.534,88.619
369.87,385.08,86.242,88.338
354.66,390.0,86.035,88.132
340.94,394.76,85.861,86.24
328.59,399.24,85.853,81.76
317.79,403.5,85.897,77.498
308.5,407.46,85.843,73.54
300.59,411.13,85.979,69.867
294.1,414.49,86.007,66.509
288.87,417.45,86.16,63.549
284.93,420.07,86.178,60.929
282.01,422.3,86.205,58.7
280.0,424.12,86.309,56.88
278.79,425.52,86.276,55.477
278.17,426.55,86.297,54.45
277.97,427.2,86.209,53.8
277.95,427.41,86.192,53.587
277.94,427.18,86.119,53.819
277.71,426.59,86.15,54.41
277.09,425.56,86.135,55.44
275.89,424.14,86.115,56.858
273.95,422.31,86.132,58.69
271.11,420.07,86.023,60.927
267.2,417.44,85.976,63.56
262.1,414.47,85.85,66.53
255.65,411.17,85.759,69.827
247.88,407.51,85.67,73.49
238.52,403.58,85.703,77.42
227.78,399.34,85.626,81.66
215.41,394.87,85.698,86.13
201.52,390.15,85.867,87.945
186.19,385.25,85.949,88.161
169.34,380.17,86.225,88.388
151.19,374.96,86.487,88.674
131.69,369.57,86.909,89.071
111.0,364.13,87.51,89.436
89.315,358.59,88.063,89.914
66.696,352.98,88.825,90.448
43.287,347.32,89.856,90.968
19.399,341.63,90.783,91.556
1.0,335.87,86.163,92.222
1.0,330.09,63.133,92.867
1.0,324.25,40.316,93.591
nan,nan,nan,nan
nan,nan,nan,nan
nan,nan,nan,nan
nan,nan,nan,nan
nan,nan,nan,nan
nan,nan,nan,nan
nan,nan,nan,nan
nan,nan,nan,nan
nan,nan,nan,nan
nan,nan,nan,nan
nan,nan,nan,nan
nan,nan,nan,nan
nan,nan,nan,nan
nan,nan,nan,nan
nan,nan,nan,nan
nan,nan,nan,nan
nan,nan,nan,nan
nan,nan,nan,nan
nan,nan,nan,nan
nan,nan,nan,nan
nan,nan,nan,nan
nan,nan,nan,nan
1.0,214.4,39.343,88.368
1.0,212.37,62.129,87.535
1.0,210.57,85.143,86.711
20.259,208.97,88.962,85.986
44.263,207.59,87.765,85.295
67.71,206.37,86.651,84.699
90.378,205.31,85.83,84.146
112.15,204.4,85.01,83.652
132.9,203.61,84.363,83.215
152.47,202.93,83.823,82.883
170.74,202.37,83.371,82.545
187.62,201.88,83.026,82.299
202.99,201.5,82.858,82.012
216.89,201.16,82.663,81.901
229.24,200.9,82.557,81.847
240.1,200.7,82.491,81.837
249.38,200.53,82.577,81.857
257.3,200.38,82.496,81.917
263.78,200.26,82.508,81.973
268.87,200.22,82.584,82.019
272.79,200.16,82.646,82.082
275.67,200.12,82.654,82.176
277.56,200.1,82.798,82.236
278.76,200.05,82.865,82.327
279.31,200.03,82.99,82.413
279.51,199.99,83.094,82.545
279.52,199.96,83.235,82.66
279.58,199.93,83.263,82.763
279.76,199.88,83.415,82.892
280.37,199.82,83.618,83.035
281.58,199.75,83.743,83.201
283.45,199.62,84.036,83.494
286.28,199.51,84.234,83.669
290.13,199.35,84.538,83.914
295.13,199.21,84.841,84.165
301.49,198.97,85.086,84.532
309.16,198.69,85.443,84.844
318.32,198.39,85.749,85.165
328.99,198.01,86.111,85.443
341.07,197.59,86.559,85.749
354.69,197.03,87.01,86.18
369.75,196.47,87.532,86.437
386.27,195.78,87.933,86.692
404.08,195.03,88.368,86.837
423.11,194.18,88.846,86.989
443.28,193.21,89.244,87.034
464.38,192.04,89.766,87.124
486.28,190.78,90.307,87.119
508.82,189.26,90.939,87.271
531.73,187.52,91.797,87.407
554.83,185.5,86.17,87.693
577.94,183.22,63.06,88.025
600.78,180.62,40.22,88.491
nan,nan,nan,nan
nan,nan,nan,nan
nan,nan,nan,nan
nan,nan,nan,nan
nan,nan,nan,nan
nan,nan,nan,nan
nan,nan,nan,nan
nan,nan,nan,nan
nan,nan,nan,nan
nan,nan,nan,nan
nan,nan,nan,nan
nan,nan,nan,nan
nan,nan,nan,nan
nan,nan,nan,nan
nan,nan,nan,nan
nan,nan,nan,nan
nan,nan,nan,nan
nan,nan,nan,nan
nan,nan,nan,nan
nan,nan,nan,nan
nan,nan,nan,nan
nan,nan,nan,nan
604.32,67.792,36.68,86.674
582.0,62.802,58.997,85.739
559.31,57.8,81.689,84.86
536.56,52.801,81.176,84.022
513.71,47.702,80.177,83.388
491.22,42.548,79.331,82.87
469.35,37.44,78.627,82.392
448.27,32.326,78.002,81.952
428.12,27.294,77.53,81.503
409.08,22.267,77.139,81.178
391.15,17.332,76.944,80.863
374.6,12.507,76.728,80.571
359.47,7.8332,76.53,80.256
345.76,3.2659,76.415,80.085
333.5,1.0,76.356,77.782
322.79,1.0,76.295,73.531
313.44,1.0,76.371,69.773
305.5,1.0,76.506,66.304
299.04,1.0,76.562,63.133
293.8,1.0,76.755,60.3
289.79,1.0,76.885,57.814
286.87,1.0,76.985,55.665
284.88,1.0,77.075,53.926
283.61,1.0,77.229,52.551
282.98,1.0,77.246,51.556
282.7,1.0,77.373,50.992
282.65,1.0,77.38,50.8
282.57,1.0,77.393,51.053
282.31,1.0,77.428,51.681
281.71,1.0,77.384,52.725
280.45,1.0,77.41,54.229
278.45,1.0,77.491,56.108
275.58,1.0,77.463,58.346
271.66,1.0,77.439,60.995
266.52,1.0,77.382,63.964
260.05,1.0,77.381,67.292
252.18,1.0,77.378,70.982
242.81,1.0,77.391,74.937
232.0,1.0,77.398,79.19
219.62,2.8361,77.464,81.827
205.72,7.4279,77.599,81.942
190.37,12.172,77.684,82.117
173.54,17.038,77.905,82.321
155.36,22.016,78.249,82.578
135.85,27.064,78.692,82.883
115.25,32.164,79.128,83.211
93.559,37.289,79.781,83.62
70.648,42.301,81.156,84.197
47.077,47.281,82.551,84.873
22.885,52.301,84.252,85.511
1.0,57.3,83.383,86.278
1.0,62.289,60.643,87.132
1.0,67.269,38.233,88.035
nan,nan,nan,nan
nan,nan,nan,nan
nan,nan,nan,nan
nan,nan,nan,nan
nan,nan,nan,nan
nan,nan,nan,nan
nan,nan,nan,nan
nan,nan,nan,nan
nan,nan,nan,nan
nan,nan,nan,nan
nan,nan,nan,nan
nan,nan,nan,nan
nan,nan,nan,nan
nan,nan,nan,nan
nan,nan,nan,nan
nan,nan,nan,nan
nan,nan,nan,nan
nan,nan,nan,nan
nan,nan,nan,nan
nan,nan,nan,nan
nan,nan,nan,nan
nan,nan,nan,nan
1.0,179.93,40.035,86.858
1.0,182.83,62.794,85.956
1.0,185.38,85.801,85.279
20.41,187.71,89.446,84.528
44.362,189.7,88.33,84.052
67.703,191.52,87.426,83.5
90.321,193.03,86.628,83.248
112.03,194.4,85.987,82.838
132.8,195.39,85.069,82.879
152.41,196.15,84.209,82.966
170.79,196.98,83.269,82.726
187.85,197.7,82.26,82.451
203.47,198.34,81.279,82.114
217.56,198.97,80.353,81.6
230.25,199.5,80.315,81.132
241.2,200.17,80.08,80.409
250.76,200.81,79.708,79.522
258.71,201.21,79.59,79.026
265.27,201.53,79.509,78.617
270.49,201.72,79.449,78.296
275.03,202.16,78.341,77.524
278.5,202.53,77.237,76.832
281.0,202.84,76.22,76.154
282.75,203.09,75.166,75.692
283.9,203.31,74.179,75.277
284.58,203.54,73.264,74.851
284.73,203.74,72.687,74.481
285.27,204.26,71.651,73.49
286.02,204.79,70.646,72.389
287.15,205.26,69.634,71.414
288.86,205.8,68.567,70.348
291.27,206.3,67.607,69.4
294.66,206.89,66.559,68.249
299.08,207.42,65.573,67.276
304.13,207.4,65.745,67.446
310.5,207.39,65.906,67.677
318.23,207.43,66.096,67.809
327.42,207.51,66.305,68.024
338.08,207.69,66.513,68.112
350.23,207.93,66.788,68.236
363.84,208.21,67.11,68.44
378.95,208.6,67.373,68.555
395.41,209.13,67.691,68.641
412.81,209.56,68.965,69.106
431.48,210.1,70.181,69.626
451.13,210.79,71.632,70.117
471.83,211.72,72.994,70.437
493.28,212.78,74.49,70.865
515.37,213.99,76.138,71.457
537.92,215.0,77.933,73.245
561.08,216.41,78.938,74.449
584.25,218.02,56.749,75.73
607.17,219.84,33.83,77.121
nan,nan,nan,nan
nan,nan,nan,nan
nan,nan,nan,nan
nan,nan,nan,nan
nan,nan,nan,nan
nan,nan,nan,nan
nan,nan,nan,nan
nan,nan,nan,nan
nan,nan,nan,nan
nan,nan,nan,nan
nan,nan,nan,nan
nan,nan,nan,nan
nan,nan,nan,nan
nan,nan,nan,nan
nan,nan,nan,nan
nan,nan,nan,nan
nan,nan,nan,nan
nan,nan,nan,nan
nan,nan,nan,nan
nan,nan,nan,nan
nan,nan,nan,nan
nan,nan,nan,nan
606.8,330.79,34.197,79.749
583.92,336.62,57.079,79.118
560.82,342.36,80.151,78.571
537.7,348.13,79.121,77.918
514.79,353.79,78.13,77.449
492.31,359.44,77.289,76.915
470.47,365.03,76.502,76.469
449.38,370.59,75.918,76.015
429.2,376.03,75.514,75.614
410.14,381.36,75.093,75.347
392.18,386.58,74.885,75.063
375.57,391.65,74.712,74.872
360.37,396.55,74.526,74.739
346.56,401.27,74.467,74.603
334.21,405.75,74.504,74.515
323.37,410.04,74.523,70.96
314.03,414.08,74.499,66.916
305.98,417.44,74.879,63.56
299.38,420.53,75.174,60.47
294.09,423.25,75.415,57.75
289.9,425.6,75.824,55.4
286.9,427.56,76.076,53.439
284.76,429.08,76.421,51.915
283.37,430.23,76.71,50.77
282.72,431.32,76.759,49.68
282.45,431.96,76.825,49.038
283.09,432.64,75.512,48.359
283.73,433.0,74.227,47.998
284.2,432.88,72.865,48.12
284.25,432.33,71.588,48.665
283.79,431.43,70.144,49.57
282.48,430.13,68.879,50.87
280.33,428.35,67.489,52.648
276.83,426.08,66.577,54.919
272.08,423.55,65.803,57.45
266.1,420.6,64.875,60.399
258.69,417.3,64.044,63.698
249.84,413.71,63.196,66.853
239.5,409.85,62.36,66.117
227.63,405.77,61.527,65.384
213.82,401.06,61.576,65.53
198.54,396.15,61.645,65.712
181.74,391.06,61.832,65.896
163.6,385.88,62.043,66.117
144.13,380.59,62.429,66.274
123.55,375.16,62.721,66.59
101.87,369.63,63.265,66.976
79.347,364.19,63.816,67.119
56.109,358.56,64.417,67.532
31.729,352.44,66.434,68.943
6.969,346.29,68.581,70.397
1.0,340.07,51.985,71.918
1.0,333.94,29.802,73.234
nan,nan,nan,nan
nan,nan,nan,nan
nan,nan,nan,nan
nan,nan,nan,nan
nan,nan,nan,nan
nan,nan,nan,nan
nan,nan,nan,nan
nan,nan,nan,nan
nan,nan,nan,nan
nan,nan,nan,nan
nan,nan,nan,nan
nan,nan,nan,nan
nan,nan,nan,nan
nan,nan,nan,nan
nan,nan,nan,nan
nan,nan,nan,nan
nan,nan,nan,nan
nan,nan,nan,nan
nan,nan,nan,nan
nan,nan,nan,nan
nan,nan,nan,nan
nan,nan,nan,nan
1.0,228.41,24.749,60.055
1.0,226.25,47.749,59.509
10.699,224.31,61.265,58.945
34.805,222.56,60.376,58.56
58.545,221.1,59.633,58.073
81.838,219.76,58.914,57.695
104.32,218.62,58.344,57.321
126.02,217.63,57.745,57.042
146.64,216.74,57.339,56.819
165.8,215.68,57.514,57.275
183.71,214.63,57.724,57.932
199.65,213.43,59.057,59.252
214.23,212.38,60.329,60.539
227.27,211.27,61.764,61.968
238.83,210.19,63.247,63.399
248.86,209.23,64.665,64.827
257.67,208.68,65.592,65.509
265.01,208.17,66.625,66.193
271.51,208.11,66.465,66.09
276.71,208.03,66.38,66.069
280.62,208.0,66.453,65.999
283.56,207.94,66.367,66.056
286.02,207.91,65.448,66.095
287.78,207.85,64.395,66.205
288.9,207.8,63.429,66.332
289.27,208.04,63.207,65.861
289.43,208.29,63.002,65.397
289.64,208.49,62.688,65.005
289.98,208.74,62.559,64.541
290.25,209.0,63.282,63.991
291.03,209.23,64.066,63.494
292.57,209.48,64.906,62.97
295.49,209.48,64.896,62.901
299.38,209.42,64.95,62.913
304.5,209.35,64.96,62.922
311.0,209.23,64.92,62.919
318.82,209.08,64.935,62.937
328.14,208.86,64.92,62.973
338.91,208.6,64.946,63.013
351.21,208.24,65.006,63.081
364.97,207.82,65.144,63.165
380.1,207.26,65.406,63.306
396.67,206.58,65.664,63.486
414.52,205.76,65.992,63.714
433.54,204.82,66.454,63.916
453.73,203.68,66.894,64.225
474.63,201.82,67.845,65.645
496.37,199.75,68.848,67.152
518.74,197.45,69.911,68.703
541.46,194.92,71.244,70.326
564.48,192.14,72.549,71.985
587.39,189.07,53.606,73.728
610.18,185.71,30.82,75.49
nan,nan,nan,nan
nan,nan,nan,nan
nan,nan,nan,nan
nan,nan,nan,nan
nan,nan,nan,nan
nan,nan,nan,nan
nan,nan,nan,nan
nan,nan,nan,nan
nan,nan,nan,nan
nan,nan,nan,nan
nan,nan,nan,nan
nan,nan,nan,nan
nan,nan,nan,nan
nan,nan,nan,nan
nan,nan,nan,nan
nan,nan,nan,nan
nan,nan,nan,nan
nan,nan,nan,nan
nan,nan,nan,nan
nan,nan,nan,nan
nan,nan,nan,nan
nan,nan,nan,nan
608.67,71.839,32.329,79.827
586.17,67.15,54.83,78.057
563.35,62.509,74.212,76.323
540.59,57.842,72.493,74.593
518.04,53.197,70.878,72.922
495.88,48.562,69.708,71.263
473.95,43.378,69.052,70.89
452.79,38.174,68.508,70.682
432.58,33.089,68.127,70.313
413.47,27.984,67.729,70.148
395.53,23.022,67.534,69.977
378.91,18.135,67.352,69.789
363.69,13.364,67.229,69.669
354.64,13.242,58.142,60.88
342.3,8.8498,58.19,60.839
331.52,4.6442,58.136,60.808
322.21,1.0,58.086,60.558
