317.0,433.0,69.0,127.0
336.0,453.0,62.0,124.0
364.0,482.0,71.0,118.0
392.0,488.0,71.0,118.0
405.0,492.0,69.0,109.0
419.0,491.0,69.0,99.0
425.0,489.0,66.0,102.0
441.0,482.0,50.0,113.0
448.0,489.0,48.0,108.0
451.0,497.0,45.0,102.0
449.0,525.0,47.0,74.0
438.0,540.0,63.0,56.0
435.0,563.0,81.0,48.0
432.0,593.0,107.0,51.0
440.0,613.0,121.0,51.0
501.0,639.0,102.0,80.0
569.0,644.0,79.0,76.0
665.0,565.0,115.0,121.0
694.0,459.0,135.0,70.0
682.0,381.0,135.0,96.0
657.0,317.0,63.0,145.0
607.0,324.0,101.0,107.0
569.0,349.0,129.0,93.0
622.0,313.0,57.0,130.0
605.0,295.0,96.0,114.0
589.0,250.0,137.0,69.0
608.0,216.0,116.0,106.0
658.0,187.0,52.0,134.0
652.0,201.0,112.0,82.0
657.0,220.0,109.0,70.0
677.0,217.0,75.0,144.0
676.0,249.0,75.0,144.0
686.0,349.0,98.0,134.0
746.0,436.0,45.0,145.0
751.0,474.0,41.0,132.0
738.0,528.0,52.0,147.0
735.0,545.0,53.0,147.0
722.0,564.0,72.0,144.0
729.0,551.0,78.0,138.0
726.0,525.0,93.0,138.0
740.0,471.0,111.0,66.0
736.0,417.0,87.0,111.0
738.0,366.0,103.0,62.0
769.0,271.0,71.0,148.0
769.0,278.0,103.0,119.0
793.0,308.0,94.0,132.0
816.0,302.0,66.0,143.0
839.0,365.0,100.0,95.0
831.0,492.0,119.0,97.0
815.0,548.0,103.0,107.0
781.0,596.0,60.0,123.0
762.0,603.0,60.0,124.0
753.0,576.0,59.0,143.0
717.0,506.0,108.0,111.0
736.0,475.0,92.0,71.0
732.0,354.0,52.0,160.0
722.0,332.0,64.0,119.0
704.0,251.0,54.0,122.0
686.0,243.0,62.0,103.0
676.0,270.0,73.0,56.0
673.0,272.0,51.0,132.0
661.0,298.0,56.0,98.0
661.0,337.0,39.0,118.0
651.0,447.0,42.0,86.0
0
0
0
0
0
0
477.0,545.0,68.0,115.0
453.0,513.0,58.0,114.0
409.0,447.0,105.0,85.0
458.0,339.0,64.0,131.0
459.0,319.0,104.0,95.0
540.0,222.0,60.0,132.0
556.0,232.0,112.0,88.0
633.0,223.0,61.0,121.0
679.0,265.0,118.0,108.0
717.0,306.0,125.0,95.0
735.0,421.0,151.0,95.0
722.0,476.0,161.0,101.0
688.0,573.0,122.0,125.0
601.0,613.0,66.0,110.0
536.0,592.0,60.0,128.0
415.0,552.0,117.0,125.0
383.0,510.0,117.0,125.0
367.0,433.0,130.0,70.0
392.0,332.0,71.0,135.0
367.0,323.0,114.0,79.0
407.0,229.0,70.0,123.0
415.0,221.0,86.0,113.0
416.0,242.0,108.0,95.0
415.0,252.0,104.0,95.0
407.0,278.0,122.0,58.0
461.0,280.0,62.0,132.0
456.0,322.0,71.0,121.0
450.0,414.0,71.0,111.0
462.0,519.0,78.0,102.0
482.0,569.0,78.0,102.0
0
0
0
712.0,511.0,106.0,82.0
713.0,456.0,111.0,69.0
703.0,332.0,117.0,93.0
723.0,284.0,100.0,119.0
750.0,195.0,60.0,144.0
752.0,150.0,63.0,126.0
746.0,140.0,95.0,108.0
733.0,135.0,127.0,63.0
740.0,143.0,118.0,48.0
740.0,138.0,122.0,87.0
768.0,163.0,70.0,109.0
775.0,173.0,70.0,135.0
811.0,256.0,61.0,108.0
823.0,302.0,61.0,108.0
831.0,412.0,76.0,85.0
802.0,521.0,114.0,71.0
778.0,564.0,120.0,75.0
709.0,608.0,98.0,75.0
661.0,605.0,98.0,75.0
573.0,554.0,96.0,80.0
539.0,433.0,85.0,125.0
532.0,390.0,89.0,131.0
554.0,258.0,75.0,152.0
558.0,213.0,85.0,159.0
581.0,176.0,69.0,139.0
593.0,165.0,75.0,127.0
602.0,167.0,75.0,127.0
617.0,199.0,75.0,127.0
631.0,227.0,63.0,116.0
645.0,305.0,63.0,108.0
652.0,396.0,67.0,113.0
658.0,451.0,70.0,104.0
659.0,521.0,70.0,104.0
654.0,534.0,70.0,104.0
0
0
0
0
486.0,575.0,55.0,96.0
433.0,523.0,55.0,94.0
400.0,456.0,99.0,66.0
404.0,382.0,103.0,115.0
430.0,305.0,111.0,83.0
464.0,240.0,84.0,126.0
505.0,219.0,118.0,121.0
587.0,211.0,88.0,110.0
630.0,218.0,90.0,98.0
675.0,274.0,138.0,57.0
704.0,284.0,138.0,57.0
737.0,233.0,116.0,117.0
756.0,204.0,84.0,123.0
762.0,193.0,67.0,140.0
748.0,199.0,67.0,140.0
739.0,205.0,67.0,140.0
0
0
0
0
0
0
543.0,313.0,56.0,49.0
517.0,306.0,81.0,53.0
483.0,307.0,105.0,53.0
465.0,305.0,110.0,48.0
443.0,287.0,121.0,48.0
421.0,254.0,126.0,73.0
416.0,241.0,119.0,92.0
410.0,233.0,102.0,137.0
423.0,243.0,75.0,147.0
425.0,294.0,55.0,126.0
450.0,384.0,63.0,95.0
483.0,454.0,50.0,68.0
528.0,545.0,48.0,67.0
540.0,570.0,60.0,66.0
546.0,559.0,64.0,118.0
508.0,551.0,87.0,119.0
471.0,549.0,112.0,110.0
439.0,460.0,103.0,132.0
419.0,423.0,141.0,104.0
468.0,318.0,74.0,143.0
463.0,248.0,132.0,108.0
537.0,209.0,80.0,143.0
567.0,234.0,98.0,125.0
601.0,236.0,74.0,123.0
636.0,301.0,122.0,109.0
658.0,417.0,142.0,88.0
677.0,484.0,122.0,83.0
625.0,584.0,112.0,132.0
578.0,625.0,75.0,92.0
433.0,584.0,121.0,89.0
411.0,441.0,132.0,96.0
435.0,376.0,98.0,129.0
443.0,270.0,81.0,119.0
419.0,243.0,124.0,86.0
451.0,145.0,106.0,103.0
508.0,92.0,67.0,119.0
501.0,106.0,107.0,92.0
516.0,110.0,108.0,95.0
539.0,110.0,69.0,125.0
532.0,149.0,106.0,98.0
542.0,210.0,115.0,98.0
569.0,233.0,78.0,128.0
589.0,352.0,115.0,108.0
591.0,446.0,141.0,41.0
633.0,473.0,117.0,71.0
661.0,508.0,72.0,97.0
660.0,524.0,77.0,111.0
657.0,542.0,46.0,111.0
0
0
0
493.0,561.0,40.0,85.0
433.0,490.0,71.0,90.0
417.0,448.0,86.0,86.0
458.0,354.0,58.0,121.0
485.0,294.0,88.0,87.0
534.0,244.0,51.0,129.0
574.0,254.0,83.0,110.0
610.0,246.0,63.0,120.0
650.0,292.0,116.0,91.0
715.0,391.0,121.0,70.0
719.0,441.0,135.0,81.0
714.0,524.0,111.0,130.0
676.0,586.0,106.0,102.0
606.0,617.0,50.0,102.0
479.0,590.0,94.0,114.0
430.0,582.0,99.0,94.0
369.0,502.0,105.0,76.0
357.0,446.0,116.0,76.0
372.0,355.0,74.0,123.0
336.0,290.0,129.0,79.0
375.0,244.0,82.0,117.0
370.0,253.0,129.0,73.0
378.0,253.0,117.0,89.0
0
0
386.0,313.0,100.0,108.0
380.0,381.0,81.0,103.0
375.0,426.0,97.0,98.0
382.0,506.0,114.0,114.0
453.0,585.0,107.0,106.0
500.0,625.0,66.0,95.0
0
0
710.0,565.0,95.0,81.0
709.0,456.0,95.0,106.0
733.0,411.0,55.0,132.0
707.0,363.0,115.0,72.0
696.0,304.0,117.0,118.0
689.0,288.0,101.0,95.0
696.0,287.0,84.0,125.0
695.0,299.0,81.0,116.0
682.0,336.0,113.0,67.0
702.0,330.0,82.0,118.0
703.0,422.0,61.0,82.0
0
0
0
0
0
509.0,588.0,82.0,107.0
465.0,578.0,97.0,104.0
405.0,490.0,104.0,122.0
387.0,440.0,128.0,118.0
422.0,331.0,121.0,114.0
465.0,284.0,126.0,63.0
505.0,215.0,105.0,104.0
572.0,208.0,149.0,62.0
611.0,192.0,115.0,117.0
675.0,203.0,96.0,108.0
729.0,276.0,124.0,97.0
747.0,309.0,145.0,107.0
766.0,449.0,146.0,84.0
755.0,514.0,145.0,106.0
682.0,586.0,100.0,134.0
539.0,575.0,105.0,133.0
488.0,549.0,132.0,103.0
476.0,410.0,129.0,93.0
490.0,336.0,97.0,128.0
504.0,213.0,72.0,147.0
482.0,159.0,128.0,60.0
495.0,110.0,122.0,83.0
556.0,23.0,57.0,137.0
555.0,10.0,82.0,123.0
552.0,45.0,126.0,64.0
581.0,34.0,70.0,140.0
584.0,52.0,67.0,135.0
551.0,133.0,142.0,63.0
570.0,162.0,122.0,90.0
625.0,221.0,64.0,164.0
619.0,396.0,134.0,94.0
628.0,464.0,131.0,68.0
666.0,508.0,126.0,65.0
677.0,538.0,139.0,55.0
708.0,583.0,110.0,57.0
728.0,590.0,74.0,87.0
736.0,580.0,45.0,106.0
0
0
0
513.0,457.0,66.0,94.0
499.0,426.0,82.0,65.0
530.0,324.0,50.0,134.0
525.0,315.0,78.0,64.0
560.0,225.0,66.0,111.0
594.0,215.0,53.0,122.0
604.0,209.0,70.0,123.0
632.0,229.0,101.0,78.0
656.0,252.0,110.0,46.0
701.0,227.0,117.0,82.0
759.0,203.0,83.0,112.0
778.0,191.0,65.0,128.0
787.0,200.0,62.0,130.0
773.0,217.0,71.0,126.0
761.0,280.0,58.0,85.0
0
674.0,258.0,36.0,79.0
634.0,230.0,44.0,99.0
598.0,221.0,92.0,72.0
587.0,205.0,100.0,62.0
599.0,176.0,38.0,108.0
564.0,180.0,78.0,99.0
530.0,207.0,121.0,62.0
538.0,209.0,100.0,92.0
562.0,244.0,58.0,122.0
0
543.0,354.0,81.0,110.0
610.0,394.0,108.0,103.0
642.0,394.0,126.0,108.0
711.0,413.0,99.0,119.0
727.0,450.0,89.0,138.0
718.0,480.0,89.0,138.0
678.0,521.0,82.0,153.0
642.0,538.0,82.0,153.0
592.0,555.0,55.0,124.0
525.0,506.0,91.0,115.0
511.0,467.0,109.0,100.0
499.0,375.0,111.0,104.0
544.0,333.0,47.0,133.0
518.0,301.0,121.0,56.0
539.0,217.0,52.0,120.0
500.0,228.0,98.0,99.0
486.0,253.0,109.0,108.0
526.0,256.0,54.0,124.0
496.0,300.0,112.0,115.0
472.0,392.0,134.0,77.0
461.0,450.0,149.0,61.0
497.0,541.0,118.0,86.0
520.0,585.0,104.0,91.0
0
0
756.0,576.0,88.0,122.0
767.0,471.0,120.0,75.0
772.0,391.0,116.0,95.0
819.0,254.0,45.0,146.0
820.0,156.0,90.0,116.0
806.0,123.0,124.0,97.0
801.0,19.0,147.0,108.0
834.0,1.0,95.0,115.0
858.0,1.0,47.0,85.0
843.0,6.0,96.0,51.0
826.0,6.0,125.0,55.0
845.0,10.0,105.0,132.0
883.0,26.0,62.0,149.0
876.0,104.0,108.0,148.0
881.0,231.0,141.0,111.0
891.0,297.0,124.0,100.0
885.0,365.0,89.0,133.0
858.0,441.0,118.0,96.0
838.0,561.0,98.0,78.0
789.0,604.0,52.0,102.0
732.0,626.0,64.0,92.0
610.0,622.0,112.0,82.0
571.0,606.0,114.0,76.0
486.0,530.0,152.0,78.0
467.0,425.0,138.0,85.0
477.0,377.0,125.0,103.0
506.0,299.0,104.0,109.0
522.0,271.0,95.0,121.0
551.0,230.0,86.0,141.0
590.0,225.0,60.0,134.0
606.0,230.0,53.0,145.0
633.0,271.0,44.0,143.0
653.0,296.0,36.0,158.0
647.0,365.0,52.0,153.0
626.0,490.0,69.0,100.0
616.0,551.0,89.0,70.0
589.0,613.0,103.0,65.0
574.0,621.0,108.0,69.0
551.0,617.0,100.0,80.0
519.0,603.0,105.0,68.0
502.0,582.0,126.0,60.0
457.0,515.0,109.0,68.0
437.0,470.0,138.0,70.0
449.0,363.0,122.0,88.0
447.0,260.0,103.0,106.0
448.0,221.0,95.0,120.0
457.0,171.0,71.0,117.0
463.0,141.0,62.0,142.0
471.0,132.0,41.0,129.0
465.0,143.0,45.0,133.0
453.0,160.0,58.0,125.0
442.0,218.0,83.0,126.0
432.0,256.0,92.0,115.0
424.0,298.0,67.0,119.0
455.0,322.0,68.0,135.0
497.0,323.0,81.0,144.0
601.0,329.0,56.0,129.0
631.0,324.0,64.0,134.0
672.0,337.0,67.0,137.0
677.0,373.0,78.0,141.0
675.0,412.0,71.0,123.0
638.0,518.0,72.0,61.0
581.0,556.0,87.0,60.0
446.0,608.0,106.0,52.0
301.0,575.0,153.0,71.0
256.0,530.0,158.0,82.0
217.0,433.0,131.0,113.0
232.0,390.0,103.0,111.0
254.0,291.0,91.0,117.0
296.0,211.0,96.0,114.0
325.0,185.0,96.0,114.0
393.0,143.0,69.0,96.0
418.0,126.0,72.0,87.0
479.0,116.0,55.0,94.0
524.0,135.0,73.0,98.0
551.0,158.0,77.0,100.0
600.0,205.0,103.0,118.0
636.0,242.0,95.0,145.0
675.0,306.0,64.0,150.0
699.0,361.0,75.0,142.0
717.0,387.0,73.0,129.0
735.0,400.0,86.0,130.0
743.0,402.0,84.0,121.0
748.0,387.0,89.0,127.0
749.0,372.0,100.0,127.0
743.0,369.0,100.0,108.0
738.0,335.0,78.0,125.0
741.0,315.0,57.0,132.0
727.0,296.0,43.0,125.0
705.0,286.0,47.0,123.0
698.0,278.0,49.0,131.0
689.0,295.0,37.0,130.0
679.0,302.0,45.0,134.0
672.0,339.0,39.0,134.0
658.0,411.0,44.0,112.0
655.0,456.0,53.0,92.0
641.0,506.0,55.0,83.0
641.0,530.0,62.0,72.0
635.0,564.0,69.0,54.0
662.0,557.0,67.0,46.0
675.0,538.0,72.0,54.0
711.0,495.0,66.0,51.0
727.0,457.0,58.0,63.0
742.0,385.0,53.0,84.0
726.0,341.0,50.0,110.0
719.0,324.0,51.0,127.0
720.0,360.0,51.0,127.0
706.0,386.0,72.0,127.0
695.0,462.0,72.0,96.0
656.0,537.0,61.0,82.0
618.0,550.0,77.0,80.0
522.0,554.0,118.0,100.0
487.0,537.0,110.0,117.0
459.0,481.0,56.0,137.0
424.0,425.0,105.0,108.0
429.0,418.0,141.0,66.0
488.0,348.0,107.0,113.0
535.0,322.0,70.0,136.0
573.0,308.0,96.0,103.0
606.0,324.0,146.0,74.0
647.0,318.0,117.0,100.0
748.0,335.0,57.0,139.0
762.0,355.0,56.0,154.0
774.0,450.0,54.0,120.0
743.0,530.0,78.0,102.0
718.0,566.0,93.0,84.0
657.0,567.0,99.0,108.0
637.0,549.0,81.0,131.0
585.0,512.0,60.0,129.0
539.0,457.0,110.0,93.0
547.0,435.0,115.0,62.0
567.0,350.0,108.0,108.0
594.0,317.0,75.0,130.0
612.0,282.0,75.0,123.0
605.0,298.0,134.0,52.0
628.0,282.0,115.0,91.0
701.0,277.0,64.0,145.0
702.0,307.0,94.0,138.0
729.0,376.0,61.0,152.0
702.0,452.0,63.0,138.0
691.0,511.0,55.0,129.0
638.0,554.0,76.0,140.0
615.0,574.0,75.0,128.0
567.0,554.0,64.0,145.0
526.0,500.0,57.0,139.0
498.0,460.0,70.0,143.0
472.0,381.0,116.0,102.0
482.0,328.0,129.0,98.0
480.0,268.0,139.0,75.0
494.0,201.0,108.0,115.0
499.0,177.0,81.0,137.0
0
501.0,164.0,73.0,127.0
464.0,194.0,131.0,99.0
468.0,266.0,138.0,57.0
470.0,277.0,137.0,87.0
509.0,330.0,89.0,137.0
517.0,389.0,78.0,115.0
536.0,472.0,76.0,94.0
546.0,517.0,86.0,96.0
552.0,547.0,94.0,86.0
606.0,593.0,91.0,64.0
0
764.0,563.0,83.0,89.0
832.0,469.0,49.0,101.0
843.0,410.0,51.0,117.0
827.0,324.0,63.0,113.0
803.0,282.0,69.0,122.0
775.0,219.0,62.0,138.0
735.0,193.0,97.0,151.0
722.0,182.0,90.0,151.0
0
662.0,188.0,110.0,161.0
637.0,246.0,99.0,137.0
0
0
0
0
0
512.0,528.0,86.0,125.0
523.0,538.0,111.0,121.0
579.0,566.0,151.0,72.0
614.0,549.0,201.0,63.0
749.0,417.0,70.0,131.0
722.0,325.0,115.0,99.0
675.0,319.0,174.0,54.0
764.0,210.0,98.0,137.0
770.0,175.0,63.0,157.0
721.0,202.0,154.0,78.0
739.0,186.0,122.0,89.0
727.0,186.0,124.0,77.0
658.0,173.0,85.0,115.0
575.0,192.0,102.0,122.0
468.0,327.0,130.0,98.0
441.0,513.0,150.0,101.0
501.0,571.0,93.0,141.0
627.0,653.0,71.0,62.0
680.0,653.0,89.0,67.0
763.0,586.0,133.0,100.0
796.0,499.0,137.0,76.0
801.0,451.0,144.0,77.0
783.0,339.0,125.0,92.0
770.0,297.0,115.0,98.0
724.0,222.0,93.0,126.0
689.0,178.0,57.0,142.0
662.0,164.0,68.0,150.0
602.0,166.0,83.0,119.0
570.0,180.0,96.0,93.0
509.0,209.0,109.0,80.0
467.0,246.0,144.0,62.0
454.0,265.0,129.0,76.0
444.0,309.0,101.0,124.0
446.0,337.0,85.0,138.0
448.0,418.0,44.0,131.0
430.0,486.0,56.0,90.0
431.0,498.0,47.0,93.0
411.0,509.0,91.0,117.0
408.0,494.0,109.0,99.0
399.0,418.0,107.0,97.0
413.0,360.0,89.0,114.0
405.0,346.0,113.0,77.0
412.0,287.0,66.0,114.0
399.0,289.0,71.0,109.0
0
0
355.0,393.0,109.0,108.0
364.0,483.0,104.0,81.0
370.0,537.0,113.0,85.0
469.0,586.0,77.0,118.0
0
0
0
0
0
581.0,199.0,113.0,71.0
580.0,152.0,95.0,112.0
551.0,110.0,85.0,115.0
522.0,128.0,109.0,69.0
514.0,116.0,83.0,104.0
504.0,134.0,84.0,104.0
487.0,147.0,115.0,75.0
472.0,188.0,93.0,103.0
475.0,201.0,62.0,118.0
0
462.0,280.0,58.0,112.0
462.0,289.0,49.0,116.0
451.0,294.0,50.0,116.0
445.0,291.0,52.0,127.0
441.0,304.0,50.0,121.0
435.0,314.0,50.0,120.0
430.0,319.0,50.0,120.0
427.0,316.0,50.0,120.0
421.0,318.0,50.0,126.0
416.0,331.0,52.0,132.0
414.0,341.0,52.0,132.0
415.0,348.0,49.0,129.0
414.0,353.0,51.0,132.0
409.0,359.0,50.0,133.0
389.0,358.0,69.0,129.0
357.0,361.0,116.0,57.0
377.0,317.0,90.0,115.0
383.0,291.0,120.0,95.0
392.0,289.0,119.0,73.0
394.0,254.0,89.0,115.0
394.0,316.0,93.0,106.0
424.0,325.0,65.0,129.0
395.0,413.0,113.0,86.0
397.0,466.0,121.0,85.0
427.0,592.0,123.0,73.0
0
0
0
0
714.0,519.0,114.0,73.0
699.0,402.0,127.0,86.0
707.0,348.0,113.0,112.0
753.0,271.0,49.0,135.0
744.0,235.0,65.0,132.0
734.0,204.0,100.0,112.0
721.0,200.0,135.0,65.0
716.0,204.0,144.0,59.0
733.0,194.0,111.0,109.0
730.0,199.0,104.0,139.0
740.0,253.0,62.0,153.0
739.0,284.0,66.0,155.0
722.0,282.0,111.0,121.0
714.0,234.0,113.0,128.0
708.0,215.0,78.0,133.0
667.0,179.0,133.0,98.0
682.0,164.0,112.0,125.0
676.0,216.0,127.0,78.0
685.0,243.0,60.0,145.0
701.0,274.0,62.0,156.0
693.0,389.0,107.0,125.0
669.0,551.0,123.0,86.0
593.0,609.0,163.0,101.0
538.0,619.0,46.0,97.0
438.0,614.0,106.0,101.0
368.0,493.0,162.0,89.0
404.0,358.0,81.0,142.0
422.0,306.0,47.0,138.0
392.0,236.0,124.0,59.0
406.0,167.0,109.0,90.0
456.0,85.0,69.0,125.0
454.0,99.0,130.0,63.0
464.0,78.0,118.0,103.0
490.0,79.0,80.0,121.0
468.0,93.0,132.0,101.0
508.0,129.0,97.0,116.0
546.0,163.0,103.0,114.0
551.0,167.0,134.0,71.0
591.0,119.0,73.0,145.0
584.0,111.0,103.0,121.0
591.0,103.0,140.0,116.0
649.0,119.0,119.0,128.0
660.0,192.0,142.0,81.0
699.0,243.0,93.0,172.0
724.0,303.0,86.0,169.0
720.0,420.0,132.0,130.0
668.0,549.0,157.0,115.0
631.0,604.0,143.0,110.0
530.0,637.0,64.0,76.0
438.0,602.0,112.0,104.0
374.0,477.0,142.0,80.0
405.0,340.0,75.0,132.0
401.0,279.0,76.0,148.0
360.0,221.0,145.0,67.0
382.0,151.0,120.0,106.0
420.0,78.0,73.0,147.0
411.0,111.0,132.0,55.0
415.0,90.0,130.0,108.0
431.0,89.0,74.0,137.0
394.0,109.0,146.0,117.0
412.0,166.0,131.0,111.0
457.0,207.0,97.0,126.0
451.0,192.0,154.0,89.0
506.0,139.0,85.0,151.0
508.0,132.0,97.0,132.0
514.0,126.0,132.0,108.0
562.0,126.0,133.0,128.0
586.0,180.0,148.0,86.0
629.0,229.0,86.0,160.0
667.0,288.0,67.0,144.0
704.0,384.0,98.0,141.0
658.0,546.0,150.0,111.0
636.0,621.0,124.0,93.0
530.0,628.0,66.0,91.0
453.0,606.0,94.0,104.0
370.0,485.0,151.0,83.0
394.0,346.0,89.0,145.0
410.0,290.0,48.0,143.0
378.0,220.0,119.0,73.0
378.0,174.0,119.0,78.0
0
420.0,80.0,120.0,82.0
410.0,75.0,139.0,84.0
441.0,73.0,67.0,132.0
430.0,78.0,91.0,127.0
421.0,139.0,137.0,91.0
476.0,145.0,63.0,125.0
461.0,144.0,117.0,103.0
471.0,133.0,128.0,104.0
499.0,121.0,74.0,134.0
468.0,136.0,125.0,103.0
498.0,173.0,101.0,119.0
527.0,163.0,76.0,142.0
563.0,134.0,68.0,143.0
572.0,136.0,89.0,141.0
595.0,164.0,123.0,114.0
619.0,219.0,155.0,100.0
640.0,275.0,160.0,69.0
684.0,363.0,147.0,99.0
694.0,422.0,156.0,126.0
784.0,524.0,68.0,150.0
789.0,607.0,61.0,99.0
779.0,663.0,65.0,53.0
0
0
0
413.0,586.0,126.0,80.0
404.0,509.0,130.0,91.0
453.0,366.0,74.0,132.0
471.0,294.0,57.0,158.0
471.0,214.0,99.0,95.0
492.0,140.0,111.0,79.0
512.0,90.0,99.0,121.0
565.0,44.0,86.0,128.0
566.0,30.0,109.0,142.0
583.0,91.0,141.0,72.0
640.0,102.0,78.0,154.0
661.0,126.0,61.0,162.0
656.0,222.0,126.0,98.0
663.0,302.0,134.0,69.0
708.0,361.0,78.0,108.0
741.0,438.0,50.0,166.0
737.0,484.0,76.0,128.0
753.0,538.0,115.0,94.0
775.0,535.0,127.0,87.0
803.0,487.0,115.0,96.0
823.0,404.0,87.0,123.0
829.0,367.0,69.0,140.0
809.0,295.0,65.0,139.0
786.0,271.0,58.0,136.0
733.0,245.0,70.0,135.0
678.0,241.0,70.0,115.0
643.0,252.0,94.0,111.0
0
0
0
0
0
0
0
0
421.0,574.0,79.0,119.0
413.0,576.0,89.0,119.0
397.0,565.0,82.0,115.0
390.0,528.0,76.0,138.0
382.0,447.0,103.0,124.0
419.0,358.0,132.0,100.0
478.0,314.0,82.0,143.0
530.0,227.0,108.0,124.0
599.0,212.0,79.0,119.0
653.0,221.0,112.0,120.0
746.0,229.0,92.0,120.0
780.0,269.0,102.0,100.0
844.0,362.0,108.0,83.0
849.0,409.0,99.0,88.0
809.0,505.0,107.0,128.0
737.0,584.0,55.0,118.0
663.0,599.0,79.0,115.0
581.0,594.0,105.0,107.0
594.0,574.0,77.0,116.0
632.0,539.0,58.0,133.0
656.0,466.0,112.0,106.0
642.0,406.0,118.0,74.0
631.0,277.0,94.0,150.0
595.0,264.0,145.0,72.0
573.0,152.0,73.0,132.0
490.0,146.0,139.0,115.0
525.0,145.0,67.0,134.0
461.0,161.0,143.0,86.0
477.0,140.0,79.0,129.0
404.0,234.0,119.0,65.0
393.0,276.0,81.0,117.0
377.0,311.0,69.0,110.0
341.0,393.0,90.0,124.0
342.0,482.0,109.0,98.0
400.0,614.0,120.0,86.0
0
0
0
711.0,568.0,101.0,86.0
723.0,444.0,68.0,87.0
684.0,349.0,105.0,113.0
661.0,317.0,134.0,67.0
674.0,209.0,52.0,124.0
633.0,204.0,98.0,103.0
610.0,186.0,107.0,102.0
612.0,172.0,88.0,111.0
600.0,194.0,104.0,65.0
0
0
0
547.0,277.0,90.0,62.0
531.0,301.0,115.0,47.0
468.0,299.0,103.0,109.0
451.0,310.0,80.0,156.0
379.0,419.0,97.0,119.0
356.0,590.0,144.0,87.0
408.0,639.0,116.0,81.0
0
0
0
681.0,512.0,122.0,68.0
703.0,442.0,84.0,125.0
683.0,371.0,126.0,103.0
693.0,344.0,112.0,70.0
693.0,251.0,58.0,125.0
651.0,273.0,122.0,57.0
638.0,260.0,126.0,50.0
662.0,194.0,78.0,117.0
667.0,184.0,50.0,130.0
638.0,233.0,107.0,81.0
626.0,277.0,105.0,107.0
627.0,302.0,70.0,132.0
0
0
0
0
0
0
388.0,615.0,70.0,89.0
299.0,557.0,83.0,95.0
260.0,471.0,128.0,82.0
270.0,409.0,131.0,93.0
325.0,343.0,115.0,109.0
342.0,292.0,130.0,100.0
417.0,264.0,122.0,97.0
514.0,269.0,55.0,121.0
532.0,288.0,110.0,92.0
629.0,348.0,105.0,94.0
644.0,401.0,136.0,75.0
684.0,521.0,123.0,89.0
652.0,608.0,103.0,104.0
620.0,650.0,74.0,66.0
507.0,657.0,82.0,63.0
452.0,633.0,100.0,87.0
362.0,585.0,126.0,97.0
354.0,521.0,135.0,72.0
367.0,478.0,112.0,97.0
395.0,418.0,61.0,131.0
368.0,415.0,111.0,96.0
380.0,396.0,119.0,72.0
417.0,336.0,60.0,131.0
415.0,306.0,55.0,129.0
364.0,298.0,121.0,87.0
353.0,304.0,133.0,63.0
331.0,284.0,132.0,66.0
336.0,248.0,117.0,79.0
363.0,244.0,82.0,123.0
381.0,241.0,88.0,109.0
371.0,245.0,96.0,123.0
396.0,315.0,85.0,119.0
368.0,415.0,130.0,93.0
378.0,491.0,105.0,66.0
416.0,586.0,112.0,89.0
472.0,625.0,79.0,91.0
0
0
720.0,605.0,83.0,96.0
717.0,494.0,112.0,92.0
710.0,424.0,127.0,114.0
727.0,335.0,116.0,90.0
729.0,251.0,118.0,83.0
727.0,209.0,120.0,81.0
732.0,150.0,125.0,89.0
733.0,134.0,124.0,88.0
739.0,117.0,121.0,82.0
743.0,126.0,124.0,84.0
738.0,138.0,138.0,84.0
748.0,188.0,138.0,84.0
757.0,227.0,138.0,98.0
777.0,299.0,128.0,113.0
859.0,346.0,68.0,134.0
876.0,391.0,61.0,125.0
831.0,512.0,99.0,74.0
796.0,574.0,114.0,70.0
690.0,652.0,127.0,65.0
548.0,659.0,117.0,55.0
485.0,643.0,136.0,52.0
400.0,526.0,136.0,104.0
384.0,462.0,136.0,124.0
402.0,331.0,108.0,160.0
457.0,254.0,90.0,144.0
478.0,225.0,85.0,148.0
524.0,198.0,67.0,137.0
545.0,195.0,65.0,137.0
584.0,210.0,63.0,122.0
622.0,255.0,52.0,111.0
640.0,276.0,46.0,128.0
670.0,364.0,53.0,116.0
691.0,418.0,46.0,113.0
705.0,486.0,49.0,127.0
706.0,532.0,44.0,125.0
706.0,556.0,36.0,115.0
0
0
0
511.0,565.0,48.0,102.0
482.0,544.0,52.0,97.0
429.0,459.0,83.0,90.0
435.0,424.0,86.0,73.0
452.0,328.0,101.0,105.0
515.0,232.0,59.0,124.0
524.0,231.0,98.0,83.0
579.0,201.0,72.0,129.0
589.0,197.0,104.0,122.0
638.0,225.0,131.0,69.0
699.0,231.0,120.0,77.0
726.0,223.0,112.0,95.0
768.0,219.0,76.0,106.0
771.0,205.0,70.0,122.0
771.0,215.0,58.0,124.0
759.0,251.0,52.0,101.0
0
0
0
0
0
0
0
559.0,307.0,98.0,57.0
535.0,319.0,119.0,49.0
517.0,300.0,128.0,68.0
526.0,289.0,115.0,93.0
537.0,281.0,89.0,128.0
558.0,292.0,62.0,126.0
577.0,330.0,90.0,79.0
582.0,410.0,117.0,99.0
599.0,475.0,108.0,84.0
629.0,536.0,73.0,96.0
621.0,571.0,65.0,81.0
591.0,564.0,59.0,121.0
517.0,554.0,103.0,128.0
485.0,543.0,105.0,130.0
427.0,463.0,121.0,131.0
424.0,449.0,138.0,72.0
466.0,317.0,84.0,147.0
486.0,236.0,105.0,133.0
532.0,218.0,99.0,125.0
568.0,224.0,73.0,143.0
585.0,224.0,89.0,131.0
629.0,293.0,112.0,100.0
644.0,410.0,141.0,85.0
641.0,473.0,152.0,85.0
604.0,573.0,122.0,133.0
567.0,599.0,75.0,120.0
423.0,580.0,115.0,109.0
401.0,454.0,128.0,90.0
412.0,369.0,106.0,154.0
423.0,271.0,92.0,130.0
415.0,253.0,127.0,67.0
463.0,126.0,88.0,128.0
498.0,103.0,115.0,97.0
502.0,114.0,142.0,63.0
545.0,91.0,77.0,133.0
544.0,89.0,86.0,136.0
540.0,146.0,138.0,79.0
613.0,159.0,65.0,149.0
610.0,211.0,110.0,141.0
619.0,291.0,89.0,131.0
617.0,319.0,99.0,144.0
669.0,425.0,67.0,148.0
722.0,534.0,71.0,149.0
743.0,592.0,62.0,127.0
744.0,658.0,51.0,60.0
0
0
561.0,582.0,125.0,100.0
550.0,528.0,142.0,82.0
531.0,407.0,109.0,119.0
526.0,354.0,77.0,142.0
509.0,306.0,137.0,65.0
535.0,200.0,68.0,136.0
527.0,195.0,85.0,125.0
501.0,206.0,127.0,67.0
533.0,162.0,80.0,110.0
526.0,174.0,137.0,57.0
548.0,180.0,63.0,120.0
517.0,192.0,104.0,109.0
533.0,237.0,79.0,108.0
548.0,266.0,79.0,131.0
522.0,346.0,105.0,122.0
520.0,438.0,82.0,145.0
540.0,491.0,64.0,143.0
592.0,604.0,63.0,114.0
607.0,635.0,57.0,84.0
616.0,669.0,47.0,49.0
588.0,613.0,56.0,104.0
552.0,581.0,80.0,119.0
518.0,501.0,128.0,61.0
516.0,432.0,123.0,78.0
503.0,329.0,126.0,94.0
515.0,222.0,128.0,99.0
534.0,167.0,82.0,128.0
525.0,135.0,111.0,113.0
514.0,163.0,138.0,52.0
529.0,97.0,114.0,100.0
535.0,75.0,97.0,109.0
531.0,108.0,126.0,60.0
533.0,110.0,94.0,127.0
532.0,122.0,65.0,144.0
469.0,218.0,139.0,64.0
510.0,270.0,65.0,139.0
500.0,338.0,83.0,138.0
496.0,517.0,120.0,74.0
508.0,558.0,122.0,88.0
550.0,645.0,74.0,75.0
587.0,671.0,35.0,48.0
583.0,677.0,37.0,43.0
0
0
0
355.0,565.0,86.0,110.0
330.0,520.0,138.0,85.0
367.0,383.0,57.0,132.0
320.0,344.0,137.0,87.0
380.0,241.0,59.0,104.0
384.0,190.0,93.0,123.0
423.0,171.0,69.0,132.0
489.0,151.0,89.0,138.0
507.0,157.0,116.0,128.0
546.0,233.0,136.0,64.0
575.0,290.0,138.0,94.0
581.0,329.0,134.0,101.0
587.0,407.0,120.0,124.0
577.0,454.0,110.0,149.0
578.0,569.0,53.0,131.0
548.0,646.0,45.0,72.0
0
0
0
676.0,629.0,92.0,78.0
699.0,513.0,110.0,79.0
709.0,437.0,86.0,94.0
643.0,332.0,71.0,97.0
580.0,301.0,104.0,87.0
506.0,279.0,126.0,73.0
427.0,289.0,120.0,77.0
401.0,288.0,117.0,103.0
349.0,369.0,117.0,88.0
335.0,417.0,118.0,82.0
356.0,539.0,117.0,65.0
431.0,619.0,102.0,100.0
0
0
0
661.0,484.0,107.0,63.0
689.0,348.0,65.0,125.0
694.0,299.0,59.0,133.0
692.0,238.0,111.0,78.0
685.0,204.0,125.0,57.0
708.0,116.0,82.0,110.0
710.0,84.0,70.0,115.0
687.0,101.0,113.0,84.0
684.0,141.0,118.0,66.0
719.0,136.0,70.0,129.0
737.0,177.0,98.0,129.0
726.0,268.0,137.0,100.0
740.0,297.0,93.0,146.0
772.0,412.0,48.0,198.0
759.0,497.0,50.0,180.0
715.0,610.0,57.0,107.0
666.0,613.0,81.0,102.0
644.0,583.0,108.0,114.0
642.0,507.0,128.0,73.0
656.0,431.0,96.0,131.0
661.0,356.0,79.0,112.0
629.0,301.0,133.0,87.0
664.0,253.0,96.0,132.0
687.0,247.0,110.0,111.0
680.0,289.0,145.0,60.0
722.0,302.0,62.0,137.0
719.0,359.0,94.0,132.0
730.0,408.0,107.0,123.0
689.0,558.0,135.0,98.0
627.0,624.0,151.0,94.0
0
409.0,661.0,130.0,59.0
407.0,652.0,124.0,59.0
427.0,627.0,122.0,72.0
465.0,619.0,93.0,91.0
599.0,555.0,104.0,107.0
641.0,399.0,119.0,85.0
627.0,312.0,100.0,125.0
545.0,280.0,100.0,79.0
522.0,304.0,114.0,51.0
569.0,257.0,57.0,115.0
573.0,205.0,86.0,99.0
555.0,181.0,107.0,97.0
519.0,149.0,118.0,69.0
502.0,148.0,112.0,59.0
490.0,159.0,62.0,43.0
454.0,174.0,79.0,55.0
437.0,178.0,102.0,68.0
479.0,186.0,78.0,124.0
523.0,223.0,59.0,131.0
555.0,346.0,92.0,99.0
566.0,503.0,96.0,89.0
548.0,572.0,96.0,81.0
480.0,632.0,76.0,86.0
444.0,637.0,53.0,83.0
365.0,564.0,75.0,84.0
365.0,431.0,97.0,87.0
374.0,361.0,87.0,131.0
408.0,265.0,57.0,134.0
399.0,234.0,85.0,96.0
428.0,165.0,84.0,89.0
467.0,89.0,59.0,141.0
476.0,88.0,78.0,124.0
485.0,135.0,106.0,62.0
502.0,128.0,89.0,107.0
540.0,159.0,55.0,143.0
533.0,258.0,111.0,64.0
560.0,292.0,89.0,79.0
602.0,350.0,53.0,111.0
605.0,382.0,58.0,114.0
657.0,472.0,46.0,108.0
708.0,525.0,91.0,74.0
761.0,522.0,79.0,87.0
795.0,472.0,90.0,91.0
803.0,439.0,85.0,89.0
786.0,348.0,76.0,118.0
768.0,295.0,51.0,105.0
734.0,265.0,63.0,115.0
684.0,254.0,69.0,118.0
660.0,248.0,72.0,119.0
611.0,261.0,68.0,124.0
567.0,297.0,67.0,122.0
0
0
0
0
0
0
0
455.0,578.0,52.0,100.0
423.0,567.0,86.0,111.0
406.0,542.0,86.0,111.0
394.0,486.0,68.0,133.0
374.0,424.0,137.0,74.0
404.0,364.0,111.0,117.0
446.0,314.0,130.0,76.0
541.0,234.0,103.0,114.0
561.0,250.0,128.0,81.0
631.0,246.0,97.0,87.0
668.0,262.0,122.0,94.0
727.0,343.0,131.0,75.0
741.0,444.0,138.0,89.0
721.0,503.0,148.0,107.0
669.0,588.0,112.0,118.0
614.0,582.0,88.0,138.0
490.0,584.0,96.0,134.0
397.0,544.0,103.0,114.0
357.0,507.0,134.0,97.0
364.0,401.0,108.0,102.0
387.0,356.0,57.0,130.0
350.0,302.0,123.0,78.0
406.0,241.0,73.0,120.0
387.0,260.0,124.0,69.0
422.0,258.0,54.0,124.0
401.0,272.0,89.0,92.0
414.0,285.0,83.0,106.0
423.0,348.0,64.0,109.0
422.0,390.0,64.0,109.0
429.0,474.0,67.0,113.0
432.0,530.0,71.0,101.0
468.0,599.0,75.0,103.0
0
0
692.0,550.0,90.0,102.0
683.0,498.0,111.0,85.0
723.0,382.0,59.0,125.0
708.0,309.0,115.0,67.0
721.0,238.0,92.0,106.0
714.0,178.0,101.0,117.0
694.0,192.0,129.0,69.0
733.0,156.0,73.0,121.0
743.0,164.0,107.0,82.0
733.0,168.0,119.0,87.0
754.0,180.0,85.0,133.0
745.0,234.0,106.0,94.0
769.0,303.0,99.0,98.0
814.0,377.0,72.0,125.0
824.0,407.0,60.0,156.0
817.0,525.0,58.0,156.0
771.0,591.0,88.0,123.0
0
0
0
456.0,558.0,112.0,125.0
434.0,503.0,139.0,104.0
457.0,350.0,130.0,104.0
511.0,213.0,64.0,149.0
514.0,157.0,78.0,146.0
500.0,103.0,137.0,72.0
517.0,53.0,136.0,76.0
600.0,1.0,69.0,103.0
617.0,0.0,86.0,82.0
625.0,4.0,141.0,60.0
672.0,15.0,106.0,117.0
692.0,27.0,73.0,154.0
698.0,94.0,110.0,136.0
714.0,217.0,133.0,83.0
735.0,264.0,107.0,99.0
759.0,356.0,80.0,112.0
763.0,425.0,65.0,99.0
727.0,604.0,85.0,68.0
0
0
0
369.0,646.0,112.0,64.0
306.0,531.0,90.0,97.0
307.0,397.0,56.0,110.0
329.0,330.0,49.0,115.0
365.0,263.0,60.0,104.0
376.0,235.0,88.0,113.0
404.0,210.0,116.0,92.0
445.0,228.0,133.0,49.0
462.0,232.0,141.0,47.0
518.0,256.0,116.0,77.0
533.0,272.0,117.0,100.0
602.0,308.0,72.0,129.0
645.0,352.0,69.0,132.0
646.0,389.0,93.0,118.0
643.0,475.0,113.0,70.0
633.0,511.0,114.0,71.0
620.0,532.0,76.0,125.0
567.0,545.0,74.0,127.0
519.0,545.0,108.0,123.0
464.0,477.0,107.0,142.0
430.0,445.0,133.0,125.0
456.0,343.0,125.0,118.0
469.0,284.0,141.0,81.0
511.0,219.0,102.0,134.0
573.0,231.0,120.0,83.0
599.0,214.0,76.0,141.0
632.0,248.0,107.0,107.0
668.0,336.0,122.0,87.0
684.0,388.0,119.0,88.0
666.0,526.0,127.0,91.0
625.0,573.0,127.0,115.0
525.0,591.0,75.0,129.0
411.0,543.0,124.0,86.0
405.0,476.0,124.0,76.0
444.0,341.0,74.0,129.0
474.0,293.0,41.0,136.0
458.0,227.0,109.0,75.0
489.0,133.0,108.0,105.0
533.0,101.0,60.0,120.0
552.0,92.0,116.0,103.0
566.0,111.0,126.0,67.0
607.0,118.0,87.0,130.0
628.0,162.0,91.0,126.0
616.0,206.0,130.0,77.0
664.0,275.0,97.0,118.0
704.0,294.0,66.0,133.0
720.0,301.0,82.0,112.0
705.0,280.0,148.0,67.0
720.0,254.0,109.0,107.0
716.0,231.0,96.0,119.0
696.0,234.0,123.0,86.0
722.0,225.0,97.0,118.0
753.0,234.0,85.0,124.0
747.0,259.0,129.0,94.0
762.0,287.0,137.0,92.0
788.0,284.0,100.0,126.0
817.0,310.0,63.0,139.0
790.0,378.0,140.0,91.0
791.0,435.0,155.0,70.0
851.0,496.0,121.0,121.0
858.0,536.0,132.0,100.0
863.0,539.0,140.0,75.0
854.0,506.0,131.0,63.0
834.0,495.0,136.0,60.0
813.0,479.0,113.0,53.0
819.0,489.0,96.0,46.0
813.0,514.0,88.0,49.0
797.0,570.0,82.0,65.0
783.0,583.0,83.0,95.0
730.0,611.0,88.0,107.0
716.0,627.0,66.0,92.0
670.0,626.0,51.0,92.0
628.0,566.0,53.0,72.0
620.0,491.0,56.0,74.0
635.0,366.0,40.0,83.0
628.0,308.0,50.0,148.0
627.0,249.0,50.0,149.0
625.0,221.0,51.0,143.0
622.0,219.0,56.0,135.0
628.0,236.0,48.0,102.0
628.0,249.0,46.0,94.0
628.0,314.0,48.0,56.0
636.0,384.0,42.0,68.0
638.0,425.0,36.0,61.0
640.0,498.0,39.0,108.0
0
0
0
0
0
499.0,639.0,49.0,67.0
480.0,624.0,86.0,74.0
466.0,599.0,101.0,90.0
457.0,593.0,105.0,87.0
421.0,532.0,92.0,122.0
410.0,488.0,80.0,130.0
378.0,408.0,135.0,109.0
445.0,296.0,69.0,142.0
438.0,275.0,120.0,123.0
529.0,189.0,74.0,124.0
540.0,199.0,146.0,84.0
630.0,185.0,71.0,136.0
670.0,218.0,118.0,130.0
698.0,264.0,127.0,121.0
699.0,418.0,154.0,89.0
706.0,492.0,134.0,109.0
606.0,572.0,107.0,145.0
475.0,589.0,89.0,125.0
406.0,559.0,135.0,85.0
411.0,403.0,110.0,111.0
433.0,350.0,75.0,131.0
437.0,254.0,82.0,121.0
441.0,183.0,115.0,64.0
463.0,130.0,99.0,107.0
519.0,80.0,62.0,119.0
508.0,93.0,118.0,87.0
534.0,102.0,108.0,94.0
569.0,120.0,64.0,132.0
547.0,147.0,118.0,113.0
565.0,219.0,117.0,81.0
599.0,234.0,84.0,107.0
648.0,306.0,51.0,101.0
672.0,410.0,71.0,101.0
653.0,487.0,111.0,79.0
671.0,585.0,101.0,50.0
677.0,584.0,110.0,55.0
706.0,514.0,103.0,73.0
701.0,347.0,95.0,120.0
715.0,283.0,59.0,139.0
671.0,203.0,116.0,112.0
648.0,187.0,142.0,71.0
657.0,111.0,128.0,126.0
692.0,69.0,95.0,136.0
680.0,69.0,124.0,97.0
683.0,62.0,121.0,93.0
680.0,54.0,106.0,120.0
675.0,88.0,91.0,132.0
654.0,216.0,127.0,71.0
676.0,256.0,96.0,84.0
652.0,354.0,120.0,86.0
649.0,425.0,121.0,67.0
605.0,539.0,130.0,88.0
535.0,582.0,68.0,115.0
463.0,581.0,99.0,111.0
406.0,477.0,123.0,74.0
408.0,399.0,126.0,91.0
435.0,276.0,62.0,127.0
416.0,178.0,113.0,97.0
407.0,141.0,132.0,68.0
457.0,33.0,79.0,140.0
483.0,18.0,56.0,126.0
475.0,31.0,126.0,61.0
499.0,17.0,95.0,129.0
521.0,29.0,45.0,123.0
476.0,81.0,130.0,77.0
490.0,118.0,124.0,62.0
531.0,145.0,66.0,91.0
