547.0,241.0,329.0,188.0
547.0,240.0,329.0,188.0
547.0,238.0,329.0,188.0
548.0,253.0,314.0,171.0
549.0,252.0,314.0,171.0
549.0,251.0,314.0,171.0
552.0,247.0,312.0,170.0
552.0,244.0,314.0,171.0
557.0,240.0,310.0,169.0
561.0,238.0,305.0,166.0
561.0,238.0,305.0,166.0
562.0,238.0,303.0,165.0
558.0,239.0,313.0,170.0
556.0,242.0,319.0,174.0
555.0,240.0,305.0,166.0
554.0,241.0,306.0,167.0
553.0,242.0,305.0,166.0
551.0,242.0,305.0,166.0
550.0,242.0,306.0,166.0
549.0,243.0,306.0,167.0
549.0,243.0,306.0,167.0
548.0,244.0,306.0,167.0
546.0,244.0,306.0,167.0
545.0,215.0,306.0,196.0
543.0,215.0,306.0,196.0
541.0,216.0,306.0,196.0
535.0,183.0,344.0,245.0
533.0,183.0,344.0,245.0
531.0,183.0,344.0,245.0
530.0,161.0,344.0,267.0
528.0,161.0,345.0,267.0
526.0,160.0,346.0,269.0
526.0,161.0,344.0,267.0
526.0,161.0,354.0,267.0
525.0,161.0,354.0,267.0
524.0,162.0,354.0,267.0
524.0,162.0,354.0,267.0
524.0,162.0,354.0,267.0
523.0,161.0,354.0,267.0
524.0,161.0,354.0,267.0
523.0,160.0,355.0,268.0
523.0,159.0,355.0,268.0
524.0,159.0,355.0,268.0
524.0,158.0,355.0,268.0
525.0,204.0,320.0,220.0
526.0,203.0,320.0,220.0
527.0,201.0,320.0,220.0
528.0,200.0,320.0,220.0
527.0,246.0,318.0,173.0
527.0,246.0,318.0,173.0
528.0,245.0,318.0,173.0
527.0,245.0,318.0,173.0
527.0,245.0,318.0,173.0
527.0,245.0,320.0,174.0
527.0,245.0,322.0,175.0
528.0,245.0,321.0,175.0
527.0,244.0,327.0,178.0
526.0,243.0,331.0,180.0
526.0,242.0,332.0,181.0
526.0,241.0,329.0,179.0
526.0,241.0,329.0,179.0
527.0,240.0,328.0,179.0
527.0,239.0,329.0,179.0
542.0,241.0,316.0,172.0
544.0,240.0,313.0,170.0
548.0,239.0,311.0,169.0
548.0,238.0,310.0,169.0
549.0,236.0,309.0,168.0
549.0,233.0,308.0,168.0
550.0,231.0,306.0,166.0
549.0,231.0,306.0,166.0
548.0,232.0,306.0,167.0
547.0,248.0,309.0,172.0
546.0,248.0,309.0,172.0
545.0,248.0,309.0,172.0
544.0,249.0,313.0,174.0
544.0,251.0,317.0,176.0
542.0,247.0,310.0,173.0
541.0,247.0,310.0,172.0
540.0,247.0,310.0,172.0
538.0,247.0,310.0,173.0
537.0,247.0,310.0,173.0
536.0,248.0,310.0,172.0
535.0,249.0,310.0,172.0
534.0,250.0,310.0,173.0
534.0,251.0,309.0,172.0
534.0,252.0,309.0,172.0
533.0,253.0,309.0,172.0
532.0,254.0,309.0,172.0
531.0,255.0,309.0,172.0
532.0,256.0,308.0,172.0
532.0,256.0,309.0,172.0
534.0,255.0,309.0,172.0
535.0,253.0,310.0,172.0
537.0,252.0,310.0,173.0
538.0,251.0,311.0,173.0
538.0,248.0,311.0,173.0
539.0,246.0,312.0,174.0
540.0,244.0,312.0,174.0
540.0,243.0,312.0,174.0
540.0,243.0,312.0,174.0
541.0,242.0,313.0,174.0
543.0,243.0,329.0,174.0
544.0,244.0,329.0,174.0
547.0,245.0,328.0,174.0
542.0,252.0,333.0,176.0
541.0,257.0,333.0,176.0
542.0,258.0,333.0,176.0
543.0,260.0,333.0,176.0
543.0,262.0,333.0,176.0
542.0,263.0,334.0,177.0
541.0,263.0,334.0,177.0
539.0,263.0,333.0,176.0
537.0,262.0,332.0,176.0
536.0,262.0,330.0,175.0
534.0,263.0,330.0,174.0
532.0,264.0,331.0,175.0
529.0,267.0,331.0,175.0
528.0,269.0,334.0,176.0
528.0,270.0,334.0,176.0
530.0,272.0,333.0,176.0
533.0,275.0,333.0,176.0
535.0,277.0,333.0,176.0
535.0,278.0,333.0,176.0
534.0,293.0,334.0,163.0
532.0,294.0,334.0,163.0
529.0,295.0,334.0,163.0
528.0,291.0,329.0,161.0
525.0,296.0,334.0,163.0
523.0,296.0,335.0,163.0
521.0,298.0,336.0,164.0
519.0,297.0,343.0,198.0
517.0,295.0,344.0,199.0
516.0,295.0,344.0,199.0
513.0,292.0,345.0,199.0
513.0,290.0,346.0,200.0
512.0,289.0,341.0,212.0
511.0,286.0,341.0,212.0
510.0,288.0,341.0,212.0
509.0,289.0,341.0,212.0
508.0,289.0,341.0,212.0
508.0,290.0,341.0,212.0
507.0,290.0,341.0,212.0
508.0,290.0,341.0,212.0
508.0,291.0,341.0,212.0
509.0,293.0,341.0,212.0
510.0,294.0,341.0,212.0
511.0,296.0,340.0,212.0
512.0,299.0,352.0,229.0
513.0,302.0,351.0,228.0
514.0,305.0,351.0,229.0
514.0,308.0,352.0,229.0
514.0,309.0,351.0,228.0
514.0,310.0,351.0,228.0
514.0,311.0,351.0,228.0
515.0,312.0,351.0,228.0
515.0,314.0,350.0,228.0
516.0,315.0,350.0,228.0
516.0,316.0,350.0,227.0
516.0,316.0,350.0,227.0
515.0,315.0,349.0,227.0
513.0,314.0,349.0,227.0
539.0,313.0,321.0,226.0
538.0,312.0,321.0,226.0
537.0,311.0,320.0,225.0
536.0,311.0,320.0,225.0
535.0,311.0,320.0,225.0
532.0,311.0,320.0,225.0
529.0,310.0,320.0,225.0
525.0,310.0,320.0,225.0
520.0,310.0,320.0,225.0
516.0,310.0,320.0,225.0
512.0,311.0,320.0,225.0
508.0,312.0,320.0,225.0
504.0,313.0,320.0,225.0
500.0,313.0,320.0,225.0
497.0,314.0,319.0,225.0
494.0,315.0,319.0,225.0
491.0,314.0,319.0,225.0
488.0,315.0,319.0,225.0
485.0,314.0,319.0,225.0
483.0,314.0,319.0,225.0
482.0,313.0,319.0,225.0
481.0,311.0,319.0,225.0
480.0,310.0,319.0,224.0
481.0,309.0,333.0,237.0
481.0,307.0,333.0,237.0
481.0,333.0,333.0,210.0
481.0,331.0,334.0,210.0
481.0,330.0,333.0,210.0
481.0,329.0,333.0,210.0
481.0,309.0,333.0,230.0
481.0,309.0,333.0,230.0
481.0,308.0,332.0,230.0
481.0,308.0,332.0,229.0
482.0,308.0,332.0,229.0
482.0,309.0,331.0,229.0
482.0,311.0,332.0,229.0
481.0,313.0,332.0,229.0
481.0,314.0,332.0,229.0
479.0,315.0,333.0,230.0
476.0,315.0,333.0,230.0
539.0,289.0,305.0,216.0
562.0,287.0,301.0,215.0
579.0,278.0,289.0,202.0
595.0,286.0,304.0,200.0
619.0,304.0,291.0,192.0
630.0,339.0,299.0,181.0
633.0,391.0,302.0,198.0
670.0,422.0,289.0,175.0
697.0,431.0,263.0,150.0
691.0,417.0,272.0,163.0
667.0,411.0,311.0,161.0
689.0,380.0,288.0,187.0
715.0,388.0,267.0,178.0
704.0,390.0,282.0,185.0
716.0,384.0,267.0,209.0
714.0,391.0,271.0,194.0
714.0,385.0,253.0,173.0
720.0,400.0,253.0,173.0
722.0,400.0,253.0,173.0
723.0,396.0,253.0,173.0
721.0,392.0,253.0,173.0
722.0,387.0,253.0,173.0
710.0,381.0,266.0,182.0
708.0,381.0,266.0,182.0
705.0,383.0,266.0,182.0
704.0,386.0,266.0,182.0
692.0,342.0,279.0,205.0
695.0,352.0,279.0,205.0
699.0,355.0,279.0,205.0
703.0,356.0,279.0,205.0
696.0,349.0,293.0,215.0
701.0,345.0,293.0,215.0
751.0,337.0,231.0,216.0
752.0,336.0,231.0,216.0
752.0,336.0,232.0,217.0
751.0,334.0,234.0,218.0
751.0,333.0,235.0,220.0
752.0,332.0,235.0,219.0
751.0,332.0,236.0,220.0
751.0,333.0,236.0,221.0
750.0,334.0,236.0,221.0
749.0,335.0,236.0,221.0
748.0,336.0,236.0,221.0
746.0,337.0,236.0,221.0
745.0,337.0,236.0,221.0
744.0,339.0,236.0,221.0
742.0,340.0,236.0,221.0
740.0,343.0,236.0,221.0
738.0,345.0,236.0,221.0
736.0,347.0,236.0,221.0
794.0,332.0,200.0,211.0
793.0,334.0,200.0,211.0
793.0,336.0,201.0,212.0
794.0,336.0,204.0,215.0
799.0,337.0,202.0,213.0
801.0,338.0,202.0,212.0
807.0,337.0,203.0,214.0
800.0,353.0,195.0,206.0
798.0,354.0,194.0,205.0
796.0,355.0,193.0,204.0
794.0,355.0,194.0,204.0
810.0,344.0,216.0,212.0
807.0,343.0,216.0,212.0
803.0,342.0,215.0,211.0
797.0,339.0,217.0,213.0
792.0,338.0,212.0,208.0
789.0,336.0,210.0,206.0
786.0,334.0,209.0,205.0
787.0,323.0,221.0,217.0
787.0,321.0,218.0,214.0
788.0,320.0,215.0,211.0
789.0,319.0,211.0,207.0
786.0,319.0,211.0,207.0
784.0,318.0,211.0,207.0
783.0,317.0,211.0,207.0
782.0,317.0,211.0,207.0
781.0,317.0,211.0,207.0
780.0,319.0,211.0,207.0
779.0,320.0,211.0,207.0
777.0,321.0,212.0,208.0
776.0,322.0,212.0,208.0
775.0,323.0,214.0,210.0
773.0,324.0,214.0,210.0
770.0,326.0,214.0,210.0
820.0,315.0,186.0,207.0
820.0,314.0,186.0,207.0
826.0,314.0,184.0,205.0
828.0,313.0,184.0,205.0
832.0,312.0,184.0,205.0
847.0,327.0,194.0,188.0
848.0,326.0,194.0,188.0
847.0,322.0,198.0,192.0
844.0,319.0,203.0,196.0
843.0,320.0,201.0,194.0
842.0,321.0,198.0,192.0
839.0,319.0,199.0,193.0
837.0,319.0,194.0,188.0
834.0,317.0,196.0,190.0
830.0,314.0,201.0,195.0
826.0,312.0,202.0,196.0
823.0,310.0,201.0,195.0
819.0,310.0,200.0,194.0
815.0,308.0,200.0,194.0
810.0,307.0,200.0,194.0
805.0,285.0,260.0,213.0
801.0,283.0,260.0,213.0
795.0,283.0,259.0,212.0
792.0,281.0,259.0,212.0
782.0,284.0,260.0,213.0
786.0,281.0,259.0,212.0
774.0,284.0,259.0,212.0
752.0,288.0,311.0,213.0
751.0,288.0,310.0,212.0
748.0,288.0,309.0,212.0
745.0,288.0,310.0,213.0
743.0,287.0,311.0,213.0
742.0,287.0,311.0,213.0
742.0,286.0,311.0,213.0
743.0,284.0,310.0,213.0
744.0,284.0,311.0,213.0
746.0,283.0,311.0,213.0
748.0,282.0,311.0,213.0
749.0,282.0,312.0,214.0
749.0,282.0,312.0,213.0
747.0,283.0,311.0,213.0
745.0,283.0,311.0,213.0
744.0,284.0,311.0,213.0
742.0,284.0,311.0,213.0
741.0,284.0,311.0,213.0
739.0,284.0,311.0,213.0
780.0,280.0,247.0,201.0
779.0,280.0,246.0,200.0
780.0,280.0,245.0,199.0
782.0,278.0,243.0,198.0
777.0,279.0,247.0,201.0
790.0,273.0,244.0,199.0
793.0,272.0,244.0,199.0
795.0,271.0,244.0,198.0
796.0,271.0,244.0,198.0
798.0,271.0,244.0,198.0
800.0,271.0,244.0,198.0
802.0,271.0,244.0,198.0
812.0,261.0,222.0,184.0
814.0,261.0,223.0,184.0
817.0,262.0,222.0,184.0
821.0,264.0,221.0,184.0
821.0,264.0,223.0,185.0
827.0,268.0,220.0,183.0
815.0,262.0,231.0,192.0
816.0,261.0,233.0,193.0
816.0,261.0,233.0,228.0
817.0,262.0,234.0,228.0
817.0,262.0,234.0,229.0
816.0,262.0,235.0,230.0
816.0,262.0,236.0,231.0
816.0,263.0,235.0,230.0
815.0,263.0,238.0,233.0
814.0,265.0,234.0,229.0
821.0,268.0,235.0,230.0
822.0,269.0,235.0,230.0
822.0,268.0,236.0,231.0
821.0,269.0,237.0,232.0
819.0,270.0,238.0,233.0
817.0,271.0,238.0,233.0
816.0,272.0,237.0,232.0
814.0,272.0,237.0,232.0
812.0,272.0,237.0,232.0
845.0,290.0,218.0,196.0
844.0,289.0,218.0,196.0
844.0,286.0,218.0,196.0
843.0,283.0,219.0,197.0
854.0,282.0,210.0,189.0
856.0,280.0,209.0,188.0
860.0,279.0,206.0,186.0
859.0,278.0,207.0,186.0
858.0,278.0,208.0,187.0
856.0,278.0,208.0,187.0
855.0,279.0,208.0,187.0
853.0,279.0,208.0,187.0
897.0,300.0,190.0,172.0
899.0,300.0,191.0,173.0
906.0,301.0,192.0,174.0
911.0,301.0,192.0,174.0
914.0,299.0,194.0,175.0
918.0,300.0,191.0,173.0
918.0,299.0,194.0,175.0
916.0,299.0,195.0,177.0
912.0,299.0,199.0,180.0
909.0,298.0,201.0,182.0
906.0,297.0,203.0,184.0
904.0,297.0,205.0,186.0
901.0,296.0,207.0,187.0
899.0,297.0,206.0,187.0
897.0,297.0,207.0,187.0
894.0,298.0,207.0,188.0
891.0,298.0,206.0,187.0
889.0,298.0,206.0,186.0
886.0,298.0,206.0,187.0
885.0,299.0,206.0,187.0
916.0,313.0,209.0,168.0
918.0,312.0,208.0,167.0
924.0,312.0,205.0,164.0
929.0,316.0,197.0,158.0
931.0,318.0,193.0,155.0
928.0,316.0,202.0,162.0
926.0,317.0,202.0,162.0
924.0,318.0,202.0,163.0
920.0,318.0,207.0,166.0
918.0,318.0,207.0,166.0
913.0,317.0,212.0,171.0
909.0,316.0,213.0,171.0
905.0,315.0,215.0,173.0
901.0,314.0,217.0,175.0
896.0,313.0,218.0,175.0
892.0,313.0,219.0,176.0
887.0,314.0,219.0,176.0
881.0,314.0,219.0,176.0
896.0,326.0,236.0,156.0
890.0,326.0,236.0,156.0
884.0,326.0,236.0,156.0
879.0,326.0,233.0,154.0
874.0,326.0,231.0,153.0
870.0,326.0,229.0,151.0
866.0,325.0,229.0,151.0
863.0,324.0,229.0,151.0
859.0,323.0,228.0,151.0
856.0,323.0,227.0,150.0
852.0,322.0,226.0,149.0
848.0,323.0,224.0,148.0
841.0,323.0,225.0,149.0
834.0,322.0,225.0,149.0
829.0,325.0,224.0,148.0
824.0,328.0,223.0,148.0
819.0,330.0,223.0,147.0
813.0,332.0,222.0,147.0
806.0,334.0,222.0,147.0
798.0,336.0,222.0,147.0
791.0,337.0,222.0,147.0
785.0,339.0,222.0,147.0
831.0,333.0,201.0,148.0
827.0,335.0,200.0,147.0
825.0,335.0,200.0,147.0
821.0,336.0,201.0,148.0
816.0,335.0,202.0,149.0
812.0,336.0,202.0,149.0
807.0,335.0,202.0,149.0
802.0,336.0,195.0,144.0
796.0,333.0,199.0,147.0
791.0,330.0,202.0,149.0
788.0,327.0,203.0,150.0
785.0,326.0,202.0,149.0
781.0,325.0,200.0,148.0
777.0,325.0,199.0,147.0
773.0,324.0,199.0,146.0
768.0,323.0,198.0,146.0
765.0,321.0,197.0,145.0
762.0,320.0,196.0,145.0
760.0,320.0,196.0,144.0
757.0,320.0,195.0,143.0
754.0,320.0,195.0,143.0
750.0,319.0,195.0,143.0
747.0,318.0,195.0,143.0
744.0,316.0,195.0,144.0
740.0,315.0,196.0,144.0
736.0,314.0,197.0,145.0
731.0,315.0,197.0,145.0
726.0,316.0,199.0,146.0
721.0,315.0,199.0,147.0
715.0,316.0,200.0,147.0
710.0,317.0,200.0,147.0
704.0,317.0,201.0,148.0
698.0,284.0,222.0,183.0
693.0,284.0,222.0,183.0
688.0,285.0,223.0,184.0
684.0,285.0,222.0,183.0
680.0,286.0,221.0,182.0
681.0,285.0,225.0,186.0
679.0,285.0,226.0,187.0
676.0,286.0,226.0,187.0
673.0,287.0,226.0,187.0
670.0,287.0,226.0,187.0
667.0,287.0,226.0,186.0
664.0,287.0,225.0,186.0
660.0,286.0,225.0,185.0
657.0,286.0,224.0,184.0
681.0,288.0,184.0,177.0
682.0,286.0,181.0,174.0
686.0,285.0,176.0,170.0
689.0,284.0,171.0,165.0
688.0,283.0,170.0,164.0
687.0,282.0,169.0,162.0
685.0,282.0,168.0,162.0
684.0,283.0,167.0,161.0
682.0,284.0,168.0,161.0
680.0,284.0,169.0,162.0
678.0,285.0,170.0,164.0
676.0,286.0,172.0,166.0
707.0,292.0,133.0,171.0
712.0,295.0,132.0,170.0
718.0,297.0,131.0,168.0
722.0,297.0,129.0,166.0
725.0,295.0,130.0,167.0
727.0,294.0,131.0,168.0
728.0,293.0,131.0,169.0
728.0,294.0,132.0,169.0
728.0,295.0,132.0,170.0
727.0,296.0,133.0,171.0
726.0,297.0,133.0,171.0
725.0,298.0,132.0,170.0
723.0,300.0,131.0,169.0
721.0,300.0,131.0,168.0
718.0,300.0,130.0,167.0
716.0,301.0,129.0,166.0
715.0,302.0,129.0,165.0
714.0,302.0,128.0,164.0
714.0,303.0,128.0,164.0
714.0,303.0,128.0,164.0
714.0,304.0,128.0,164.0
716.0,305.0,128.0,164.0
718.0,306.0,129.0,165.0
721.0,306.0,129.0,166.0
725.0,306.0,129.0,166.0
728.0,306.0,129.0,166.0
730.0,305.0,129.0,166.0
733.0,304.0,129.0,166.0
733.0,304.0,129.0,166.0
733.0,303.0,129.0,166.0
733.0,302.0,129.0,166.0
733.0,303.0,128.0,165.0
734.0,304.0,128.0,164.0
734.0,304.0,127.0,163.0
734.0,303.0,126.0,162.0
734.0,302.0,125.0,161.0
734.0,302.0,124.0,159.0
734.0,302.0,123.0,158.0
735.0,305.0,121.0,156.0
737.0,307.0,120.0,155.0
739.0,308.0,120.0,154.0
742.0,309.0,120.0,154.0
745.0,309.0,120.0,154.0
748.0,308.0,120.0,155.0
752.0,307.0,121.0,155.0
757.0,305.0,121.0,156.0
762.0,303.0,121.0,156.0
767.0,301.0,122.0,157.0
770.0,300.0,122.0,157.0
809.0,289.0,106.0,137.0
808.0,286.0,107.0,139.0
807.0,284.0,109.0,141.0
804.0,281.0,111.0,144.0
798.0,278.0,116.0,149.0
795.0,277.0,117.0,152.0
793.0,277.0,118.0,152.0
791.0,276.0,119.0,153.0
791.0,275.0,118.0,153.0
792.0,274.0,117.0,151.0
793.0,274.0,112.0,145.0
794.0,270.0,114.0,147.0
795.0,270.0,110.0,143.0
797.0,270.0,108.0,140.0
795.0,266.0,115.0,149.0
799.0,269.0,113.0,146.0
797.0,270.0,113.0,146.0
795.0,272.0,114.0,147.0
793.0,276.0,115.0,148.0
792.0,278.0,114.0,148.0
791.0,277.0,114.0,147.0
790.0,277.0,114.0,147.0
790.0,277.0,113.0,146.0
791.0,277.0,114.0,147.0
791.0,279.0,114.0,148.0
792.0,281.0,115.0,148.0
792.0,284.0,116.0,150.0
795.0,287.0,116.0,150.0
797.0,290.0,117.0,151.0
799.0,294.0,117.0,151.0
815.0,296.0,110.0,142.0
816.0,300.0,110.0,142.0
816.0,303.0,109.0,141.0
816.0,305.0,108.0,140.0
816.0,307.0,108.0,140.0
817.0,305.0,108.0,140.0
817.0,305.0,108.0,140.0
816.0,306.0,109.0,141.0
812.0,307.0,109.0,141.0
808.0,308.0,110.0,142.0
802.0,308.0,111.0,143.0
792.0,309.0,111.0,144.0
779.0,309.0,111.0,143.0
767.0,302.0,111.0,144.0
758.0,296.0,112.0,144.0
755.0,293.0,112.0,144.0
746.0,283.0,112.0,144.0
741.0,272.0,112.0,145.0
740.0,266.0,112.0,145.0
740.0,262.0,112.0,145.0
740.0,258.0,112.0,144.0
741.0,254.0,111.0,143.0
740.0,250.0,110.0,142.0
741.0,251.0,109.0,141.0
743.0,252.0,108.0,140.0
743.0,253.0,108.0,139.0
742.0,257.0,107.0,138.0
741.0,260.0,105.0,136.0
740.0,262.0,104.0,135.0
740.0,263.0,103.0,133.0
741.0,264.0,103.0,133.0
743.0,265.0,103.0,133.0
745.0,265.0,103.0,133.0
747.0,264.0,103.0,132.0
749.0,260.0,102.0,132.0
750.0,258.0,102.0,132.0
750.0,256.0,102.0,132.0
750.0,253.0,103.0,133.0
750.0,250.0,104.0,135.0
750.0,248.0,106.0,136.0
750.0,248.0,106.0,137.0
751.0,249.0,107.0,138.0
752.0,248.0,107.0,139.0
752.0,247.0,107.0,139.0
752.0,244.0,108.0,139.0
751.0,239.0,108.0,139.0
752.0,237.0,108.0,139.0
753.0,237.0,108.0,139.0
755.0,244.0,107.0,139.0
755.0,250.0,107.0,138.0
757.0,258.0,107.0,138.0
762.0,263.0,106.0,137.0
761.0,256.0,106.0,137.0
761.0,250.0,106.0,138.0
761.0,246.0,106.0,136.0
762.0,240.0,105.0,136.0
761.0,231.0,105.0,135.0
759.0,223.0,104.0,135.0
756.0,217.0,104.0,135.0
752.0,215.0,104.0,135.0
747.0,216.0,104.0,135.0
743.0,216.0,104.0,135.0
742.0,213.0,104.0,134.0
740.0,211.0,104.0,135.0
740.0,213.0,104.0,134.0
741.0,213.0,103.0,133.0
742.0,208.0,104.0,134.0
743.0,205.0,104.0,134.0
761.0,175.0,90.0,136.0
762.0,171.0,91.0,137.0
762.0,170.0,89.0,135.0
758.0,170.0,92.0,140.0
747.0,185.0,90.0,137.0
734.0,199.0,90.0,136.0
721.0,211.0,93.0,140.0
707.0,226.0,89.0,135.0
697.0,240.0,88.0,134.0
691.0,251.0,88.0,133.0
691.0,260.0,88.0,133.0
696.0,267.0,87.0,132.0
698.0,267.0,87.0,131.0
699.0,264.0,87.0,132.0
701.0,265.0,87.0,131.0
704.0,267.0,86.0,129.0
708.0,266.0,86.0,129.0
716.0,264.0,83.0,125.0
722.0,258.0,82.0,124.0
727.0,251.0,82.0,123.0
729.0,244.0,80.0,121.0
732.0,236.0,80.0,121.0
734.0,230.0,79.0,120.0
735.0,227.0,78.0,118.0
737.0,223.0,75.0,114.0
736.0,219.0,74.0,112.0
737.0,219.0,72.0,109.0
734.0,217.0,73.0,110.0
730.0,216.0,73.0,110.0
725.0,214.0,72.0,109.0
719.0,215.0,73.0,110.0
714.0,215.0,73.0,111.0
709.0,212.0,74.0,112.0
705.0,213.0,73.0,111.0
703.0,214.0,72.0,109.0
701.0,213.0,72.0,109.0
701.0,213.0,71.0,107.0
701.0,212.0,71.0,107.0
702.0,211.0,70.0,106.0
703.0,209.0,70.0,106.0
703.0,205.0,70.0,106.0
705.0,203.0,70.0,106.0
705.0,200.0,71.0,107.0
706.0,198.0,71.0,107.0
706.0,196.0,72.0,108.0
706.0,195.0,73.0,110.0
706.0,195.0,74.0,111.0
705.0,196.0,74.0,112.0
704.0,198.0,74.0,112.0
703.0,200.0,74.0,113.0
701.0,203.0,75.0,113.0
700.0,205.0,75.0,113.0
699.0,207.0,75.0,113.0
697.0,209.0,75.0,114.0
695.0,211.0,76.0,114.0
692.0,213.0,76.0,114.0
690.0,213.0,76.0,115.0
688.0,212.0,76.0,115.0
688.0,211.0,76.0,115.0
689.0,209.0,76.0,115.0
691.0,208.0,77.0,116.0
692.0,206.0,77.0,116.0
692.0,205.0,77.0,116.0
694.0,194.0,118.0,124.0
694.0,195.0,118.0,124.0
694.0,197.0,117.0,123.0
694.0,199.0,117.0,123.0
693.0,200.0,117.0,123.0
692.0,203.0,117.0,123.0
691.0,203.0,119.0,125.0
689.0,207.0,116.0,121.0
685.0,208.0,115.0,121.0
682.0,205.0,121.0,127.0
679.0,206.0,120.0,126.0
676.0,209.0,114.0,120.0
672.0,209.0,114.0,120.0
670.0,209.0,113.0,119.0
668.0,210.0,112.0,118.0
668.0,212.0,107.0,113.0
667.0,214.0,106.0,111.0
665.0,214.0,106.0,112.0
664.0,216.0,105.0,111.0
663.0,218.0,104.0,109.0
662.0,219.0,103.0,108.0
662.0,220.0,101.0,106.0
664.0,224.0,97.0,102.0
663.0,225.0,96.0,100.0
662.0,225.0,96.0,100.0
661.0,226.0,95.0,100.0
660.0,228.0,95.0,100.0
658.0,229.0,96.0,101.0
657.0,232.0,97.0,102.0
658.0,235.0,98.0,103.0
659.0,238.0,98.0,103.0
660.0,240.0,98.0,103.0
661.0,241.0,98.0,103.0
662.0,241.0,98.0,103.0
662.0,242.0,98.0,103.0
662.0,244.0,98.0,103.0
662.0,245.0,98.0,104.0
661.0,247.0,99.0,104.0
661.0,249.0,99.0,104.0
660.0,251.0,98.0,103.0
658.0,253.0,98.0,103.0
657.0,254.0,97.0,102.0
657.0,255.0,96.0,101.0
656.0,255.0,95.0,99.0
656.0,255.0,93.0,98.0
656.0,255.0,92.0,96.0
654.0,255.0,90.0,95.0
654.0,255.0,90.0,95.0
653.0,255.0,88.0,93.0
652.0,255.0,88.0,92.0
649.0,254.0,87.0,91.0
647.0,253.0,87.0,91.0
644.0,253.0,87.0,91.0
641.0,252.0,87.0,91.0
638.0,251.0,86.0,91.0
637.0,251.0,86.0,90.0
636.0,252.0,86.0,90.0
636.0,253.0,85.0,90.0
636.0,254.0,85.0,89.0
635.0,253.0,85.0,89.0
635.0,253.0,85.0,89.0
635.0,253.0,85.0,89.0
636.0,253.0,85.0,89.0
637.0,252.0,86.0,91.0
640.0,248.0,88.0,92.0
642.0,243.0,90.0,95.0
643.0,241.0,93.0,97.0
643.0,244.0,95.0,99.0
646.0,243.0,97.0,102.0
650.0,242.0,98.0,103.0
653.0,243.0,98.0,103.0
654.0,242.0,99.0,104.0
654.0,239.0,101.0,106.0
654.0,238.0,103.0,108.0
653.0,234.0,106.0,111.0
652.0,233.0,108.0,113.0
651.0,234.0,109.0,115.0
650.0,234.0,112.0,117.0
648.0,236.0,113.0,119.0
646.0,237.0,114.0,120.0
643.0,239.0,115.0,121.0
640.0,240.0,116.0,122.0
638.0,240.0,118.0,124.0
637.0,241.0,119.0,125.0
635.0,241.0,122.0,128.0
633.0,241.0,123.0,130.0
632.0,241.0,125.0,131.0
630.0,240.0,126.0,133.0
629.0,240.0,126.0,133.0
626.0,236.0,127.0,133.0
623.0,234.0,126.0,133.0
622.0,237.0,126.0,132.0
619.0,237.0,126.0,132.0
616.0,236.0,125.0,132.0
613.0,235.0,125.0,132.0
611.0,235.0,125.0,131.0
609.0,235.0,124.0,130.0
609.0,236.0,123.0,129.0
609.0,237.0,123.0,129.0
607.0,238.0,122.0,128.0
606.0,237.0,121.0,127.0
603.0,235.0,121.0,127.0
601.0,233.0,121.0,127.0
599.0,233.0,121.0,127.0
596.0,232.0,121.0,127.0
592.0,232.0,121.0,128.0
591.0,232.0,121.0,127.0
592.0,231.0,121.0,127.0
594.0,229.0,121.0,127.0
598.0,227.0,121.0,127.0
603.0,226.0,120.0,126.0
607.0,226.0,120.0,126.0
609.0,225.0,120.0,126.0
610.0,225.0,119.0,125.0
610.0,226.0,118.0,124.0
610.0,225.0,118.0,124.0
610.0,223.0,118.0,124.0
610.0,222.0,117.0,123.0
612.0,221.0,117.0,123.0
613.0,220.0,115.0,121.0
613.0,219.0,114.0,120.0
613.0,221.0,112.0,118.0
612.0,222.0,110.0,116.0
610.0,222.0,109.0,114.0
610.0,221.0,106.0,112.0
612.0,220.0,104.0,110.0
616.0,219.0,104.0,109.0
622.0,218.0,103.0,108.0
627.0,217.0,103.0,108.0
634.0,218.0,102.0,107.0
640.0,217.0,102.0,107.0
648.0,215.0,101.0,106.0
658.0,214.0,99.0,104.0
666.0,212.0,98.0,103.0
672.0,208.0,98.0,103.0
675.0,205.0,97.0,102.0
676.0,203.0,97.0,102.0
675.0,203.0,98.0,102.0
673.0,201.0,98.0,103.0
669.0,197.0,100.0,105.0
667.0,194.0,101.0,106.0
667.0,192.0,102.0,107.0
667.0,190.0,104.0,109.0
667.0,188.0,106.0,111.0
669.0,188.0,106.0,111.0
672.0,188.0,105.0,110.0
675.0,188.0,105.0,110.0
678.0,189.0,106.0,111.0
682.0,192.0,105.0,110.0
685.0,194.0,105.0,110.0
688.0,197.0,104.0,109.0
690.0,199.0,103.0,109.0
693.0,201.0,102.0,108.0
696.0,202.0,102.0,107.0
700.0,202.0,101.0,106.0
702.0,202.0,101.0,106.0
706.0,201.0,99.0,104.0
710.0,200.0,97.0,102.0
711.0,198.0,97.0,102.0
712.0,195.0,98.0,103.0
713.0,194.0,98.0,103.0
713.0,191.0,99.0,104.0
713.0,190.0,100.0,105.0
713.0,190.0,101.0,106.0
712.0,189.0,102.0,107.0
711.0,189.0,101.0,107.0
711.0,189.0,101.0,106.0
709.0,189.0,100.0,105.0
705.0,190.0,101.0,106.0
702.0,193.0,100.0,105.0
699.0,195.0,98.0,103.0
696.0,196.0,95.0,100.0
714.0,197.0,97.0,95.0
715.0,199.0,96.0,94.0
717.0,192.0,96.0,102.0
711.0,196.0,103.0,93.0
711.0,192.0,114.0,101.0
715.0,191.0,103.0,102.0
727.0,197.0,100.0,90.0
731.0,197.0,104.0,97.0
731.0,194.0,104.0,101.0
727.0,194.0,120.0,107.0
720.0,208.0,121.0,99.0
716.0,187.0,132.0,116.0
738.0,202.0,113.0,95.0
733.0,202.0,99.0,101.0
733.0,201.0,100.0,102.0
733.0,198.0,102.0,104.0
734.0,195.0,102.0,104.0
734.0,192.0,103.0,105.0
735.0,191.0,103.0,105.0
736.0,189.0,103.0,105.0
735.0,185.0,105.0,107.0
734.0,186.0,105.0,107.0
732.0,187.0,106.0,108.0
728.0,186.0,105.0,107.0
723.0,186.0,105.0,107.0
717.0,187.0,105.0,107.0
711.0,188.0,104.0,106.0
705.0,190.0,104.0,106.0
699.0,192.0,104.0,106.0
696.0,197.0,98.0,100.0
691.0,196.0,101.0,103.0
687.0,196.0,101.0,103.0
686.0,198.0,100.0,102.0
688.0,202.0,96.0,98.0
689.0,202.0,97.0,99.0
690.0,203.0,97.0,99.0
688.0,200.0,101.0,103.0
689.0,202.0,99.0,101.0
691.0,204.0,99.0,101.0
690.0,204.0,99.0,101.0
690.0,204.0,99.0,101.0
690.0,205.0,100.0,102.0
690.0,205.0,100.0,102.0
691.0,203.0,100.0,102.0
692.0,202.0,100.0,102.0
694.0,201.0,100.0,102.0
696.0,202.0,100.0,102.0
696.0,204.0,100.0,102.0
696.0,207.0,99.0,101.0
696.0,210.0,99.0,101.0
696.0,212.0,99.0,101.0
696.0,213.0,99.0,101.0
696.0,214.0,99.0,101.0
696.0,214.0,99.0,101.0
696.0,213.0,99.0,101.0
696.0,215.0,99.0,101.0
694.0,218.0,99.0,101.0
692.0,221.0,99.0,101.0
688.0,223.0,98.0,100.0
684.0,224.0,98.0,100.0
679.0,225.0,98.0,100.0
674.0,226.0,98.0,100.0
669.0,227.0,98.0,100.0
664.0,228.0,98.0,100.0
659.0,228.0,98.0,100.0
653.0,228.0,98.0,100.0
648.0,228.0,98.0,100.0
642.0,228.0,98.0,100.0
636.0,228.0,98.0,100.0
630.0,230.0,98.0,100.0
626.0,231.0,99.0,101.0
621.0,231.0,99.0,101.0
618.0,231.0,99.0,101.0
617.0,232.0,100.0,102.0
616.0,232.0,100.0,102.0
617.0,232.0,101.0,103.0
619.0,232.0,102.0,104.0
623.0,233.0,102.0,104.0
626.0,235.0,103.0,105.0
629.0,238.0,103.0,105.0
632.0,242.0,103.0,105.0
634.0,244.0,103.0,106.0
636.0,247.0,104.0,106.0
638.0,250.0,104.0,106.0
641.0,253.0,105.0,107.0
651.0,257.0,90.0,92.0
655.0,253.0,98.0,100.0
664.0,260.0,90.0,92.0
671.0,262.0,90.0,92.0
681.0,266.0,92.0,93.0
693.0,272.0,91.0,93.0
708.0,278.0,91.0,93.0
726.0,287.0,91.0,93.0
745.0,297.0,93.0,95.0
766.0,311.0,91.0,93.0
785.0,320.0,93.0,95.0
807.0,332.0,93.0,95.0
829.0,340.0,93.0,95.0
848.0,345.0,94.0,96.0
865.0,346.0,97.0,99.0
886.0,349.0,100.0,102.0
908.0,356.0,103.0,105.0
930.0,364.0,105.0,107.0
953.0,371.0,106.0,108.0
976.0,378.0,107.0,110.0
1000.0,384.0,107.0,110.0
1025.0,391.0,107.0,109.0
1050.0,396.0,107.0,109.0
1074.0,400.0,103.0,105.0
1100.0,406.0,103.0,105.0
1122.0,413.0,104.0,106.0
1142.0,419.0,105.0,107.0
1161.0,426.0,105.0,107.0
1181.0,432.0,105.0,107.0
1201.0,439.0,106.0,108.0
1222.0,447.0,106.0,108.0
1241.0,455.0,106.0,108.0
1261.0,462.0,106.0,108.0
1277.0,468.0,103.0,106.0
1277.0,468.0,103.0,106.0
0
0
0
0
0
0
0
0
0
0
0
0
0
0
0
0
0
0
0
0
0
0
0
0
0
0
0
0
0
0
0
0
0
0
0
0
0
0
0
0
0
0
0
0
0
0
0
1184.0,500.0,94.0,111.0
1171.0,499.0,94.0,111.0
1161.0,498.0,92.0,109.0
1151.0,497.0,90.0,107.0
1140.0,495.0,89.0,105.0
1129.0,492.0,89.0,105.0
1116.0,489.0,90.0,107.0
1105.0,486.0,92.0,108.0
1093.0,484.0,93.0,109.0
1081.0,481.0,92.0,109.0
1068.0,476.0,93.0,110.0
1056.0,474.0,93.0,110.0
1045.0,472.0,94.0,111.0
1038.0,470.0,88.0,104.0
1030.0,468.0,86.0,102.0
1020.0,466.0,85.0,100.0
1010.0,465.0,84.0,99.0
1000.0,464.0,83.0,98.0
991.0,463.0,82.0,97.0
983.0,461.0,82.0,97.0
973.0,457.0,84.0,99.0
963.0,454.0,85.0,101.0
954.0,450.0,86.0,102.0
952.0,448.0,82.0,97.0
944.0,444.0,83.0,98.0
937.0,439.0,85.0,101.0
929.0,434.0,87.0,103.0
921.0,431.0,87.0,103.0
915.0,428.0,89.0,105.0
905.0,422.0,91.0,107.0
898.0,419.0,89.0,105.0
891.0,415.0,89.0,105.0
885.0,413.0,87.0,103.0
880.0,411.0,83.0,98.0
870.0,404.0,86.0,101.0
864.0,403.0,82.0,97.0
857.0,404.0,77.0,91.0
847.0,401.0,77.0,91.0
837.0,401.0,77.0,91.0
825.0,399.0,77.0,91.0
814.0,397.0,78.0,92.0
804.0,399.0,78.0,93.0
793.0,400.0,78.0,92.0
782.0,399.0,79.0,93.0
772.0,400.0,78.0,92.0
766.0,403.0,76.0,90.0
755.0,401.0,78.0,92.0
745.0,400.0,76.0,90.0
737.0,401.0,75.0,89.0
728.0,399.0,76.0,90.0
719.0,399.0,72.0,85.0
713.0,396.0,75.0,89.0
706.0,393.0,76.0,90.0
701.0,393.0,74.0,88.0
694.0,395.0,69.0,81.0
688.0,395.0,67.0,79.0
683.0,395.0,65.0,77.0
679.0,396.0,64.0,75.0
675.0,398.0,62.0,73.0
671.0,399.0,62.0,73.0
666.0,399.0,62.0,73.0
662.0,400.0,61.0,72.0
660.0,399.0,60.0,71.0
657.0,396.0,59.0,69.0
653.0,391.0,59.0,70.0
649.0,389.0,60.0,71.0
645.0,385.0,62.0,73.0
641.0,383.0,63.0,74.0
637.0,383.0,63.0,75.0
633.0,383.0,63.0,74.0
626.0,382.0,64.0,75.0
621.0,383.0,64.0,76.0
617.0,383.0,63.0,74.0
611.0,382.0,63.0,74.0
608.0,381.0,62.0,73.0
604.0,381.0,62.0,73.0
601.0,383.0,60.0,71.0
598.0,386.0,59.0,70.0
595.0,390.0,57.0,67.0
585.0,390.0,57.0,68.0
574.0,390.0,57.0,67.0
560.0,391.0,57.0,67.0
546.0,388.0,57.0,67.0
532.0,383.0,56.0,66.0
520.0,384.0,55.0,65.0
507.0,388.0,55.0,65.0
494.0,387.0,54.0,64.0
481.0,380.0,55.0,65.0
466.0,376.0,56.0,66.0
452.0,376.0,56.0,66.0
437.0,373.0,57.0,67.0
426.0,372.0,56.0,66.0
411.0,371.0,58.0,68.0
400.0,373.0,56.0,66.0
384.0,373.0,54.0,64.0
366.0,371.0,54.0,64.0
351.0,352.0,64.0,85.0
332.0,354.0,63.0,93.0
322.0,349.0,54.0,99.0
303.0,374.0,53.0,62.0
267.0,357.0,62.0,92.0
276.0,384.0,50.0,59.0
268.0,390.0,48.0,57.0
253.0,361.0,58.0,99.0
238.0,372.0,60.0,84.0
233.0,369.0,49.0,93.0
218.0,379.0,53.0,90.0
200.0,384.0,68.0,91.0
196.0,391.0,60.0,87.0
190.0,394.0,59.0,76.0
186.0,386.0,43.0,90.0
170.0,395.0,58.0,91.0
162.0,397.0,54.0,97.0
152.0,399.0,54.0,96.0
143.0,402.0,53.0,95.0
137.0,403.0,52.0,94.0
129.0,407.0,50.0,91.0
122.0,410.0,50.0,90.0
119.0,414.0,47.0,85.0
117.0,416.0,47.0,84.0
117.0,417.0,46.0,82.0
118.0,418.0,46.0,82.0
122.0,418.0,45.0,81.0
127.0,419.0,44.0,79.0
130.0,418.0,44.0,80.0
138.0,418.0,42.0,76.0
145.0,417.0,42.0,75.0
152.0,416.0,42.0,75.0
159.0,415.0,43.0,76.0
166.0,414.0,43.0,77.0
173.0,415.0,44.0,79.0
183.0,416.0,43.0,78.0
192.0,417.0,43.0,78.0
202.0,418.0,43.0,77.0
216.0,421.0,42.0,75.0
229.0,422.0,41.0,74.0
241.0,423.0,41.0,74.0
253.0,424.0,41.0,73.0
0
0
0
0
0
0
0
0
0
0
0
0
0
0
0
0
0
0
0
0
0
0
0
0
0
0
0
0
0
0
0
0
0
0
0
0
0
0
0
0
0
0
0
0
471.0,317.0,61.0,85.0
470.0,313.0,65.0,90.0
476.0,315.0,61.0,85.0
480.0,314.0,61.0,84.0
486.0,316.0,60.0,84.0
490.0,316.0,60.0,84.0
495.0,315.0,59.0,82.0
499.0,313.0,58.0,81.0
504.0,312.0,58.0,80.0
509.0,310.0,56.0,79.0
514.0,307.0,56.0,78.0
517.0,303.0,56.0,79.0
520.0,299.0,56.0,78.0
522.0,294.0,56.0,78.0
526.0,290.0,56.0,78.0
532.0,286.0,56.0,78.0
539.0,282.0,55.0,77.0
547.0,278.0,56.0,78.0
555.0,274.0,56.0,78.0
564.0,270.0,56.0,79.0
572.0,269.0,56.0,79.0
577.0,269.0,57.0,79.0
577.0,267.0,57.0,80.0
573.0,266.0,57.0,80.0
568.0,264.0,58.0,81.0
564.0,266.0,58.0,81.0
559.0,271.0,58.0,81.0
555.0,275.0,58.0,81.0
552.0,285.0,58.0,81.0
552.0,293.0,58.0,81.0
552.0,296.0,59.0,82.0
551.0,295.0,59.0,83.0
553.0,294.0,60.0,83.0
556.0,292.0,60.0,84.0
559.0,288.0,61.0,84.0
563.0,284.0,61.0,84.0
566.0,282.0,61.0,85.0
569.0,279.0,61.0,85.0
570.0,276.0,62.0,86.0
571.0,273.0,61.0,86.0
572.0,267.0,62.0,86.0
574.0,256.0,62.0,86.0
577.0,250.0,62.0,86.0
578.0,249.0,61.0,85.0
578.0,245.0,60.0,83.0
578.0,240.0,59.0,83.0
579.0,241.0,59.0,82.0
579.0,238.0,59.0,82.0
576.0,226.0,60.0,83.0
578.0,221.0,60.0,84.0
580.0,223.0,60.0,84.0
583.0,221.0,61.0,85.0
585.0,221.0,62.0,86.0
587.0,222.0,61.0,85.0
587.0,221.0,61.0,85.0
586.0,219.0,61.0,84.0
586.0,219.0,61.0,85.0
586.0,219.0,61.0,85.0
585.0,217.0,61.0,85.0
584.0,216.0,61.0,85.0
585.0,213.0,61.0,85.0
585.0,210.0,61.0,84.0
584.0,207.0,60.0,84.0
582.0,204.0,61.0,84.0
582.0,203.0,61.0,85.0
584.0,202.0,61.0,85.0
586.0,201.0,62.0,86.0
590.0,201.0,62.0,86.0
593.0,200.0,63.0,87.0
596.0,198.0,63.0,88.0
599.0,197.0,63.0,88.0
604.0,197.0,63.0,87.0
608.0,197.0,62.0,87.0
611.0,195.0,62.0,86.0
611.0,192.0,62.0,86.0
613.0,193.0,62.0,86.0
615.0,193.0,62.0,86.0
619.0,190.0,61.0,86.0
624.0,186.0,61.0,85.0
636.0,177.0,51.0,93.0
641.0,179.0,51.0,92.0
646.0,181.0,50.0,92.0
650.0,184.0,50.0,91.0
652.0,186.0,50.0,90.0
654.0,186.0,50.0,90.0
656.0,185.0,50.0,90.0
657.0,184.0,50.0,91.0
658.0,183.0,50.0,91.0
659.0,181.0,50.0,91.0
660.0,180.0,50.0,91.0
660.0,179.0,50.0,92.0
661.0,179.0,50.0,92.0
661.0,177.0,50.0,91.0
661.0,174.0,50.0,92.0
661.0,173.0,50.0,91.0
659.0,172.0,50.0,91.0
654.0,170.0,50.0,91.0
648.0,167.0,50.0,91.0
643.0,164.0,50.0,91.0
637.0,163.0,50.0,92.0
629.0,163.0,51.0,92.0
619.0,162.0,51.0,93.0
611.0,162.0,52.0,96.0
606.0,163.0,54.0,99.0
599.0,167.0,53.0,97.0
590.0,171.0,53.0,97.0
583.0,171.0,55.0,100.0
580.0,172.0,55.0,100.0
577.0,174.0,55.0,100.0
573.0,176.0,55.0,100.0
571.0,177.0,55.0,99.0
569.0,177.0,53.0,97.0
565.0,175.0,52.0,96.0
561.0,171.0,54.0,98.0
557.0,168.0,54.0,98.0
555.0,167.0,53.0,97.0
555.0,166.0,53.0,96.0
556.0,165.0,52.0,95.0
554.0,162.0,53.0,96.0
557.0,160.0,52.0,96.0
559.0,157.0,52.0,96.0
563.0,156.0,52.0,95.0
569.0,155.0,52.0,94.0
573.0,156.0,52.0,95.0
578.0,158.0,53.0,96.0
583.0,161.0,53.0,97.0
586.0,164.0,53.0,97.0
589.0,169.0,53.0,97.0
596.0,179.0,53.0,97.0
601.0,187.0,53.0,97.0
601.0,190.0,53.0,97.0
600.0,194.0,53.0,97.0
600.0,199.0,53.0,97.0
599.0,204.0,53.0,97.0
597.0,208.0,53.0,97.0
595.0,210.0,53.0,97.0
594.0,211.0,54.0,98.0
594.0,211.0,54.0,98.0
594.0,211.0,54.0,98.0
594.0,211.0,54.0,99.0
593.0,211.0,55.0,100.0
592.0,210.0,56.0,101.0
591.0,208.0,56.0,103.0
591.0,207.0,57.0,105.0
590.0,205.0,58.0,106.0
591.0,205.0,59.0,108.0
592.0,206.0,60.0,109.0
593.0,206.0,60.0,109.0
594.0,207.0,59.0,108.0
594.0,206.0,59.0,108.0
593.0,204.0,60.0,110.0
591.0,201.0,61.0,110.0
589.0,198.0,61.0,111.0
586.0,197.0,61.0,111.0
582.0,195.0,62.0,112.0
577.0,194.0,62.0,113.0
571.0,193.0,63.0,114.0
564.0,192.0,63.0,116.0
555.0,191.0,64.0,117.0
547.0,192.0,65.0,119.0
530.0,192.0,66.0,120.0
513.0,186.0,66.0,121.0
501.0,183.0,67.0,123.0
495.0,185.0,67.0,122.0
487.0,187.0,67.0,122.0
474.0,188.0,67.0,123.0
457.0,188.0,67.0,122.0
435.0,188.0,67.0,122.0
416.0,187.0,66.0,121.0
397.0,185.0,67.0,76.0
378.0,181.0,67.0,76.0
365.0,177.0,68.0,77.0
363.0,179.0,68.0,77.0
366.0,181.0,66.0,75.0
358.0,179.0,67.0,76.0
352.0,175.0,69.0,78.0
346.0,172.0,70.0,79.0
343.0,171.0,71.0,81.0
341.0,170.0,73.0,83.0
340.0,168.0,73.0,83.0
338.0,166.0,74.0,84.0
337.0,166.0,74.0,84.0
337.0,166.0,73.0,83.0
338.0,168.0,73.0,83.0
338.0,170.0,73.0,83.0
338.0,174.0,74.0,84.0
338.0,178.0,74.0,84.0
339.0,182.0,74.0,84.0
343.0,188.0,74.0,84.0
346.0,194.0,67.0,77.0
351.0,196.0,68.0,77.0
358.0,199.0,68.0,77.0
365.0,203.0,69.0,78.0
369.0,207.0,71.0,80.0
373.0,211.0,72.0,81.0
377.0,216.0,72.0,81.0
381.0,219.0,72.0,81.0
386.0,222.0,71.0,80.0
391.0,222.0,69.0,78.0
392.0,222.0,68.0,77.0
391.0,222.0,68.0,77.0
392.0,224.0,68.0,77.0
393.0,226.0,68.0,78.0
394.0,229.0,68.0,77.0
395.0,230.0,68.0,77.0
397.0,231.0,67.0,76.0
399.0,231.0,68.0,77.0
402.0,232.0,69.0,78.0
404.0,234.0,69.0,78.0
406.0,235.0,70.0,79.0
406.0,236.0,71.0,80.0
406.0,239.0,71.0,81.0
405.0,245.0,72.0,81.0
403.0,252.0,72.0,82.0
399.0,259.0,72.0,81.0
393.0,262.0,72.0,81.0
384.0,265.0,72.0,82.0
376.0,268.0,71.0,80.0
368.0,273.0,71.0,81.0
360.0,280.0,72.0,81.0
355.0,290.0,69.0,78.0
351.0,296.0,68.0,77.0
350.0,297.0,69.0,78.0
348.0,298.0,70.0,79.0
349.0,296.0,69.0,78.0
352.0,293.0,69.0,78.0
355.0,290.0,69.0,78.0
359.0,286.0,69.0,78.0
363.0,283.0,69.0,78.0
367.0,279.0,69.0,78.0
371.0,275.0,68.0,77.0
376.0,270.0,67.0,76.0
381.0,265.0,67.0,76.0
387.0,260.0,67.0,76.0
393.0,257.0,67.0,75.0
399.0,255.0,67.0,76.0
404.0,254.0,67.0,76.0
408.0,255.0,67.0,76.0
414.0,261.0,67.0,76.0
421.0,272.0,66.0,75.0
426.0,281.0,66.0,75.0
427.0,283.0,66.0,75.0
422.0,281.0,66.0,75.0
421.0,282.0,67.0,75.0
420.0,283.0,67.0,76.0
420.0,284.0,67.0,76.0
422.0,285.0,67.0,76.0
427.0,285.0,67.0,76.0
434.0,282.0,66.0,75.0
441.0,279.0,65.0,74.0
449.0,277.0,64.0,73.0
456.0,274.0,64.0,73.0
463.0,270.0,64.0,73.0
469.0,266.0,64.0,73.0
474.0,263.0,64.0,73.0
479.0,260.0,64.0,73.0
484.0,257.0,64.0,72.0
489.0,254.0,63.0,71.0
494.0,253.0,62.0,70.0
497.0,253.0,62.0,70.0
499.0,253.0,62.0,70.0
499.0,253.0,62.0,70.0
498.0,255.0,62.0,70.0
499.0,259.0,62.0,70.0
501.0,264.0,62.0,70.0
503.0,268.0,62.0,70.0
503.0,270.0,62.0,70.0
502.0,272.0,61.0,69.0
501.0,275.0,61.0,69.0
500.0,279.0,60.0,69.0
497.0,281.0,61.0,69.0
494.0,284.0,60.0,69.0
489.0,287.0,60.0,69.0
482.0,290.0,60.0,69.0
475.0,291.0,61.0,69.0
467.0,292.0,60.0,68.0
463.0,293.0,59.0,67.0
462.0,294.0,58.0,66.0
461.0,294.0,58.0,66.0
461.0,291.0,58.0,66.0
463.0,259.0,58.0,95.0
465.0,256.0,58.0,95.0
466.0,252.0,58.0,95.0
466.0,241.0,59.0,97.0
466.0,234.0,59.0,97.0
466.0,230.0,59.0,96.0
464.0,223.0,59.0,97.0
462.0,218.0,59.0,96.0
462.0,215.0,60.0,98.0
462.0,211.0,61.0,99.0
464.0,208.0,61.0,100.0
467.0,207.0,62.0,101.0
470.0,207.0,62.0,101.0
474.0,209.0,62.0,102.0
479.0,211.0,62.0,102.0
484.0,215.0,62.0,102.0
492.0,223.0,62.0,102.0
507.0,234.0,62.0,102.0
508.0,243.0,62.0,101.0
508.0,248.0,60.0,98.0
511.0,247.0,62.0,101.0
516.0,254.0,61.0,100.0
519.0,260.0,61.0,101.0
521.0,266.0,61.0,100.0
520.0,268.0,61.0,100.0
518.0,270.0,60.0,98.0
517.0,271.0,59.0,97.0
516.0,273.0,59.0,97.0
514.0,273.0,59.0,97.0
510.0,271.0,60.0,98.0
507.0,268.0,60.0,99.0
504.0,265.0,61.0,100.0
502.0,265.0,61.0,100.0
501.0,264.0,61.0,100.0
500.0,263.0,61.0,100.0
499.0,260.0,61.0,100.0
498.0,253.0,62.0,101.0
496.0,248.0,63.0,102.0
491.0,241.0,61.0,100.0
493.0,236.0,63.0,104.0
493.0,234.0,63.0,104.0
492.0,232.0,63.0,104.0
490.0,232.0,62.0,101.0
488.0,232.0,62.0,102.0
483.0,232.0,64.0,106.0
479.0,233.0,66.0,108.0
475.0,233.0,67.0,109.0
470.0,234.0,68.0,112.0
464.0,234.0,69.0,113.0
459.0,232.0,70.0,114.0
457.0,231.0,70.0,115.0
456.0,232.0,71.0,117.0
454.0,232.0,72.0,117.0
452.0,232.0,72.0,119.0
448.0,233.0,73.0,120.0
449.0,232.0,69.0,114.0
448.0,235.0,70.0,114.0
449.0,237.0,70.0,115.0
451.0,240.0,70.0,114.0
453.0,241.0,69.0,114.0
454.0,242.0,67.0,110.0
451.0,237.0,69.0,112.0
451.0,234.0,67.0,110.0
450.0,232.0,67.0,111.0
448.0,228.0,69.0,112.0
444.0,227.0,67.0,110.0
444.0,223.0,67.0,110.0
442.0,220.0,67.0,110.0
442.0,218.0,67.0,110.0
446.0,210.0,71.0,116.0
448.0,210.0,71.0,117.0
451.0,212.0,72.0,117.0
456.0,214.0,72.0,118.0
463.0,219.0,72.0,118.0
471.0,224.0,72.0,118.0
476.0,226.0,73.0,119.0
482.0,227.0,73.0,119.0
489.0,226.0,74.0,121.0
495.0,225.0,74.0,122.0
501.0,224.0,75.0,123.0
506.0,224.0,76.0,125.0
508.0,225.0,77.0,126.0
510.0,226.0,78.0,127.0
511.0,226.0,78.0,128.0
514.0,228.0,79.0,129.0
518.0,228.0,79.0,130.0
521.0,228.0,80.0,131.0
524.0,227.0,81.0,132.0
527.0,226.0,81.0,132.0
530.0,227.0,81.0,133.0
533.0,228.0,82.0,134.0
536.0,229.0,82.0,135.0
539.0,231.0,84.0,137.0
542.0,232.0,85.0,139.0
543.0,231.0,87.0,143.0
545.0,230.0,90.0,147.0
545.0,229.0,92.0,151.0
543.0,227.0,95.0,155.0
552.0,231.0,84.0,126.0
549.0,234.0,85.0,127.0
544.0,237.0,85.0,128.0
536.0,243.0,87.0,130.0
533.0,242.0,90.0,135.0
525.0,240.0,92.0,139.0
514.0,247.0,84.0,126.0
511.0,249.0,84.0,127.0
511.0,249.0,88.0,132.0
536.0,265.0,73.0,109.0
539.0,270.0,72.0,108.0
542.0,274.0,72.0,109.0
546.0,276.0,72.0,108.0
549.0,274.0,72.0,107.0
550.0,273.0,71.0,107.0
548.0,270.0,74.0,110.0
548.0,267.0,75.0,112.0
551.0,262.0,76.0,113.0
556.0,258.0,76.0,114.0
561.0,254.0,76.0,114.0
568.0,251.0,75.0,112.0
577.0,248.0,73.0,109.0
588.0,247.0,69.0,103.0
597.0,244.0,70.0,106.0
605.0,246.0,71.0,107.0
612.0,250.0,72.0,109.0
617.0,253.0,74.0,112.0
623.0,256.0,75.0,113.0
628.0,258.0,75.0,113.0
631.0,258.0,76.0,114.0
632.0,259.0,76.0,114.0
632.0,262.0,76.0,114.0
632.0,266.0,75.0,113.0
629.0,272.0,75.0,112.0
624.0,282.0,74.0,111.0
619.0,294.0,73.0,110.0
618.0,299.0,74.0,110.0
617.0,301.0,74.0,111.0
616.0,303.0,74.0,111.0
618.0,305.0,75.0,113.0
621.0,307.0,76.0,113.0
623.0,309.0,76.0,114.0
625.0,311.0,76.0,114.0
626.0,313.0,77.0,115.0
626.0,316.0,77.0,116.0
623.0,318.0,79.0,118.0
618.0,318.0,81.0,121.0
612.0,320.0,83.0,124.0
604.0,322.0,88.0,133.0
597.0,322.0,94.0,141.0
588.0,320.0,100.0,150.0
582.0,317.0,105.0,157.0
580.0,314.0,107.0,161.0
580.0,314.0,110.0,164.0
581.0,316.0,111.0,167.0
583.0,319.0,112.0,169.0
585.0,323.0,113.0,170.0
597.0,314.0,93.0,142.0
597.0,318.0,93.0,142.0
596.0,321.0,94.0,143.0
592.0,322.0,93.0,143.0
591.0,322.0,93.0,142.0
590.0,321.0,93.0,142.0
588.0,322.0,93.0,142.0
583.0,322.0,93.0,142.0
578.0,321.0,93.0,142.0
575.0,320.0,93.0,141.0
573.0,317.0,92.0,141.0
573.0,312.0,92.0,141.0
573.0,310.0,92.0,140.0
576.0,308.0,92.0,140.0
579.0,308.0,92.0,140.0
584.0,309.0,91.0,139.0
588.0,310.0,92.0,140.0
592.0,310.0,92.0,141.0
596.0,313.0,93.0,142.0
600.0,317.0,94.0,143.0
603.0,323.0,95.0,145.0
608.0,334.0,96.0,146.0
612.0,344.0,96.0,147.0
613.0,351.0,97.0,148.0
610.0,357.0,98.0,149.0
610.0,366.0,98.0,150.0
613.0,378.0,97.0,149.0
617.0,389.0,97.0,149.0
620.0,396.0,97.0,149.0
622.0,399.0,97.0,149.0
623.0,400.0,98.0,150.0
623.0,404.0,98.0,150.0
624.0,406.0,98.0,150.0
624.0,406.0,98.0,150.0
625.0,405.0,99.0,151.0
625.0,403.0,100.0,152.0
625.0,401.0,100.0,153.0
624.0,399.0,100.0,153.0
622.0,396.0,100.0,153.0
621.0,394.0,100.0,153.0
625.0,372.0,87.0,148.0
622.0,370.0,87.0,148.0
618.0,369.0,87.0,149.0
614.0,368.0,87.0,149.0
609.0,368.0,87.0,148.0
605.0,370.0,86.0,146.0
599.0,373.0,84.0,143.0
592.0,373.0,84.0,142.0
585.0,367.0,88.0,150.0
581.0,367.0,86.0,146.0
579.0,368.0,84.0,143.0
575.0,364.0,85.0,144.0
571.0,363.0,85.0,145.0
567.0,362.0,86.0,146.0
561.0,361.0,87.0,148.0
554.0,361.0,87.0,149.0
547.0,360.0,88.0,150.0
539.0,361.0,89.0,151.0
532.0,362.0,89.0,152.0
525.0,362.0,90.0,153.0
519.0,363.0,91.0,154.0
514.0,364.0,91.0,156.0
510.0,364.0,92.0,156.0
507.0,364.0,93.0,157.0
504.0,365.0,93.0,158.0
500.0,364.0,94.0,160.0
497.0,364.0,94.0,161.0
494.0,363.0,95.0,162.0
492.0,363.0,96.0,164.0
489.0,362.0,97.0,165.0
486.0,360.0,99.0,168.0
485.0,359.0,100.0,170.0
468.0,354.0,114.0,152.0
467.0,354.0,114.0,152.0
466.0,353.0,116.0,155.0
467.0,353.0,118.0,158.0
458.0,361.0,109.0,145.0
459.0,362.0,110.0,147.0
460.0,362.0,112.0,138.0
458.0,362.0,116.0,154.0
458.0,363.0,117.0,136.0
457.0,364.0,119.0,159.0
456.0,367.0,120.0,140.0
454.0,369.0,121.0,162.0
452.0,370.0,123.0,135.0
451.0,371.0,125.0,166.0
435.0,363.0,124.0,140.0
432.0,366.0,135.0,135.0
425.0,365.0,148.0,137.0
424.0,365.0,176.0,140.0
424.0,363.0,136.0,132.0
427.0,363.0,136.0,132.0
438.0,364.0,98.0,109.0
440.0,364.0,98.0,109.0
439.0,363.0,99.0,110.0
439.0,361.0,98.0,108.0
436.0,359.0,96.0,107.0
436.0,358.0,93.0,103.0
435.0,358.0,90.0,100.0
435.0,357.0,88.0,98.0
435.0,357.0,88.0,98.0
432.0,356.0,87.0,97.0
431.0,354.0,88.0,98.0
426.0,351.0,87.0,97.0
424.0,349.0,87.0,97.0
426.0,342.0,91.0,101.0
423.0,341.0,86.0,96.0
423.0,337.0,87.0,97.0
423.0,332.0,88.0,98.0
422.0,328.0,90.0,100.0
420.0,325.0,91.0,102.0
420.0,323.0,92.0,102.0
418.0,321.0,94.0,105.0
418.0,320.0,93.0,104.0
421.0,321.0,91.0,101.0
417.0,318.0,92.0,102.0
419.0,319.0,89.0,99.0
421.0,320.0,86.0,96.0
422.0,320.0,85.0,95.0
424.0,319.0,84.0,94.0
427.0,320.0,83.0,92.0
429.0,319.0,85.0,95.0
431.0,317.0,88.0,98.0
434.0,315.0,89.0,99.0
438.0,314.0,90.0,100.0
442.0,312.0,92.0,102.0
446.0,311.0,94.0,104.0
451.0,310.0,95.0,106.0
456.0,310.0,96.0,107.0
461.0,310.0,96.0,107.0
467.0,310.0,97.0,108.0
475.0,311.0,96.0,107.0
481.0,312.0,96.0,107.0
488.0,312.0,96.0,106.0
495.0,312.0,95.0,105.0
501.0,313.0,94.0,105.0
507.0,315.0,94.0,105.0
513.0,316.0,78.0,100.0
513.0,317.0,79.0,101.0
509.0,318.0,81.0,104.0
508.0,322.0,78.0,101.0
506.0,321.0,78.0,100.0
504.0,321.0,78.0,100.0
502.0,320.0,80.0,103.0
499.0,319.0,83.0,106.0
497.0,318.0,84.0,108.0
495.0,319.0,85.0,110.0
494.0,318.0,86.0,111.0
491.0,318.0,88.0,112.0
490.0,320.0,87.0,112.0
490.0,321.0,87.0,112.0
490.0,323.0,87.0,111.0
488.0,324.0,87.0,111.0
468.0,324.0,86.0,111.0
469.0,317.0,95.0,122.0
468.0,320.0,95.0,122.0
465.0,324.0,92.0,118.0
470.0,329.0,92.0,118.0
474.0,334.0,91.0,116.0
477.0,336.0,90.0,116.0
480.0,338.0,90.0,116.0
484.0,338.0,93.0,119.0
488.0,338.0,95.0,122.0
492.0,341.0,96.0,123.0
496.0,343.0,97.0,125.0
498.0,347.0,98.0,126.0
503.0,351.0,98.0,126.0
509.0,357.0,98.0,126.0
512.0,360.0,98.0,126.0
510.0,361.0,98.0,126.0
512.0,362.0,98.0,125.0
517.0,364.0,96.0,124.0
522.0,366.0,95.0,122.0
526.0,366.0,95.0,122.0
531.0,362.0,94.0,121.0
536.0,359.0,94.0,120.0
539.0,357.0,94.0,120.0
541.0,354.0,94.0,120.0
543.0,349.0,94.0,120.0
545.0,347.0,94.0,121.0
538.0,355.0,70.0,113.0
537.0,354.0,70.0,113.0
534.0,353.0,71.0,114.0
529.0,355.0,70.0,113.0
523.0,355.0,73.0,119.0
517.0,357.0,74.0,120.0
510.0,361.0,72.0,117.0
502.0,363.0,73.0,118.0
496.0,365.0,73.0,118.0
492.0,369.0,74.0,119.0
486.0,378.0,70.0,112.0
481.0,381.0,72.0,116.0
476.0,382.0,73.0,118.0
473.0,379.0,77.0,124.0
474.0,379.0,76.0,123.0
477.0,381.0,75.0,121.0
478.0,380.0,76.0,123.0
478.0,380.0,76.0,123.0
478.0,379.0,77.0,124.0
478.0,382.0,76.0,123.0
477.0,385.0,75.0,122.0
476.0,386.0,74.0,120.0
476.0,384.0,73.0,118.0
477.0,379.0,73.0,118.0
480.0,375.0,73.0,118.0
484.0,370.0,73.0,119.0
488.0,366.0,74.0,119.0
491.0,361.0,77.0,125.0
495.0,355.0,78.0,127.0
499.0,350.0,80.0,129.0
500.0,345.0,84.0,136.0
501.0,340.0,86.0,139.0
502.0,337.0,88.0,142.0
505.0,336.0,89.0,143.0
510.0,336.0,89.0,144.0
516.0,336.0,88.0,143.0
523.0,337.0,88.0,141.0
530.0,338.0,87.0,141.0
537.0,338.0,86.0,139.0
544.0,335.0,75.0,120.0
555.0,334.0,75.0,120.0
567.0,333.0,74.0,119.0
579.0,331.0,72.0,117.0
590.0,326.0,72.0,116.0
600.0,321.0,71.0,114.0
607.0,319.0,70.0,113.0
611.0,317.0,70.0,113.0
612.0,315.0,70.0,112.0
617.0,313.0,70.0,112.0
621.0,311.0,70.0,112.0
624.0,310.0,69.0,112.0
626.0,310.0,69.0,112.0
629.0,311.0,69.0,111.0
630.0,312.0,69.0,111.0
632.0,312.0,68.0,110.0
636.0,312.0,67.0,109.0
639.0,311.0,67.0,108.0
645.0,311.0,67.0,108.0
650.0,312.0,67.0,108.0
657.0,313.0,67.0,108.0
664.0,314.0,67.0,108.0
671.0,316.0,67.0,108.0
679.0,316.0,67.0,108.0
686.0,315.0,67.0,109.0
692.0,314.0,67.0,109.0
698.0,313.0,67.0,108.0
702.0,311.0,67.0,108.0
704.0,309.0,67.0,108.0
705.0,309.0,67.0,108.0
706.0,309.0,67.0,108.0
706.0,309.0,67.0,107.0
707.0,309.0,66.0,107.0
708.0,310.0,66.0,107.0
709.0,310.0,65.0,106.0
708.0,308.0,65.0,105.0
708.0,305.0,64.0,104.0
706.0,303.0,63.0,102.0
705.0,302.0,62.0,100.0
705.0,301.0,60.0,96.0
702.0,301.0,58.0,94.0
700.0,302.0,57.0,93.0
697.0,303.0,57.0,92.0
695.0,304.0,56.0,91.0
692.0,306.0,56.0,90.0
691.0,309.0,55.0,89.0
691.0,314.0,54.0,88.0
690.0,319.0,53.0,86.0
688.0,321.0,52.0,84.0
686.0,323.0,51.0,83.0
684.0,325.0,52.0,84.0
682.0,327.0,52.0,84.0
680.0,330.0,52.0,85.0
678.0,331.0,53.0,85.0
677.0,333.0,53.0,86.0
675.0,335.0,53.0,86.0
672.0,336.0,54.0,87.0
668.0,338.0,54.0,87.0
664.0,340.0,54.0,87.0
660.0,340.0,54.0,86.0
657.0,340.0,53.0,85.0
654.0,341.0,53.0,85.0
652.0,341.0,53.0,85.0
650.0,343.0,53.0,86.0
649.0,346.0,53.0,86.0
649.0,348.0,53.0,86.0
651.0,351.0,53.0,86.0
653.0,355.0,53.0,86.0
656.0,359.0,53.0,86.0
657.0,361.0,54.0,86.0
657.0,361.0,55.0,88.0
658.0,361.0,56.0,90.0
659.0,363.0,55.0,89.0
660.0,363.0,55.0,89.0
660.0,364.0,55.0,89.0
660.0,364.0,55.0,89.0
660.0,363.0,55.0,88.0
661.0,362.0,54.0,88.0
661.0,360.0,54.0,87.0
663.0,358.0,53.0,85.0
662.0,349.0,99.0,81.0
662.0,347.0,99.0,81.0
659.0,345.0,100.0,81.0
668.0,346.0,91.0,74.0
667.0,344.0,90.0,74.0
669.0,345.0,88.0,72.0
670.0,346.0,86.0,70.0
671.0,347.0,84.0,69.0
669.0,344.0,87.0,71.0
667.0,342.0,88.0,72.0
666.0,340.0,89.0,73.0
664.0,338.0,89.0,73.0
662.0,335.0,89.0,73.0
661.0,333.0,89.0,73.0
660.0,331.0,89.0,73.0
659.0,327.0,90.0,73.0
658.0,325.0,90.0,73.0
657.0,323.0,90.0,74.0
655.0,320.0,90.0,74.0
654.0,318.0,89.0,73.0
653.0,316.0,89.0,72.0
652.0,315.0,88.0,72.0
652.0,314.0,87.0,71.0
652.0,314.0,86.0,70.0
651.0,315.0,86.0,70.0
651.0,315.0,86.0,70.0
651.0,316.0,86.0,71.0
651.0,317.0,87.0,71.0
651.0,318.0,87.0,71.0
651.0,320.0,88.0,72.0
652.0,321.0,88.0,72.0
653.0,322.0,89.0,73.0
654.0,323.0,89.0,73.0
655.0,324.0,89.0,73.0
656.0,324.0,90.0,73.0
656.0,324.0,91.0,74.0
657.0,324.0,91.0,75.0
657.0,324.0,91.0,75.0
657.0,324.0,92.0,75.0
657.0,325.0,91.0,75.0
656.0,326.0,91.0,75.0
655.0,326.0,91.0,74.0
655.0,326.0,91.0,74.0
654.0,326.0,91.0,74.0
654.0,326.0,91.0,74.0
654.0,326.0,91.0,74.0
654.0,327.0,90.0,74.0
655.0,327.0,90.0,74.0
655.0,326.0,89.0,73.0
656.0,325.0,88.0,72.0
657.0,324.0,87.0,71.0
658.0,323.0,87.0,71.0
659.0,323.0,87.0,71.0
660.0,323.0,87.0,71.0
660.0,322.0,86.0,71.0
659.0,321.0,87.0,71.0
660.0,320.0,86.0,71.0
660.0,319.0,87.0,71.0
661.0,318.0,87.0,71.0
662.0,318.0,87.0,71.0
663.0,317.0,86.0,71.0
665.0,317.0,85.0,70.0
664.0,316.0,88.0,72.0
663.0,315.0,98.0,81.0
662.0,314.0,102.0,83.0
661.0,314.0,103.0,84.0
660.0,314.0,103.0,84.0
660.0,315.0,103.0,84.0
659.0,315.0,103.0,84.0
659.0,315.0,103.0,84.0
659.0,316.0,103.0,84.0
658.0,317.0,103.0,84.0
702.0,300.0,59.0,101.0
703.0,301.0,59.0,100.0
703.0,300.0,60.0,102.0
701.0,302.0,59.0,101.0
699.0,303.0,58.0,100.0
698.0,305.0,59.0,100.0
696.0,306.0,59.0,101.0
696.0,307.0,59.0,101.0
695.0,308.0,58.0,100.0
694.0,309.0,58.0,99.0
694.0,310.0,57.0,98.0
694.0,311.0,57.0,98.0
694.0,311.0,57.0,97.0
694.0,312.0,57.0,97.0
694.0,312.0,56.0,97.0
693.0,312.0,56.0,96.0
692.0,312.0,56.0,96.0
692.0,313.0,55.0,95.0
691.0,313.0,55.0,94.0
689.0,314.0,55.0,94.0
685.0,283.0,56.0,111.0
684.0,283.0,56.0,111.0
681.0,283.0,56.0,111.0
683.0,284.0,55.0,110.0
685.0,286.0,54.0,107.0
682.0,286.0,56.0,112.0
681.0,286.0,57.0,112.0
680.0,287.0,57.0,112.0
680.0,288.0,57.0,112.0
679.0,289.0,57.0,112.0
679.0,289.0,57.0,112.0
679.0,290.0,57.0,112.0
678.0,291.0,56.0,112.0
678.0,291.0,56.0,112.0
678.0,292.0,56.0,112.0
632.0,292.0,102.0,111.0
632.0,292.0,102.0,111.0
631.0,292.0,101.0,110.0
630.0,293.0,101.0,110.0
629.0,292.0,102.0,111.0
628.0,293.0,102.0,111.0
627.0,293.0,104.0,113.0
625.0,293.0,106.0,115.0
625.0,294.0,105.0,115.0
622.0,294.0,108.0,118.0
622.0,295.0,109.0,118.0
622.0,296.0,109.0,119.0
623.0,298.0,108.0,118.0
623.0,299.0,109.0,118.0
622.0,301.0,109.0,118.0
623.0,303.0,109.0,118.0
623.0,305.0,109.0,118.0
623.0,308.0,109.0,119.0
624.0,311.0,109.0,118.0
624.0,314.0,109.0,118.0
625.0,316.0,109.0,118.0
626.0,319.0,108.0,118.0
627.0,322.0,108.0,117.0
627.0,324.0,107.0,117.0
628.0,326.0,107.0,116.0
628.0,328.0,107.0,116.0
628.0,329.0,106.0,116.0
628.0,330.0,106.0,116.0
628.0,331.0,106.0,116.0
628.0,333.0,106.0,115.0
628.0,334.0,106.0,115.0
627.0,336.0,106.0,115.0
627.0,337.0,106.0,115.0
627.0,338.0,106.0,115.0
627.0,339.0,106.0,115.0
626.0,340.0,106.0,115.0
625.0,340.0,106.0,115.0
624.0,341.0,106.0,115.0
623.0,342.0,106.0,115.0
622.0,342.0,105.0,115.0
642.0,331.0,66.0,115.0
641.0,332.0,66.0,115.0
640.0,333.0,66.0,114.0
637.0,333.0,66.0,115.0
634.0,335.0,64.0,112.0
630.0,333.0,66.0,114.0
627.0,331.0,66.0,116.0
625.0,332.0,66.0,115.0
623.0,331.0,66.0,115.0
621.0,331.0,66.0,116.0
618.0,329.0,68.0,119.0
619.0,329.0,68.0,118.0
620.0,329.0,68.0,118.0
620.0,328.0,68.0,118.0
622.0,327.0,68.0,118.0
580.0,341.0,110.0,88.0
580.0,339.0,111.0,89.0
582.0,337.0,110.0,88.0
574.0,331.0,117.0,94.0
571.0,327.0,119.0,96.0
569.0,324.0,121.0,97.0
565.0,320.0,124.0,99.0
562.0,317.0,125.0,100.0
558.0,315.0,127.0,102.0
554.0,314.0,128.0,102.0
551.0,313.0,129.0,103.0
547.0,312.0,130.0,104.0
545.0,311.0,131.0,104.0
542.0,310.0,132.0,105.0
538.0,309.0,133.0,106.0
533.0,307.0,135.0,108.0
527.0,305.0,137.0,110.0
521.0,304.0,138.0,111.0
485.0,307.0,132.0,81.0
479.0,304.0,132.0,81.0
471.0,302.0,129.0,79.0
464.0,299.0,128.0,79.0
459.0,298.0,125.0,76.0
454.0,294.0,126.0,77.0
449.0,290.0,127.0,78.0
444.0,286.0,129.0,79.0
437.0,282.0,133.0,82.0
430.0,279.0,138.0,85.0
421.0,281.0,120.0,83.0
417.0,279.0,119.0,82.0
410.0,277.0,120.0,83.0
405.0,276.0,120.0,83.0
400.0,275.0,122.0,84.0
395.0,275.0,123.0,85.0
391.0,275.0,125.0,86.0
388.0,275.0,127.0,88.0
386.0,276.0,128.0,89.0
385.0,278.0,130.0,90.0
385.0,280.0,132.0,91.0
384.0,281.0,134.0,93.0
376.0,286.0,123.0,85.0
376.0,289.0,124.0,85.0
373.0,291.0,123.0,85.0
370.0,292.0,125.0,86.0
367.0,292.0,124.0,86.0
365.0,289.0,127.0,88.0
364.0,287.0,131.0,91.0
361.0,286.0,135.0,93.0
359.0,288.0,138.0,95.0
357.0,291.0,141.0,97.0
359.0,300.0,143.0,99.0
362.0,310.0,146.0,101.0
364.0,316.0,148.0,103.0
362.0,316.0,152.0,105.0
347.0,313.0,128.0,97.0
350.0,317.0,125.0,94.0
354.0,318.0,130.0,99.0
354.0,320.0,121.0,92.0
355.0,319.0,120.0,91.0
357.0,320.0,120.0,91.0
355.0,320.0,120.0,91.0
355.0,318.0,122.0,92.0
355.0,316.0,123.0,93.0
355.0,315.0,125.0,94.0
355.0,314.0,127.0,96.0
355.0,313.0,129.0,98.0
352.0,308.0,109.0,94.0
355.0,305.0,109.0,94.0
361.0,303.0,109.0,94.0
366.0,302.0,109.0,94.0
372.0,301.0,105.0,91.0
376.0,298.0,112.0,97.0
376.0,297.0,102.0,88.0
378.0,297.0,101.0,87.0
377.0,297.0,100.0,86.0
375.0,296.0,100.0,87.0
372.0,294.0,102.0,88.0
369.0,295.0,104.0,90.0
364.0,298.0,106.0,91.0
356.0,302.0,111.0,95.0
345.0,304.0,117.0,101.0
339.0,306.0,118.0,102.0
336.0,293.0,103.0,115.0
329.0,296.0,104.0,116.0
320.0,300.0,105.0,118.0
305.0,301.0,109.0,122.0
300.0,307.0,109.0,121.0
293.0,312.0,107.0,120.0
266.0,322.0,101.0,114.0
258.0,324.0,101.0,114.0
252.0,323.0,101.0,114.0
249.0,323.0,98.0,110.0
247.0,324.0,96.0,108.0
244.0,326.0,95.0,107.0
238.0,326.0,95.0,107.0
233.0,326.0,95.0,107.0
232.0,317.0,103.0,117.0
0
0
0
0
0
0
0
0
0
0
0
0
0
0
0
0
0
0
0
0
0
0
0
0
0
0
0
0
0
0
0
0
0
0
0
0
0
0
0
0
0
0
0
0
0
0
0
0
0
0
0
0
0
0
0
0
0
0
0
0
0
0
0
0
0
0
0
0
0
0
0
0
0
0
0
0
0
0
0
0
0
0
0
0
0
0
0
0
0
0
0
0
0
0
0
0
0
0
0
0
0
0
0
0
0
0
0
0
0
0
0
0
0
0
0
0
0
0
0
0
0
0
0
0
0
0
0
0
0
0
0
0
0
0
0
0
0
0
0
0
0
0
0
0
0
0
0
0
0
0
0
0
0
0
3.0,179.0,105.0,112.0
10.0,176.0,107.0,115.0
22.0,174.0,108.0,116.0
30.0,172.0,111.0,119.0
37.0,174.0,105.0,113.0
42.0,170.0,104.0,112.0
51.0,166.0,106.0,114.0
67.0,167.0,107.0,115.0
83.0,173.0,108.0,116.0
101.0,180.0,108.0,116.0
117.0,184.0,107.0,115.0
133.0,188.0,106.0,114.0
141.0,183.0,98.0,126.0
151.0,189.0,97.0,125.0
159.0,192.0,96.0,124.0
167.0,197.0,96.0,123.0
174.0,201.0,97.0,124.0
182.0,206.0,98.0,125.0
189.0,211.0,98.0,126.0
202.0,204.0,78.0,128.0
215.0,213.0,77.0,126.0
226.0,223.0,75.0,123.0
235.0,229.0,76.0,124.0
246.0,237.0,75.0,124.0
254.0,245.0,75.0,124.0
261.0,248.0,80.0,131.0
272.0,261.0,79.0,130.0
281.0,273.0,78.0,128.0
285.0,302.0,67.0,98.0
293.0,316.0,66.0,96.0
299.0,329.0,65.0,95.0
306.0,343.0,64.0,94.0
305.0,345.0,62.0,90.0
305.0,343.0,62.0,91.0
308.0,342.0,63.0,92.0
310.0,342.0,63.0,92.0
307.0,341.0,63.0,92.0
311.0,344.0,62.0,91.0
314.0,347.0,62.0,91.0
316.0,351.0,62.0,91.0
317.0,355.0,62.0,91.0
316.0,329.0,70.0,123.0
319.0,332.0,70.0,123.0
321.0,336.0,70.0,123.0
323.0,337.0,70.0,123.0
324.0,339.0,69.0,121.0
325.0,335.0,70.0,123.0
326.0,340.0,65.0,115.0
321.0,336.0,69.0,120.0
322.0,343.0,64.0,113.0
320.0,347.0,63.0,111.0
317.0,350.0,63.0,111.0
313.0,354.0,63.0,111.0
310.0,356.0,62.0,109.0
306.0,357.0,62.0,109.0
305.0,358.0,61.0,107.0
302.0,357.0,61.0,107.0
300.0,357.0,61.0,107.0
298.0,357.0,61.0,107.0
296.0,358.0,61.0,107.0
293.0,359.0,62.0,108.0
295.0,362.0,61.0,107.0
297.0,363.0,62.0,109.0
300.0,365.0,61.0,108.0
304.0,369.0,59.0,104.0
307.0,371.0,59.0,104.0
311.0,377.0,59.0,103.0
316.0,385.0,58.0,103.0
322.0,391.0,58.0,102.0
326.0,394.0,58.0,103.0
327.0,396.0,58.0,102.0
329.0,400.0,58.0,102.0
332.0,402.0,58.0,102.0
337.0,406.0,56.0,98.0
343.0,411.0,54.0,95.0
348.0,415.0,53.0,93.0
353.0,419.0,52.0,92.0
357.0,422.0,52.0,92.0
360.0,424.0,52.0,92.0
363.0,426.0,53.0,93.0
366.0,426.0,54.0,96.0
368.0,428.0,54.0,96.0
367.0,430.0,53.0,94.0
366.0,431.0,53.0,93.0
364.0,430.0,53.0,93.0
361.0,430.0,53.0,93.0
358.0,430.0,53.0,94.0
353.0,428.0,55.0,96.0
347.0,431.0,62.0,110.0
0
0
0
0
0
0
0
0
0
0
0
0
0
0
0
0
0
0
0
0
0
0
152.0,370.0,59.0,82.0
144.0,367.0,59.0,82.0
138.0,364.0,59.0,83.0
133.0,362.0,60.0,83.0
128.0,359.0,60.0,84.0
123.0,356.0,60.0,84.0
119.0,351.0,60.0,83.0
116.0,345.0,60.0,83.0
113.0,340.0,60.0,84.0
114.0,338.0,58.0,81.0
115.0,335.0,58.0,81.0
116.0,334.0,58.0,80.0
115.0,332.0,57.0,80.0
115.0,329.0,57.0,79.0
115.0,328.0,56.0,78.0
116.0,324.0,55.0,77.0
118.0,320.0,54.0,74.0
119.0,317.0,52.0,72.0
122.0,318.0,50.0,70.0
123.0,322.0,49.0,68.0
120.0,320.0,49.0,68.0
117.0,320.0,49.0,69.0
120.0,334.0,50.0,70.0
126.0,348.0,51.0,70.0
125.0,350.0,51.0,70.0
122.0,349.0,50.0,70.0
120.0,354.0,48.0,67.0
116.0,358.0,47.0,65.0
109.0,363.0,46.0,64.0
103.0,373.0,45.0,63.0
101.0,381.0,46.0,63.0
98.0,382.0,45.0,63.0
97.0,376.0,46.0,63.0
96.0,374.0,45.0,63.0
95.0,370.0,44.0,62.0
97.0,357.0,43.0,60.0
100.0,345.0,43.0,60.0
105.0,342.0,42.0,58.0
110.0,333.0,42.0,58.0
103.0,305.0,53.0,84.0
109.0,304.0,53.0,84.0
122.0,299.0,53.0,84.0
127.0,289.0,52.0,83.0
135.0,282.0,52.0,82.0
140.0,276.0,51.0,81.0
154.0,263.0,52.0,82.0
166.0,240.0,51.0,81.0
167.0,220.0,52.0,83.0
175.0,220.0,53.0,85.0
172.0,227.0,53.0,84.0
185.0,218.0,53.0,84.0
191.0,200.0,52.0,82.0
188.0,187.0,52.0,82.0
191.0,184.0,52.0,82.0
189.0,188.0,51.0,81.0
193.0,183.0,52.0,82.0
200.0,179.0,52.0,83.0
204.0,176.0,54.0,85.0
215.0,163.0,55.0,87.0
227.0,152.0,55.0,87.0
244.0,144.0,55.0,87.0
257.0,142.0,55.0,88.0
268.0,146.0,55.0,87.0
269.0,151.0,55.0,88.0
267.0,150.0,56.0,89.0
271.0,148.0,57.0,91.0
273.0,150.0,59.0,93.0
280.0,157.0,60.0,95.0
288.0,176.0,61.0,97.0
290.0,189.0,61.0,97.0
284.0,185.0,63.0,99.0
279.0,183.0,64.0,101.0
281.0,190.0,64.0,102.0
286.0,197.0,64.0,102.0
288.0,197.0,64.0,102.0
298.0,197.0,64.0,102.0
308.0,197.0,64.0,101.0
315.0,193.0,63.0,101.0
324.0,186.0,63.0,101.0
331.0,183.0,64.0,101.0
333.0,185.0,64.0,102.0
336.0,186.0,65.0,103.0
334.0,190.0,65.0,104.0
328.0,192.0,66.0,105.0
318.0,202.0,68.0,107.0
312.0,217.0,68.0,108.0
310.0,233.0,68.0,109.0
303.0,243.0,69.0,109.0
301.0,249.0,69.0,110.0
308.0,265.0,70.0,110.0
318.0,283.0,69.0,110.0
325.0,294.0,69.0,109.0
328.0,297.0,69.0,110.0
327.0,297.0,70.0,110.0
327.0,278.0,70.0,102.0
332.0,283.0,70.0,101.0
336.0,284.0,69.0,101.0
337.0,281.0,69.0,101.0
338.0,279.0,68.0,98.0
337.0,270.0,68.0,98.0
338.0,258.0,65.0,94.0
337.0,239.0,67.0,98.0
337.0,224.0,66.0,96.0
334.0,210.0,67.0,98.0
334.0,202.0,68.0,98.0
339.0,199.0,68.0,99.0
348.0,202.0,67.0,98.0
352.0,206.0,66.0,97.0
356.0,209.0,67.0,97.0
362.0,211.0,67.0,98.0
366.0,211.0,68.0,100.0
371.0,214.0,69.0,101.0
374.0,218.0,70.0,102.0
373.0,221.0,70.0,102.0
373.0,223.0,70.0,102.0
374.0,225.0,70.0,102.0
376.0,226.0,70.0,102.0
377.0,227.0,70.0,103.0
379.0,229.0,71.0,103.0
381.0,230.0,71.0,104.0
384.0,232.0,72.0,105.0
386.0,232.0,73.0,106.0
389.0,233.0,73.0,107.0
390.0,235.0,74.0,107.0
387.0,233.0,75.0,109.0
394.0,222.0,72.0,93.0
392.0,222.0,72.0,93.0
390.0,221.0,73.0,94.0
387.0,221.0,73.0,95.0
386.0,223.0,73.0,94.0
383.0,224.0,71.0,92.0
381.0,225.0,71.0,92.0
381.0,224.0,70.0,90.0
381.0,223.0,69.0,90.0
383.0,223.0,68.0,88.0
384.0,222.0,69.0,90.0
387.0,224.0,68.0,88.0
387.0,225.0,70.0,90.0
388.0,228.0,70.0,90.0
387.0,230.0,70.0,91.0
384.0,230.0,71.0,92.0
382.0,230.0,72.0,93.0
381.0,232.0,73.0,94.0
380.0,233.0,73.0,94.0
379.0,235.0,73.0,95.0
380.0,238.0,73.0,95.0
381.0,242.0,73.0,94.0
381.0,246.0,73.0,94.0
382.0,250.0,72.0,93.0
396.0,239.0,58.0,102.0
397.0,241.0,58.0,101.0
400.0,242.0,57.0,101.0
405.0,245.0,57.0,100.0
412.0,248.0,56.0,99.0
416.0,251.0,57.0,100.0
419.0,254.0,59.0,103.0
425.0,261.0,59.0,103.0
431.0,267.0,56.0,99.0
433.0,269.0,55.0,97.0
436.0,272.0,56.0,98.0
448.0,278.0,50.0,88.0
450.0,279.0,50.0,89.0
453.0,279.0,51.0,89.0
456.0,280.0,51.0,90.0
458.0,282.0,51.0,90.0
462.0,285.0,51.0,90.0
464.0,287.0,52.0,91.0
466.0,289.0,52.0,91.0
468.0,292.0,51.0,89.0
468.0,295.0,51.0,89.0
462.0,281.0,51.0,109.0
459.0,284.0,51.0,109.0
456.0,286.0,51.0,109.0
452.0,289.0,51.0,109.0
448.0,294.0,51.0,109.0
444.0,297.0,51.0,109.0
440.0,300.0,52.0,111.0
436.0,302.0,52.0,112.0
433.0,305.0,51.0,109.0
429.0,305.0,51.0,109.0
426.0,304.0,51.0,109.0
425.0,303.0,52.0,111.0
426.0,305.0,52.0,110.0
427.0,307.0,51.0,110.0
434.0,312.0,51.0,110.0
433.0,315.0,52.0,110.0
430.0,324.0,52.0,112.0
428.0,341.0,53.0,113.0
429.0,353.0,53.0,112.0
427.0,355.0,53.0,113.0
423.0,361.0,53.0,114.0
418.0,374.0,53.0,114.0
411.0,380.0,53.0,113.0
411.0,374.0,53.0,113.0
397.0,373.0,53.0,113.0
387.0,371.0,53.0,113.0
384.0,372.0,53.0,114.0
380.0,373.0,53.0,114.0
380.0,372.0,53.0,114.0
382.0,372.0,54.0,115.0
389.0,373.0,55.0,117.0
386.0,370.0,74.0,115.0
401.0,374.0,74.0,115.0
416.0,377.0,73.0,114.0
426.0,379.0,73.0,114.0
433.0,380.0,70.0,109.0
435.0,377.0,72.0,111.0
444.0,375.0,74.0,115.0
449.0,376.0,73.0,113.0
451.0,375.0,73.0,113.0
453.0,374.0,71.0,111.0
450.0,374.0,68.0,106.0
450.0,370.0,69.0,107.0
450.0,369.0,68.0,106.0
450.0,368.0,66.0,103.0
448.0,366.0,65.0,101.0
443.0,362.0,64.0,99.0
440.0,358.0,63.0,97.0
435.0,348.0,62.0,97.0
433.0,336.0,62.0,96.0
434.0,325.0,62.0,97.0
438.0,319.0,63.0,97.0
441.0,317.0,62.0,97.0
440.0,318.0,62.0,97.0
443.0,315.0,62.0,97.0
444.0,312.0,63.0,97.0
446.0,313.0,63.0,97.0
448.0,316.0,63.0,97.0
449.0,317.0,63.0,97.0
447.0,313.0,63.0,98.0
447.0,310.0,64.0,99.0
451.0,301.0,63.0,99.0
447.0,290.0,64.0,99.0
442.0,290.0,64.0,100.0
438.0,298.0,64.0,100.0
433.0,303.0,65.0,101.0
427.0,307.0,65.0,101.0
422.0,311.0,66.0,102.0
421.0,314.0,66.0,102.0
424.0,316.0,66.0,102.0
429.0,317.0,65.0,101.0
443.0,317.0,65.0,100.0
456.0,316.0,64.0,100.0
467.0,315.0,64.0,100.0
476.0,315.0,64.0,99.0
482.0,313.0,64.0,99.0
491.0,310.0,63.0,98.0
496.0,288.0,63.0,106.0
502.0,285.0,63.0,105.0
504.0,283.0,62.0,105.0
509.0,285.0,59.0,99.0
515.0,286.0,59.0,99.0
519.0,288.0,59.0,99.0
520.0,290.0,61.0,102.0
524.0,299.0,59.0,99.0
523.0,302.0,61.0,102.0
510.0,307.0,75.0,101.0
506.0,317.0,74.0,91.0
500.0,323.0,74.0,101.0
493.0,328.0,74.0,108.0
487.0,334.0,76.0,101.0
481.0,339.0,76.0,101.0
475.0,344.0,77.0,93.0
471.0,348.0,77.0,95.0
468.0,351.0,78.0,94.0
464.0,353.0,78.0,97.0
460.0,352.0,79.0,103.0
457.0,350.0,79.0,97.0
455.0,347.0,80.0,95.0
454.0,345.0,81.0,96.0
0
0
457.0,332.0,62.0,116.0
459.0,333.0,62.0,116.0
459.0,334.0,61.0,113.0
457.0,334.0,61.0,114.0
453.0,335.0,62.0,116.0
446.0,335.0,58.0,109.0
435.0,332.0,66.0,114.0
426.0,330.0,66.0,114.0
418.0,328.0,67.0,115.0
410.0,326.0,67.0,117.0
396.0,319.0,67.0,115.0
394.0,317.0,67.0,115.0
392.0,312.0,70.0,121.0
394.0,318.0,67.0,115.0
394.0,319.0,67.0,116.0
391.0,302.0,68.0,135.0
388.0,304.0,69.0,136.0
385.0,306.0,69.0,137.0
383.0,306.0,69.0,137.0
381.0,305.0,69.0,137.0
378.0,306.0,68.0,136.0
374.0,306.0,68.0,135.0
368.0,305.0,68.0,136.0
354.0,302.0,68.0,135.0
333.0,295.0,67.0,133.0
306.0,287.0,71.0,140.0
285.0,285.0,68.0,136.0
256.0,267.0,73.0,145.0
233.0,259.0,74.0,148.0
213.0,254.0,76.0,139.0
204.0,256.0,76.0,140.0
198.0,259.0,76.0,140.0
191.0,259.0,76.0,140.0
180.0,257.0,77.0,141.0
171.0,256.0,80.0,146.0
161.0,261.0,79.0,145.0
152.0,263.0,80.0,146.0
144.0,264.0,81.0,149.0
138.0,268.0,83.0,151.0
132.0,277.0,82.0,149.0
128.0,285.0,84.0,154.0
123.0,289.0,85.0,155.0
125.0,292.0,87.0,146.0
123.0,291.0,87.0,147.0
121.0,290.0,87.0,146.0
118.0,288.0,87.0,146.0
116.0,287.0,87.0,147.0
114.0,288.0,88.0,148.0
114.0,288.0,88.0,148.0
111.0,287.0,88.0,148.0
114.0,286.0,88.0,148.0
114.0,288.0,87.0,146.0
121.0,284.0,87.0,146.0
133.0,277.0,88.0,147.0
146.0,275.0,90.0,151.0
160.0,276.0,87.0,145.0
172.0,274.0,89.0,150.0
185.0,271.0,89.0,149.0
201.0,271.0,89.0,150.0
222.0,263.0,89.0,164.0
238.0,270.0,89.0,164.0
244.0,271.0,90.0,165.0
238.0,272.0,90.0,166.0
226.0,274.0,92.0,169.0
224.0,279.0,93.0,171.0
222.0,285.0,92.0,170.0
217.0,286.0,93.0,171.0
214.0,287.0,94.0,173.0
222.0,289.0,93.0,172.0
229.0,287.0,93.0,172.0
233.0,282.0,94.0,173.0
237.0,277.0,94.0,173.0
241.0,276.0,94.0,174.0
248.0,275.0,94.0,174.0
261.0,276.0,95.0,175.0
276.0,282.0,95.0,175.0
289.0,285.0,95.0,174.0
300.0,284.0,95.0,175.0
313.0,282.0,95.0,176.0
326.0,284.0,95.0,176.0
329.0,286.0,103.0,176.0
331.0,285.0,103.0,177.0
327.0,286.0,105.0,179.0
327.0,289.0,105.0,180.0
328.0,294.0,106.0,181.0
324.0,300.0,107.0,183.0
318.0,306.0,108.0,185.0
309.0,311.0,109.0,187.0
299.0,315.0,110.0,188.0
288.0,325.0,111.0,190.0
281.0,355.0,112.0,181.0
275.0,363.0,112.0,182.0
269.0,368.0,114.0,184.0
263.0,377.0,115.0,185.0
259.0,386.0,115.0,186.0
255.0,386.0,116.0,187.0
247.0,382.0,115.0,186.0
240.0,380.0,117.0,190.0
240.0,386.0,118.0,190.0
238.0,392.0,116.0,188.0
235.0,392.0,117.0,190.0
229.0,395.0,117.0,189.0
227.0,399.0,119.0,192.0
225.0,407.0,119.0,192.0
222.0,415.0,120.0,194.0
221.0,420.0,121.0,195.0
223.0,424.0,121.0,195.0
228.0,427.0,121.0,195.0
241.0,432.0,121.0,195.0
249.0,437.0,122.0,197.0
260.0,440.0,123.0,198.0
274.0,442.0,123.0,198.0
290.0,445.0,123.0,198.0
306.0,453.0,123.0,198.0
319.0,460.0,123.0,198.0
329.0,463.0,122.0,198.0
340.0,465.0,122.0,198.0
351.0,469.0,123.0,198.0
359.0,475.0,123.0,199.0
371.0,480.0,123.0,199.0
385.0,483.0,122.0,198.0
397.0,481.0,122.0,198.0
411.0,479.0,122.0,197.0
425.0,475.0,122.0,197.0
436.0,472.0,123.0,198.0
451.0,475.0,123.0,198.0
465.0,480.0,122.0,198.0
472.0,478.0,122.0,197.0
473.0,476.0,123.0,198.0
471.0,479.0,123.0,199.0
467.0,480.0,123.0,199.0
469.0,480.0,123.0,199.0
468.0,476.0,123.0,200.0
467.0,466.0,123.0,199.0
467.0,459.0,123.0,199.0
467.0,454.0,124.0,200.0
467.0,449.0,124.0,200.0
437.0,495.0,135.0,160.0
435.0,493.0,136.0,161.0
432.0,490.0,137.0,162.0
428.0,487.0,137.0,163.0
421.0,484.0,138.0,164.0
413.0,481.0,139.0,165.0
405.0,480.0,140.0,166.0
398.0,480.0,141.0,167.0
389.0,481.0,141.0,167.0
371.0,473.0,139.0,165.0
356.0,467.0,142.0,168.0
347.0,467.0,143.0,170.0
347.0,470.0,142.0,169.0
337.0,470.0,145.0,172.0
331.0,471.0,144.0,170.0
324.0,471.0,145.0,171.0
317.0,470.0,145.0,171.0
312.0,468.0,146.0,173.0
307.0,466.0,147.0,174.0
303.0,464.0,148.0,175.0
295.0,462.0,152.0,180.0
290.0,458.0,152.0,181.0
287.0,455.0,153.0,181.0
286.0,453.0,153.0,181.0
284.0,451.0,153.0,181.0
280.0,449.0,154.0,183.0
276.0,446.0,154.0,183.0
276.0,444.0,154.0,183.0
277.0,443.0,154.0,182.0
278.0,441.0,154.0,182.0
279.0,439.0,155.0,183.0
279.0,438.0,154.0,183.0
280.0,438.0,155.0,183.0
281.0,440.0,151.0,179.0
280.0,440.0,161.0,191.0
280.0,443.0,160.0,190.0
277.0,445.0,160.0,190.0
273.0,444.0,161.0,190.0
270.0,443.0,161.0,190.0
266.0,443.0,161.0,191.0
263.0,443.0,161.0,191.0
260.0,440.0,161.0,191.0
288.0,458.0,134.0,127.0
289.0,454.0,135.0,128.0
293.0,456.0,135.0,128.0
298.0,454.0,136.0,129.0
303.0,451.0,138.0,131.0
312.0,451.0,138.0,130.0
322.0,450.0,136.0,129.0
330.0,452.0,133.0,126.0
333.0,450.0,137.0,130.0
335.0,448.0,140.0,133.0
337.0,445.0,143.0,136.0
339.0,444.0,145.0,138.0
339.0,445.0,145.0,137.0
337.0,444.0,145.0,137.0
337.0,441.0,144.0,137.0
340.0,438.0,144.0,137.0
345.0,429.0,146.0,139.0
348.0,414.0,147.0,140.0
346.0,375.0,169.0,143.0
342.0,365.0,170.0,144.0
343.0,360.0,172.0,146.0
340.0,361.0,173.0,146.0
348.0,356.0,170.0,144.0
349.0,354.0,165.0,139.0
352.0,351.0,164.0,139.0
350.0,346.0,165.0,139.0
351.0,343.0,164.0,139.0
350.0,342.0,165.0,139.0
350.0,341.0,165.0,140.0
349.0,340.0,166.0,141.0
349.0,338.0,167.0,141.0
350.0,338.0,167.0,141.0
393.0,340.0,141.0,121.0
403.0,347.0,142.0,122.0
409.0,351.0,141.0,121.0
419.0,351.0,142.0,122.0
425.0,351.0,141.0,121.0
432.0,350.0,140.0,120.0
437.0,354.0,140.0,120.0
434.0,360.0,140.0,120.0
432.0,366.0,141.0,121.0
429.0,372.0,142.0,122.0
464.0,382.0,125.0,125.0
468.0,389.0,125.0,125.0
475.0,394.0,124.0,124.0
486.0,401.0,123.0,123.0
493.0,404.0,124.0,124.0
496.0,406.0,124.0,124.0
498.0,408.0,125.0,125.0
497.0,408.0,127.0,127.0
495.0,404.0,131.0,131.0
495.0,403.0,131.0,131.0
496.0,401.0,131.0,131.0
499.0,401.0,130.0,130.0
502.0,399.0,131.0,131.0
508.0,401.0,128.0,128.0
513.0,405.0,126.0,126.0
517.0,409.0,125.0,125.0
522.0,414.0,124.0,124.0
528.0,418.0,123.0,123.0
530.0,418.0,125.0,125.0
537.0,419.0,125.0,125.0
559.0,422.0,119.0,119.0
564.0,424.0,124.0,124.0
570.0,427.0,122.0,122.0
563.0,417.0,156.0,128.0
567.0,422.0,156.0,128.0
568.0,427.0,156.0,128.0
569.0,431.0,157.0,129.0
586.0,427.0,155.0,127.0
594.0,430.0,151.0,124.0
601.0,431.0,149.0,122.0
608.0,433.0,145.0,119.0
613.0,436.0,143.0,117.0
615.0,439.0,144.0,118.0
621.0,440.0,146.0,119.0
623.0,439.0,151.0,124.0
620.0,439.0,159.0,130.0
616.0,440.0,166.0,136.0
614.0,440.0,173.0,142.0
612.0,440.0,179.0,147.0
660.0,432.0,125.0,129.0
661.0,431.0,125.0,129.0
664.0,424.0,129.0,133.0
667.0,422.0,128.0,133.0
670.0,420.0,128.0,132.0
675.0,417.0,126.0,130.0
681.0,414.0,122.0,126.0
685.0,414.0,120.0,124.0
687.0,414.0,121.0,124.0
692.0,416.0,121.0,125.0
699.0,418.0,120.0,124.0
708.0,420.0,120.0,124.0
718.0,422.0,119.0,123.0
725.0,422.0,119.0,123.0
735.0,421.0,118.0,122.0
740.0,421.0,120.0,124.0
746.0,421.0,122.0,125.0
751.0,421.0,123.0,127.0
757.0,419.0,124.0,128.0
763.0,417.0,124.0,128.0
769.0,417.0,123.0,126.0
777.0,416.0,121.0,125.0
785.0,415.0,120.0,123.0
793.0,414.0,119.0,123.0
803.0,414.0,119.0,123.0
817.0,416.0,119.0,123.0
839.0,421.0,120.0,124.0
867.0,425.0,120.0,124.0
899.0,431.0,119.0,123.0
931.0,435.0,120.0,124.0
960.0,437.0,121.0,125.0
985.0,443.0,123.0,127.0
1009.0,452.0,125.0,129.0
1031.0,460.0,125.0,129.0
1052.0,462.0,126.0,130.0
1075.0,464.0,126.0,130.0
1103.0,479.0,127.0,131.0
1135.0,497.0,126.0,130.0
1167.0,506.0,126.0,130.0
1204.0,514.0,127.0,131.0
1242.0,533.0,125.0,129.0
0
0
0
0
0
0
0
0
0
0
0
0
0
0
0
0
0
0
0
0
0
0
0
0
0
0
0
0
0
0
0
0
0
0
0
0
0
0
0
0
0
0
0
0
0
0
0
0
0
0
0
0
0
0
0
0
0
1117.0,530.0,148.0,144.0
1108.0,526.0,150.0,146.0
1101.0,532.0,150.0,146.0
1083.0,531.0,150.0,146.0
1054.0,523.0,150.0,146.0
1027.0,515.0,150.0,146.0
1006.0,516.0,151.0,147.0
984.0,522.0,151.0,147.0
963.0,522.0,151.0,147.0
952.0,522.0,152.0,148.0
947.0,528.0,154.0,149.0
934.0,521.0,147.0,158.0
931.0,524.0,147.0,158.0
923.0,528.0,148.0,159.0
914.0,530.0,148.0,159.0
904.0,532.0,148.0,159.0
893.0,532.0,148.0,160.0
883.0,530.0,148.0,159.0
863.0,517.0,147.0,158.0
855.0,511.0,140.0,150.0
840.0,500.0,143.0,154.0
831.0,498.0,143.0,153.0
827.0,498.0,141.0,151.0
816.0,487.0,140.0,150.0
811.0,479.0,139.0,149.0
805.0,470.0,139.0,149.0
801.0,460.0,139.0,149.0
798.0,456.0,139.0,150.0
795.0,458.0,140.0,151.0
793.0,433.0,141.0,179.0
788.0,432.0,143.0,181.0
783.0,433.0,146.0,185.0
781.0,438.0,147.0,187.0
775.0,442.0,149.0,189.0
769.0,448.0,150.0,191.0
762.0,452.0,151.0,192.0
755.0,454.0,153.0,194.0
785.0,455.0,114.0,173.0
779.0,457.0,113.0,172.0
774.0,459.0,113.0,171.0
771.0,460.0,111.0,169.0
771.0,461.0,107.0,162.0
775.0,461.0,104.0,158.0
774.0,460.0,103.0,157.0
772.0,460.0,103.0,156.0
770.0,461.0,104.0,157.0
767.0,461.0,105.0,160.0
763.0,460.0,109.0,166.0
769.0,467.0,102.0,155.0
771.0,467.0,100.0,152.0
768.0,466.0,101.0,153.0
764.0,466.0,103.0,156.0
761.0,467.0,103.0,157.0
757.0,468.0,104.0,158.0
753.0,469.0,105.0,159.0
748.0,469.0,105.0,159.0
742.0,471.0,105.0,160.0
736.0,473.0,105.0,159.0
728.0,474.0,105.0,159.0
0
0
0
0
0
0
0
0
0
0
0
0
0
0
0
0
0
0
0
0
0
0
0
0
0
0
0
0
0
0
0
0
0
0
0
0
0
411.0,271.0,78.0,124.0
420.0,274.0,78.0,123.0
430.0,279.0,77.0,122.0
439.0,292.0,76.0,121.0
446.0,306.0,76.0,121.0
449.0,317.0,77.0,123.0
449.0,323.0,80.0,127.0
449.0,327.0,82.0,130.0
450.0,333.0,83.0,132.0
446.0,349.0,95.0,134.0
445.0,358.0,97.0,137.0
448.0,363.0,98.0,139.0
452.0,369.0,99.0,140.0
458.0,377.0,98.0,138.0
463.0,385.0,96.0,135.0
453.0,371.0,124.0,145.0
450.0,370.0,126.0,147.0
448.0,369.0,129.0,150.0
445.0,372.0,131.0,153.0
451.0,375.0,142.0,165.0
