440.0,439.0,99.0,169.0
441.0,440.0,98.0,167.0
442.0,442.0,98.0,166.0
443.0,443.0,97.0,164.0
443.0,444.0,98.0,163.0
444.0,444.0,98.0,162.0
444.0,445.0,99.0,161.0
446.0,445.0,97.0,162.0
447.0,445.0,96.0,163.0
449.0,445.0,94.0,164.0
449.0,446.0,95.0,164.0
449.0,448.0,95.0,163.0
449.0,449.0,96.0,163.0
450.0,449.0,96.0,163.0
450.0,449.0,96.0,163.0
451.0,449.0,96.0,163.0
451.0,450.0,96.0,163.0
452.0,450.0,96.0,163.0
452.0,451.0,96.0,163.0
453.0,451.0,96.0,163.0
453.0,452.0,96.0,163.0
454.0,452.0,96.0,163.0
455.0,453.0,96.0,163.0
455.0,454.0,96.0,163.0
456.0,455.0,96.0,163.0
457.0,456.0,96.0,163.0
457.0,456.0,96.0,163.0
458.0,457.0,96.0,163.0
458.0,457.0,96.0,163.0
459.0,458.0,96.0,163.0
459.0,458.0,96.0,163.0
461.0,459.0,94.0,161.0
463.0,460.0,93.0,159.0
465.0,461.0,91.0,157.0
465.0,462.0,91.0,157.0
464.0,463.0,91.0,157.0
464.0,464.0,91.0,157.0
465.0,464.0,91.0,157.0
465.0,463.0,91.0,157.0
466.0,463.0,91.0,157.0
467.0,464.0,91.0,157.0
469.0,464.0,91.0,157.0
470.0,465.0,91.0,157.0
470.0,466.0,91.0,157.0
470.0,467.0,91.0,157.0
470.0,468.0,91.0,157.0
471.0,469.0,90.0,156.0
472.0,469.0,89.0,154.0
473.0,470.0,88.0,153.0
475.0,472.0,88.0,153.0
476.0,473.0,88.0,153.0
478.0,475.0,88.0,153.0
478.0,475.0,88.0,153.0
478.0,476.0,88.0,153.0
478.0,476.0,88.0,153.0
479.0,476.0,88.0,153.0
479.0,476.0,88.0,153.0
480.0,476.0,88.0,153.0
481.0,477.0,88.0,153.0
482.0,478.0,88.0,153.0
483.0,479.0,88.0,153.0
484.0,479.0,88.0,153.0
484.0,480.0,88.0,153.0
485.0,480.0,88.0,153.0
486.0,480.0,88.0,153.0
486.0,480.0,88.0,153.0
487.0,480.0,88.0,153.0
488.0,480.0,87.0,152.0
490.0,481.0,86.0,151.0
491.0,481.0,85.0,150.0
492.0,482.0,84.0,149.0
492.0,484.0,84.0,148.0
493.0,485.0,83.0,147.0
493.0,484.0,83.0,147.0
493.0,484.0,83.0,147.0
493.0,483.0,83.0,147.0
494.0,483.0,83.0,147.0
495.0,483.0,83.0,147.0
496.0,483.0,83.0,147.0
497.0,483.0,83.0,147.0
497.0,484.0,83.0,147.0
498.0,484.0,83.0,147.0
498.0,484.0,82.0,145.0
499.0,485.0,81.0,144.0
499.0,485.0,80.0,142.0
500.0,485.0,79.0,141.0
502.0,485.0,79.0,141.0
503.0,485.0,78.0,140.0
504.0,484.0,78.0,140.0
504.0,483.0,78.0,140.0
505.0,482.0,78.0,140.0
505.0,483.0,78.0,140.0
506.0,484.0,78.0,140.0
506.0,485.0,78.0,140.0
507.0,484.0,78.0,140.0
507.0,482.0,78.0,140.0
508.0,481.0,78.0,140.0
509.0,482.0,77.0,137.0
509.0,483.0,77.0,135.0
510.0,484.0,76.0,132.0
510.0,484.0,76.0,132.0
511.0,484.0,76.0,132.0
511.0,484.0,76.0,132.0
512.0,483.0,76.0,132.0
512.0,482.0,76.0,132.0
513.0,481.0,76.0,132.0
514.0,481.0,76.0,132.0
515.0,481.0,76.0,132.0
516.0,481.0,76.0,132.0
517.0,481.0,75.0,131.0
518.0,480.0,73.0,130.0
519.0,480.0,72.0,129.0
519.0,480.0,72.0,129.0
519.0,480.0,73.0,128.0
519.0,480.0,73.0,128.0
520.0,480.0,73.0,128.0
522.0,479.0,72.0,128.0
523.0,479.0,72.0,128.0
523.0,478.0,72.0,128.0
524.0,477.0,72.0,128.0
524.0,476.0,72.0,128.0
525.0,476.0,70.0,126.0
527.0,477.0,69.0,125.0
528.0,477.0,67.0,123.0
529.0,476.0,67.0,123.0
529.0,475.0,67.0,123.0
530.0,474.0,67.0,123.0
530.0,474.0,67.0,121.0
531.0,475.0,66.0,119.0
531.0,475.0,66.0,117.0
532.0,475.0,66.0,117.0
533.0,474.0,65.0,118.0
534.0,474.0,65.0,118.0
535.0,473.0,65.0,118.0
535.0,472.0,65.0,118.0
536.0,471.0,65.0,118.0
536.0,471.0,64.0,116.0
536.0,471.0,64.0,114.0
536.0,471.0,63.0,112.0
537.0,469.0,63.0,112.0
538.0,467.0,63.0,112.0
539.0,465.0,63.0,112.0
540.0,465.0,63.0,112.0
541.0,464.0,63.0,112.0
542.0,464.0,63.0,112.0
543.0,462.0,62.0,112.0
544.0,461.0,61.0,112.0
545.0,459.0,60.0,112.0
545.0,459.0,60.0,110.0
544.0,458.0,60.0,109.0
544.0,458.0,60.0,107.0
545.0,458.0,59.0,107.0
547.0,457.0,59.0,108.0
548.0,457.0,58.0,108.0
548.0,455.0,59.0,108.0
548.0,452.0,60.0,108.0
548.0,450.0,61.0,108.0
549.0,451.0,61.0,107.0
549.0,451.0,61.0,105.0
550.0,452.0,61.0,104.0
550.0,452.0,61.0,104.0
551.0,452.0,61.0,104.0
551.0,452.0,61.0,104.0
552.0,451.0,61.0,104.0
552.0,450.0,61.0,104.0
553.0,449.0,61.0,104.0
553.0,448.0,61.0,104.0
553.0,447.0,61.0,104.0
553.0,446.0,61.0,104.0
554.0,446.0,61.0,103.0
556.0,447.0,60.0,103.0
557.0,447.0,60.0,102.0
557.0,446.0,60.0,102.0
558.0,446.0,60.0,102.0
558.0,445.0,60.0,102.0
558.0,444.0,60.0,102.0
559.0,443.0,60.0,102.0
559.0,442.0,60.0,102.0
560.0,443.0,60.0,101.0
561.0,443.0,60.0,100.0
562.0,444.0,60.0,99.0
562.0,443.0,60.0,99.0
563.0,443.0,60.0,99.0
563.0,442.0,60.0,99.0
564.0,442.0,60.0,99.0
564.0,441.0,60.0,99.0
565.0,441.0,60.0,99.0
566.0,441.0,59.0,98.0
568.0,441.0,58.0,98.0
569.0,441.0,57.0,97.0
570.0,440.0,57.0,97.0
570.0,440.0,57.0,97.0
571.0,439.0,57.0,97.0
572.0,439.0,57.0,96.0
572.0,439.0,57.0,95.0
573.0,439.0,57.0,94.0
574.0,439.0,57.0,94.0
575.0,438.0,57.0,95.0
576.0,438.0,57.0,95.0
577.0,437.0,57.0,95.0
577.0,436.0,57.0,95.0
578.0,435.0,57.0,95.0
579.0,436.0,57.0,94.0
580.0,436.0,57.0,94.0
581.0,437.0,57.0,93.0
582.0,436.0,57.0,93.0
583.0,436.0,57.0,93.0
584.0,435.0,57.0,93.0
584.0,434.0,57.0,93.0
585.0,434.0,57.0,93.0
585.0,433.0,57.0,93.0
586.0,432.0,57.0,93.0
586.0,432.0,57.0,93.0
587.0,431.0,57.0,93.0
589.0,431.0,56.0,92.0
590.0,432.0,56.0,91.0
592.0,432.0,55.0,90.0
593.0,431.0,55.0,90.0
593.0,431.0,55.0,90.0
594.0,430.0,55.0,90.0
595.0,430.0,55.0,90.0
596.0,430.0,55.0,90.0
597.0,430.0,55.0,90.0
597.0,429.0,55.0,90.0
598.0,429.0,55.0,90.0
598.0,428.0,55.0,90.0
599.0,428.0,55.0,90.0
601.0,427.0,55.0,90.0
602.0,427.0,55.0,90.0
603.0,428.0,55.0,89.0
603.0,428.0,55.0,87.0
604.0,429.0,55.0,86.0
605.0,429.0,55.0,86.0
606.0,428.0,55.0,86.0
607.0,428.0,55.0,86.0
607.0,427.0,55.0,86.0
608.0,426.0,55.0,86.0
608.0,425.0,55.0,86.0
608.0,425.0,55.0,86.0
609.0,425.0,55.0,86.0
609.0,425.0,55.0,86.0
610.0,425.0,55.0,86.0
612.0,424.0,55.0,86.0
613.0,424.0,55.0,86.0
613.0,424.0,55.0,86.0
614.0,424.0,55.0,86.0
614.0,424.0,55.0,86.0
614.0,424.0,55.0,86.0
615.0,423.0,55.0,86.0
615.0,423.0,55.0,86.0
617.0,423.0,54.0,85.0
618.0,423.0,54.0,84.0
620.0,423.0,53.0,83.0
621.0,423.0,53.0,83.0
621.0,423.0,53.0,83.0
622.0,423.0,53.0,83.0
623.0,423.0,53.0,83.0
623.0,423.0,53.0,83.0
624.0,423.0,53.0,83.0
625.0,424.0,52.0,82.0
627.0,424.0,52.0,80.0
628.0,425.0,51.0,79.0
628.0,425.0,51.0,79.0
628.0,425.0,51.0,79.0
628.0,425.0,51.0,79.0
629.0,425.0,51.0,79.0
629.0,424.0,51.0,79.0
630.0,424.0,51.0,79.0
631.0,424.0,51.0,79.0
632.0,425.0,51.0,79.0
633.0,425.0,51.0,79.0
633.0,425.0,51.0,79.0
634.0,425.0,51.0,79.0
634.0,425.0,51.0,79.0
635.0,425.0,51.0,79.0
635.0,425.0,51.0,79.0
636.0,425.0,51.0,79.0
637.0,425.0,51.0,79.0
637.0,425.0,51.0,79.0
638.0,425.0,51.0,79.0
638.0,425.0,51.0,79.0
639.0,425.0,51.0,79.0
639.0,425.0,51.0,79.0
639.0,424.0,51.0,79.0
640.0,424.0,51.0,79.0
640.0,423.0,51.0,79.0
641.0,424.0,51.0,79.0
642.0,424.0,51.0,79.0
643.0,425.0,51.0,79.0
644.0,425.0,50.0,79.0
646.0,424.0,49.0,78.0
647.0,424.0,48.0,78.0
647.0,424.0,48.0,78.0
647.0,424.0,48.0,78.0
647.0,424.0,48.0,78.0
648.0,424.0,48.0,78.0
648.0,424.0,48.0,78.0
649.0,424.0,48.0,78.0
649.0,424.0,48.0,78.0
650.0,424.0,48.0,78.0
650.0,424.0,48.0,78.0
651.0,424.0,48.0,78.0
651.0,424.0,48.0,78.0
652.0,424.0,48.0,78.0
653.0,424.0,47.0,77.0
654.0,425.0,46.0,77.0
655.0,425.0,45.0,76.0
655.0,425.0,45.0,76.0
655.0,425.0,45.0,76.0
655.0,425.0,45.0,76.0
655.0,425.0,45.0,76.0
655.0,425.0,45.0,76.0
655.0,425.0,45.0,76.0
656.0,425.0,45.0,76.0
656.0,425.0,45.0,76.0
657.0,425.0,45.0,76.0
657.0,425.0,45.0,76.0
657.0,425.0,45.0,76.0
657.0,425.0,45.0,76.0
657.0,425.0,45.0,76.0
658.0,425.0,45.0,76.0
658.0,425.0,45.0,76.0
658.0,426.0,45.0,74.0
658.0,428.0,44.0,73.0
658.0,429.0,44.0,71.0
658.0,429.0,44.0,71.0
658.0,429.0,44.0,71.0
658.0,429.0,44.0,71.0
659.0,429.0,44.0,71.0
661.0,429.0,44.0,71.0
662.0,429.0,44.0,71.0
661.0,429.0,44.0,71.0
661.0,430.0,44.0,71.0
660.0,430.0,44.0,71.0
660.0,430.0,44.0,71.0
660.0,429.0,44.0,71.0
660.0,429.0,44.0,71.0
660.0,429.0,44.0,71.0
661.0,430.0,44.0,71.0
661.0,430.0,44.0,71.0
661.0,430.0,44.0,70.0
661.0,431.0,44.0,70.0
661.0,431.0,44.0,69.0
661.0,431.0,44.0,69.0
661.0,431.0,44.0,69.0
661.0,431.0,44.0,69.0
661.0,431.0,44.0,69.0
661.0,431.0,44.0,69.0
661.0,431.0,44.0,69.0
661.0,431.0,44.0,69.0
661.0,431.0,44.0,69.0
661.0,431.0,44.0,69.0
661.0,431.0,44.0,69.0
661.0,431.0,44.0,69.0
661.0,431.0,44.0,69.0
661.0,431.0,44.0,69.0
661.0,431.0,44.0,69.0
661.0,431.0,44.0,69.0
661.0,431.0,44.0,69.0
661.0,431.0,44.0,69.0
661.0,431.0,44.0,69.0
661.0,431.0,44.0,69.0
661.0,431.0,44.0,69.0
661.0,431.0,44.0,69.0
661.0,430.0,44.0,69.0
661.0,430.0,44.0,69.0
661.0,429.0,44.0,69.0
661.0,428.0,44.0,69.0
662.0,428.0,44.0,69.0
662.0,427.0,44.0,69.0
662.0,427.0,44.0,69.0
661.0,426.0,44.0,69.0
661.0,426.0,44.0,69.0
661.0,426.0,44.0,69.0
661.0,425.0,44.0,69.0
661.0,425.0,44.0,69.0
661.0,425.0,44.0,69.0
662.0,424.0,44.0,69.0
662.0,424.0,44.0,69.0
661.0,423.0,44.0,69.0
661.0,423.0,44.0,69.0
660.0,422.0,44.0,69.0
660.0,421.0,44.0,69.0
660.0,421.0,44.0,69.0
660.0,420.0,44.0,69.0
660.0,420.0,44.0,69.0
661.0,420.0,44.0,69.0
661.0,420.0,44.0,69.0
661.0,420.0,44.0,69.0
661.0,419.0,44.0,68.0
661.0,419.0,44.0,68.0
661.0,419.0,44.0,68.0
661.0,418.0,44.0,68.0
661.0,418.0,44.0,68.0
661.0,418.0,44.0,68.0
661.0,417.0,44.0,67.0
661.0,417.0,44.0,67.0
661.0,416.0,44.0,67.0
660.0,415.0,44.0,68.0
660.0,414.0,44.0,68.0
660.0,414.0,45.0,68.0
659.0,413.0,45.0,67.0
659.0,413.0,46.0,67.0
659.0,413.0,46.0,67.0
659.0,412.0,46.0,67.0
659.0,412.0,46.0,67.0
659.0,412.0,46.0,66.0
658.0,411.0,46.0,64.0
658.0,411.0,46.0,63.0
658.0,411.0,46.0,63.0
658.0,411.0,46.0,63.0
658.0,411.0,46.0,63.0
658.0,411.0,46.0,63.0
658.0,410.0,46.0,63.0
658.0,410.0,46.0,63.0
658.0,410.0,46.0,63.0
658.0,410.0,46.0,63.0
658.0,410.0,46.0,63.0
658.0,409.0,46.0,63.0
657.0,409.0,46.0,63.0
657.0,408.0,46.0,63.0
657.0,408.0,46.0,63.0
658.0,407.0,46.0,63.0
658.0,407.0,46.0,63.0
658.0,407.0,46.0,63.0
657.0,407.0,46.0,63.0
657.0,407.0,46.0,63.0
657.0,406.0,46.0,63.0
656.0,406.0,46.0,63.0
656.0,405.0,46.0,63.0
656.0,405.0,46.0,63.0
655.0,405.0,46.0,63.0
655.0,405.0,46.0,63.0
655.0,405.0,46.0,63.0
654.0,405.0,46.0,63.0
654.0,405.0,46.0,63.0
654.0,405.0,46.0,63.0
654.0,405.0,46.0,63.0
654.0,405.0,46.0,63.0
654.0,404.0,46.0,63.0
654.0,404.0,46.0,63.0
654.0,403.0,46.0,63.0
654.0,402.0,45.0,63.0
655.0,401.0,44.0,63.0
655.0,400.0,43.0,63.0
655.0,399.0,43.0,63.0
655.0,399.0,43.0,63.0
655.0,398.0,43.0,63.0
655.0,398.0,43.0,63.0
654.0,399.0,43.0,63.0
654.0,399.0,43.0,63.0
654.0,398.0,43.0,63.0
653.0,398.0,43.0,63.0
653.0,397.0,43.0,63.0
653.0,397.0,43.0,62.0
652.0,398.0,43.0,61.0
652.0,398.0,43.0,60.0
652.0,397.0,43.0,60.0
652.0,396.0,43.0,60.0
652.0,395.0,43.0,60.0
652.0,395.0,43.0,60.0
653.0,395.0,43.0,60.0
653.0,395.0,43.0,60.0
652.0,394.0,43.0,60.0
651.0,394.0,43.0,60.0
650.0,393.0,43.0,60.0
650.0,392.0,43.0,60.0
650.0,392.0,43.0,60.0
650.0,391.0,43.0,60.0
650.0,391.0,43.0,60.0
650.0,391.0,43.0,60.0
650.0,391.0,43.0,60.0
650.0,390.0,43.0,60.0
650.0,389.0,43.0,60.0
650.0,388.0,43.0,60.0
649.0,388.0,43.0,60.0
649.0,388.0,43.0,60.0
648.0,388.0,43.0,60.0
648.0,387.0,43.0,60.0
648.0,387.0,43.0,60.0
648.0,386.0,43.0,60.0
648.0,386.0,43.0,60.0
648.0,386.0,43.0,60.0
648.0,386.0,43.0,60.0
648.0,386.0,43.0,60.0
648.0,385.0,43.0,60.0
648.0,385.0,43.0,60.0
648.0,385.0,43.0,60.0
647.0,385.0,43.0,60.0
647.0,385.0,43.0,60.0
647.0,385.0,43.0,60.0
646.0,385.0,43.0,60.0
646.0,385.0,43.0,60.0
646.0,385.0,43.0,60.0
646.0,384.0,43.0,60.0
646.0,384.0,43.0,60.0
646.0,384.0,43.0,60.0
646.0,384.0,43.0,60.0
646.0,384.0,43.0,60.0
646.0,384.0,43.0,60.0
645.0,383.0,43.0,60.0
645.0,383.0,43.0,60.0
645.0,383.0,42.0,59.0
646.0,383.0,42.0,59.0
646.0,383.0,41.0,58.0
645.0,382.0,41.0,58.0
645.0,382.0,41.0,58.0
644.0,381.0,41.0,58.0
645.0,382.0,41.0,58.0
645.0,382.0,41.0,58.0
646.0,383.0,41.0,58.0
645.0,383.0,41.0,58.0
645.0,382.0,41.0,58.0
644.0,382.0,41.0,58.0
644.0,382.0,41.0,58.0
643.0,382.0,41.0,58.0
643.0,382.0,41.0,58.0
643.0,381.0,41.0,58.0
643.0,381.0,41.0,58.0
643.0,380.0,41.0,58.0
643.0,380.0,41.0,58.0
644.0,381.0,41.0,58.0
644.0,381.0,41.0,58.0
643.0,381.0,41.0,58.0
643.0,380.0,41.0,58.0
642.0,380.0,41.0,58.0
642.0,380.0,41.0,58.0
643.0,380.0,41.0,58.0
643.0,380.0,41.0,58.0
643.0,380.0,41.0,58.0
642.0,380.0,41.0,58.0
642.0,380.0,41.0,58.0
642.0,380.0,41.0,58.0
642.0,380.0,41.0,58.0
642.0,380.0,41.0,58.0
642.0,380.0,41.0,58.0
642.0,380.0,41.0,58.0
642.0,380.0,41.0,58.0
641.0,379.0,41.0,58.0
641.0,379.0,41.0,58.0
640.0,378.0,41.0,58.0
640.0,378.0,41.0,58.0
640.0,378.0,41.0,58.0
640.0,378.0,41.0,58.0
640.0,379.0,41.0,58.0
640.0,379.0,41.0,58.0
640.0,380.0,41.0,58.0
640.0,380.0,41.0,58.0
640.0,380.0,41.0,58.0
640.0,380.0,41.0,58.0
640.0,379.0,41.0,58.0
639.0,379.0,41.0,58.0
639.0,378.0,41.0,58.0
639.0,379.0,41.0,58.0
638.0,379.0,41.0,58.0
638.0,380.0,41.0,58.0
638.0,380.0,41.0,58.0
637.0,380.0,41.0,58.0
637.0,380.0,41.0,58.0
637.0,380.0,41.0,58.0
636.0,380.0,41.0,58.0
636.0,380.0,41.0,58.0
636.0,380.0,41.0,58.0
635.0,380.0,41.0,58.0
635.0,380.0,41.0,58.0
635.0,380.0,41.0,58.0
634.0,379.0,41.0,58.0
634.0,379.0,41.0,58.0
634.0,379.0,41.0,58.0
634.0,380.0,41.0,58.0
634.0,380.0,41.0,58.0
634.0,380.0,41.0,58.0
633.0,380.0,41.0,58.0
633.0,380.0,41.0,58.0
633.0,380.0,41.0,58.0
633.0,379.0,41.0,58.0
633.0,379.0,41.0,58.0
633.0,379.0,41.0,58.0
633.0,380.0,41.0,58.0
633.0,380.0,41.0,58.0
633.0,381.0,41.0,58.0
633.0,382.0,41.0,58.0
633.0,383.0,41.0,58.0
633.0,383.0,41.0,58.0
632.0,383.0,41.0,58.0
632.0,383.0,41.0,58.0
632.0,383.0,41.0,58.0
631.0,383.0,41.0,58.0
631.0,383.0,41.0,58.0
631.0,384.0,41.0,58.0
630.0,384.0,41.0,58.0
630.0,385.0,41.0,58.0
631.0,385.0,41.0,58.0
631.0,385.0,41.0,58.0
632.0,385.0,41.0,58.0
631.0,385.0,41.0,58.0
631.0,386.0,41.0,58.0
630.0,386.0,41.0,58.0
630.0,386.0,41.0,58.0
630.0,385.0,41.0,58.0
630.0,385.0,41.0,58.0
630.0,386.0,41.0,58.0
629.0,387.0,41.0,58.0
629.0,388.0,41.0,58.0
629.0,388.0,41.0,58.0
628.0,389.0,41.0,58.0
628.0,389.0,41.0,58.0
628.0,389.0,41.0,58.0
627.0,388.0,41.0,58.0
627.0,388.0,41.0,58.0
627.0,389.0,41.0,58.0
626.0,389.0,41.0,58.0
626.0,390.0,41.0,58.0
626.0,390.0,41.0,58.0
626.0,390.0,41.0,58.0
626.0,390.0,41.0,58.0
626.0,391.0,41.0,58.0
625.0,391.0,41.0,58.0
625.0,392.0,41.0,58.0
625.0,393.0,41.0,58.0
624.0,394.0,41.0,58.0
624.0,395.0,41.0,58.0
624.0,395.0,41.0,58.0
624.0,395.0,41.0,58.0
624.0,395.0,41.0,58.0
623.0,395.0,41.0,58.0
623.0,395.0,41.0,58.0
622.0,395.0,41.0,58.0
622.0,395.0,41.0,58.0
622.0,396.0,41.0,58.0
622.0,396.0,41.0,58.0
622.0,397.0,41.0,58.0
622.0,397.0,41.0,58.0
622.0,398.0,41.0,58.0
621.0,398.0,41.0,58.0
621.0,398.0,41.0,58.0
620.0,398.0,41.0,58.0
620.0,399.0,41.0,58.0
619.0,399.0,41.0,58.0
619.0,400.0,41.0,58.0
619.0,400.0,41.0,58.0
619.0,400.0,41.0,58.0
619.0,400.0,41.0,58.0
619.0,401.0,41.0,58.0
618.0,401.0,41.0,58.0
618.0,402.0,41.0,58.0
618.0,402.0,41.0,58.0
618.0,401.0,41.0,58.0
618.0,401.0,41.0,58.0
617.0,402.0,41.0,58.0
616.0,402.0,41.0,58.0
615.0,403.0,41.0,58.0
615.0,403.0,41.0,58.0
615.0,404.0,41.0,58.0
615.0,404.0,41.0,58.0
615.0,404.0,41.0,58.0
614.0,404.0,41.0,58.0
614.0,404.0,41.0,58.0
614.0,404.0,41.0,58.0
614.0,405.0,41.0,58.0
614.0,405.0,41.0,58.0
613.0,405.0,41.0,58.0
613.0,406.0,41.0,58.0
612.0,406.0,41.0,58.0
612.0,407.0,41.0,58.0
611.0,407.0,41.0,58.0
611.0,408.0,41.0,58.0
611.0,407.0,41.0,58.0
611.0,406.0,41.0,58.0
611.0,405.0,41.0,58.0
610.0,406.0,41.0,58.0
610.0,406.0,41.0,58.0
609.0,407.0,41.0,58.0
609.0,408.0,41.0,58.0
609.0,408.0,41.0,58.0
609.0,409.0,41.0,58.0
609.0,409.0,41.0,58.0
609.0,410.0,41.0,58.0
609.0,410.0,41.0,58.0
609.0,410.0,41.0,58.0
608.0,410.0,41.0,58.0
608.0,410.0,41.0,58.0
608.0,410.0,41.0,58.0
608.0,411.0,41.0,58.0
608.0,411.0,41.0,58.0
608.0,412.0,41.0,58.0
607.0,412.0,41.0,58.0
607.0,413.0,41.0,58.0
607.0,412.0,41.0,58.0
606.0,412.0,41.0,58.0
606.0,411.0,41.0,58.0
605.0,412.0,41.0,58.0
605.0,413.0,41.0,58.0
604.0,414.0,41.0,58.0
604.0,414.0,41.0,58.0
603.0,415.0,41.0,58.0
603.0,415.0,41.0,58.0
603.0,415.0,41.0,58.0
602.0,415.0,41.0,58.0
602.0,415.0,41.0,58.0
602.0,415.0,41.0,58.0
601.0,415.0,41.0,58.0
601.0,415.0,41.0,58.0
601.0,415.0,41.0,58.0
602.0,416.0,41.0,58.0
602.0,416.0,41.0,58.0
601.0,416.0,41.0,58.0
601.0,416.0,41.0,58.0
600.0,416.0,41.0,58.0
600.0,417.0,41.0,58.0
599.0,418.0,41.0,58.0
599.0,419.0,41.0,58.0
599.0,419.0,41.0,58.0
598.0,418.0,41.0,58.0
598.0,418.0,41.0,58.0
598.0,419.0,41.0,58.0
598.0,419.0,41.0,58.0
598.0,420.0,41.0,58.0
597.0,419.0,41.0,59.0
597.0,419.0,41.0,60.0
596.0,418.0,41.0,61.0
596.0,418.0,41.0,61.0
596.0,418.0,41.0,61.0
596.0,418.0,41.0,61.0
596.0,418.0,41.0,61.0
596.0,418.0,41.0,61.0
596.0,418.0,41.0,61.0
596.0,418.0,41.0,61.0
595.0,418.0,41.0,61.0
595.0,418.0,41.0,61.0
595.0,418.0,41.0,61.0
594.0,418.0,41.0,61.0
594.0,418.0,41.0,61.0
594.0,418.0,41.0,61.0
593.0,418.0,41.0,61.0
593.0,418.0,41.0,61.0
593.0,419.0,41.0,61.0
593.0,419.0,41.0,61.0
593.0,420.0,41.0,61.0
592.0,420.0,41.0,61.0
592.0,420.0,41.0,61.0
591.0,420.0,41.0,61.0
591.0,419.0,41.0,61.0
591.0,419.0,41.0,61.0
591.0,418.0,41.0,61.0
591.0,419.0,41.0,61.0
590.0,420.0,41.0,61.0
590.0,421.0,41.0,61.0
590.0,421.0,41.0,61.0
589.0,420.0,41.0,61.0
589.0,420.0,41.0,61.0
589.0,420.0,41.0,61.0
589.0,420.0,41.0,61.0
589.0,420.0,41.0,61.0
589.0,420.0,41.0,61.0
588.0,420.0,41.0,61.0
588.0,420.0,41.0,61.0
588.0,420.0,41.0,61.0
588.0,420.0,41.0,61.0
588.0,420.0,41.0,61.0
588.0,420.0,41.0,61.0
588.0,421.0,41.0,61.0
588.0,421.0,41.0,61.0
588.0,421.0,41.0,61.0
587.0,420.0,41.0,61.0
587.0,420.0,41.0,61.0
587.0,421.0,41.0,61.0
587.0,421.0,41.0,61.0
587.0,422.0,41.0,61.0
587.0,425.0,41.0,58.0
586.0,427.0,41.0,56.0
586.0,430.0,41.0,53.0
587.0,430.0,41.0,53.0
587.0,430.0,41.0,53.0
588.0,430.0,41.0,53.0
587.0,433.0,41.0,50.0
587.0,437.0,41.0,46.0
586.0,440.0,41.0,43.0
586.0,442.0,41.0,41.0
585.0,443.0,41.0,40.0
585.0,445.0,41.0,38.0
585.0,447.0,41.0,36.0
585.0,448.0,41.0,35.0
585.0,450.0,41.0,33.0
585.0,452.0,41.0,31.0
585.0,453.0,41.0,29.0
585.0,455.0,41.0,27.0
585.0,457.0,41.0,25.0
585.0,459.0,41.0,23.0
585.0,461.0,41.0,21.0
585.0,463.0,41.0,19.0
585.0,466.0,41.0,16.0
585.0,468.0,41.0,14.0
585.0,469.0,41.0,13.0
585.0,471.0,41.0,11.0
585.0,472.0,41.0,10.0
585.0,474.0,41.0,8.0
585.0,477.0,41.0,5.0
585.0,479.0,41.0,3.0
584.0,458.0,41.0,5.0
584.0,438.0,41.0,6.0
583.0,417.0,41.0,8.0
583.0,418.0,41.0,9.0
583.0,419.0,41.0,10.0
583.0,420.0,41.0,11.0
583.0,420.0,41.0,12.0
583.0,420.0,41.0,14.0
583.0,420.0,41.0,15.0
583.0,420.0,41.0,17.0
583.0,420.0,41.0,18.0
583.0,420.0,41.0,20.0
583.0,420.0,41.0,22.0
583.0,420.0,41.0,25.0
583.0,420.0,41.0,27.0
583.0,420.0,41.0,30.0
583.0,420.0,41.0,33.0
583.0,420.0,41.0,36.0
583.0,420.0,41.0,38.0
583.0,420.0,41.0,41.0
583.0,420.0,41.0,43.0
583.0,420.0,41.0,44.0
583.0,420.0,41.0,45.0
583.0,420.0,41.0,46.0
583.0,420.0,41.0,48.0
583.0,420.0,41.0,49.0
583.0,420.0,41.0,51.0
583.0,420.0,41.0,54.0
583.0,420.0,41.0,57.0
583.0,420.0,41.0,60.0
584.0,420.0,41.0,61.0
584.0,421.0,41.0,62.0
585.0,421.0,41.0,63.0
585.0,421.0,41.0,63.0
585.0,421.0,41.0,63.0
585.0,421.0,41.0,63.0
585.0,421.0,41.0,63.0
585.0,421.0,41.0,63.0
585.0,421.0,41.0,63.0
585.0,421.0,41.0,63.0
585.0,421.0,41.0,63.0
585.0,421.0,41.0,63.0
585.0,421.0,41.0,63.0
585.0,421.0,41.0,63.0
585.0,421.0,41.0,63.0
585.0,421.0,41.0,63.0
585.0,421.0,41.0,63.0
585.0,421.0,41.0,63.0
585.0,421.0,41.0,63.0
585.0,421.0,41.0,63.0
585.0,421.0,41.0,63.0
585.0,421.0,41.0,63.0
585.0,421.0,41.0,63.0
585.0,421.0,41.0,63.0
585.0,421.0,41.0,63.0
585.0,420.0,41.0,63.0
585.0,420.0,41.0,63.0
585.0,420.0,41.0,63.0
585.0,419.0,41.0,63.0
585.0,419.0,41.0,63.0
585.0,419.0,41.0,63.0
586.0,418.0,41.0,63.0
586.0,418.0,41.0,63.0
586.0,418.0,41.0,63.0
586.0,419.0,41.0,62.0
586.0,419.0,41.0,62.0
586.0,419.0,41.0,62.0
586.0,419.0,41.0,62.0
586.0,419.0,41.0,62.0
586.0,418.0,41.0,62.0
586.0,418.0,41.0,62.0
586.0,417.0,41.0,62.0
586.0,417.0,41.0,62.0
586.0,416.0,41.0,62.0
586.0,416.0,41.0,62.0
586.0,416.0,41.0,62.0
586.0,416.0,41.0,62.0
586.0,416.0,41.0,62.0
586.0,416.0,41.0,62.0
586.0,415.0,41.0,62.0
586.0,415.0,41.0,62.0
586.0,415.0,41.0,62.0
586.0,415.0,41.0,62.0
586.0,415.0,41.0,62.0
586.0,415.0,41.0,62.0
587.0,414.0,41.0,62.0
587.0,414.0,41.0,62.0
587.0,414.0,41.0,62.0
588.0,413.0,41.0,62.0
588.0,413.0,41.0,62.0
588.0,413.0,41.0,62.0
587.0,412.0,41.0,62.0
587.0,412.0,41.0,62.0
587.0,412.0,41.0,62.0
588.0,411.0,41.0,62.0
588.0,411.0,41.0,62.0
588.0,410.0,41.0,62.0
587.0,410.0,41.0,62.0
587.0,409.0,41.0,62.0
587.0,409.0,41.0,62.0
587.0,408.0,41.0,62.0
587.0,408.0,41.0,62.0
587.0,408.0,41.0,62.0
588.0,408.0,41.0,62.0
588.0,408.0,41.0,62.0
588.0,407.0,41.0,62.0
587.0,406.0,41.0,62.0
587.0,405.0,41.0,62.0
587.0,405.0,41.0,62.0
587.0,405.0,41.0,62.0
587.0,405.0,41.0,62.0
587.0,404.0,41.0,62.0
587.0,404.0,41.0,62.0
587.0,403.0,41.0,62.0
587.0,403.0,41.0,62.0
588.0,404.0,41.0,61.0
588.0,404.0,41.0,61.0
588.0,403.0,41.0,61.0
588.0,401.0,41.0,61.0
588.0,400.0,41.0,61.0
588.0,400.0,41.0,61.0
588.0,400.0,41.0,61.0
588.0,400.0,41.0,61.0
588.0,400.0,41.0,61.0
588.0,399.0,41.0,61.0
588.0,399.0,41.0,61.0
588.0,398.0,41.0,61.0
588.0,397.0,41.0,61.0
588.0,396.0,41.0,61.0
588.0,396.0,41.0,61.0
588.0,395.0,41.0,61.0
588.0,395.0,41.0,61.0
588.0,395.0,41.0,61.0
588.0,394.0,41.0,61.0
588.0,394.0,41.0,61.0
588.0,394.0,40.0,60.0
589.0,395.0,39.0,58.0
589.0,395.0,38.0,57.0
589.0,394.0,38.0,57.0
589.0,394.0,38.0,57.0
589.0,393.0,38.0,57.0
589.0,392.0,38.0,57.0
590.0,391.0,38.0,57.0
590.0,390.0,38.0,57.0
590.0,390.0,38.0,57.0
591.0,390.0,38.0,57.0
591.0,390.0,38.0,57.0
591.0,389.0,38.0,57.0
590.0,389.0,38.0,57.0
590.0,388.0,38.0,57.0
590.0,387.0,38.0,57.0
591.0,387.0,38.0,57.0
591.0,386.0,38.0,57.0
590.0,386.0,38.0,57.0
590.0,385.0,38.0,57.0
589.0,385.0,38.0,57.0
590.0,385.0,38.0,57.0
590.0,384.0,38.0,57.0
591.0,384.0,38.0,57.0
591.0,383.0,38.0,57.0
591.0,383.0,38.0,57.0
591.0,382.0,38.0,57.0
591.0,382.0,38.0,57.0
591.0,381.0,38.0,57.0
591.0,381.0,38.0,57.0
591.0,381.0,38.0,57.0
591.0,380.0,38.0,57.0
591.0,380.0,38.0,57.0
591.0,380.0,38.0,57.0
591.0,379.0,38.0,57.0
591.0,379.0,38.0,57.0
591.0,378.0,38.0,57.0
591.0,376.0,38.0,57.0
591.0,375.0,38.0,57.0
591.0,375.0,38.0,56.0
591.0,375.0,38.0,56.0
591.0,375.0,38.0,55.0
591.0,374.0,38.0,55.0
591.0,374.0,38.0,55.0
591.0,373.0,38.0,55.0
591.0,372.0,38.0,55.0
591.0,372.0,38.0,55.0
591.0,371.0,38.0,55.0
591.0,371.0,38.0,55.0
591.0,370.0,38.0,55.0
591.0,370.0,38.0,55.0
591.0,370.0,38.0,55.0
592.0,369.0,38.0,55.0
592.0,369.0,38.0,55.0
592.0,368.0,38.0,55.0
592.0,366.0,38.0,55.0
592.0,365.0,38.0,55.0
593.0,365.0,38.0,54.0
593.0,365.0,38.0,54.0
594.0,365.0,38.0,53.0
594.0,364.0,38.0,53.0
594.0,363.0,38.0,53.0
594.0,362.0,38.0,53.0
594.0,361.0,38.0,53.0
594.0,361.0,38.0,53.0
594.0,360.0,38.0,53.0
594.0,359.0,38.0,53.0
594.0,357.0,38.0,53.0
594.0,356.0,38.0,53.0
594.0,356.0,38.0,53.0
594.0,355.0,38.0,53.0
594.0,355.0,38.0,53.0
595.0,354.0,38.0,53.0
595.0,352.0,38.0,53.0
596.0,351.0,38.0,53.0
596.0,350.0,38.0,53.0
596.0,348.0,38.0,53.0
596.0,347.0,38.0,53.0
596.0,347.0,38.0,53.0
596.0,346.0,38.0,53.0
596.0,346.0,38.0,53.0
596.0,345.0,38.0,53.0
596.0,343.0,38.0,53.0
596.0,342.0,38.0,53.0
597.0,341.0,37.0,53.0
597.0,339.0,36.0,53.0
598.0,338.0,35.0,53.0
598.0,338.0,34.0,53.0
599.0,337.0,34.0,53.0
599.0,337.0,33.0,53.0
599.0,336.0,33.0,52.0
600.0,336.0,33.0,50.0
600.0,335.0,33.0,49.0
600.0,334.0,33.0,49.0
600.0,334.0,33.0,49.0
600.0,333.0,33.0,49.0
600.0,332.0,33.0,49.0
600.0,330.0,33.0,49.0
600.0,329.0,33.0,49.0
600.0,328.0,33.0,49.0
601.0,327.0,33.0,49.0
601.0,326.0,33.0,49.0
601.0,325.0,33.0,49.0
601.0,324.0,33.0,49.0
601.0,323.0,33.0,49.0
601.0,322.0,33.0,49.0
601.0,321.0,33.0,49.0
601.0,320.0,33.0,49.0
601.0,319.0,33.0,49.0
602.0,317.0,33.0,49.0
602.0,316.0,33.0,49.0
602.0,315.0,33.0,49.0
603.0,315.0,33.0,49.0
603.0,314.0,33.0,49.0
603.0,313.0,33.0,49.0
603.0,311.0,33.0,49.0
603.0,310.0,33.0,49.0
603.0,309.0,33.0,49.0
603.0,309.0,33.0,49.0
603.0,308.0,33.0,49.0
603.0,306.0,33.0,49.0
603.0,305.0,33.0,49.0
603.0,303.0,33.0,49.0
603.0,303.0,33.0,49.0
603.0,302.0,33.0,48.0
603.0,302.0,33.0,48.0
603.0,301.0,33.0,48.0
603.0,300.0,33.0,48.0
603.0,299.0,33.0,48.0
603.0,298.0,33.0,48.0
603.0,296.0,33.0,48.0
603.0,295.0,33.0,48.0
603.0,294.0,33.0,48.0
604.0,292.0,33.0,48.0
604.0,291.0,33.0,48.0
604.0,291.0,33.0,47.0
605.0,290.0,33.0,46.0
605.0,290.0,33.0,45.0
605.0,290.0,33.0,45.0
605.0,289.0,33.0,45.0
605.0,289.0,33.0,45.0
605.0,288.0,33.0,45.0
605.0,286.0,33.0,45.0
605.0,285.0,33.0,45.0
605.0,284.0,33.0,45.0
605.0,283.0,33.0,45.0
605.0,282.0,33.0,45.0
605.0,281.0,33.0,45.0
605.0,281.0,33.0,45.0
605.0,280.0,33.0,45.0
605.0,279.0,33.0,45.0
605.0,278.0,33.0,45.0
605.0,277.0,33.0,45.0
604.0,277.0,33.0,45.0
604.0,276.0,33.0,45.0
603.0,276.0,33.0,45.0
603.0,275.0,33.0,45.0
604.0,275.0,33.0,45.0
604.0,274.0,33.0,45.0
604.0,274.0,33.0,45.0
605.0,275.0,33.0,45.0
605.0,275.0,33.0,45.0
605.0,274.0,33.0,45.0
604.0,274.0,33.0,45.0
604.0,273.0,33.0,45.0
604.0,273.0,33.0,45.0
605.0,272.0,33.0,45.0
605.0,272.0,33.0,45.0
605.0,272.0,33.0,45.0
604.0,271.0,33.0,45.0
604.0,271.0,33.0,45.0
604.0,270.0,33.0,45.0
605.0,270.0,33.0,45.0
605.0,269.0,33.0,45.0
605.0,268.0,33.0,45.0
606.0,268.0,33.0,45.0
606.0,267.0,33.0,45.0
606.0,267.0,33.0,44.0
605.0,267.0,33.0,44.0
605.0,267.0,33.0,43.0
606.0,266.0,32.0,43.0
606.0,266.0,30.0,43.0
607.0,265.0,29.0,43.0
607.0,265.0,29.0,43.0
607.0,265.0,29.0,43.0
607.0,265.0,29.0,43.0
607.0,265.0,29.0,43.0
607.0,265.0,29.0,43.0
607.0,265.0,29.0,43.0
607.0,265.0,29.0,43.0
607.0,265.0,29.0,43.0
607.0,265.0,29.0,43.0
607.0,265.0,29.0,43.0
607.0,265.0,29.0,43.0
607.0,265.0,29.0,43.0
607.0,266.0,29.0,43.0
606.0,268.0,29.0,43.0
606.0,269.0,29.0,43.0
606.0,269.0,29.0,43.0
605.0,270.0,29.0,43.0
605.0,270.0,29.0,43.0
605.0,271.0,29.0,43.0
605.0,272.0,29.0,43.0
605.0,273.0,29.0,43.0
605.0,274.0,29.0,43.0
604.0,276.0,29.0,43.0
604.0,277.0,29.0,43.0
604.0,280.0,29.0,43.0
604.0,284.0,29.0,43.0
604.0,287.0,29.0,43.0
604.0,290.0,29.0,43.0
604.0,292.0,29.0,43.0
604.0,295.0,29.0,43.0
604.0,298.0,29.0,43.0
603.0,301.0,29.0,43.0
603.0,304.0,29.0,43.0
603.0,307.0,29.0,43.0
603.0,310.0,29.0,43.0
603.0,313.0,29.0,43.0
603.0,316.0,29.0,43.0
603.0,318.0,29.0,43.0
603.0,321.0,29.0,43.0
603.0,324.0,29.0,42.0
603.0,327.0,29.0,41.0
603.0,330.0,29.0,40.0
603.0,332.0,29.0,40.0
603.0,334.0,29.0,40.0
603.0,336.0,29.0,40.0
603.0,338.0,29.0,40.0
603.0,340.0,29.0,40.0
603.0,342.0,29.0,40.0
603.0,343.0,29.0,40.0
603.0,344.0,29.0,40.0
603.0,345.0,29.0,40.0
603.0,346.0,29.0,40.0
603.0,346.0,29.0,40.0
603.0,347.0,29.0,40.0
603.0,348.0,29.0,40.0
603.0,348.0,29.0,40.0
603.0,349.0,29.0,40.0
603.0,348.0,29.0,40.0
602.0,348.0,29.0,40.0
602.0,347.0,29.0,40.0
602.0,347.0,29.0,40.0
603.0,346.0,29.0,40.0
603.0,346.0,29.0,40.0
603.0,346.0,29.0,40.0
603.0,345.0,29.0,40.0
603.0,345.0,29.0,40.0
603.0,344.0,29.0,40.0
602.0,344.0,29.0,40.0
602.0,343.0,29.0,40.0
602.0,343.0,29.0,40.0
602.0,343.0,29.0,40.0
602.0,343.0,29.0,40.0
602.0,344.0,29.0,40.0
602.0,344.0,29.0,40.0
602.0,345.0,29.0,40.0
602.0,346.0,29.0,40.0
602.0,348.0,29.0,40.0
602.0,349.0,29.0,40.0
602.0,351.0,29.0,38.0
602.0,354.0,29.0,37.0
602.0,356.0,29.0,35.0
602.0,356.0,29.0,35.0
602.0,356.0,29.0,35.0
602.0,356.0,29.0,35.0
601.0,358.0,29.0,35.0
601.0,359.0,29.0,35.0
600.0,361.0,29.0,35.0
600.0,362.0,29.0,35.0
601.0,364.0,29.0,35.0
601.0,365.0,29.0,35.0
601.0,365.0,29.0,35.0
602.0,366.0,29.0,35.0
602.0,366.0,29.0,35.0
601.0,366.0,29.0,35.0
601.0,366.0,29.0,35.0
600.0,366.0,29.0,35.0
600.0,365.0,29.0,35.0
600.0,364.0,29.0,35.0
600.0,363.0,29.0,35.0
600.0,362.0,29.0,35.0
599.0,361.0,29.0,35.0
599.0,360.0,29.0,35.0
599.0,360.0,29.0,35.0
600.0,360.0,29.0,35.0
600.0,360.0,29.0,35.0
599.0,359.0,29.0,35.0
599.0,359.0,29.0,35.0
598.0,358.0,29.0,35.0
598.0,357.0,29.0,35.0
598.0,356.0,29.0,35.0
598.0,355.0,29.0,35.0
598.0,355.0,29.0,35.0
598.0,355.0,29.0,35.0
598.0,355.0,29.0,35.0
598.0,355.0,29.0,35.0
598.0,355.0,29.0,35.0
598.0,355.0,29.0,35.0
598.0,354.0,29.0,35.0
598.0,352.0,29.0,35.0
598.0,351.0,29.0,35.0
598.0,351.0,29.0,35.0
597.0,350.0,29.0,35.0
597.0,350.0,29.0,35.0
597.0,349.0,29.0,35.0
598.0,349.0,29.0,35.0
598.0,348.0,29.0,35.0
597.0,347.0,29.0,35.0
597.0,347.0,29.0,35.0
596.0,346.0,29.0,35.0
596.0,345.0,29.0,35.0
597.0,345.0,29.0,35.0
597.0,344.0,29.0,35.0
596.0,344.0,29.0,35.0
595.0,343.0,29.0,35.0
594.0,343.0,29.0,35.0
594.0,342.0,29.0,35.0
595.0,341.0,29.0,35.0
595.0,340.0,29.0,35.0
595.0,339.0,29.0,35.0
595.0,339.0,29.0,35.0
595.0,338.0,29.0,35.0
595.0,338.0,29.0,35.0
594.0,338.0,29.0,35.0
594.0,338.0,29.0,35.0
594.0,337.0,29.0,35.0
594.0,337.0,29.0,35.0
594.0,336.0,29.0,35.0
594.0,336.0,29.0,35.0
594.0,335.0,29.0,35.0
594.0,335.0,29.0,35.0
594.0,334.0,29.0,35.0
594.0,334.0,29.0,35.0
594.0,333.0,29.0,35.0
594.0,333.0,29.0,35.0
594.0,333.0,29.0,35.0
594.0,333.0,29.0,35.0
594.0,332.0,29.0,35.0
593.0,331.0,29.0,35.0
593.0,330.0,29.0,35.0
593.0,330.0,29.0,35.0
593.0,329.0,29.0,35.0
593.0,329.0,29.0,35.0
593.0,328.0,29.0,35.0
593.0,328.0,29.0,35.0
593.0,327.0,29.0,35.0
593.0,327.0,29.0,35.0
592.0,326.0,29.0,35.0
592.0,326.0,29.0,35.0
592.0,326.0,29.0,35.0
593.0,325.0,29.0,35.0
593.0,325.0,29.0,35.0
593.0,324.0,29.0,35.0
593.0,322.0,29.0,35.0
593.0,321.0,29.0,35.0
593.0,321.0,29.0,35.0
593.0,320.0,29.0,35.0
593.0,320.0,29.0,35.0
593.0,319.0,29.0,35.0
592.0,319.0,29.0,35.0
592.0,318.0,29.0,35.0
592.0,317.0,29.0,35.0
593.0,317.0,29.0,35.0
593.0,316.0,29.0,35.0
593.0,316.0,28.0,34.0
593.0,315.0,27.0,32.0
593.0,315.0,26.0,31.0
593.0,315.0,26.0,31.0
593.0,315.0,26.0,31.0
593.0,315.0,26.0,31.0
593.0,314.0,26.0,31.0
593.0,312.0,26.0,31.0
593.0,311.0,26.0,31.0
593.0,311.0,26.0,31.0
593.0,310.0,26.0,31.0
593.0,310.0,26.0,31.0
593.0,310.0,26.0,31.0
593.0,309.0,26.0,31.0
593.0,309.0,26.0,31.0
593.0,308.0,26.0,31.0
593.0,307.0,26.0,31.0
593.0,306.0,26.0,31.0
593.0,305.0,26.0,31.0
592.0,304.0,26.0,31.0
592.0,303.0,26.0,31.0
592.0,303.0,26.0,31.0
591.0,302.0,26.0,31.0
591.0,302.0,26.0,31.0
591.0,301.0,26.0,31.0
591.0,301.0,26.0,31.0
591.0,300.0,26.0,31.0
591.0,299.0,26.0,31.0
590.0,298.0,26.0,31.0
590.0,297.0,26.0,31.0
590.0,297.0,26.0,31.0
591.0,296.0,26.0,31.0
591.0,296.0,26.0,31.0
591.0,296.0,26.0,31.0
590.0,295.0,26.0,31.0
590.0,295.0,26.0,31.0
590.0,294.0,26.0,31.0
591.0,293.0,26.0,31.0
591.0,292.0,26.0,31.0
591.0,292.0,26.0,31.0
590.0,291.0,26.0,31.0
590.0,291.0,26.0,31.0
590.0,290.0,26.0,31.0
591.0,288.0,26.0,31.0
591.0,287.0,26.0,31.0
591.0,287.0,26.0,31.0
590.0,286.0,26.0,31.0
590.0,286.0,26.0,31.0
590.0,286.0,26.0,31.0
589.0,285.0,26.0,31.0
589.0,285.0,26.0,31.0
589.0,284.0,26.0,31.0
590.0,283.0,26.0,31.0
590.0,282.0,26.0,31.0
590.0,281.0,26.0,31.0
589.0,281.0,26.0,31.0
589.0,280.0,26.0,31.0
590.0,280.0,26.0,31.0
590.0,280.0,26.0,31.0
591.0,280.0,26.0,31.0
590.0,279.0,26.0,31.0
589.0,278.0,26.0,31.0
588.0,277.0,26.0,31.0
589.0,277.0,26.0,31.0
589.0,277.0,26.0,31.0
590.0,277.0,26.0,31.0
590.0,276.0,26.0,31.0
590.0,276.0,26.0,31.0
590.0,275.0,26.0,31.0
590.0,275.0,26.0,31.0
590.0,274.0,26.0,31.0
590.0,274.0,26.0,31.0
590.0,274.0,26.0,31.0
589.0,273.0,26.0,31.0
589.0,273.0,26.0,31.0
590.0,273.0,26.0,31.0
590.0,272.0,26.0,31.0
591.0,272.0,26.0,31.0
591.0,272.0,26.0,31.0
591.0,271.0,26.0,31.0
591.0,271.0,26.0,31.0
590.0,270.0,26.0,31.0
589.0,269.0,26.0,31.0
588.0,268.0,26.0,31.0
588.0,268.0,26.0,31.0
589.0,267.0,26.0,31.0
589.0,267.0,26.0,31.0
589.0,267.0,26.0,31.0
589.0,267.0,26.0,31.0
589.0,267.0,26.0,31.0
589.0,266.0,26.0,31.0
589.0,265.0,26.0,31.0
589.0,264.0,26.0,31.0
589.0,264.0,26.0,31.0
589.0,263.0,26.0,31.0
589.0,263.0,26.0,31.0
589.0,263.0,26.0,31.0
589.0,263.0,26.0,31.0
589.0,263.0,26.0,31.0
589.0,263.0,26.0,31.0
589.0,262.0,26.0,31.0
589.0,262.0,26.0,31.0
589.0,262.0,26.0,31.0
588.0,261.0,26.0,31.0
588.0,261.0,26.0,31.0
588.0,261.0,26.0,31.0
589.0,260.0,26.0,31.0
589.0,260.0,26.0,31.0
589.0,260.0,26.0,31.0
589.0,260.0,26.0,31.0
589.0,260.0,26.0,31.0
589.0,260.0,26.0,31.0
589.0,260.0,26.0,31.0
589.0,260.0,26.0,31.0
589.0,259.0,26.0,31.0
589.0,259.0,26.0,31.0
589.0,258.0,26.0,31.0
589.0,258.0,26.0,31.0
589.0,258.0,26.0,31.0
589.0,258.0,26.0,31.0
589.0,257.0,26.0,31.0
588.0,257.0,26.0,31.0
588.0,256.0,26.0,31.0
588.0,256.0,26.0,31.0
588.0,256.0,26.0,31.0
588.0,256.0,26.0,31.0
588.0,255.0,26.0,31.0
589.0,255.0,26.0,31.0
589.0,254.0,26.0,31.0
589.0,254.0,26.0,31.0
589.0,254.0,26.0,31.0
589.0,254.0,26.0,31.0
589.0,254.0,26.0,31.0
589.0,255.0,26.0,31.0
589.0,255.0,26.0,31.0
590.0,254.0,26.0,31.0
590.0,254.0,26.0,31.0
591.0,253.0,26.0,31.0
591.0,253.0,26.0,31.0
590.0,252.0,26.0,31.0
590.0,252.0,26.0,31.0
590.0,252.0,26.0,31.0
591.0,252.0,26.0,31.0
591.0,252.0,26.0,31.0
591.0,252.0,26.0,31.0
591.0,251.0,26.0,31.0
591.0,251.0,26.0,31.0
591.0,252.0,26.0,31.0
592.0,253.0,26.0,31.0
592.0,254.0,26.0,31.0
591.0,253.0,26.0,31.0
591.0,253.0,26.0,31.0
590.0,252.0,26.0,31.0
590.0,252.0,26.0,31.0
591.0,253.0,26.0,31.0
591.0,253.0,26.0,31.0
591.0,253.0,26.0,31.0
592.0,252.0,26.0,31.0
592.0,252.0,26.0,31.0
591.0,252.0,26.0,31.0
591.0,252.0,26.0,31.0
590.0,252.0,26.0,31.0
591.0,252.0,26.0,31.0
591.0,252.0,26.0,31.0
592.0,252.0,26.0,31.0
591.0,252.0,26.0,31.0
591.0,252.0,26.0,31.0
590.0,252.0,26.0,31.0
590.0,252.0,26.0,31.0
590.0,252.0,26.0,31.0
590.0,252.0,26.0,31.0
590.0,252.0,26.0,31.0
590.0,252.0,26.0,31.0
590.0,252.0,26.0,31.0
590.0,252.0,26.0,31.0
590.0,252.0,26.0,31.0
590.0,252.0,26.0,31.0
590.0,252.0,26.0,31.0
590.0,252.0,26.0,31.0
590.0,252.0,26.0,31.0
590.0,252.0,26.0,31.0
590.0,252.0,26.0,31.0
590.0,252.0,26.0,31.0
590.0,252.0,26.0,31.0
590.0,252.0,26.0,31.0
590.0,252.0,26.0,31.0
590.0,253.0,26.0,31.0
591.0,253.0,26.0,31.0
591.0,254.0,26.0,31.0
591.0,254.0,26.0,31.0
590.0,255.0,26.0,31.0
590.0,255.0,26.0,31.0
590.0,255.0,26.0,31.0
590.0,255.0,26.0,31.0
590.0,255.0,26.0,31.0
590.0,255.0,26.0,31.0
590.0,255.0,26.0,32.0
590.0,255.0,26.0,32.0
590.0,256.0,26.0,32.0
589.0,256.0,26.0,32.0
589.0,257.0,26.0,32.0
589.0,257.0,26.0,32.0
590.0,257.0,26.0,32.0
590.0,257.0,26.0,32.0
589.0,256.0,26.0,34.0
589.0,256.0,26.0,36.0
588.0,255.0,26.0,38.0
588.0,255.0,26.0,38.0
588.0,255.0,26.0,38.0
588.0,255.0,26.0,38.0
588.0,256.0,26.0,37.0
588.0,257.0,26.0,36.0
588.0,258.0,26.0,35.0
588.0,258.0,27.0,34.0
587.0,258.0,29.0,34.0
587.0,258.0,30.0,33.0
587.0,258.0,30.0,33.0
587.0,258.0,30.0,33.0
587.0,258.0,30.0,33.0
586.0,258.0,31.0,33.0
585.0,258.0,32.0,34.0
584.0,258.0,33.0,34.0
584.0,258.0,33.0,34.0
584.0,258.0,33.0,34.0
584.0,258.0,33.0,34.0
584.0,258.0,33.0,34.0
584.0,258.0,33.0,34.0
584.0,258.0,33.0,34.0
584.0,258.0,33.0,34.0
584.0,258.0,33.0,34.0
584.0,258.0,33.0,34.0
584.0,258.0,33.0,35.0
583.0,258.0,34.0,35.0
583.0,258.0,34.0,36.0
583.0,258.0,34.0,36.0
583.0,258.0,34.0,36.0
583.0,258.0,34.0,36.0
583.0,258.0,34.0,36.0
583.0,258.0,34.0,36.0
583.0,258.0,34.0,36.0
583.0,258.0,34.0,36.0
583.0,258.0,34.0,36.0
583.0,258.0,34.0,36.0
583.0,258.0,34.0,36.0
583.0,258.0,34.0,36.0
583.0,258.0,34.0,36.0
583.0,258.0,34.0,36.0
583.0,258.0,34.0,36.0
583.0,258.0,34.0,36.0
583.0,258.0,34.0,36.0
583.0,258.0,34.0,36.0
583.0,258.0,34.0,36.0
583.0,258.0,34.0,37.0
583.0,258.0,34.0,37.0
583.0,258.0,34.0,38.0
583.0,258.0,34.0,38.0
583.0,258.0,34.0,38.0
583.0,258.0,34.0,38.0
583.0,258.0,34.0,38.0
583.0,258.0,34.0,38.0
583.0,258.0,34.0,38.0
583.0,258.0,34.0,38.0
583.0,257.0,34.0,38.0
583.0,257.0,34.0,38.0
583.0,257.0,34.0,38.0
582.0,257.0,34.0,38.0
582.0,257.0,34.0,38.0
582.0,257.0,34.0,38.0
582.0,257.0,34.0,38.0
582.0,257.0,34.0,38.0
582.0,257.0,34.0,38.0
582.0,256.0,34.0,38.0
582.0,256.0,34.0,38.0
582.0,256.0,34.0,38.0
582.0,256.0,34.0,38.0
582.0,256.0,34.0,38.0
582.0,256.0,34.0,38.0
582.0,256.0,34.0,38.0
582.0,256.0,34.0,38.0
582.0,255.0,34.0,38.0
581.0,255.0,35.0,38.0
581.0,254.0,35.0,38.0
581.0,254.0,35.0,38.0
581.0,254.0,35.0,38.0
581.0,254.0,35.0,38.0
581.0,254.0,35.0,38.0
581.0,253.0,35.0,38.0
581.0,253.0,35.0,38.0
581.0,253.0,35.0,38.0
581.0,253.0,35.0,38.0
581.0,253.0,35.0,38.0
581.0,253.0,35.0,38.0
581.0,252.0,35.0,38.0
581.0,252.0,35.0,38.0
580.0,252.0,35.0,38.0
580.0,253.0,35.0,38.0
579.0,253.0,35.0,38.0
579.0,252.0,35.0,38.0
579.0,250.0,35.0,38.0
579.0,249.0,35.0,38.0
579.0,249.0,35.0,38.0
580.0,249.0,35.0,38.0
580.0,249.0,35.0,38.0
579.0,249.0,35.0,38.0
579.0,248.0,35.0,38.0
578.0,248.0,35.0,38.0
578.0,248.0,35.0,38.0
579.0,247.0,35.0,38.0
579.0,247.0,35.0,38.0
578.0,246.0,36.0,38.0
578.0,246.0,37.0,38.0
577.0,245.0,38.0,38.0
577.0,244.0,38.0,38.0
577.0,244.0,37.0,38.0
577.0,243.0,37.0,38.0
577.0,243.0,37.0,38.0
577.0,243.0,37.0,38.0
577.0,243.0,37.0,38.0
576.0,242.0,37.0,38.0
576.0,242.0,37.0,38.0
575.0,241.0,37.0,38.0
575.0,241.0,37.0,38.0
575.0,241.0,37.0,38.0
575.0,241.0,37.0,38.0
575.0,240.0,37.0,38.0
575.0,240.0,37.0,38.0
575.0,239.0,37.0,38.0
575.0,239.0,37.0,38.0
575.0,238.0,37.0,38.0
575.0,238.0,37.0,38.0
575.0,238.0,37.0,38.0
574.0,237.0,37.0,38.0
574.0,237.0,37.0,38.0
574.0,237.0,37.0,38.0
573.0,236.0,37.0,38.0
573.0,236.0,37.0,38.0
573.0,235.0,37.0,38.0
574.0,233.0,37.0,38.0
574.0,232.0,37.0,38.0
574.0,232.0,37.0,38.0
574.0,232.0,37.0,38.0
574.0,232.0,37.0,38.0
574.0,232.0,37.0,38.0
573.0,231.0,37.0,38.0
573.0,231.0,37.0,38.0
573.0,230.0,37.0,39.0
572.0,228.0,38.0,39.0
572.0,227.0,38.0,40.0
572.0,226.0,38.0,40.0
571.0,226.0,38.0,40.0
571.0,225.0,38.0,40.0
571.0,225.0,38.0,40.0
570.0,225.0,38.0,40.0
570.0,225.0,38.0,40.0
570.0,224.0,38.0,40.0
570.0,222.0,38.0,40.0
570.0,221.0,38.0,40.0
569.0,221.0,38.0,40.0
569.0,221.0,38.0,40.0
568.0,221.0,38.0,40.0
568.0,221.0,38.0,40.0
568.0,220.0,38.0,40.0
568.0,220.0,38.0,40.0
568.0,220.0,38.0,40.0
567.0,219.0,38.0,40.0
567.0,219.0,38.0,40.0
567.0,219.0,38.0,40.0
567.0,219.0,38.0,40.0
567.0,219.0,38.0,40.0
567.0,219.0,38.0,40.0
567.0,219.0,38.0,40.0
567.0,219.0,38.0,40.0
567.0,219.0,38.0,40.0
567.0,219.0,38.0,40.0
567.0,219.0,38.0,40.0
567.0,219.0,38.0,40.0
567.0,219.0,38.0,40.0
567.0,219.0,38.0,40.0
567.0,219.0,38.0,40.0
567.0,219.0,38.0,40.0
567.0,219.0,38.0,40.0
567.0,219.0,38.0,40.0
567.0,220.0,38.0,40.0
567.0,220.0,38.0,40.0
567.0,222.0,38.0,40.0
566.0,223.0,38.0,40.0
566.0,225.0,38.0,40.0
565.0,225.0,38.0,40.0
563.0,225.0,38.0,40.0
562.0,225.0,38.0,40.0
562.0,227.0,38.0,40.0
562.0,228.0,38.0,40.0
562.0,230.0,38.0,40.0
562.0,231.0,39.0,41.0
563.0,233.0,40.0,41.0
563.0,234.0,41.0,42.0
563.0,235.0,41.0,42.0
562.0,236.0,41.0,42.0
562.0,237.0,41.0,42.0
562.0,239.0,41.0,42.0
562.0,240.0,41.0,42.0
562.0,242.0,41.0,42.0
562.0,242.0,41.0,42.0
563.0,243.0,41.0,42.0
563.0,243.0,41.0,42.0
565.0,245.0,41.0,42.0
567.0,247.0,41.0,42.0
569.0,249.0,41.0,42.0
569.0,249.0,41.0,42.0
570.0,250.0,41.0,42.0
570.0,250.0,41.0,42.0
571.0,251.0,41.0,42.0
572.0,251.0,41.0,42.0
573.0,252.0,41.0,42.0
573.0,252.0,41.0,42.0
573.0,252.0,41.0,42.0
573.0,252.0,41.0,42.0
573.0,252.0,41.0,42.0
573.0,252.0,41.0,42.0
573.0,252.0,41.0,42.0
573.0,253.0,41.0,42.0
573.0,253.0,41.0,42.0
573.0,254.0,41.0,42.0
574.0,253.0,41.0,42.0
575.0,253.0,41.0,42.0
576.0,252.0,41.0,42.0
577.0,251.0,41.0,42.0
577.0,251.0,41.0,42.0
578.0,250.0,41.0,42.0
578.0,249.0,41.0,42.0
579.0,248.0,41.0,42.0
579.0,247.0,41.0,42.0
579.0,247.0,41.0,42.0
579.0,246.0,41.0,42.0
579.0,246.0,41.0,42.0
580.0,245.0,41.0,42.0
581.0,245.0,41.0,42.0
582.0,244.0,41.0,42.0
582.0,244.0,41.0,42.0
583.0,243.0,41.0,42.0
583.0,243.0,41.0,42.0
584.0,242.0,41.0,42.0
586.0,241.0,41.0,42.0
587.0,240.0,41.0,42.0
587.0,239.0,41.0,42.0
588.0,238.0,41.0,42.0
588.0,237.0,41.0,42.0
589.0,236.0,41.0,42.0
590.0,236.0,41.0,42.0
591.0,235.0,41.0,42.0
591.0,234.0,41.0,42.0
592.0,234.0,41.0,42.0
592.0,233.0,41.0,42.0
593.0,232.0,41.0,42.0
594.0,231.0,41.0,42.0
595.0,230.0,41.0,42.0
596.0,230.0,41.0,42.0
597.0,229.0,41.0,42.0
598.0,229.0,41.0,42.0
599.0,228.0,41.0,42.0
599.0,226.0,41.0,42.0
600.0,225.0,41.0,42.0
601.0,224.0,41.0,42.0
601.0,223.0,41.0,42.0
602.0,222.0,41.0,42.0
603.0,221.0,41.0,42.0
603.0,221.0,41.0,42.0
604.0,220.0,41.0,42.0
605.0,219.0,41.0,42.0
606.0,219.0,41.0,42.0
607.0,218.0,41.0,42.0
607.0,217.0,41.0,42.0
608.0,216.0,41.0,42.0
608.0,215.0,41.0,42.0
608.0,214.0,41.0,42.0
609.0,214.0,41.0,42.0
609.0,213.0,41.0,42.0
609.0,212.0,41.0,42.0
610.0,211.0,41.0,42.0
610.0,210.0,41.0,42.0
611.0,210.0,41.0,42.0
613.0,210.0,41.0,42.0
614.0,210.0,41.0,42.0
614.0,209.0,41.0,42.0
614.0,209.0,41.0,42.0
614.0,208.0,41.0,42.0
615.0,207.0,41.0,42.0
616.0,207.0,41.0,42.0
617.0,206.0,41.0,42.0
617.0,205.0,41.0,42.0
617.0,205.0,41.0,42.0
617.0,204.0,41.0,42.0
617.0,203.0,41.0,42.0
618.0,203.0,41.0,42.0
618.0,202.0,41.0,42.0
619.0,202.0,41.0,42.0
621.0,201.0,41.0,42.0
622.0,201.0,41.0,42.0
621.0,201.0,41.0,42.0
621.0,200.0,41.0,42.0
620.0,200.0,41.0,42.0
620.0,199.0,41.0,42.0
621.0,199.0,41.0,42.0
621.0,198.0,41.0,42.0
621.0,198.0,41.0,42.0
621.0,198.0,41.0,42.0
621.0,198.0,41.0,42.0
621.0,198.0,41.0,42.0
622.0,197.0,41.0,42.0
622.0,197.0,41.0,42.0
622.0,197.0,41.0,42.0
623.0,197.0,41.0,42.0
623.0,197.0,41.0,42.0
623.0,197.0,41.0,40.0
623.0,198.0,40.0,38.0
623.0,198.0,40.0,36.0
623.0,198.0,40.0,36.0
623.0,198.0,40.0,36.0
623.0,198.0,40.0,36.0
623.0,197.0,40.0,36.0
623.0,197.0,40.0,36.0
623.0,196.0,40.0,36.0
623.0,195.0,40.0,36.0
623.0,194.0,40.0,36.0
623.0,193.0,40.0,36.0
623.0,193.0,40.0,36.0
623.0,193.0,40.0,36.0
623.0,193.0,40.0,36.0
623.0,193.0,40.0,36.0
623.0,192.0,40.0,36.0
623.0,192.0,40.0,36.0
622.0,192.0,40.0,36.0
622.0,191.0,40.0,36.0
621.0,191.0,40.0,36.0
622.0,191.0,40.0,36.0
622.0,191.0,40.0,37.0
623.0,191.0,40.0,37.0
623.0,191.0,40.0,37.0
623.0,190.0,40.0,37.0
623.0,190.0,40.0,37.0
623.0,189.0,40.0,37.0
623.0,189.0,40.0,37.0
623.0,188.0,40.0,37.0
623.0,188.0,40.0,37.0
622.0,188.0,40.0,37.0
622.0,188.0,40.0,37.0
622.0,188.0,40.0,37.0
622.0,187.0,40.0,37.0
622.0,187.0,40.0,37.0
622.0,186.0,40.0,37.0
621.0,186.0,40.0,37.0
621.0,185.0,40.0,37.0
620.0,185.0,40.0,37.0
620.0,185.0,40.0,37.0
619.0,185.0,40.0,37.0
620.0,185.0,40.0,37.0
620.0,186.0,40.0,37.0
621.0,186.0,40.0,37.0
620.0,185.0,40.0,37.0
620.0,185.0,40.0,37.0
619.0,184.0,40.0,37.0
619.0,184.0,40.0,37.0
619.0,184.0,40.0,37.0
619.0,184.0,40.0,37.0
619.0,184.0,40.0,37.0
619.0,184.0,40.0,37.0
619.0,184.0,40.0,37.0
619.0,184.0,40.0,37.0
619.0,184.0,40.0,37.0
619.0,184.0,40.0,37.0
618.0,184.0,40.0,37.0
616.0,183.0,40.0,37.0
615.0,183.0,40.0,37.0
615.0,182.0,40.0,38.0
616.0,182.0,41.0,39.0
616.0,181.0,41.0,40.0
616.0,181.0,41.0,40.0
616.0,181.0,41.0,40.0
616.0,181.0,41.0,40.0
