572.0,174.0,27.0,62.0
573.0,174.0,26.0,62.0
573.0,174.0,24.0,62.0
574.0,174.0,23.0,62.0
574.0,174.0,23.0,62.0
574.0,174.0,23.0,62.0
574.0,174.0,23.0,62.0
574.0,174.0,23.0,62.0
574.0,174.0,23.0,62.0
574.0,174.0,23.0,62.0
574.0,174.0,23.0,62.0
574.0,174.0,23.0,62.0
574.0,174.0,23.0,62.0
574.0,174.0,23.0,62.0
573.0,174.0,23.0,62.0
573.0,174.0,23.0,62.0
573.0,174.0,23.0,62.0
573.0,174.0,23.0,62.0
573.0,174.0,23.0,62.0
573.0,174.0,23.0,62.0
574.0,174.0,23.0,62.0
574.0,174.0,23.0,62.0
575.0,175.0,23.0,62.0
576.0,176.0,23.0,62.0
577.0,177.0,23.0,62.0
578.0,177.0,23.0,62.0
578.0,178.0,23.0,62.0
579.0,178.0,23.0,62.0
580.0,178.0,23.0,62.0
580.0,177.0,23.0,62.0
581.0,177.0,23.0,62.0
581.0,177.0,23.0,62.0
581.0,177.0,23.0,62.0
581.0,177.0,23.0,62.0
582.0,177.0,23.0,62.0
583.0,177.0,23.0,62.0
584.0,177.0,23.0,62.0
584.0,178.0,23.0,62.0
585.0,180.0,23.0,62.0
585.0,181.0,23.0,62.0
586.0,181.0,23.0,62.0
587.0,180.0,23.0,62.0
588.0,180.0,23.0,62.0
589.0,179.0,23.0,62.0
591.0,179.0,23.0,62.0
592.0,178.0,23.0,62.0
592.0,178.0,23.0,62.0
593.0,177.0,23.0,62.0
593.0,177.0,23.0,62.0
595.0,178.0,23.0,62.0
596.0,178.0,23.0,62.0
598.0,179.0,23.0,62.0
599.0,181.0,23.0,61.0
601.0,182.0,23.0,60.0
602.0,184.0,23.0,59.0
603.0,184.0,23.0,60.0
605.0,184.0,23.0,60.0
606.0,184.0,23.0,61.0
607.0,185.0,23.0,60.0
609.0,186.0,23.0,59.0
610.0,187.0,23.0,58.0
611.0,187.0,23.0,58.0
612.0,188.0,23.0,58.0
613.0,188.0,23.0,58.0
615.0,188.0,23.0,58.0
617.0,187.0,23.0,58.0
619.0,187.0,23.0,58.0
620.0,189.0,23.0,58.0
620.0,192.0,23.0,58.0
621.0,194.0,23.0,58.0
622.0,194.0,23.0,60.0
623.0,193.0,23.0,62.0
624.0,193.0,23.0,64.0
626.0,193.0,23.0,64.0
627.0,194.0,23.0,64.0
629.0,194.0,23.0,64.0
631.0,194.0,23.0,64.0
632.0,194.0,23.0,64.0
634.0,194.0,23.0,64.0
635.0,196.0,23.0,63.0
637.0,197.0,23.0,62.0
638.0,199.0,23.0,61.0
639.0,200.0,23.0,60.0
641.0,200.0,23.0,60.0
642.0,201.0,23.0,59.0
643.0,202.0,23.0,59.0
645.0,203.0,23.0,59.0
646.0,204.0,23.0,59.0
647.0,205.0,23.0,59.0
648.0,206.0,23.0,59.0
649.0,207.0,23.0,59.0
651.0,208.0,23.0,59.0
653.0,209.0,23.0,59.0
655.0,210.0,23.0,59.0
656.0,210.0,23.0,59.0
657.0,210.0,23.0,59.0
658.0,210.0,23.0,59.0
660.0,211.0,23.0,59.0
663.0,213.0,23.0,59.0
665.0,214.0,23.0,59.0
666.0,214.0,23.0,59.0
668.0,215.0,23.0,59.0
669.0,215.0,23.0,59.0
670.0,216.0,23.0,59.0
671.0,217.0,23.0,59.0
672.0,218.0,23.0,59.0
673.0,219.0,23.0,59.0
675.0,221.0,23.0,59.0
676.0,222.0,23.0,59.0
678.0,223.0,23.0,59.0
679.0,223.0,23.0,59.0
681.0,224.0,23.0,59.0
682.0,226.0,23.0,56.0
684.0,229.0,23.0,54.0
685.0,231.0,23.0,51.0
687.0,230.0,23.0,54.0
689.0,230.0,23.0,56.0
691.0,229.0,23.0,59.0
694.0,230.0,22.0,59.0
696.0,232.0,22.0,59.0
699.0,233.0,21.0,59.0
700.0,233.0,21.0,60.0
701.0,233.0,21.0,61.0
702.0,233.0,21.0,62.0
705.0,234.0,21.0,62.0
707.0,234.0,21.0,62.0
710.0,235.0,21.0,62.0
712.0,236.0,21.0,62.0
714.0,238.0,21.0,62.0
716.0,239.0,21.0,62.0
718.0,240.0,21.0,62.0
719.0,242.0,21.0,62.0
721.0,243.0,21.0,62.0
723.0,243.0,21.0,62.0
725.0,242.0,21.0,62.0
727.0,242.0,21.0,62.0
728.0,243.0,22.0,62.0
728.0,244.0,23.0,62.0
729.0,245.0,24.0,62.0
728.0,246.0,24.0,62.0
726.0,246.0,24.0,62.0
725.0,247.0,24.0,62.0
719.0,247.0,24.0,62.0
714.0,248.0,24.0,62.0
708.0,248.0,24.0,62.0
699.0,248.0,26.0,63.0
691.0,248.0,27.0,63.0
682.0,248.0,29.0,64.0
674.0,248.0,29.0,64.0
667.0,248.0,29.0,64.0
659.0,248.0,29.0,64.0
653.0,248.0,27.0,64.0
646.0,248.0,26.0,64.0
640.0,248.0,24.0,64.0
634.0,248.0,24.0,64.0
627.0,248.0,24.0,64.0
621.0,248.0,24.0,64.0
616.0,249.0,24.0,64.0
612.0,251.0,24.0,64.0
607.0,252.0,24.0,64.0
604.0,252.0,24.0,64.0
602.0,252.0,24.0,64.0
599.0,252.0,24.0,64.0
597.0,252.0,24.0,64.0
595.0,252.0,24.0,64.0
593.0,252.0,24.0,64.0
593.0,253.0,25.0,63.0
593.0,254.0,27.0,62.0
593.0,255.0,28.0,61.0
595.0,255.0,28.0,61.0
596.0,255.0,28.0,61.0
598.0,255.0,28.0,61.0
600.0,255.0,28.0,61.0
601.0,256.0,28.0,61.0
603.0,256.0,28.0,61.0
605.0,258.0,28.0,60.0
606.0,259.0,28.0,60.0
608.0,261.0,28.0,59.0
610.0,261.0,28.0,59.0
612.0,261.0,28.0,59.0
614.0,261.0,28.0,59.0
615.0,261.0,28.0,59.0
617.0,262.0,28.0,59.0
618.0,262.0,28.0,59.0
621.0,262.0,27.0,62.0
623.0,262.0,27.0,64.0
626.0,262.0,26.0,67.0
628.0,262.0,25.0,67.0
629.0,261.0,24.0,67.0
631.0,261.0,23.0,67.0
633.0,261.0,23.0,67.0
635.0,261.0,23.0,67.0
637.0,261.0,23.0,67.0
639.0,261.0,23.0,67.0
640.0,262.0,23.0,67.0
642.0,262.0,23.0,67.0
644.0,262.0,23.0,67.0
646.0,263.0,24.0,67.0
648.0,263.0,24.0,67.0
650.0,263.0,24.0,67.0
651.0,263.0,24.0,67.0
653.0,263.0,24.0,67.0
655.0,262.0,25.0,67.0
656.0,262.0,25.0,67.0
658.0,261.0,26.0,67.0
659.0,260.0,26.0,67.0
661.0,260.0,26.0,67.0
662.0,259.0,26.0,67.0
664.0,259.0,26.0,67.0
666.0,259.0,26.0,67.0
668.0,259.0,26.0,67.0
669.0,259.0,26.0,67.0
671.0,259.0,26.0,67.0
672.0,259.0,26.0,67.0
673.0,261.0,26.0,66.0
675.0,262.0,26.0,64.0
676.0,264.0,26.0,63.0
678.0,264.0,26.0,63.0
680.0,264.0,26.0,63.0
682.0,264.0,26.0,63.0
683.0,264.0,26.0,63.0
685.0,264.0,26.0,63.0
686.0,264.0,26.0,63.0
684.0,263.0,26.0,63.0
683.0,263.0,26.0,63.0
681.0,262.0,26.0,63.0
677.0,262.0,26.0,63.0
673.0,262.0,26.0,63.0
669.0,262.0,26.0,63.0
662.0,262.0,26.0,63.0
656.0,262.0,26.0,63.0
649.0,262.0,26.0,63.0
641.0,262.0,26.0,63.0
632.0,263.0,26.0,63.0
624.0,263.0,26.0,63.0
616.0,263.0,26.0,63.0
608.0,262.0,26.0,63.0
600.0,262.0,26.0,63.0
590.0,263.0,26.0,63.0
581.0,265.0,26.0,63.0
571.0,266.0,26.0,63.0
564.0,265.0,26.0,65.0
556.0,265.0,26.0,68.0
549.0,264.0,26.0,70.0
543.0,264.0,26.0,67.0
537.0,265.0,26.0,65.0
531.0,265.0,26.0,62.0
527.0,265.0,26.0,62.0
523.0,266.0,26.0,62.0
519.0,266.0,26.0,62.0
516.0,266.0,26.0,62.0
513.0,267.0,26.0,62.0
510.0,267.0,26.0,62.0
509.0,267.0,26.0,64.0
507.0,268.0,26.0,66.0
506.0,268.0,26.0,68.0
506.0,268.0,26.0,70.0
505.0,267.0,26.0,72.0
505.0,267.0,26.0,74.0
506.0,266.0,26.0,74.0
508.0,265.0,26.0,74.0
509.0,264.0,26.0,74.0
510.0,265.0,26.0,72.0
511.0,265.0,26.0,70.0
512.0,266.0,26.0,68.0
513.0,266.0,26.0,67.0
515.0,265.0,26.0,65.0
516.0,265.0,26.0,64.0
518.0,265.0,26.0,65.0
520.0,265.0,26.0,67.0
522.0,265.0,26.0,68.0
524.0,265.0,26.0,68.0
526.0,265.0,26.0,68.0
528.0,265.0,26.0,68.0
530.0,264.0,26.0,68.0
531.0,264.0,26.0,68.0
533.0,263.0,26.0,68.0
535.0,262.0,26.0,68.0
538.0,262.0,26.0,68.0
540.0,261.0,26.0,68.0
542.0,260.0,26.0,68.0
543.0,260.0,26.0,68.0
545.0,259.0,26.0,68.0
547.0,259.0,26.0,68.0
548.0,258.0,26.0,68.0
550.0,258.0,26.0,68.0
551.0,258.0,26.0,68.0
553.0,258.0,26.0,68.0
554.0,258.0,26.0,68.0
555.0,258.0,26.0,68.0
557.0,258.0,26.0,68.0
558.0,258.0,26.0,68.0
560.0,257.0,26.0,68.0
561.0,257.0,26.0,68.0
563.0,256.0,26.0,68.0
564.0,255.0,26.0,69.0
566.0,253.0,26.0,71.0
567.0,252.0,26.0,72.0
568.0,252.0,26.0,71.0
568.0,251.0,26.0,69.0
569.0,251.0,26.0,68.0
571.0,250.0,26.0,66.0
572.0,250.0,26.0,65.0
574.0,249.0,26.0,63.0
576.0,250.0,26.0,63.0
578.0,250.0,26.0,63.0
580.0,251.0,26.0,63.0
581.0,250.0,26.0,65.0
582.0,249.0,26.0,68.0
583.0,248.0,26.0,70.0
585.0,247.0,26.0,72.0
587.0,246.0,26.0,75.0
589.0,245.0,26.0,77.0
591.0,244.0,26.0,76.0
592.0,243.0,26.0,75.0
594.0,242.0,26.0,74.0
597.0,241.0,26.0,74.0
599.0,239.0,26.0,74.0
602.0,238.0,26.0,74.0
603.0,238.0,26.0,71.0
605.0,239.0,26.0,69.0
606.0,239.0,26.0,66.0
607.0,238.0,26.0,67.0
609.0,238.0,26.0,69.0
610.0,237.0,26.0,70.0
611.0,237.0,26.0,70.0
613.0,237.0,26.0,70.0
614.0,237.0,26.0,70.0
616.0,236.0,26.0,70.0
617.0,234.0,26.0,70.0
619.0,233.0,26.0,70.0
620.0,232.0,26.0,71.0
621.0,231.0,26.0,73.0
622.0,230.0,26.0,74.0
622.0,230.0,26.0,73.0
622.0,229.0,26.0,71.0
622.0,229.0,26.0,70.0
622.0,228.0,26.0,70.0
623.0,227.0,26.0,70.0
623.0,226.0,26.0,70.0
622.0,226.0,26.0,69.0
622.0,226.0,26.0,67.0
621.0,226.0,26.0,66.0
622.0,226.0,25.0,67.0
622.0,226.0,24.0,69.0
623.0,226.0,23.0,70.0
622.0,226.0,23.0,70.0
621.0,226.0,23.0,70.0
620.0,226.0,23.0,70.0
618.0,226.0,23.0,70.0
616.0,225.0,23.0,69.0
614.0,225.0,23.0,69.0
612.0,224.0,23.0,68.0
610.0,223.0,23.0,67.0
608.0,222.0,23.0,66.0
606.0,222.0,23.0,66.0
603.0,222.0,23.0,66.0
601.0,222.0,23.0,66.0
598.0,221.0,23.0,66.0
594.0,221.0,23.0,66.0
591.0,220.0,23.0,66.0
587.0,220.0,24.0,66.0
582.0,220.0,26.0,66.0
578.0,220.0,27.0,66.0
575.0,220.0,27.0,66.0
573.0,219.0,27.0,66.0
570.0,219.0,27.0,66.0
568.0,218.0,27.0,66.0
565.0,218.0,27.0,66.0
563.0,217.0,27.0,66.0
562.0,217.0,27.0,66.0
560.0,216.0,27.0,66.0
559.0,216.0,27.0,66.0
557.0,216.0,27.0,66.0
555.0,215.0,27.0,66.0
553.0,215.0,27.0,66.0
552.0,215.0,27.0,66.0
551.0,216.0,27.0,66.0
550.0,216.0,27.0,66.0
549.0,216.0,27.0,66.0
547.0,216.0,27.0,67.0
546.0,216.0,27.0,67.0
545.0,216.0,27.0,67.0
545.0,217.0,27.0,67.0
544.0,217.0,27.0,67.0
543.0,216.0,27.0,69.0
543.0,215.0,27.0,70.0
542.0,214.0,27.0,72.0
542.0,214.0,27.0,72.0
541.0,214.0,27.0,72.0
541.0,214.0,27.0,72.0
541.0,214.0,27.0,71.0
541.0,214.0,27.0,69.0
541.0,214.0,27.0,68.0
542.0,214.0,27.0,69.0
543.0,214.0,27.0,70.0
544.0,214.0,27.0,71.0
545.0,215.0,27.0,71.0
545.0,215.0,27.0,71.0
546.0,216.0,27.0,71.0
547.0,216.0,27.0,71.0
549.0,216.0,27.0,71.0
550.0,216.0,27.0,71.0
551.0,216.0,27.0,71.0
552.0,216.0,27.0,71.0
553.0,216.0,27.0,71.0
553.0,216.0,27.0,71.0
553.0,216.0,27.0,71.0
553.0,216.0,27.0,71.0
555.0,217.0,27.0,69.0
557.0,217.0,27.0,68.0
559.0,218.0,27.0,66.0
560.0,218.0,27.0,66.0
560.0,218.0,27.0,66.0
561.0,218.0,27.0,66.0
562.0,218.0,27.0,68.0
562.0,218.0,27.0,70.0
563.0,218.0,27.0,72.0
565.0,218.0,27.0,72.0
567.0,218.0,27.0,72.0
569.0,218.0,27.0,72.0
570.0,218.0,27.0,72.0
571.0,219.0,27.0,72.0
572.0,219.0,27.0,72.0
574.0,219.0,27.0,73.0
576.0,220.0,27.0,75.0
578.0,220.0,27.0,76.0
578.0,220.0,27.0,76.0
579.0,220.0,27.0,76.0
579.0,220.0,27.0,76.0
581.0,221.0,27.0,75.0
582.0,221.0,27.0,73.0
584.0,222.0,27.0,72.0
585.0,222.0,27.0,72.0
586.0,223.0,27.0,72.0
587.0,223.0,27.0,72.0
587.0,224.0,27.0,72.0
587.0,225.0,27.0,72.0
587.0,226.0,27.0,72.0
587.0,226.0,27.0,72.0
587.0,226.0,27.0,72.0
587.0,226.0,27.0,72.0
587.0,227.0,27.0,72.0
588.0,228.0,27.0,72.0
588.0,229.0,27.0,72.0
589.0,230.0,27.0,72.0
590.0,231.0,27.0,72.0
591.0,232.0,27.0,72.0
592.0,231.0,27.0,72.0
593.0,231.0,27.0,72.0
594.0,230.0,27.0,72.0
595.0,231.0,27.0,72.0
596.0,232.0,27.0,72.0
597.0,233.0,27.0,72.0
598.0,233.0,27.0,72.0
600.0,234.0,27.0,72.0
601.0,234.0,27.0,72.0
602.0,234.0,27.0,72.0
602.0,234.0,27.0,72.0
603.0,234.0,27.0,72.0
603.0,234.0,27.0,72.0
603.0,234.0,27.0,72.0
603.0,234.0,27.0,72.0
603.0,235.0,27.0,72.0
603.0,235.0,27.0,72.0
603.0,236.0,27.0,72.0
603.0,236.0,27.0,72.0
603.0,236.0,27.0,72.0
603.0,236.0,27.0,72.0
605.0,236.0,27.0,72.0
607.0,236.0,27.0,72.0
609.0,236.0,27.0,72.0
611.0,236.0,27.0,74.0
612.0,236.0,27.0,75.0
614.0,236.0,27.0,77.0
615.0,236.0,27.0,78.0
616.0,236.0,27.0,80.0
617.0,236.0,27.0,81.0
618.0,235.0,26.0,81.0
619.0,235.0,24.0,81.0
620.0,234.0,23.0,81.0
621.0,233.0,23.0,81.0
623.0,233.0,23.0,81.0
624.0,232.0,23.0,81.0
624.0,232.0,23.0,79.0
624.0,232.0,23.0,76.0
624.0,232.0,23.0,74.0
623.0,233.0,24.0,74.0
622.0,233.0,25.0,74.0
621.0,234.0,26.0,74.0
619.0,234.0,26.0,74.0
618.0,234.0,26.0,74.0
616.0,234.0,26.0,74.0
614.0,235.0,26.0,74.0
612.0,235.0,26.0,74.0
610.0,236.0,26.0,74.0
608.0,236.0,26.0,74.0
606.0,237.0,26.0,74.0
604.0,237.0,26.0,74.0
601.0,237.0,26.0,76.0
599.0,238.0,26.0,77.0
596.0,238.0,26.0,79.0
593.0,238.0,27.0,79.0
591.0,239.0,27.0,79.0
588.0,239.0,28.0,79.0
586.0,240.0,28.0,76.0
583.0,241.0,28.0,74.0
581.0,242.0,28.0,71.0
578.0,242.0,28.0,71.0
575.0,243.0,28.0,71.0
572.0,243.0,28.0,71.0
571.0,243.0,28.0,71.0
569.0,242.0,28.0,71.0
568.0,242.0,28.0,71.0
568.0,242.0,29.0,74.0
568.0,242.0,31.0,78.0
568.0,242.0,32.0,81.0
568.0,242.0,32.0,81.0
568.0,242.0,32.0,81.0
568.0,242.0,32.0,81.0
570.0,244.0,32.0,81.0
573.0,245.0,32.0,81.0
575.0,247.0,32.0,81.0
577.0,247.0,32.0,81.0
580.0,248.0,32.0,81.0
582.0,248.0,32.0,81.0
584.0,249.0,32.0,81.0
586.0,251.0,32.0,81.0
588.0,252.0,32.0,81.0
589.0,252.0,32.0,81.0
591.0,251.0,32.0,81.0
592.0,251.0,32.0,81.0
594.0,252.0,32.0,81.0
596.0,252.0,32.0,81.0
598.0,253.0,32.0,81.0
599.0,254.0,29.0,81.0
601.0,254.0,26.0,81.0
602.0,255.0,23.0,81.0
604.0,256.0,23.0,80.0
606.0,257.0,23.0,80.0
608.0,258.0,23.0,79.0
609.0,259.0,23.0,79.0
611.0,261.0,23.0,79.0
612.0,262.0,23.0,79.0
613.0,262.0,23.0,79.0
615.0,263.0,23.0,79.0
616.0,263.0,23.0,79.0
616.0,264.0,24.0,79.0
617.0,265.0,25.0,79.0
617.0,266.0,26.0,79.0
615.0,267.0,26.0,79.0
614.0,267.0,26.0,79.0
612.0,268.0,26.0,79.0
610.0,269.0,27.0,79.0
609.0,271.0,29.0,79.0
607.0,272.0,30.0,79.0
605.0,273.0,29.0,79.0
603.0,273.0,29.0,79.0
601.0,274.0,28.0,79.0
599.0,275.0,28.0,79.0
596.0,276.0,28.0,79.0
594.0,277.0,28.0,79.0
592.0,278.0,28.0,79.0
591.0,278.0,28.0,79.0
589.0,279.0,28.0,79.0
587.0,280.0,28.0,79.0
584.0,280.0,28.0,79.0
582.0,281.0,28.0,79.0
581.0,282.0,28.0,79.0
579.0,282.0,28.0,79.0
578.0,283.0,28.0,79.0
576.0,283.0,28.0,80.0
574.0,283.0,28.0,82.0
572.0,283.0,28.0,83.0
572.0,284.0,28.0,83.0
571.0,285.0,28.0,83.0
571.0,286.0,28.0,83.0
570.0,287.0,28.0,83.0
568.0,287.0,28.0,83.0
567.0,288.0,28.0,83.0
567.0,288.0,28.0,83.0
567.0,288.0,28.0,83.0
567.0,288.0,28.0,83.0
566.0,288.0,28.0,83.0
564.0,289.0,28.0,83.0
563.0,289.0,28.0,83.0
561.0,289.0,28.0,84.0
560.0,288.0,28.0,85.0
558.0,288.0,28.0,86.0
556.0,288.0,28.0,86.0
555.0,289.0,28.0,86.0
553.0,289.0,28.0,86.0
552.0,289.0,29.0,86.0
550.0,288.0,29.0,86.0
549.0,288.0,30.0,86.0
547.0,288.0,30.0,86.0
545.0,288.0,30.0,86.0
543.0,288.0,30.0,86.0
542.0,288.0,30.0,86.0
540.0,288.0,30.0,86.0
539.0,288.0,30.0,86.0
537.0,287.0,30.0,86.0
535.0,286.0,30.0,86.0
533.0,285.0,30.0,86.0
531.0,285.0,30.0,86.0
530.0,285.0,30.0,86.0
528.0,285.0,30.0,86.0
527.0,284.0,30.0,86.0
526.0,283.0,30.0,86.0
525.0,282.0,30.0,86.0
524.0,282.0,30.0,86.0
523.0,281.0,30.0,86.0
522.0,281.0,30.0,86.0
521.0,280.0,29.0,86.0
519.0,279.0,29.0,87.0
518.0,278.0,28.0,87.0
517.0,277.0,29.0,87.0
516.0,276.0,30.0,87.0
515.0,275.0,31.0,87.0
514.0,274.0,31.0,87.0
513.0,273.0,32.0,87.0
512.0,272.0,32.0,87.0
512.0,271.0,32.0,86.0
513.0,270.0,32.0,85.0
513.0,269.0,32.0,84.0
513.0,268.0,32.0,84.0
513.0,266.0,32.0,84.0
513.0,265.0,32.0,84.0
513.0,264.0,32.0,84.0
514.0,262.0,32.0,84.0
514.0,261.0,32.0,84.0
515.0,260.0,32.0,84.0
515.0,259.0,32.0,84.0
516.0,258.0,32.0,84.0
517.0,256.0,32.0,84.0
518.0,255.0,32.0,84.0
519.0,253.0,32.0,84.0
520.0,251.0,32.0,84.0
521.0,250.0,32.0,84.0
522.0,248.0,32.0,84.0
523.0,246.0,32.0,84.0
523.0,245.0,32.0,84.0
524.0,243.0,32.0,84.0
524.0,241.0,32.0,84.0
524.0,240.0,32.0,84.0
524.0,238.0,32.0,84.0
525.0,238.0,32.0,84.0
525.0,237.0,32.0,84.0
526.0,237.0,32.0,84.0
527.0,236.0,32.0,84.0
527.0,234.0,32.0,84.0
528.0,233.0,32.0,84.0
528.0,232.0,32.0,84.0
528.0,231.0,32.0,84.0
528.0,230.0,32.0,84.0
528.0,229.0,32.0,84.0
528.0,227.0,32.0,84.0
528.0,226.0,32.0,84.0
527.0,225.0,33.0,84.0
526.0,223.0,33.0,84.0
525.0,222.0,34.0,84.0
525.0,221.0,33.0,84.0
524.0,220.0,33.0,84.0
524.0,219.0,32.0,84.0
524.0,218.0,32.0,84.0
523.0,217.0,32.0,84.0
523.0,216.0,32.0,84.0
522.0,215.0,32.0,84.0
521.0,213.0,33.0,84.0
520.0,212.0,33.0,84.0
519.0,210.0,33.0,84.0
519.0,209.0,33.0,84.0
518.0,207.0,33.0,84.0
517.0,205.0,34.0,85.0
515.0,202.0,35.0,87.0
514.0,200.0,36.0,88.0
514.0,198.0,36.0,88.0
514.0,197.0,36.0,88.0
514.0,195.0,36.0,88.0
514.0,194.0,36.0,88.0
514.0,194.0,36.0,88.0
514.0,193.0,36.0,88.0
514.0,191.0,36.0,91.0
513.0,190.0,36.0,94.0
513.0,188.0,36.0,97.0
513.0,187.0,36.0,97.0
512.0,187.0,36.0,97.0
512.0,186.0,36.0,97.0
511.0,186.0,36.0,97.0
510.0,187.0,36.0,97.0
509.0,187.0,36.0,97.0
509.0,187.0,36.0,97.0
509.0,187.0,36.0,97.0
509.0,187.0,36.0,97.0
509.0,186.0,36.0,97.0
509.0,184.0,36.0,97.0
509.0,183.0,36.0,97.0
509.0,183.0,36.0,97.0
509.0,183.0,36.0,97.0
509.0,183.0,36.0,97.0
507.0,183.0,36.0,97.0
506.0,183.0,36.0,97.0
504.0,183.0,36.0,97.0
504.0,183.0,36.0,97.0
504.0,183.0,36.0,97.0
504.0,183.0,36.0,97.0
504.0,182.0,36.0,97.0
504.0,180.0,36.0,97.0
504.0,179.0,36.0,97.0
504.0,179.0,36.0,96.0
504.0,179.0,36.0,94.0
504.0,179.0,36.0,93.0
502.0,179.0,38.0,93.0
501.0,178.0,39.0,94.0
499.0,178.0,41.0,94.0
499.0,178.0,41.0,94.0
499.0,178.0,41.0,94.0
499.0,178.0,41.0,94.0
498.0,177.0,41.0,94.0
497.0,176.0,41.0,94.0
496.0,175.0,41.0,94.0
496.0,175.0,41.0,94.0
496.0,175.0,41.0,94.0
496.0,175.0,41.0,94.0
495.0,175.0,41.0,94.0
493.0,176.0,41.0,94.0
492.0,176.0,41.0,94.0
491.0,176.0,41.0,94.0
490.0,176.0,41.0,94.0
489.0,176.0,41.0,94.0
487.0,177.0,41.0,94.0
484.0,177.0,41.0,94.0
482.0,178.0,41.0,94.0
480.0,177.0,44.0,94.0
478.0,177.0,46.0,94.0
476.0,176.0,49.0,94.0
475.0,176.0,47.0,94.0
474.0,176.0,46.0,94.0
473.0,176.0,44.0,94.0
472.0,177.0,44.0,94.0
471.0,177.0,44.0,94.0
470.0,178.0,44.0,94.0
468.0,178.0,44.0,99.0
467.0,179.0,44.0,104.0
465.0,179.0,44.0,109.0
464.0,181.0,44.0,109.0
463.0,182.0,44.0,109.0
462.0,184.0,44.0,109.0
462.0,184.0,44.0,109.0
461.0,185.0,44.0,109.0
461.0,185.0,44.0,109.0
459.0,185.0,44.0,109.0
458.0,186.0,44.0,109.0
456.0,186.0,44.0,109.0
456.0,186.0,44.0,109.0
455.0,186.0,44.0,109.0
455.0,186.0,44.0,109.0
454.0,186.0,44.0,109.0
452.0,186.0,44.0,109.0
451.0,186.0,44.0,109.0
450.0,186.0,44.0,109.0
449.0,185.0,44.0,109.0
448.0,185.0,44.0,109.0
447.0,185.0,44.0,109.0
445.0,185.0,44.0,109.0
444.0,185.0,44.0,109.0
442.0,186.0,44.0,109.0
439.0,186.0,44.0,109.0
437.0,187.0,44.0,109.0
435.0,188.0,44.0,109.0
432.0,188.0,44.0,109.0
430.0,189.0,44.0,109.0
426.0,189.0,50.0,109.0
423.0,189.0,55.0,109.0
419.0,189.0,61.0,109.0
417.0,189.0,58.0,109.0
415.0,189.0,54.0,109.0
413.0,189.0,51.0,109.0
411.0,188.0,49.0,109.0
410.0,187.0,46.0,109.0
408.0,186.0,44.0,109.0
404.0,185.0,47.0,110.0
400.0,185.0,50.0,111.0
396.0,184.0,53.0,112.0
395.0,183.0,53.0,113.0
393.0,182.0,52.0,114.0
392.0,181.0,52.0,115.0
390.0,181.0,52.0,117.0
389.0,180.0,52.0,120.0
387.0,180.0,52.0,122.0
387.0,181.0,52.0,122.0
387.0,182.0,52.0,122.0
387.0,183.0,52.0,122.0
387.0,183.0,52.0,122.0
387.0,183.0,52.0,122.0
387.0,183.0,52.0,122.0
389.0,184.0,52.0,122.0
391.0,185.0,52.0,122.0
393.0,186.0,52.0,122.0
394.0,185.0,52.0,122.0
395.0,185.0,52.0,122.0
396.0,184.0,52.0,122.0
395.0,182.0,52.0,122.0
393.0,180.0,52.0,122.0
392.0,178.0,52.0,122.0
390.0,176.0,52.0,122.0
387.0,175.0,52.0,122.0
385.0,173.0,52.0,122.0
382.0,173.0,52.0,122.0
379.0,174.0,52.0,122.0
376.0,174.0,52.0,122.0
371.0,174.0,52.0,122.0
365.0,173.0,52.0,122.0
360.0,173.0,52.0,122.0
355.0,172.0,52.0,122.0
351.0,172.0,52.0,122.0
346.0,171.0,52.0,122.0
341.0,171.0,52.0,122.0
335.0,170.0,52.0,122.0
330.0,170.0,52.0,122.0
325.0,168.0,52.0,122.0
320.0,167.0,52.0,122.0
315.0,165.0,52.0,122.0
312.0,165.0,52.0,122.0
308.0,166.0,52.0,122.0
305.0,166.0,52.0,122.0
300.0,161.0,52.0,126.0
295.0,157.0,52.0,131.0
290.0,152.0,52.0,135.0
286.0,150.0,55.0,136.0
283.0,148.0,58.0,137.0
279.0,146.0,61.0,138.0
281.0,144.0,61.0,138.0
283.0,143.0,61.0,138.0
285.0,141.0,61.0,138.0
292.0,141.0,61.0,137.0
298.0,140.0,61.0,137.0
305.0,140.0,61.0,136.0
316.0,138.0,61.0,136.0
326.0,136.0,61.0,136.0
337.0,134.0,61.0,136.0
350.0,132.0,61.0,136.0
363.0,129.0,61.0,136.0
376.0,127.0,61.0,136.0
390.0,121.0,61.0,136.0
405.0,116.0,61.0,136.0
419.0,110.0,61.0,136.0
436.0,104.0,61.0,136.0
452.0,97.0,61.0,136.0
469.0,91.0,61.0,136.0
485.0,88.0,61.0,138.0
502.0,85.0,61.0,139.0
518.0,82.0,61.0,141.0
530.0,81.0,61.0,141.0
542.0,80.0,61.0,141.0
554.0,79.0,61.0,141.0
562.0,79.0,61.0,141.0
570.0,78.0,61.0,141.0
578.0,78.0,61.0,141.0
583.0,76.0,61.0,141.0
589.0,75.0,61.0,141.0
594.0,73.0,61.0,141.0
598.0,72.0,61.0,141.0
602.0,72.0,61.0,141.0
606.0,71.0,61.0,141.0
605.0,71.0,61.0,141.0
605.0,71.0,61.0,141.0
604.0,71.0,61.0,141.0
604.0,69.0,61.0,141.0
603.0,66.0,61.0,141.0
603.0,64.0,61.0,141.0
603.0,64.0,61.0,141.0
603.0,64.0,61.0,141.0
603.0,64.0,61.0,141.0
602.0,63.0,61.0,141.0
600.0,61.0,61.0,141.0
599.0,60.0,61.0,141.0
598.0,60.0,61.0,141.0
597.0,59.0,61.0,141.0
596.0,59.0,61.0,141.0
595.0,59.0,61.0,141.0
593.0,58.0,61.0,141.0
592.0,58.0,61.0,141.0
591.0,57.0,61.0,141.0
590.0,57.0,61.0,141.0
589.0,56.0,61.0,141.0
588.0,55.0,63.0,145.0
588.0,55.0,64.0,150.0
587.0,54.0,66.0,154.0
587.0,54.0,66.0,154.0
587.0,54.0,66.0,154.0
587.0,54.0,66.0,154.0
587.0,54.0,66.0,154.0
587.0,54.0,66.0,154.0
587.0,54.0,66.0,154.0
588.0,55.0,66.0,154.0
588.0,56.0,66.0,154.0
589.0,57.0,66.0,154.0
591.0,58.0,65.0,152.0
592.0,60.0,63.0,151.0
594.0,61.0,62.0,149.0
597.0,61.0,61.0,149.0
600.0,62.0,59.0,149.0
603.0,62.0,58.0,149.0
606.0,62.0,58.0,149.0
609.0,62.0,58.0,149.0
612.0,62.0,58.0,149.0
619.0,61.0,55.0,149.0
625.0,61.0,51.0,149.0
632.0,60.0,48.0,149.0
633.0,60.0,49.0,149.0
635.0,60.0,51.0,149.0
636.0,60.0,52.0,149.0
637.0,61.0,55.0,149.0
638.0,62.0,58.0,149.0
639.0,63.0,61.0,149.0
643.0,63.0,61.0,149.0
646.0,64.0,61.0,149.0
650.0,64.0,61.0,149.0
654.0,64.0,61.0,149.0
659.0,64.0,61.0,149.0
663.0,64.0,61.0,149.0
667.0,63.0,61.0,149.0
672.0,63.0,61.0,149.0
676.0,62.0,61.0,149.0
680.0,61.0,61.0,149.0
683.0,59.0,61.0,149.0
687.0,58.0,61.0,149.0
688.0,57.0,61.0,149.0
688.0,55.0,61.0,149.0
689.0,54.0,61.0,149.0
689.0,54.0,61.0,149.0
688.0,54.0,61.0,149.0
688.0,54.0,61.0,149.0
685.0,55.0,61.0,149.0
681.0,55.0,61.0,149.0
678.0,56.0,61.0,149.0
675.0,56.0,61.0,145.0
671.0,57.0,61.0,141.0
668.0,57.0,61.0,137.0
665.0,57.0,61.0,134.0
661.0,57.0,61.0,132.0
658.0,57.0,61.0,129.0
650.0,55.0,61.0,129.0
642.0,52.0,60.0,129.0
634.0,50.0,60.0,129.0
627.0,48.0,60.0,133.0
621.0,45.0,60.0,138.0
614.0,43.0,60.0,142.0
610.0,43.0,57.0,142.0
605.0,42.0,55.0,142.0
601.0,42.0,52.0,142.0
596.0,42.0,52.0,142.0
592.0,42.0,52.0,142.0
587.0,42.0,52.0,142.0
586.0,42.0,51.0,142.0
584.0,42.0,51.0,142.0
583.0,42.0,50.0,142.0
583.0,39.0,50.0,142.0
584.0,37.0,50.0,142.0
584.0,34.0,50.0,142.0
587.0,33.0,49.0,142.0
589.0,31.0,47.0,142.0
592.0,30.0,46.0,142.0
595.0,27.0,46.0,142.0
599.0,25.0,46.0,142.0
602.0,22.0,46.0,142.0
605.0,22.0,48.0,142.0
607.0,22.0,50.0,142.0
610.0,22.0,52.0,142.0
615.0,24.0,52.0,142.0
619.0,25.0,52.0,142.0
624.0,27.0,52.0,142.0
629.0,27.0,52.0,142.0
635.0,27.0,52.0,142.0
640.0,27.0,52.0,142.0
643.0,26.0,52.0,142.0
645.0,24.0,52.0,142.0
648.0,23.0,52.0,142.0
651.0,20.0,52.0,142.0
653.0,18.0,52.0,142.0
656.0,15.0,52.0,142.0
653.0,14.0,52.0,142.0
651.0,12.0,52.0,142.0
648.0,11.0,52.0,142.0
643.0,11.0,52.0,144.0
639.0,11.0,52.0,147.0
634.0,11.0,52.0,149.0
626.0,11.0,52.0,149.0
619.0,12.0,52.0,149.0
611.0,12.0,52.0,149.0
603.0,12.0,50.0,149.0
596.0,12.0,49.0,149.0
588.0,12.0,47.0,149.0
579.0,11.0,47.0,149.0
571.0,9.0,47.0,149.0
562.0,8.0,47.0,149.0
552.0,7.0,47.0,149.0
541.0,6.0,47.0,149.0
531.0,5.0,47.0,149.0
524.0,5.0,47.0,149.0
518.0,5.0,47.0,149.0
511.0,5.0,47.0,149.0
504.0,5.0,47.0,149.0
498.0,5.0,47.0,149.0
491.0,5.0,47.0,149.0
488.0,6.0,47.0,149.0
485.0,6.0,47.0,149.0
482.0,7.0,47.0,149.0
482.0,8.0,47.0,149.0
483.0,8.0,47.0,149.0
483.0,9.0,47.0,149.0
486.0,9.0,47.0,149.0
490.0,9.0,47.0,149.0
493.0,9.0,47.0,149.0
497.0,7.0,47.0,149.0
502.0,4.0,47.0,149.0
506.0,2.0,47.0,149.0
511.0,2.0,47.0,147.0
516.0,2.0,47.0,144.0
521.0,2.0,47.0,142.0
524.0,2.0,47.0,142.0
526.0,1.0,47.0,142.0
529.0,1.0,47.0,142.0
533.0,1.0,47.0,142.0
536.0,1.0,47.0,142.0
540.0,1.0,47.0,142.0
543.0,1.0,48.0,145.0
546.0,1.0,48.0,147.0
549.0,1.0,49.0,150.0
552.0,1.0,49.0,150.0
556.0,1.0,49.0,150.0
559.0,1.0,49.0,150.0
559.0,1.0,49.0,150.0
560.0,1.0,49.0,150.0
560.0,1.0,49.0,150.0
555.0,1.0,49.0,147.0
551.0,1.0,49.0,145.0
546.0,1.0,49.0,142.0
541.0,1.0,49.0,142.0
537.0,1.0,49.0,142.0
532.0,1.0,49.0,142.0
524.0,1.0,51.0,142.0
517.0,1.0,52.0,142.0
509.0,1.0,54.0,142.0
501.0,1.0,51.0,142.0
492.0,1.0,47.0,142.0
484.0,1.0,44.0,142.0
476.0,1.0,44.0,142.0
469.0,1.0,44.0,142.0
461.0,1.0,44.0,142.0
452.0,1.0,44.0,147.0
444.0,1.0,44.0,152.0
435.0,1.0,44.0,157.0
428.0,1.0,44.0,154.0
422.0,1.0,44.0,151.0
415.0,1.0,44.0,148.0
408.0,1.0,46.0,148.0
401.0,1.0,49.0,148.0
394.0,1.0,51.0,148.0
391.0,1.0,51.0,148.0
387.0,1.0,51.0,148.0
384.0,1.0,51.0,148.0
382.0,1.0,51.0,148.0
381.0,1.0,51.0,148.0
379.0,1.0,51.0,148.0
381.0,1.0,51.0,148.0
383.0,1.0,51.0,148.0
385.0,1.0,51.0,148.0
388.0,1.0,51.0,148.0
392.0,1.0,51.0,148.0
395.0,1.0,51.0,148.0
396.0,1.0,51.0,148.0
398.0,1.0,51.0,148.0
399.0,1.0,51.0,148.0
402.0,1.0,51.0,145.0
404.0,1.0,51.0,141.0
407.0,1.0,51.0,138.0
410.0,1.0,51.0,136.0
413.0,1.0,51.0,135.0
416.0,1.0,51.0,133.0
419.0,1.0,52.0,133.0
422.0,1.0,53.0,133.0
425.0,1.0,54.0,133.0
428.0,1.0,54.0,133.0
431.0,1.0,54.0,133.0
434.0,1.0,54.0,133.0
436.0,1.0,52.0,138.0
439.0,2.0,49.0,142.0
441.0,2.0,47.0,147.0
444.0,2.0,47.0,147.0
448.0,1.0,47.0,147.0
451.0,1.0,47.0,147.0
454.0,1.0,47.0,144.0
457.0,1.0,47.0,142.0
460.0,1.0,47.0,139.0
461.0,1.0,47.0,139.0
461.0,1.0,47.0,139.0
462.0,1.0,47.0,139.0
463.0,1.0,47.0,139.0
464.0,1.0,47.0,139.0
465.0,1.0,47.0,139.0
465.0,1.0,47.0,141.0
465.0,1.0,47.0,143.0
465.0,1.0,47.0,145.0
462.0,1.0,47.0,148.0
460.0,1.0,47.0,151.0
457.0,1.0,47.0,154.0
455.0,1.0,47.0,154.0
454.0,1.0,47.0,154.0
452.0,1.0,47.0,154.0
450.0,1.0,47.0,157.0
447.0,1.0,47.0,159.0
445.0,1.0,47.0,162.0
441.0,1.0,47.0,160.0
438.0,1.0,47.0,158.0
434.0,1.0,47.0,156.0
430.0,1.0,47.0,156.0
427.0,1.0,47.0,156.0
423.0,1.0,47.0,156.0
420.0,2.0,48.0,155.0
416.0,4.0,50.0,153.0
413.0,5.0,51.0,152.0
411.0,6.0,51.0,153.0
410.0,6.0,50.0,155.0
408.0,7.0,50.0,156.0
408.0,8.0,50.0,156.0
408.0,10.0,50.0,156.0
408.0,11.0,50.0,156.0
409.0,12.0,50.0,156.0
411.0,14.0,50.0,156.0
412.0,15.0,50.0,156.0
413.0,15.0,50.0,156.0
415.0,15.0,50.0,156.0
416.0,15.0,50.0,156.0
418.0,14.0,50.0,156.0
419.0,14.0,50.0,156.0
421.0,13.0,50.0,156.0
422.0,13.0,50.0,156.0
424.0,14.0,50.0,156.0
425.0,14.0,50.0,156.0
426.0,15.0,50.0,156.0
427.0,16.0,50.0,156.0
428.0,17.0,50.0,156.0
429.0,17.0,50.0,157.0
430.0,18.0,50.0,158.0
431.0,18.0,50.0,159.0
429.0,20.0,52.0,159.0
427.0,21.0,54.0,159.0
425.0,23.0,56.0,159.0
422.0,23.0,56.0,162.0
418.0,24.0,56.0,164.0
415.0,24.0,56.0,167.0
412.0,24.0,56.0,167.0
408.0,24.0,56.0,167.0
405.0,24.0,56.0,167.0
400.0,25.0,56.0,164.0
394.0,26.0,56.0,161.0
389.0,27.0,56.0,158.0
384.0,28.0,56.0,158.0
380.0,28.0,56.0,158.0
375.0,29.0,56.0,158.0
371.0,31.0,56.0,158.0
366.0,34.0,56.0,158.0
362.0,36.0,56.0,158.0
358.0,38.0,56.0,160.0
353.0,39.0,56.0,163.0
349.0,41.0,56.0,165.0
346.0,42.0,56.0,167.0
343.0,43.0,56.0,169.0
340.0,44.0,56.0,171.0
340.0,46.0,56.0,169.0
340.0,49.0,56.0,167.0
340.0,51.0,56.0,165.0
340.0,49.0,56.0,167.0
339.0,48.0,56.0,168.0
339.0,46.0,56.0,170.0
339.0,46.0,56.0,167.0
339.0,46.0,56.0,165.0
339.0,46.0,56.0,162.0
341.0,46.0,56.0,160.0
343.0,46.0,56.0,158.0
345.0,46.0,56.0,156.0
347.0,46.0,56.0,158.0
348.0,46.0,56.0,160.0
350.0,46.0,56.0,162.0
352.0,46.0,56.0,163.0
353.0,45.0,56.0,164.0
355.0,45.0,56.0,165.0
357.0,45.0,56.0,165.0
360.0,46.0,56.0,165.0
362.0,46.0,56.0,165.0
364.0,46.0,56.0,166.0
366.0,46.0,56.0,166.0
368.0,46.0,56.0,167.0
371.0,44.0,56.0,167.0
374.0,41.0,56.0,167.0
377.0,39.0,56.0,167.0
379.0,38.0,56.0,164.0
381.0,38.0,56.0,162.0
383.0,37.0,56.0,159.0
385.0,36.0,56.0,158.0
386.0,36.0,56.0,156.0
388.0,35.0,56.0,155.0
391.0,34.0,56.0,156.0
393.0,34.0,56.0,157.0
396.0,33.0,56.0,158.0
399.0,33.0,56.0,158.0
402.0,32.0,56.0,158.0
405.0,32.0,56.0,158.0
408.0,32.0,56.0,159.0
410.0,31.0,56.0,161.0
413.0,31.0,56.0,162.0
416.0,30.0,54.0,162.0
418.0,29.0,53.0,162.0
421.0,28.0,51.0,162.0
423.0,27.0,51.0,162.0
426.0,25.0,51.0,162.0
428.0,24.0,51.0,162.0
430.0,23.0,51.0,160.0
431.0,22.0,51.0,159.0
433.0,21.0,51.0,157.0
434.0,20.0,53.0,155.0
435.0,18.0,55.0,154.0
436.0,17.0,57.0,152.0
437.0,17.0,57.0,152.0
437.0,16.0,57.0,152.0
438.0,16.0,57.0,152.0
440.0,16.0,56.0,154.0
442.0,15.0,55.0,157.0
444.0,15.0,54.0,159.0
444.0,15.0,54.0,159.0
444.0,15.0,54.0,159.0
444.0,15.0,54.0,159.0
445.0,14.0,54.0,161.0
447.0,12.0,54.0,164.0
448.0,11.0,54.0,166.0
449.0,10.0,54.0,166.0
451.0,8.0,53.0,166.0
452.0,7.0,53.0,166.0
453.0,6.0,53.0,163.0
453.0,4.0,53.0,159.0
454.0,3.0,53.0,156.0
456.0,2.0,53.0,154.0
459.0,2.0,53.0,153.0
461.0,1.0,53.0,151.0
463.0,1.0,53.0,151.0
464.0,1.0,53.0,151.0
466.0,1.0,53.0,151.0
468.0,1.0,53.0,151.0
470.0,1.0,53.0,151.0
472.0,1.0,53.0,151.0
474.0,1.0,53.0,151.0
477.0,1.0,53.0,151.0
479.0,1.0,53.0,151.0
481.0,1.0,52.0,153.0
484.0,1.0,52.0,156.0
486.0,1.0,51.0,158.0
488.0,1.0,51.0,158.0
491.0,1.0,51.0,158.0
493.0,1.0,51.0,158.0
495.0,1.0,51.0,155.0
497.0,1.0,51.0,151.0
499.0,1.0,51.0,148.0
501.0,1.0,51.0,143.0
503.0,1.0,51.0,138.0
505.0,1.0,51.0,133.0
507.0,1.0,51.0,133.0
508.0,1.0,51.0,133.0
510.0,1.0,51.0,133.0
509.0,1.0,53.0,133.0
507.0,1.0,55.0,133.0
506.0,1.0,57.0,133.0
505.0,1.0,57.0,133.0
504.0,1.0,57.0,133.0
503.0,1.0,57.0,133.0
501.0,1.0,57.0,133.0
499.0,1.0,57.0,133.0
497.0,1.0,57.0,133.0
495.0,1.0,57.0,133.0
492.0,1.0,57.0,133.0
490.0,1.0,57.0,133.0
486.0,1.0,57.0,131.0
481.0,1.0,57.0,128.0
477.0,1.0,57.0,126.0
473.0,1.0,57.0,123.0
468.0,1.0,57.0,120.0
464.0,1.0,57.0,117.0
457.0,1.0,57.0,119.0
451.0,1.0,57.0,120.0
444.0,1.0,57.0,122.0
436.0,1.0,57.0,124.0
429.0,1.0,57.0,126.0
421.0,1.0,57.0,128.0
415.0,1.0,57.0,129.0
408.0,1.0,57.0,129.0
402.0,1.0,57.0,130.0
396.0,1.0,57.0,130.0
390.0,1.0,57.0,129.0
384.0,1.0,57.0,129.0
381.0,1.0,57.0,129.0
379.0,1.0,57.0,129.0
376.0,1.0,57.0,129.0
375.0,1.0,59.0,126.0
374.0,1.0,60.0,123.0
373.0,1.0,62.0,120.0
374.0,1.0,62.0,116.0
375.0,1.0,62.0,113.0
376.0,1.0,62.0,109.0
379.0,1.0,62.0,109.0
381.0,1.0,62.0,109.0
384.0,1.0,62.0,109.0
385.0,1.0,62.0,110.0
387.0,1.0,62.0,110.0
388.0,1.0,62.0,111.0
390.0,1.0,62.0,112.0
392.0,1.0,62.0,112.0
394.0,1.0,62.0,113.0
395.0,1.0,62.0,113.0
397.0,1.0,62.0,113.0
398.0,1.0,62.0,113.0
400.0,1.0,62.0,113.0
403.0,1.0,62.0,113.0
405.0,1.0,62.0,113.0
406.0,1.0,62.0,108.0
408.0,1.0,62.0,104.0
409.0,1.0,62.0,99.0
411.0,1.0,62.0,98.0
412.0,1.0,62.0,97.0
414.0,1.0,62.0,96.0
416.0,1.0,62.0,98.0
419.0,1.0,62.0,100.0
421.0,1.0,62.0,102.0
422.0,1.0,62.0,103.0
423.0,1.0,62.0,105.0
424.0,1.0,62.0,106.0
425.0,1.0,62.0,106.0
425.0,1.0,62.0,107.0
426.0,1.0,62.0,107.0
428.0,1.0,62.0,107.0
429.0,1.0,62.0,107.0
431.0,1.0,62.0,107.0
432.0,1.0,62.0,107.0
432.0,1.0,62.0,107.0
433.0,1.0,62.0,107.0
434.0,1.0,61.0,104.0
434.0,1.0,59.0,101.0
435.0,1.0,58.0,98.0
435.0,1.0,58.0,98.0
435.0,1.0,58.0,98.0
435.0,1.0,58.0,98.0
436.0,1.0,58.0,98.0
437.0,1.0,58.0,98.0
438.0,1.0,58.0,98.0
438.0,1.0,58.0,98.0
438.0,1.0,58.0,98.0
438.0,1.0,58.0,98.0
438.0,1.0,60.0,98.0
438.0,1.0,61.0,98.0
438.0,1.0,63.0,98.0
438.0,1.0,63.0,101.0
438.0,1.0,63.0,105.0
438.0,1.0,63.0,108.0
438.0,1.0,62.0,108.0
438.0,1.0,61.0,108.0
438.0,1.0,60.0,108.0
438.0,1.0,60.0,105.0
437.0,1.0,61.0,101.0
437.0,1.0,61.0,98.0
437.0,1.0,61.0,98.0
438.0,1.0,61.0,98.0
438.0,1.0,61.0,98.0
438.0,1.0,62.0,101.0
438.0,1.0,62.0,105.0
438.0,1.0,63.0,108.0
438.0,1.0,63.0,111.0
437.0,1.0,63.0,113.0
437.0,1.0,63.0,116.0
439.0,1.0,63.0,118.0
440.0,1.0,63.0,120.0
442.0,1.0,63.0,122.0
443.0,1.0,63.0,122.0
444.0,1.0,63.0,122.0
445.0,1.0,63.0,122.0
445.0,1.0,63.0,122.0
446.0,1.0,63.0,122.0
446.0,1.0,63.0,122.0
446.0,1.0,63.0,122.0
446.0,1.0,63.0,122.0
446.0,1.0,63.0,122.0
447.0,1.0,63.0,122.0
449.0,1.0,63.0,122.0
450.0,1.0,63.0,122.0
450.0,1.0,63.0,127.0
450.0,1.0,63.0,132.0
450.0,1.0,63.0,137.0
450.0,1.0,63.0,141.0
451.0,1.0,63.0,146.0
451.0,1.0,63.0,150.0
451.0,1.0,63.0,153.0
452.0,1.0,63.0,156.0
452.0,1.0,63.0,159.0
452.0,1.0,63.0,161.0
452.0,1.0,63.0,163.0
452.0,1.0,63.0,165.0
452.0,1.0,63.0,165.0
453.0,1.0,63.0,165.0
453.0,1.0,63.0,165.0
453.0,1.0,63.0,165.0
454.0,1.0,63.0,165.0
454.0,1.0,63.0,165.0
454.0,1.0,63.0,168.0
454.0,1.0,63.0,171.0
454.0,1.0,63.0,174.0
455.0,1.0,63.0,177.0
455.0,1.0,63.0,181.0
456.0,1.0,63.0,184.0
458.0,1.0,63.0,187.0
459.0,1.0,63.0,190.0
461.0,1.0,63.0,193.0
462.0,2.0,63.0,195.0
464.0,4.0,63.0,198.0
465.0,5.0,63.0,200.0
467.0,6.0,63.0,200.0
470.0,6.0,63.0,200.0
472.0,7.0,63.0,200.0
474.0,7.0,63.0,200.0
477.0,7.0,63.0,200.0
479.0,7.0,63.0,200.0
480.0,8.0,63.0,200.0
482.0,8.0,63.0,200.0
483.0,9.0,63.0,200.0
484.0,10.0,63.0,200.0
484.0,11.0,63.0,200.0
485.0,12.0,63.0,200.0
487.0,14.0,63.0,200.0
490.0,15.0,63.0,200.0
492.0,17.0,63.0,200.0
494.0,19.0,63.0,202.0
497.0,22.0,63.0,203.0
499.0,24.0,63.0,205.0
501.0,26.0,63.0,205.0
502.0,29.0,63.0,205.0
504.0,31.0,63.0,205.0
506.0,31.0,63.0,205.0
509.0,32.0,63.0,205.0
511.0,32.0,63.0,205.0
513.0,33.0,63.0,203.0
514.0,33.0,63.0,200.0
516.0,34.0,63.0,198.0
518.0,34.0,63.0,198.0
521.0,35.0,63.0,198.0
523.0,35.0,63.0,198.0
525.0,36.0,63.0,198.0
528.0,37.0,63.0,198.0
530.0,38.0,63.0,198.0
533.0,41.0,63.0,198.0
535.0,43.0,63.0,198.0
538.0,46.0,63.0,198.0
542.0,51.0,63.0,198.0
545.0,55.0,63.0,198.0
549.0,60.0,63.0,198.0
553.0,61.0,63.0,198.0
557.0,62.0,63.0,198.0
561.0,63.0,63.0,198.0
565.0,63.0,63.0,198.0
568.0,63.0,63.0,198.0
572.0,63.0,63.0,198.0
575.0,65.0,63.0,198.0
579.0,66.0,63.0,198.0
582.0,68.0,63.0,198.0
585.0,69.0,65.0,196.0
587.0,71.0,66.0,193.0
590.0,72.0,68.0,191.0
593.0,74.0,68.0,191.0
596.0,76.0,68.0,191.0
599.0,78.0,68.0,191.0
598.0,80.0,68.0,193.0
596.0,81.0,68.0,195.0
595.0,83.0,68.0,197.0
591.0,86.0,68.0,197.0
586.0,90.0,68.0,197.0
582.0,93.0,68.0,197.0
575.0,94.0,68.0,203.0
569.0,94.0,68.0,209.0
562.0,95.0,68.0,215.0
553.0,97.0,68.0,215.0
543.0,99.0,68.0,215.0
534.0,101.0,68.0,215.0
524.0,102.0,68.0,215.0
515.0,102.0,68.0,215.0
505.0,103.0,68.0,215.0
493.0,104.0,70.0,212.0
482.0,105.0,73.0,210.0
470.0,106.0,75.0,207.0
461.0,108.0,75.0,206.0
451.0,110.0,75.0,204.0
442.0,112.0,75.0,203.0
434.0,115.0,75.0,203.0
425.0,117.0,75.0,203.0
417.0,120.0,75.0,203.0
412.0,122.0,75.0,206.0
408.0,123.0,75.0,208.0
403.0,125.0,75.0,211.0
401.0,127.0,75.0,213.0
398.0,130.0,75.0,215.0
396.0,132.0,75.0,217.0
396.0,132.0,75.0,217.0
396.0,132.0,75.0,217.0
396.0,132.0,75.0,217.0
398.0,130.0,75.0,217.0
400.0,127.0,75.0,217.0
402.0,125.0,75.0,217.0
404.0,125.0,75.0,217.0
405.0,124.0,75.0,217.0
407.0,124.0,75.0,217.0
410.0,124.0,75.0,212.0
412.0,124.0,75.0,208.0
415.0,124.0,75.0,203.0
416.0,123.0,75.0,205.0
417.0,122.0,75.0,206.0
418.0,121.0,75.0,208.0
418.0,122.0,75.0,209.0
418.0,123.0,75.0,210.0
418.0,124.0,75.0,211.0
417.0,124.0,75.0,214.0
415.0,125.0,75.0,217.0
414.0,125.0,75.0,220.0
410.0,125.0,75.0,220.0
405.0,124.0,75.0,220.0
401.0,124.0,75.0,220.0
393.0,123.0,75.0,220.0
386.0,123.0,75.0,220.0
378.0,122.0,75.0,220.0
370.0,122.0,75.0,215.0
362.0,121.0,75.0,209.0
354.0,121.0,75.0,204.0
344.0,122.0,75.0,205.0
334.0,122.0,75.0,207.0
324.0,123.0,75.0,208.0
314.0,125.0,77.0,210.0
305.0,128.0,79.0,213.0
295.0,130.0,81.0,215.0
285.0,131.0,81.0,219.0
275.0,132.0,81.0,222.0
265.0,133.0,81.0,226.0
258.0,133.0,81.0,228.0
250.0,132.0,81.0,229.0
243.0,132.0,81.0,231.0
238.0,131.0,81.0,231.0
233.0,131.0,81.0,231.0
228.0,130.0,81.0,231.0
228.0,128.0,81.0,227.0
228.0,125.0,81.0,224.0
228.0,123.0,81.0,220.0
229.0,121.0,81.0,215.0
229.0,118.0,81.0,210.0
230.0,116.0,81.0,205.0
234.0,114.0,81.0,205.0
238.0,113.0,81.0,205.0
242.0,111.0,81.0,205.0
246.0,109.0,81.0,205.0
249.0,108.0,81.0,205.0
253.0,106.0,81.0,205.0
258.0,105.0,82.0,211.0
263.0,103.0,82.0,218.0
268.0,102.0,83.0,224.0
271.0,99.0,85.0,225.0
274.0,96.0,86.0,225.0
277.0,93.0,88.0,226.0
280.0,89.0,87.0,225.0
283.0,86.0,86.0,224.0
286.0,82.0,85.0,223.0
289.0,80.0,85.0,217.0
291.0,77.0,85.0,211.0
294.0,75.0,85.0,205.0
298.0,73.0,85.0,204.0
301.0,70.0,85.0,202.0
305.0,68.0,85.0,201.0
308.0,67.0,83.0,204.0
312.0,65.0,82.0,208.0
315.0,64.0,80.0,211.0
319.0,64.0,80.0,211.0
322.0,63.0,80.0,211.0
326.0,63.0,80.0,211.0
330.0,64.0,80.0,211.0
334.0,65.0,80.0,211.0
338.0,66.0,80.0,211.0
343.0,65.0,80.0,211.0
348.0,63.0,80.0,211.0
353.0,62.0,80.0,211.0
356.0,60.0,80.0,211.0
360.0,57.0,80.0,211.0
363.0,55.0,80.0,211.0
366.0,54.0,80.0,210.0
369.0,53.0,80.0,208.0
372.0,52.0,80.0,207.0
376.0,51.0,80.0,206.0
379.0,51.0,80.0,204.0
383.0,50.0,80.0,203.0
386.0,51.0,80.0,203.0
390.0,51.0,80.0,203.0
393.0,52.0,80.0,203.0
396.0,53.0,80.0,203.0
398.0,54.0,80.0,203.0
401.0,55.0,80.0,203.0
403.0,55.0,80.0,207.0
405.0,55.0,80.0,210.0
407.0,55.0,80.0,214.0
409.0,54.0,80.0,214.0
412.0,53.0,80.0,214.0
414.0,52.0,80.0,214.0
418.0,52.0,80.0,214.0
421.0,51.0,80.0,214.0
425.0,51.0,80.0,214.0
428.0,51.0,78.0,210.0
432.0,50.0,75.0,207.0
435.0,50.0,73.0,203.0
438.0,50.0,73.0,203.0
441.0,51.0,73.0,203.0
444.0,51.0,73.0,203.0
447.0,53.0,73.0,203.0
449.0,54.0,73.0,203.0
452.0,56.0,73.0,203.0
455.0,56.0,71.0,207.0
459.0,57.0,69.0,210.0
462.0,57.0,67.0,214.0
465.0,58.0,67.0,214.0
468.0,60.0,67.0,214.0
471.0,61.0,67.0,214.0
474.0,61.0,67.0,214.0
476.0,62.0,67.0,214.0
479.0,62.0,67.0,214.0
480.0,61.0,68.0,212.0
482.0,61.0,69.0,211.0
483.0,60.0,70.0,209.0
485.0,60.0,72.0,204.0
488.0,61.0,73.0,200.0
490.0,61.0,75.0,195.0
492.0,61.0,75.0,198.0
494.0,62.0,75.0,201.0
496.0,62.0,75.0,204.0
498.0,63.0,75.0,208.0
501.0,65.0,75.0,211.0
503.0,66.0,75.0,215.0
503.0,69.0,75.0,215.0
504.0,73.0,75.0,215.0
504.0,76.0,75.0,215.0
502.0,77.0,75.0,217.0
499.0,77.0,75.0,219.0
497.0,78.0,75.0,221.0
493.0,79.0,73.0,221.0
490.0,81.0,72.0,221.0
486.0,82.0,70.0,221.0
479.0,83.0,70.0,221.0
472.0,84.0,70.0,221.0
465.0,85.0,70.0,221.0
461.0,87.0,70.0,216.0
456.0,88.0,70.0,212.0
452.0,90.0,70.0,207.0
445.0,93.0,73.0,208.0
438.0,96.0,75.0,210.0
431.0,99.0,78.0,211.0
427.0,101.0,78.0,214.0
423.0,103.0,78.0,216.0
419.0,105.0,78.0,219.0
417.0,108.0,78.0,222.0
414.0,112.0,78.0,224.0
412.0,115.0,78.0,227.0
412.0,116.0,78.0,227.0
412.0,118.0,78.0,227.0
412.0,119.0,78.0,227.0
412.0,117.0,78.0,227.0
413.0,114.0,78.0,227.0
413.0,112.0,78.0,227.0
414.0,110.0,78.0,227.0
415.0,109.0,78.0,227.0
416.0,107.0,78.0,227.0
417.0,106.0,78.0,223.0
417.0,104.0,78.0,218.0
418.0,103.0,78.0,214.0
419.0,103.0,78.0,214.0
420.0,104.0,78.0,214.0
421.0,104.0,78.0,214.0
422.0,105.0,78.0,216.0
424.0,105.0,78.0,219.0
425.0,106.0,78.0,221.0
427.0,106.0,78.0,225.0
428.0,106.0,78.0,230.0
430.0,106.0,78.0,234.0
431.0,106.0,78.0,234.0
432.0,106.0,78.0,234.0
433.0,106.0,78.0,234.0
433.0,104.0,78.0,234.0
432.0,101.0,78.0,234.0
432.0,99.0,78.0,234.0
432.0,99.0,80.0,226.0
432.0,99.0,83.0,219.0
432.0,99.0,85.0,211.0
433.0,99.0,85.0,211.0
434.0,99.0,85.0,211.0
435.0,99.0,85.0,211.0
438.0,100.0,83.0,213.0
441.0,101.0,81.0,214.0
444.0,102.0,79.0,216.0
444.0,102.0,80.0,221.0
444.0,102.0,80.0,225.0
444.0,102.0,81.0,230.0
447.0,103.0,80.0,231.0
449.0,105.0,78.0,232.0
452.0,106.0,77.0,233.0
454.0,105.0,77.0,233.0
455.0,103.0,77.0,233.0
457.0,102.0,77.0,233.0
457.0,102.0,77.0,232.0
457.0,102.0,77.0,231.0
457.0,102.0,77.0,230.0
456.0,101.0,81.0,225.0
455.0,101.0,84.0,221.0
454.0,100.0,88.0,216.0
454.0,101.0,88.0,216.0
455.0,101.0,88.0,216.0
455.0,102.0,88.0,216.0
457.0,103.0,88.0,216.0
459.0,105.0,88.0,216.0
461.0,106.0,88.0,216.0
460.0,108.0,88.0,223.0
459.0,109.0,88.0,229.0
458.0,111.0,88.0,236.0
458.0,112.0,88.0,236.0
458.0,112.0,88.0,236.0
458.0,113.0,88.0,236.0
459.0,113.0,88.0,236.0
461.0,114.0,88.0,236.0
462.0,114.0,88.0,236.0
462.0,114.0,88.0,231.0
462.0,114.0,88.0,225.0
462.0,114.0,88.0,220.0
463.0,116.0,88.0,220.0
463.0,117.0,88.0,220.0
464.0,119.0,88.0,220.0
465.0,121.0,88.0,223.0
466.0,123.0,88.0,226.0
467.0,125.0,88.0,229.0
468.0,128.0,87.0,231.0
470.0,130.0,86.0,233.0
471.0,133.0,85.0,235.0
472.0,135.0,84.0,237.0
473.0,136.0,82.0,240.0
474.0,138.0,81.0,242.0
474.0,137.0,81.0,243.0
474.0,135.0,81.0,244.0
474.0,134.0,81.0,245.0
474.0,134.0,81.0,240.0
474.0,134.0,81.0,235.0
474.0,134.0,81.0,230.0
474.0,134.0,81.0,227.0
474.0,134.0,81.0,223.0
474.0,134.0,81.0,220.0
474.0,137.0,81.0,220.0
475.0,139.0,81.0,220.0
475.0,142.0,81.0,220.0
476.0,144.0,83.0,224.0
476.0,146.0,86.0,229.0
477.0,148.0,88.0,233.0
477.0,150.0,88.0,236.0
477.0,152.0,88.0,239.0
477.0,154.0,88.0,242.0
478.0,155.0,88.0,242.0
478.0,157.0,88.0,242.0
479.0,158.0,88.0,242.0
479.0,158.0,88.0,242.0
479.0,158.0,88.0,242.0
479.0,158.0,88.0,242.0
479.0,158.0,88.0,236.0
479.0,158.0,88.0,230.0
479.0,158.0,88.0,224.0
479.0,159.0,88.0,222.0
479.0,161.0,88.0,221.0
479.0,162.0,88.0,219.0
479.0,163.0,88.0,222.0
479.0,163.0,88.0,224.0
479.0,164.0,88.0,227.0
480.0,166.0,86.0,230.0
482.0,168.0,85.0,233.0
483.0,170.0,83.0,236.0
484.0,171.0,82.0,239.0
485.0,171.0,81.0,242.0
486.0,172.0,80.0,245.0
487.0,172.0,82.0,245.0
489.0,172.0,83.0,245.0
490.0,172.0,85.0,245.0
492.0,171.0,85.0,244.0
493.0,169.0,86.0,244.0
495.0,168.0,86.0,243.0
497.0,167.0,86.0,237.0
498.0,167.0,87.0,231.0
500.0,166.0,87.0,225.0
501.0,166.0,85.0,225.0
503.0,166.0,84.0,225.0
504.0,166.0,82.0,225.0
506.0,168.0,82.0,226.0
507.0,169.0,82.0,227.0
509.0,171.0,82.0,228.0
510.0,173.0,82.0,228.0
510.0,176.0,82.0,228.0
511.0,178.0,82.0,228.0
512.0,178.0,82.0,232.0
513.0,178.0,82.0,236.0
514.0,178.0,82.0,240.0
516.0,177.0,82.0,239.0
517.0,175.0,82.0,238.0
519.0,174.0,82.0,237.0
519.0,174.0,84.0,231.0
519.0,174.0,86.0,226.0
519.0,174.0,88.0,220.0
521.0,174.0,88.0,220.0
523.0,174.0,87.0,220.0
525.0,174.0,87.0,220.0
527.0,174.0,85.0,223.0
529.0,174.0,83.0,226.0
531.0,174.0,81.0,229.0
534.0,176.0,82.0,231.0
537.0,179.0,82.0,234.0
540.0,181.0,83.0,236.0
541.0,181.0,84.0,240.0
543.0,181.0,86.0,245.0
544.0,181.0,87.0,249.0
544.0,181.0,87.0,249.0
544.0,181.0,87.0,249.0
544.0,181.0,87.0,249.0
544.0,179.0,87.0,249.0
545.0,177.0,87.0,249.0
545.0,175.0,87.0,249.0
545.0,176.0,87.0,244.0
546.0,177.0,87.0,238.0
546.0,178.0,87.0,233.0
542.0,179.0,91.0,235.0
539.0,181.0,94.0,237.0
535.0,182.0,98.0,239.0
532.0,184.0,98.0,245.0
529.0,187.0,98.0,250.0
526.0,189.0,98.0,256.0
521.0,192.0,98.0,258.0
516.0,195.0,98.0,261.0
511.0,198.0,98.0,263.0
504.0,199.0,98.0,263.0
498.0,199.0,98.0,263.0
491.0,200.0,98.0,263.0
482.0,200.0,98.0,261.0
474.0,200.0,98.0,259.0
465.0,200.0,98.0,257.0
458.0,203.0,98.0,250.0
450.0,205.0,98.0,244.0
443.0,208.0,98.0,237.0
436.0,210.0,98.0,242.0
428.0,211.0,98.0,248.0
421.0,213.0,98.0,253.0
416.0,216.0,101.0,255.0
412.0,218.0,103.0,258.0
407.0,221.0,106.0,260.0
405.0,224.0,106.0,260.0
403.0,227.0,106.0,260.0
401.0,230.0,106.0,260.0
402.0,228.0,106.0,265.0
402.0,226.0,106.0,271.0
403.0,224.0,106.0,276.0
405.0,222.0,106.0,276.0
406.0,220.0,106.0,276.0
408.0,218.0,106.0,276.0
411.0,218.0,106.0,268.0
413.0,217.0,107.0,261.0
416.0,217.0,107.0,253.0
419.0,216.0,107.0,253.0
421.0,214.0,107.0,253.0
424.0,213.0,107.0,253.0
427.0,213.0,107.0,253.0
430.0,214.0,107.0,253.0
433.0,214.0,107.0,253.0
436.0,213.0,107.0,260.0
438.0,212.0,107.0,266.0
441.0,211.0,107.0,273.0
442.0,209.0,107.0,276.0
444.0,206.0,107.0,278.0
445.0,204.0,107.0,281.0
448.0,201.0,107.0,278.0
451.0,198.0,107.0,276.0
454.0,195.0,107.0,273.0
458.0,192.0,107.0,268.0
463.0,190.0,107.0,262.0
467.0,187.0,107.0,257.0
472.0,185.0,107.0,252.0
476.0,184.0,107.0,248.0
481.0,182.0,107.0,243.0
486.0,182.0,102.0,243.0
492.0,181.0,98.0,243.0
497.0,181.0,93.0,243.0
500.0,181.0,93.0,243.0
503.0,180.0,93.0,243.0
506.0,180.0,93.0,243.0
501.0,180.0,93.0,243.0
497.0,179.0,93.0,243.0
492.0,179.0,93.0,243.0
492.0,176.0,93.0,243.0
491.0,172.0,93.0,243.0
491.0,169.0,93.0,243.0
489.0,167.0,93.0,243.0
487.0,165.0,93.0,243.0
485.0,163.0,93.0,243.0
481.0,161.0,93.0,237.0
478.0,158.0,93.0,230.0
474.0,156.0,93.0,224.0
470.0,155.0,93.0,224.0
466.0,155.0,93.0,224.0
462.0,154.0,93.0,224.0
460.0,153.0,92.0,226.0
458.0,153.0,92.0,228.0
456.0,152.0,91.0,230.0
456.0,152.0,91.0,230.0
456.0,152.0,91.0,230.0
456.0,152.0,91.0,230.0
455.0,148.0,91.0,230.0
455.0,144.0,91.0,230.0
454.0,140.0,91.0,230.0
457.0,137.0,91.0,230.0
460.0,134.0,91.0,230.0
463.0,131.0,91.0,230.0
470.0,128.0,88.0,230.0
476.0,125.0,84.0,230.0
483.0,122.0,81.0,230.0
490.0,121.0,79.0,228.0
498.0,120.0,77.0,227.0
505.0,119.0,75.0,225.0
506.0,117.0,79.0,225.0
508.0,114.0,82.0,225.0
509.0,112.0,86.0,225.0
511.0,112.0,86.0,225.0
512.0,112.0,86.0,225.0
514.0,112.0,86.0,225.0
519.0,112.0,86.0,225.0
523.0,111.0,86.0,225.0
528.0,111.0,86.0,225.0
531.0,108.0,86.0,225.0
535.0,106.0,86.0,225.0
538.0,103.0,86.0,225.0
538.0,100.0,86.0,225.0
538.0,97.0,86.0,225.0
538.0,94.0,86.0,225.0
537.0,92.0,86.0,225.0
535.0,89.0,86.0,225.0
534.0,87.0,86.0,225.0
531.0,86.0,86.0,228.0
528.0,84.0,86.0,231.0
525.0,83.0,86.0,234.0
521.0,82.0,86.0,238.0
516.0,81.0,86.0,242.0
512.0,80.0,86.0,246.0
505.0,79.0,83.0,248.0
497.0,77.0,81.0,251.0
490.0,76.0,78.0,253.0
481.0,75.0,78.0,254.0
471.0,75.0,78.0,254.0
462.0,74.0,78.0,255.0
452.0,72.0,78.0,255.0
443.0,69.0,78.0,255.0
433.0,67.0,78.0,255.0
424.0,66.0,78.0,252.0
414.0,65.0,78.0,248.0
405.0,64.0,78.0,245.0
395.0,64.0,82.0,242.0
386.0,65.0,86.0,238.0
376.0,65.0,90.0,235.0
369.0,66.0,91.0,236.0
363.0,67.0,92.0,238.0
356.0,68.0,93.0,239.0
353.0,69.0,93.0,242.0
349.0,70.0,93.0,244.0
346.0,71.0,93.0,247.0
346.0,71.0,93.0,247.0
346.0,71.0,93.0,247.0
346.0,71.0,93.0,247.0
348.0,69.0,90.0,247.0
351.0,67.0,86.0,247.0
353.0,65.0,83.0,247.0
355.0,63.0,83.0,247.0
358.0,60.0,83.0,247.0
360.0,58.0,83.0,247.0
362.0,57.0,83.0,241.0
365.0,56.0,83.0,236.0
367.0,55.0,83.0,230.0
370.0,55.0,83.0,230.0
374.0,54.0,83.0,230.0
377.0,54.0,83.0,230.0
379.0,53.0,83.0,230.0
382.0,53.0,83.0,230.0
384.0,52.0,83.0,230.0
387.0,53.0,83.0,232.0
390.0,54.0,83.0,233.0
393.0,55.0,83.0,235.0
395.0,54.0,83.0,237.0
396.0,54.0,83.0,240.0
398.0,53.0,83.0,242.0
401.0,51.0,83.0,242.0
404.0,49.0,83.0,242.0
407.0,47.0,83.0,242.0
411.0,45.0,81.0,242.0
415.0,44.0,79.0,242.0
419.0,42.0,77.0,242.0
422.0,42.0,77.0,238.0
424.0,42.0,77.0,234.0
427.0,42.0,77.0,230.0
431.0,42.0,77.0,226.0
436.0,41.0,77.0,222.0
440.0,41.0,77.0,218.0
443.0,42.0,77.0,218.0
447.0,42.0,77.0,218.0
450.0,43.0,77.0,218.0
453.0,44.0,77.0,221.0
455.0,46.0,77.0,223.0
458.0,47.0,77.0,226.0
462.0,49.0,77.0,226.0
466.0,50.0,77.0,226.0
470.0,52.0,77.0,226.0
474.0,54.0,74.0,226.0
478.0,55.0,72.0,226.0
482.0,57.0,69.0,226.0
486.0,56.0,69.0,226.0
489.0,55.0,70.0,226.0
493.0,54.0,70.0,226.0
496.0,54.0,72.0,221.0
498.0,55.0,73.0,216.0
501.0,55.0,75.0,211.0
502.0,57.0,76.0,209.0
504.0,60.0,78.0,207.0
505.0,62.0,79.0,205.0
507.0,63.0,80.0,205.0
509.0,64.0,81.0,205.0
511.0,65.0,82.0,205.0
515.0,68.0,82.0,205.0
518.0,71.0,82.0,205.0
522.0,74.0,82.0,205.0
526.0,77.0,80.0,207.0
530.0,80.0,79.0,209.0
534.0,83.0,77.0,211.0
537.0,85.0,77.0,211.0
541.0,88.0,77.0,211.0
544.0,90.0,77.0,211.0
549.0,91.0,75.0,211.0
555.0,91.0,74.0,211.0
560.0,92.0,72.0,211.0
563.0,94.0,72.0,209.0
565.0,95.0,72.0,207.0
568.0,97.0,72.0,205.0
572.0,99.0,72.0,202.0
577.0,101.0,72.0,200.0
581.0,103.0,72.0,197.0
585.0,107.0,70.0,196.0
590.0,110.0,69.0,194.0
594.0,114.0,67.0,193.0
594.0,118.0,68.0,193.0
594.0,122.0,69.0,193.0
594.0,126.0,70.0,193.0
592.0,129.0,70.0,195.0
590.0,133.0,70.0,196.0
588.0,136.0,70.0,198.0
584.0,138.0,70.0,200.0
581.0,140.0,70.0,201.0
577.0,142.0,70.0,203.0
571.0,143.0,70.0,203.0
564.0,145.0,70.0,203.0
558.0,146.0,70.0,203.0
550.0,148.0,70.0,202.0
542.0,149.0,71.0,200.0
534.0,151.0,71.0,199.0
523.0,153.0,71.0,195.0
513.0,156.0,71.0,191.0
502.0,158.0,71.0,187.0
490.0,162.0,71.0,187.0
479.0,166.0,70.0,187.0
467.0,170.0,70.0,187.0
455.0,174.0,72.0,190.0
444.0,178.0,73.0,193.0
432.0,182.0,75.0,196.0
424.0,186.0,74.0,198.0
416.0,190.0,74.0,199.0
408.0,194.0,73.0,201.0
401.0,197.0,73.0,202.0
394.0,201.0,73.0,204.0
387.0,204.0,73.0,205.0
381.0,205.0,73.0,207.0
374.0,207.0,73.0,209.0
368.0,208.0,73.0,211.0
367.0,209.0,73.0,208.0
367.0,211.0,73.0,204.0
366.0,212.0,73.0,201.0
366.0,214.0,75.0,197.0
366.0,216.0,76.0,192.0
366.0,218.0,78.0,188.0
369.0,221.0,78.0,185.0
371.0,223.0,78.0,183.0
374.0,226.0,78.0,180.0
377.0,227.0,76.0,183.0
379.0,228.0,74.0,185.0
382.0,229.0,72.0,188.0
384.0,230.0,72.0,191.0
387.0,231.0,72.0,194.0
389.0,232.0,72.0,197.0
392.0,232.0,72.0,198.0
395.0,232.0,72.0,199.0
398.0,232.0,72.0,200.0
401.0,231.0,72.0,200.0
403.0,231.0,72.0,200.0
406.0,230.0,72.0,200.0
408.0,230.0,72.0,200.0
411.0,229.0,72.0,200.0
413.0,229.0,72.0,200.0
415.0,229.0,72.0,195.0
417.0,230.0,73.0,190.0
419.0,230.0,73.0,185.0
421.0,231.0,74.0,183.0
424.0,233.0,74.0,181.0
426.0,234.0,75.0,179.0
429.0,235.0,73.0,182.0
433.0,236.0,72.0,184.0
436.0,237.0,70.0,187.0
439.0,238.0,70.0,187.0
442.0,240.0,70.0,187.0
445.0,241.0,70.0,187.0
449.0,241.0,69.0,191.0
452.0,242.0,69.0,194.0
456.0,242.0,68.0,198.0
458.0,241.0,68.0,198.0
461.0,241.0,68.0,198.0
463.0,240.0,68.0,198.0
466.0,240.0,68.0,196.0
469.0,240.0,68.0,195.0
472.0,240.0,68.0,193.0
475.0,241.0,68.0,187.0
478.0,243.0,68.0,181.0
481.0,244.0,68.0,175.0
485.0,246.0,69.0,175.0
490.0,247.0,70.0,175.0
494.0,249.0,71.0,175.0
498.0,252.0,71.0,177.0
501.0,256.0,71.0,180.0
505.0,259.0,71.0,182.0
510.0,261.0,71.0,184.0
515.0,264.0,71.0,186.0
520.0,266.0,71.0,188.0
524.0,269.0,71.0,188.0
529.0,272.0,71.0,188.0
533.0,275.0,71.0,188.0
537.0,274.0,71.0,188.0
541.0,274.0,71.0,188.0
545.0,273.0,71.0,188.0
549.0,275.0,71.0,184.0
553.0,277.0,71.0,181.0
557.0,279.0,71.0,177.0
561.0,282.0,71.0,173.0
566.0,286.0,71.0,169.0
570.0,289.0,71.0,165.0
574.0,292.0,71.0,169.0
577.0,294.0,71.0,173.0
581.0,297.0,71.0,177.0
585.0,301.0,71.0,177.0
590.0,306.0,71.0,177.0
594.0,310.0,71.0,177.0
598.0,313.0,71.0,177.0
602.0,317.0,71.0,177.0
606.0,320.0,71.0,177.0
611.0,322.0,71.0,180.0
616.0,325.0,71.0,183.0
621.0,327.0,71.0,186.0
624.0,329.0,71.0,186.0
628.0,330.0,71.0,186.0
631.0,332.0,71.0,186.0
636.0,336.0,71.0,182.0
641.0,341.0,71.0,178.0
646.0,345.0,71.0,174.0
650.0,349.0,71.0,169.0
655.0,353.0,71.0,165.0
659.0,357.0,71.0,160.0
663.0,361.0,71.0,160.0
668.0,364.0,71.0,160.0
672.0,368.0,71.0,160.0
678.0,372.0,69.0,160.0
684.0,377.0,67.0,160.0
690.0,381.0,65.0,160.0
694.0,384.0,66.0,164.0
697.0,387.0,66.0,167.0
701.0,390.0,67.0,171.0
703.0,393.0,67.0,171.0
705.0,395.0,67.0,171.0
707.0,398.0,67.0,171.0
705.0,400.0,67.0,167.0
703.0,401.0,67.0,164.0
701.0,403.0,67.0,160.0
697.0,404.0,67.0,157.0
694.0,406.0,67.0,153.0
690.0,407.0,67.0,150.0
683.0,409.0,69.0,153.0
677.0,412.0,70.0,155.0
670.0,414.0,72.0,158.0
663.0,416.0,72.0,161.0
656.0,418.0,72.0,163.0
649.0,420.0,72.0,166.0
641.0,421.0,72.0,171.0
634.0,423.0,72.0,175.0
626.0,424.0,72.0,180.0
617.0,424.0,72.0,180.0
608.0,423.0,72.0,180.0
599.0,423.0,72.0,180.0
592.0,423.0,72.0,180.0
585.0,423.0,72.0,180.0
578.0,423.0,72.0,180.0
569.0,424.0,72.0,172.0
561.0,424.0,72.0,164.0
552.0,425.0,72.0,156.0
548.0,426.0,70.0,157.0
544.0,427.0,68.0,158.0
540.0,428.0,66.0,159.0
537.0,428.0,66.0,161.0
534.0,428.0,66.0,164.0
531.0,428.0,66.0,166.0
529.0,428.0,66.0,169.0
527.0,429.0,66.0,172.0
525.0,429.0,66.0,175.0
525.0,428.0,66.0,175.0
526.0,426.0,66.0,175.0
526.0,425.0,66.0,175.0
527.0,422.0,66.0,175.0
529.0,420.0,66.0,175.0
530.0,417.0,66.0,175.0
531.0,414.0,67.0,169.0
533.0,410.0,69.0,162.0
534.0,407.0,70.0,156.0
536.0,405.0,70.0,154.0
538.0,404.0,70.0,152.0
540.0,402.0,70.0,150.0
544.0,399.0,70.0,152.0
547.0,396.0,70.0,155.0
551.0,393.0,70.0,157.0
553.0,391.0,70.0,160.0
555.0,388.0,69.0,164.0
557.0,386.0,69.0,167.0
558.0,383.0,69.0,168.0
560.0,380.0,69.0,170.0
561.0,377.0,69.0,171.0
563.0,372.0,69.0,171.0
565.0,368.0,69.0,171.0
567.0,363.0,69.0,171.0
569.0,360.0,68.0,165.0
571.0,358.0,66.0,160.0
573.0,355.0,65.0,154.0
575.0,352.0,65.0,150.0
578.0,350.0,65.0,147.0
580.0,347.0,65.0,143.0
580.0,344.0,65.0,143.0
580.0,342.0,65.0,143.0
580.0,339.0,65.0,143.0
582.0,335.0,65.0,147.0
583.0,332.0,65.0,151.0
585.0,328.0,65.0,155.0
586.0,325.0,65.0,155.0
586.0,323.0,65.0,155.0
587.0,320.0,65.0,155.0
588.0,316.0,65.0,155.0
588.0,312.0,65.0,155.0
589.0,308.0,65.0,155.0
589.0,305.0,65.0,152.0
588.0,302.0,65.0,149.0
588.0,299.0,65.0,146.0
586.0,297.0,65.0,143.0
584.0,295.0,65.0,140.0
582.0,293.0,65.0,137.0
579.0,292.0,65.0,137.0
577.0,290.0,65.0,137.0
574.0,289.0,65.0,137.0
572.0,289.0,65.0,137.0
569.0,289.0,65.0,137.0
567.0,289.0,65.0,137.0
566.0,287.0,63.0,141.0
564.0,284.0,61.0,146.0
563.0,282.0,59.0,150.0
561.0,280.0,59.0,150.0
559.0,279.0,59.0,150.0
557.0,277.0,59.0,150.0
556.0,277.0,57.0,144.0
556.0,276.0,54.0,137.0
555.0,276.0,52.0,131.0
555.0,276.0,52.0,131.0
555.0,276.0,52.0,131.0
555.0,276.0,52.0,131.0
557.0,276.0,52.0,130.0
559.0,276.0,52.0,128.0
561.0,276.0,52.0,127.0
563.0,276.0,52.0,127.0
566.0,277.0,52.0,127.0
568.0,277.0,52.0,127.0
570.0,277.0,52.0,129.0
571.0,277.0,52.0,131.0
573.0,277.0,52.0,133.0
576.0,277.0,52.0,133.0
578.0,278.0,52.0,133.0
581.0,278.0,52.0,133.0
583.0,276.0,50.0,129.0
585.0,275.0,49.0,126.0
587.0,273.0,47.0,122.0
589.0,273.0,47.0,122.0
590.0,273.0,47.0,122.0
592.0,273.0,47.0,122.0
594.0,275.0,47.0,121.0
597.0,276.0,47.0,119.0
599.0,278.0,47.0,118.0
600.0,279.0,47.0,118.0
602.0,280.0,47.0,118.0
603.0,281.0,47.0,118.0
604.0,282.0,47.0,120.0
606.0,284.0,47.0,123.0
607.0,285.0,47.0,125.0
607.0,285.0,47.0,125.0
607.0,285.0,47.0,125.0
607.0,285.0,47.0,125.0
607.0,285.0,47.0,123.0
607.0,285.0,47.0,120.0
607.0,285.0,47.0,118.0
608.0,287.0,47.0,115.0
610.0,288.0,47.0,112.0
611.0,290.0,47.0,109.0
610.0,291.0,47.0,109.0
610.0,292.0,47.0,109.0
609.0,293.0,47.0,109.0
606.0,295.0,47.0,109.0
603.0,296.0,47.0,109.0
600.0,298.0,47.0,109.0
597.0,299.0,47.0,111.0
594.0,300.0,47.0,114.0
591.0,301.0,47.0,116.0
589.0,303.0,47.0,116.0
586.0,304.0,47.0,116.0
584.0,306.0,47.0,116.0
583.0,306.0,47.0,116.0
581.0,307.0,47.0,116.0
580.0,307.0,47.0,116.0
580.0,307.0,47.0,113.0
581.0,307.0,47.0,110.0
581.0,307.0,47.0,107.0
581.0,309.0,47.0,105.0
581.0,310.0,47.0,103.0
581.0,312.0,47.0,101.0
583.0,313.0,47.0,101.0
586.0,315.0,47.0,101.0
588.0,316.0,47.0,101.0
589.0,318.0,47.0,104.0
589.0,319.0,47.0,107.0
590.0,321.0,47.0,110.0
592.0,323.0,47.0,110.0
593.0,324.0,47.0,110.0
595.0,326.0,47.0,110.0
597.0,327.0,47.0,110.0
600.0,328.0,47.0,110.0
602.0,329.0,47.0,110.0
604.0,330.0,47.0,110.0
606.0,331.0,47.0,110.0
608.0,332.0,47.0,110.0
608.0,334.0,47.0,106.0
608.0,335.0,47.0,103.0
608.0,337.0,47.0,99.0
610.0,339.0,47.0,99.0
612.0,342.0,47.0,99.0
614.0,344.0,47.0,99.0
615.0,347.0,47.0,99.0
615.0,350.0,47.0,99.0
616.0,353.0,47.0,99.0
618.0,354.0,47.0,101.0
621.0,355.0,47.0,102.0
623.0,356.0,47.0,104.0
626.0,359.0,47.0,104.0
628.0,361.0,47.0,104.0
631.0,364.0,47.0,104.0
631.0,365.0,47.0,104.0
631.0,367.0,47.0,104.0
631.0,368.0,47.0,104.0
634.0,370.0,47.0,101.0
637.0,372.0,47.0,97.0
640.0,374.0,47.0,94.0
642.0,376.0,47.0,94.0
645.0,378.0,47.0,94.0
647.0,380.0,47.0,94.0
649.0,383.0,47.0,96.0
650.0,386.0,47.0,98.0
652.0,389.0,47.0,100.0
654.0,391.0,47.0,100.0
656.0,393.0,47.0,100.0
658.0,395.0,47.0,100.0
659.0,396.0,47.0,103.0
661.0,398.0,47.0,106.0
662.0,399.0,47.0,109.0
663.0,400.0,46.0,108.0
665.0,401.0,44.0,108.0
666.0,402.0,43.0,107.0
668.0,404.0,43.0,104.0
669.0,405.0,43.0,102.0
671.0,407.0,43.0,99.0
673.0,408.0,43.0,98.0
675.0,408.0,43.0,97.0
677.0,409.0,43.0,96.0
674.0,411.0,43.0,96.0
671.0,413.0,43.0,96.0
668.0,415.0,43.0,96.0
663.0,416.0,43.0,96.0
657.0,416.0,43.0,96.0
652.0,417.0,43.0,96.0
647.0,417.0,42.0,97.0
641.0,418.0,41.0,99.0
636.0,418.0,40.0,100.0
627.0,417.0,40.0,100.0
619.0,417.0,40.0,100.0
610.0,416.0,40.0,100.0
601.0,416.0,40.0,100.0
591.0,415.0,40.0,100.0
582.0,415.0,40.0,100.0
571.0,416.0,40.0,97.0
560.0,417.0,40.0,94.0
549.0,418.0,40.0,91.0
539.0,419.0,41.0,91.0
529.0,421.0,43.0,91.0
519.0,422.0,44.0,91.0
511.0,423.0,44.0,91.0
503.0,424.0,44.0,91.0
495.0,425.0,44.0,91.0
490.0,426.0,44.0,95.0
484.0,426.0,44.0,98.0
479.0,427.0,44.0,102.0
475.0,427.0,44.0,102.0
471.0,426.0,44.0,102.0
467.0,426.0,44.0,102.0
464.0,426.0,44.0,101.0
461.0,426.0,44.0,100.0
458.0,426.0,44.0,99.0
458.0,426.0,44.0,96.0
458.0,425.0,44.0,93.0
458.0,425.0,44.0,90.0
458.0,424.0,44.0,90.0
458.0,423.0,44.0,90.0
458.0,422.0,44.0,90.0
458.0,422.0,44.0,90.0
458.0,422.0,44.0,90.0
458.0,422.0,44.0,90.0
460.0,421.0,44.0,91.0
463.0,419.0,44.0,92.0
465.0,418.0,44.0,93.0
466.0,417.0,44.0,95.0
466.0,415.0,44.0,96.0
467.0,414.0,44.0,98.0
469.0,412.0,43.0,96.0
472.0,409.0,41.0,95.0
474.0,407.0,40.0,93.0
474.0,406.0,40.0,91.0
474.0,406.0,40.0,90.0
474.0,405.0,40.0,88.0
476.0,404.0,41.0,88.0
478.0,404.0,42.0,88.0
480.0,403.0,43.0,88.0
481.0,401.0,43.0,89.0
483.0,399.0,43.0,91.0
484.0,397.0,43.0,92.0
484.0,396.0,43.0,93.0
484.0,395.0,43.0,95.0
484.0,394.0,43.0,96.0
484.0,393.0,43.0,96.0
485.0,393.0,43.0,96.0
485.0,392.0,43.0,96.0
487.0,390.0,43.0,96.0
488.0,388.0,43.0,96.0
490.0,386.0,43.0,96.0
491.0,385.0,43.0,93.0
491.0,384.0,43.0,90.0
492.0,383.0,43.0,87.0
492.0,382.0,42.0,87.0
493.0,380.0,42.0,87.0
493.0,379.0,41.0,87.0
494.0,379.0,41.0,87.0
495.0,379.0,41.0,87.0
496.0,379.0,41.0,87.0
497.0,378.0,40.0,87.0
499.0,376.0,38.0,87.0
500.0,375.0,37.0,87.0
500.0,375.0,37.0,87.0
501.0,375.0,37.0,87.0
501.0,375.0,37.0,87.0
502.0,373.0,37.0,87.0
504.0,370.0,37.0,87.0
505.0,368.0,37.0,87.0
505.0,367.0,37.0,86.0
505.0,365.0,37.0,85.0
505.0,364.0,37.0,84.0
506.0,363.0,37.0,81.0
508.0,363.0,37.0,79.0
509.0,362.0,37.0,76.0
510.0,361.0,37.0,76.0
510.0,361.0,37.0,76.0
511.0,360.0,37.0,76.0
511.0,361.0,37.0,76.0
512.0,361.0,37.0,76.0
512.0,362.0,37.0,76.0
513.0,360.0,37.0,78.0
514.0,359.0,37.0,79.0
515.0,357.0,37.0,81.0
516.0,356.0,37.0,81.0
517.0,355.0,37.0,81.0
518.0,354.0,37.0,81.0
519.0,352.0,36.0,81.0
520.0,350.0,35.0,81.0
521.0,348.0,34.0,81.0
521.0,348.0,34.0,78.0
522.0,348.0,34.0,76.0
522.0,348.0,34.0,73.0
523.0,349.0,34.0,73.0
525.0,349.0,34.0,73.0
526.0,350.0,34.0,73.0
527.0,349.0,34.0,73.0
528.0,348.0,34.0,73.0
529.0,347.0,34.0,73.0
530.0,347.0,34.0,75.0
532.0,346.0,34.0,78.0
533.0,346.0,34.0,80.0
534.0,345.0,34.0,80.0
536.0,344.0,34.0,80.0
537.0,343.0,34.0,80.0
539.0,343.0,34.0,79.0
540.0,344.0,33.0,78.0
542.0,344.0,33.0,77.0
542.0,342.0,33.0,77.0
543.0,340.0,33.0,77.0
543.0,338.0,33.0,77.0
544.0,339.0,33.0,77.0
546.0,340.0,33.0,77.0
547.0,341.0,33.0,77.0
548.0,341.0,33.0,77.0
549.0,341.0,33.0,77.0
550.0,341.0,33.0,77.0
551.0,341.0,33.0,77.0
552.0,342.0,33.0,77.0
553.0,342.0,33.0,77.0
554.0,341.0,33.0,77.0
556.0,339.0,33.0,77.0
557.0,338.0,33.0,77.0
557.0,338.0,33.0,77.0
557.0,338.0,33.0,77.0
557.0,338.0,33.0,77.0
558.0,338.0,33.0,77.0
559.0,337.0,33.0,77.0
560.0,337.0,33.0,77.0
561.0,337.0,33.0,75.0
562.0,338.0,32.0,73.0
563.0,338.0,32.0,71.0
564.0,338.0,32.0,71.0
565.0,338.0,32.0,71.0
566.0,338.0,32.0,71.0
567.0,339.0,32.0,71.0
567.0,339.0,32.0,71.0
568.0,340.0,32.0,71.0
570.0,340.0,31.0,72.0
571.0,341.0,31.0,73.0
573.0,341.0,30.0,74.0
574.0,341.0,30.0,74.0
576.0,340.0,30.0,74.0
577.0,340.0,30.0,74.0
578.0,339.0,30.0,74.0
578.0,338.0,30.0,74.0
579.0,337.0,30.0,74.0
581.0,337.0,30.0,72.0
582.0,337.0,30.0,70.0
584.0,337.0,30.0,68.0
585.0,337.0,30.0,69.0
585.0,337.0,30.0,69.0
586.0,337.0,30.0,70.0
587.0,338.0,30.0,70.0
587.0,338.0,30.0,70.0
588.0,339.0,30.0,70.0
588.0,339.0,30.0,70.0
588.0,340.0,30.0,70.0
588.0,340.0,30.0,70.0
589.0,339.0,30.0,71.0
590.0,338.0,30.0,71.0
591.0,337.0,30.0,72.0
591.0,337.0,30.0,72.0
592.0,336.0,30.0,71.0
592.0,336.0,30.0,71.0
593.0,336.0,30.0,71.0
593.0,335.0,30.0,72.0
594.0,335.0,30.0,72.0
594.0,335.0,30.0,71.0
595.0,335.0,30.0,69.0
595.0,335.0,30.0,68.0
597.0,334.0,30.0,69.0
598.0,334.0,30.0,71.0
600.0,333.0,30.0,72.0
600.0,334.0,30.0,72.0
601.0,334.0,30.0,71.0
601.0,335.0,30.0,71.0
601.0,334.0,30.0,71.0
602.0,332.0,30.0,71.0
602.0,331.0,30.0,71.0
603.0,331.0,30.0,71.0
605.0,331.0,30.0,71.0
606.0,331.0,30.0,71.0
607.0,331.0,30.0,70.0
607.0,330.0,30.0,68.0
608.0,330.0,30.0,67.0
609.0,329.0,30.0,67.0
610.0,329.0,30.0,67.0
611.0,328.0,30.0,67.0
611.0,328.0,30.0,67.0
612.0,327.0,30.0,67.0
612.0,327.0,30.0,67.0
613.0,327.0,30.0,67.0
614.0,327.0,30.0,67.0
615.0,327.0,30.0,67.0
616.0,327.0,30.0,67.0
616.0,326.0,30.0,67.0
617.0,326.0,30.0,67.0
618.0,324.0,30.0,67.0
618.0,323.0,30.0,67.0
619.0,321.0,30.0,67.0
620.0,320.0,29.0,67.0
621.0,320.0,29.0,67.0
622.0,319.0,28.0,67.0
623.0,319.0,28.0,66.0
623.0,318.0,28.0,65.0
624.0,318.0,28.0,64.0
624.0,318.0,28.0,64.0
624.0,318.0,28.0,64.0
624.0,318.0,28.0,64.0
625.0,317.0,28.0,65.0
626.0,316.0,27.0,65.0
627.0,315.0,27.0,66.0
628.0,314.0,27.0,66.0
628.0,313.0,27.0,66.0
629.0,312.0,27.0,66.0
630.0,310.0,27.0,66.0
631.0,309.0,27.0,66.0
632.0,307.0,27.0,66.0
633.0,306.0,27.0,65.0
634.0,306.0,27.0,63.0
635.0,305.0,27.0,62.0
635.0,303.0,27.0,62.0
636.0,302.0,27.0,62.0
636.0,300.0,27.0,62.0
637.0,299.0,27.0,62.0
638.0,299.0,27.0,62.0
639.0,298.0,27.0,62.0
639.0,297.0,27.0,63.0
639.0,296.0,27.0,64.0
639.0,295.0,27.0,65.0
640.0,294.0,27.0,66.0
640.0,294.0,27.0,66.0
641.0,293.0,27.0,67.0
641.0,292.0,27.0,67.0
642.0,290.0,26.0,68.0
642.0,289.0,26.0,68.0
642.0,288.0,26.0,68.0
643.0,286.0,26.0,68.0
643.0,285.0,26.0,68.0
643.0,283.0,26.0,67.0
642.0,282.0,26.0,67.0
642.0,280.0,26.0,66.0
643.0,279.0,26.0,65.0
643.0,279.0,26.0,64.0
644.0,278.0,26.0,63.0
644.0,277.0,26.0,63.0
644.0,276.0,26.0,63.0
644.0,275.0,26.0,63.0
644.0,274.0,26.0,63.0
644.0,274.0,26.0,64.0
644.0,273.0,26.0,64.0
645.0,272.0,26.0,65.0
645.0,270.0,26.0,66.0
646.0,269.0,26.0,67.0
647.0,268.0,26.0,67.0
647.0,266.0,26.0,67.0
648.0,265.0,26.0,67.0
648.0,263.0,26.0,66.0
647.0,261.0,27.0,66.0
647.0,259.0,27.0,65.0
647.0,257.0,27.0,65.0
648.0,256.0,27.0,65.0
648.0,254.0,27.0,65.0
647.0,253.0,27.0,65.0
647.0,252.0,27.0,65.0
646.0,251.0,27.0,65.0
647.0,250.0,27.0,65.0
647.0,249.0,27.0,65.0
648.0,248.0,27.0,65.0
647.0,247.0,27.0,65.0
646.0,246.0,27.0,66.0
645.0,245.0,27.0,66.0
645.0,243.0,27.0,66.0
645.0,242.0,27.0,66.0
645.0,240.0,27.0,66.0
644.0,238.0,27.0,66.0
644.0,237.0,27.0,66.0
643.0,235.0,27.0,66.0
643.0,234.0,27.0,65.0
643.0,233.0,27.0,64.0
643.0,232.0,27.0,63.0
643.0,231.0,27.0,63.0
642.0,230.0,27.0,63.0
642.0,229.0,27.0,63.0
641.0,228.0,27.0,63.0
641.0,227.0,27.0,63.0
640.0,226.0,27.0,63.0
640.0,225.0,27.0,64.0
641.0,224.0,27.0,65.0
641.0,223.0,27.0,66.0
641.0,222.0,27.0,66.0
641.0,222.0,27.0,66.0
641.0,221.0,27.0,66.0
641.0,220.0,27.0,66.0
640.0,218.0,27.0,66.0
640.0,217.0,27.0,66.0
640.0,215.0,27.0,65.0
641.0,214.0,27.0,63.0
641.0,212.0,27.0,62.0
641.0,211.0,27.0,62.0
642.0,210.0,27.0,62.0
642.0,209.0,27.0,62.0
642.0,208.0,27.0,62.0
643.0,208.0,27.0,62.0
643.0,207.0,27.0,62.0
643.0,206.0,27.0,62.0
644.0,205.0,27.0,62.0
644.0,204.0,27.0,62.0
644.0,204.0,27.0,62.0
645.0,203.0,26.0,62.0
645.0,203.0,26.0,62.0
646.0,202.0,26.0,63.0
646.0,200.0,25.0,63.0
647.0,199.0,25.0,64.0
647.0,198.0,25.0,65.0
647.0,196.0,25.0,66.0
647.0,195.0,25.0,67.0
