411.0,194.0,231.0,111.0
418.0,194.0,230.0,111.0
424.0,204.0,228.0,110.0
427.0,214.0,227.0,109.0
435.0,221.0,224.0,108.0
446.0,214.0,224.0,108.0
456.0,196.0,222.0,107.0
464.0,185.0,224.0,107.0
472.0,188.0,222.0,107.0
480.0,203.0,219.0,105.0
485.0,220.0,216.0,104.0
491.0,228.0,214.0,103.0
497.0,226.0,213.0,102.0
503.0,215.0,212.0,102.0
511.0,199.0,211.0,102.0
513.0,196.0,210.0,101.0
512.0,207.0,209.0,100.0
511.0,217.0,207.0,99.0
513.0,226.0,206.0,99.0
514.0,228.0,204.0,98.0
511.0,224.0,203.0,97.0
506.0,223.0,202.0,97.0
506.0,224.0,201.0,96.0
509.0,217.0,200.0,96.0
512.0,209.0,199.0,96.0
512.0,216.0,198.0,95.0
506.0,225.0,197.0,95.0
505.0,230.0,196.0,94.0
504.0,227.0,195.0,94.0
499.0,219.0,195.0,94.0
493.0,217.0,195.0,94.0
489.0,222.0,194.0,93.0
487.0,227.0,194.0,93.0
487.0,228.0,193.0,93.0
483.0,223.0,193.0,93.0
478.0,218.0,193.0,93.0
473.0,223.0,193.0,93.0
469.0,231.0,193.0,93.0
466.0,232.0,193.0,93.0
465.0,226.0,192.0,92.0
464.0,218.0,193.0,93.0
462.0,218.0,193.0,93.0
461.0,224.0,193.0,93.0
457.0,227.0,193.0,93.0
457.0,228.0,193.0,93.0
456.0,231.0,193.0,93.0
454.0,233.0,192.0,92.0
453.0,233.0,193.0,93.0
452.0,235.0,193.0,93.0
453.0,236.0,193.0,93.0
453.0,238.0,193.0,93.0
452.0,240.0,193.0,93.0
449.0,243.0,193.0,93.0
446.0,247.0,193.0,93.0
443.0,256.0,193.0,93.0
441.0,256.0,193.0,93.0
438.0,251.0,194.0,93.0
430.0,228.0,194.0,93.0
421.0,194.0,196.0,94.0
413.0,184.0,196.0,94.0
411.0,201.0,196.0,94.0
411.0,217.0,194.0,93.0
413.0,223.0,194.0,93.0
417.0,222.0,193.0,93.0
423.0,216.0,192.0,92.0
429.0,213.0,192.0,92.0
434.0,223.0,191.0,92.0
437.0,251.0,190.0,91.0
440.0,277.0,188.0,90.0
443.0,276.0,188.0,90.0
444.0,262.0,187.0,90.0
446.0,253.0,187.0,90.0
447.0,247.0,187.0,90.0
444.0,245.0,187.0,90.0
438.0,252.0,187.0,90.0
439.0,256.0,186.0,90.0
441.0,256.0,186.0,90.0
445.0,257.0,186.0,89.0
451.0,261.0,185.0,89.0
456.0,269.0,185.0,89.0
462.0,271.0,184.0,89.0
468.0,258.0,184.0,88.0
471.0,245.0,184.0,88.0
474.0,238.0,183.0,88.0
473.0,232.0,183.0,88.0
477.0,234.0,183.0,88.0
473.0,248.0,182.0,88.0
474.0,269.0,182.0,87.0
476.0,279.0,181.0,87.0
481.0,274.0,180.0,87.0
490.0,266.0,180.0,86.0
496.0,258.0,179.0,86.0
500.0,258.0,179.0,86.0
503.0,262.0,177.0,85.0
508.0,259.0,177.0,85.0
514.0,252.0,176.0,85.0
525.0,254.0,176.0,85.0
535.0,255.0,175.0,84.0
543.0,247.0,175.0,84.0
553.0,239.0,174.0,83.0
565.0,236.0,173.0,83.0
568.0,239.0,172.0,83.0
575.0,245.0,171.0,82.0
586.0,248.0,171.0,82.0
597.0,243.0,171.0,82.0
598.0,243.0,169.0,81.0
599.0,245.0,169.0,81.0
606.0,245.0,168.0,81.0
616.0,243.0,166.0,80.0
619.0,230.0,164.0,79.0
608.0,225.0,164.0,79.0
601.0,229.0,163.0,78.0
595.0,225.0,163.0,78.0
595.0,222.0,163.0,78.0
603.0,226.0,162.0,78.0
601.0,220.0,162.0,78.0
601.0,215.0,163.0,78.0
599.0,211.0,163.0,78.0
595.0,211.0,163.0,78.0
593.0,206.0,163.0,78.0
594.0,178.0,163.0,78.0
596.0,159.0,164.0,79.0
596.0,142.0,164.0,79.0
588.0,115.0,165.0,79.0
580.0,106.0,166.0,80.0
576.0,114.0,165.0,79.0
572.0,131.0,163.0,78.0
564.0,151.0,160.0,77.0
556.0,167.0,157.0,76.0
548.0,187.0,154.0,74.0
543.0,206.0,152.0,73.0
537.0,216.0,149.0,72.0
530.0,219.0,149.0,72.0
521.0,221.0,146.0,70.0
511.0,209.0,145.0,70.0
505.0,187.0,142.0,68.0
503.0,175.0,140.0,67.0
507.0,171.0,137.0,66.0
501.0,170.0,133.0,64.0
499.0,200.0,129.0,62.0
498.0,234.0,125.0,60.0
496.0,232.0,127.0,61.0
498.0,209.0,124.0,60.0
497.0,185.0,126.0,61.0
494.0,176.0,130.0,62.0
492.0,188.0,130.0,62.0
490.0,211.0,127.0,61.0
491.0,220.0,126.0,61.0
495.0,222.0,127.0,61.0
496.0,215.0,130.0,62.0
495.0,213.0,131.0,63.0
506.0,218.0,120.0,67.0
503.0,232.0,128.0,57.0
509.0,230.0,128.0,57.0
520.0,225.0,124.0,53.0
511.0,219.0,141.0,63.0
518.0,215.0,127.0,65.0
515.0,218.0,133.0,66.0
530.0,212.0,119.0,60.0
530.0,205.0,121.0,63.0
531.0,201.0,124.0,58.0
532.0,202.0,124.0,62.0
537.0,206.0,122.0,60.0
543.0,204.0,117.0,57.0
552.0,202.0,111.0,52.0
541.0,204.0,119.0,54.0
546.0,212.0,114.0,59.0
542.0,232.0,119.0,52.0
536.0,250.0,117.0,53.0
536.0,264.0,116.0,53.0
531.0,262.0,117.0,53.0
530.0,254.0,117.0,53.0
527.0,248.0,118.0,54.0
527.0,249.0,119.0,54.0
523.0,255.0,119.0,54.0
521.0,263.0,118.0,53.0
518.0,267.0,119.0,54.0
515.0,268.0,121.0,55.0
521.0,264.0,121.0,55.0
527.0,265.0,121.0,55.0
532.0,265.0,121.0,55.0
534.0,259.0,123.0,56.0
534.0,253.0,123.0,55.0
536.0,248.0,124.0,56.0
538.0,246.0,125.0,57.0
542.0,246.0,125.0,57.0
546.0,242.0,126.0,57.0
548.0,230.0,127.0,58.0
551.0,220.0,129.0,58.0
558.0,223.0,129.0,59.0
565.0,232.0,130.0,59.0
573.0,227.0,130.0,59.0
579.0,219.0,132.0,60.0
587.0,211.0,132.0,60.0
597.0,205.0,133.0,60.0
606.0,210.0,133.0,60.0
613.0,208.0,133.0,60.0
619.0,194.0,134.0,61.0
624.0,175.0,135.0,61.0
628.0,180.0,136.0,62.0
633.0,199.0,136.0,62.0
638.0,213.0,137.0,62.0
641.0,219.0,137.0,62.0
645.0,220.0,136.0,62.0
649.0,224.0,137.0,62.0
648.0,223.0,138.0,63.0
646.0,223.0,138.0,63.0
645.0,233.0,138.0,63.0
648.0,239.0,138.0,63.0
651.0,237.0,139.0,63.0
651.0,237.0,140.0,63.0
650.0,239.0,141.0,64.0
648.0,237.0,142.0,64.0
646.0,240.0,143.0,65.0
644.0,248.0,143.0,65.0
643.0,255.0,142.0,64.0
641.0,256.0,144.0,65.0
636.0,255.0,145.0,66.0
628.0,259.0,146.0,66.0
622.0,264.0,147.0,67.0
613.0,263.0,147.0,67.0
605.0,260.0,148.0,67.0
592.0,259.0,149.0,67.0
578.0,259.0,150.0,68.0
569.0,261.0,150.0,68.0
561.0,268.0,152.0,69.0
551.0,276.0,152.0,69.0
538.0,289.0,154.0,70.0
524.0,300.0,156.0,71.0
516.0,302.0,157.0,71.0
506.0,299.0,159.0,72.0
493.0,301.0,162.0,73.0
482.0,298.0,162.0,74.0
472.0,287.0,165.0,75.0
460.0,267.0,168.0,76.0
446.0,235.0,171.0,77.0
434.0,221.0,172.0,78.0
429.0,244.0,173.0,79.0
427.0,263.0,175.0,79.0
424.0,255.0,176.0,80.0
421.0,247.0,177.0,80.0
419.0,248.0,178.0,81.0
422.0,256.0,178.0,80.0
424.0,255.0,178.0,81.0
428.0,250.0,179.0,81.0
436.0,244.0,180.0,82.0
454.0,245.0,179.0,81.0
472.0,243.0,180.0,82.0
484.0,240.0,182.0,82.0
497.0,239.0,183.0,83.0
511.0,233.0,183.0,83.0
527.0,227.0,182.0,82.0
548.0,224.0,182.0,83.0
570.0,225.0,183.0,83.0
594.0,224.0,184.0,83.0
615.0,220.0,185.0,84.0
637.0,215.0,184.0,83.0
660.0,214.0,184.0,83.0
679.0,219.0,179.0,81.0
699.0,228.0,179.0,81.0
716.0,233.0,177.0,80.0
727.0,237.0,175.0,79.0
737.0,241.0,173.0,78.0
749.0,246.0,176.0,80.0
758.0,260.0,163.0,74.0
756.0,253.0,164.0,74.0
755.0,257.0,169.0,77.0
755.0,260.0,181.0,82.0
730.0,264.0,218.0,92.0
729.0,264.0,220.0,93.0
721.0,261.0,223.0,94.0
699.0,267.0,227.0,96.0
681.0,287.0,227.0,96.0
668.0,300.0,226.0,95.0
657.0,303.0,226.0,95.0
646.0,295.0,226.0,95.0
628.0,285.0,225.0,95.0
604.0,281.0,223.0,94.0
582.0,279.0,222.0,94.0
569.0,273.0,222.0,94.0
562.0,266.0,220.0,93.0
549.0,260.0,219.0,93.0
525.0,263.0,217.0,92.0
495.0,264.0,215.0,91.0
467.0,260.0,218.0,92.0
440.0,254.0,219.0,92.0
407.0,249.0,223.0,94.0
409.0,251.0,195.0,84.0
385.0,256.0,195.0,84.0
358.0,259.0,197.0,85.0
334.0,266.0,199.0,86.0
318.0,286.0,192.0,83.0
302.0,304.0,190.0,82.0
286.0,300.0,189.0,82.0
270.0,286.0,187.0,80.0
253.0,279.0,187.0,81.0
241.0,286.0,187.0,81.0
237.0,293.0,186.0,80.0
231.0,292.0,186.0,80.0
223.0,284.0,187.0,80.0
223.0,274.0,186.0,80.0
228.0,265.0,185.0,80.0
236.0,255.0,184.0,79.0
244.0,257.0,184.0,79.0
258.0,268.0,183.0,79.0
276.0,272.0,182.0,78.0
285.0,269.0,182.0,78.0
298.0,253.0,181.0,78.0
314.0,226.0,179.0,77.0
333.0,209.0,180.0,78.0
352.0,223.0,181.0,78.0
374.0,250.0,176.0,76.0
394.0,257.0,176.0,76.0
411.0,258.0,176.0,76.0
435.0,254.0,174.0,75.0
456.0,255.0,180.0,77.0
473.0,274.0,180.0,78.0
489.0,289.0,181.0,78.0
505.0,293.0,180.0,77.0
519.0,293.0,178.0,77.0
530.0,300.0,179.0,77.0
540.0,308.0,177.0,76.0
548.0,311.0,177.0,76.0
554.0,305.0,179.0,77.0
556.0,296.0,178.0,77.0
557.0,295.0,178.0,77.0
555.0,295.0,175.0,75.0
549.0,291.0,175.0,75.0
542.0,289.0,175.0,75.0
535.0,285.0,176.0,76.0
528.0,284.0,176.0,76.0
522.0,284.0,176.0,76.0
516.0,280.0,176.0,76.0
510.0,273.0,176.0,76.0
502.0,266.0,176.0,76.0
494.0,266.0,177.0,76.0
486.0,266.0,177.0,76.0
480.0,261.0,177.0,76.0
473.0,251.0,178.0,77.0
466.0,237.0,177.0,76.0
460.0,228.0,178.0,77.0
455.0,219.0,179.0,77.0
447.0,213.0,179.0,77.0
440.0,220.0,179.0,77.0
429.0,232.0,180.0,77.0
427.0,236.0,179.0,77.0
430.0,234.0,179.0,77.0
437.0,232.0,177.0,76.0
443.0,235.0,176.0,76.0
448.0,239.0,176.0,76.0
454.0,234.0,176.0,76.0
464.0,235.0,174.0,75.0
472.0,241.0,173.0,75.0
480.0,250.0,173.0,74.0
490.0,262.0,172.0,74.0
500.0,262.0,171.0,74.0
512.0,258.0,171.0,74.0
520.0,257.0,171.0,74.0
526.0,255.0,171.0,74.0
532.0,252.0,172.0,74.0
540.0,252.0,171.0,74.0
550.0,249.0,172.0,74.0
560.0,250.0,173.0,74.0
571.0,254.0,172.0,74.0
580.0,248.0,172.0,74.0
587.0,229.0,172.0,74.0
597.0,215.0,173.0,75.0
604.0,221.0,173.0,74.0
609.0,231.0,172.0,74.0
611.0,237.0,172.0,74.0
611.0,232.0,172.0,74.0
613.0,222.0,172.0,74.0
616.0,213.0,171.0,74.0
621.0,212.0,170.0,73.0
623.0,213.0,170.0,73.0
624.0,216.0,169.0,73.0
623.0,224.0,168.0,72.0
623.0,227.0,166.0,72.0
626.0,224.0,165.0,71.0
632.0,217.0,166.0,71.0
637.0,210.0,165.0,71.0
634.0,214.0,164.0,71.0
631.0,234.0,163.0,70.0
628.0,249.0,162.0,70.0
630.0,253.0,161.0,69.0
633.0,252.0,160.0,69.0
631.0,246.0,160.0,69.0
627.0,247.0,159.0,68.0
627.0,247.0,157.0,68.0
630.0,238.0,156.0,67.0
632.0,233.0,157.0,68.0
631.0,227.0,156.0,67.0
628.0,222.0,157.0,67.0
630.0,227.0,155.0,67.0
630.0,232.0,155.0,67.0
627.0,238.0,155.0,67.0
625.0,247.0,153.0,66.0
623.0,249.0,155.0,67.0
621.0,251.0,155.0,67.0
616.0,252.0,154.0,67.0
610.0,254.0,156.0,67.0
605.0,266.0,155.0,67.0
605.0,283.0,155.0,67.0
605.0,287.0,154.0,66.0
609.0,287.0,153.0,66.0
609.0,287.0,153.0,66.0
603.0,281.0,154.0,66.0
599.0,280.0,154.0,66.0
599.0,279.0,154.0,66.0
603.0,277.0,154.0,66.0
606.0,278.0,153.0,66.0
602.0,277.0,154.0,66.0
598.0,274.0,155.0,67.0
599.0,269.0,154.0,66.0
601.0,258.0,155.0,67.0
594.0,241.0,155.0,67.0
583.0,233.0,156.0,67.0
574.0,238.0,157.0,68.0
569.0,239.0,157.0,67.0
567.0,232.0,157.0,68.0
566.0,232.0,157.0,68.0
561.0,239.0,157.0,68.0
560.0,239.0,159.0,68.0
559.0,237.0,158.0,68.0
555.0,236.0,160.0,69.0
552.0,239.0,160.0,69.0
551.0,237.0,161.0,69.0
554.0,233.0,162.0,70.0
561.0,232.0,163.0,70.0
561.0,233.0,164.0,71.0
555.0,236.0,165.0,71.0
553.0,244.0,165.0,71.0
557.0,243.0,167.0,72.0
564.0,238.0,168.0,72.0
562.0,241.0,169.0,73.0
546.0,243.0,171.0,74.0
536.0,243.0,172.0,74.0
546.0,250.0,173.0,74.0
561.0,244.0,174.0,75.0
568.0,233.0,176.0,76.0
564.0,243.0,177.0,76.0
556.0,250.0,177.0,76.0
560.0,261.0,177.0,76.0
569.0,262.0,180.0,78.0
574.0,252.0,183.0,79.0
574.0,261.0,185.0,80.0
566.0,261.0,187.0,81.0
564.0,259.0,187.0,81.0
564.0,265.0,189.0,81.0
560.0,258.0,189.0,81.0
561.0,261.0,190.0,82.0
560.0,267.0,191.0,82.0
558.0,256.0,191.0,82.0
552.0,255.0,192.0,83.0
546.0,261.0,194.0,84.0
544.0,256.0,195.0,84.0
550.0,259.0,195.0,84.0
556.0,261.0,197.0,85.0
560.0,258.0,199.0,86.0
564.0,262.0,200.0,86.0
566.0,262.0,202.0,87.0
566.0,259.0,203.0,88.0
565.0,262.0,203.0,88.0
560.0,269.0,204.0,88.0
557.0,271.0,204.0,88.0
562.0,274.0,205.0,88.0
566.0,267.0,206.0,89.0
566.0,258.0,208.0,89.0
566.0,254.0,209.0,90.0
566.0,253.0,211.0,91.0
564.0,256.0,211.0,91.0
560.0,258.0,211.0,91.0
558.0,264.0,212.0,92.0
557.0,270.0,213.0,92.0
552.0,248.0,224.0,110.0
550.0,246.0,225.0,110.0
550.0,244.0,225.0,111.0
552.0,243.0,225.0,111.0
548.0,242.0,226.0,111.0
538.0,243.0,227.0,112.0
534.0,251.0,228.0,112.0
540.0,261.0,227.0,112.0
547.0,266.0,227.0,112.0
554.0,272.0,228.0,112.0
556.0,280.0,229.0,112.0
560.0,291.0,230.0,113.0
570.0,304.0,231.0,113.0
579.0,302.0,229.0,112.0
580.0,282.0,229.0,112.0
576.0,266.0,231.0,113.0
572.0,266.0,233.0,114.0
574.0,271.0,234.0,115.0
579.0,270.0,234.0,115.0
586.0,263.0,235.0,115.0
594.0,259.0,236.0,116.0
605.0,254.0,236.0,116.0
618.0,249.0,238.0,117.0
628.0,246.0,239.0,117.0
639.0,245.0,240.0,118.0
645.0,243.0,240.0,118.0
648.0,242.0,242.0,119.0
657.0,246.0,243.0,119.0
665.0,249.0,244.0,120.0
670.0,257.0,245.0,120.0
672.0,269.0,247.0,121.0
675.0,275.0,248.0,122.0
682.0,276.0,249.0,122.0
693.0,283.0,251.0,123.0
698.0,283.0,253.0,124.0
701.0,285.0,255.0,125.0
706.0,292.0,254.0,125.0
710.0,289.0,257.0,126.0
718.0,291.0,255.0,125.0
726.0,301.0,257.0,126.0
730.0,299.0,269.0,132.0
735.0,296.0,269.0,132.0
735.0,299.0,271.0,133.0
725.0,302.0,269.0,132.0
713.0,304.0,269.0,132.0
707.0,313.0,270.0,132.0
702.0,313.0,271.0,133.0
642.0,298.0,320.0,132.0
629.0,279.0,325.0,134.0
612.0,276.0,324.0,134.0
596.0,288.0,325.0,134.0
584.0,291.0,328.0,135.0
571.0,282.0,330.0,136.0
548.0,281.0,343.0,142.0
527.0,284.0,344.0,142.0
500.0,286.0,345.0,142.0
470.0,285.0,349.0,144.0
436.0,279.0,353.0,145.0
402.0,270.0,357.0,147.0
362.0,265.0,364.0,150.0
317.0,264.0,369.0,152.0
275.0,257.0,373.0,154.0
238.0,254.0,375.0,155.0
185.0,251.0,391.0,161.0
193.0,246.0,343.0,166.0
144.0,236.0,353.0,171.0
92.0,223.0,367.0,177.0
44.0,211.0,378.0,183.0
-11.0,204.0,394.0,191.0
-69.0,204.0,410.0,198.0
-125.0,207.0,422.0,204.0
-170.0,213.0,422.0,204.0
-232.0,212.0,538.0,217.0
-10.0,203.0,308.0,218.0
-21.0,206.0,314.0,223.0
-28.0,204.0,315.0,223.0
-33.0,204.0,288.0,225.0
-4.0,194.0,259.0,228.0
-11.0,189.0,264.0,233.0
-11.0,192.0,266.0,235.0
-5.0,189.0,265.0,234.0
-1.0,189.0,268.0,236.0
5.0,195.0,267.0,236.0
15.0,195.0,267.0,236.0
6.0,200.0,286.0,236.0
8.0,201.0,294.0,233.0
12.0,198.0,306.0,231.0
8.0,201.0,331.0,227.0
6.0,203.0,358.0,222.0
6.0,214.0,379.0,216.0
-6.0,223.0,404.0,210.0
2.0,222.0,407.0,206.0
0.0,226.0,425.0,201.0
11.0,238.0,432.0,194.0
4.0,234.0,469.0,186.0
8.0,242.0,484.0,178.0
47.0,254.0,465.0,171.0
82.0,264.0,452.0,166.0
113.0,264.0,448.0,165.0
142.0,255.0,443.0,163.0
170.0,243.0,424.0,156.0
176.0,240.0,410.0,169.0
200.0,248.0,406.0,168.0
220.0,257.0,404.0,167.0
239.0,260.0,401.0,165.0
258.0,259.0,396.0,163.0
274.0,258.0,392.0,162.0
288.0,257.0,335.0,160.0
301.0,256.0,331.0,158.0
314.0,255.0,333.0,159.0
323.0,259.0,326.0,156.0
328.0,247.0,307.0,158.0
334.0,254.0,303.0,156.0
338.0,258.0,300.0,154.0
340.0,255.0,296.0,153.0
343.0,245.0,296.0,152.0
344.0,234.0,294.0,151.0
346.0,229.0,293.0,151.0
344.0,233.0,295.0,152.0
336.0,236.0,294.0,151.0
330.0,231.0,292.0,150.0
324.0,224.0,292.0,150.0
318.0,220.0,293.0,151.0
313.0,218.0,293.0,151.0
309.0,218.0,293.0,151.0
306.0,219.0,293.0,151.0
303.0,221.0,293.0,151.0
299.0,224.0,291.0,150.0
296.0,225.0,290.0,149.0
300.0,223.0,286.0,147.0
305.0,225.0,283.0,146.0
311.0,228.0,278.0,143.0
315.0,226.0,274.0,141.0
317.0,228.0,273.0,140.0
322.0,234.0,267.0,138.0
326.0,235.0,264.0,136.0
329.0,236.0,261.0,134.0
329.0,234.0,259.0,133.0
331.0,227.0,256.0,132.0
332.0,223.0,254.0,131.0
339.0,221.0,251.0,129.0
347.0,223.0,249.0,128.0
349.0,234.0,247.0,127.0
351.0,242.0,245.0,126.0
355.0,241.0,243.0,125.0
360.0,237.0,240.0,124.0
367.0,234.0,239.0,123.0
377.0,229.0,237.0,122.0
385.0,226.0,236.0,121.0
394.0,232.0,234.0,121.0
402.0,239.0,232.0,119.0
407.0,237.0,230.0,119.0
410.0,233.0,229.0,118.0
415.0,234.0,227.0,117.0
422.0,242.0,224.0,115.0
432.0,251.0,222.0,114.0
444.0,253.0,218.0,112.0
453.0,247.0,216.0,111.0
463.0,241.0,214.0,110.0
475.0,246.0,212.0,109.0
488.0,252.0,210.0,108.0
498.0,249.0,208.0,107.0
505.0,247.0,206.0,106.0
516.0,245.0,205.0,105.0
529.0,243.0,203.0,105.0
538.0,245.0,203.0,104.0
544.0,239.0,203.0,104.0
547.0,227.0,202.0,104.0
547.0,223.0,200.0,103.0
548.0,228.0,200.0,103.0
535.0,237.0,212.0,102.0
532.0,246.0,211.0,102.0
524.0,246.0,210.0,101.0
510.0,240.0,211.0,102.0
494.0,239.0,211.0,102.0
479.0,239.0,210.0,101.0
459.0,239.0,209.0,100.0
439.0,236.0,208.0,100.0
420.0,230.0,207.0,100.0
397.0,226.0,208.0,100.0
370.0,224.0,209.0,101.0
342.0,227.0,211.0,102.0
315.0,228.0,213.0,103.0
289.0,224.0,215.0,103.0
263.0,224.0,216.0,104.0
233.0,222.0,219.0,106.0
204.0,226.0,223.0,107.0
179.0,228.0,229.0,110.0
167.0,218.0,230.0,110.0
160.0,217.0,230.0,111.0
153.0,232.0,229.0,110.0
148.0,238.0,228.0,109.0
141.0,244.0,227.0,109.0
136.0,245.0,228.0,110.0
142.0,252.0,226.0,109.0
162.0,265.0,221.0,106.0
189.0,271.0,216.0,104.0
203.0,277.0,213.0,103.0
212.0,279.0,212.0,102.0
241.0,284.0,231.0,101.0
266.0,291.0,228.0,100.0
293.0,294.0,224.0,98.0
314.0,288.0,221.0,97.0
329.0,280.0,219.0,96.0
344.0,270.0,217.0,95.0
362.0,263.0,217.0,95.0
389.0,263.0,208.0,91.0
416.0,260.0,204.0,89.0
438.0,253.0,202.0,88.0
459.0,244.0,199.0,87.0
483.0,234.0,198.0,87.0
518.0,234.0,196.0,86.0
579.0,239.0,195.0,85.0
660.0,246.0,189.0,83.0
736.0,251.0,188.0,82.0
792.0,261.0,183.0,80.0
818.0,266.0,181.0,79.0
823.0,267.0,179.0,78.0
823.0,261.0,178.0,78.0
818.0,254.0,165.0,77.0
806.0,250.0,164.0,76.0
785.0,251.0,161.0,75.0
763.0,252.0,158.0,74.0
744.0,244.0,156.0,73.0
728.0,243.0,154.0,72.0
709.0,241.0,152.0,71.0
683.0,240.0,150.0,70.0
652.0,244.0,148.0,69.0
629.0,246.0,147.0,69.0
618.0,248.0,147.0,68.0
607.0,252.0,145.0,68.0
593.0,253.0,144.0,67.0
576.0,257.0,143.0,67.0
558.0,269.0,141.0,66.0
547.0,272.0,140.0,65.0
539.0,272.0,139.0,65.0
536.0,276.0,137.0,64.0
530.0,284.0,136.0,64.0
526.0,291.0,135.0,63.0
527.0,291.0,134.0,63.0
524.0,296.0,132.0,62.0
523.0,297.0,131.0,61.0
524.0,290.0,130.0,61.0
526.0,285.0,129.0,60.0
535.0,279.0,129.0,60.0
544.0,280.0,127.0,59.0
552.0,283.0,126.0,59.0
560.0,283.0,125.0,58.0
567.0,278.0,124.0,58.0
575.0,269.0,123.0,57.0
587.0,262.0,122.0,57.0
597.0,263.0,122.0,57.0
606.0,264.0,121.0,56.0
613.0,265.0,120.0,56.0
617.0,264.0,120.0,56.0
625.0,258.0,119.0,55.0
634.0,252.0,119.0,55.0
641.0,252.0,118.0,55.0
648.0,254.0,118.0,55.0
650.0,254.0,118.0,55.0
652.0,253.0,118.0,55.0
650.0,256.0,118.0,55.0
649.0,257.0,117.0,54.0
648.0,260.0,117.0,54.0
645.0,266.0,116.0,54.0
642.0,267.0,116.0,54.0
638.0,266.0,115.0,54.0
635.0,267.0,115.0,53.0
630.0,271.0,115.0,54.0
626.0,277.0,115.0,54.0
620.0,281.0,115.0,54.0
614.0,275.0,115.0,54.0
615.0,262.0,115.0,54.0
616.0,257.0,115.0,54.0
618.0,259.0,115.0,54.0
618.0,262.0,115.0,54.0
620.0,268.0,114.0,53.0
614.0,274.0,114.0,53.0
609.0,268.0,115.0,54.0
607.0,258.0,115.0,54.0
604.0,260.0,116.0,54.0
600.0,271.0,116.0,54.0
596.0,276.0,116.0,54.0
593.0,269.0,117.0,55.0
594.0,249.0,117.0,55.0
602.0,225.0,119.0,55.0
611.0,197.0,120.0,56.0
610.0,189.0,121.0,56.0
607.0,200.0,121.0,56.0
601.0,220.0,121.0,56.0
600.0,232.0,120.0,56.0
599.0,222.0,121.0,56.0
598.0,211.0,121.0,56.0
578.0,213.0,144.0,63.0
578.0,226.0,144.0,63.0
579.0,236.0,144.0,63.0
577.0,232.0,144.0,63.0
573.0,231.0,145.0,64.0
572.0,235.0,146.0,64.0
574.0,241.0,144.0,63.0
576.0,237.0,146.0,64.0
576.0,238.0,147.0,64.0
574.0,250.0,147.0,64.0
575.0,267.0,147.0,64.0
571.0,284.0,147.0,64.0
567.0,290.0,147.0,64.0
564.0,289.0,147.0,64.0
563.0,290.0,148.0,65.0
569.0,299.0,148.0,65.0
576.0,302.0,149.0,65.0
578.0,298.0,148.0,65.0
574.0,295.0,149.0,65.0
573.0,292.0,151.0,66.0
578.0,293.0,152.0,67.0
583.0,289.0,153.0,67.0
589.0,274.0,156.0,68.0
597.0,257.0,158.0,69.0
601.0,253.0,156.0,68.0
606.0,250.0,157.0,69.0
617.0,241.0,158.0,69.0
620.0,236.0,159.0,70.0
623.0,236.0,160.0,70.0
625.0,243.0,161.0,71.0
619.0,247.0,162.0,84.0
617.0,252.0,163.0,85.0
611.0,251.0,164.0,85.0
605.0,252.0,164.0,85.0
601.0,254.0,164.0,85.0
595.0,262.0,168.0,87.0
601.0,260.0,165.0,86.0
592.0,260.0,167.0,86.0
588.0,260.0,167.0,86.0
583.0,266.0,167.0,87.0
592.0,267.0,167.0,87.0
597.0,270.0,168.0,87.0
597.0,286.0,169.0,88.0
597.0,284.0,169.0,88.0
598.0,268.0,169.0,88.0
605.0,243.0,170.0,88.0
618.0,207.0,170.0,88.0
607.0,196.0,171.0,89.0
600.0,216.0,171.0,89.0
596.0,225.0,171.0,88.0
590.0,254.0,170.0,88.0
584.0,271.0,169.0,88.0
579.0,263.0,169.0,88.0
583.0,249.0,170.0,88.0
587.0,249.0,170.0,88.0
587.0,265.0,170.0,88.0
588.0,265.0,170.0,88.0
587.0,250.0,170.0,88.0
585.0,240.0,170.0,88.0
588.0,247.0,171.0,89.0
593.0,278.0,170.0,88.0
593.0,298.0,171.0,88.0
586.0,297.0,171.0,88.0
577.0,296.0,172.0,89.0
574.0,302.0,172.0,89.0
574.0,313.0,173.0,90.0
577.0,313.0,173.0,90.0
577.0,304.0,173.0,90.0
572.0,307.0,174.0,90.0
570.0,306.0,174.0,90.0
570.0,296.0,174.0,90.0
571.0,278.0,174.0,90.0
570.0,244.0,176.0,91.0
565.0,219.0,178.0,92.0
559.0,228.0,179.0,93.0
554.0,256.0,179.0,93.0
550.0,289.0,180.0,94.0
549.0,299.0,180.0,93.0
538.0,288.0,183.0,95.0
540.0,273.0,171.0,81.0
533.0,253.0,172.0,81.0
527.0,246.0,174.0,83.0
527.0,245.0,177.0,84.0
531.0,246.0,177.0,84.0
528.0,241.0,180.0,85.0
529.0,223.0,182.0,86.0
528.0,198.0,183.0,87.0
527.0,183.0,185.0,88.0
531.0,185.0,185.0,88.0
539.0,193.0,186.0,88.0
546.0,199.0,185.0,88.0
561.0,211.0,169.0,92.0
569.0,205.0,167.0,91.0
573.0,186.0,172.0,94.0
581.0,172.0,171.0,93.0
592.0,168.0,173.0,94.0
605.0,184.0,173.0,94.0
619.0,218.0,172.0,94.0
631.0,242.0,173.0,94.0
642.0,241.0,173.0,94.0
656.0,243.0,174.0,95.0
667.0,248.0,175.0,95.0
676.0,253.0,176.0,96.0
687.0,254.0,178.0,97.0
699.0,249.0,180.0,98.0
710.0,250.0,182.0,99.0
720.0,256.0,184.0,100.0
733.0,266.0,186.0,101.0
744.0,273.0,187.0,102.0
755.0,276.0,188.0,102.0
763.0,276.0,191.0,104.0
771.0,276.0,191.0,104.0
779.0,275.0,192.0,105.0
788.0,273.0,196.0,107.0
797.0,271.0,200.0,109.0
803.0,268.0,203.0,110.0
810.0,266.0,205.0,112.0
815.0,260.0,207.0,113.0
817.0,257.0,208.0,113.0
818.0,258.0,209.0,114.0
814.0,250.0,209.0,114.0
808.0,245.0,209.0,114.0
800.0,244.0,209.0,114.0
792.0,244.0,209.0,114.0
787.0,249.0,209.0,114.0
712.0,256.0,281.0,120.0
695.0,257.0,284.0,121.0
677.0,260.0,288.0,123.0
662.0,264.0,285.0,122.0
643.0,267.0,287.0,122.0
626.0,266.0,289.0,124.0
609.0,263.0,292.0,125.0
591.0,254.0,296.0,126.0
574.0,229.0,299.0,128.0
555.0,216.0,303.0,129.0
532.0,233.0,304.0,130.0
512.0,255.0,305.0,130.0
489.0,262.0,305.0,130.0
462.0,258.0,304.0,130.0
429.0,261.0,309.0,132.0
398.0,270.0,308.0,131.0
365.0,269.0,314.0,134.0
343.0,267.0,310.0,132.0
316.0,268.0,311.0,133.0
290.0,271.0,312.0,133.0
261.0,274.0,314.0,134.0
233.0,269.0,320.0,137.0
263.0,271.0,298.0,127.0
241.0,265.0,302.0,129.0
221.0,266.0,304.0,130.0
200.0,270.0,308.0,131.0
181.0,267.0,311.0,133.0
164.0,266.0,313.0,134.0
151.0,264.0,313.0,133.0
143.0,262.0,311.0,133.0
142.0,265.0,308.0,131.0
144.0,266.0,305.0,130.0
143.0,265.0,303.0,129.0
145.0,259.0,301.0,128.0
155.0,252.0,297.0,126.0
172.0,256.0,292.0,124.0
193.0,252.0,286.0,122.0
212.0,246.0,283.0,121.0
231.0,241.0,281.0,120.0
254.0,233.0,277.0,118.0
282.0,234.0,278.0,119.0
313.0,248.0,272.0,116.0
348.0,266.0,271.0,115.0
384.0,285.0,274.0,117.0
421.0,290.0,270.0,115.0
459.0,287.0,266.0,113.0
495.0,287.0,264.0,113.0
531.0,288.0,266.0,114.0
565.0,289.0,270.0,115.0
600.0,287.0,270.0,115.0
635.0,279.0,281.0,120.0
664.0,264.0,270.0,118.0
694.0,260.0,271.0,118.0
719.0,259.0,270.0,118.0
736.0,255.0,272.0,119.0
754.0,254.0,270.0,118.0
774.0,255.0,270.0,118.0
791.0,255.0,270.0,118.0
808.0,260.0,267.0,117.0
816.0,262.0,265.0,116.0
818.0,262.0,264.0,115.0
819.0,268.0,261.0,114.0
818.0,272.0,257.0,112.0
817.0,276.0,252.0,110.0
812.0,276.0,249.0,109.0
804.0,278.0,246.0,108.0
794.0,287.0,241.0,106.0
697.0,262.0,319.0,130.0
680.0,263.0,318.0,129.0
662.0,264.0,315.0,129.0
642.0,260.0,311.0,127.0
616.0,257.0,313.0,127.0
593.0,261.0,307.0,125.0
571.0,261.0,299.0,122.0
551.0,256.0,291.0,119.0
536.0,247.0,282.0,115.0
521.0,236.0,273.0,111.0
499.0,232.0,261.0,106.0
476.0,235.0,241.0,98.0
448.0,236.0,242.0,99.0
425.0,236.0,239.0,97.0
403.0,231.0,239.0,97.0
381.0,228.0,233.0,95.0
370.0,211.0,260.0,128.0
346.0,216.0,263.0,129.0
325.0,221.0,263.0,129.0
309.0,220.0,263.0,130.0
294.0,214.0,264.0,130.0
278.0,211.0,266.0,131.0
265.0,221.0,266.0,131.0
257.0,239.0,265.0,130.0
249.0,260.0,265.0,130.0
243.0,276.0,264.0,130.0
241.0,279.0,265.0,130.0
242.0,275.0,265.0,131.0
243.0,269.0,266.0,131.0
248.0,265.0,267.0,131.0
259.0,266.0,267.0,131.0
269.0,264.0,330.0,132.0
282.0,267.0,324.0,130.0
294.0,268.0,327.0,131.0
309.0,271.0,330.0,132.0
326.0,275.0,333.0,133.0
344.0,274.0,323.0,129.0
359.0,278.0,316.0,126.0
374.0,281.0,307.0,123.0
393.0,282.0,299.0,120.0
412.0,289.0,292.0,117.0
432.0,293.0,288.0,115.0
451.0,291.0,287.0,115.0
469.0,283.0,285.0,114.0
489.0,269.0,284.0,114.0
508.0,256.0,283.0,113.0
518.0,255.0,290.0,116.0
527.0,262.0,299.0,120.0
541.0,267.0,298.0,119.0
559.0,263.0,297.0,119.0
573.0,258.0,296.0,118.0
587.0,254.0,296.0,118.0
599.0,252.0,297.0,119.0
609.0,254.0,297.0,119.0
580.0,240.0,308.0,144.0
578.0,235.0,308.0,144.0
580.0,231.0,307.0,144.0
588.0,234.0,303.0,142.0
591.0,236.0,306.0,143.0
595.0,234.0,304.0,142.0
593.0,227.0,303.0,142.0
589.0,217.0,305.0,142.0
591.0,214.0,302.0,141.0
596.0,213.0,298.0,139.0
604.0,215.0,297.0,139.0
612.0,217.0,296.0,139.0
617.0,213.0,297.0,139.0
619.0,205.0,300.0,140.0
621.0,202.0,304.0,142.0
621.0,207.0,309.0,144.0
619.0,220.0,314.0,147.0
677.0,245.0,264.0,142.0
692.0,255.0,259.0,139.0
702.0,256.0,261.0,141.0
712.0,261.0,261.0,141.0
720.0,264.0,261.0,140.0
729.0,261.0,261.0,140.0
739.0,254.0,261.0,140.0
751.0,245.0,260.0,140.0
761.0,243.0,261.0,141.0
772.0,243.0,263.0,141.0
782.0,239.0,263.0,141.0
793.0,235.0,262.0,141.0
802.0,221.0,262.0,141.0
810.0,209.0,263.0,141.0
817.0,205.0,264.0,142.0
821.0,207.0,264.0,142.0
786.0,216.0,318.0,129.0
789.0,214.0,318.0,129.0
782.0,206.0,331.0,134.0
781.0,208.0,335.0,136.0
778.0,215.0,337.0,137.0
773.0,221.0,336.0,136.0
768.0,224.0,332.0,135.0
764.0,226.0,329.0,134.0
757.0,226.0,330.0,134.0
744.0,223.0,328.0,133.0
732.0,230.0,320.0,130.0
711.0,236.0,318.0,129.0
688.0,243.0,315.0,128.0
668.0,250.0,313.0,127.0
650.0,252.0,311.0,126.0
630.0,253.0,310.0,126.0
608.0,261.0,310.0,126.0
582.0,274.0,308.0,125.0
555.0,285.0,307.0,125.0
524.0,284.0,309.0,125.0
494.0,278.0,312.0,126.0
464.0,272.0,317.0,128.0
433.0,273.0,322.0,130.0
402.0,281.0,327.0,132.0
371.0,286.0,332.0,135.0
346.0,280.0,334.0,136.0
317.0,283.0,339.0,137.0
282.0,311.0,344.0,140.0
251.0,343.0,346.0,141.0
226.0,359.0,344.0,140.0
210.0,349.0,343.0,139.0
193.0,346.0,344.0,140.0
235.0,347.0,269.0,136.0
221.0,353.0,271.0,137.0
208.0,360.0,271.0,137.0
199.0,350.0,270.0,137.0
193.0,328.0,270.0,136.0
187.0,307.0,269.0,136.0
170.0,276.0,339.0,172.0
173.0,262.0,340.0,173.0
179.0,247.0,340.0,173.0
189.0,232.0,337.0,171.0
198.0,220.0,333.0,169.0
211.0,214.0,326.0,165.0
225.0,212.0,319.0,162.0
243.0,213.0,307.0,156.0
265.0,220.0,297.0,151.0
281.0,228.0,284.0,144.0
297.0,221.0,279.0,142.0
317.0,208.0,264.0,134.0
338.0,208.0,258.0,131.0
362.0,228.0,247.0,125.0
385.0,255.0,241.0,123.0
412.0,267.0,236.0,120.0
435.0,259.0,231.0,117.0
452.0,256.0,227.0,115.0
472.0,258.0,223.0,113.0
494.0,257.0,218.0,111.0
517.0,255.0,214.0,108.0
534.0,251.0,209.0,106.0
546.0,247.0,207.0,105.0
559.0,248.0,204.0,103.0
570.0,244.0,199.0,101.0
579.0,236.0,196.0,99.0
588.0,228.0,192.0,97.0
590.0,226.0,189.0,96.0
590.0,229.0,186.0,94.0
593.0,231.0,183.0,93.0
598.0,225.0,179.0,91.0
604.0,221.0,177.0,90.0
606.0,223.0,173.0,88.0
610.0,228.0,170.0,86.0
608.0,227.0,167.0,85.0
605.0,226.0,164.0,83.0
603.0,228.0,161.0,81.0
604.0,232.0,157.0,80.0
603.0,234.0,154.0,78.0
600.0,220.0,151.0,76.0
599.0,202.0,149.0,76.0
596.0,197.0,146.0,74.0
592.0,204.0,143.0,73.0
592.0,221.0,140.0,71.0
588.0,220.0,137.0,70.0
587.0,209.0,136.0,69.0
589.0,207.0,133.0,67.0
592.0,206.0,131.0,66.0
599.0,214.0,129.0,65.0
610.0,223.0,127.0,64.0
612.0,223.0,125.0,63.0
617.0,214.0,124.0,63.0
625.0,209.0,122.0,62.0
631.0,216.0,121.0,61.0
638.0,223.0,119.0,61.0
639.0,217.0,119.0,60.0
644.0,207.0,118.0,60.0
650.0,206.0,118.0,60.0
655.0,217.0,117.0,59.0
655.0,226.0,116.0,59.0
659.0,232.0,116.0,59.0
660.0,235.0,116.0,59.0
663.0,244.0,115.0,58.0
664.0,250.0,115.0,58.0
666.0,250.0,115.0,58.0
665.0,246.0,115.0,58.0
663.0,250.0,115.0,58.0
664.0,259.0,115.0,59.0
662.0,259.0,116.0,59.0
660.0,257.0,117.0,59.0
660.0,257.0,117.0,59.0
657.0,256.0,117.0,59.0
652.0,250.0,118.0,60.0
648.0,247.0,119.0,61.0
641.0,237.0,120.0,61.0
640.0,235.0,120.0,61.0
640.0,241.0,122.0,62.0
639.0,247.0,122.0,62.0
638.0,251.0,123.0,63.0
635.0,257.0,125.0,63.0
629.0,268.0,125.0,63.0
621.0,279.0,126.0,64.0
616.0,291.0,126.0,64.0
615.0,300.0,127.0,65.0
612.0,297.0,128.0,65.0
613.0,290.0,129.0,66.0
612.0,277.0,131.0,66.0
611.0,263.0,132.0,67.0
613.0,256.0,133.0,67.0
618.0,256.0,135.0,68.0
622.0,254.0,136.0,69.0
624.0,250.0,138.0,70.0
622.0,252.0,138.0,70.0
619.0,255.0,139.0,71.0
620.0,252.0,139.0,71.0
621.0,251.0,140.0,71.0
622.0,254.0,141.0,71.0
621.0,255.0,141.0,72.0
619.0,257.0,141.0,72.0
619.0,255.0,142.0,72.0
619.0,255.0,142.0,72.0
620.0,256.0,142.0,72.0
622.0,254.0,142.0,72.0
626.0,252.0,143.0,72.0
630.0,252.0,143.0,73.0
633.0,252.0,144.0,73.0
635.0,254.0,143.0,72.0
638.0,257.0,142.0,72.0
641.0,255.0,143.0,72.0
646.0,251.0,143.0,72.0
652.0,245.0,142.0,72.0
653.0,249.0,142.0,72.0
625.0,279.0,167.0,77.0
626.0,304.0,167.0,77.0
633.0,289.0,167.0,77.0
636.0,263.0,168.0,78.0
635.0,255.0,167.0,77.0
635.0,261.0,164.0,75.0
636.0,264.0,162.0,75.0
638.0,253.0,162.0,75.0
639.0,239.0,162.0,75.0
639.0,236.0,163.0,75.0
641.0,242.0,163.0,75.0
643.0,248.0,162.0,75.0
647.0,242.0,162.0,75.0
648.0,235.0,162.0,75.0
646.0,235.0,162.0,75.0
647.0,235.0,162.0,75.0
644.0,232.0,163.0,75.0
641.0,229.0,162.0,75.0
638.0,226.0,163.0,75.0
633.0,236.0,163.0,75.0
628.0,256.0,162.0,75.0
626.0,271.0,161.0,74.0
621.0,270.0,160.0,74.0
621.0,253.0,160.0,74.0
629.0,218.0,153.0,71.0
630.0,192.0,153.0,71.0
636.0,195.0,151.0,70.0
642.0,210.0,150.0,69.0
648.0,220.0,148.0,68.0
650.0,218.0,147.0,68.0
651.0,207.0,145.0,67.0
657.0,200.0,145.0,67.0
666.0,202.0,143.0,66.0
672.0,207.0,143.0,66.0
674.0,210.0,142.0,65.0
676.0,217.0,141.0,65.0
687.0,226.0,141.0,65.0
697.0,225.0,139.0,64.0
700.0,222.0,138.0,64.0
702.0,232.0,136.0,63.0
708.0,233.0,136.0,63.0
713.0,219.0,136.0,63.0
714.0,208.0,137.0,63.0
713.0,208.0,136.0,63.0
709.0,211.0,135.0,62.0
708.0,209.0,134.0,62.0
704.0,203.0,134.0,62.0
696.0,209.0,133.0,61.0
684.0,217.0,133.0,61.0
676.0,220.0,132.0,61.0
668.0,215.0,132.0,61.0
660.0,210.0,132.0,61.0
654.0,213.0,132.0,61.0
647.0,223.0,132.0,61.0
637.0,233.0,132.0,61.0
612.0,229.0,152.0,71.0
610.0,234.0,152.0,71.0
608.0,249.0,152.0,71.0
603.0,259.0,153.0,71.0
598.0,252.0,153.0,72.0
588.0,243.0,154.0,72.0
580.0,251.0,155.0,72.0
575.0,274.0,154.0,72.0
573.0,277.0,154.0,72.0
564.0,260.0,154.0,72.0
556.0,242.0,152.0,71.0
555.0,227.0,152.0,71.0
559.0,212.0,153.0,71.0
562.0,215.0,152.0,71.0
560.0,229.0,152.0,71.0
559.0,237.0,151.0,71.0
557.0,245.0,151.0,70.0
554.0,248.0,150.0,70.0
554.0,244.0,149.0,70.0
558.0,231.0,149.0,70.0
560.0,221.0,149.0,70.0
560.0,224.0,149.0,70.0
560.0,236.0,148.0,69.0
562.0,241.0,148.0,69.0
561.0,231.0,148.0,69.0
552.0,223.0,148.0,69.0
548.0,230.0,149.0,69.0
552.0,246.0,148.0,69.0
558.0,259.0,147.0,69.0
558.0,262.0,146.0,68.0
548.0,255.0,146.0,68.0
544.0,247.0,145.0,68.0
547.0,245.0,145.0,68.0
555.0,249.0,144.0,67.0
564.0,251.0,144.0,67.0
565.0,250.0,144.0,67.0
560.0,244.0,144.0,67.0
553.0,243.0,145.0,68.0
553.0,249.0,145.0,68.0
555.0,255.0,146.0,68.0
558.0,263.0,145.0,68.0
558.0,268.0,145.0,68.0
553.0,270.0,145.0,68.0
549.0,267.0,145.0,68.0
548.0,255.0,145.0,68.0
551.0,247.0,145.0,68.0
553.0,256.0,145.0,68.0
557.0,271.0,145.0,68.0
559.0,271.0,145.0,68.0
559.0,259.0,144.0,67.0
561.0,249.0,144.0,67.0
564.0,263.0,144.0,67.0
570.0,282.0,143.0,67.0
572.0,282.0,143.0,67.0
568.0,272.0,143.0,67.0
555.0,266.0,142.0,67.0
556.0,253.0,142.0,66.0
568.0,250.0,142.0,66.0
576.0,262.0,141.0,66.0
580.0,264.0,141.0,66.0
576.0,267.0,140.0,66.0
572.0,261.0,139.0,65.0
566.0,248.0,140.0,65.0
565.0,240.0,140.0,65.0
567.0,247.0,138.0,65.0
575.0,249.0,137.0,64.0
575.0,245.0,136.0,64.0
571.0,236.0,136.0,64.0
570.0,238.0,135.0,63.0
565.0,264.0,134.0,63.0
565.0,270.0,133.0,62.0
565.0,250.0,133.0,62.0
561.0,241.0,133.0,62.0
561.0,255.0,131.0,61.0
564.0,270.0,130.0,61.0
564.0,263.0,130.0,61.0
563.0,246.0,129.0,60.0
556.0,246.0,128.0,60.0
557.0,260.0,127.0,59.0
561.0,257.0,126.0,59.0
569.0,236.0,126.0,59.0
572.0,226.0,126.0,59.0
570.0,250.0,124.0,58.0
569.0,277.0,122.0,57.0
570.0,275.0,122.0,57.0
566.0,265.0,121.0,57.0
562.0,264.0,120.0,56.0
565.0,268.0,119.0,56.0
568.0,271.0,119.0,55.0
567.0,268.0,117.0,55.0
562.0,266.0,117.0,55.0
561.0,265.0,116.0,54.0
565.0,255.0,115.0,54.0
567.0,244.0,115.0,54.0
570.0,247.0,113.0,53.0
572.0,265.0,112.0,52.0
576.0,271.0,109.0,51.0
579.0,261.0,110.0,51.0
580.0,253.0,109.0,51.0
583.0,259.0,107.0,50.0
587.0,270.0,106.0,50.0
592.0,277.0,107.0,50.0
593.0,278.0,105.0,49.0
587.0,278.0,106.0,50.0
587.0,274.0,107.0,50.0
593.0,279.0,107.0,50.0
601.0,290.0,106.0,50.0
604.0,290.0,105.0,49.0
604.0,279.0,105.0,49.0
604.0,275.0,104.0,49.0
607.0,282.0,104.0,49.0
613.0,286.0,104.0,49.0
619.0,282.0,103.0,48.0
620.0,277.0,103.0,48.0
624.0,275.0,102.0,48.0
628.0,281.0,102.0,48.0
631.0,285.0,101.0,47.0
635.0,283.0,101.0,47.0
636.0,290.0,101.0,47.0
639.0,294.0,101.0,47.0
643.0,290.0,100.0,47.0
648.0,290.0,100.0,47.0
654.0,297.0,100.0,47.0
660.0,308.0,99.0,46.0
663.0,312.0,99.0,46.0
665.0,309.0,99.0,46.0
666.0,304.0,98.0,46.0
667.0,301.0,98.0,46.0
666.0,305.0,98.0,46.0
665.0,314.0,97.0,45.0
662.0,314.0,97.0,45.0
660.0,302.0,97.0,45.0
663.0,292.0,97.0,45.0
668.0,287.0,97.0,45.0
674.0,279.0,97.0,45.0
673.0,273.0,98.0,46.0
668.0,279.0,97.0,46.0
667.0,282.0,97.0,45.0
666.0,280.0,98.0,46.0
663.0,280.0,98.0,46.0
660.0,284.0,97.0,45.0
655.0,284.0,98.0,46.0
651.0,282.0,98.0,46.0
648.0,282.0,99.0,46.0
643.0,288.0,99.0,46.0
646.0,298.0,99.0,46.0
653.0,295.0,99.0,46.0
638.0,266.0,99.0,46.0
636.0,286.0,100.0,47.0
646.0,297.0,100.0,47.0
650.0,293.0,100.0,47.0
651.0,290.0,101.0,47.0
650.0,287.0,101.0,47.0
647.0,285.0,102.0,48.0
646.0,272.0,102.0,48.0
643.0,246.0,103.0,48.0
643.0,232.0,105.0,49.0
643.0,229.0,105.0,49.0
637.0,239.0,105.0,49.0
632.0,272.0,105.0,49.0
630.0,294.0,104.0,49.0
630.0,274.0,105.0,49.0
631.0,254.0,110.0,51.0
633.0,264.0,111.0,52.0
636.0,276.0,111.0,52.0
643.0,280.0,110.0,52.0
646.0,285.0,115.0,54.0
653.0,294.0,116.0,54.0
659.0,299.0,118.0,55.0
663.0,297.0,120.0,56.0
665.0,290.0,122.0,57.0
666.0,271.0,123.0,57.0
664.0,260.0,125.0,58.0
664.0,274.0,128.0,60.0
667.0,286.0,129.0,60.0
667.0,285.0,131.0,61.0
664.0,282.0,132.0,61.0
658.0,282.0,132.0,62.0
650.0,287.0,133.0,62.0
646.0,291.0,136.0,63.0
642.0,295.0,138.0,64.0
635.0,299.0,138.0,65.0
627.0,301.0,140.0,66.0
623.0,307.0,143.0,67.0
623.0,318.0,144.0,67.0
618.0,318.0,146.0,68.0
612.0,318.0,147.0,69.0
606.0,316.0,148.0,69.0
598.0,317.0,148.0,69.0
589.0,326.0,149.0,70.0
585.0,335.0,149.0,69.0
582.0,339.0,149.0,70.0
579.0,346.0,150.0,70.0
573.0,348.0,152.0,71.0
570.0,343.0,154.0,72.0
572.0,340.0,157.0,73.0
574.0,338.0,159.0,74.0
574.0,335.0,162.0,76.0
577.0,330.0,165.0,77.0
581.0,329.0,166.0,78.0
582.0,333.0,170.0,79.0
587.0,344.0,172.0,80.0
594.0,348.0,174.0,81.0
600.0,345.0,178.0,83.0
604.0,341.0,182.0,85.0
610.0,337.0,184.0,86.0
618.0,328.0,188.0,88.0
627.0,315.0,191.0,89.0
632.0,292.0,198.0,93.0
640.0,274.0,200.0,93.0
678.0,272.0,176.0,78.0
689.0,272.0,180.0,80.0
700.0,280.0,181.0,80.0
706.0,284.0,183.0,81.0
711.0,278.0,187.0,83.0
719.0,275.0,190.0,84.0
727.0,269.0,192.0,85.0
731.0,256.0,193.0,86.0
735.0,248.0,197.0,87.0
736.0,237.0,200.0,88.0
715.0,202.0,231.0,113.0
722.0,196.0,236.0,115.0
732.0,204.0,240.0,118.0
740.0,212.0,244.0,119.0
744.0,221.0,256.0,125.0
754.0,239.0,262.0,128.0
768.0,255.0,266.0,130.0
776.0,253.0,271.0,133.0
779.0,249.0,278.0,136.0
779.0,251.0,284.0,139.0
780.0,260.0,292.0,143.0
778.0,265.0,295.0,144.0
778.0,266.0,298.0,146.0
776.0,263.0,297.0,145.0
768.0,256.0,296.0,145.0
760.0,251.0,291.0,143.0
753.0,250.0,286.0,140.0
752.0,257.0,280.0,137.0
752.0,260.0,273.0,133.0
727.0,268.0,287.0,129.0
717.0,283.0,280.0,124.0
700.0,307.0,278.0,117.0
679.0,317.0,284.0,116.0
673.0,313.0,273.0,113.0
652.0,305.0,277.0,113.0
639.0,297.0,274.0,112.0
626.0,293.0,274.0,112.0
617.0,290.0,273.0,113.0
609.0,287.0,260.0,110.0
594.0,283.0,258.0,109.0
578.0,281.0,253.0,107.0
553.0,272.0,263.0,111.0
541.0,265.0,259.0,109.0
526.0,261.0,258.0,109.0
509.0,258.0,260.0,110.0
493.0,251.0,261.0,111.0
478.0,238.0,262.0,111.0
519.0,239.0,216.0,92.0
505.0,240.0,215.0,92.0
490.0,252.0,218.0,93.0
479.0,258.0,218.0,93.0
473.0,248.0,218.0,93.0
467.0,243.0,219.0,93.0
462.0,259.0,218.0,93.0
464.0,282.0,218.0,93.0
467.0,288.0,218.0,93.0
469.0,273.0,218.0,93.0
467.0,261.0,218.0,93.0
467.0,264.0,218.0,93.0
477.0,284.0,219.0,93.0
492.0,300.0,218.0,93.0
506.0,300.0,218.0,93.0
517.0,294.0,218.0,93.0
528.0,287.0,219.0,93.0
544.0,286.0,221.0,94.0
564.0,294.0,223.0,95.0
585.0,300.0,225.0,96.0
605.0,289.0,226.0,96.0
625.0,275.0,227.0,97.0
646.0,265.0,230.0,98.0
664.0,262.0,230.0,98.0
680.0,268.0,234.0,100.0
696.0,270.0,235.0,100.0
712.0,265.0,237.0,101.0
727.0,263.0,238.0,101.0
716.0,269.0,263.0,103.0
727.0,281.0,265.0,104.0
736.0,287.0,267.0,105.0
748.0,295.0,269.0,105.0
737.0,282.0,284.0,120.0
738.0,282.0,291.0,123.0
736.0,280.0,295.0,125.0
730.0,282.0,299.0,126.0
733.0,283.0,291.0,123.0
721.0,277.0,294.0,124.0
719.0,277.0,291.0,123.0
710.0,279.0,290.0,122.0
693.0,279.0,293.0,124.0
676.0,277.0,290.0,123.0
658.0,275.0,289.0,122.0
635.0,266.0,290.0,123.0
620.0,254.0,283.0,119.0
596.0,235.0,284.0,120.0
572.0,220.0,286.0,121.0
549.0,215.0,288.0,122.0
529.0,226.0,288.0,122.0
508.0,238.0,290.0,122.0
532.0,246.0,248.0,122.0
519.0,257.0,248.0,122.0
517.0,265.0,235.0,115.0
512.0,266.0,221.0,109.0
494.0,261.0,221.0,109.0
475.0,267.0,221.0,109.0
461.0,271.0,220.0,108.0
450.0,268.0,221.0,109.0
440.0,260.0,220.0,108.0
429.0,254.0,222.0,109.0
417.0,257.0,222.0,109.0
404.0,257.0,223.0,110.0
394.0,269.0,224.0,110.0
386.0,287.0,226.0,111.0
383.0,288.0,225.0,111.0
378.0,287.0,225.0,111.0
368.0,291.0,227.0,112.0
361.0,300.0,228.0,112.0
358.0,306.0,228.0,112.0
355.0,306.0,230.0,113.0
353.0,311.0,230.0,113.0
348.0,315.0,231.0,114.0
342.0,317.0,232.0,114.0
340.0,306.0,233.0,114.0
339.0,287.0,234.0,115.0
340.0,263.0,234.0,115.0
339.0,230.0,234.0,115.0
335.0,215.0,236.0,116.0
333.0,224.0,236.0,116.0
332.0,244.0,237.0,117.0
333.0,257.0,236.0,116.0
335.0,249.0,235.0,116.0
333.0,236.0,235.0,115.0
326.0,244.0,237.0,117.0
324.0,254.0,237.0,116.0
323.0,254.0,236.0,116.0
320.0,249.0,235.0,116.0
315.0,256.0,236.0,116.0
310.0,266.0,235.0,116.0
304.0,261.0,237.0,116.0
303.0,257.0,237.0,117.0
306.0,264.0,236.0,116.0
307.0,278.0,236.0,116.0
306.0,287.0,235.0,115.0
297.0,284.0,236.0,116.0
286.0,280.0,238.0,117.0
278.0,276.0,239.0,118.0
275.0,271.0,239.0,118.0
275.0,270.0,240.0,118.0
278.0,271.0,240.0,118.0
280.0,272.0,239.0,117.0
282.0,265.0,239.0,117.0
283.0,258.0,238.0,117.0
280.0,252.0,242.0,119.0
287.0,248.0,243.0,119.0
296.0,246.0,238.0,117.0
300.0,242.0,238.0,117.0
309.0,239.0,234.0,115.0
321.0,232.0,234.0,115.0
338.0,229.0,231.0,113.0
356.0,224.0,229.0,112.0
375.0,214.0,226.0,111.0
394.0,200.0,225.0,110.0
413.0,190.0,223.0,110.0
429.0,193.0,223.0,110.0
444.0,207.0,223.0,110.0
461.0,225.0,220.0,108.0
473.0,228.0,220.0,108.0
482.0,224.0,221.0,109.0
492.0,228.0,220.0,108.0
498.0,230.0,220.0,108.0
505.0,233.0,219.0,108.0
505.0,238.0,227.0,112.0
513.0,247.0,225.0,111.0
519.0,257.0,224.0,110.0
524.0,260.0,224.0,110.0
519.0,258.0,230.0,113.0
512.0,255.0,237.0,117.0
537.0,267.0,231.0,115.0
537.0,274.0,229.0,114.0
540.0,272.0,224.0,112.0
541.0,260.0,221.0,110.0
538.0,254.0,226.0,112.0
528.0,263.0,225.0,112.0
519.0,265.0,223.0,111.0
519.0,251.0,219.0,109.0
517.0,236.0,220.0,110.0
509.0,225.0,222.0,111.0
498.0,221.0,223.0,111.0
488.0,217.0,224.0,112.0
484.0,216.0,226.0,112.0
481.0,215.0,227.0,113.0
474.0,219.0,229.0,114.0
464.0,222.0,231.0,115.0
454.0,231.0,234.0,116.0
448.0,239.0,236.0,117.0
439.0,239.0,237.0,118.0
432.0,241.0,239.0,119.0
428.0,245.0,237.0,118.0
423.0,247.0,239.0,119.0
420.0,241.0,240.0,120.0
415.0,237.0,242.0,121.0
410.0,243.0,243.0,121.0
407.0,239.0,245.0,122.0
407.0,232.0,246.0,123.0
408.0,233.0,247.0,123.0
411.0,240.0,248.0,123.0
415.0,246.0,249.0,124.0
418.0,247.0,249.0,124.0
420.0,244.0,250.0,125.0
421.0,242.0,250.0,125.0
422.0,247.0,251.0,125.0
427.0,257.0,251.0,125.0
430.0,267.0,251.0,125.0
428.0,263.0,251.0,125.0
423.0,248.0,252.0,126.0
422.0,241.0,253.0,126.0
423.0,254.0,253.0,126.0
427.0,270.0,252.0,125.0
429.0,271.0,251.0,125.0
431.0,256.0,250.0,124.0
433.0,244.0,248.0,123.0
436.0,245.0,247.0,123.0
440.0,258.0,246.0,123.0
448.0,274.0,212.0,97.0
455.0,274.0,208.0,95.0
459.0,256.0,211.0,96.0
463.0,245.0,211.0,97.0
472.0,256.0,212.0,97.0
483.0,271.0,212.0,97.0
493.0,272.0,213.0,98.0
501.0,258.0,212.0,97.0
512.0,249.0,211.0,97.0
520.0,258.0,215.0,98.0
532.0,282.0,214.0,98.0
542.0,301.0,213.0,97.0
552.0,292.0,213.0,97.0
560.0,268.0,213.0,97.0
568.0,252.0,214.0,98.0
578.0,258.0,215.0,99.0
587.0,260.0,217.0,99.0
595.0,255.0,218.0,100.0
600.0,247.0,220.0,101.0
607.0,253.0,222.0,101.0
614.0,262.0,223.0,102.0
617.0,268.0,224.0,103.0
619.0,263.0,226.0,104.0
624.0,254.0,228.0,104.0
627.0,249.0,230.0,105.0
631.0,258.0,233.0,106.0
635.0,261.0,235.0,107.0
639.0,249.0,236.0,108.0
646.0,234.0,239.0,109.0
650.0,233.0,242.0,111.0
648.0,246.0,244.0,112.0
647.0,256.0,246.0,112.0
647.0,253.0,247.0,113.0
645.0,245.0,250.0,114.0
637.0,248.0,251.0,115.0
626.0,262.0,252.0,115.0
615.0,276.0,253.0,116.0
610.0,276.0,254.0,116.0
605.0,264.0,255.0,117.0
594.0,252.0,256.0,117.0
584.0,256.0,258.0,118.0
573.0,267.0,261.0,119.0
563.0,274.0,261.0,120.0
554.0,271.0,263.0,120.0
539.0,269.0,264.0,121.0
523.0,273.0,265.0,121.0
511.0,276.0,266.0,122.0
498.0,273.0,267.0,122.0
484.0,272.0,269.0,123.0
472.0,277.0,269.0,123.0
457.0,277.0,271.0,124.0
447.0,268.0,273.0,125.0
438.0,258.0,274.0,125.0
427.0,256.0,276.0,126.0
417.0,253.0,276.0,126.0
407.0,248.0,277.0,127.0
399.0,246.0,278.0,127.0
392.0,248.0,280.0,128.0
387.0,251.0,280.0,128.0
381.0,248.0,279.0,128.0
376.0,249.0,279.0,128.0
375.0,252.0,278.0,127.0
377.0,256.0,276.0,126.0
378.0,260.0,274.0,125.0
381.0,258.0,271.0,124.0
384.0,259.0,268.0,123.0
388.0,257.0,266.0,122.0
395.0,257.0,264.0,121.0
402.0,255.0,261.0,119.0
415.0,244.0,258.0,118.0
435.0,234.0,253.0,116.0
452.0,232.0,250.0,114.0
467.0,232.0,246.0,112.0
480.0,232.0,242.0,111.0
492.0,227.0,239.0,109.0
504.0,218.0,236.0,108.0
524.0,211.0,232.0,106.0
543.0,199.0,230.0,105.0
562.0,192.0,226.0,103.0
579.0,191.0,224.0,102.0
594.0,187.0,221.0,101.0
609.0,192.0,218.0,100.0
621.0,206.0,214.0,98.0
629.0,223.0,212.0,97.0
641.0,242.0,208.0,95.0
649.0,253.0,205.0,94.0
654.0,258.0,204.0,93.0
661.0,263.0,202.0,92.0
664.0,268.0,200.0,91.0
663.0,276.0,197.0,90.0
664.0,286.0,196.0,90.0
665.0,292.0,194.0,89.0
664.0,298.0,192.0,88.0
659.0,306.0,190.0,87.0
652.0,313.0,189.0,86.0
643.0,313.0,187.0,86.0
632.0,310.0,186.0,85.0
619.0,308.0,185.0,85.0
601.0,307.0,184.0,84.0
587.0,300.0,183.0,84.0
574.0,286.0,184.0,84.0
562.0,275.0,185.0,84.0
546.0,271.0,186.0,85.0
527.0,268.0,187.0,85.0
509.0,261.0,187.0,86.0
490.0,253.0,187.0,85.0
469.0,252.0,186.0,85.0
448.0,254.0,187.0,86.0
425.0,250.0,193.0,88.0
409.0,247.0,194.0,89.0
392.0,248.0,195.0,89.0
370.0,247.0,196.0,90.0
352.0,247.0,197.0,90.0
338.0,252.0,199.0,91.0
327.0,253.0,200.0,92.0
316.0,246.0,201.0,92.0
308.0,242.0,201.0,92.0
303.0,249.0,200.0,91.0
299.0,258.0,199.0,91.0
299.0,253.0,199.0,91.0
304.0,235.0,199.0,91.0
306.0,233.0,199.0,91.0
308.0,252.0,199.0,91.0
305.0,277.0,200.0,91.0
304.0,286.0,200.0,92.0
306.0,281.0,200.0,92.0
307.0,277.0,201.0,92.0
313.0,273.0,202.0,92.0
321.0,272.0,202.0,93.0
326.0,272.0,203.0,93.0
334.0,268.0,204.0,93.0
343.0,264.0,205.0,94.0
352.0,257.0,205.0,94.0
360.0,254.0,206.0,94.0
366.0,262.0,207.0,94.0
373.0,267.0,207.0,95.0
381.0,263.0,208.0,95.0
389.0,264.0,208.0,95.0
398.0,270.0,208.0,95.0
409.0,280.0,207.0,95.0
420.0,287.0,208.0,95.0
428.0,292.0,208.0,95.0
431.0,292.0,209.0,96.0
434.0,278.0,210.0,96.0
444.0,269.0,210.0,96.0
455.0,273.0,210.0,96.0
463.0,282.0,210.0,96.0
465.0,279.0,210.0,96.0
465.0,272.0,211.0,97.0
471.0,273.0,212.0,97.0
480.0,278.0,213.0,97.0
487.0,279.0,212.0,97.0
491.0,270.0,212.0,97.0
492.0,266.0,213.0,97.0
492.0,266.0,213.0,97.0
492.0,268.0,214.0,98.0
495.0,271.0,213.0,98.0
497.0,271.0,214.0,98.0
501.0,269.0,215.0,98.0
506.0,269.0,215.0,98.0
511.0,274.0,216.0,99.0
519.0,280.0,216.0,99.0
525.0,281.0,216.0,99.0
532.0,281.0,216.0,99.0
542.0,278.0,216.0,99.0
554.0,273.0,216.0,99.0
567.0,271.0,216.0,99.0
582.0,271.0,216.0,99.0
596.0,267.0,216.0,99.0
606.0,257.0,216.0,99.0
615.0,252.0,216.0,99.0
626.0,256.0,216.0,99.0
636.0,264.0,217.0,99.0
648.0,269.0,217.0,99.0
658.0,270.0,217.0,99.0
667.0,271.0,217.0,99.0
673.0,269.0,217.0,99.0
683.0,273.0,217.0,99.0
690.0,277.0,217.0,99.0
697.0,278.0,217.0,99.0
704.0,277.0,216.0,99.0
709.0,278.0,216.0,99.0
713.0,279.0,215.0,98.0
714.0,279.0,214.0,98.0
714.0,278.0,214.0,98.0
715.0,275.0,213.0,97.0
715.0,274.0,212.0,97.0
715.0,271.0,210.0,96.0
696.0,269.0,226.0,95.0
689.0,274.0,227.0,95.0
680.0,280.0,227.0,95.0
669.0,277.0,227.0,95.0
668.0,271.0,221.0,93.0
642.0,262.0,221.0,92.0
634.0,257.0,219.0,91.0
624.0,257.0,219.0,91.0
613.0,259.0,216.0,90.0
598.0,261.0,215.0,90.0
581.0,257.0,217.0,90.0
572.0,254.0,210.0,88.0
558.0,252.0,212.0,88.0
544.0,256.0,210.0,87.0
525.0,258.0,208.0,87.0
505.0,264.0,206.0,86.0
486.0,268.0,204.0,85.0
467.0,270.0,202.0,84.0
449.0,275.0,200.0,83.0
428.0,280.0,200.0,83.0
435.0,293.0,161.0,71.0
416.0,293.0,160.0,71.0
396.0,292.0,161.0,71.0
380.0,283.0,161.0,71.0
366.0,275.0,161.0,71.0
354.0,273.0,161.0,71.0
340.0,276.0,161.0,71.0
331.0,276.0,159.0,70.0
324.0,277.0,158.0,70.0
318.0,282.0,156.0,69.0
315.0,279.0,157.0,69.0
310.0,278.0,155.0,68.0
307.0,272.0,153.0,68.0
304.0,271.0,152.0,67.0
301.0,272.0,151.0,67.0
302.0,274.0,149.0,66.0
305.0,274.0,149.0,66.0
311.0,276.0,146.0,65.0
318.0,279.0,145.0,64.0
322.0,278.0,143.0,63.0
327.0,279.0,142.0,62.0
335.0,284.0,140.0,62.0
342.0,290.0,138.0,61.0
351.0,287.0,136.0,60.0
360.0,280.0,135.0,59.0
368.0,276.0,134.0,59.0
378.0,276.0,132.0,58.0
392.0,280.0,131.0,58.0
405.0,289.0,130.0,57.0
418.0,286.0,128.0,56.0
428.0,277.0,127.0,56.0
439.0,276.0,126.0,56.0
451.0,282.0,125.0,55.0
462.0,289.0,123.0,54.0
476.0,286.0,121.0,54.0
487.0,284.0,120.0,53.0
500.0,281.0,119.0,53.0
513.0,274.0,118.0,52.0
525.0,269.0,117.0,52.0
539.0,266.0,116.0,51.0
551.0,263.0,114.0,50.0
559.0,261.0,114.0,50.0
569.0,258.0,112.0,50.0
577.0,251.0,111.0,49.0
585.0,248.0,110.0,48.0
592.0,249.0,108.0,48.0
598.0,251.0,107.0,47.0
604.0,251.0,106.0,47.0
611.0,249.0,104.0,46.0
617.0,250.0,103.0,45.0
622.0,247.0,102.0,45.0
625.0,249.0,100.0,44.0
629.0,253.0,99.0,44.0
632.0,255.0,98.0,43.0
632.0,252.0,97.0,43.0
631.0,246.0,97.0,43.0
628.0,249.0,96.0,42.0
625.0,255.0,95.0,42.0
623.0,260.0,94.0,42.0
622.0,258.0,94.0,41.0
624.0,251.0,93.0,41.0
627.0,251.0,92.0,41.0
628.0,259.0,91.0,40.0
626.0,265.0,91.0,40.0
622.0,262.0,90.0,39.0
617.0,248.0,89.0,39.0
610.0,229.0,88.0,39.0
599.0,216.0,88.0,39.0
588.0,215.0,87.0,39.0
578.0,222.0,87.0,38.0
569.0,222.0,86.0,38.0
562.0,220.0,86.0,38.0
558.0,228.0,85.0,38.0
551.0,241.0,85.0,37.0
543.0,249.0,84.0,37.0
535.0,246.0,84.0,37.0
530.0,238.0,84.0,37.0
528.0,242.0,84.0,37.0
525.0,251.0,84.0,37.0
523.0,254.0,84.0,37.0
518.0,250.0,83.0,37.0
518.0,247.0,83.0,37.0
515.0,244.0,84.0,37.0
513.0,246.0,84.0,37.0
513.0,253.0,84.0,37.0
511.0,258.0,84.0,37.0
511.0,261.0,84.0,37.0
506.0,257.0,84.0,37.0
503.0,256.0,85.0,37.0
499.0,264.0,85.0,37.0
494.0,272.0,85.0,38.0
490.0,271.0,85.0,38.0
490.0,273.0,86.0,38.0
494.0,285.0,86.0,38.0
495.0,292.0,87.0,38.0
494.0,292.0,88.0,39.0
495.0,290.0,88.0,39.0
498.0,287.0,89.0,39.0
507.0,275.0,89.0,39.0
516.0,252.0,90.0,40.0
516.0,252.0,90.0,40.0
516.0,252.0,90.0,40.0
524.0,230.0,91.0,40.0
520.0,237.0,91.0,40.0
522.0,228.0,92.0,40.0
525.0,227.0,92.0,40.0
530.0,231.0,92.0,40.0
537.0,236.0,92.0,41.0
547.0,241.0,92.0,41.0
553.0,248.0,92.0,40.0
554.0,253.0,92.0,41.0
557.0,258.0,92.0,40.0
559.0,259.0,92.0,41.0
560.0,259.0,93.0,41.0
566.0,266.0,92.0,40.0
575.0,272.0,92.0,40.0
583.0,277.0,91.0,40.0
592.0,284.0,91.0,40.0
599.0,289.0,91.0,40.0
606.0,287.0,91.0,40.0
614.0,289.0,91.0,40.0
622.0,294.0,91.0,40.0
626.0,296.0,90.0,40.0
627.0,293.0,91.0,40.0
628.0,293.0,91.0,40.0
628.0,291.0,91.0,40.0
626.0,288.0,92.0,40.0
625.0,291.0,91.0,40.0
623.0,294.0,91.0,40.0
621.0,298.0,89.0,39.0
616.0,310.0,89.0,39.0
610.0,331.0,89.0,39.0
605.0,339.0,89.0,39.0
597.0,329.0,89.0,39.0
586.0,322.0,89.0,39.0
577.0,327.0,88.0,39.0
571.0,329.0,88.0,39.0
565.0,320.0,88.0,39.0
559.0,308.0,87.0,39.0
550.0,301.0,87.0,39.0
539.0,300.0,88.0,39.0
525.0,301.0,88.0,39.0
514.0,301.0,89.0,39.0
505.0,301.0,88.0,39.0
493.0,301.0,89.0,39.0
480.0,303.0,89.0,39.0
468.0,305.0,88.0,39.0
458.0,302.0,87.0,38.0
450.0,304.0,88.0,39.0
440.0,309.0,88.0,39.0
429.0,308.0,89.0,39.0
421.0,302.0,92.0,40.0
416.0,297.0,92.0,40.0
411.0,297.0,93.0,41.0
406.0,295.0,92.0,41.0
401.0,289.0,92.0,41.0
398.0,280.0,93.0,41.0
396.0,272.0,94.0,42.0
398.0,267.0,95.0,42.0
402.0,268.0,96.0,42.0
406.0,276.0,96.0,42.0
410.0,280.0,96.0,42.0
406.0,269.0,145.0,55.0
411.0,259.0,145.0,55.0
419.0,261.0,145.0,55.0
426.0,268.0,145.0,55.0
434.0,271.0,144.0,54.0
443.0,269.0,143.0,54.0
455.0,268.0,139.0,53.0
467.0,271.0,137.0,52.0
471.0,276.0,152.0,58.0
477.0,282.0,150.0,57.0
486.0,281.0,148.0,56.0
495.0,277.0,148.0,56.0
506.0,281.0,147.0,56.0
513.0,285.0,145.0,55.0
518.0,281.0,143.0,54.0
521.0,280.0,142.0,54.0
524.0,284.0,141.0,53.0
526.0,285.0,140.0,53.0
527.0,283.0,140.0,53.0
529.0,279.0,141.0,54.0
534.0,275.0,142.0,54.0
539.0,275.0,143.0,54.0
543.0,279.0,144.0,54.0
546.0,288.0,144.0,55.0
547.0,290.0,118.0,57.0
551.0,295.0,118.0,57.0
556.0,286.0,119.0,57.0
560.0,259.0,120.0,58.0
559.0,242.0,122.0,59.0
552.0,258.0,123.0,60.0
550.0,278.0,124.0,60.0
549.0,281.0,124.0,60.0
547.0,283.0,126.0,61.0
542.0,283.0,127.0,61.0
534.0,283.0,127.0,62.0
533.0,284.0,129.0,63.0
535.0,284.0,130.0,63.0
536.0,273.0,131.0,63.0
537.0,262.0,132.0,64.0
537.0,258.0,133.0,64.0
538.0,257.0,133.0,64.0
542.0,255.0,134.0,65.0
550.0,253.0,134.0,65.0
558.0,245.0,135.0,65.0
564.0,238.0,136.0,66.0
567.0,231.0,137.0,66.0
571.0,228.0,138.0,67.0
578.0,228.0,139.0,67.0
587.0,229.0,139.0,67.0
592.0,228.0,141.0,68.0
597.0,229.0,141.0,68.0
601.0,230.0,142.0,69.0
603.0,230.0,142.0,69.0
608.0,231.0,143.0,69.0
610.0,232.0,144.0,70.0
609.0,233.0,143.0,69.0
605.0,241.0,145.0,70.0
602.0,252.0,146.0,70.0
603.0,254.0,146.0,71.0
600.0,246.0,147.0,71.0
591.0,248.0,149.0,72.0
582.0,267.0,149.0,72.0
580.0,269.0,149.0,72.0
580.0,257.0,150.0,72.0
570.0,246.0,152.0,73.0
554.0,257.0,154.0,74.0
540.0,279.0,154.0,75.0
531.0,279.0,156.0,76.0
522.0,263.0,157.0,76.0
506.0,253.0,160.0,77.0
485.0,258.0,162.0,78.0
468.0,261.0,165.0,80.0
456.0,254.0,167.0,81.0
444.0,239.0,169.0,82.0
427.0,230.0,172.0,83.0
404.0,236.0,175.0,85.0
383.0,243.0,178.0,86.0
368.0,238.0,182.0,88.0
357.0,233.0,185.0,89.0
339.0,236.0,187.0,90.0
322.0,246.0,190.0,92.0
310.0,249.0,193.0,93.0
300.0,251.0,195.0,94.0
288.0,251.0,197.0,95.0
275.0,248.0,199.0,96.0
266.0,242.0,245.0,97.0
254.0,244.0,251.0,100.0
242.0,253.0,259.0,103.0
233.0,263.0,267.0,106.0
226.0,268.0,261.0,103.0
225.0,268.0,255.0,101.0
222.0,251.0,258.0,102.0
218.0,243.0,263.0,104.0
215.0,263.0,267.0,106.0
216.0,284.0,270.0,107.0
228.0,293.0,271.0,107.0
243.0,303.0,272.0,108.0
260.0,317.0,272.0,108.0
278.0,322.0,273.0,108.0
296.0,322.0,272.0,108.0
316.0,326.0,273.0,108.0
337.0,336.0,272.0,108.0
357.0,334.0,269.0,107.0
379.0,324.0,271.0,107.0
408.0,318.0,271.0,107.0
439.0,316.0,271.0,107.0
465.0,308.0,273.0,108.0
490.0,295.0,274.0,109.0
515.0,285.0,274.0,109.0
540.0,283.0,275.0,109.0
564.0,283.0,277.0,110.0
585.0,274.0,278.0,110.0
598.0,248.0,257.0,145.0
614.0,240.0,258.0,146.0
629.0,237.0,259.0,146.0
643.0,234.0,257.0,145.0
654.0,231.0,256.0,144.0
662.0,229.0,256.0,145.0
673.0,233.0,254.0,143.0
681.0,245.0,254.0,143.0
687.0,256.0,252.0,142.0
691.0,261.0,251.0,142.0
692.0,266.0,250.0,141.0
690.0,266.0,248.0,140.0
684.0,264.0,245.0,138.0
674.0,254.0,244.0,137.0
663.0,244.0,241.0,136.0
653.0,239.0,241.0,136.0
641.0,229.0,240.0,136.0
625.0,217.0,241.0,136.0
604.0,214.0,241.0,136.0
584.0,214.0,241.0,136.0
563.0,212.0,242.0,136.0
544.0,215.0,244.0,138.0
520.0,219.0,245.0,138.0
496.0,227.0,245.0,139.0
476.0,242.0,245.0,138.0
459.0,255.0,245.0,138.0
442.0,267.0,246.0,139.0
422.0,289.0,246.0,139.0
402.0,311.0,246.0,139.0
386.0,316.0,245.0,138.0
375.0,305.0,244.0,138.0
358.0,297.0,246.0,139.0
338.0,300.0,248.0,140.0
322.0,304.0,247.0,139.0
317.0,291.0,243.0,137.0
318.0,266.0,240.0,135.0
321.0,234.0,237.0,134.0
311.0,198.0,239.0,135.0
295.0,170.0,243.0,137.0
281.0,169.0,246.0,139.0
261.0,183.0,248.0,140.0
243.0,195.0,249.0,141.0
230.0,198.0,249.0,141.0
221.0,192.0,253.0,143.0
209.0,189.0,255.0,144.0
195.0,192.0,255.0,144.0
185.0,193.0,256.0,145.0
182.0,191.0,255.0,144.0
181.0,185.0,257.0,145.0
178.0,191.0,256.0,144.0
176.0,204.0,253.0,143.0
174.0,222.0,254.0,143.0
170.0,237.0,254.0,144.0
173.0,240.0,253.0,143.0
179.0,244.0,252.0,142.0
191.0,252.0,250.0,141.0
204.0,256.0,248.0,140.0
215.0,258.0,245.0,138.0
227.0,263.0,245.0,138.0
238.0,267.0,242.0,137.0
251.0,267.0,240.0,136.0
265.0,264.0,240.0,135.0
281.0,262.0,238.0,134.0
298.0,268.0,239.0,135.0
313.0,271.0,237.0,134.0
329.0,266.0,236.0,133.0
346.0,253.0,228.0,129.0
361.0,241.0,227.0,128.0
378.0,240.0,227.0,128.0
392.0,257.0,229.0,129.0
405.0,268.0,230.0,130.0
415.0,266.0,228.0,129.0
423.0,259.0,228.0,129.0
431.0,256.0,230.0,130.0
441.0,258.0,232.0,131.0
452.0,258.0,235.0,133.0
458.0,253.0,236.0,133.0
461.0,240.0,239.0,135.0
459.0,233.0,244.0,138.0
462.0,240.0,246.0,139.0
471.0,250.0,248.0,140.0
477.0,258.0,247.0,139.0
485.0,250.0,247.0,139.0
487.0,240.0,248.0,140.0
489.0,234.0,250.0,141.0
491.0,239.0,251.0,141.0
492.0,247.0,250.0,141.0
495.0,248.0,250.0,141.0
492.0,239.0,250.0,141.0
488.0,230.0,250.0,141.0
485.0,236.0,252.0,142.0
482.0,247.0,250.0,141.0
479.0,248.0,248.0,140.0
476.0,242.0,248.0,140.0
479.0,236.0,248.0,140.0
479.0,235.0,247.0,139.0
473.0,236.0,246.0,139.0
469.0,233.0,245.0,138.0
469.0,230.0,244.0,137.0
466.0,231.0,243.0,137.0
462.0,240.0,243.0,137.0
457.0,249.0,242.0,136.0
453.0,249.0,241.0,136.0
450.0,243.0,241.0,136.0
444.0,234.0,243.0,137.0
440.0,231.0,245.0,138.0
429.0,234.0,248.0,140.0
413.0,245.0,252.0,142.0
400.0,261.0,254.0,143.0
392.0,265.0,257.0,145.0
394.0,254.0,258.0,145.0
393.0,238.0,259.0,146.0
384.0,233.0,261.0,148.0
366.0,246.0,266.0,150.0
350.0,259.0,270.0,152.0
342.0,257.0,274.0,155.0
340.0,252.0,278.0,157.0
337.0,255.0,277.0,157.0
327.0,256.0,279.0,158.0
317.0,253.0,280.0,158.0
309.0,243.0,281.0,159.0
304.0,239.0,283.0,159.0
297.0,241.0,285.0,161.0
291.0,243.0,285.0,161.0
284.0,243.0,285.0,161.0
278.0,242.0,285.0,161.0
270.0,239.0,284.0,160.0
262.0,236.0,285.0,161.0
253.0,245.0,287.0,162.0
246.0,254.0,290.0,164.0
240.0,253.0,295.0,166.0
258.0,254.0,233.0,117.0
252.0,251.0,235.0,118.0
248.0,253.0,230.0,116.0
245.0,253.0,229.0,115.0
239.0,253.0,227.0,114.0
234.0,254.0,226.0,114.0
230.0,261.0,226.0,113.0
227.0,263.0,223.0,112.0
227.0,263.0,221.0,111.0
224.0,260.0,219.0,110.0
221.0,256.0,219.0,110.0
218.0,254.0,217.0,109.0
218.0,257.0,216.0,108.0
218.0,262.0,214.0,108.0
217.0,261.0,212.0,107.0
214.0,258.0,211.0,106.0
212.0,261.0,211.0,106.0
215.0,273.0,210.0,105.0
219.0,281.0,209.0,105.0
217.0,282.0,207.0,104.0
212.0,278.0,207.0,104.0
210.0,280.0,206.0,103.0
213.0,283.0,204.0,102.0
217.0,284.0,202.0,101.0
221.0,283.0,200.0,100.0
225.0,285.0,198.0,100.0
236.0,286.0,196.0,99.0
246.0,287.0,194.0,98.0
257.0,280.0,192.0,96.0
265.0,273.0,191.0,96.0
277.0,272.0,189.0,95.0
295.0,273.0,186.0,93.0
312.0,274.0,183.0,92.0
324.0,270.0,183.0,92.0
335.0,268.0,181.0,91.0
352.0,264.0,180.0,90.0
373.0,258.0,178.0,90.0
396.0,256.0,176.0,89.0
417.0,259.0,175.0,88.0
436.0,262.0,174.0,88.0
455.0,264.0,174.0,87.0
473.0,268.0,172.0,87.0
489.0,276.0,172.0,86.0
502.0,283.0,172.0,86.0
513.0,282.0,172.0,86.0
524.0,280.0,172.0,86.0
535.0,280.0,171.0,86.0
542.0,285.0,172.0,86.0
547.0,291.0,172.0,86.0
557.0,296.0,172.0,86.0
569.0,298.0,173.0,87.0
582.0,290.0,172.0,86.0
593.0,278.0,171.0,86.0
600.0,273.0,171.0,86.0
605.0,275.0,171.0,86.0
607.0,279.0,170.0,86.0
608.0,278.0,170.0,85.0
607.0,276.0,169.0,85.0
604.0,269.0,168.0,85.0
616.0,255.0,169.0,85.0
648.0,241.0,170.0,85.0
679.0,235.0,173.0,87.0
700.0,231.0,175.0,88.0
710.0,240.0,175.0,88.0
705.0,246.0,175.0,88.0
700.0,240.0,174.0,87.0
693.0,227.0,174.0,87.0
677.0,223.0,172.0,86.0
659.0,230.0,170.0,85.0
638.0,247.0,170.0,85.0
616.0,256.0,166.0,84.0
591.0,251.0,167.0,84.0
564.0,245.0,166.0,83.0
535.0,253.0,166.0,83.0
509.0,274.0,164.0,83.0
484.0,281.0,165.0,83.0
460.0,271.0,165.0,83.0
433.0,259.0,167.0,84.0
412.0,265.0,167.0,84.0
398.0,278.0,167.0,84.0
384.0,277.0,166.0,83.0
367.0,265.0,167.0,84.0
347.0,261.0,168.0,85.0
337.0,269.0,170.0,85.0
335.0,285.0,168.0,84.0
330.0,288.0,168.0,84.0
322.0,279.0,167.0,84.0
316.0,272.0,166.0,83.0
316.0,277.0,164.0,82.0
326.0,285.0,160.0,81.0
328.0,288.0,159.0,80.0
327.0,282.0,160.0,80.0
328.0,275.0,160.0,80.0
339.0,272.0,159.0,80.0
358.0,273.0,156.0,78.0
373.0,276.0,156.0,78.0
388.0,279.0,155.0,78.0
404.0,279.0,155.0,78.0
422.0,279.0,155.0,78.0
441.0,282.0,155.0,78.0
457.0,287.0,155.0,78.0
473.0,289.0,155.0,78.0
489.0,287.0,156.0,78.0
507.0,284.0,155.0,78.0
523.0,277.0,154.0,78.0
541.0,268.0,154.0,77.0
557.0,260.0,154.0,77.0
572.0,260.0,153.0,77.0
585.0,270.0,154.0,77.0
597.0,279.0,154.0,77.0
608.0,278.0,147.0,74.0
618.0,271.0,144.0,72.0
625.0,269.0,144.0,72.0
631.0,273.0,145.0,73.0
636.0,268.0,145.0,73.0
642.0,260.0,145.0,73.0
646.0,254.0,148.0,74.0
646.0,258.0,147.0,74.0
645.0,260.0,146.0,73.0
647.0,258.0,146.0,74.0
649.0,251.0,148.0,74.0
646.0,247.0,150.0,75.0
640.0,254.0,151.0,76.0
632.0,264.0,152.0,76.0
624.0,266.0,152.0,76.0
621.0,267.0,154.0,77.0
615.0,267.0,154.0,78.0
606.0,267.0,155.0,78.0
593.0,272.0,154.0,77.0
580.0,281.0,155.0,78.0
574.0,288.0,153.0,77.0
566.0,290.0,154.0,77.0
555.0,288.0,152.0,76.0
542.0,277.0,152.0,76.0
530.0,270.0,154.0,77.0
516.0,285.0,154.0,77.0
498.0,300.0,156.0,78.0
477.0,305.0,156.0,79.0
451.0,293.0,158.0,79.0
423.0,282.0,161.0,81.0
399.0,287.0,162.0,81.0
383.0,292.0,164.0,82.0
376.0,285.0,163.0,82.0
372.0,277.0,164.0,82.0
371.0,279.0,164.0,82.0
364.0,285.0,165.0,83.0
355.0,288.0,165.0,83.0
353.0,278.0,164.0,82.0
357.0,269.0,162.0,81.0
363.0,261.0,162.0,81.0
361.0,263.0,160.0,80.0
362.0,273.0,159.0,80.0
363.0,280.0,157.0,79.0
368.0,275.0,155.0,78.0
381.0,273.0,153.0,77.0
398.0,273.0,152.0,76.0
410.0,269.0,151.0,76.0
415.0,262.0,151.0,76.0
426.0,257.0,149.0,75.0
446.0,253.0,148.0,75.0
465.0,254.0,147.0,74.0
477.0,259.0,145.0,73.0
486.0,266.0,143.0,72.0
496.0,268.0,142.0,71.0
508.0,268.0,141.0,71.0
521.0,263.0,139.0,70.0
532.0,259.0,138.0,69.0
540.0,259.0,137.0,69.0
546.0,259.0,136.0,68.0
549.0,259.0,136.0,68.0
550.0,261.0,135.0,68.0
551.0,260.0,133.0,67.0
552.0,263.0,133.0,67.0
553.0,264.0,132.0,66.0
556.0,263.0,131.0,66.0
560.0,256.0,131.0,66.0
565.0,248.0,130.0,65.0
572.0,252.0,127.0,64.0
580.0,259.0,127.0,64.0
588.0,261.0,125.0,63.0
592.0,249.0,125.0,63.0
598.0,232.0,122.0,62.0
602.0,228.0,122.0,61.0
608.0,242.0,121.0,61.0
614.0,253.0,119.0,60.0
624.0,257.0,119.0,60.0
631.0,259.0,117.0,59.0
634.0,258.0,115.0,58.0
639.0,259.0,114.0,57.0
639.0,254.0,113.0,57.0
641.0,253.0,110.0,55.0
646.0,255.0,111.0,56.0
649.0,256.0,109.0,55.0
647.0,246.0,108.0,54.0
644.0,243.0,107.0,54.0
640.0,242.0,107.0,54.0
632.0,237.0,105.0,53.0
631.0,239.0,104.0,52.0
632.0,236.0,104.0,52.0
630.0,219.0,105.0,53.0
623.0,215.0,104.0,52.0
613.0,225.0,102.0,51.0
601.0,226.0,101.0,51.0
588.0,222.0,101.0,51.0
569.0,212.0,100.0,50.0
546.0,209.0,100.0,50.0
528.0,223.0,98.0,49.0
516.0,237.0,97.0,49.0
518.0,240.0,97.0,48.0
527.0,231.0,95.0,48.0
536.0,223.0,94.0,47.0
541.0,232.0,93.0,47.0
542.0,261.0,91.0,46.0
551.0,280.0,95.0,52.0
566.0,284.0,100.0,58.0
567.0,273.0,101.0,54.0
566.0,263.0,103.0,61.0
575.0,288.0,103.0,68.0
573.0,318.0,94.0,68.0
567.0,330.0,99.0,53.0
572.0,327.0,98.0,49.0
573.0,318.0,105.0,60.0
580.0,330.0,89.0,55.0
571.0,359.0,87.0,44.0
571.0,355.0,87.0,44.0
573.0,328.0,101.0,60.0
577.0,318.0,102.0,54.0
585.0,308.0,86.0,56.0
581.0,312.0,85.0,55.0
582.0,293.0,84.0,55.0
583.0,272.0,84.0,55.0
579.0,281.0,83.0,54.0
574.0,296.0,82.0,54.0
576.0,285.0,81.0,53.0
582.0,266.0,80.0,52.0
579.0,261.0,80.0,52.0
568.0,262.0,79.0,51.0
556.0,251.0,79.0,51.0
542.0,235.0,78.0,51.0
518.0,235.0,78.0,51.0
495.0,256.0,78.0,51.0
479.0,276.0,77.0,50.0
467.0,284.0,76.0,50.0
457.0,276.0,76.0,49.0
450.0,253.0,76.0,49.0
446.0,241.0,75.0,49.0
448.0,250.0,75.0,49.0
449.0,268.0,75.0,49.0
448.0,270.0,74.0,48.0
446.0,247.0,73.0,48.0
440.0,213.0,73.0,48.0
425.0,195.0,74.0,48.0
414.0,200.0,75.0,49.0
413.0,205.0,74.0,48.0
419.0,196.0,73.0,48.0
423.0,193.0,74.0,48.0
424.0,211.0,74.0,48.0
428.0,232.0,73.0,48.0
433.0,244.0,73.0,47.0
440.0,256.0,72.0,47.0
453.0,279.0,72.0,47.0
467.0,304.0,72.0,47.0
485.0,320.0,71.0,46.0
500.0,325.0,71.0,46.0
508.0,330.0,70.0,46.0
515.0,338.0,71.0,46.0
519.0,342.0,71.0,46.0
522.0,340.0,71.0,46.0
527.0,343.0,71.0,46.0
530.0,355.0,71.0,46.0
532.0,362.0,71.0,46.0
533.0,354.0,71.0,46.0
535.0,332.0,71.0,47.0
540.0,314.0,72.0,47.0
543.0,308.0,72.0,47.0
542.0,306.0,73.0,47.0
542.0,297.0,73.0,47.0
539.0,278.0,74.0,48.0
530.0,262.0,74.0,49.0
518.0,254.0,76.0,49.0
506.0,252.0,76.0,49.0
499.0,246.0,77.0,50.0
490.0,235.0,78.0,51.0
483.0,227.0,79.0,51.0
482.0,228.0,79.0,52.0
484.0,230.0,80.0,52.0
488.0,229.0,81.0,53.0
493.0,228.0,82.0,53.0
500.0,232.0,82.0,53.0
508.0,242.0,83.0,54.0
515.0,254.0,84.0,55.0
521.0,270.0,84.0,55.0
526.0,278.0,86.0,56.0
530.0,287.0,85.0,56.0
535.0,292.0,86.0,56.0
544.0,297.0,87.0,57.0
553.0,298.0,88.0,57.0
561.0,298.0,89.0,58.0
570.0,299.0,91.0,59.0
581.0,304.0,92.0,60.0
594.0,318.0,93.0,61.0
605.0,328.0,95.0,62.0
612.0,326.0,96.0,63.0
614.0,316.0,97.0,63.0
616.0,310.0,99.0,65.0
619.0,305.0,101.0,66.0
621.0,291.0,102.0,67.0
626.0,281.0,104.0,68.0
631.0,283.0,106.0,69.0
631.0,281.0,108.0,71.0
626.0,281.0,110.0,71.0
622.0,290.0,113.0,73.0
623.0,300.0,114.0,74.0
625.0,308.0,117.0,76.0
628.0,316.0,118.0,77.0
628.0,308.0,120.0,78.0
627.0,307.0,123.0,80.0
625.0,324.0,126.0,82.0
622.0,338.0,129.0,84.0
626.0,339.0,132.0,86.0
632.0,336.0,134.0,87.0
637.0,331.0,137.0,89.0
642.0,326.0,140.0,91.0
646.0,321.0,143.0,93.0
650.0,312.0,146.0,95.0
659.0,304.0,150.0,97.0
668.0,305.0,153.0,99.0
677.0,314.0,157.0,102.0
685.0,316.0,160.0,104.0
691.0,300.0,162.0,106.0
699.0,285.0,165.0,108.0
702.0,279.0,169.0,110.0
703.0,277.0,171.0,111.0
711.0,279.0,174.0,113.0
721.0,265.0,175.0,114.0
726.0,244.0,178.0,116.0
725.0,238.0,180.0,117.0
692.0,240.0,217.0,118.0
697.0,240.0,220.0,120.0
700.0,240.0,227.0,124.0
705.0,243.0,231.0,126.0
710.0,247.0,235.0,128.0
715.0,251.0,239.0,130.0
720.0,251.0,244.0,133.0
728.0,252.0,250.0,136.0
736.0,257.0,256.0,139.0
739.0,258.0,263.0,143.0
739.0,255.0,267.0,145.0
738.0,248.0,271.0,147.0
736.0,246.0,275.0,149.0
735.0,245.0,277.0,151.0
733.0,241.0,279.0,152.0
730.0,240.0,280.0,152.0
727.0,233.0,278.0,151.0
721.0,220.0,278.0,151.0
716.0,210.0,279.0,151.0
711.0,201.0,278.0,151.0
706.0,200.0,278.0,151.0
698.0,206.0,278.0,151.0
695.0,221.0,276.0,150.0
689.0,239.0,279.0,152.0
681.0,248.0,277.0,151.0
669.0,250.0,274.0,149.0
657.0,255.0,271.0,147.0
641.0,257.0,268.0,146.0
622.0,256.0,269.0,146.0
607.0,255.0,270.0,147.0
588.0,247.0,270.0,147.0
597.0,260.0,239.0,116.0
576.0,272.0,235.0,114.0
550.0,294.0,240.0,116.0
549.0,310.0,235.0,108.0
538.0,311.0,231.0,106.0
520.0,298.0,226.0,104.0
501.0,289.0,220.0,101.0
489.0,296.0,210.0,108.0
470.0,301.0,208.0,107.0
457.0,296.0,209.0,108.0
448.0,285.0,208.0,107.0
433.0,275.0,208.0,107.0
415.0,271.0,207.0,107.0
397.0,272.0,208.0,107.0
383.0,264.0,207.0,107.0
374.0,250.0,207.0,106.0
367.0,241.0,206.0,106.0
359.0,240.0,204.0,105.0
351.0,240.0,204.0,105.0
342.0,235.0,203.0,104.0
331.0,232.0,202.0,104.0
319.0,227.0,201.0,104.0
308.0,227.0,201.0,103.0
298.0,233.0,201.0,103.0
293.0,236.0,198.0,102.0
290.0,236.0,197.0,101.0
285.0,230.0,196.0,101.0
279.0,223.0,195.0,100.0
271.0,222.0,195.0,100.0
268.0,226.0,193.0,99.0
265.0,236.0,192.0,99.0
258.0,238.0,191.0,98.0
255.0,230.0,190.0,98.0
253.0,232.0,189.0,97.0
256.0,245.0,187.0,96.0
259.0,261.0,185.0,95.0
260.0,262.0,182.0,94.0
260.0,254.0,181.0,93.0
259.0,250.0,180.0,93.0
259.0,250.0,179.0,92.0
260.0,251.0,178.0,92.0
262.0,254.0,176.0,91.0
264.0,263.0,176.0,90.0
264.0,271.0,175.0,90.0
265.0,273.0,175.0,90.0
264.0,273.0,174.0,89.0
262.0,278.0,174.0,90.0
263.0,287.0,173.0,89.0
265.0,293.0,171.0,88.0
265.0,292.0,170.0,88.0
267.0,291.0,168.0,86.0
269.0,296.0,167.0,86.0
271.0,289.0,166.0,85.0
275.0,275.0,164.0,84.0
281.0,270.0,164.0,84.0
287.0,283.0,162.0,83.0
285.0,286.0,206.0,96.0
293.0,285.0,206.0,96.0
299.0,276.0,207.0,96.0
305.0,264.0,206.0,96.0
309.0,258.0,204.0,95.0
321.0,254.0,203.0,95.0
334.0,262.0,203.0,95.0
346.0,270.0,207.0,96.0
360.0,269.0,207.0,97.0
378.0,261.0,205.0,96.0
401.0,262.0,200.0,93.0
421.0,266.0,201.0,94.0
443.0,268.0,198.0,92.0
459.0,263.0,196.0,91.0
474.0,257.0,195.0,91.0
493.0,256.0,194.0,90.0
510.0,260.0,195.0,91.0
528.0,256.0,169.0,90.0
543.0,257.0,168.0,90.0
557.0,263.0,167.0,89.0
569.0,283.0,166.0,88.0
581.0,307.0,165.0,88.0
594.0,324.0,165.0,88.0
607.0,327.0,165.0,88.0
616.0,323.0,164.0,88.0
620.0,310.0,165.0,88.0
621.0,293.0,164.0,87.0
620.0,277.0,167.0,89.0
617.0,272.0,168.0,89.0
618.0,272.0,168.0,89.0
623.0,274.0,167.0,89.0
629.0,275.0,167.0,89.0
633.0,270.0,167.0,89.0
634.0,263.0,167.0,89.0
635.0,261.0,167.0,89.0
634.0,263.0,167.0,89.0
632.0,269.0,167.0,89.0
627.0,273.0,166.0,89.0
622.0,270.0,166.0,88.0
615.0,268.0,166.0,88.0
602.0,265.0,166.0,88.0
589.0,266.0,166.0,89.0
577.0,266.0,167.0,89.0
567.0,262.0,167.0,89.0
558.0,262.0,167.0,89.0
545.0,264.0,167.0,89.0
532.0,260.0,167.0,89.0
520.0,255.0,169.0,90.0
507.0,249.0,169.0,90.0
497.0,249.0,170.0,90.0
484.0,244.0,170.0,90.0
474.0,238.0,170.0,91.0
462.0,232.0,171.0,91.0
446.0,225.0,172.0,92.0
432.0,222.0,173.0,92.0
417.0,221.0,174.0,93.0
399.0,238.0,175.0,93.0
381.0,267.0,177.0,94.0
368.0,279.0,178.0,95.0
358.0,276.0,178.0,95.0
350.0,275.0,179.0,96.0
341.0,275.0,179.0,95.0
330.0,268.0,180.0,96.0
323.0,259.0,182.0,97.0
318.0,259.0,184.0,98.0
309.0,274.0,185.0,98.0
301.0,299.0,187.0,99.0
290.0,325.0,188.0,100.0
289.0,321.0,217.0,106.0
292.0,298.0,217.0,106.0
296.0,272.0,220.0,108.0
301.0,246.0,220.0,107.0
298.0,223.0,225.0,110.0
295.0,227.0,228.0,111.0
296.0,239.0,231.0,113.0
302.0,250.0,231.0,113.0
307.0,256.0,231.0,113.0
310.0,250.0,232.0,113.0
317.0,247.0,232.0,113.0
331.0,248.0,231.0,113.0
348.0,255.0,228.0,112.0
363.0,257.0,227.0,111.0
375.0,252.0,226.0,110.0
386.0,250.0,224.0,109.0
400.0,247.0,222.0,109.0
419.0,246.0,220.0,107.0
436.0,243.0,218.0,106.0
451.0,239.0,216.0,106.0
466.0,234.0,217.0,106.0
482.0,235.0,214.0,105.0
498.0,238.0,212.0,104.0
510.0,236.0,213.0,104.0
525.0,231.0,214.0,104.0
542.0,227.0,214.0,105.0
560.0,229.0,215.0,105.0
576.0,232.0,215.0,105.0
589.0,230.0,216.0,106.0
600.0,223.0,216.0,106.0
614.0,219.0,217.0,106.0
624.0,219.0,216.0,106.0
633.0,217.0,216.0,105.0
637.0,210.0,216.0,105.0
619.0,202.0,214.0,117.0
623.0,204.0,216.0,118.0
627.0,209.0,216.0,118.0
633.0,214.0,216.0,118.0
637.0,217.0,216.0,118.0
640.0,217.0,216.0,118.0
645.0,220.0,215.0,118.0
642.0,220.0,216.0,118.0
640.0,226.0,215.0,118.0
635.0,241.0,215.0,117.0
628.0,257.0,214.0,117.0
622.0,269.0,214.0,117.0
616.0,274.0,213.0,116.0
607.0,273.0,212.0,116.0
596.0,276.0,211.0,115.0
586.0,280.0,209.0,114.0
574.0,285.0,208.0,114.0
564.0,290.0,206.0,112.0
555.0,294.0,203.0,111.0
542.0,300.0,204.0,111.0
524.0,305.0,204.0,112.0
505.0,310.0,204.0,112.0
491.0,312.0,204.0,112.0
476.0,308.0,205.0,112.0
464.0,301.0,205.0,112.0
446.0,293.0,206.0,113.0
427.0,287.0,208.0,114.0
407.0,285.0,210.0,115.0
385.0,283.0,211.0,116.0
367.0,277.0,212.0,116.0
349.0,272.0,214.0,117.0
329.0,268.0,216.0,118.0
308.0,269.0,218.0,119.0
284.0,263.0,220.0,120.0
270.0,249.0,221.0,121.0
259.0,241.0,222.0,121.0
245.0,237.0,223.0,122.0
230.0,239.0,224.0,123.0
214.0,247.0,225.0,123.0
217.0,252.0,240.0,109.0
201.0,245.0,248.0,112.0
190.0,244.0,242.0,110.0
178.0,250.0,243.0,110.0
168.0,256.0,243.0,111.0
162.0,256.0,245.0,111.0
156.0,253.0,247.0,112.0
152.0,240.0,249.0,113.0
147.0,228.0,250.0,114.0
141.0,236.0,253.0,115.0
143.0,252.0,253.0,115.0
143.0,268.0,252.0,115.0
146.0,273.0,250.0,114.0
150.0,270.0,248.0,113.0
157.0,265.0,247.0,112.0
168.0,267.0,244.0,111.0
178.0,273.0,241.0,109.0
189.0,272.0,238.0,108.0
199.0,269.0,235.0,107.0
204.0,262.0,233.0,106.0
213.0,256.0,229.0,104.0
221.0,259.0,226.0,103.0
230.0,261.0,223.0,101.0
238.0,258.0,221.0,100.0
242.0,252.0,218.0,99.0
248.0,241.0,216.0,98.0
259.0,237.0,212.0,96.0
272.0,235.0,209.0,95.0
285.0,230.0,205.0,93.0
297.0,228.0,201.0,91.0
311.0,232.0,198.0,90.0
326.0,252.0,194.0,88.0
338.0,287.0,190.0,86.0
352.0,305.0,187.0,85.0
366.0,300.0,183.0,83.0
379.0,298.0,181.0,82.0
390.0,302.0,178.0,81.0
397.0,301.0,176.0,80.0
407.0,297.0,174.0,79.0
414.0,288.0,173.0,78.0
416.0,273.0,172.0,78.0
423.0,265.0,170.0,77.0
428.0,261.0,169.0,77.0
432.0,255.0,168.0,76.0
440.0,251.0,166.0,75.0
444.0,244.0,165.0,75.0
446.0,237.0,164.0,74.0
449.0,238.0,162.0,74.0
449.0,242.0,161.0,73.0
456.0,244.0,160.0,73.0
462.0,239.0,159.0,72.0
466.0,236.0,158.0,72.0
469.0,245.0,158.0,72.0
468.0,256.0,157.0,71.0
469.0,262.0,157.0,71.0
470.0,265.0,156.0,71.0
469.0,264.0,157.0,71.0
471.0,262.0,156.0,71.0
473.0,255.0,156.0,71.0
476.0,249.0,157.0,71.0
476.0,251.0,156.0,71.0
475.0,260.0,157.0,71.0
474.0,271.0,157.0,71.0
478.0,278.0,156.0,71.0
481.0,276.0,156.0,71.0
481.0,273.0,157.0,71.0
482.0,276.0,157.0,71.0
479.0,289.0,158.0,72.0
478.0,303.0,158.0,72.0
481.0,304.0,158.0,72.0
486.0,295.0,159.0,72.0
491.0,286.0,159.0,72.0
486.0,291.0,160.0,72.0
477.0,309.0,161.0,73.0
475.0,318.0,161.0,73.0
486.0,311.0,161.0,73.0
497.0,306.0,161.0,73.0
491.0,304.0,162.0,74.0
478.0,318.0,164.0,74.0
473.0,323.0,165.0,75.0
480.0,316.0,165.0,75.0
484.0,309.0,165.0,75.0
477.0,316.0,166.0,75.0
472.0,333.0,166.0,76.0
473.0,331.0,167.0,76.0
480.0,320.0,167.0,76.0
479.0,316.0,167.0,76.0
474.0,326.0,167.0,76.0
472.0,347.0,168.0,76.0
452.0,341.0,187.0,110.0
457.0,334.0,187.0,110.0
456.0,327.0,187.0,110.0
453.0,323.0,188.0,110.0
453.0,314.0,188.0,110.0
453.0,305.0,188.0,111.0
454.0,299.0,189.0,111.0
452.0,297.0,189.0,111.0
448.0,303.0,190.0,112.0
442.0,312.0,190.0,112.0
435.0,318.0,190.0,112.0
436.0,317.0,190.0,112.0
441.0,307.0,190.0,112.0
443.0,297.0,189.0,111.0
440.0,301.0,189.0,111.0
436.0,321.0,189.0,111.0
438.0,334.0,189.0,111.0
440.0,325.0,191.0,113.0
444.0,307.0,191.0,112.0
439.0,290.0,191.0,112.0
435.0,292.0,190.0,112.0
435.0,293.0,190.0,112.0
442.0,282.0,189.0,111.0
452.0,274.0,187.0,110.0
451.0,274.0,187.0,110.0
449.0,288.0,186.0,110.0
450.0,299.0,186.0,109.0
454.0,293.0,184.0,108.0
459.0,282.0,183.0,108.0
459.0,277.0,182.0,107.0
457.0,278.0,181.0,107.0
459.0,277.0,180.0,106.0
464.0,271.0,179.0,105.0
466.0,259.0,178.0,105.0
464.0,255.0,177.0,104.0
457.0,257.0,176.0,104.0
453.0,254.0,176.0,103.0
448.0,249.0,175.0,103.0
438.0,247.0,175.0,103.0
427.0,253.0,176.0,103.0
416.0,259.0,176.0,103.0
408.0,261.0,177.0,104.0
400.0,267.0,178.0,105.0
389.0,278.0,179.0,105.0
380.0,293.0,180.0,106.0
376.0,312.0,180.0,106.0
373.0,315.0,180.0,106.0
371.0,308.0,181.0,106.0
362.0,309.0,183.0,107.0
350.0,311.0,184.0,108.0
341.0,313.0,185.0,109.0
336.0,306.0,186.0,109.0
335.0,295.0,188.0,110.0
327.0,294.0,190.0,112.0
317.0,295.0,192.0,113.0
337.0,307.0,197.0,93.0
333.0,300.0,197.0,93.0
333.0,291.0,196.0,92.0
329.0,290.0,196.0,93.0
323.0,295.0,201.0,95.0
322.0,304.0,201.0,95.0
323.0,299.0,200.0,95.0
325.0,284.0,200.0,95.0
328.0,272.0,199.0,94.0
328.0,272.0,200.0,95.0
325.0,284.0,200.0,95.0
327.0,287.0,200.0,95.0
332.0,280.0,199.0,94.0
333.0,272.0,200.0,95.0
333.0,278.0,199.0,94.0
333.0,291.0,198.0,94.0
333.0,296.0,199.0,94.0
338.0,296.0,195.0,92.0
341.0,298.0,193.0,91.0
348.0,298.0,191.0,90.0
359.0,300.0,190.0,90.0
370.0,301.0,187.0,88.0
381.0,300.0,185.0,87.0
389.0,304.0,183.0,86.0
401.0,303.0,181.0,86.0
410.0,297.0,180.0,85.0
417.0,291.0,178.0,84.0
424.0,290.0,178.0,84.0
431.0,299.0,178.0,84.0
442.0,299.0,177.0,84.0
450.0,297.0,177.0,84.0
463.0,296.0,176.0,83.0
475.0,298.0,176.0,83.0
473.0,304.0,173.0,88.0
487.0,306.0,172.0,88.0
498.0,307.0,172.0,88.0
511.0,308.0,171.0,87.0
522.0,305.0,172.0,88.0
527.0,300.0,172.0,88.0
531.0,296.0,172.0,88.0
538.0,300.0,173.0,88.0
547.0,307.0,173.0,88.0
557.0,305.0,172.0,88.0
568.0,301.0,173.0,88.0
575.0,299.0,174.0,88.0
582.0,303.0,174.0,89.0
589.0,306.0,174.0,88.0
596.0,302.0,175.0,89.0
603.0,300.0,175.0,89.0
606.0,302.0,176.0,89.0
608.0,304.0,176.0,90.0
609.0,300.0,177.0,90.0
613.0,291.0,177.0,90.0
616.0,286.0,178.0,90.0
615.0,292.0,178.0,91.0
615.0,297.0,178.0,91.0
614.0,291.0,178.0,90.0
613.0,284.0,178.0,90.0
609.0,282.0,178.0,90.0
601.0,286.0,179.0,91.0
591.0,290.0,178.0,90.0
580.0,287.0,177.0,90.0
570.0,285.0,178.0,90.0
560.0,285.0,178.0,90.0
547.0,286.0,178.0,91.0
533.0,289.0,179.0,91.0
519.0,292.0,179.0,91.0
506.0,292.0,180.0,92.0
489.0,294.0,181.0,92.0
473.0,299.0,182.0,93.0
452.0,306.0,184.0,94.0
433.0,308.0,184.0,94.0
417.0,308.0,186.0,94.0
398.0,313.0,188.0,95.0
379.0,318.0,188.0,96.0
364.0,323.0,189.0,96.0
353.0,327.0,191.0,97.0
354.0,329.0,190.0,97.0
371.0,330.0,188.0,96.0
396.0,329.0,185.0,94.0
426.0,322.0,183.0,93.0
454.0,318.0,181.0,92.0
475.0,311.0,191.0,91.0
491.0,301.0,191.0,91.0
501.0,298.0,192.0,91.0
506.0,304.0,192.0,92.0
509.0,310.0,191.0,91.0
510.0,309.0,191.0,91.0
507.0,305.0,190.0,91.0
504.0,307.0,189.0,90.0
502.0,311.0,189.0,90.0
501.0,309.0,189.0,90.0
501.0,298.0,188.0,90.0
501.0,289.0,187.0,89.0
501.0,290.0,188.0,90.0
506.0,296.0,189.0,90.0
513.0,296.0,187.0,89.0
519.0,286.0,185.0,88.0
525.0,277.0,185.0,88.0
533.0,278.0,183.0,87.0
543.0,276.0,181.0,86.0
550.0,268.0,179.0,85.0
554.0,261.0,178.0,85.0
564.0,261.0,176.0,84.0
576.0,270.0,174.0,83.0
588.0,271.0,173.0,82.0
603.0,261.0,171.0,81.0
616.0,250.0,169.0,81.0
630.0,247.0,168.0,80.0
646.0,259.0,166.0,79.0
658.0,280.0,164.0,78.0
669.0,295.0,144.0,76.0
680.0,292.0,142.0,75.0
686.0,281.0,140.0,74.0
690.0,276.0,138.0,73.0
697.0,277.0,137.0,72.0
705.0,281.0,135.0,71.0
713.0,286.0,134.0,71.0
722.0,283.0,132.0,70.0
725.0,275.0,131.0,69.0
731.0,275.0,129.0,68.0
735.0,281.0,127.0,67.0
738.0,284.0,125.0,66.0
741.0,286.0,124.0,66.0
743.0,289.0,123.0,65.0
747.0,294.0,122.0,64.0
747.0,294.0,120.0,63.0
745.0,295.0,119.0,63.0
746.0,295.0,118.0,62.0
749.0,290.0,117.0,62.0
750.0,285.0,117.0,61.0
747.0,287.0,116.0,61.0
743.0,296.0,115.0,61.0
737.0,302.0,114.0,60.0
735.0,303.0,113.0,60.0
730.0,302.0,113.0,60.0
723.0,306.0,113.0,60.0
714.0,319.0,113.0,60.0
705.0,332.0,113.0,59.0
697.0,339.0,113.0,60.0
690.0,338.0,113.0,60.0
682.0,328.0,113.0,60.0
673.0,318.0,113.0,60.0
664.0,326.0,114.0,60.0
660.0,347.0,115.0,61.0
658.0,351.0,116.0,61.0
659.0,340.0,117.0,62.0
655.0,330.0,118.0,62.0
645.0,327.0,119.0,63.0
635.0,334.0,121.0,64.0
628.0,340.0,122.0,65.0
619.0,339.0,124.0,66.0
611.0,345.0,126.0,66.0
607.0,358.0,127.0,67.0
601.0,365.0,129.0,68.0
596.0,368.0,131.0,69.0
592.0,376.0,132.0,70.0
590.0,371.0,134.0,71.0
590.0,356.0,135.0,71.0
586.0,339.0,137.0,72.0
582.0,318.0,138.0,73.0
579.0,307.0,140.0,74.0
576.0,310.0,143.0,76.0
576.0,312.0,144.0,76.0
575.0,302.0,146.0,77.0
571.0,294.0,148.0,78.0
574.0,298.0,150.0,79.0
579.0,312.0,152.0,80.0
584.0,324.0,154.0,81.0
587.0,327.0,155.0,82.0
584.0,324.0,156.0,83.0
586.0,317.0,158.0,83.0
592.0,315.0,160.0,84.0
597.0,320.0,161.0,85.0
603.0,316.0,163.0,86.0
605.0,311.0,165.0,87.0
610.0,312.0,167.0,88.0
615.0,314.0,168.0,89.0
617.0,314.0,169.0,89.0
623.0,305.0,170.0,89.0
630.0,289.0,170.0,90.0
634.0,284.0,171.0,90.0
640.0,286.0,171.0,90.0
644.0,285.0,171.0,90.0
642.0,283.0,171.0,90.0
639.0,287.0,171.0,90.0
635.0,299.0,170.0,90.0
635.0,312.0,170.0,90.0
637.0,322.0,169.0,89.0
637.0,330.0,168.0,89.0
641.0,334.0,167.0,88.0
646.0,325.0,167.0,88.0
653.0,306.0,165.0,87.0
658.0,282.0,165.0,87.0
658.0,262.0,164.0,87.0
660.0,257.0,162.0,86.0
667.0,268.0,161.0,85.0
677.0,282.0,160.0,84.0
688.0,294.0,159.0,84.0
701.0,300.0,158.0,83.0
681.0,308.0,180.0,82.0
688.0,310.0,179.0,82.0
695.0,305.0,177.0,81.0
698.0,294.0,176.0,80.0
702.0,282.0,174.0,79.0
706.0,270.0,174.0,79.0
703.0,257.0,178.0,81.0
709.0,249.0,172.0,78.0
710.0,236.0,171.0,78.0
706.0,222.0,171.0,78.0
703.0,204.0,171.0,78.0
704.0,184.0,171.0,78.0
696.0,174.0,180.0,90.0
685.0,203.0,178.0,89.0
674.0,236.0,176.0,88.0
669.0,257.0,170.0,78.0
667.0,262.0,169.0,77.0
663.0,260.0,168.0,77.0
649.0,255.0,167.0,77.0
634.0,259.0,166.0,76.0
621.0,264.0,165.0,76.0
615.0,261.0,164.0,75.0
615.0,252.0,164.0,75.0
613.0,251.0,164.0,75.0
605.0,254.0,166.0,76.0
597.0,254.0,165.0,76.0
593.0,250.0,162.0,74.0
588.0,249.0,165.0,76.0
589.0,257.0,161.0,74.0
586.0,265.0,161.0,74.0
581.0,265.0,160.0,73.0
576.0,257.0,160.0,74.0
572.0,249.0,160.0,74.0
572.0,251.0,161.0,74.0
573.0,257.0,160.0,74.0
573.0,260.0,161.0,74.0
572.0,261.0,161.0,74.0
571.0,260.0,162.0,74.0
569.0,261.0,162.0,74.0
567.0,261.0,163.0,75.0
568.0,262.0,163.0,75.0
570.0,270.0,164.0,75.0
568.0,277.0,165.0,76.0
566.0,283.0,167.0,76.0
565.0,285.0,168.0,77.0
565.0,287.0,169.0,77.0
563.0,287.0,170.0,78.0
561.0,282.0,171.0,79.0
559.0,278.0,172.0,79.0
556.0,287.0,173.0,80.0
554.0,310.0,175.0,80.0
552.0,319.0,175.0,80.0
549.0,314.0,176.0,81.0
553.0,310.0,177.0,81.0
557.0,314.0,178.0,82.0
561.0,318.0,179.0,82.0
563.0,311.0,180.0,83.0
560.0,300.0,181.0,83.0
558.0,296.0,182.0,84.0
559.0,303.0,183.0,84.0
560.0,309.0,184.0,84.0
562.0,305.0,184.0,85.0
558.0,301.0,184.0,85.0
557.0,299.0,185.0,85.0
559.0,294.0,186.0,85.0
561.0,292.0,186.0,85.0
562.0,286.0,186.0,85.0
562.0,278.0,186.0,85.0
563.0,275.0,187.0,86.0
567.0,270.0,187.0,86.0
569.0,268.0,187.0,86.0
572.0,265.0,187.0,86.0
575.0,259.0,188.0,86.0
576.0,255.0,188.0,86.0
579.0,252.0,188.0,86.0
583.0,259.0,189.0,87.0
588.0,282.0,189.0,87.0
593.0,299.0,189.0,87.0
595.0,297.0,188.0,86.0
597.0,277.0,189.0,98.0
597.0,276.0,189.0,98.0
600.0,279.0,189.0,98.0
603.0,281.0,190.0,98.0
607.0,280.0,189.0,98.0
612.0,276.0,190.0,98.0
616.0,271.0,190.0,99.0
618.0,274.0,191.0,99.0
619.0,277.0,190.0,99.0
622.0,271.0,190.0,99.0
624.0,265.0,190.0,99.0
627.0,259.0,191.0,99.0
630.0,256.0,191.0,99.0
634.0,260.0,191.0,99.0
636.0,262.0,193.0,100.0
638.0,266.0,192.0,100.0
640.0,266.0,192.0,100.0
641.0,265.0,192.0,100.0
642.0,261.0,193.0,100.0
644.0,256.0,192.0,100.0
645.0,254.0,192.0,100.0
647.0,258.0,192.0,100.0
646.0,266.0,192.0,99.0
646.0,268.0,192.0,100.0
645.0,258.0,192.0,99.0
645.0,252.0,191.0,99.0
646.0,263.0,192.0,99.0
649.0,282.0,191.0,99.0
654.0,282.0,190.0,99.0
657.0,263.0,190.0,98.0
654.0,258.0,190.0,98.0
651.0,276.0,189.0,98.0
649.0,290.0,188.0,97.0
647.0,293.0,187.0,97.0
643.0,296.0,186.0,97.0
643.0,300.0,185.0,96.0
646.0,296.0,184.0,95.0
648.0,291.0,183.0,95.0
652.0,286.0,182.0,94.0
653.0,290.0,181.0,94.0
657.0,300.0,180.0,94.0
659.0,299.0,179.0,93.0
660.0,286.0,178.0,92.0
666.0,276.0,177.0,92.0
671.0,278.0,175.0,91.0
677.0,278.0,174.0,90.0
679.0,265.0,172.0,89.0
677.0,252.0,170.0,88.0
676.0,248.0,168.0,87.0
672.0,247.0,166.0,86.0
671.0,245.0,164.0,85.0
671.0,233.0,162.0,84.0
671.0,237.0,160.0,83.0
676.0,265.0,158.0,82.0
681.0,284.0,156.0,81.0
687.0,288.0,154.0,80.0
692.0,287.0,151.0,79.0
696.0,278.0,150.0,78.0
700.0,265.0,148.0,77.0
705.0,265.0,146.0,76.0
712.0,266.0,144.0,74.0
718.0,253.0,141.0,73.0
717.0,243.0,139.0,72.0
713.0,247.0,136.0,71.0
707.0,251.0,133.0,69.0
707.0,248.0,132.0,68.0
710.0,245.0,130.0,67.0
709.0,239.0,128.0,66.0
704.0,237.0,126.0,65.0
695.0,247.0,124.0,64.0
685.0,252.0,122.0,63.0
683.0,246.0,121.0,63.0
683.0,235.0,119.0,62.0
684.0,225.0,118.0,61.0
680.0,218.0,117.0,61.0
674.0,218.0,116.0,60.0
665.0,225.0,114.0,59.0
657.0,231.0,113.0,58.0
647.0,229.0,111.0,58.0
639.0,224.0,110.0,57.0
632.0,221.0,109.0,57.0
620.0,227.0,108.0,56.0
607.0,241.0,107.0,56.0
599.0,250.0,106.0,55.0
594.0,254.0,105.0,55.0
586.0,258.0,105.0,54.0
575.0,266.0,104.0,54.0
566.0,271.0,103.0,54.0
557.0,272.0,103.0,53.0
546.0,270.0,103.0,53.0
536.0,270.0,103.0,53.0
529.0,272.0,102.0,53.0
523.0,273.0,102.0,53.0
514.0,271.0,102.0,53.0
512.0,266.0,102.0,53.0
512.0,263.0,103.0,53.0
516.0,267.0,102.0,53.0
519.0,267.0,102.0,53.0
520.0,266.0,101.0,53.0
519.0,266.0,102.0,53.0
519.0,271.0,102.0,53.0
521.0,279.0,102.0,53.0
528.0,282.0,102.0,53.0
532.0,280.0,102.0,53.0
536.0,280.0,102.0,53.0
538.0,278.0,102.0,53.0
542.0,254.0,103.0,54.0
547.0,226.0,104.0,54.0
552.0,219.0,105.0,54.0
560.0,239.0,105.0,55.0
570.0,260.0,105.0,55.0
578.0,256.0,105.0,55.0
581.0,255.0,106.0,55.0
586.0,274.0,107.0,55.0
595.0,285.0,107.0,56.0
605.0,278.0,108.0,56.0
614.0,271.0,108.0,56.0
619.0,272.0,109.0,56.0
622.0,275.0,109.0,57.0
625.0,270.0,109.0,57.0
629.0,265.0,110.0,57.0
635.0,276.0,111.0,58.0
640.0,290.0,112.0,58.0
643.0,293.0,113.0,58.0
644.0,289.0,114.0,59.0
647.0,282.0,114.0,59.0
649.0,270.0,116.0,60.0
649.0,256.0,117.0,61.0
648.0,246.0,115.0,60.0
647.0,238.0,119.0,62.0
642.0,231.0,122.0,63.0
642.0,231.0,122.0,63.0
638.0,226.0,123.0,64.0
634.0,226.0,126.0,65.0
632.0,226.0,128.0,66.0
661.0,230.0,121.0,62.0
660.0,223.0,122.0,62.0
658.0,216.0,122.0,63.0
658.0,215.0,123.0,63.0
660.0,212.0,123.0,63.0
661.0,207.0,124.0,64.0
661.0,211.0,125.0,64.0
662.0,222.0,125.0,64.0
665.0,237.0,124.0,63.0
669.0,247.0,126.0,64.0
673.0,252.0,125.0,64.0
673.0,250.0,125.0,64.0
672.0,250.0,128.0,65.0
673.0,254.0,126.0,65.0
672.0,253.0,128.0,66.0
672.0,253.0,129.0,66.0
670.0,255.0,130.0,67.0
671.0,267.0,127.0,65.0
668.0,280.0,132.0,68.0
673.0,292.0,127.0,65.0
671.0,288.0,133.0,68.0
669.0,284.0,133.0,68.0
663.0,283.0,134.0,69.0
657.0,284.0,134.0,68.0
653.0,282.0,134.0,69.0
653.0,274.0,134.0,69.0
651.0,266.0,135.0,69.0
644.0,265.0,135.0,69.0
637.0,274.0,136.0,69.0
634.0,283.0,136.0,70.0
631.0,297.0,136.0,70.0
628.0,309.0,136.0,70.0
626.0,316.0,136.0,70.0
623.0,320.0,138.0,71.0
622.0,325.0,137.0,70.0
619.0,323.0,138.0,71.0
617.0,321.0,139.0,71.0
618.0,317.0,137.0,70.0
616.0,313.0,140.0,72.0
615.0,311.0,140.0,72.0
613.0,314.0,140.0,72.0
613.0,316.0,138.0,71.0
609.0,313.0,140.0,72.0
605.0,314.0,139.0,71.0
602.0,313.0,139.0,71.0
601.0,313.0,140.0,72.0
598.0,315.0,140.0,71.0
593.0,317.0,140.0,72.0
591.0,316.0,140.0,71.0
590.0,310.0,140.0,72.0
588.0,309.0,140.0,72.0
585.0,311.0,140.0,72.0
582.0,314.0,140.0,72.0
582.0,315.0,140.0,72.0
582.0,316.0,140.0,72.0
581.0,316.0,140.0,72.0
582.0,312.0,141.0,72.0
584.0,309.0,141.0,72.0
586.0,306.0,142.0,73.0
588.0,301.0,142.0,73.0
590.0,290.0,142.0,73.0
592.0,282.0,142.0,73.0
595.0,279.0,142.0,73.0
600.0,277.0,142.0,73.0
604.0,276.0,143.0,73.0
609.0,276.0,144.0,74.0
613.0,273.0,144.0,74.0
616.0,266.0,145.0,74.0
621.0,260.0,145.0,74.0
626.0,258.0,146.0,75.0
633.0,266.0,146.0,75.0
642.0,274.0,147.0,75.0
647.0,269.0,147.0,76.0
650.0,260.0,148.0,76.0
656.0,257.0,148.0,76.0
662.0,260.0,149.0,76.0
669.0,261.0,150.0,77.0
676.0,258.0,150.0,77.0
681.0,258.0,150.0,77.0
685.0,258.0,151.0,77.0
688.0,261.0,151.0,77.0
691.0,262.0,151.0,78.0
694.0,259.0,152.0,78.0
696.0,257.0,153.0,78.0
700.0,255.0,154.0,79.0
705.0,256.0,155.0,79.0
714.0,261.0,153.0,78.0
716.0,259.0,153.0,79.0
716.0,254.0,153.0,78.0
715.0,247.0,154.0,79.0
716.0,241.0,155.0,79.0
720.0,242.0,155.0,79.0
720.0,245.0,156.0,80.0
723.0,247.0,155.0,79.0
724.0,247.0,157.0,81.0
726.0,244.0,157.0,80.0
730.0,243.0,157.0,80.0
732.0,244.0,158.0,81.0
734.0,252.0,159.0,82.0
734.0,256.0,159.0,81.0
735.0,257.0,158.0,81.0
736.0,262.0,159.0,81.0
735.0,263.0,160.0,82.0
734.0,267.0,161.0,82.0
735.0,268.0,161.0,82.0
734.0,264.0,161.0,83.0
733.0,262.0,162.0,83.0
731.0,266.0,163.0,84.0
726.0,268.0,163.0,84.0
721.0,269.0,164.0,84.0
715.0,273.0,164.0,84.0
707.0,278.0,165.0,84.0
700.0,291.0,165.0,85.0
693.0,300.0,166.0,85.0
685.0,301.0,167.0,85.0
678.0,301.0,167.0,86.0
675.0,296.0,168.0,86.0
675.0,293.0,169.0,87.0
671.0,304.0,170.0,87.0
666.0,319.0,171.0,88.0
664.0,327.0,172.0,88.0
660.0,326.0,172.0,88.0
655.0,325.0,173.0,89.0
652.0,332.0,174.0,89.0
652.0,334.0,176.0,90.0
654.0,324.0,177.0,91.0
656.0,317.0,178.0,91.0
656.0,312.0,180.0,92.0
658.0,310.0,181.0,93.0
660.0,308.0,182.0,93.0
663.0,302.0,184.0,94.0
666.0,296.0,185.0,95.0
669.0,290.0,186.0,96.0
671.0,291.0,188.0,96.0
676.0,295.0,189.0,97.0
679.0,290.0,191.0,98.0
683.0,283.0,192.0,98.0
688.0,278.0,193.0,99.0
691.0,275.0,195.0,100.0
694.0,271.0,196.0,100.0
698.0,265.0,198.0,101.0
701.0,261.0,199.0,102.0
705.0,261.0,201.0,103.0
709.0,266.0,202.0,104.0
712.0,281.0,203.0,104.0
718.0,298.0,205.0,105.0
725.0,300.0,206.0,106.0
711.0,306.0,216.0,92.0
719.0,286.0,228.0,107.0
724.0,283.0,215.0,104.0
