622.0,401.0,161.0,266.0
622.0,401.0,161.0,266.0
622.0,401.0,161.0,266.0
622.0,401.0,161.0,266.0
622.0,401.0,161.0,266.0
622.0,401.0,161.0,266.0
622.0,401.0,161.0,266.0
622.0,401.0,161.0,266.0
622.0,401.0,161.0,266.0
622.0,401.0,161.0,266.0
622.0,402.0,161.0,266.0
622.0,402.0,161.0,266.0
623.0,402.0,161.0,266.0
623.0,402.0,161.0,266.0
623.0,402.0,161.0,267.0
623.0,402.0,161.0,267.0
623.0,402.0,161.0,267.0
623.0,402.0,162.0,267.0
623.0,402.0,162.0,267.0
623.0,403.0,162.0,267.0
623.0,403.0,162.0,267.0
623.0,403.0,162.0,267.0
623.0,403.0,162.0,267.0
623.0,403.0,161.0,266.0
623.0,403.0,162.0,267.0
623.0,403.0,162.0,267.0
623.0,403.0,162.0,267.0
623.0,403.0,162.0,267.0
623.0,403.0,162.0,267.0
623.0,403.0,162.0,267.0
623.0,403.0,162.0,268.0
624.0,404.0,162.0,267.0
624.0,404.0,162.0,268.0
624.0,404.0,162.0,268.0
624.0,404.0,162.0,268.0
624.0,404.0,162.0,268.0
624.0,404.0,162.0,268.0
625.0,404.0,162.0,268.0
625.0,404.0,162.0,268.0
625.0,404.0,162.0,268.0
625.0,404.0,162.0,268.0
625.0,404.0,162.0,268.0
626.0,404.0,162.0,268.0
626.0,404.0,162.0,268.0
626.0,404.0,162.0,268.0
626.0,404.0,162.0,268.0
627.0,404.0,162.0,268.0
627.0,404.0,162.0,268.0
627.0,404.0,162.0,268.0
627.0,404.0,162.0,268.0
628.0,404.0,162.0,268.0
628.0,404.0,162.0,268.0
628.0,404.0,162.0,268.0
629.0,404.0,162.0,268.0
629.0,404.0,162.0,268.0
630.0,403.0,162.0,268.0
630.0,403.0,162.0,268.0
631.0,403.0,162.0,268.0
631.0,403.0,162.0,268.0
632.0,403.0,162.0,268.0
633.0,403.0,162.0,268.0
634.0,403.0,162.0,268.0
634.0,403.0,162.0,268.0
635.0,403.0,162.0,268.0
636.0,403.0,162.0,268.0
637.0,402.0,162.0,268.0
638.0,402.0,162.0,267.0
639.0,402.0,162.0,267.0
640.0,402.0,162.0,267.0
641.0,401.0,162.0,267.0
642.0,401.0,162.0,267.0
643.0,401.0,162.0,267.0
644.0,401.0,162.0,267.0
645.0,401.0,162.0,267.0
646.0,401.0,162.0,267.0
646.0,401.0,161.0,267.0
647.0,401.0,161.0,267.0
647.0,401.0,161.0,267.0
648.0,401.0,161.0,267.0
648.0,401.0,161.0,267.0
648.0,401.0,161.0,267.0
648.0,401.0,161.0,266.0
648.0,401.0,161.0,267.0
648.0,401.0,161.0,267.0
647.0,401.0,162.0,267.0
646.0,401.0,162.0,267.0
645.0,401.0,162.0,267.0
644.0,401.0,162.0,267.0
643.0,401.0,162.0,267.0
642.0,401.0,162.0,267.0
641.0,401.0,162.0,268.0
639.0,401.0,162.0,267.0
638.0,400.0,162.0,268.0
636.0,401.0,162.0,268.0
634.0,401.0,162.0,268.0
632.0,401.0,162.0,268.0
629.0,401.0,162.0,268.0
628.0,401.0,162.0,268.0
626.0,400.0,162.0,268.0
625.0,399.0,162.0,268.0
624.0,399.0,162.0,268.0
623.0,399.0,162.0,268.0
620.0,397.0,163.0,269.0
619.0,396.0,163.0,270.0
620.0,395.0,163.0,270.0
619.0,395.0,164.0,270.0
620.0,397.0,161.0,266.0
621.0,399.0,162.0,268.0
620.0,401.0,165.0,272.0
617.0,404.0,165.0,273.0
615.0,406.0,167.0,276.0
612.0,410.0,169.0,278.0
611.0,415.0,168.0,278.0
607.0,418.0,172.0,284.0
602.0,421.0,176.0,291.0
596.0,426.0,179.0,296.0
570.0,436.0,225.0,277.0
563.0,441.0,231.0,284.0
559.0,445.0,235.0,289.0
557.0,449.0,238.0,294.0
556.0,451.0,242.0,298.0
556.0,453.0,244.0,300.0
556.0,454.0,247.0,304.0
556.0,457.0,250.0,307.0
557.0,458.0,251.0,310.0
559.0,458.0,252.0,310.0
561.0,458.0,251.0,309.0
563.0,458.0,250.0,307.0
565.0,457.0,248.0,306.0
566.0,453.0,248.0,306.0
567.0,450.0,249.0,306.0
571.0,446.0,247.0,305.0
573.0,442.0,249.0,306.0
576.0,437.0,249.0,306.0
581.0,433.0,248.0,305.0
586.0,428.0,246.0,303.0
589.0,422.0,246.0,302.0
592.0,415.0,245.0,301.0
595.0,408.0,244.0,301.0
582.0,436.0,325.0,242.0
589.0,429.0,324.0,241.0
596.0,423.0,323.0,241.0
605.0,417.0,321.0,239.0
615.0,413.0,320.0,238.0
626.0,409.0,319.0,237.0
638.0,405.0,316.0,235.0
650.0,400.0,313.0,233.0
663.0,396.0,307.0,229.0
677.0,393.0,303.0,225.0
689.0,391.0,298.0,222.0
698.0,388.0,294.0,219.0
705.0,383.0,291.0,217.0
710.0,380.0,289.0,215.0
716.0,377.0,286.0,213.0
720.0,376.0,284.0,211.0
724.0,374.0,282.0,210.0
727.0,372.0,279.0,208.0
730.0,370.0,277.0,206.0
735.0,369.0,273.0,203.0
740.0,368.0,268.0,200.0
744.0,366.0,265.0,197.0
750.0,364.0,261.0,194.0
756.0,362.0,257.0,191.0
761.0,360.0,252.0,188.0
768.0,357.0,247.0,184.0
776.0,354.0,244.0,181.0
783.0,351.0,240.0,179.0
789.0,347.0,236.0,176.0
798.0,345.0,230.0,171.0
806.0,342.0,223.0,166.0
813.0,338.0,217.0,161.0
819.0,334.0,211.0,157.0
827.0,329.0,205.0,153.0
832.0,325.0,201.0,149.0
838.0,322.0,195.0,145.0
842.0,318.0,191.0,142.0
846.0,314.0,186.0,138.0
848.0,308.0,184.0,137.0
850.0,303.0,182.0,136.0
855.0,300.0,177.0,132.0
858.0,298.0,174.0,129.0
859.0,294.0,170.0,126.0
860.0,290.0,165.0,123.0
860.0,287.0,162.0,120.0
857.0,285.0,162.0,121.0
855.0,283.0,163.0,121.0
876.0,274.0,134.0,160.0
875.0,272.0,135.0,162.0
873.0,269.0,139.0,166.0
871.0,268.0,141.0,168.0
870.0,268.0,142.0,170.0
869.0,268.0,142.0,170.0
868.0,269.0,142.0,169.0
867.0,270.0,141.0,169.0
866.0,273.0,142.0,170.0
865.0,276.0,141.0,169.0
864.0,279.0,141.0,168.0
863.0,281.0,140.0,168.0
863.0,283.0,140.0,167.0
862.0,285.0,140.0,167.0
862.0,286.0,139.0,166.0
861.0,286.0,140.0,167.0
861.0,285.0,140.0,168.0
861.0,285.0,141.0,168.0
861.0,285.0,140.0,168.0
861.0,286.0,141.0,168.0
862.0,286.0,141.0,168.0
862.0,286.0,141.0,169.0
863.0,286.0,141.0,169.0
863.0,287.0,142.0,170.0
863.0,287.0,142.0,170.0
864.0,288.0,142.0,169.0
865.0,290.0,142.0,169.0
866.0,292.0,141.0,168.0
866.0,293.0,141.0,169.0
867.0,294.0,141.0,169.0
868.0,296.0,143.0,170.0
869.0,299.0,143.0,171.0
871.0,303.0,145.0,173.0
872.0,307.0,146.0,174.0
874.0,311.0,147.0,176.0
875.0,316.0,148.0,177.0
877.0,322.0,148.0,177.0
880.0,328.0,147.0,176.0
881.0,336.0,149.0,178.0
883.0,343.0,152.0,182.0
885.0,351.0,156.0,187.0
887.0,360.0,159.0,190.0
891.0,369.0,161.0,192.0
893.0,378.0,165.0,197.0
894.0,387.0,170.0,203.0
895.0,395.0,176.0,210.0
898.0,403.0,176.0,210.0
903.0,413.0,175.0,209.0
905.0,423.0,176.0,210.0
905.0,432.0,183.0,219.0
909.0,440.0,181.0,216.0
912.0,449.0,183.0,218.0
916.0,459.0,179.0,213.0
920.0,469.0,172.0,206.0
917.0,474.0,178.0,212.0
912.0,478.0,182.0,217.0
906.0,481.0,184.0,220.0
901.0,484.0,184.0,220.0
893.0,486.0,187.0,223.0
887.0,488.0,189.0,226.0
878.0,488.0,194.0,232.0
869.0,490.0,197.0,235.0
859.0,491.0,198.0,236.0
850.0,493.0,194.0,231.0
841.0,495.0,191.0,228.0
830.0,495.0,190.0,227.0
819.0,495.0,189.0,226.0
808.0,494.0,188.0,225.0
795.0,494.0,189.0,226.0
781.0,492.0,192.0,229.0
770.0,491.0,193.0,230.0
758.0,489.0,194.0,232.0
746.0,489.0,195.0,232.0
737.0,491.0,190.0,227.0
729.0,493.0,186.0,222.0
720.0,496.0,182.0,218.0
709.0,499.0,178.0,213.0
698.0,502.0,176.0,210.0
683.0,508.0,176.0,210.0
668.0,513.0,179.0,213.0
654.0,518.0,185.0,220.0
642.0,524.0,191.0,229.0
630.0,533.0,197.0,235.0
618.0,543.0,201.0,240.0
607.0,555.0,204.0,243.0
598.0,564.0,206.0,247.0
592.0,569.0,206.0,246.0
586.0,574.0,204.0,243.0
579.0,577.0,204.0,244.0
572.0,580.0,207.0,247.0
566.0,583.0,211.0,252.0
560.0,584.0,215.0,257.0
555.0,585.0,216.0,258.0
550.0,586.0,217.0,259.0
545.0,586.0,218.0,260.0
541.0,585.0,217.0,259.0
537.0,585.0,216.0,258.0
535.0,586.0,213.0,255.0
532.0,589.0,211.0,252.0
529.0,591.0,212.0,253.0
527.0,594.0,211.0,252.0
525.0,596.0,210.0,251.0
523.0,597.0,211.0,252.0
522.0,598.0,211.0,252.0
522.0,599.0,211.0,251.0
522.0,601.0,211.0,252.0
523.0,603.0,211.0,251.0
525.0,605.0,210.0,251.0
526.0,607.0,211.0,251.0
528.0,609.0,210.0,251.0
529.0,611.0,210.0,251.0
530.0,614.0,210.0,251.0
531.0,616.0,210.0,251.0
533.0,619.0,210.0,251.0
534.0,621.0,210.0,251.0
535.0,624.0,210.0,251.0
537.0,627.0,210.0,251.0
538.0,629.0,210.0,251.0
539.0,632.0,210.0,251.0
539.0,634.0,210.0,251.0
540.0,636.0,210.0,251.0
540.0,638.0,210.0,251.0
541.0,640.0,210.0,251.0
541.0,643.0,211.0,252.0
541.0,646.0,211.0,252.0
541.0,650.0,212.0,253.0
541.0,655.0,212.0,253.0
542.0,660.0,212.0,253.0
541.0,665.0,212.0,253.0
541.0,671.0,213.0,254.0
541.0,676.0,213.0,254.0
540.0,681.0,213.0,255.0
539.0,686.0,214.0,255.0
539.0,690.0,215.0,256.0
539.0,692.0,215.0,257.0
538.0,694.0,215.0,257.0
537.0,695.0,215.0,257.0
536.0,697.0,216.0,258.0
535.0,698.0,216.0,258.0
535.0,700.0,216.0,258.0
534.0,701.0,216.0,258.0
534.0,701.0,216.0,258.0
534.0,702.0,216.0,258.0
534.0,702.0,215.0,257.0
534.0,702.0,215.0,257.0
534.0,703.0,215.0,257.0
534.0,703.0,215.0,257.0
534.0,702.0,215.0,257.0
534.0,701.0,215.0,257.0
534.0,701.0,216.0,257.0
535.0,700.0,216.0,257.0
536.0,700.0,215.0,257.0
537.0,700.0,215.0,257.0
539.0,700.0,216.0,257.0
540.0,700.0,216.0,258.0
541.0,700.0,216.0,258.0
543.0,699.0,216.0,258.0
544.0,699.0,216.0,258.0
546.0,699.0,217.0,259.0
548.0,699.0,217.0,259.0
550.0,698.0,217.0,259.0
552.0,698.0,217.0,259.0
554.0,697.0,216.0,258.0
556.0,697.0,217.0,259.0
557.0,697.0,217.0,259.0
558.0,696.0,217.0,259.0
560.0,695.0,217.0,259.0
561.0,695.0,217.0,259.0
560.0,696.0,217.0,259.0
560.0,697.0,217.0,260.0
560.0,697.0,217.0,259.0
560.0,698.0,217.0,259.0
560.0,698.0,217.0,259.0
560.0,699.0,218.0,260.0
560.0,700.0,218.0,260.0
559.0,700.0,217.0,259.0
558.0,700.0,218.0,260.0
558.0,701.0,217.0,259.0
557.0,701.0,217.0,260.0
556.0,701.0,217.0,259.0
556.0,700.0,217.0,259.0
555.0,700.0,218.0,260.0
555.0,701.0,217.0,259.0
555.0,701.0,217.0,260.0
554.0,702.0,218.0,260.0
555.0,701.0,215.0,257.0
554.0,698.0,216.0,258.0
555.0,696.0,215.0,257.0
553.0,696.0,216.0,257.0
553.0,696.0,216.0,258.0
552.0,697.0,216.0,258.0
551.0,697.0,215.0,257.0
549.0,696.0,218.0,260.0
547.0,696.0,217.0,260.0
545.0,696.0,221.0,264.0
543.0,695.0,225.0,268.0
543.0,696.0,225.0,268.0
542.0,696.0,224.0,268.0
543.0,696.0,223.0,266.0
542.0,697.0,223.0,267.0
544.0,697.0,220.0,263.0
543.0,698.0,220.0,262.0
544.0,699.0,220.0,263.0
540.0,703.0,217.0,260.0
539.0,705.0,217.0,259.0
538.0,708.0,217.0,259.0
536.0,710.0,215.0,257.0
536.0,711.0,215.0,256.0
536.0,712.0,215.0,257.0
536.0,713.0,215.0,256.0
536.0,713.0,215.0,257.0
0
0
0
0
0
0
0
0
0
0
0
0
0
0
0
0
0
0
0
0
0
0
0
0
0
0
0
0
0
0
0
0
0
0
0
0
0
0
0
0
0
0
0
0
0
0
0
0
0
0
0
0
0
0
0
0
0
0
0
0
0
0
0
0
0
0
0
0
0
0
0
0
0
0
0
0
0
0
0
0
0
0
0
0
0
0
621.0,646.0,159.0,73.0
622.0,646.0,159.0,73.0
623.0,647.0,158.0,73.0
623.0,646.0,158.0,73.0
624.0,646.0,158.0,72.0
625.0,646.0,158.0,72.0
625.0,646.0,158.0,72.0
624.0,646.0,158.0,73.0
625.0,646.0,157.0,72.0
624.0,646.0,158.0,73.0
624.0,646.0,158.0,73.0
624.0,646.0,158.0,73.0
624.0,646.0,158.0,73.0
623.0,646.0,158.0,73.0
623.0,646.0,158.0,72.0
623.0,646.0,158.0,73.0
623.0,646.0,158.0,72.0
622.0,646.0,158.0,72.0
619.0,646.0,158.0,72.0
616.0,646.0,158.0,72.0
612.0,645.0,158.0,72.0
608.0,644.0,157.0,72.0
602.0,643.0,158.0,73.0
595.0,643.0,158.0,73.0
588.0,642.0,158.0,73.0
581.0,641.0,158.0,72.0
573.0,641.0,158.0,73.0
564.0,641.0,159.0,73.0
554.0,641.0,160.0,73.0
544.0,642.0,160.0,73.0
534.0,644.0,161.0,74.0
523.0,646.0,163.0,75.0
514.0,649.0,165.0,76.0
506.0,651.0,167.0,76.0
499.0,654.0,168.0,77.0
495.0,656.0,169.0,77.0
493.0,657.0,169.0,78.0
493.0,656.0,168.0,77.0
496.0,654.0,168.0,77.0
501.0,650.0,168.0,77.0
508.0,646.0,165.0,76.0
518.0,642.0,158.0,72.0
530.0,638.0,150.0,69.0
544.0,633.0,148.0,68.0
559.0,630.0,146.0,67.0
575.0,628.0,145.0,66.0
593.0,630.0,143.0,66.0
612.0,634.0,142.0,65.0
630.0,643.0,141.0,65.0
640.0,653.0,148.0,68.0
653.0,666.0,150.0,69.0
558.0,639.0,207.0,81.0
559.0,642.0,217.0,85.0
560.0,645.0,225.0,88.0
559.0,646.0,231.0,90.0
558.0,647.0,235.0,92.0
561.0,649.0,234.0,92.0
561.0,650.0,235.0,92.0
562.0,650.0,235.0,92.0
563.0,649.0,231.0,90.0
562.0,648.0,227.0,89.0
555.0,645.0,227.0,89.0
555.0,643.0,218.0,85.0
551.0,642.0,211.0,83.0
546.0,640.0,204.0,80.0
539.0,639.0,198.0,77.0
527.0,639.0,196.0,77.0
598.0,629.0,177.0,91.0
582.0,624.0,178.0,91.0
563.0,622.0,177.0,91.0
543.0,622.0,178.0,91.0
525.0,624.0,177.0,91.0
505.0,631.0,179.0,92.0
488.0,639.0,180.0,93.0
475.0,650.0,182.0,94.0
466.0,659.0,183.0,94.0
459.0,667.0,186.0,95.0
454.0,672.0,188.0,97.0
453.0,675.0,189.0,97.0
454.0,676.0,188.0,97.0
458.0,676.0,186.0,96.0
462.0,673.0,187.0,96.0
467.0,670.0,186.0,96.0
476.0,662.0,183.0,94.0
486.0,656.0,182.0,93.0
497.0,651.0,180.0,93.0
509.0,646.0,181.0,93.0
523.0,643.0,182.0,93.0
536.0,642.0,183.0,94.0
550.0,642.0,182.0,93.0
559.0,643.0,182.0,93.0
566.0,645.0,182.0,94.0
571.0,647.0,182.0,94.0
573.0,648.0,182.0,94.0
575.0,649.0,182.0,94.0
574.0,649.0,182.0,94.0
574.0,649.0,182.0,94.0
573.0,649.0,182.0,94.0
572.0,649.0,182.0,94.0
572.0,650.0,182.0,94.0
572.0,650.0,182.0,94.0
572.0,650.0,183.0,94.0
572.0,650.0,183.0,94.0
572.0,651.0,183.0,94.0
572.0,651.0,182.0,94.0
572.0,652.0,182.0,93.0
572.0,653.0,181.0,93.0
572.0,654.0,179.0,92.0
573.0,655.0,176.0,90.0
573.0,656.0,172.0,89.0
573.0,656.0,169.0,87.0
572.0,656.0,166.0,85.0
571.0,656.0,164.0,84.0
570.0,657.0,163.0,84.0
569.0,657.0,162.0,83.0
569.0,657.0,162.0,83.0
569.0,657.0,161.0,83.0
569.0,657.0,162.0,83.0
567.0,657.0,165.0,85.0
571.0,659.0,164.0,84.0
573.0,662.0,165.0,85.0
576.0,665.0,165.0,85.0
579.0,668.0,165.0,85.0
582.0,671.0,164.0,85.0
585.0,675.0,165.0,85.0
588.0,678.0,165.0,85.0
591.0,680.0,165.0,85.0
593.0,683.0,165.0,85.0
596.0,654.0,164.0,116.0
599.0,655.0,164.0,66.0
602.0,656.0,164.0,66.0
604.0,657.0,164.0,66.0
606.0,658.0,164.0,66.0
608.0,659.0,164.0,66.0
610.0,659.0,164.0,66.0
611.0,660.0,164.0,66.0
611.0,660.0,164.0,66.0
611.0,661.0,164.0,66.0
609.0,662.0,164.0,66.0
607.0,662.0,162.0,65.0
604.0,663.0,162.0,65.0
600.0,664.0,161.0,65.0
597.0,665.0,160.0,65.0
594.0,665.0,160.0,64.0
591.0,665.0,159.0,64.0
589.0,664.0,159.0,64.0
587.0,664.0,159.0,64.0
586.0,663.0,158.0,64.0
585.0,663.0,158.0,64.0
584.0,663.0,158.0,64.0
584.0,663.0,158.0,63.0
584.0,663.0,158.0,63.0
584.0,663.0,158.0,63.0
584.0,663.0,158.0,64.0
584.0,663.0,158.0,64.0
584.0,663.0,158.0,64.0
584.0,663.0,158.0,64.0
584.0,663.0,158.0,64.0
584.0,663.0,158.0,64.0
584.0,663.0,158.0,64.0
584.0,663.0,158.0,64.0
584.0,663.0,158.0,64.0
584.0,663.0,158.0,64.0
584.0,663.0,158.0,64.0
584.0,663.0,158.0,64.0
584.0,663.0,158.0,64.0
584.0,663.0,158.0,64.0
584.0,663.0,158.0,64.0
584.0,663.0,158.0,64.0
584.0,663.0,158.0,64.0
584.0,663.0,158.0,64.0
584.0,663.0,158.0,64.0
584.0,663.0,158.0,64.0
584.0,663.0,158.0,64.0
584.0,663.0,158.0,64.0
584.0,663.0,158.0,64.0
584.0,663.0,158.0,64.0
584.0,663.0,158.0,64.0
584.0,663.0,158.0,64.0
584.0,663.0,158.0,64.0
584.0,663.0,158.0,64.0
585.0,663.0,158.0,64.0
585.0,664.0,158.0,64.0
585.0,664.0,158.0,64.0
585.0,664.0,158.0,64.0
585.0,664.0,158.0,64.0
586.0,664.0,158.0,64.0
587.0,664.0,158.0,64.0
587.0,664.0,158.0,64.0
589.0,664.0,159.0,64.0
590.0,665.0,158.0,64.0
592.0,665.0,158.0,64.0
594.0,665.0,159.0,64.0
596.0,666.0,158.0,64.0
599.0,666.0,159.0,64.0
604.0,667.0,158.0,64.0
607.0,667.0,158.0,64.0
612.0,668.0,159.0,64.0
616.0,668.0,158.0,64.0
620.0,668.0,158.0,64.0
624.0,668.0,158.0,64.0
629.0,668.0,159.0,64.0
633.0,668.0,159.0,64.0
637.0,667.0,159.0,64.0
641.0,667.0,159.0,64.0
645.0,666.0,159.0,64.0
649.0,665.0,159.0,64.0
653.0,663.0,159.0,64.0
656.0,662.0,160.0,64.0
660.0,660.0,160.0,64.0
663.0,658.0,160.0,64.0
665.0,656.0,160.0,64.0
667.0,654.0,161.0,65.0
668.0,653.0,162.0,65.0
669.0,653.0,163.0,65.0
669.0,654.0,163.0,66.0
669.0,656.0,164.0,66.0
668.0,660.0,164.0,66.0
667.0,665.0,165.0,66.0
666.0,668.0,165.0,66.0
664.0,672.0,164.0,66.0
661.0,676.0,165.0,66.0
657.0,681.0,166.0,67.0
651.0,685.0,168.0,68.0
644.0,687.0,171.0,69.0
642.0,687.0,173.0,69.0
644.0,688.0,171.0,69.0
648.0,688.0,168.0,68.0
648.0,688.0,168.0,68.0
663.0,686.0,172.0,69.0
674.0,684.0,170.0,68.0
685.0,683.0,169.0,68.0
696.0,682.0,170.0,69.0
706.0,680.0,170.0,68.0
713.0,677.0,171.0,69.0
719.0,676.0,172.0,69.0
726.0,673.0,171.0,69.0
732.0,670.0,171.0,69.0
736.0,666.0,172.0,69.0
740.0,664.0,172.0,69.0
744.0,660.0,173.0,70.0
749.0,658.0,173.0,70.0
753.0,655.0,174.0,70.0
757.0,651.0,172.0,69.0
760.0,647.0,171.0,69.0
764.0,641.0,170.0,69.0
771.0,635.0,170.0,68.0
780.0,629.0,169.0,68.0
789.0,622.0,167.0,67.0
800.0,617.0,165.0,67.0
812.0,611.0,166.0,67.0
771.0,605.0,211.0,114.0
783.0,598.0,209.0,113.0
795.0,590.0,208.0,112.0
807.0,584.0,204.0,110.0
727.0,565.0,299.0,152.0
742.0,559.0,294.0,150.0
755.0,552.0,291.0,148.0
769.0,545.0,287.0,146.0
773.0,558.0,310.0,162.0
787.0,552.0,307.0,161.0
802.0,546.0,302.0,158.0
815.0,538.0,297.0,155.0
802.0,535.0,303.0,185.0
817.0,527.0,297.0,181.0
833.0,521.0,291.0,177.0
831.0,490.0,295.0,225.0
846.0,484.0,286.0,218.0
858.0,476.0,279.0,213.0
869.0,468.0,274.0,209.0
881.0,461.0,267.0,204.0
892.0,455.0,260.0,198.0
902.0,448.0,253.0,193.0
910.0,439.0,248.0,189.0
916.0,429.0,246.0,188.0
922.0,421.0,244.0,186.0
928.0,415.0,240.0,183.0
935.0,408.0,234.0,179.0
941.0,401.0,229.0,175.0
970.0,389.0,192.0,240.0
973.0,383.0,187.0,234.0
974.0,378.0,186.0,232.0
976.0,372.0,186.0,232.0
979.0,368.0,185.0,232.0
983.0,364.0,184.0,230.0
987.0,360.0,185.0,231.0
991.0,357.0,185.0,231.0
995.0,355.0,184.0,230.0
999.0,353.0,184.0,230.0
1004.0,351.0,184.0,230.0
1009.0,349.0,183.0,229.0
1016.0,348.0,182.0,228.0
1024.0,345.0,179.0,224.0
1032.0,343.0,177.0,221.0
1038.0,339.0,175.0,219.0
1043.0,336.0,173.0,217.0
1047.0,332.0,172.0,215.0
1049.0,326.0,173.0,217.0
1052.0,321.0,172.0,215.0
1054.0,315.0,172.0,215.0
1056.0,309.0,173.0,216.0
1057.0,305.0,173.0,216.0
1061.0,301.0,168.0,210.0
1063.0,297.0,164.0,205.0
1064.0,291.0,161.0,201.0
1062.0,284.0,161.0,201.0
1060.0,280.0,160.0,201.0
1059.0,276.0,159.0,198.0
1058.0,271.0,157.0,196.0
1055.0,265.0,157.0,197.0
1052.0,259.0,156.0,195.0
1049.0,254.0,155.0,194.0
1046.0,250.0,157.0,196.0
1043.0,246.0,156.0,195.0
1041.0,240.0,159.0,199.0
1039.0,234.0,164.0,205.0
1036.0,230.0,168.0,210.0
1041.0,231.0,164.0,205.0
1048.0,232.0,158.0,198.0
1051.0,232.0,155.0,194.0
1053.0,232.0,153.0,191.0
1053.0,232.0,152.0,190.0
1014.0,227.0,219.0,172.0
1014.0,226.0,220.0,173.0
1015.0,226.0,219.0,172.0
1015.0,226.0,220.0,172.0
1016.0,226.0,219.0,172.0
1017.0,227.0,219.0,172.0
1020.0,228.0,217.0,171.0
1020.0,229.0,217.0,170.0
1021.0,229.0,217.0,170.0
1021.0,229.0,216.0,170.0
1021.0,229.0,216.0,169.0
1022.0,228.0,215.0,169.0
1022.0,228.0,215.0,169.0
1023.0,229.0,213.0,168.0
1024.0,229.0,213.0,168.0
1023.0,229.0,214.0,168.0
1023.0,229.0,214.0,168.0
1024.0,229.0,214.0,168.0
1024.0,229.0,214.0,168.0
1024.0,229.0,214.0,168.0
1024.0,229.0,214.0,168.0
1024.0,229.0,214.0,168.0
1024.0,229.0,214.0,168.0
1023.0,229.0,214.0,168.0
1023.0,229.0,214.0,168.0
1023.0,229.0,214.0,168.0
1023.0,229.0,214.0,168.0
1023.0,229.0,214.0,168.0
1023.0,229.0,214.0,168.0
1023.0,229.0,214.0,168.0
1023.0,229.0,214.0,168.0
1023.0,229.0,214.0,168.0
1023.0,229.0,214.0,168.0
1023.0,229.0,214.0,168.0
1024.0,229.0,214.0,168.0
1024.0,229.0,214.0,168.0
1023.0,229.0,215.0,169.0
1026.0,227.0,210.0,165.0
1029.0,228.0,208.0,163.0
1024.0,228.0,214.0,168.0
1024.0,227.0,213.0,167.0
1027.0,227.0,211.0,165.0
1027.0,225.0,211.0,166.0
1027.0,223.0,211.0,166.0
1024.0,221.0,212.0,167.0
1030.0,220.0,206.0,162.0
1027.0,218.0,208.0,163.0
1023.0,217.0,210.0,165.0
1022.0,214.0,209.0,164.0
1019.0,212.0,210.0,165.0
1016.0,210.0,211.0,166.0
1014.0,208.0,212.0,167.0
1014.0,207.0,211.0,166.0
1011.0,205.0,213.0,167.0
1011.0,205.0,213.0,167.0
1006.0,207.0,220.0,173.0
1006.0,207.0,220.0,173.0
1006.0,207.0,220.0,173.0
1006.0,207.0,220.0,173.0
1006.0,207.0,220.0,173.0
1005.0,207.0,221.0,174.0
1008.0,205.0,216.0,169.0
987.0,241.0,222.0,181.0
980.0,241.0,231.0,188.0
979.0,241.0,232.0,189.0
977.0,240.0,232.0,189.0
976.0,239.0,233.0,190.0
974.0,238.0,234.0,191.0
972.0,236.0,233.0,190.0
972.0,235.0,231.0,189.0
971.0,235.0,229.0,187.0
971.0,234.0,227.0,185.0
972.0,234.0,226.0,184.0
972.0,234.0,226.0,184.0
971.0,234.0,225.0,184.0
971.0,234.0,225.0,183.0
971.0,234.0,223.0,181.0
971.0,234.0,222.0,181.0
971.0,234.0,222.0,181.0
971.0,234.0,222.0,181.0
969.0,234.0,224.0,183.0
969.0,234.0,224.0,182.0
970.0,234.0,223.0,182.0
997.0,236.0,186.0,219.0
998.0,237.0,184.0,216.0
999.0,236.0,183.0,216.0
999.0,235.0,184.0,216.0
1001.0,234.0,183.0,216.0
1003.0,233.0,183.0,216.0
1005.0,231.0,183.0,216.0
1007.0,230.0,184.0,216.0
1009.0,229.0,184.0,217.0
1013.0,228.0,184.0,217.0
1016.0,229.0,183.0,216.0
1020.0,229.0,184.0,216.0
1024.0,229.0,184.0,216.0
1028.0,229.0,184.0,216.0
1032.0,230.0,185.0,218.0
1036.0,230.0,185.0,218.0
1039.0,230.0,185.0,218.0
1042.0,230.0,186.0,218.0
1045.0,230.0,186.0,219.0
1048.0,231.0,186.0,219.0
1050.0,231.0,186.0,219.0
1052.0,231.0,186.0,219.0
1053.0,231.0,186.0,219.0
1055.0,231.0,186.0,220.0
1056.0,231.0,187.0,220.0
1057.0,231.0,187.0,220.0
1058.0,231.0,187.0,220.0
1058.0,231.0,187.0,220.0
1059.0,231.0,187.0,220.0
1060.0,229.0,190.0,223.0
1060.0,229.0,189.0,223.0
1060.0,229.0,189.0,223.0
1060.0,229.0,189.0,223.0
1060.0,229.0,189.0,223.0
1061.0,229.0,189.0,223.0
1061.0,229.0,189.0,223.0
1061.0,229.0,189.0,223.0
1061.0,229.0,189.0,223.0
1061.0,229.0,189.0,223.0
1061.0,229.0,189.0,223.0
1061.0,229.0,189.0,223.0
1061.0,229.0,189.0,223.0
1061.0,229.0,189.0,223.0
1061.0,229.0,189.0,223.0
1061.0,229.0,189.0,223.0
1061.0,229.0,189.0,223.0
1061.0,229.0,189.0,223.0
1061.0,229.0,189.0,223.0
1061.0,229.0,189.0,223.0
1061.0,229.0,189.0,223.0
1061.0,228.0,189.0,223.0
1061.0,228.0,189.0,223.0
1061.0,228.0,189.0,223.0
1061.0,228.0,189.0,223.0
1061.0,228.0,189.0,223.0
1061.0,228.0,189.0,223.0
1061.0,228.0,189.0,223.0
1061.0,228.0,189.0,223.0
1061.0,228.0,189.0,222.0
1061.0,228.0,189.0,222.0
1061.0,228.0,189.0,222.0
1061.0,228.0,189.0,222.0
1061.0,228.0,189.0,222.0
1061.0,228.0,188.0,222.0
1061.0,228.0,188.0,222.0
1060.0,228.0,188.0,221.0
1060.0,228.0,188.0,221.0
1060.0,227.0,188.0,221.0
1061.0,227.0,187.0,220.0
1061.0,227.0,187.0,220.0
1060.0,227.0,187.0,220.0
1058.0,227.0,187.0,220.0
1057.0,227.0,186.0,219.0
1057.0,226.0,187.0,220.0
1056.0,226.0,186.0,219.0
1055.0,226.0,186.0,219.0
1054.0,226.0,186.0,218.0
1052.0,226.0,185.0,218.0
1052.0,226.0,185.0,218.0
1051.0,226.0,186.0,218.0
1051.0,226.0,184.0,217.0
1048.0,225.0,185.0,218.0
1046.0,225.0,185.0,218.0
1046.0,224.0,185.0,217.0
1044.0,223.0,185.0,217.0
1041.0,222.0,185.0,217.0
1041.0,222.0,185.0,218.0
1039.0,221.0,185.0,218.0
1038.0,221.0,184.0,217.0
1036.0,220.0,184.0,216.0
1036.0,220.0,183.0,216.0
1044.0,247.0,120.0,170.0
1042.0,247.0,121.0,171.0
1039.0,247.0,122.0,172.0
1037.0,247.0,122.0,172.0
1035.0,247.0,122.0,173.0
1032.0,247.0,123.0,174.0
1031.0,246.0,123.0,174.0
1030.0,247.0,122.0,173.0
1028.0,249.0,123.0,174.0
1028.0,250.0,123.0,174.0
1027.0,253.0,122.0,172.0
1027.0,253.0,121.0,172.0
1026.0,254.0,121.0,172.0
1026.0,255.0,122.0,172.0
1026.0,256.0,122.0,172.0
1027.0,256.0,121.0,172.0
1026.0,256.0,121.0,172.0
1026.0,256.0,121.0,172.0
1026.0,256.0,121.0,172.0
1026.0,256.0,121.0,171.0
1025.0,256.0,121.0,172.0
1026.0,256.0,121.0,171.0
1027.0,257.0,120.0,170.0
1027.0,257.0,120.0,170.0
1025.0,256.0,121.0,172.0
1025.0,256.0,121.0,171.0
1025.0,256.0,121.0,171.0
1025.0,256.0,121.0,171.0
1026.0,256.0,121.0,171.0
1025.0,256.0,121.0,172.0
1025.0,256.0,121.0,172.0
1027.0,258.0,119.0,169.0
1026.0,257.0,121.0,171.0
1027.0,258.0,119.0,169.0
1027.0,257.0,120.0,170.0
1028.0,255.0,121.0,172.0
1030.0,253.0,123.0,174.0
1031.0,251.0,124.0,176.0
1037.0,250.0,126.0,178.0
1044.0,251.0,125.0,178.0
1049.0,251.0,126.0,179.0
1056.0,253.0,126.0,178.0
1063.0,255.0,125.0,178.0
1070.0,257.0,124.0,176.0
1078.0,258.0,122.0,173.0
1087.0,258.0,121.0,172.0
1093.0,258.0,119.0,169.0
1100.0,257.0,116.0,165.0
1104.0,255.0,114.0,162.0
1107.0,253.0,112.0,158.0
1008.0,254.0,213.0,167.0
1011.0,255.0,210.0,165.0
1017.0,258.0,205.0,161.0
1020.0,260.0,203.0,159.0
1022.0,261.0,200.0,157.0
1024.0,262.0,198.0,155.0
1027.0,262.0,196.0,153.0
1028.0,262.0,194.0,152.0
1028.0,262.0,194.0,152.0
1029.0,263.0,193.0,152.0
1029.0,265.0,194.0,152.0
1030.0,266.0,194.0,152.0
1031.0,267.0,194.0,152.0
1032.0,268.0,194.0,152.0
1033.0,268.0,193.0,151.0
1034.0,269.0,193.0,151.0
1035.0,269.0,192.0,151.0
1035.0,269.0,192.0,151.0
1035.0,269.0,192.0,151.0
1035.0,269.0,192.0,151.0
1035.0,269.0,192.0,151.0
1035.0,269.0,192.0,151.0
1035.0,269.0,192.0,151.0
1035.0,269.0,193.0,151.0
1034.0,269.0,193.0,151.0
1034.0,269.0,193.0,151.0
1034.0,269.0,193.0,151.0
1033.0,269.0,193.0,151.0
1033.0,269.0,193.0,151.0
1033.0,269.0,193.0,151.0
1032.0,270.0,193.0,151.0
1031.0,270.0,193.0,152.0
1031.0,270.0,194.0,152.0
1030.0,271.0,193.0,151.0
1030.0,271.0,193.0,152.0
1029.0,271.0,194.0,152.0
1028.0,272.0,193.0,151.0
1027.0,272.0,193.0,151.0
1027.0,273.0,193.0,151.0
1026.0,274.0,192.0,151.0
1026.0,274.0,193.0,151.0
1025.0,275.0,193.0,151.0
1024.0,276.0,193.0,151.0
1024.0,276.0,193.0,151.0
1023.0,277.0,193.0,151.0
1023.0,278.0,193.0,151.0
1022.0,278.0,193.0,151.0
1022.0,279.0,193.0,151.0
1022.0,280.0,193.0,151.0
1022.0,280.0,192.0,150.0
1022.0,281.0,192.0,150.0
1022.0,282.0,192.0,150.0
1022.0,282.0,191.0,150.0
1022.0,283.0,191.0,150.0
1023.0,283.0,190.0,149.0
1024.0,284.0,189.0,149.0
1024.0,285.0,189.0,148.0
1024.0,286.0,188.0,148.0
1026.0,285.0,186.0,146.0
1026.0,285.0,186.0,146.0
1027.0,286.0,186.0,145.0
1027.0,286.0,185.0,145.0
1026.0,286.0,186.0,146.0
1026.0,286.0,186.0,146.0
1026.0,286.0,186.0,146.0
1026.0,286.0,186.0,146.0
1026.0,286.0,186.0,146.0
1026.0,286.0,186.0,146.0
1026.0,286.0,186.0,146.0
1026.0,286.0,186.0,146.0
1026.0,286.0,186.0,146.0
1026.0,286.0,186.0,146.0
1026.0,286.0,186.0,146.0
1024.0,286.0,189.0,149.0
1024.0,286.0,189.0,149.0
1024.0,286.0,190.0,149.0
1026.0,286.0,188.0,148.0
1027.0,286.0,187.0,147.0
1029.0,285.0,184.0,144.0
1002.0,310.0,212.0,135.0
1002.0,310.0,212.0,135.0
1002.0,310.0,212.0,135.0
1002.0,310.0,212.0,135.0
1002.0,310.0,212.0,135.0
1003.0,310.0,212.0,135.0
1003.0,311.0,211.0,135.0
1004.0,311.0,212.0,135.0
1005.0,311.0,212.0,135.0
1005.0,311.0,211.0,134.0
1004.0,311.0,212.0,135.0
1007.0,311.0,211.0,134.0
1005.0,311.0,211.0,135.0
1008.0,311.0,211.0,134.0
1009.0,311.0,210.0,134.0
1009.0,312.0,210.0,134.0
1008.0,312.0,211.0,134.0
1008.0,312.0,210.0,134.0
1009.0,312.0,211.0,134.0
1010.0,312.0,210.0,134.0
1008.0,313.0,211.0,134.0
1009.0,313.0,210.0,134.0
1008.0,314.0,209.0,133.0
1009.0,313.0,211.0,134.0
1009.0,314.0,210.0,134.0
1009.0,314.0,210.0,134.0
1009.0,315.0,210.0,134.0
1009.0,314.0,211.0,134.0
1007.0,315.0,211.0,135.0
1009.0,315.0,211.0,134.0
1008.0,315.0,210.0,134.0
1009.0,315.0,211.0,134.0
1008.0,316.0,211.0,134.0
1008.0,316.0,211.0,134.0
1009.0,316.0,210.0,134.0
1009.0,316.0,210.0,134.0
1010.0,317.0,210.0,134.0
1010.0,317.0,210.0,134.0
1010.0,318.0,211.0,134.0
1011.0,318.0,211.0,134.0
1012.0,319.0,211.0,134.0
1013.0,319.0,212.0,135.0
1016.0,320.0,211.0,135.0
1018.0,320.0,211.0,135.0
1021.0,321.0,212.0,135.0
1022.0,322.0,213.0,136.0
1025.0,323.0,212.0,135.0
1029.0,323.0,212.0,135.0
1032.0,323.0,213.0,136.0
1034.0,322.0,214.0,136.0
1037.0,321.0,216.0,137.0
1040.0,320.0,217.0,138.0
1041.0,320.0,219.0,140.0
1040.0,320.0,223.0,142.0
1037.0,319.0,229.0,146.0
1035.0,319.0,233.0,148.0
1032.0,319.0,237.0,151.0
1030.0,320.0,241.0,153.0
1026.0,320.0,243.0,155.0
1022.0,319.0,246.0,157.0
1020.0,319.0,240.0,153.0
1019.0,317.0,239.0,152.0
1071.0,292.0,192.0,168.0
1070.0,292.0,186.0,162.0
1072.0,293.0,177.0,155.0
1076.0,297.0,161.0,141.0
1078.0,302.0,151.0,132.0
1079.0,306.0,143.0,125.0
1082.0,309.0,138.0,121.0
1084.0,312.0,132.0,115.0
1086.0,314.0,126.0,110.0
1087.0,314.0,122.0,106.0
1087.0,314.0,120.0,105.0
1086.0,314.0,120.0,105.0
1085.0,314.0,120.0,105.0
1085.0,315.0,119.0,104.0
1084.0,315.0,120.0,105.0
1084.0,316.0,119.0,104.0
1084.0,317.0,119.0,104.0
1085.0,319.0,121.0,105.0
1085.0,319.0,123.0,108.0
1087.0,320.0,124.0,109.0
1089.0,322.0,124.0,109.0
1094.0,323.0,124.0,109.0
1099.0,325.0,125.0,109.0
1107.0,327.0,123.0,107.0
1115.0,328.0,123.0,107.0
1123.0,330.0,123.0,108.0
1131.0,332.0,123.0,108.0
1140.0,334.0,123.0,108.0
1150.0,336.0,125.0,109.0
1156.0,337.0,131.0,115.0
1164.0,339.0,136.0,119.0
1173.0,340.0,138.0,121.0
1183.0,342.0,141.0,124.0
1191.0,344.0,146.0,128.0
1201.0,344.0,149.0,131.0
1209.0,344.0,149.0,131.0
1216.0,343.0,152.0,133.0
1223.0,341.0,153.0,134.0
1227.0,340.0,157.0,137.0
1229.0,338.0,159.0,139.0
1231.0,337.0,162.0,142.0
1233.0,335.0,167.0,146.0
1236.0,334.0,162.0,142.0
1235.0,334.0,166.0,145.0
1236.0,331.0,172.0,150.0
1236.0,329.0,172.0,151.0
1235.0,327.0,173.0,152.0
1235.0,324.0,176.0,154.0
1234.0,322.0,175.0,153.0
1232.0,319.0,177.0,155.0
1230.0,315.0,183.0,160.0
1227.0,312.0,187.0,164.0
1225.0,309.0,189.0,166.0
1223.0,305.0,193.0,169.0
1221.0,301.0,196.0,172.0
1219.0,297.0,198.0,173.0
1218.0,292.0,199.0,174.0
1217.0,288.0,199.0,174.0
1216.0,282.0,203.0,177.0
1168.0,319.0,112.0,156.0
1166.0,320.0,111.0,154.0
1163.0,323.0,108.0,150.0
1161.0,326.0,104.0,145.0
1157.0,325.0,104.0,145.0
1156.0,321.0,124.0,192.0
1156.0,321.0,125.0,194.0
1154.0,320.0,125.0,194.0
1150.0,318.0,125.0,194.0
1147.0,317.0,125.0,194.0
1144.0,316.0,124.0,193.0
1140.0,316.0,124.0,191.0
1136.0,316.0,123.0,190.0
1132.0,315.0,122.0,189.0
1128.0,314.0,121.0,188.0
1123.0,312.0,121.0,187.0
1118.0,310.0,121.0,187.0
1113.0,308.0,120.0,186.0
1108.0,306.0,120.0,186.0
1107.0,302.0,173.0,182.0
1102.0,300.0,173.0,182.0
1097.0,297.0,172.0,181.0
1092.0,295.0,172.0,181.0
1088.0,292.0,172.0,181.0
1083.0,290.0,171.0,180.0
1079.0,288.0,171.0,180.0
1076.0,285.0,171.0,180.0
1072.0,283.0,170.0,179.0
1070.0,279.0,210.0,198.0
1067.0,276.0,210.0,198.0
1065.0,274.0,209.0,197.0
1062.0,271.0,209.0,197.0
1060.0,269.0,209.0,197.0
1058.0,267.0,209.0,197.0
1056.0,265.0,208.0,197.0
1054.0,263.0,208.0,196.0
1052.0,260.0,208.0,196.0
1050.0,259.0,208.0,196.0
1048.0,257.0,208.0,196.0
1045.0,255.0,208.0,196.0
1044.0,253.0,207.0,195.0
1042.0,251.0,207.0,195.0
1040.0,248.0,207.0,195.0
1038.0,246.0,206.0,195.0
1037.0,244.0,207.0,195.0
1036.0,243.0,206.0,194.0
1035.0,241.0,206.0,194.0
1035.0,239.0,206.0,194.0
1034.0,238.0,206.0,194.0
1034.0,237.0,206.0,194.0
1035.0,237.0,206.0,194.0
1035.0,237.0,206.0,194.0
1035.0,236.0,206.0,194.0
1035.0,236.0,206.0,194.0
1035.0,236.0,206.0,194.0
1035.0,236.0,206.0,194.0
1035.0,236.0,206.0,195.0
1034.0,235.0,206.0,195.0
1034.0,235.0,206.0,195.0
1034.0,235.0,206.0,195.0
1034.0,235.0,207.0,195.0
1034.0,235.0,207.0,195.0
1035.0,235.0,207.0,195.0
1035.0,235.0,207.0,195.0
1035.0,235.0,207.0,195.0
1036.0,235.0,207.0,195.0
1037.0,235.0,207.0,195.0
1038.0,235.0,207.0,195.0
1039.0,234.0,207.0,195.0
1041.0,234.0,207.0,195.0
1042.0,234.0,208.0,196.0
1044.0,234.0,208.0,196.0
1046.0,234.0,208.0,196.0
1048.0,234.0,208.0,196.0
1051.0,233.0,209.0,197.0
1053.0,233.0,209.0,197.0
1055.0,233.0,209.0,197.0
1056.0,233.0,209.0,197.0
1058.0,233.0,209.0,197.0
1060.0,233.0,210.0,198.0
1061.0,234.0,209.0,198.0
1062.0,234.0,210.0,198.0
1063.0,233.0,210.0,198.0
1064.0,233.0,210.0,198.0
1065.0,233.0,210.0,198.0
1065.0,233.0,210.0,198.0
1065.0,233.0,210.0,198.0
1065.0,233.0,210.0,198.0
1065.0,233.0,210.0,198.0
1065.0,233.0,210.0,198.0
1065.0,233.0,210.0,198.0
1065.0,233.0,210.0,198.0
1065.0,233.0,210.0,198.0
1065.0,233.0,210.0,198.0
1065.0,233.0,210.0,198.0
1065.0,233.0,210.0,198.0
1065.0,233.0,210.0,198.0
1065.0,233.0,210.0,198.0
1064.0,233.0,210.0,198.0
1064.0,233.0,210.0,198.0
1064.0,233.0,210.0,198.0
1064.0,233.0,210.0,198.0
1064.0,233.0,210.0,198.0
1064.0,233.0,210.0,198.0
1064.0,233.0,210.0,198.0
1064.0,233.0,210.0,198.0
1064.0,233.0,210.0,198.0
1064.0,234.0,210.0,198.0
1065.0,234.0,210.0,198.0
1065.0,234.0,210.0,198.0
1065.0,235.0,210.0,198.0
1066.0,235.0,210.0,198.0
1066.0,236.0,210.0,198.0
1067.0,236.0,210.0,198.0
1067.0,237.0,210.0,198.0
1068.0,237.0,210.0,198.0
1068.0,238.0,210.0,198.0
1069.0,239.0,210.0,198.0
1070.0,239.0,210.0,198.0
1070.0,240.0,211.0,199.0
1071.0,241.0,211.0,199.0
1071.0,242.0,211.0,199.0
1072.0,242.0,211.0,199.0
1073.0,243.0,210.0,198.0
1074.0,244.0,211.0,199.0
1074.0,245.0,211.0,199.0
1076.0,248.0,210.0,198.0
1076.0,249.0,209.0,197.0
1076.0,248.0,210.0,198.0
1074.0,245.0,213.0,201.0
1073.0,243.0,215.0,203.0
1073.0,243.0,216.0,204.0
1073.0,243.0,216.0,204.0
1073.0,243.0,217.0,204.0
1072.0,241.0,218.0,205.0
1073.0,241.0,217.0,204.0
1074.0,243.0,215.0,203.0
1075.0,245.0,214.0,202.0
1076.0,245.0,215.0,203.0
1075.0,243.0,217.0,204.0
1074.0,243.0,219.0,206.0
1072.0,246.0,221.0,208.0
1071.0,247.0,222.0,210.0
1072.0,248.0,223.0,210.0
1075.0,248.0,222.0,209.0
1077.0,248.0,220.0,208.0
1078.0,252.0,219.0,206.0
1079.0,255.0,217.0,205.0
1077.0,256.0,218.0,205.0
1075.0,255.0,219.0,207.0
1071.0,254.0,221.0,209.0
1066.0,256.0,224.0,211.0
1060.0,258.0,227.0,214.0
1056.0,259.0,228.0,215.0
1054.0,258.0,228.0,215.0
1052.0,257.0,227.0,214.0
1048.0,260.0,225.0,212.0
1044.0,264.0,225.0,212.0
1040.0,265.0,225.0,212.0
1034.0,264.0,227.0,214.0
1030.0,263.0,228.0,215.0
1023.0,264.0,231.0,218.0
1016.0,268.0,233.0,220.0
1011.0,269.0,233.0,220.0
1007.0,268.0,233.0,220.0
1004.0,266.0,233.0,220.0
1001.0,268.0,232.0,219.0
996.0,273.0,232.0,218.0
990.0,274.0,232.0,218.0
984.0,274.0,232.0,219.0
977.0,272.0,235.0,222.0
970.0,272.0,239.0,225.0
962.0,276.0,239.0,225.0
956.0,278.0,240.0,226.0
951.0,278.0,240.0,226.0
948.0,276.0,241.0,227.0
945.0,276.0,241.0,227.0
941.0,280.0,241.0,227.0
939.0,283.0,241.0,227.0
938.0,283.0,242.0,229.0
939.0,282.0,245.0,231.0
939.0,283.0,247.0,233.0
939.0,287.0,248.0,234.0
942.0,290.0,248.0,234.0
946.0,292.0,247.0,233.0
948.0,296.0,248.0,234.0
952.0,299.0,249.0,235.0
956.0,301.0,248.0,234.0
961.0,303.0,248.0,234.0
966.0,303.0,248.0,234.0
971.0,304.0,248.0,234.0
976.0,304.0,249.0,234.0
981.0,303.0,249.0,234.0
986.0,303.0,249.0,235.0
990.0,302.0,249.0,235.0
995.0,301.0,249.0,235.0
1000.0,300.0,250.0,235.0
1004.0,299.0,250.0,236.0
1008.0,298.0,251.0,236.0
1013.0,297.0,251.0,236.0
1017.0,296.0,251.0,237.0
1021.0,295.0,252.0,237.0
1025.0,294.0,252.0,237.0
1028.0,293.0,252.0,238.0
1031.0,292.0,252.0,238.0
1034.0,291.0,253.0,238.0
1037.0,290.0,253.0,239.0
1040.0,290.0,253.0,239.0
1041.0,289.0,253.0,239.0
1043.0,288.0,254.0,239.0
1045.0,288.0,254.0,239.0
1046.0,288.0,254.0,239.0
1047.0,288.0,254.0,240.0
1047.0,288.0,254.0,240.0
1047.0,288.0,254.0,240.0
1047.0,288.0,254.0,240.0
1047.0,288.0,254.0,240.0
1046.0,288.0,254.0,240.0
1046.0,288.0,254.0,240.0
1046.0,288.0,254.0,240.0
1047.0,287.0,254.0,239.0
1047.0,286.0,253.0,238.0
1047.0,285.0,254.0,240.0
1046.0,284.0,255.0,240.0
1046.0,282.0,255.0,240.0
1046.0,281.0,255.0,241.0
1045.0,281.0,255.0,240.0
1044.0,280.0,255.0,240.0
1044.0,280.0,255.0,240.0
1045.0,279.0,254.0,240.0
1044.0,279.0,254.0,240.0
1044.0,279.0,254.0,240.0
1043.0,278.0,254.0,239.0
1043.0,279.0,254.0,239.0
1043.0,280.0,254.0,239.0
1043.0,282.0,253.0,239.0
1044.0,283.0,253.0,239.0
1045.0,284.0,253.0,239.0
1046.0,285.0,253.0,239.0
1046.0,285.0,253.0,238.0
1057.0,290.0,223.0,204.0
1057.0,290.0,223.0,204.0
1057.0,290.0,223.0,204.0
1058.0,289.0,223.0,204.0
1057.0,289.0,223.0,204.0
1057.0,288.0,223.0,204.0
1057.0,288.0,223.0,204.0
1055.0,288.0,222.0,203.0
1054.0,288.0,222.0,203.0
1053.0,288.0,222.0,203.0
1051.0,288.0,221.0,202.0
1049.0,287.0,221.0,202.0
1047.0,288.0,221.0,202.0
1045.0,288.0,221.0,202.0
1043.0,288.0,220.0,202.0
1040.0,288.0,220.0,202.0
1038.0,288.0,220.0,201.0
1035.0,289.0,219.0,201.0
1033.0,289.0,219.0,200.0
1030.0,290.0,219.0,200.0
1027.0,290.0,218.0,200.0
1023.0,291.0,218.0,199.0
1020.0,292.0,218.0,199.0
1016.0,292.0,217.0,199.0
1012.0,292.0,216.0,197.0
1006.0,291.0,217.0,198.0
1028.0,311.0,246.0,157.0
1022.0,311.0,246.0,157.0
1014.0,311.0,247.0,157.0
1008.0,311.0,247.0,158.0
1002.0,311.0,248.0,158.0
995.0,311.0,249.0,159.0
988.0,312.0,249.0,159.0
980.0,312.0,250.0,160.0
971.0,311.0,250.0,160.0
961.0,310.0,248.0,158.0
951.0,308.0,247.0,158.0
941.0,306.0,244.0,156.0
930.0,304.0,241.0,154.0
918.0,302.0,237.0,152.0
906.0,299.0,234.0,149.0
894.0,297.0,230.0,147.0
882.0,294.0,226.0,144.0
869.0,291.0,223.0,142.0
856.0,288.0,221.0,141.0
842.0,286.0,219.0,140.0
829.0,282.0,216.0,138.0
817.0,277.0,212.0,135.0
805.0,273.0,207.0,132.0
792.0,269.0,205.0,131.0
779.0,266.0,202.0,129.0
769.0,259.0,201.0,128.0
760.0,252.0,204.0,130.0
755.0,247.0,202.0,129.0
752.0,244.0,199.0,127.0
753.0,245.0,193.0,123.0
754.0,245.0,188.0,120.0
755.0,245.0,186.0,118.0
756.0,245.0,184.0,118.0
757.0,244.0,184.0,118.0
758.0,243.0,185.0,118.0
759.0,243.0,185.0,118.0
759.0,243.0,184.0,118.0
760.0,243.0,185.0,118.0
760.0,242.0,184.0,118.0
760.0,240.0,184.0,117.0
760.0,239.0,184.0,117.0
760.0,238.0,184.0,117.0
760.0,238.0,183.0,117.0
759.0,238.0,182.0,116.0
757.0,238.0,181.0,116.0
756.0,239.0,180.0,115.0
753.0,239.0,179.0,114.0
750.0,239.0,177.0,113.0
746.0,238.0,176.0,112.0
742.0,236.0,176.0,112.0
741.0,208.0,227.0,149.0
737.0,206.0,232.0,152.0
732.0,205.0,225.0,148.0
727.0,202.0,225.0,148.0
723.0,200.0,224.0,147.0
719.0,198.0,224.0,147.0
756.0,218.0,205.0,129.0
752.0,217.0,206.0,129.0
747.0,216.0,205.0,129.0
744.0,217.0,201.0,127.0
734.0,219.0,208.0,131.0
729.0,220.0,203.0,128.0
722.0,221.0,199.0,125.0
718.0,222.0,190.0,120.0
714.0,223.0,183.0,115.0
711.0,225.0,170.0,107.0
709.0,225.0,157.0,99.0
709.0,225.0,144.0,91.0
708.0,223.0,144.0,90.0
706.0,222.0,143.0,90.0
704.0,221.0,143.0,90.0
581.0,221.0,220.0,120.0
583.0,222.0,216.0,118.0
581.0,221.0,216.0,118.0
592.0,224.0,205.0,112.0
595.0,224.0,202.0,110.0
526.0,232.0,195.0,93.0
528.0,231.0,195.0,93.0
531.0,232.0,193.0,92.0
525.0,228.0,203.0,97.0
528.0,228.0,201.0,96.0
473.0,256.0,222.0,115.0
474.0,255.0,222.0,115.0
476.0,255.0,222.0,115.0
412.0,243.0,205.0,136.0
417.0,243.0,202.0,134.0
385.0,251.0,210.0,177.0
388.0,250.0,210.0,177.0
391.0,250.0,210.0,177.0
393.0,249.0,211.0,177.0
330.0,269.0,218.0,149.0
311.0,272.0,221.0,151.0
293.0,274.0,222.0,152.0
275.0,274.0,224.0,153.0
256.0,275.0,226.0,155.0
237.0,276.0,228.0,156.0
218.0,279.0,229.0,156.0
202.0,283.0,229.0,156.0
187.0,283.0,230.0,157.0
172.0,282.0,230.0,157.0
157.0,281.0,230.0,157.0
142.0,281.0,230.0,157.0
130.0,281.0,230.0,157.0
121.0,278.0,230.0,157.0
112.0,275.0,228.0,156.0
105.0,273.0,225.0,154.0
98.0,272.0,223.0,152.0
93.0,272.0,219.0,150.0
91.0,271.0,215.0,147.0
91.0,270.0,211.0,145.0
93.0,270.0,206.0,141.0
95.0,269.0,201.0,137.0
99.0,269.0,195.0,133.0
102.0,268.0,190.0,130.0
105.0,268.0,184.0,126.0
107.0,267.0,179.0,122.0
113.0,269.0,167.0,114.0
116.0,271.0,160.0,109.0
120.0,274.0,149.0,102.0
124.0,276.0,139.0,95.0
129.0,279.0,126.0,86.0
132.0,265.0,187.0,176.0
120.0,268.0,189.0,178.0
110.0,271.0,188.0,177.0
101.0,272.0,186.0,175.0
92.0,270.0,188.0,177.0
82.0,270.0,184.0,173.0
74.0,270.0,182.0,172.0
70.0,272.0,178.0,168.0
71.0,258.0,260.0,207.0
71.0,259.0,258.0,205.0
71.0,259.0,258.0,205.0
72.0,259.0,258.0,205.0
73.0,259.0,257.0,205.0
75.0,260.0,255.0,203.0
75.0,259.0,257.0,205.0
75.0,259.0,258.0,206.0
76.0,259.0,258.0,206.0
75.0,259.0,258.0,205.0
77.0,259.0,258.0,206.0
76.0,261.0,261.0,208.0
78.0,261.0,260.0,207.0
107.0,278.0,266.0,154.0
117.0,277.0,265.0,154.0
128.0,277.0,264.0,153.0
141.0,276.0,263.0,152.0
155.0,276.0,262.0,152.0
169.0,277.0,261.0,151.0
186.0,278.0,261.0,151.0
202.0,277.0,259.0,150.0
195.0,258.0,268.0,165.0
210.0,256.0,269.0,165.0
226.0,255.0,269.0,165.0
245.0,256.0,268.0,165.0
263.0,256.0,267.0,164.0
281.0,256.0,265.0,163.0
300.0,255.0,263.0,162.0
318.0,256.0,262.0,161.0
335.0,258.0,262.0,161.0
351.0,257.0,261.0,160.0
366.0,254.0,261.0,161.0
382.0,254.0,257.0,158.0
398.0,253.0,255.0,157.0
412.0,253.0,256.0,157.0
427.0,250.0,256.0,158.0
441.0,248.0,254.0,156.0
455.0,247.0,249.0,153.0
466.0,247.0,252.0,155.0
477.0,255.0,236.0,145.0
490.0,265.0,215.0,132.0
509.0,277.0,188.0,116.0
513.0,275.0,187.0,115.0
554.0,257.0,219.0,141.0
0
0
0
0
0
0
0
0
791.0,229.0,136.0,90.0
804.0,225.0,135.0,89.0
818.0,223.0,135.0,89.0
782.0,236.0,187.0,119.0
796.0,234.0,183.0,116.0
809.0,230.0,181.0,115.0
781.0,215.0,205.0,150.0
792.0,214.0,206.0,150.0
803.0,214.0,204.0,149.0
812.0,212.0,203.0,148.0
779.0,206.0,232.0,139.0
785.0,204.0,230.0,138.0
791.0,203.0,230.0,138.0
792.0,201.0,232.0,139.0
793.0,199.0,231.0,138.0
793.0,197.0,230.0,138.0
790.0,195.0,229.0,137.0
787.0,194.0,228.0,136.0
785.0,193.0,225.0,135.0
782.0,192.0,221.0,133.0
781.0,193.0,216.0,129.0
779.0,193.0,211.0,126.0
778.0,194.0,203.0,122.0
777.0,196.0,194.0,116.0
770.0,199.0,194.0,116.0
764.0,202.0,192.0,115.0
754.0,205.0,195.0,117.0
740.0,209.0,203.0,122.0
785.0,194.0,156.0,175.0
779.0,194.0,155.0,174.0
773.0,192.0,156.0,175.0
769.0,192.0,156.0,175.0
765.0,191.0,152.0,170.0
759.0,194.0,145.0,163.0
753.0,197.0,143.0,161.0
763.0,190.0,202.0,157.0
762.0,190.0,204.0,158.0
760.0,190.0,204.0,158.0
759.0,190.0,205.0,159.0
757.0,188.0,206.0,160.0
755.0,188.0,207.0,161.0
754.0,189.0,207.0,161.0
753.0,190.0,206.0,160.0
753.0,193.0,206.0,160.0
752.0,193.0,206.0,160.0
752.0,192.0,207.0,161.0
752.0,193.0,207.0,161.0
754.0,194.0,206.0,160.0
757.0,195.0,208.0,162.0
760.0,197.0,209.0,163.0
764.0,199.0,210.0,163.0
768.0,200.0,210.0,163.0
772.0,201.0,212.0,164.0
776.0,203.0,213.0,165.0
779.0,205.0,214.0,167.0
783.0,208.0,216.0,168.0
785.0,210.0,217.0,168.0
787.0,212.0,217.0,168.0
789.0,213.0,217.0,168.0
791.0,212.0,216.0,168.0
793.0,213.0,216.0,168.0
795.0,215.0,216.0,168.0
797.0,216.0,216.0,168.0
799.0,218.0,216.0,168.0
801.0,219.0,216.0,168.0
802.0,219.0,216.0,168.0
803.0,219.0,216.0,168.0
804.0,218.0,216.0,168.0
805.0,217.0,216.0,168.0
807.0,217.0,217.0,169.0
809.0,217.0,217.0,169.0
811.0,216.0,218.0,169.0
813.0,215.0,217.0,168.0
816.0,214.0,216.0,168.0
819.0,213.0,215.0,167.0
822.0,212.0,213.0,166.0
825.0,210.0,212.0,165.0
828.0,208.0,212.0,165.0
830.0,207.0,212.0,164.0
834.0,205.0,212.0,165.0
838.0,204.0,211.0,164.0
842.0,202.0,211.0,164.0
846.0,201.0,209.0,162.0
851.0,199.0,206.0,160.0
855.0,198.0,205.0,159.0
861.0,196.0,204.0,159.0
867.0,194.0,202.0,157.0
872.0,191.0,202.0,157.0
876.0,189.0,202.0,157.0
879.0,187.0,202.0,157.0
883.0,185.0,203.0,158.0
888.0,183.0,200.0,155.0
891.0,181.0,198.0,154.0
896.0,179.0,196.0,152.0
899.0,177.0,197.0,153.0
904.0,174.0,199.0,154.0
909.0,172.0,199.0,155.0
913.0,169.0,200.0,155.0
915.0,165.0,201.0,156.0
917.0,162.0,201.0,157.0
918.0,160.0,202.0,157.0
918.0,159.0,202.0,157.0
918.0,159.0,200.0,156.0
918.0,159.0,201.0,156.0
919.0,159.0,200.0,155.0
918.0,160.0,199.0,155.0
919.0,160.0,198.0,154.0
920.0,160.0,196.0,153.0
922.0,160.0,193.0,150.0
923.0,160.0,188.0,146.0
924.0,160.0,186.0,145.0
924.0,161.0,183.0,142.0
923.0,162.0,179.0,139.0
922.0,164.0,175.0,136.0
921.0,165.0,173.0,134.0
921.0,165.0,173.0,134.0
920.0,167.0,174.0,136.0
920.0,167.0,176.0,137.0
919.0,167.0,177.0,137.0
919.0,168.0,177.0,137.0
919.0,168.0,177.0,138.0
919.0,169.0,177.0,137.0
918.0,169.0,177.0,138.0
919.0,169.0,177.0,138.0
919.0,170.0,177.0,137.0
920.0,171.0,175.0,136.0
920.0,171.0,175.0,136.0
921.0,170.0,177.0,138.0
920.0,170.0,177.0,137.0
918.0,171.0,180.0,140.0
918.0,171.0,180.0,140.0
918.0,171.0,180.0,140.0
918.0,172.0,180.0,140.0
919.0,172.0,181.0,141.0
919.0,173.0,180.0,140.0
919.0,173.0,180.0,140.0
920.0,173.0,180.0,140.0
920.0,173.0,180.0,140.0
920.0,173.0,180.0,140.0
921.0,173.0,178.0,138.0
919.0,173.0,179.0,139.0
919.0,173.0,179.0,139.0
919.0,173.0,179.0,139.0
918.0,174.0,180.0,140.0
918.0,174.0,179.0,140.0
918.0,174.0,180.0,140.0
918.0,174.0,180.0,140.0
917.0,174.0,180.0,140.0
918.0,175.0,179.0,139.0
918.0,176.0,179.0,139.0
918.0,176.0,179.0,139.0
917.0,176.0,179.0,139.0
917.0,176.0,179.0,139.0
917.0,176.0,179.0,139.0
918.0,176.0,179.0,139.0
918.0,177.0,180.0,140.0
918.0,178.0,180.0,140.0
918.0,178.0,180.0,140.0
918.0,179.0,180.0,140.0
919.0,179.0,180.0,140.0
919.0,180.0,181.0,140.0
918.0,181.0,181.0,140.0
918.0,181.0,181.0,140.0
918.0,181.0,181.0,140.0
917.0,181.0,181.0,141.0
917.0,181.0,181.0,141.0
918.0,182.0,181.0,141.0
918.0,182.0,181.0,141.0
918.0,182.0,181.0,141.0
918.0,182.0,181.0,141.0
918.0,182.0,181.0,141.0
918.0,182.0,181.0,141.0
918.0,182.0,181.0,141.0
918.0,182.0,181.0,141.0
918.0,182.0,181.0,141.0
918.0,182.0,181.0,141.0
918.0,182.0,181.0,141.0
918.0,182.0,181.0,140.0
918.0,182.0,181.0,140.0
918.0,182.0,181.0,140.0
918.0,182.0,181.0,141.0
883.0,208.0,221.0,130.0
883.0,208.0,221.0,130.0
883.0,208.0,221.0,130.0
883.0,208.0,221.0,130.0
883.0,208.0,221.0,130.0
883.0,209.0,221.0,130.0
883.0,209.0,221.0,130.0
883.0,209.0,221.0,130.0
883.0,209.0,221.0,130.0
883.0,209.0,222.0,130.0
883.0,208.0,223.0,131.0
883.0,208.0,222.0,130.0
883.0,207.0,222.0,130.0
882.0,203.0,230.0,135.0
882.0,203.0,230.0,135.0
882.0,203.0,230.0,135.0
882.0,203.0,230.0,135.0
882.0,203.0,230.0,135.0
882.0,203.0,230.0,135.0
882.0,203.0,230.0,135.0
882.0,203.0,230.0,135.0
884.0,208.0,222.0,131.0
883.0,209.0,222.0,131.0
883.0,210.0,221.0,130.0
882.0,210.0,222.0,130.0
883.0,214.0,217.0,128.0
883.0,213.0,219.0,129.0
883.0,213.0,219.0,129.0
883.0,215.0,218.0,128.0
883.0,212.0,221.0,130.0
883.0,211.0,222.0,130.0
883.0,211.0,221.0,130.0
883.0,211.0,221.0,130.0
883.0,210.0,221.0,130.0
883.0,210.0,221.0,130.0
883.0,210.0,221.0,130.0
882.0,209.0,221.0,130.0
882.0,209.0,222.0,130.0
881.0,209.0,222.0,131.0
880.0,208.0,222.0,131.0
880.0,207.0,223.0,131.0
878.0,207.0,223.0,131.0
879.0,209.0,218.0,128.0
877.0,208.0,219.0,129.0
876.0,207.0,222.0,130.0
876.0,206.0,222.0,130.0
877.0,205.0,222.0,131.0
877.0,204.0,222.0,131.0
878.0,203.0,223.0,131.0
879.0,205.0,221.0,130.0
879.0,205.0,221.0,130.0
879.0,203.0,223.0,131.0
879.0,202.0,222.0,131.0
879.0,202.0,222.0,131.0
879.0,202.0,223.0,131.0
880.0,202.0,222.0,131.0
880.0,201.0,222.0,131.0
880.0,201.0,222.0,131.0
880.0,200.0,225.0,132.0
880.0,200.0,226.0,133.0
881.0,201.0,224.0,132.0
882.0,201.0,225.0,132.0
888.0,205.0,218.0,128.0
885.0,203.0,218.0,128.0
885.0,203.0,217.0,128.0
885.0,201.0,216.0,127.0
884.0,200.0,218.0,128.0
883.0,199.0,219.0,129.0
881.0,197.0,218.0,128.0
881.0,196.0,220.0,130.0
880.0,193.0,220.0,129.0
880.0,193.0,219.0,129.0
880.0,192.0,219.0,129.0
880.0,191.0,220.0,129.0
880.0,190.0,218.0,129.0
879.0,189.0,219.0,129.0
879.0,188.0,220.0,129.0
878.0,186.0,220.0,129.0
878.0,185.0,220.0,129.0
878.0,185.0,219.0,129.0
878.0,184.0,219.0,129.0
878.0,183.0,220.0,129.0
878.0,182.0,219.0,129.0
877.0,182.0,219.0,129.0
877.0,181.0,220.0,129.0
876.0,180.0,220.0,129.0
876.0,179.0,220.0,129.0
876.0,179.0,221.0,130.0
876.0,178.0,219.0,129.0
876.0,178.0,220.0,129.0
876.0,177.0,220.0,129.0
876.0,177.0,220.0,129.0
876.0,176.0,220.0,129.0
876.0,176.0,220.0,129.0
875.0,175.0,220.0,129.0
876.0,175.0,219.0,129.0
875.0,175.0,219.0,129.0
875.0,174.0,220.0,129.0
876.0,174.0,220.0,130.0
875.0,173.0,221.0,130.0
876.0,173.0,219.0,129.0
876.0,173.0,220.0,130.0
876.0,172.0,219.0,129.0
876.0,171.0,221.0,130.0
876.0,171.0,220.0,129.0
876.0,170.0,220.0,130.0
876.0,169.0,220.0,130.0
876.0,169.0,221.0,130.0
876.0,168.0,221.0,130.0
876.0,168.0,221.0,130.0
876.0,167.0,221.0,130.0
876.0,167.0,221.0,130.0
877.0,166.0,221.0,130.0
876.0,166.0,221.0,130.0
877.0,165.0,221.0,130.0
877.0,165.0,221.0,130.0
877.0,164.0,220.0,129.0
877.0,164.0,221.0,130.0
877.0,163.0,221.0,130.0
877.0,162.0,221.0,130.0
877.0,162.0,221.0,130.0
877.0,162.0,221.0,130.0
877.0,161.0,221.0,130.0
876.0,161.0,221.0,130.0
875.0,161.0,221.0,130.0
874.0,161.0,221.0,130.0
873.0,162.0,221.0,130.0
872.0,162.0,220.0,130.0
871.0,163.0,220.0,129.0
870.0,163.0,220.0,130.0
869.0,163.0,220.0,129.0
868.0,164.0,220.0,130.0
867.0,164.0,219.0,129.0
866.0,164.0,220.0,129.0
865.0,165.0,220.0,129.0
865.0,165.0,219.0,129.0
864.0,165.0,220.0,129.0
864.0,166.0,220.0,129.0
863.0,166.0,220.0,130.0
863.0,166.0,220.0,130.0
863.0,165.0,220.0,129.0
864.0,166.0,219.0,129.0
864.0,166.0,220.0,129.0
863.0,165.0,220.0,129.0
864.0,166.0,219.0,129.0
864.0,166.0,221.0,130.0
864.0,166.0,220.0,129.0
864.0,166.0,220.0,130.0
865.0,166.0,219.0,129.0
865.0,166.0,219.0,129.0
865.0,166.0,219.0,129.0
865.0,166.0,219.0,129.0
866.0,166.0,220.0,129.0
866.0,166.0,220.0,129.0
866.0,166.0,220.0,129.0
866.0,166.0,219.0,129.0
866.0,167.0,219.0,129.0
866.0,166.0,220.0,130.0
866.0,166.0,220.0,129.0
867.0,167.0,219.0,129.0
867.0,167.0,219.0,129.0
867.0,167.0,220.0,129.0
867.0,167.0,219.0,129.0
867.0,167.0,219.0,129.0
867.0,167.0,219.0,129.0
867.0,167.0,219.0,129.0
866.0,167.0,221.0,130.0
866.0,168.0,221.0,130.0
866.0,167.0,222.0,130.0
864.0,162.0,225.0,133.0
863.0,162.0,225.0,133.0
863.0,162.0,226.0,133.0
864.0,163.0,226.0,133.0
864.0,163.0,226.0,133.0
864.0,163.0,226.0,133.0
864.0,163.0,226.0,133.0
864.0,164.0,226.0,133.0
864.0,164.0,226.0,133.0
863.0,165.0,226.0,133.0
863.0,165.0,226.0,133.0
863.0,166.0,226.0,133.0
863.0,166.0,226.0,133.0
863.0,167.0,226.0,133.0
863.0,167.0,226.0,133.0
863.0,168.0,226.0,133.0
863.0,168.0,226.0,133.0
863.0,168.0,226.0,133.0
863.0,168.0,226.0,133.0
863.0,168.0,226.0,133.0
863.0,168.0,226.0,133.0
863.0,168.0,226.0,133.0
863.0,168.0,226.0,133.0
863.0,168.0,226.0,133.0
863.0,168.0,226.0,133.0
863.0,168.0,226.0,133.0
863.0,168.0,226.0,133.0
863.0,168.0,226.0,133.0
863.0,168.0,226.0,133.0
863.0,168.0,226.0,133.0
863.0,168.0,226.0,133.0
863.0,168.0,226.0,133.0
863.0,168.0,226.0,133.0
863.0,168.0,226.0,133.0
863.0,169.0,226.0,133.0
863.0,169.0,227.0,133.0
867.0,175.0,216.0,127.0
867.0,175.0,216.0,127.0
866.0,175.0,217.0,127.0
865.0,174.0,220.0,129.0
865.0,174.0,220.0,129.0
865.0,175.0,218.0,128.0
864.0,174.0,220.0,129.0
865.0,175.0,218.0,128.0
865.0,175.0,218.0,128.0
866.0,175.0,218.0,128.0
866.0,175.0,218.0,128.0
866.0,174.0,219.0,129.0
866.0,175.0,218.0,128.0
866.0,174.0,218.0,128.0
866.0,175.0,218.0,128.0
866.0,174.0,218.0,129.0
866.0,174.0,219.0,129.0
866.0,175.0,218.0,128.0
866.0,174.0,219.0,129.0
866.0,175.0,219.0,129.0
865.0,174.0,219.0,129.0
865.0,174.0,219.0,129.0
865.0,175.0,218.0,128.0
865.0,175.0,219.0,129.0
865.0,175.0,218.0,128.0
865.0,174.0,220.0,129.0
864.0,175.0,219.0,129.0
864.0,175.0,219.0,129.0
864.0,174.0,219.0,129.0
864.0,175.0,219.0,129.0
864.0,175.0,219.0,129.0
864.0,175.0,219.0,129.0
864.0,175.0,219.0,129.0
863.0,175.0,219.0,129.0
863.0,176.0,218.0,128.0
863.0,174.0,220.0,130.0
863.0,175.0,219.0,129.0
863.0,176.0,219.0,129.0
862.0,174.0,220.0,129.0
862.0,175.0,220.0,129.0
862.0,176.0,219.0,129.0
862.0,176.0,220.0,129.0
862.0,176.0,219.0,129.0
861.0,175.0,220.0,130.0
861.0,176.0,219.0,129.0
861.0,176.0,219.0,129.0
861.0,176.0,220.0,129.0
861.0,177.0,219.0,129.0
860.0,176.0,219.0,129.0
860.0,176.0,219.0,129.0
860.0,176.0,220.0,129.0
860.0,176.0,219.0,129.0
859.0,177.0,219.0,129.0
859.0,176.0,220.0,129.0
859.0,176.0,220.0,129.0
859.0,176.0,220.0,129.0
859.0,177.0,219.0,129.0
859.0,177.0,219.0,129.0
859.0,177.0,220.0,129.0
859.0,178.0,219.0,129.0
859.0,177.0,220.0,129.0
859.0,177.0,219.0,129.0
860.0,177.0,218.0,128.0
860.0,177.0,218.0,129.0
860.0,176.0,219.0,129.0
860.0,174.0,221.0,130.0
861.0,173.0,223.0,131.0
861.0,172.0,223.0,131.0
859.0,171.0,229.0,134.0
857.0,170.0,230.0,135.0
857.0,170.0,231.0,136.0
857.0,170.0,231.0,136.0
857.0,169.0,231.0,136.0
857.0,169.0,231.0,136.0
856.0,169.0,232.0,137.0
855.0,169.0,233.0,137.0
854.0,169.0,235.0,138.0
853.0,168.0,236.0,139.0
851.0,166.0,238.0,140.0
849.0,164.0,238.0,140.0
847.0,163.0,240.0,141.0
846.0,163.0,240.0,141.0
846.0,164.0,239.0,141.0
847.0,164.0,238.0,140.0
847.0,164.0,238.0,140.0
847.0,164.0,237.0,139.0
847.0,164.0,237.0,140.0
847.0,164.0,238.0,140.0
847.0,164.0,238.0,140.0
847.0,164.0,238.0,140.0
847.0,164.0,238.0,140.0
847.0,164.0,238.0,140.0
847.0,164.0,238.0,140.0
888.0,146.0,196.0,190.0
888.0,146.0,196.0,190.0
888.0,146.0,196.0,190.0
888.0,146.0,196.0,190.0
889.0,146.0,196.0,190.0
889.0,146.0,196.0,190.0
889.0,146.0,196.0,190.0
889.0,146.0,196.0,190.0
889.0,147.0,197.0,191.0
889.0,146.0,197.0,191.0
889.0,146.0,197.0,191.0
888.0,146.0,197.0,191.0
887.0,146.0,198.0,192.0
887.0,146.0,198.0,192.0
886.0,146.0,199.0,192.0
886.0,146.0,198.0,192.0
885.0,146.0,198.0,192.0
883.0,146.0,199.0,193.0
880.0,145.0,202.0,196.0
877.0,146.0,200.0,194.0
874.0,146.0,201.0,195.0
871.0,147.0,200.0,194.0
868.0,148.0,200.0,194.0
864.0,150.0,198.0,192.0
859.0,150.0,199.0,193.0
855.0,150.0,200.0,193.0
852.0,150.0,201.0,195.0
847.0,151.0,200.0,194.0
844.0,153.0,199.0,193.0
838.0,155.0,199.0,193.0
835.0,156.0,198.0,192.0
832.0,155.0,199.0,193.0
829.0,155.0,199.0,192.0
827.0,155.0,198.0,191.0
823.0,156.0,197.0,191.0
821.0,156.0,197.0,191.0
820.0,157.0,197.0,191.0
818.0,158.0,197.0,191.0
817.0,160.0,194.0,189.0
815.0,158.0,198.0,192.0
816.0,161.0,194.0,188.0
815.0,162.0,193.0,188.0
815.0,163.0,194.0,188.0
814.0,160.0,201.0,195.0
814.0,160.0,201.0,195.0
816.0,164.0,194.0,188.0
812.0,159.0,205.0,199.0
812.0,160.0,205.0,198.0
816.0,164.0,197.0,191.0
817.0,165.0,196.0,190.0
817.0,166.0,196.0,190.0
817.0,166.0,196.0,190.0
817.0,167.0,197.0,191.0
817.0,167.0,197.0,191.0
817.0,167.0,196.0,190.0
815.0,167.0,196.0,190.0
814.0,166.0,196.0,190.0
813.0,166.0,196.0,190.0
812.0,165.0,197.0,191.0
811.0,165.0,198.0,192.0
805.0,163.0,192.0,187.0
803.0,161.0,190.0,184.0
800.0,160.0,191.0,186.0
798.0,159.0,193.0,187.0
797.0,159.0,193.0,187.0
793.0,158.0,197.0,191.0
796.0,161.0,165.0,169.0
791.0,158.0,163.0,167.0
785.0,156.0,168.0,172.0
780.0,154.0,171.0,175.0
762.0,148.0,154.0,164.0
756.0,147.0,153.0,163.0
753.0,146.0,151.0,161.0
747.0,146.0,153.0,142.0
745.0,145.0,153.0,142.0
751.0,146.0,147.0,148.0
750.0,147.0,146.0,147.0
749.0,148.0,145.0,146.0
747.0,149.0,145.0,146.0
747.0,150.0,143.0,144.0
746.0,151.0,143.0,144.0
745.0,151.0,142.0,143.0
745.0,151.0,143.0,144.0
744.0,152.0,142.0,143.0
746.0,153.0,139.0,140.0
744.0,152.0,142.0,143.0
745.0,152.0,142.0,143.0
746.0,153.0,141.0,142.0
745.0,153.0,142.0,143.0
746.0,154.0,140.0,141.0
743.0,152.0,145.0,146.0
745.0,153.0,141.0,142.0
745.0,153.0,141.0,142.0
745.0,153.0,143.0,144.0
744.0,153.0,143.0,144.0
744.0,153.0,142.0,143.0
743.0,152.0,143.0,144.0
743.0,150.0,144.0,145.0
741.0,149.0,144.0,145.0
743.0,148.0,142.0,143.0
743.0,146.0,141.0,142.0
741.0,143.0,142.0,143.0
737.0,140.0,143.0,144.0
735.0,137.0,142.0,143.0
733.0,135.0,142.0,143.0
730.0,131.0,141.0,142.0
726.0,127.0,143.0,144.0
722.0,124.0,144.0,145.0
719.0,120.0,144.0,145.0
715.0,118.0,144.0,145.0
711.0,115.0,144.0,145.0
707.0,111.0,144.0,145.0
702.0,107.0,145.0,146.0
697.0,103.0,147.0,148.0
691.0,100.0,150.0,151.0
689.0,99.0,147.0,148.0
686.0,97.0,145.0,146.0
681.0,95.0,145.0,146.0
677.0,92.0,146.0,147.0
671.0,90.0,147.0,148.0
668.0,90.0,142.0,143.0
663.0,87.0,142.0,143.0
658.0,84.0,142.0,143.0
656.0,83.0,136.0,137.0
655.0,84.0,129.0,130.0
650.0,84.0,127.0,128.0
645.0,84.0,126.0,127.0
641.0,84.0,122.0,123.0
636.0,84.0,120.0,121.0
631.0,84.0,120.0,121.0
626.0,85.0,118.0,119.0
619.0,84.0,119.0,120.0
612.0,81.0,120.0,121.0
600.0,79.0,133.0,134.0
604.0,81.0,125.0,126.0
0
0
0
0
0
0
0
0
0
0
0
442.0,103.0,125.0,89.0
443.0,103.0,125.0,89.0
444.0,103.0,126.0,89.0
445.0,103.0,125.0,89.0
447.0,103.0,125.0,89.0
448.0,103.0,125.0,89.0
450.0,103.0,125.0,89.0
385.0,106.0,168.0,76.0
375.0,103.0,181.0,82.0
361.0,99.0,192.0,122.0
362.0,99.0,192.0,122.0
364.0,99.0,192.0,122.0
343.0,108.0,163.0,92.0
334.0,107.0,165.0,93.0
326.0,107.0,166.0,94.0
318.0,109.0,165.0,93.0
314.0,109.0,163.0,92.0
325.0,108.0,174.0,111.0
323.0,108.0,172.0,110.0
319.0,108.0,170.0,108.0
319.0,108.0,168.0,107.0
318.0,108.0,168.0,107.0
318.0,108.0,166.0,106.0
318.0,109.0,165.0,106.0
318.0,110.0,164.0,105.0
317.0,113.0,162.0,103.0
318.0,114.0,159.0,102.0
319.0,116.0,157.0,100.0
320.0,119.0,154.0,98.0
320.0,121.0,152.0,97.0
321.0,123.0,147.0,94.0
322.0,125.0,142.0,90.0
323.0,126.0,136.0,86.0
322.0,127.0,134.0,86.0
320.0,129.0,129.0,82.0
317.0,132.0,122.0,78.0
314.0,134.0,115.0,73.0
300.0,121.0,132.0,126.0
295.0,123.0,131.0,125.0
289.0,129.0,120.0,115.0
284.0,131.0,119.0,114.0
280.0,133.0,118.0,112.0
268.0,132.0,124.0,118.0
258.0,131.0,129.0,123.0
248.0,131.0,133.0,127.0
237.0,131.0,139.0,133.0
227.0,131.0,142.0,136.0
219.0,132.0,143.0,136.0
212.0,134.0,142.0,136.0
204.0,136.0,141.0,134.0
197.0,138.0,135.0,129.0
196.0,140.0,123.0,117.0
193.0,143.0,113.0,108.0
190.0,145.0,106.0,101.0
173.0,149.0,108.0,103.0
163.0,150.0,112.0,106.0
154.0,151.0,114.0,109.0
147.0,153.0,115.0,109.0
140.0,156.0,114.0,109.0
133.0,160.0,109.0,104.0
128.0,163.0,107.0,102.0
125.0,164.0,106.0,101.0
123.0,166.0,102.0,97.0
121.0,167.0,97.0,93.0
119.0,168.0,102.0,97.0
119.0,170.0,100.0,95.0
116.0,171.0,103.0,99.0
114.0,172.0,106.0,101.0
112.0,173.0,110.0,105.0
91.0,144.0,125.0,188.0
94.0,146.0,125.0,188.0
97.0,149.0,124.0,187.0
100.0,150.0,126.0,189.0
104.0,151.0,125.0,188.0
109.0,155.0,125.0,188.0
114.0,157.0,125.0,188.0
119.0,159.0,125.0,187.0
123.0,161.0,124.0,187.0
128.0,163.0,124.0,187.0
133.0,165.0,124.0,187.0
137.0,166.0,124.0,187.0
141.0,167.0,124.0,187.0
144.0,168.0,125.0,187.0
148.0,168.0,124.0,187.0
151.0,168.0,123.0,186.0
151.0,172.0,119.0,179.0
153.0,173.0,120.0,181.0
157.0,174.0,120.0,181.0
159.0,175.0,122.0,183.0
164.0,177.0,120.0,181.0
166.0,176.0,123.0,185.0
170.0,177.0,124.0,186.0
174.0,178.0,124.0,187.0
178.0,179.0,124.0,186.0
183.0,179.0,124.0,187.0
190.0,182.0,120.0,180.0
194.0,182.0,122.0,184.0
197.0,181.0,122.0,184.0
200.0,182.0,122.0,184.0
207.0,186.0,120.0,181.0
210.0,186.0,121.0,182.0
213.0,187.0,121.0,182.0
216.0,187.0,121.0,182.0
218.0,188.0,121.0,182.0
220.0,189.0,121.0,182.0
222.0,190.0,121.0,181.0
224.0,191.0,121.0,182.0
225.0,192.0,121.0,182.0
227.0,192.0,121.0,182.0
228.0,193.0,120.0,181.0
230.0,194.0,120.0,181.0
232.0,195.0,120.0,181.0
233.0,196.0,120.0,181.0
235.0,196.0,120.0,181.0
237.0,197.0,120.0,180.0
238.0,197.0,120.0,180.0
240.0,198.0,120.0,180.0
241.0,199.0,120.0,180.0
242.0,200.0,120.0,180.0
244.0,200.0,119.0,180.0
246.0,201.0,120.0,180.0
248.0,202.0,120.0,180.0
250.0,202.0,119.0,179.0
251.0,203.0,119.0,180.0
252.0,203.0,119.0,180.0
254.0,204.0,119.0,179.0
255.0,205.0,119.0,179.0
256.0,206.0,119.0,179.0
257.0,207.0,119.0,179.0
259.0,208.0,119.0,180.0
260.0,208.0,119.0,179.0
260.0,209.0,120.0,180.0
261.0,210.0,120.0,180.0
262.0,210.0,119.0,180.0
262.0,211.0,120.0,180.0
263.0,212.0,120.0,180.0
264.0,212.0,120.0,180.0
264.0,213.0,120.0,180.0
265.0,213.0,120.0,180.0
265.0,213.0,120.0,180.0
266.0,213.0,120.0,180.0
266.0,213.0,120.0,180.0
266.0,213.0,120.0,180.0
267.0,213.0,120.0,180.0
268.0,213.0,120.0,180.0
269.0,212.0,120.0,180.0
269.0,210.0,120.0,180.0
269.0,207.0,120.0,180.0
270.0,205.0,120.0,181.0
269.0,202.0,120.0,181.0
269.0,201.0,120.0,181.0
269.0,200.0,120.0,181.0
268.0,198.0,120.0,181.0
267.0,196.0,120.0,181.0
266.0,194.0,120.0,181.0
265.0,192.0,121.0,181.0
264.0,190.0,121.0,181.0
263.0,188.0,120.0,181.0
262.0,187.0,121.0,181.0
261.0,186.0,121.0,182.0
261.0,184.0,121.0,182.0
260.0,184.0,121.0,182.0
260.0,183.0,121.0,182.0
260.0,183.0,121.0,182.0
260.0,182.0,121.0,182.0
260.0,182.0,121.0,182.0
260.0,182.0,121.0,182.0
260.0,182.0,121.0,182.0
259.0,182.0,122.0,183.0
260.0,182.0,122.0,183.0
260.0,183.0,122.0,183.0
259.0,183.0,122.0,183.0
259.0,183.0,122.0,183.0
259.0,183.0,122.0,183.0
259.0,183.0,122.0,183.0
259.0,183.0,122.0,183.0
259.0,183.0,122.0,183.0
259.0,183.0,122.0,183.0
259.0,184.0,122.0,184.0
259.0,184.0,122.0,184.0
258.0,184.0,122.0,184.0
258.0,184.0,122.0,184.0
258.0,184.0,122.0,184.0
258.0,184.0,122.0,184.0
258.0,185.0,122.0,183.0
258.0,185.0,122.0,183.0
258.0,185.0,122.0,183.0
257.0,185.0,122.0,183.0
257.0,185.0,122.0,183.0
257.0,185.0,122.0,183.0
257.0,186.0,122.0,183.0
257.0,186.0,122.0,183.0
256.0,186.0,122.0,183.0
256.0,186.0,122.0,183.0
256.0,186.0,122.0,183.0
256.0,187.0,122.0,183.0
256.0,187.0,122.0,183.0
256.0,187.0,122.0,183.0
256.0,187.0,122.0,183.0
256.0,187.0,122.0,183.0
256.0,188.0,122.0,183.0
256.0,188.0,122.0,184.0
256.0,188.0,122.0,184.0
255.0,188.0,122.0,184.0
255.0,188.0,122.0,184.0
255.0,188.0,122.0,184.0
255.0,188.0,122.0,184.0
255.0,188.0,122.0,184.0
255.0,188.0,122.0,184.0
255.0,188.0,122.0,184.0
256.0,188.0,122.0,184.0
256.0,188.0,122.0,184.0
256.0,188.0,122.0,184.0
256.0,187.0,123.0,184.0
256.0,187.0,122.0,184.0
257.0,187.0,123.0,184.0
257.0,186.0,122.0,184.0
258.0,186.0,123.0,184.0
258.0,185.0,123.0,184.0
259.0,185.0,122.0,184.0
259.0,184.0,123.0,184.0
260.0,184.0,123.0,185.0
260.0,183.0,123.0,184.0
260.0,183.0,123.0,185.0
261.0,182.0,123.0,185.0
261.0,182.0,123.0,185.0
261.0,182.0,123.0,184.0
262.0,181.0,123.0,184.0
262.0,181.0,123.0,185.0
262.0,181.0,123.0,184.0
262.0,181.0,123.0,185.0
262.0,181.0,123.0,185.0
262.0,181.0,123.0,185.0
262.0,181.0,123.0,185.0
262.0,181.0,123.0,185.0
263.0,182.0,123.0,185.0
263.0,182.0,123.0,185.0
263.0,182.0,123.0,185.0
263.0,182.0,123.0,185.0
262.0,182.0,123.0,185.0
262.0,183.0,123.0,185.0
262.0,183.0,123.0,185.0
262.0,183.0,123.0,185.0
262.0,183.0,123.0,185.0
262.0,184.0,123.0,185.0
262.0,184.0,123.0,185.0
262.0,184.0,123.0,185.0
262.0,184.0,123.0,185.0
262.0,185.0,123.0,185.0
262.0,185.0,123.0,185.0
262.0,185.0,123.0,185.0
262.0,185.0,123.0,185.0
262.0,185.0,123.0,185.0
262.0,185.0,123.0,185.0
262.0,185.0,123.0,185.0
262.0,185.0,123.0,185.0
262.0,185.0,123.0,185.0
262.0,185.0,123.0,185.0
262.0,186.0,123.0,185.0
262.0,186.0,123.0,185.0
262.0,186.0,123.0,185.0
262.0,186.0,123.0,185.0
262.0,186.0,123.0,185.0
262.0,186.0,123.0,185.0
262.0,186.0,123.0,185.0
262.0,186.0,123.0,185.0
262.0,186.0,123.0,185.0
262.0,186.0,123.0,184.0
262.0,186.0,123.0,185.0
262.0,186.0,123.0,185.0
262.0,186.0,123.0,184.0
262.0,186.0,123.0,184.0
262.0,186.0,123.0,184.0
262.0,186.0,123.0,184.0
262.0,186.0,123.0,184.0
263.0,186.0,123.0,184.0
263.0,186.0,123.0,184.0
263.0,186.0,123.0,184.0
263.0,186.0,123.0,184.0
263.0,186.0,123.0,184.0
263.0,186.0,123.0,184.0
263.0,186.0,123.0,184.0
263.0,186.0,123.0,184.0
263.0,186.0,123.0,184.0
263.0,185.0,123.0,184.0
263.0,185.0,123.0,184.0
263.0,185.0,123.0,184.0
263.0,185.0,123.0,184.0
263.0,185.0,123.0,184.0
263.0,185.0,123.0,184.0
263.0,185.0,123.0,184.0
264.0,185.0,123.0,184.0
264.0,185.0,123.0,184.0
264.0,185.0,123.0,184.0
264.0,186.0,123.0,184.0
264.0,186.0,123.0,184.0
264.0,186.0,123.0,184.0
264.0,186.0,123.0,184.0
264.0,186.0,123.0,184.0
264.0,186.0,123.0,185.0
264.0,185.0,123.0,185.0
264.0,185.0,123.0,185.0
264.0,185.0,123.0,185.0
264.0,185.0,123.0,185.0
264.0,185.0,123.0,185.0
264.0,185.0,123.0,185.0
264.0,185.0,123.0,185.0
264.0,185.0,123.0,185.0
264.0,185.0,123.0,185.0
264.0,185.0,123.0,185.0
264.0,185.0,123.0,185.0
264.0,185.0,123.0,184.0
264.0,185.0,123.0,185.0
264.0,185.0,123.0,185.0
264.0,185.0,123.0,185.0
264.0,185.0,123.0,185.0
264.0,185.0,123.0,185.0
264.0,185.0,123.0,185.0
264.0,185.0,123.0,185.0
264.0,184.0,123.0,185.0
264.0,184.0,123.0,185.0
264.0,184.0,123.0,185.0
264.0,184.0,123.0,185.0
264.0,184.0,123.0,185.0
264.0,184.0,123.0,185.0
264.0,184.0,123.0,185.0
264.0,184.0,123.0,185.0
264.0,184.0,123.0,185.0
264.0,184.0,123.0,185.0
264.0,183.0,123.0,185.0
264.0,183.0,123.0,185.0
264.0,183.0,123.0,185.0
264.0,183.0,123.0,185.0
264.0,183.0,123.0,185.0
265.0,183.0,123.0,185.0
265.0,182.0,123.0,185.0
265.0,182.0,123.0,185.0
265.0,182.0,123.0,185.0
265.0,182.0,123.0,185.0
265.0,182.0,123.0,185.0
265.0,182.0,123.0,185.0
265.0,182.0,123.0,185.0
265.0,182.0,123.0,185.0
265.0,181.0,123.0,185.0
265.0,181.0,123.0,186.0
265.0,181.0,123.0,186.0
265.0,180.0,124.0,186.0
265.0,180.0,124.0,186.0
265.0,180.0,124.0,186.0
265.0,180.0,123.0,186.0
265.0,180.0,124.0,186.0
265.0,180.0,124.0,186.0
265.0,180.0,124.0,186.0
265.0,179.0,124.0,186.0
265.0,179.0,124.0,187.0
265.0,179.0,124.0,186.0
265.0,179.0,124.0,186.0
265.0,179.0,123.0,186.0
265.0,179.0,123.0,185.0
266.0,179.0,123.0,185.0
266.0,179.0,123.0,185.0
266.0,179.0,123.0,185.0
266.0,180.0,123.0,184.0
266.0,180.0,123.0,184.0
266.0,180.0,122.0,184.0
266.0,181.0,122.0,184.0
266.0,181.0,122.0,183.0
266.0,181.0,122.0,183.0
266.0,182.0,122.0,183.0
266.0,182.0,122.0,183.0
266.0,183.0,122.0,183.0
266.0,183.0,121.0,183.0
266.0,183.0,121.0,183.0
266.0,184.0,121.0,183.0
266.0,184.0,121.0,182.0
266.0,185.0,121.0,182.0
266.0,185.0,121.0,182.0
265.0,185.0,121.0,183.0
265.0,185.0,121.0,183.0
264.0,185.0,121.0,182.0
263.0,185.0,121.0,182.0
262.0,185.0,121.0,182.0
261.0,185.0,121.0,182.0
260.0,185.0,121.0,182.0
259.0,184.0,121.0,182.0
259.0,184.0,120.0,181.0
258.0,183.0,120.0,181.0
256.0,182.0,121.0,182.0
255.0,181.0,121.0,182.0
255.0,180.0,121.0,182.0
254.0,180.0,121.0,182.0
253.0,179.0,121.0,182.0
251.0,178.0,121.0,182.0
250.0,177.0,121.0,182.0
250.0,176.0,121.0,182.0
260.0,202.0,125.0,144.0
259.0,201.0,125.0,144.0
257.0,200.0,125.0,144.0
256.0,199.0,125.0,144.0
254.0,198.0,125.0,145.0
253.0,197.0,125.0,145.0
252.0,196.0,126.0,145.0
251.0,196.0,126.0,145.0
250.0,195.0,126.0,145.0
249.0,194.0,126.0,145.0
249.0,194.0,126.0,145.0
248.0,193.0,126.0,145.0
248.0,193.0,126.0,145.0
247.0,193.0,126.0,145.0
246.0,192.0,126.0,145.0
245.0,192.0,126.0,145.0
244.0,191.0,126.0,145.0
243.0,191.0,126.0,145.0
