548.0,311.0,73.0,127.0
547.0,310.0,73.0,127.0
543.0,315.0,73.0,127.0
539.0,316.0,73.0,127.0
537.0,315.0,73.0,127.0
535.0,317.0,73.0,127.0
534.0,319.0,73.0,127.0
534.0,320.0,73.0,127.0
537.0,321.0,73.0,127.0
538.0,322.0,73.0,127.0
541.0,325.0,73.0,127.0
539.0,328.0,73.0,127.0
540.0,331.0,73.0,127.0
541.0,336.0,73.0,127.0
539.0,341.0,73.0,127.0
536.0,350.0,73.0,127.0
531.0,358.0,73.0,127.0
529.0,366.0,73.0,127.0
527.0,374.0,73.0,127.0
526.0,380.0,73.0,127.0
526.0,382.0,73.0,127.0
528.0,385.0,73.0,127.0
529.0,388.0,73.0,127.0
527.0,388.0,73.0,127.0
529.0,392.0,70.0,121.0
531.0,393.0,70.0,121.0
537.0,393.0,70.0,121.0
545.0,393.0,70.0,121.0
554.0,391.0,70.0,121.0
564.0,391.0,70.0,121.0
573.0,386.0,70.0,121.0
582.0,387.0,70.0,121.0
592.0,385.0,70.0,121.0
602.0,384.0,70.0,121.0
612.0,380.0,70.0,121.0
621.0,377.0,70.0,121.0
629.0,376.0,70.0,121.0
638.0,373.0,70.0,121.0
647.0,369.0,70.0,121.0
653.0,365.0,70.0,121.0
655.0,362.0,70.0,121.0
656.0,358.0,70.0,121.0
651.0,350.0,73.0,127.0
647.0,347.0,73.0,127.0
636.0,343.0,73.0,127.0
624.0,337.0,73.0,127.0
608.0,331.0,73.0,127.0
587.0,324.0,77.0,133.0
567.0,320.0,77.0,133.0
550.0,317.0,77.0,133.0
533.0,310.0,77.0,133.0
525.0,306.0,77.0,133.0
521.0,300.0,77.0,133.0
523.0,297.0,73.0,127.0
529.0,295.0,70.0,121.0
533.0,291.0,70.0,121.0
535.0,287.0,70.0,121.0
536.0,285.0,70.0,121.0
536.0,282.0,70.0,121.0
537.0,278.0,70.0,121.0
538.0,275.0,70.0,121.0
541.0,269.0,70.0,121.0
544.0,265.0,70.0,121.0
548.0,261.0,70.0,121.0
554.0,257.0,70.0,121.0
559.0,252.0,70.0,121.0
566.0,254.0,70.0,121.0
569.0,254.0,70.0,121.0
572.0,250.0,70.0,121.0
576.0,251.0,70.0,121.0
579.0,251.0,70.0,121.0
580.0,253.0,70.0,121.0
580.0,252.0,70.0,121.0
576.0,254.0,70.0,121.0
571.0,258.0,70.0,121.0
564.0,264.0,70.0,121.0
558.0,268.0,70.0,121.0
554.0,269.0,73.0,127.0
553.0,277.0,73.0,127.0
552.0,285.0,73.0,127.0
551.0,289.0,73.0,127.0
551.0,306.0,73.0,127.0
553.0,313.0,77.0,133.0
554.0,325.0,77.0,133.0
557.0,339.0,77.0,133.0
557.0,349.0,80.0,140.0
556.0,357.0,85.0,147.0
556.0,366.0,89.0,154.0
558.0,373.0,89.0,154.0
556.0,376.0,93.0,162.0
559.0,375.0,98.0,170.0
563.0,373.0,98.0,170.0
566.0,372.0,98.0,170.0
570.0,368.0,98.0,170.0
570.0,354.0,103.0,179.0
578.0,320.0,99.0,214.0
574.0,309.0,99.0,214.0
572.0,288.0,104.0,225.0
570.0,274.0,104.0,225.0
566.0,254.0,109.0,236.0
561.0,244.0,109.0,236.0
560.0,226.0,115.0,248.0
554.0,215.0,115.0,248.0
543.0,209.0,115.0,248.0
527.0,200.0,120.0,260.0
505.0,193.0,126.0,273.0
489.0,195.0,126.0,273.0
466.0,191.0,133.0,287.0
448.0,189.0,133.0,287.0
435.0,190.0,133.0,287.0
432.0,189.0,133.0,287.0
434.0,190.0,133.0,287.0
435.0,188.0,133.0,287.0
438.0,187.0,133.0,287.0
452.0,184.0,133.0,287.0
487.0,171.0,139.0,301.0
562.0,160.0,146.0,316.0
596.0,171.0,146.0,316.0
627.0,208.0,139.0,301.0
665.0,225.0,139.0,301.0
698.0,227.0,139.0,301.0
723.0,229.0,139.0,301.0
748.0,241.0,133.0,287.0
760.0,240.0,133.0,287.0
762.0,240.0,133.0,287.0
751.0,241.0,133.0,287.0
729.0,239.0,133.0,287.0
699.0,228.0,139.0,301.0
661.0,222.0,139.0,301.0
615.0,207.0,139.0,301.0
574.0,190.0,139.0,301.0
530.0,178.0,139.0,301.0
490.0,163.0,139.0,301.0
455.0,150.0,133.0,287.0
429.0,129.0,133.0,287.0
418.0,104.0,133.0,287.0
421.0,83.0,133.0,287.0
435.0,67.0,133.0,287.0
453.0,51.0,139.0,301.0
477.0,45.0,139.0,301.0
497.0,44.0,139.0,301.0
510.0,62.0,133.0,287.0
505.0,92.0,133.0,287.0
491.0,132.0,133.0,287.0
482.0,146.0,139.0,301.0
483.0,147.0,139.0,301.0
493.0,136.0,139.0,301.0
504.0,128.0,139.0,301.0
510.0,128.0,139.0,301.0
510.0,139.0,139.0,301.0
503.0,153.0,139.0,301.0
493.0,162.0,139.0,301.0
486.0,167.0,139.0,301.0
488.0,169.0,139.0,301.0
487.0,178.0,133.0,287.0
484.0,179.0,133.0,287.0
487.0,177.0,133.0,287.0
488.0,176.0,133.0,287.0
488.0,175.0,133.0,287.0
491.0,173.0,133.0,287.0
494.0,171.0,133.0,287.0
496.0,169.0,133.0,287.0
500.0,151.0,154.0,300.0
490.0,160.0,154.0,300.0
489.0,161.0,154.0,300.0
490.0,161.0,154.0,300.0
493.0,158.0,154.0,300.0
495.0,158.0,154.0,300.0
496.0,157.0,154.0,300.0
498.0,159.0,154.0,300.0
498.0,163.0,154.0,300.0
496.0,166.0,154.0,300.0
494.0,171.0,154.0,300.0
496.0,173.0,154.0,300.0
501.0,171.0,154.0,300.0
501.0,172.0,154.0,300.0
501.0,173.0,154.0,300.0
501.0,170.0,162.0,315.0
507.0,184.0,154.0,300.0
509.0,185.0,154.0,300.0
514.0,187.0,154.0,300.0
513.0,192.0,154.0,300.0
512.0,199.0,154.0,300.0
516.0,200.0,154.0,300.0
516.0,203.0,154.0,300.0
523.0,202.0,154.0,300.0
527.0,202.0,154.0,300.0
527.0,202.0,154.0,300.0
530.0,204.0,154.0,300.0
532.0,203.0,154.0,300.0
534.0,205.0,154.0,300.0
536.0,205.0,154.0,300.0
535.0,210.0,154.0,300.0
536.0,223.0,147.0,286.0
534.0,225.0,147.0,286.0
533.0,228.0,147.0,286.0
530.0,230.0,147.0,286.0
526.0,232.0,147.0,286.0
517.0,223.0,154.0,300.0
513.0,225.0,154.0,300.0
516.0,201.0,151.0,308.0
502.0,214.0,151.0,308.0
493.0,219.0,151.0,308.0
488.0,226.0,144.0,293.0
480.0,232.0,144.0,293.0
473.0,230.0,144.0,293.0
470.0,231.0,144.0,293.0
467.0,231.0,144.0,293.0
461.0,231.0,144.0,293.0
457.0,235.0,144.0,293.0
456.0,235.0,144.0,293.0
453.0,222.0,151.0,308.0
452.0,220.0,151.0,308.0
454.0,218.0,151.0,308.0
456.0,213.0,151.0,308.0
458.0,211.0,151.0,308.0
455.0,208.0,151.0,308.0
456.0,206.0,151.0,308.0
458.0,205.0,151.0,308.0
461.0,203.0,151.0,308.0
463.0,202.0,151.0,308.0
465.0,203.0,151.0,308.0
470.0,203.0,151.0,308.0
474.0,201.0,151.0,308.0
475.0,200.0,151.0,308.0
474.0,201.0,151.0,308.0
475.0,199.0,151.0,308.0
481.0,198.0,151.0,308.0
485.0,197.0,151.0,308.0
489.0,196.0,151.0,308.0
496.0,192.0,151.0,308.0
496.0,191.0,151.0,308.0
498.0,194.0,151.0,308.0
500.0,195.0,151.0,308.0
507.0,191.0,151.0,308.0
507.0,193.0,151.0,308.0
513.0,192.0,151.0,308.0
521.0,199.0,144.0,293.0
525.0,197.0,144.0,293.0
531.0,198.0,144.0,293.0
534.0,200.0,144.0,293.0
539.0,199.0,144.0,293.0
544.0,198.0,144.0,293.0
547.0,198.0,144.0,293.0
549.0,198.0,144.0,293.0
552.0,196.0,144.0,293.0
569.0,171.0,140.0,304.0
564.0,185.0,140.0,304.0
566.0,189.0,140.0,304.0
570.0,195.0,133.0,290.0
575.0,194.0,133.0,290.0
581.0,196.0,127.0,276.0
584.0,194.0,127.0,276.0
589.0,192.0,127.0,276.0
591.0,188.0,127.0,276.0
592.0,179.0,133.0,290.0
596.0,177.0,133.0,290.0
610.0,137.0,119.0,315.0
608.0,151.0,119.0,315.0
611.0,153.0,119.0,315.0
614.0,158.0,113.0,300.0
616.0,154.0,113.0,300.0
618.0,150.0,113.0,300.0
615.0,137.0,119.0,315.0
620.0,141.0,113.0,300.0
621.0,140.0,113.0,300.0
620.0,141.0,113.0,300.0
623.0,138.0,113.0,300.0
627.0,136.0,113.0,300.0
630.0,133.0,113.0,300.0
630.0,132.0,113.0,300.0
622.0,114.0,142.0,317.0
622.0,111.0,142.0,317.0
622.0,108.0,142.0,317.0
620.0,109.0,141.0,314.0
620.0,111.0,139.0,310.0
620.0,112.0,137.0,305.0
618.0,114.0,135.0,302.0
613.0,117.0,133.0,298.0
610.0,120.0,131.0,293.0
606.0,123.0,130.0,290.0
601.0,126.0,128.0,286.0
595.0,129.0,127.0,283.0
589.0,131.0,125.0,279.0
584.0,132.0,123.0,275.0
581.0,134.0,122.0,272.0
578.0,135.0,120.0,268.0
577.0,137.0,119.0,265.0
577.0,139.0,117.0,262.0
576.0,142.0,116.0,259.0
576.0,144.0,114.0,255.0
577.0,145.0,113.0,252.0
578.0,147.0,111.0,249.0
577.0,151.0,110.0,246.0
578.0,152.0,109.0,242.0
581.0,153.0,107.0,239.0
585.0,153.0,106.0,236.0
588.0,154.0,104.0,233.0
589.0,154.0,103.0,230.0
589.0,156.0,102.0,227.0
593.0,156.0,100.0,224.0
597.0,156.0,99.0,221.0
597.0,157.0,98.0,218.0
600.0,157.0,96.0,215.0
602.0,157.0,95.0,212.0
604.0,157.0,93.0,208.0
608.0,156.0,92.0,205.0
612.0,155.0,90.0,201.0
615.0,152.0,88.0,197.0
616.0,151.0,87.0,194.0
619.0,147.0,85.0,190.0
622.0,142.0,84.0,188.0
624.0,138.0,83.0,185.0
626.0,135.0,82.0,182.0
628.0,132.0,80.0,178.0
633.0,129.0,78.0,175.0
635.0,127.0,77.0,172.0
637.0,129.0,73.0,163.0
638.0,130.0,71.0,159.0
639.0,130.0,70.0,155.0
642.0,131.0,67.0,150.0
640.0,134.0,66.0,148.0
640.0,137.0,64.0,144.0
642.0,139.0,62.0,138.0
642.0,141.0,61.0,137.0
644.0,144.0,60.0,133.0
645.0,148.0,58.0,129.0
644.0,152.0,56.0,126.0
643.0,156.0,55.0,122.0
634.0,165.0,66.0,123.0
635.0,168.0,64.0,119.0
636.0,172.0,62.0,115.0
636.0,177.0,60.0,112.0
636.0,181.0,58.0,108.0
637.0,183.0,57.0,106.0
639.0,185.0,56.0,104.0
639.0,191.0,53.0,99.0
637.0,197.0,52.0,96.0
639.0,202.0,50.0,93.0
641.0,206.0,49.0,91.0
641.0,210.0,47.0,87.0
640.0,214.0,45.0,85.0
640.0,218.0,44.0,82.0
640.0,222.0,43.0,80.0
639.0,227.0,41.0,77.0
637.0,231.0,40.0,75.0
614.0,239.0,76.0,72.0
612.0,241.0,75.0,71.0
611.0,243.0,73.0,69.0
611.0,243.0,72.0,68.0
612.0,242.0,70.0,67.0
611.0,240.0,68.0,65.0
612.0,234.0,67.0,64.0
612.0,230.0,66.0,62.0
609.0,229.0,65.0,61.0
607.0,226.0,64.0,60.0
606.0,224.0,62.0,59.0
605.0,222.0,61.0,58.0
604.0,221.0,60.0,57.0
602.0,220.0,60.0,56.0
599.0,220.0,59.0,56.0
598.0,221.0,58.0,55.0
596.0,222.0,57.0,54.0
593.0,225.0,56.0,53.0
590.0,229.0,55.0,52.0
588.0,232.0,54.0,51.0
585.0,235.0,53.0,50.0
582.0,239.0,52.0,49.0
580.0,244.0,51.0,49.0
576.0,249.0,50.0,48.0
573.0,254.0,49.0,47.0
571.0,258.0,48.0,46.0
568.0,263.0,48.0,45.0
565.0,269.0,47.0,44.0
561.0,273.0,46.0,44.0
558.0,278.0,45.0,43.0
557.0,282.0,44.0,42.0
554.0,287.0,43.0,41.0
552.0,291.0,42.0,40.0
549.0,296.0,42.0,39.0
548.0,300.0,41.0,39.0
546.0,304.0,40.0,38.0
545.0,309.0,39.0,37.0
544.0,313.0,39.0,36.0
543.0,316.0,38.0,36.0
542.0,320.0,37.0,35.0
541.0,324.0,36.0,34.0
540.0,327.0,36.0,34.0
540.0,329.0,35.0,33.0
539.0,331.0,35.0,33.0
538.0,334.0,35.0,33.0
538.0,336.0,35.0,33.0
540.0,338.0,34.0,33.0
542.0,341.0,34.0,32.0
544.0,343.0,34.0,32.0
546.0,345.0,34.0,32.0
549.0,348.0,34.0,32.0
552.0,350.0,34.0,32.0
556.0,352.0,33.0,31.0
559.0,355.0,33.0,31.0
562.0,357.0,33.0,31.0
565.0,359.0,32.0,31.0
568.0,361.0,32.0,30.0
571.0,363.0,32.0,30.0
573.0,364.0,32.0,30.0
575.0,366.0,31.0,30.0
577.0,367.0,31.0,29.0
579.0,368.0,31.0,29.0
581.0,369.0,31.0,29.0
583.0,369.0,30.0,29.0
586.0,369.0,30.0,29.0
587.0,369.0,30.0,29.0
589.0,369.0,30.0,28.0
591.0,369.0,30.0,28.0
593.0,369.0,29.0,28.0
594.0,370.0,29.0,28.0
595.0,371.0,29.0,27.0
595.0,371.0,29.0,27.0
598.0,370.0,29.0,27.0
599.0,370.0,28.0,27.0
599.0,370.0,28.0,27.0
598.0,371.0,28.0,26.0
598.0,372.0,28.0,26.0
597.0,372.0,28.0,26.0
595.0,373.0,27.0,26.0
594.0,374.0,27.0,26.0
592.0,375.0,27.0,25.0
591.0,376.0,27.0,25.0
589.0,377.0,26.0,25.0
588.0,379.0,26.0,25.0
587.0,381.0,26.0,25.0
586.0,382.0,26.0,25.0
584.0,384.0,26.0,24.0
583.0,386.0,25.0,24.0
581.0,387.0,25.0,24.0
579.0,389.0,25.0,24.0
578.0,390.0,25.0,24.0
577.0,392.0,25.0,23.0
574.0,394.0,25.0,23.0
572.0,396.0,24.0,23.0
569.0,398.0,24.0,23.0
569.0,399.0,24.0,23.0
568.0,400.0,24.0,23.0
566.0,400.0,24.0,23.0
565.0,402.0,23.0,22.0
564.0,404.0,23.0,22.0
562.0,406.0,23.0,22.0
561.0,408.0,23.0,22.0
559.0,409.0,23.0,22.0
558.0,410.0,22.0,21.0
558.0,412.0,22.0,21.0
557.0,413.0,22.0,21.0
556.0,414.0,22.0,21.0
556.0,414.0,22.0,21.0
556.0,417.0,21.0,20.0
555.0,418.0,21.0,20.0
556.0,419.0,21.0,20.0
556.0,420.0,21.0,20.0
557.0,420.0,21.0,20.0
556.0,421.0,20.0,19.0
556.0,423.0,20.0,19.0
557.0,425.0,20.0,19.0
558.0,426.0,20.0,19.0
558.0,427.0,20.0,19.0
559.0,428.0,20.0,19.0
559.0,430.0,20.0,19.0
559.0,431.0,20.0,19.0
561.0,433.0,19.0,18.0
563.0,434.0,20.0,18.0
564.0,436.0,19.0,18.0
564.0,439.0,19.0,18.0
565.0,442.0,19.0,18.0
566.0,446.0,19.0,18.0
567.0,452.0,19.0,18.0
569.0,460.0,19.0,18.0
573.0,465.0,19.0,18.0
577.0,472.0,19.0,18.0
580.0,477.0,19.0,18.0
582.0,482.0,18.0,17.0
585.0,486.0,19.0,18.0
586.0,488.0,19.0,18.0
587.0,489.0,19.0,18.0
587.0,491.0,18.0,17.0
587.0,491.0,18.0,17.0
587.0,492.0,18.0,17.0
588.0,492.0,18.0,17.0
589.0,492.0,18.0,17.0
589.0,492.0,18.0,17.0
588.0,494.0,18.0,17.0
587.0,495.0,17.0,17.0
587.0,495.0,17.0,16.0
588.0,493.0,17.0,16.0
590.0,492.0,17.0,16.0
591.0,490.0,17.0,16.0
590.0,489.0,17.0,16.0
591.0,487.0,17.0,16.0
592.0,485.0,17.0,16.0
590.0,483.0,16.0,16.0
590.0,481.0,16.0,15.0
589.0,479.0,16.0,15.0
589.0,477.0,16.0,15.0
588.0,475.0,16.0,15.0
588.0,473.0,16.0,15.0
588.0,472.0,16.0,15.0
589.0,470.0,16.0,15.0
588.0,468.0,16.0,15.0
588.0,467.0,15.0,15.0
587.0,466.0,15.0,15.0
588.0,465.0,15.0,15.0
587.0,464.0,15.0,14.0
586.0,463.0,15.0,14.0
585.0,462.0,15.0,14.0
584.0,461.0,15.0,14.0
583.0,461.0,15.0,14.0
581.0,460.0,15.0,14.0
579.0,461.0,15.0,14.0
577.0,461.0,15.0,15.0
575.0,461.0,15.0,15.0
573.0,462.0,16.0,15.0
571.0,464.0,16.0,15.0
567.0,468.0,16.0,15.0
564.0,470.0,16.0,15.0
562.0,472.0,16.0,16.0
560.0,474.0,17.0,16.0
557.0,479.0,17.0,16.0
554.0,482.0,17.0,16.0
552.0,485.0,17.0,16.0
551.0,488.0,18.0,17.0
549.0,490.0,18.0,17.0
548.0,493.0,18.0,17.0
546.0,498.0,18.0,17.0
545.0,499.0,19.0,18.0
544.0,502.0,19.0,18.0
543.0,505.0,19.0,18.0
543.0,507.0,19.0,18.0
543.0,508.0,19.0,18.0
542.0,510.0,20.0,19.0
541.0,511.0,20.0,19.0
540.0,511.0,20.0,19.0
539.0,512.0,20.0,19.0
537.0,513.0,21.0,20.0
537.0,515.0,21.0,20.0
536.0,516.0,21.0,20.0
535.0,516.0,22.0,20.0
534.0,517.0,22.0,20.0
532.0,518.0,22.0,21.0
530.0,518.0,22.0,21.0
530.0,517.0,22.0,21.0
527.0,518.0,22.0,21.0
526.0,518.0,23.0,22.0
523.0,519.0,23.0,22.0
520.0,520.0,23.0,22.0
516.0,521.0,24.0,22.0
513.0,521.0,24.0,23.0
510.0,523.0,24.0,23.0
507.0,524.0,24.0,23.0
505.0,526.0,25.0,23.0
503.0,527.0,25.0,24.0
500.0,528.0,25.0,24.0
498.0,529.0,25.0,24.0
497.0,530.0,26.0,24.0
496.0,530.0,26.0,25.0
494.0,532.0,27.0,25.0
493.0,532.0,27.0,25.0
491.0,534.0,27.0,26.0
489.0,535.0,28.0,26.0
489.0,535.0,28.0,26.0
489.0,535.0,28.0,27.0
487.0,537.0,28.0,27.0
488.0,537.0,29.0,27.0
490.0,537.0,29.0,27.0
491.0,536.0,29.0,27.0
493.0,534.0,29.0,27.0
493.0,533.0,31.0,41.0
493.0,534.0,32.0,42.0
496.0,535.0,32.0,43.0
498.0,534.0,33.0,44.0
501.0,534.0,34.0,45.0
501.0,535.0,35.0,46.0
503.0,537.0,36.0,47.0
506.0,538.0,36.0,48.0
510.0,538.0,37.0,49.0
515.0,538.0,38.0,50.0
517.0,540.0,39.0,51.0
520.0,540.0,40.0,53.0
525.0,539.0,41.0,55.0
531.0,537.0,42.0,56.0
536.0,535.0,44.0,58.0
538.0,531.0,45.0,60.0
543.0,523.0,47.0,62.0
546.0,512.0,48.0,64.0
547.0,503.0,50.0,66.0
546.0,494.0,51.0,68.0
546.0,480.0,53.0,70.0
545.0,467.0,55.0,72.0
542.0,453.0,56.0,75.0
543.0,437.0,58.0,76.0
540.0,421.0,59.0,78.0
532.0,407.0,60.0,80.0
521.0,395.0,62.0,82.0
506.0,381.0,63.0,84.0
491.0,366.0,65.0,85.0
477.0,348.0,66.0,88.0
457.0,332.0,68.0,90.0
439.0,318.0,70.0,93.0
423.0,305.0,72.0,95.0
412.0,295.0,72.0,95.0
403.0,288.0,72.0,96.0
396.0,284.0,72.0,95.0
390.0,281.0,72.0,95.0
383.0,281.0,72.0,95.0
375.0,282.0,71.0,94.0
369.0,285.0,71.0,94.0
362.0,288.0,71.0,94.0
355.0,293.0,71.0,94.0
352.0,301.0,71.0,94.0
353.0,309.0,71.0,94.0
360.0,316.0,71.0,93.0
369.0,327.0,71.0,94.0
381.0,341.0,70.0,93.0
399.0,354.0,70.0,93.0
423.0,370.0,68.0,90.0
443.0,382.0,69.0,92.0
469.0,395.0,69.0,92.0
495.0,408.0,69.0,91.0
525.0,416.0,68.0,90.0
535.0,416.0,82.0,90.0
554.0,411.0,82.0,90.0
571.0,408.0,81.0,89.0
585.0,405.0,81.0,89.0
603.0,403.0,81.0,88.0
613.0,399.0,80.0,88.0
621.0,397.0,80.0,88.0
622.0,396.0,80.0,88.0
628.0,392.0,80.0,87.0
637.0,384.0,79.0,87.0
639.0,379.0,79.0,87.0
633.0,379.0,78.0,86.0
621.0,376.0,78.0,86.0
608.0,374.0,78.0,86.0
591.0,373.0,78.0,85.0
578.0,372.0,77.0,85.0
569.0,370.0,77.0,84.0
565.0,365.0,77.0,84.0
561.0,358.0,77.0,84.0
556.0,355.0,74.0,81.0
551.0,352.0,73.0,80.0
546.0,351.0,72.0,79.0
541.0,349.0,70.0,77.0
537.0,348.0,69.0,76.0
538.0,347.0,67.0,74.0
540.0,345.0,66.0,72.0
543.0,345.0,64.0,70.0
545.0,347.0,62.0,68.0
548.0,346.0,59.0,65.0
555.0,345.0,58.0,63.0
560.0,344.0,56.0,61.0
566.0,347.0,54.0,60.0
569.0,350.0,53.0,58.0
571.0,349.0,51.0,56.0
575.0,348.0,50.0,54.0
581.0,347.0,48.0,53.0
586.0,347.0,46.0,51.0
594.0,347.0,45.0,49.0
598.0,348.0,44.0,48.0
603.0,346.0,42.0,47.0
609.0,343.0,42.0,46.0
611.0,342.0,40.0,44.0
613.0,342.0,39.0,43.0
612.0,342.0,38.0,41.0
608.0,341.0,37.0,41.0
604.0,338.0,36.0,40.0
600.0,338.0,35.0,39.0
594.0,338.0,34.0,38.0
588.0,339.0,33.0,37.0
581.0,339.0,33.0,36.0
574.0,338.0,32.0,35.0
570.0,335.0,32.0,35.0
562.0,332.0,32.0,35.0
553.0,331.0,32.0,35.0
543.0,331.0,31.0,35.0
536.0,329.0,31.0,34.0
531.0,327.0,31.0,34.0
524.0,323.0,31.0,34.0
516.0,323.0,31.0,34.0
507.0,321.0,31.0,34.0
498.0,320.0,31.0,34.0
492.0,319.0,31.0,34.0
485.0,317.0,31.0,34.0
478.0,317.0,31.0,34.0
470.0,316.0,31.0,34.0
464.0,315.0,31.0,34.0
460.0,315.0,30.0,33.0
456.0,313.0,30.0,33.0
453.0,310.0,30.0,33.0
449.0,307.0,30.0,33.0
446.0,307.0,30.0,33.0
446.0,308.0,30.0,33.0
449.0,310.0,30.0,33.0
456.0,311.0,30.0,33.0
466.0,316.0,30.0,33.0
483.0,327.0,30.0,33.0
498.0,338.0,30.0,33.0
512.0,343.0,30.0,33.0
527.0,348.0,32.0,35.0
545.0,354.0,30.0,33.0
562.0,359.0,30.0,33.0
584.0,364.0,30.0,33.0
610.0,367.0,30.0,34.0
633.0,368.0,30.0,35.0
654.0,372.0,32.0,27.0
667.0,367.0,42.0,34.0
692.0,371.0,28.0,27.0
700.0,364.0,33.0,37.0
712.0,365.0,32.0,34.0
718.0,361.0,36.0,34.0
724.0,359.0,36.0,34.0
726.0,358.0,36.0,34.0
724.0,358.0,36.0,34.0
720.0,355.0,36.0,34.0
714.0,354.0,36.0,34.0
705.0,354.0,36.0,34.0
697.0,354.0,36.0,34.0
690.0,353.0,36.0,34.0
684.0,349.0,36.0,34.0
681.0,348.0,29.0,35.0
675.0,348.0,29.0,35.0
670.0,347.0,29.0,35.0
664.0,345.0,29.0,35.0
659.0,343.0,29.0,35.0
650.0,341.0,29.0,35.0
643.0,339.0,29.0,35.0
637.0,339.0,29.0,35.0
631.0,338.0,29.0,35.0
626.0,336.0,29.0,35.0
622.0,334.0,29.0,35.0
617.0,333.0,28.0,34.0
612.0,333.0,28.0,34.0
605.0,332.0,29.0,35.0
600.0,331.0,29.0,35.0
597.0,329.0,28.0,34.0
594.0,327.0,28.0,34.0
590.0,327.0,28.0,34.0
586.0,326.0,28.0,34.0
583.0,325.0,28.0,34.0
581.0,325.0,28.0,34.0
579.0,324.0,28.0,34.0
580.0,322.0,28.0,34.0
579.0,323.0,29.0,34.0
579.0,324.0,28.0,34.0
580.0,325.0,28.0,33.0
583.0,326.0,28.0,34.0
589.0,326.0,28.0,34.0
597.0,327.0,28.0,34.0
606.0,327.0,28.0,34.0
613.0,328.0,29.0,35.0
620.0,330.0,28.0,34.0
629.0,332.0,28.0,34.0
640.0,332.0,28.0,34.0
654.0,334.0,28.0,34.0
665.0,337.0,28.0,34.0
671.0,341.0,28.0,34.0
674.0,345.0,28.0,34.0
675.0,348.0,28.0,34.0
676.0,351.0,28.0,34.0
674.0,351.0,28.0,34.0
669.0,351.0,28.0,34.0
664.0,350.0,28.0,34.0
658.0,350.0,29.0,34.0
651.0,350.0,29.0,35.0
647.0,350.0,29.0,34.0
642.0,347.0,29.0,35.0
636.0,344.0,28.0,34.0
631.0,343.0,29.0,35.0
623.0,343.0,29.0,35.0
615.0,343.0,29.0,35.0
609.0,341.0,28.0,34.0
599.0,338.0,29.0,35.0
593.0,338.0,29.0,35.0
588.0,334.0,29.0,35.0
577.0,332.0,29.0,35.0
570.0,329.0,28.0,34.0
565.0,327.0,29.0,35.0
558.0,327.0,29.0,35.0
552.0,327.0,29.0,35.0
546.0,327.0,29.0,35.0
538.0,328.0,29.0,35.0
532.0,328.0,29.0,35.0
528.0,325.0,29.0,35.0
523.0,324.0,29.0,34.0
519.0,324.0,29.0,35.0
519.0,321.0,28.0,34.0
520.0,319.0,29.0,35.0
523.0,318.0,29.0,35.0
528.0,317.0,29.0,35.0
538.0,315.0,28.0,34.0
549.0,313.0,29.0,35.0
561.0,312.0,28.0,34.0
573.0,312.0,28.0,34.0
583.0,309.0,29.0,35.0
590.0,305.0,29.0,35.0
595.0,302.0,29.0,35.0
599.0,300.0,29.0,35.0
601.0,297.0,29.0,35.0
605.0,294.0,29.0,35.0
609.0,290.0,29.0,35.0
609.0,289.0,28.0,34.0
608.0,289.0,30.0,36.0
610.0,289.0,30.0,36.0
612.0,289.0,30.0,36.0
610.0,288.0,30.0,36.0
607.0,286.0,30.0,36.0
608.0,283.0,30.0,36.0
610.0,281.0,30.0,36.0
613.0,278.0,30.0,36.0
618.0,277.0,30.0,36.0
624.0,277.0,29.0,35.0
633.0,276.0,30.0,36.0
641.0,274.0,29.0,35.0
649.0,274.0,29.0,35.0
652.0,275.0,29.0,35.0
644.0,277.0,29.0,35.0
633.0,281.0,29.0,35.0
626.0,282.0,29.0,35.0
623.0,282.0,29.0,35.0
617.0,282.0,29.0,35.0
611.0,285.0,29.0,35.0
606.0,288.0,29.0,35.0
596.0,292.0,29.0,35.0
583.0,301.0,29.0,36.0
572.0,312.0,29.0,35.0
563.0,322.0,29.0,35.0
555.0,328.0,29.0,35.0
544.0,334.0,30.0,36.0
532.0,340.0,29.0,36.0
524.0,345.0,29.0,35.0
511.0,346.0,29.0,35.0
495.0,346.0,28.0,34.0
482.0,343.0,28.0,34.0
473.0,337.0,29.0,34.0
465.0,328.0,29.0,35.0
453.0,319.0,28.0,34.0
439.0,306.0,29.0,35.0
431.0,290.0,29.0,35.0
425.0,274.0,29.0,35.0
420.0,265.0,28.0,34.0
418.0,259.0,29.0,35.0
419.0,254.0,28.0,34.0
427.0,252.0,28.0,34.0
444.0,252.0,28.0,33.0
469.0,249.0,33.0,37.0
494.0,253.0,36.0,32.0
525.0,253.0,35.0,31.0
557.0,253.0,35.0,33.0
595.0,247.0,34.0,38.0
626.0,247.0,36.0,36.0
649.0,249.0,36.0,36.0
680.0,250.0,32.0,33.0
700.0,245.0,36.0,35.0
721.0,237.0,40.0,35.0
745.0,235.0,33.0,37.0
764.0,233.0,33.0,37.0
778.0,231.0,33.0,37.0
787.0,231.0,33.0,37.0
782.0,231.0,33.0,37.0
770.0,236.0,33.0,37.0
755.0,240.0,33.0,37.0
742.0,244.0,33.0,37.0
723.0,248.0,33.0,37.0
706.0,252.0,33.0,37.0
683.0,259.0,35.0,39.0
657.0,262.0,36.0,41.0
627.0,264.0,38.0,43.0
602.0,268.0,38.0,43.0
578.0,271.0,38.0,43.0
553.0,270.0,38.0,43.0
535.0,271.0,38.0,43.0
523.0,267.0,38.0,43.0
516.0,267.0,36.0,41.0
513.0,266.0,36.0,41.0
514.0,265.0,36.0,41.0
516.0,260.0,36.0,41.0
521.0,258.0,38.0,43.0
528.0,253.0,38.0,43.0
531.0,255.0,38.0,43.0
540.0,253.0,38.0,43.0
549.0,252.0,36.0,41.0
554.0,251.0,36.0,41.0
559.0,249.0,36.0,41.0
563.0,249.0,36.0,41.0
567.0,248.0,36.0,41.0
572.0,249.0,36.0,41.0
576.0,248.0,35.0,39.0
580.0,249.0,33.0,37.0
585.0,250.0,33.0,37.0
589.0,252.0,33.0,37.0
590.0,251.0,33.0,37.0
594.0,252.0,31.0,35.0
595.0,255.0,31.0,35.0
595.0,254.0,31.0,35.0
594.0,255.0,31.0,35.0
594.0,256.0,31.0,35.0
591.0,255.0,31.0,35.0
587.0,256.0,31.0,35.0
585.0,256.0,31.0,35.0
583.0,259.0,30.0,34.0
579.0,259.0,30.0,34.0
575.0,260.0,30.0,34.0
577.0,260.0,30.0,34.0
574.0,261.0,30.0,34.0
570.0,262.0,31.0,35.0
568.0,264.0,31.0,35.0
566.0,267.0,31.0,35.0
567.0,271.0,31.0,35.0
568.0,273.0,31.0,35.0
564.0,278.0,31.0,35.0
562.0,278.0,31.0,35.0
561.0,279.0,30.0,34.0
558.0,281.0,30.0,34.0
557.0,281.0,30.0,34.0
555.0,279.0,30.0,34.0
554.0,282.0,30.0,34.0
552.0,283.0,30.0,34.0
551.0,285.0,30.0,34.0
552.0,288.0,30.0,34.0
550.0,287.0,30.0,34.0
548.0,289.0,30.0,34.0
548.0,291.0,30.0,34.0
547.0,292.0,30.0,34.0
546.0,290.0,30.0,34.0
544.0,291.0,30.0,34.0
543.0,290.0,30.0,34.0
545.0,291.0,30.0,34.0
543.0,289.0,30.0,34.0
543.0,289.0,30.0,34.0
543.0,289.0,30.0,34.0
540.0,290.0,30.0,34.0
542.0,290.0,30.0,34.0
545.0,290.0,29.0,32.0
546.0,288.0,29.0,32.0
542.0,287.0,29.0,32.0
541.0,288.0,29.0,32.0
543.0,285.0,29.0,32.0
544.0,282.0,29.0,32.0
544.0,284.0,29.0,32.0
545.0,282.0,29.0,32.0
548.0,278.0,29.0,32.0
549.0,278.0,29.0,32.0
550.0,277.0,29.0,32.0
552.0,275.0,29.0,32.0
556.0,274.0,29.0,32.0
553.0,271.0,29.0,32.0
556.0,271.0,29.0,32.0
562.0,266.0,29.0,32.0
564.0,264.0,29.0,32.0
564.0,262.0,29.0,32.0
570.0,257.0,29.0,32.0
572.0,257.0,29.0,32.0
572.0,258.0,29.0,32.0
577.0,259.0,27.0,30.0
582.0,258.0,27.0,30.0
585.0,258.0,27.0,30.0
587.0,258.0,26.0,29.0
590.0,258.0,26.0,29.0
598.0,257.0,26.0,29.0
598.0,256.0,26.0,29.0
600.0,257.0,27.0,30.0
601.0,257.0,27.0,30.0
605.0,258.0,27.0,30.0
605.0,259.0,27.0,30.0
604.0,261.0,27.0,30.0
606.0,261.0,27.0,30.0
606.0,264.0,26.0,29.0
605.0,268.0,26.0,29.0
603.0,271.0,26.0,29.0
599.0,274.0,26.0,29.0
588.0,277.0,26.0,29.0
578.0,281.0,26.0,29.0
565.0,285.0,26.0,29.0
546.0,291.0,26.0,29.0
529.0,294.0,26.0,29.0
514.0,299.0,26.0,29.0
503.0,303.0,26.0,29.0
494.0,304.0,26.0,29.0
485.0,305.0,26.0,29.0
480.0,306.0,26.0,29.0
476.0,309.0,26.0,29.0
475.0,308.0,26.0,29.0
472.0,308.0,26.0,29.0
473.0,309.0,26.0,29.0
474.0,308.0,27.0,30.0
475.0,309.0,27.0,30.0
477.0,310.0,26.0,29.0
480.0,310.0,26.0,29.0
483.0,311.0,26.0,29.0
483.0,310.0,26.0,29.0
484.0,309.0,26.0,29.0
485.0,307.0,26.0,29.0
484.0,307.0,26.0,29.0
483.0,307.0,26.0,29.0
481.0,308.0,26.0,29.0
482.0,309.0,26.0,29.0
485.0,309.0,26.0,29.0
485.0,311.0,26.0,29.0
488.0,310.0,27.0,30.0
489.0,308.0,29.0,32.0
493.0,309.0,27.0,30.0
496.0,307.0,27.0,30.0
500.0,308.0,27.0,30.0
502.0,307.0,27.0,30.0
503.0,308.0,27.0,30.0
506.0,308.0,27.0,30.0
510.0,309.0,27.0,30.0
512.0,309.0,27.0,30.0
515.0,309.0,27.0,30.0
518.0,310.0,27.0,30.0
521.0,308.0,27.0,30.0
522.0,309.0,27.0,30.0
524.0,310.0,27.0,30.0
527.0,309.0,27.0,30.0
531.0,307.0,27.0,30.0
531.0,308.0,27.0,30.0
533.0,309.0,27.0,30.0
536.0,307.0,27.0,30.0
541.0,311.0,27.0,30.0
546.0,311.0,27.0,30.0
545.0,311.0,27.0,30.0
547.0,310.0,27.0,30.0
552.0,308.0,29.0,32.0
553.0,309.0,29.0,32.0
555.0,308.0,29.0,32.0
559.0,309.0,29.0,32.0
565.0,310.0,29.0,32.0
562.0,312.0,29.0,32.0
564.0,312.0,29.0,32.0
568.0,311.0,29.0,32.0
571.0,311.0,29.0,32.0
573.0,310.0,29.0,32.0
573.0,310.0,29.0,32.0
574.0,310.0,29.0,32.0
577.0,313.0,27.0,30.0
583.0,312.0,27.0,30.0
582.0,311.0,29.0,32.0
581.0,311.0,29.0,32.0
579.0,308.0,29.0,32.0
575.0,306.0,29.0,32.0
571.0,301.0,29.0,32.0
565.0,299.0,29.0,32.0
551.0,293.0,30.0,34.0
537.0,286.0,30.0,34.0
519.0,281.0,31.0,35.0
497.0,276.0,33.0,37.0
477.0,272.0,35.0,39.0
457.0,268.0,35.0,39.0
438.0,262.0,35.0,39.0
423.0,259.0,35.0,39.0
410.0,257.0,36.0,41.0
402.0,252.0,36.0,41.0
394.0,247.0,36.0,41.0
390.0,242.0,36.0,41.0
389.0,240.0,36.0,41.0
391.0,235.0,36.0,41.0
408.0,231.0,38.0,43.0
453.0,226.0,30.0,40.0
492.0,224.0,36.0,39.0
521.0,223.0,32.0,41.0
548.0,221.0,35.0,40.0
579.0,215.0,36.0,43.0
606.0,213.0,37.0,45.0
631.0,209.0,35.0,44.0
651.0,207.0,40.0,45.0
675.0,209.0,38.0,45.0
697.0,206.0,34.0,46.0
715.0,207.0,34.0,46.0
736.0,208.0,34.0,46.0
749.0,210.0,34.0,46.0
755.0,210.0,34.0,46.0
756.0,211.0,34.0,46.0
759.0,213.0,34.0,46.0
765.0,214.0,34.0,46.0
767.0,219.0,34.0,46.0
764.0,221.0,32.0,44.0
758.0,222.0,32.0,44.0
745.0,224.0,40.0,42.0
738.0,225.0,40.0,42.0
725.0,225.0,42.0,44.0
711.0,224.0,42.0,44.0
696.0,225.0,42.0,44.0
681.0,226.0,42.0,44.0
666.0,225.0,42.0,44.0
641.0,229.0,44.0,39.0
625.0,230.0,44.0,39.0
609.0,228.0,44.0,39.0
593.0,230.0,44.0,39.0
579.0,230.0,44.0,39.0
563.0,231.0,44.0,39.0
551.0,231.0,44.0,39.0
542.0,229.0,44.0,39.0
534.0,227.0,44.0,39.0
526.0,227.0,44.0,39.0
520.0,226.0,44.0,39.0
515.0,225.0,44.0,39.0
510.0,226.0,44.0,39.0
509.0,225.0,45.0,40.0
506.0,226.0,45.0,40.0
506.0,225.0,45.0,40.0
505.0,224.0,45.0,40.0
505.0,225.0,45.0,40.0
501.0,227.0,45.0,40.0
499.0,229.0,46.0,40.0
500.0,228.0,45.0,40.0
501.0,230.0,44.0,39.0
502.0,233.0,45.0,40.0
503.0,237.0,45.0,40.0
500.0,244.0,45.0,40.0
501.0,250.0,45.0,40.0
507.0,255.0,45.0,40.0
509.0,260.0,43.0,38.0
508.0,265.0,44.0,39.0
513.0,268.0,44.0,39.0
512.0,269.0,45.0,40.0
512.0,268.0,44.0,39.0
517.0,267.0,44.0,39.0
518.0,266.0,44.0,39.0
518.0,267.0,44.0,39.0
520.0,265.0,44.0,39.0
520.0,266.0,44.0,39.0
523.0,264.0,44.0,39.0
523.0,262.0,44.0,39.0
523.0,260.0,44.0,39.0
524.0,259.0,44.0,39.0
523.0,245.0,37.0,51.0
522.0,244.0,37.0,51.0
521.0,242.0,37.0,50.0
519.0,240.0,36.0,50.0
515.0,240.0,36.0,50.0
508.0,238.0,36.0,50.0
505.0,236.0,36.0,50.0
499.0,235.0,36.0,50.0
489.0,235.0,36.0,50.0
486.0,235.0,36.0,49.0
481.0,235.0,36.0,50.0
473.0,237.0,36.0,49.0
467.0,239.0,36.0,49.0
464.0,239.0,35.0,49.0
455.0,239.0,36.0,50.0
449.0,239.0,36.0,49.0
447.0,238.0,35.0,49.0
442.0,235.0,36.0,49.0
436.0,234.0,36.0,49.0
436.0,232.0,35.0,49.0
434.0,231.0,35.0,49.0
434.0,229.0,36.0,49.0
435.0,227.0,35.0,49.0
438.0,226.0,35.0,48.0
438.0,223.0,35.0,48.0
438.0,223.0,35.0,48.0
439.0,221.0,35.0,48.0
438.0,219.0,35.0,48.0
437.0,217.0,35.0,48.0
440.0,212.0,35.0,48.0
439.0,209.0,35.0,48.0
436.0,207.0,35.0,48.0
433.0,204.0,35.0,48.0
431.0,200.0,35.0,48.0
428.0,200.0,35.0,48.0
429.0,198.0,35.0,49.0
429.0,196.0,36.0,49.0
433.0,194.0,36.0,49.0
437.0,189.0,36.0,49.0
442.0,186.0,36.0,49.0
446.0,181.0,36.0,50.0
452.0,177.0,36.0,49.0
461.0,175.0,37.0,50.0
470.0,174.0,36.0,50.0
478.0,171.0,36.0,50.0
490.0,169.0,36.0,50.0
497.0,167.0,37.0,50.0
506.0,164.0,36.0,50.0
520.0,162.0,37.0,50.0
532.0,160.0,37.0,51.0
542.0,159.0,37.0,50.0
556.0,158.0,37.0,51.0
567.0,157.0,37.0,51.0
578.0,157.0,37.0,51.0
590.0,156.0,36.0,50.0
602.0,156.0,37.0,50.0
614.0,159.0,36.0,50.0
627.0,161.0,37.0,51.0
639.0,165.0,36.0,50.0
648.0,170.0,37.0,50.0
655.0,173.0,37.0,50.0
658.0,177.0,37.0,51.0
656.0,178.0,37.0,51.0
649.0,181.0,37.0,51.0
636.0,186.0,37.0,51.0
617.0,193.0,37.0,51.0
600.0,198.0,37.0,51.0
581.0,202.0,37.0,52.0
557.0,212.0,43.0,49.0
543.0,219.0,43.0,49.0
532.0,223.0,43.0,49.0
518.0,229.0,44.0,50.0
508.0,234.0,43.0,49.0
500.0,238.0,43.0,49.0
495.0,241.0,43.0,49.0
493.0,244.0,43.0,49.0
497.0,245.0,43.0,50.0
505.0,247.0,44.0,50.0
513.0,249.0,44.0,50.0
522.0,250.0,44.0,50.0
528.0,251.0,44.0,50.0
536.0,251.0,44.0,50.0
545.0,253.0,44.0,50.0
550.0,253.0,44.0,50.0
560.0,253.0,44.0,50.0
568.0,252.0,44.0,50.0
573.0,251.0,44.0,50.0
580.0,250.0,44.0,50.0
583.0,249.0,44.0,50.0
586.0,249.0,44.0,50.0
588.0,250.0,43.0,49.0
591.0,250.0,44.0,50.0
591.0,251.0,44.0,50.0
593.0,253.0,42.0,48.0
590.0,253.0,42.0,48.0
584.0,254.0,43.0,48.0
582.0,254.0,42.0,48.0
577.0,254.0,42.0,48.0
574.0,252.0,43.0,49.0
572.0,250.0,43.0,49.0
567.0,249.0,43.0,49.0
559.0,247.0,43.0,49.0
551.0,244.0,43.0,49.0
539.0,241.0,43.0,49.0
530.0,240.0,43.0,49.0
523.0,237.0,43.0,49.0
517.0,237.0,43.0,49.0
517.0,236.0,43.0,49.0
518.0,235.0,43.0,49.0
519.0,234.0,43.0,49.0
525.0,230.0,43.0,49.0
528.0,227.0,43.0,49.0
536.0,224.0,43.0,49.0
544.0,221.0,44.0,50.0
552.0,218.0,44.0,50.0
561.0,214.0,44.0,50.0
568.0,214.0,44.0,50.0
575.0,209.0,44.0,50.0
586.0,204.0,44.0,50.0
592.0,199.0,44.0,51.0
597.0,196.0,45.0,51.0
603.0,191.0,45.0,51.0
603.0,187.0,45.0,52.0
597.0,184.0,45.0,52.0
589.0,181.0,46.0,52.0
580.0,179.0,46.0,52.0
570.0,176.0,46.0,53.0
561.0,172.0,46.0,53.0
546.0,169.0,47.0,53.0
529.0,166.0,47.0,53.0
515.0,164.0,47.0,53.0
504.0,161.0,47.0,54.0
496.0,158.0,47.0,54.0
488.0,156.0,47.0,54.0
483.0,154.0,47.0,54.0
480.0,153.0,47.0,54.0
479.0,152.0,48.0,54.0
480.0,150.0,48.0,54.0
483.0,149.0,48.0,54.0
487.0,149.0,48.0,54.0
492.0,149.0,48.0,54.0
500.0,149.0,48.0,54.0
510.0,151.0,48.0,54.0
521.0,153.0,48.0,54.0
534.0,153.0,48.0,54.0
545.0,153.0,48.0,54.0
556.0,153.0,48.0,54.0
567.0,153.0,48.0,54.0
579.0,154.0,48.0,54.0
591.0,152.0,48.0,54.0
600.0,151.0,48.0,54.0
609.0,150.0,48.0,54.0
616.0,148.0,48.0,54.0
622.0,146.0,48.0,55.0
627.0,146.0,48.0,55.0
631.0,147.0,48.0,55.0
633.0,148.0,48.0,55.0
634.0,149.0,48.0,55.0
634.0,149.0,48.0,55.0
634.0,149.0,48.0,55.0
629.0,149.0,48.0,55.0
620.0,148.0,48.0,55.0
606.0,148.0,48.0,55.0
592.0,147.0,48.0,55.0
576.0,149.0,48.0,55.0
556.0,149.0,49.0,55.0
536.0,148.0,49.0,56.0
513.0,148.0,49.0,56.0
489.0,148.0,49.0,56.0
467.0,148.0,49.0,56.0
449.0,151.0,49.0,56.0
435.0,153.0,49.0,56.0
426.0,155.0,49.0,56.0
417.0,158.0,49.0,56.0
410.0,159.0,49.0,56.0
403.0,159.0,49.0,56.0
398.0,160.0,49.0,56.0
394.0,161.0,49.0,56.0
390.0,161.0,49.0,56.0
386.0,163.0,49.0,56.0
381.0,164.0,49.0,56.0
376.0,164.0,49.0,56.0
371.0,166.0,49.0,56.0
368.0,169.0,49.0,56.0
365.0,172.0,49.0,56.0
366.0,174.0,49.0,56.0
368.0,175.0,49.0,56.0
369.0,177.0,49.0,56.0
371.0,179.0,49.0,56.0
372.0,180.0,49.0,56.0
372.0,183.0,49.0,56.0
372.0,184.0,49.0,56.0
375.0,183.0,49.0,56.0
374.0,184.0,49.0,56.0
372.0,185.0,49.0,56.0
375.0,186.0,49.0,56.0
374.0,187.0,49.0,56.0
371.0,188.0,49.0,56.0
372.0,187.0,50.0,56.0
368.0,187.0,50.0,56.0
362.0,189.0,50.0,57.0
362.0,186.0,50.0,57.0
356.0,187.0,50.0,57.0
347.0,187.0,50.0,57.0
345.0,186.0,50.0,57.0
338.0,188.0,50.0,57.0
329.0,189.0,50.0,57.0
325.0,188.0,50.0,57.0
316.0,186.0,50.0,57.0
308.0,187.0,50.0,57.0
303.0,186.0,50.0,57.0
297.0,186.0,50.0,57.0
293.0,187.0,50.0,57.0
291.0,188.0,50.0,57.0
290.0,188.0,50.0,57.0
294.0,189.0,50.0,57.0
303.0,191.0,50.0,57.0
313.0,192.0,50.0,57.0
327.0,193.0,49.0,56.0
346.0,194.0,50.0,56.0
366.0,195.0,50.0,57.0
391.0,196.0,49.0,56.0
414.0,197.0,50.0,56.0
434.0,197.0,49.0,56.0
451.0,197.0,50.0,57.0
466.0,196.0,49.0,56.0
477.0,197.0,49.0,56.0
482.0,197.0,50.0,57.0
486.0,198.0,50.0,57.0
487.0,198.0,50.0,57.0
487.0,198.0,49.0,56.0
484.0,199.0,49.0,56.0
482.0,199.0,49.0,56.0
478.0,198.0,49.0,56.0
475.0,198.0,49.0,56.0
470.0,197.0,49.0,56.0
464.0,197.0,49.0,56.0
457.0,197.0,49.0,56.0
448.0,195.0,49.0,56.0
441.0,193.0,50.0,57.0
432.0,191.0,49.0,56.0
423.0,189.0,49.0,56.0
416.0,188.0,50.0,57.0
409.0,187.0,50.0,57.0
402.0,187.0,50.0,57.0
394.0,187.0,50.0,56.0
388.0,187.0,49.0,56.0
381.0,187.0,50.0,56.0
371.0,185.0,50.0,57.0
362.0,184.0,49.0,56.0
353.0,183.0,50.0,56.0
344.0,185.0,50.0,56.0
338.0,186.0,50.0,57.0
328.0,189.0,50.0,57.0
319.0,195.0,50.0,56.0
311.0,203.0,49.0,56.0
302.0,211.0,50.0,57.0
292.0,221.0,50.0,57.0
285.0,230.0,50.0,57.0
281.0,239.0,50.0,57.0
280.0,243.0,50.0,57.0
283.0,249.0,50.0,58.0
287.0,256.0,51.0,58.0
287.0,256.0,51.0,58.0
0
0
0
0
0
0
0
0
0
0
0
0
0
0
0
0
0
0
0
0
0
0
0
0
0
0
0
0
0
0
0
0
0
0
0
0
0
0
0
0
0
0
0
0
0
0
0
0
0
0
0
0
0
0
0
0
0
0
0
0
0
0
0
0
0
0
0
0
0
0
0
0
0
0
0
0
0
0
0
0
0
0
0
0
0
0
0
0
0
0
0
0
0
1188.0,171.0,67.0,67.0
1158.0,169.0,69.0,69.0
1134.0,164.0,67.0,67.0
1108.0,161.0,67.0,67.0
1088.0,157.0,67.0,67.0
1071.0,154.0,68.0,68.0
1057.0,151.0,68.0,68.0
1049.0,146.0,68.0,68.0
1043.0,144.0,68.0,68.0
1038.0,141.0,68.0,68.0
1035.0,136.0,68.0,68.0
1034.0,134.0,68.0,68.0
1034.0,129.0,68.0,68.0
1038.0,125.0,68.0,68.0
1037.0,123.0,68.0,68.0
1038.0,119.0,68.0,68.0
1041.0,116.0,68.0,68.0
1037.0,113.0,68.0,68.0
1036.0,109.0,68.0,68.0
1037.0,106.0,68.0,68.0
1033.0,104.0,68.0,68.0
1028.0,101.0,68.0,68.0
1025.0,98.0,68.0,68.0
1022.0,97.0,68.0,68.0
1017.0,95.0,68.0,68.0
1010.0,92.0,68.0,68.0
1002.0,92.0,68.0,68.0
995.0,92.0,68.0,68.0
986.0,92.0,68.0,68.0
974.0,91.0,68.0,68.0
961.0,90.0,67.0,67.0
945.0,90.0,67.0,67.0
926.0,89.0,67.0,67.0
905.0,88.0,67.0,67.0
881.0,89.0,68.0,68.0
858.0,89.0,67.0,67.0
835.0,90.0,67.0,67.0
813.0,90.0,67.0,67.0
793.0,92.0,67.0,67.0
774.0,92.0,67.0,67.0
755.0,94.0,67.0,67.0
737.0,95.0,67.0,67.0
720.0,95.0,67.0,67.0
704.0,96.0,67.0,67.0
690.0,99.0,66.0,66.0
678.0,102.0,66.0,66.0
665.0,105.0,66.0,66.0
653.0,107.0,66.0,66.0
640.0,111.0,66.0,66.0
630.0,115.0,66.0,66.0
622.0,117.0,65.0,65.0
615.0,122.0,65.0,65.0
615.0,122.0,65.0,65.0
615.0,122.0,65.0,65.0
615.0,122.0,65.0,65.0
625.0,139.0,63.0,63.0
625.0,139.0,63.0,63.0
625.0,139.0,63.0,63.0
643.0,151.0,54.0,42.0
657.0,161.0,52.0,42.0
660.0,164.0,63.0,47.0
669.0,169.0,60.0,42.0
0
0
0
0
0
0
0
0
0
0
0
0
0
0
0
0
0
449.0,218.0,51.0,43.0
428.0,221.0,51.0,43.0
409.0,224.0,50.0,43.0
390.0,225.0,50.0,42.0
368.0,225.0,50.0,42.0
351.0,222.0,47.0,49.0
335.0,224.0,44.0,41.0
311.0,222.0,44.0,41.0
280.0,220.0,52.0,46.0
255.0,221.0,52.0,46.0
231.0,222.0,51.0,45.0
212.0,221.0,51.0,45.0
192.0,222.0,51.0,45.0
173.0,223.0,50.0,45.0
156.0,220.0,48.0,77.0
138.0,220.0,48.0,76.0
122.0,217.0,47.0,76.0
106.0,216.0,47.0,75.0
91.0,214.0,47.0,75.0
83.0,211.0,47.0,76.0
83.0,210.0,47.0,75.0
89.0,209.0,47.0,75.0
103.0,207.0,46.0,75.0
124.0,208.0,46.0,74.0
147.0,208.0,46.0,74.0
177.0,207.0,46.0,74.0
206.0,207.0,46.0,74.0
236.0,207.0,46.0,75.0
268.0,206.0,46.0,74.0
299.0,206.0,46.0,74.0
328.0,204.0,47.0,75.0
358.0,202.0,46.0,75.0
388.0,202.0,46.0,74.0
410.0,203.0,46.0,74.0
430.0,203.0,46.0,75.0
444.0,204.0,46.0,75.0
455.0,206.0,45.0,73.0
461.0,205.0,46.0,73.0
464.0,204.0,47.0,75.0
462.0,206.0,46.0,74.0
457.0,206.0,46.0,74.0
451.0,205.0,47.0,75.0
442.0,204.0,47.0,75.0
433.0,202.0,48.0,76.0
426.0,201.0,47.0,76.0
416.0,203.0,48.0,76.0
410.0,204.0,48.0,77.0
403.0,205.0,48.0,77.0
397.0,207.0,48.0,77.0
391.0,209.0,48.0,77.0
386.0,211.0,48.0,77.0
379.0,213.0,48.0,77.0
374.0,212.0,49.0,78.0
370.0,212.0,49.0,78.0
366.0,212.0,49.0,78.0
360.0,212.0,49.0,79.0
358.0,212.0,49.0,79.0
358.0,213.0,49.0,79.0
358.0,214.0,49.0,79.0
359.0,215.0,49.0,79.0
362.0,214.0,49.0,79.0
365.0,217.0,49.0,79.0
371.0,216.0,49.0,79.0
378.0,217.0,49.0,79.0
384.0,216.0,49.0,79.0
396.0,215.0,49.0,79.0
406.0,215.0,49.0,79.0
417.0,213.0,49.0,79.0
428.0,212.0,49.0,79.0
440.0,211.0,49.0,79.0
451.0,210.0,49.0,79.0
464.0,210.0,49.0,79.0
475.0,208.0,49.0,79.0
484.0,206.0,50.0,79.0
497.0,205.0,50.0,80.0
508.0,203.0,49.0,79.0
519.0,202.0,49.0,79.0
528.0,200.0,49.0,79.0
537.0,197.0,50.0,79.0
545.0,195.0,50.0,80.0
553.0,194.0,50.0,80.0
560.0,193.0,50.0,80.0
566.0,192.0,50.0,81.0
573.0,190.0,50.0,81.0
578.0,189.0,50.0,81.0
585.0,188.0,50.0,81.0
592.0,185.0,51.0,81.0
597.0,184.0,51.0,81.0
604.0,181.0,51.0,81.0
609.0,179.0,51.0,81.0
612.0,178.0,51.0,82.0
617.0,176.0,51.0,82.0
620.0,176.0,51.0,82.0
622.0,174.0,51.0,82.0
622.0,171.0,51.0,83.0
622.0,169.0,51.0,82.0
619.0,168.0,52.0,83.0
617.0,167.0,52.0,83.0
611.0,166.0,52.0,83.0
606.0,166.0,52.0,83.0
601.0,165.0,52.0,84.0
598.0,163.0,52.0,83.0
594.0,162.0,52.0,84.0
588.0,162.0,52.0,84.0
583.0,160.0,52.0,84.0
579.0,159.0,52.0,84.0
576.0,158.0,53.0,84.0
574.0,159.0,52.0,84.0
569.0,159.0,53.0,84.0
566.0,161.0,53.0,84.0
566.0,161.0,52.0,84.0
563.0,160.0,53.0,84.0
561.0,160.0,53.0,85.0
563.0,159.0,53.0,85.0
567.0,159.0,53.0,85.0
572.0,160.0,53.0,85.0
580.0,160.0,53.0,85.0
591.0,159.0,53.0,85.0
604.0,159.0,53.0,85.0
619.0,159.0,53.0,86.0
634.0,160.0,53.0,86.0
649.0,160.0,53.0,86.0
665.0,160.0,54.0,86.0
683.0,160.0,54.0,86.0
700.0,159.0,54.0,87.0
717.0,158.0,54.0,87.0
733.0,158.0,54.0,87.0
746.0,158.0,54.0,87.0
757.0,157.0,54.0,87.0
764.0,156.0,54.0,87.0
768.0,155.0,54.0,87.0
767.0,156.0,55.0,88.0
761.0,156.0,55.0,88.0
750.0,156.0,55.0,87.0
734.0,155.0,55.0,88.0
713.0,157.0,55.0,88.0
637.0,164.0,82.0,89.0
507.0,181.0,89.0,81.0
404.0,196.0,92.0,93.0
349.0,206.0,106.0,78.0
341.0,198.0,108.0,91.0
341.0,213.0,84.0,85.0
330.0,220.0,82.0,79.0
306.0,222.0,97.0,99.0
300.0,234.0,100.0,98.0
291.0,232.0,106.0,103.0
315.0,247.0,69.0,85.0
310.0,248.0,88.0,89.0
322.0,252.0,79.0,85.0
318.0,251.0,84.0,91.0
326.0,249.0,95.0,89.0
348.0,246.0,81.0,85.0
366.0,239.0,68.0,86.0
377.0,240.0,72.0,91.0
403.0,240.0,74.0,90.0
419.0,238.0,75.0,91.0
438.0,235.0,74.0,90.0
458.0,229.0,74.0,90.0
472.0,224.0,75.0,91.0
486.0,218.0,75.0,91.0
501.0,211.0,75.0,91.0
512.0,206.0,76.0,92.0
526.0,200.0,76.0,92.0
541.0,194.0,76.0,93.0
555.0,189.0,76.0,93.0
572.0,183.0,77.0,93.0
589.0,177.0,77.0,94.0
608.0,171.0,77.0,94.0
627.0,165.0,77.0,94.0
641.0,158.0,78.0,94.0
654.0,153.0,78.0,94.0
669.0,146.0,78.0,95.0
681.0,140.0,78.0,95.0
696.0,133.0,79.0,96.0
709.0,128.0,79.0,96.0
719.0,124.0,79.0,97.0
729.0,119.0,79.0,97.0
738.0,114.0,79.0,97.0
743.0,110.0,80.0,97.0
743.0,110.0,80.0,97.0
743.0,110.0,80.0,97.0
743.0,110.0,80.0,97.0
743.0,110.0,80.0,97.0
743.0,110.0,80.0,97.0
745.0,125.0,64.0,67.0
736.0,141.0,66.0,69.0
740.0,125.0,66.0,56.0
0
0
0
0
0
0
0
531.0,36.0,91.0,117.0
502.0,32.0,92.0,118.0
469.0,29.0,92.0,118.0
442.0,26.0,93.0,119.0
417.0,22.0,93.0,120.0
391.0,19.0,93.0,120.0
370.0,13.0,94.0,121.0
352.0,9.0,95.0,122.0
340.0,6.0,96.0,124.0
332.0,2.0,97.0,125.0
335.0,-1.0,98.0,126.0
352.0,-4.0,99.0,128.0
373.0,-5.0,100.0,129.0
399.0,-6.0,102.0,131.0
429.0,-6.0,103.0,133.0
459.0,-3.0,104.0,134.0
488.0,-1.0,106.0,136.0
518.0,0.0,107.0,138.0
545.0,0.0,108.0,139.0
566.0,-2.0,109.0,140.0
578.0,-5.0,110.0,142.0
580.0,-9.0,111.0,143.0
565.0,-14.0,113.0,145.0
522.0,-19.0,114.0,147.0
474.0,-25.0,115.0,148.0
426.0,-30.0,116.0,150.0
364.0,-31.0,117.0,151.0
298.0,-33.0,119.0,152.0
239.0,-36.0,121.0,155.0
200.0,-37.0,122.0,157.0
177.0,-37.0,124.0,160.0
160.0,-33.0,126.0,162.0
150.0,-25.0,128.0,165.0
146.0,-14.0,130.0,167.0
143.0,-4.0,131.0,169.0
148.0,3.0,133.0,171.0
163.0,4.0,135.0,173.0
196.0,-2.0,136.0,175.0
248.0,-8.0,137.0,176.0
305.0,-12.0,136.0,174.0
352.0,-18.0,134.0,173.0
384.0,-26.0,133.0,171.0
410.0,-37.0,133.0,171.0
431.0,-50.0,132.0,170.0
447.0,-63.0,133.0,170.0
464.0,-71.0,130.0,167.0
475.0,-73.0,128.0,165.0
482.0,-65.0,124.0,160.0
492.0,-58.0,121.0,156.0
504.0,-50.0,117.0,151.0
512.0,-42.0,115.0,148.0
520.0,-33.0,111.0,143.0
524.0,-24.0,109.0,140.0
525.0,-15.0,105.0,136.0
525.0,-7.0,103.0,132.0
526.0,-1.0,100.0,128.0
526.0,5.0,98.0,126.0
524.0,11.0,95.0,122.0
520.0,14.0,93.0,119.0
516.0,19.0,91.0,117.0
512.0,22.0,89.0,114.0
509.0,26.0,87.0,112.0
504.0,31.0,85.0,109.0
500.0,35.0,83.0,106.0
506.0,27.0,67.0,101.0
506.0,31.0,65.0,98.0
505.0,36.0,63.0,95.0
507.0,40.0,61.0,92.0
510.0,45.0,59.0,89.0
514.0,48.0,58.0,87.0
518.0,52.0,56.0,85.0
525.0,55.0,55.0,83.0
533.0,58.0,54.0,81.0
541.0,60.0,53.0,79.0
551.0,63.0,51.0,77.0
562.0,65.0,50.0,75.0
573.0,69.0,48.0,73.0
583.0,69.0,47.0,71.0
593.0,65.0,47.0,72.0
604.0,60.0,48.0,72.0
614.0,55.0,48.0,73.0
624.0,50.0,49.0,74.0
634.0,46.0,49.0,75.0
642.0,43.0,49.0,74.0
649.0,40.0,47.0,71.0
650.0,35.0,50.0,76.0
653.0,32.0,51.0,76.0
660.0,29.0,46.0,69.0
662.0,26.0,47.0,70.0
658.0,22.0,52.0,78.0
665.0,21.0,46.0,69.0
657.0,17.0,53.0,80.0
655.0,16.0,53.0,80.0
650.0,17.0,53.0,80.0
642.0,19.0,53.0,80.0
621.0,32.0,54.0,81.0
591.0,46.0,53.0,80.0
568.0,52.0,53.0,79.0
556.0,54.0,52.0,78.0
541.0,59.0,53.0,80.0
525.0,64.0,53.0,80.0
518.0,67.0,54.0,81.0
509.0,72.0,54.0,82.0
498.0,80.0,55.0,83.0
488.0,86.0,55.0,83.0
484.0,92.0,56.0,84.0
482.0,94.0,57.0,86.0
479.0,97.0,58.0,87.0
478.0,99.0,58.0,88.0
478.0,99.0,59.0,89.0
483.0,102.0,59.0,90.0
492.0,105.0,60.0,91.0
503.0,108.0,61.0,92.0
513.0,112.0,62.0,93.0
528.0,116.0,62.0,94.0
543.0,119.0,63.0,94.0
555.0,122.0,63.0,95.0
570.0,125.0,64.0,96.0
589.0,126.0,65.0,98.0
607.0,129.0,66.0,99.0
623.0,133.0,67.0,101.0
638.0,139.0,68.0,102.0
657.0,143.0,69.0,104.0
671.0,148.0,70.0,105.0
682.0,153.0,71.0,107.0
688.0,156.0,71.0,108.0
691.0,161.0,72.0,109.0
686.0,166.0,72.0,109.0
681.0,171.0,73.0,110.0
677.0,173.0,73.0,110.0
670.0,176.0,74.0,111.0
658.0,181.0,74.0,112.0
638.0,185.0,75.0,113.0
616.0,186.0,76.0,114.0
592.0,185.0,77.0,116.0
568.0,183.0,79.0,119.0
550.0,179.0,80.0,121.0
534.0,176.0,82.0,123.0
522.0,174.0,84.0,127.0
511.0,172.0,86.0,130.0
501.0,170.0,88.0,133.0
497.0,170.0,90.0,136.0
499.0,172.0,92.0,139.0
502.0,173.0,95.0,143.0
512.0,173.0,97.0,146.0
528.0,172.0,99.0,150.0
546.0,171.0,102.0,153.0
570.0,167.0,105.0,158.0
596.0,161.0,108.0,163.0
627.0,154.0,111.0,167.0
662.0,146.0,114.0,172.0
693.0,141.0,118.0,178.0
723.0,134.0,122.0,183.0
754.0,126.0,125.0,188.0
782.0,115.0,129.0,194.0
806.0,104.0,132.0,199.0
825.0,93.0,136.0,206.0
834.0,82.0,141.0,212.0
844.0,65.0,146.0,220.0
862.0,45.0,203.0,275.0
860.0,29.0,213.0,289.0
849.0,8.0,225.0,305.0
827.0,-5.0,234.0,317.0
774.0,0.0,236.0,320.0
687.0,13.0,235.0,318.0
588.0,27.0,224.0,308.0
479.0,40.0,235.0,310.0
421.0,52.0,252.0,325.0
406.0,58.0,253.0,326.0
399.0,65.0,253.0,327.0
392.0,72.0,254.0,327.0
391.0,76.0,255.0,328.0
401.0,78.0,256.0,330.0
419.0,77.0,256.0,330.0
435.0,78.0,257.0,331.0
454.0,79.0,258.0,333.0
479.0,80.0,259.0,334.0
502.0,80.0,260.0,335.0
527.0,79.0,261.0,336.0
546.0,80.0,261.0,337.0
553.0,82.0,262.0,338.0
558.0,84.0,262.0,338.0
564.0,86.0,262.0,339.0
564.0,88.0,262.0,338.0
560.0,89.0,261.0,337.0
562.0,87.0,261.0,337.0
567.0,84.0,260.0,335.0
561.0,80.0,259.0,333.0
552.0,78.0,257.0,332.0
546.0,77.0,256.0,330.0
537.0,76.0,253.0,326.0
522.0,75.0,251.0,324.0
515.0,74.0,249.0,321.0
524.0,75.0,246.0,318.0
540.0,79.0,239.0,308.0
555.0,83.0,236.0,304.0
574.0,87.0,232.0,299.0
598.0,90.0,229.0,295.0
635.0,92.0,226.0,292.0
674.0,96.0,222.0,287.0
708.0,103.0,217.0,280.0
735.0,108.0,215.0,277.0
768.0,109.0,211.0,272.0
796.0,115.0,205.0,265.0
817.0,118.0,201.0,260.0
827.0,123.0,196.0,253.0
816.0,126.0,194.0,250.0
813.0,133.0,190.0,246.0
813.0,136.0,190.0,245.0
800.0,142.0,187.0,242.0
778.0,142.0,189.0,244.0
757.0,145.0,190.0,245.0
743.0,147.0,191.0,246.0
732.0,152.0,190.0,245.0
720.0,159.0,190.0,245.0
738.0,155.0,214.0,263.0
721.0,157.0,218.0,268.0
708.0,157.0,221.0,271.0
695.0,154.0,223.0,275.0
682.0,151.0,226.0,277.0
665.0,152.0,226.0,277.0
657.0,152.0,227.0,279.0
649.0,152.0,228.0,280.0
643.0,151.0,228.0,280.0
645.0,149.0,228.0,280.0
647.0,149.0,251.0,277.0
646.0,147.0,252.0,278.0
644.0,148.0,252.0,278.0
641.0,148.0,252.0,278.0
638.0,148.0,251.0,277.0
637.0,149.0,250.0,276.0
634.0,150.0,250.0,276.0
631.0,153.0,249.0,275.0
651.0,131.0,236.0,299.0
651.0,138.0,235.0,298.0
646.0,147.0,233.0,295.0
644.0,155.0,231.0,292.0
645.0,162.0,229.0,290.0
644.0,170.0,228.0,289.0
645.0,178.0,227.0,287.0
644.0,184.0,224.0,284.0
645.0,191.0,222.0,282.0
646.0,196.0,221.0,280.0
642.0,202.0,219.0,277.0
640.0,202.0,217.0,275.0
641.0,202.0,216.0,274.0
638.0,203.0,215.0,272.0
632.0,201.0,213.0,270.0
625.0,198.0,211.0,268.0
664.0,177.0,160.0,307.0
663.0,167.0,160.0,307.0
655.0,158.0,159.0,306.0
649.0,147.0,159.0,306.0
645.0,138.0,159.0,306.0
639.0,133.0,160.0,307.0
638.0,132.0,160.0,307.0
638.0,132.0,160.0,307.0
637.0,134.0,160.0,306.0
639.0,134.0,160.0,307.0
637.0,138.0,160.0,307.0
637.0,140.0,160.0,306.0
640.0,140.0,160.0,306.0
636.0,141.0,160.0,307.0
633.0,144.0,160.0,307.0
629.0,146.0,160.0,306.0
625.0,146.0,160.0,307.0
621.0,147.0,160.0,306.0
609.0,149.0,160.0,306.0
592.0,150.0,160.0,306.0
577.0,151.0,160.0,306.0
554.0,175.0,207.0,253.0
536.0,180.0,207.0,253.0
519.0,184.0,208.0,254.0
505.0,188.0,208.0,254.0
494.0,192.0,209.0,255.0
483.0,197.0,209.0,256.0
475.0,200.0,210.0,256.0
470.0,202.0,210.0,257.0
470.0,205.0,211.0,257.0
475.0,208.0,211.0,258.0
483.0,212.0,212.0,259.0
495.0,214.0,212.0,259.0
508.0,215.0,212.0,259.0
525.0,215.0,212.0,259.0
541.0,215.0,212.0,260.0
556.0,215.0,212.0,260.0
571.0,214.0,212.0,259.0
587.0,210.0,212.0,259.0
594.0,202.0,212.0,259.0
596.0,195.0,212.0,259.0
595.0,185.0,212.0,260.0
585.0,176.0,212.0,259.0
575.0,162.0,212.0,259.0
569.0,150.0,212.0,259.0
558.0,139.0,212.0,259.0
549.0,132.0,212.0,260.0
540.0,128.0,212.0,260.0
531.0,128.0,212.0,260.0
519.0,128.0,212.0,260.0
496.0,131.0,212.0,259.0
435.0,139.0,211.0,258.0
318.0,127.0,207.0,288.0
234.0,153.0,189.0,282.0
191.0,170.0,189.0,282.0
170.0,194.0,189.0,283.0
130.0,218.0,233.0,288.0
135.0,238.0,233.0,288.0
155.0,255.0,233.0,288.0
171.0,270.0,231.0,285.0
177.0,273.0,231.0,285.0
211.0,264.0,230.0,284.0
236.0,259.0,228.0,282.0
254.0,244.0,228.0,281.0
284.0,218.0,226.0,279.0
296.0,165.0,224.0,277.0
300.0,99.0,223.0,275.0
295.0,29.0,223.0,276.0
274.0,-44.0,225.0,278.0
368.0,2.0,117.0,120.0
0
0
0
0
0
0
0
0
0
0
0
0
0
0
0
0
0
0
0
0
0
0
0
0
0
0
0
0
0
0
0
0
0
0
0
0
0
0
0
0
0
0
0
0
0
0
0
0
0
0
0
0
0
0
0
0
0
0
0
0
0
0
0
0
0
0
0
0
0
0
0
0
0
0
0
0
0
0
0
0
528.0,4.0,178.0,201.0
566.0,83.0,175.0,197.0
601.0,148.0,173.0,195.0
635.0,196.0,172.0,195.0
677.0,233.0,171.0,193.0
723.0,263.0,170.0,192.0
764.0,290.0,170.0,192.0
801.0,312.0,169.0,191.0
828.0,330.0,168.0,190.0
843.0,343.0,167.0,188.0
858.0,353.0,166.0,187.0
882.0,361.0,164.0,185.0
905.0,370.0,163.0,184.0
921.0,381.0,162.0,183.0
935.0,394.0,160.0,181.0
946.0,407.0,159.0,180.0
958.0,420.0,157.0,178.0
968.0,433.0,157.0,177.0
978.0,447.0,155.0,175.0
984.0,458.0,154.0,174.0
988.0,470.0,153.0,173.0
987.0,482.0,152.0,171.0
984.0,491.0,151.0,170.0
972.0,501.0,150.0,169.0
938.0,512.0,149.0,168.0
866.0,526.0,149.0,168.0
799.0,537.0,146.0,165.0
771.0,546.0,144.0,163.0
757.0,552.0,143.0,162.0
742.0,556.0,144.0,163.0
734.0,556.0,143.0,162.0
735.0,553.0,142.0,161.0
738.0,554.0,142.0,160.0
744.0,555.0,141.0,159.0
754.0,553.0,140.0,158.0
772.0,550.0,139.0,157.0
792.0,548.0,138.0,156.0
811.0,542.0,139.0,157.0
834.0,536.0,137.0,155.0
854.0,524.0,136.0,153.0
877.0,502.0,135.0,152.0
894.0,463.0,134.0,152.0
911.0,407.0,134.0,151.0
928.0,369.0,134.0,151.0
943.0,331.0,134.0,151.0
961.0,298.0,133.0,150.0
979.0,266.0,132.0,150.0
993.0,239.0,133.0,150.0
1007.0,222.0,133.0,150.0
1022.0,214.0,132.0,149.0
1037.0,215.0,132.0,149.0
1049.0,219.0,132.0,149.0
1062.0,225.0,132.0,149.0
1087.0,240.0,138.0,156.0
1101.0,253.0,135.0,152.0
1113.0,265.0,135.0,152.0
1113.0,265.0,135.0,152.0
1149.0,283.0,93.0,136.0
1144.0,296.0,108.0,134.0
1143.0,311.0,118.0,131.0
1150.0,310.0,111.0,150.0
1156.0,315.0,109.0,147.0
0
0
0
0
0
0
0
0
0
0
0
0
0
0
0
0
0
0
0
0
0
0
0
0
0
0
0
0
0
0
0
0
0
816.0,480.0,71.0,138.0
800.0,484.0,71.0,138.0
784.0,489.0,71.0,137.0
769.0,490.0,71.0,137.0
757.0,487.0,70.0,136.0
748.0,483.0,70.0,136.0
737.0,480.0,70.0,136.0
729.0,474.0,70.0,136.0
725.0,469.0,69.0,133.0
717.0,462.0,71.0,138.0
707.0,461.0,68.0,133.0
686.0,464.0,70.0,135.0
637.0,475.0,73.0,124.0
565.0,474.0,92.0,128.0
559.0,479.0,65.0,124.0
553.0,487.0,82.0,126.0
545.0,499.0,82.0,125.0
537.0,523.0,82.0,126.0
546.0,556.0,81.0,124.0
587.0,582.0,80.0,123.0
0
0
0
0
0
0
0
0
0
901.0,588.0,76.0,107.0
876.0,597.0,76.0,107.0
828.0,589.0,75.0,123.0
764.0,598.0,73.0,120.0
690.0,592.0,72.0,117.0
581.0,586.0,70.0,119.0
473.0,580.0,83.0,118.0
386.0,561.0,62.0,114.0
287.0,524.0,76.0,120.0
170.0,483.0,73.0,119.0
68.0,442.0,77.0,117.0
4.0,417.0,67.0,113.0
0
0
0
0
0
0
0
0
0
0
0
0
0
0
0
0
0
0
0
60.0,486.0,63.0,102.0
151.0,466.0,69.0,93.0
193.0,448.0,72.0,98.0
207.0,436.0,72.0,98.0
207.0,435.0,72.0,98.0
207.0,440.0,72.0,98.0
207.0,446.0,76.0,103.0
202.0,455.0,76.0,103.0
193.0,462.0,76.0,103.0
179.0,466.0,76.0,103.0
164.0,472.0,76.0,103.0
141.0,477.0,76.0,103.0
115.0,484.0,76.0,103.0
90.0,485.0,80.0,108.0
69.0,485.0,80.0,108.0
56.0,485.0,80.0,108.0
45.0,486.0,80.0,108.0
36.0,485.0,84.0,113.0
34.0,489.0,80.0,108.0
42.0,489.0,80.0,108.0
54.0,487.0,80.0,108.0
75.0,489.0,80.0,108.0
95.0,490.0,80.0,108.0
126.0,489.0,80.0,108.0
169.0,488.0,80.0,108.0
218.0,487.0,84.0,113.0
291.0,494.0,50.0,92.0
338.0,495.0,50.0,92.0
383.0,493.0,62.0,107.0
436.0,494.0,53.0,98.0
490.0,486.0,62.0,104.0
516.0,482.0,82.0,112.0
581.0,481.0,57.0,105.0
600.0,480.0,73.0,107.0
634.0,480.0,59.0,99.0
660.0,478.0,59.0,99.0
678.0,475.0,59.0,99.0
699.0,471.0,59.0,99.0
718.0,464.0,59.0,99.0
730.0,460.0,59.0,99.0
739.0,452.0,59.0,99.0
749.0,446.0,59.0,99.0
758.0,442.0,59.0,99.0
763.0,441.0,59.0,99.0
768.0,439.0,59.0,99.0
771.0,438.0,59.0,99.0
776.0,433.0,59.0,99.0
783.0,430.0,56.0,94.0
789.0,423.0,56.0,94.0
794.0,416.0,59.0,99.0
800.0,411.0,56.0,94.0
802.0,407.0,56.0,94.0
805.0,400.0,56.0,94.0
805.0,397.0,56.0,94.0
807.0,389.0,59.0,99.0
805.0,385.0,59.0,99.0
803.0,377.0,59.0,99.0
801.0,369.0,62.0,104.0
799.0,364.0,62.0,104.0
795.0,361.0,62.0,104.0
790.0,357.0,62.0,104.0
787.0,354.0,62.0,104.0
788.0,350.0,62.0,104.0
790.0,350.0,59.0,99.0
788.0,347.0,59.0,99.0
784.0,340.0,56.0,94.0
783.0,340.0,56.0,94.0
781.0,337.0,59.0,99.0
775.0,335.0,59.0,99.0
770.0,335.0,59.0,99.0
765.0,333.0,59.0,99.0
763.0,332.0,56.0,94.0
757.0,336.0,56.0,94.0
751.0,335.0,56.0,94.0
745.0,337.0,56.0,94.0
739.0,339.0,56.0,94.0
736.0,339.0,56.0,94.0
731.0,341.0,56.0,94.0
726.0,343.0,56.0,94.0
717.0,348.0,56.0,94.0
714.0,349.0,56.0,94.0
710.0,351.0,56.0,94.0
702.0,352.0,54.0,90.0
698.0,350.0,56.0,94.0
694.0,349.0,56.0,94.0
690.0,347.0,56.0,94.0
685.0,348.0,56.0,94.0
684.0,347.0,56.0,94.0
683.0,345.0,56.0,94.0
686.0,344.0,56.0,94.0
690.0,340.0,56.0,94.0
692.0,338.0,54.0,90.0
696.0,335.0,56.0,94.0
698.0,331.0,56.0,94.0
705.0,325.0,56.0,94.0
712.0,322.0,56.0,94.0
723.0,317.0,56.0,94.0
734.0,313.0,56.0,94.0
753.0,304.0,56.0,94.0
777.0,296.0,54.0,90.0
796.0,286.0,56.0,94.0
822.0,276.0,56.0,94.0
843.0,262.0,59.0,99.0
863.0,248.0,62.0,104.0
881.0,237.0,65.0,109.0
896.0,230.0,65.0,109.0
910.0,224.0,65.0,109.0
920.0,223.0,65.0,109.0
926.0,221.0,65.0,109.0
929.0,220.0,65.0,109.0
928.0,218.0,68.0,115.0
925.0,221.0,68.0,115.0
922.0,226.0,72.0,120.0
916.0,236.0,75.0,126.0
907.0,251.0,79.0,133.0
895.0,268.0,83.0,139.0
881.0,290.0,87.0,146.0
860.0,326.0,87.0,146.0
831.0,360.0,87.0,146.0
795.0,400.0,92.0,154.0
766.0,429.0,92.0,154.0
738.0,448.0,92.0,154.0
714.0,455.0,96.0,161.0
692.0,461.0,96.0,161.0
671.0,464.0,96.0,161.0
648.0,463.0,96.0,161.0
621.0,457.0,101.0,169.0
592.0,449.0,106.0,178.0
571.0,443.0,106.0,178.0
548.0,433.0,106.0,178.0
523.0,423.0,106.0,178.0
506.0,405.0,106.0,178.0
490.0,393.0,106.0,178.0
469.0,373.0,111.0,187.0
456.0,354.0,117.0,196.0
450.0,341.0,117.0,196.0
445.0,328.0,117.0,196.0
439.0,319.0,117.0,196.0
444.0,303.0,117.0,196.0
448.0,293.0,117.0,196.0
461.0,281.0,117.0,196.0
488.0,268.0,117.0,196.0
511.0,255.0,123.0,206.0
531.0,246.0,123.0,206.0
564.0,234.0,129.0,216.0
595.0,218.0,135.0,227.0
618.0,210.0,135.0,227.0
638.0,200.0,135.0,227.0
654.0,188.0,142.0,238.0
669.0,180.0,142.0,238.0
677.0,171.0,142.0,238.0
681.0,167.0,142.0,238.0
677.0,160.0,142.0,238.0
673.0,157.0,142.0,238.0
689.0,178.0,101.0,166.0
687.0,175.0,101.0,166.0
685.0,169.0,101.0,166.0
675.0,167.0,100.0,165.0
667.0,167.0,99.0,163.0
666.0,164.0,101.0,165.0
664.0,162.0,104.0,170.0
660.0,170.0,103.0,169.0
660.0,182.0,103.0,169.0
652.0,200.0,103.0,169.0
653.0,228.0,103.0,169.0
663.0,260.0,104.0,170.0
677.0,292.0,103.0,169.0
691.0,319.0,102.0,167.0
709.0,340.0,102.0,168.0
718.0,355.0,101.0,167.0
725.0,364.0,102.0,167.0
736.0,372.0,101.0,167.0
738.0,377.0,101.0,166.0
734.0,378.0,101.0,166.0
729.0,374.0,100.0,165.0
725.0,370.0,101.0,165.0
716.0,369.0,100.0,165.0
703.0,370.0,100.0,165.0
693.0,371.0,100.0,165.0
679.0,372.0,100.0,164.0
664.0,369.0,100.0,165.0
651.0,363.0,100.0,165.0
634.0,361.0,100.0,165.0
622.0,359.0,100.0,165.0
603.0,357.0,101.0,165.0
581.0,356.0,101.0,166.0
564.0,355.0,101.0,167.0
550.0,351.0,102.0,167.0
540.0,347.0,102.0,167.0
532.0,344.0,102.0,168.0
513.0,344.0,103.0,170.0
505.0,344.0,104.0,170.0
507.0,343.0,104.0,171.0
513.0,342.0,105.0,172.0
528.0,343.0,105.0,173.0
558.0,343.0,107.0,175.0
601.0,346.0,107.0,175.0
637.0,355.0,108.0,178.0
670.0,364.0,109.0,179.0
702.0,379.0,109.0,180.0
725.0,393.0,111.0,182.0
745.0,404.0,112.0,183.0
762.0,410.0,112.0,184.0
774.0,413.0,113.0,185.0
793.0,412.0,113.0,186.0
803.0,409.0,114.0,187.0
809.0,408.0,114.0,188.0
818.0,409.0,115.0,188.0
825.0,410.0,115.0,189.0
822.0,412.0,116.0,190.0
809.0,413.0,116.0,191.0
803.0,411.0,116.0,191.0
786.0,410.0,117.0,193.0
763.0,410.0,117.0,193.0
742.0,407.0,118.0,194.0
722.0,405.0,119.0,196.0
702.0,405.0,120.0,197.0
681.0,403.0,120.0,198.0
660.0,401.0,121.0,199.0
642.0,398.0,122.0,200.0
625.0,393.0,122.0,200.0
611.0,387.0,123.0,202.0
595.0,384.0,123.0,203.0
582.0,383.0,124.0,204.0
572.0,381.0,124.0,204.0
563.0,378.0,125.0,206.0
561.0,374.0,126.0,207.0
569.0,372.0,127.0,208.0
575.0,370.0,127.0,208.0
585.0,369.0,127.0,209.0
600.0,364.0,129.0,211.0
615.0,363.0,129.0,212.0
645.0,360.0,130.0,213.0
684.0,355.0,131.0,215.0
729.0,353.0,132.0,216.0
765.0,349.0,132.0,217.0
796.0,339.0,134.0,220.0
817.0,332.0,135.0,222.0
835.0,328.0,136.0,224.0
843.0,326.0,138.0,227.0
843.0,325.0,140.0,230.0
835.0,325.0,141.0,232.0
821.0,326.0,142.0,233.0
798.0,324.0,143.0,236.0
772.0,322.0,145.0,238.0
747.0,318.0,146.0,240.0
726.0,314.0,148.0,243.0
701.0,312.0,149.0,245.0
674.0,313.0,151.0,248.0
643.0,316.0,152.0,250.0
617.0,316.0,152.0,250.0
593.0,314.0,154.0,254.0
571.0,312.0,156.0,257.0
550.0,308.0,157.0,259.0
525.0,302.0,159.0,261.0
513.0,296.0,160.0,264.0
507.0,288.0,162.0,266.0
500.0,282.0,164.0,269.0
470.0,293.0,203.0,235.0
474.0,283.0,205.0,237.0
477.0,273.0,207.0,240.0
486.0,262.0,209.0,241.0
496.0,258.0,209.0,242.0
513.0,258.0,209.0,242.0
532.0,257.0,209.0,242.0
543.0,258.0,210.0,243.0
561.0,259.0,209.0,242.0
583.0,258.0,209.0,242.0
606.0,252.0,209.0,242.0
628.0,247.0,209.0,242.0
647.0,241.0,209.0,242.0
666.0,235.0,208.0,241.0
683.0,229.0,209.0,241.0
703.0,223.0,209.0,242.0
709.0,219.0,208.0,241.0
716.0,212.0,209.0,241.0
726.0,201.0,220.0,254.0
756.0,209.0,223.0,252.0
807.0,205.0,192.0,260.0
802.0,205.0,209.0,272.0
815.0,198.0,185.0,285.0
799.0,205.0,186.0,267.0
761.0,199.0,203.0,285.0
751.0,203.0,193.0,279.0
716.0,202.0,194.0,280.0
671.0,198.0,196.0,283.0
634.0,190.0,197.0,285.0
606.0,185.0,198.0,287.0
576.0,183.0,200.0,290.0
556.0,180.0,202.0,292.0
546.0,177.0,203.0,294.0
546.0,171.0,205.0,297.0
555.0,162.0,207.0,299.0
570.0,156.0,210.0,303.0
592.0,152.0,211.0,306.0
618.0,148.0,213.0,308.0
647.0,139.0,215.0,311.0
684.0,130.0,217.0,314.0
722.0,119.0,219.0,316.0
752.0,112.0,220.0,319.0
785.0,103.0,223.0,322.0
821.0,89.0,224.0,324.0
847.0,75.0,226.0,327.0
870.0,61.0,228.0,330.0
891.0,48.0,229.0,332.0
914.0,32.0,231.0,334.0
929.0,17.0,234.0,338.0
939.0,5.0,235.0,340.0
941.0,-10.0,237.0,342.0
929.0,-24.0,238.0,344.0
913.0,-36.0,240.0,347.0
889.0,-41.0,239.0,345.0
870.0,-44.0,237.0,342.0
834.0,-31.0,232.0,335.0
791.0,-10.0,228.0,330.0
753.0,15.0,225.0,325.0
722.0,44.0,219.0,316.0
694.0,80.0,207.0,300.0
668.0,114.0,197.0,285.0
649.0,146.0,188.0,272.0
639.0,173.0,177.0,257.0
627.0,195.0,169.0,245.0
588.0,249.0,233.0,208.0
588.0,257.0,224.0,200.0
594.0,260.0,214.0,191.0
624.0,266.0,202.0,180.0
622.0,251.0,183.0,181.0
632.0,258.0,181.0,161.0
647.0,252.0,169.0,160.0
651.0,251.0,177.0,159.0
683.0,247.0,148.0,144.0
685.0,251.0,159.0,134.0
691.0,242.0,154.0,144.0
701.0,239.0,139.0,144.0
700.0,244.0,136.0,142.0
701.0,242.0,131.0,130.0
691.0,236.0,140.0,140.0
693.0,233.0,142.0,141.0
683.0,228.0,143.0,142.0
672.0,225.0,145.0,144.0
657.0,220.0,146.0,145.0
639.0,216.0,148.0,146.0
625.0,211.0,149.0,148.0
609.0,206.0,150.0,149.0
593.0,203.0,151.0,150.0
579.0,200.0,153.0,151.0
567.0,196.0,154.0,153.0
559.0,193.0,155.0,153.0
553.0,188.0,155.0,154.0
549.0,183.0,155.0,154.0
545.0,178.0,156.0,155.0
543.0,173.0,156.0,155.0
540.0,167.0,157.0,156.0
538.0,163.0,157.0,156.0
538.0,159.0,157.0,156.0
535.0,155.0,157.0,156.0
534.0,153.0,158.0,156.0
544.0,162.0,159.0,158.0
549.0,170.0,160.0,159.0
555.0,183.0,161.0,160.0
568.0,204.0,161.0,160.0
612.0,187.0,87.0,202.0
613.0,188.0,87.0,203.0
613.0,186.0,88.0,205.0
619.0,185.0,89.0,207.0
628.0,184.0,89.0,208.0
639.0,178.0,90.0,209.0
649.0,168.0,91.0,211.0
658.0,156.0,92.0,213.0
668.0,142.0,93.0,215.0
676.0,128.0,93.0,216.0
679.0,114.0,94.0,218.0
678.0,99.0,95.0,221.0
677.0,84.0,96.0,223.0
672.0,69.0,97.0,225.0
667.0,57.0,98.0,226.0
665.0,45.0,98.0,229.0
664.0,37.0,99.0,230.0
655.0,34.0,100.0,232.0
641.0,37.0,101.0,235.0
627.0,44.0,102.0,238.0
616.0,57.0,104.0,241.0
616.0,96.0,105.0,244.0
605.0,121.0,104.0,243.0
585.0,131.0,106.0,246.0
575.0,153.0,107.0,248.0
536.0,175.0,153.0,223.0
545.0,188.0,154.0,224.0
553.0,198.0,155.0,227.0
558.0,204.0,156.0,228.0
561.0,208.0,158.0,230.0
571.0,209.0,158.0,231.0
589.0,207.0,159.0,232.0
611.0,204.0,160.0,234.0
633.0,202.0,162.0,235.0
653.0,201.0,163.0,237.0
671.0,200.0,163.0,238.0
688.0,199.0,164.0,239.0
704.0,197.0,164.0,239.0
721.0,195.0,165.0,241.0
730.0,194.0,166.0,242.0
728.0,191.0,167.0,243.0
719.0,184.0,167.0,244.0
708.0,174.0,168.0,244.0
701.0,164.0,168.0,245.0
689.0,155.0,169.0,247.0
669.0,149.0,170.0,248.0
642.0,143.0,171.0,249.0
615.0,137.0,171.0,250.0
563.0,142.0,210.0,235.0
538.0,134.0,211.0,236.0
516.0,129.0,212.0,237.0
498.0,125.0,213.0,238.0
485.0,123.0,214.0,239.0
482.0,122.0,215.0,240.0
489.0,126.0,215.0,241.0
502.0,135.0,217.0,242.0
520.0,148.0,217.0,243.0
545.0,162.0,218.0,244.0
578.0,173.0,218.0,244.0
618.0,178.0,219.0,245.0
657.0,181.0,219.0,245.0
692.0,182.0,220.0,246.0
721.0,185.0,221.0,247.0
740.0,187.0,221.0,248.0
749.0,188.0,222.0,248.0
751.0,186.0,222.0,249.0
748.0,184.0,223.0,249.0
734.0,181.0,224.0,251.0
710.0,179.0,225.0,252.0
676.0,177.0,226.0,253.0
632.0,178.0,226.0,253.0
590.0,178.0,226.0,253.0
549.0,175.0,226.0,253.0
509.0,175.0,226.0,253.0
475.0,179.0,226.0,253.0
448.0,183.0,226.0,253.0
435.0,189.0,225.0,252.0
448.0,195.0,224.0,251.0
476.0,200.0,225.0,251.0
502.0,206.0,225.0,251.0
532.0,214.0,225.0,251.0
570.0,221.0,224.0,251.0
608.0,228.0,224.0,251.0
643.0,236.0,224.0,251.0
673.0,243.0,225.0,252.0
698.0,247.0,225.0,252.0
714.0,251.0,225.0,252.0
722.0,255.0,226.0,253.0
744.0,264.0,207.0,247.0
732.0,261.0,207.0,247.0
705.0,243.0,208.0,248.0
677.0,235.0,209.0,250.0
643.0,230.0,210.0,251.0
605.0,224.0,211.0,252.0
562.0,220.0,212.0,253.0
521.0,220.0,214.0,255.0
496.0,228.0,214.0,256.0
471.0,229.0,215.0,256.0
454.0,231.0,216.0,257.0
443.0,232.0,217.0,259.0
435.0,236.0,217.0,259.0
431.0,239.0,217.0,259.0
434.0,243.0,218.0,260.0
443.0,245.0,218.0,260.0
452.0,247.0,219.0,261.0
459.0,249.0,219.0,262.0
471.0,249.0,220.0,262.0
489.0,246.0,220.0,263.0
557.0,229.0,112.0,280.0
580.0,227.0,112.0,280.0
601.0,221.0,113.0,282.0
620.0,215.0,113.0,282.0
634.0,208.0,112.0,280.0
645.0,200.0,112.0,281.0
651.0,194.0,113.0,281.0
648.0,188.0,113.0,282.0
643.0,184.0,113.0,282.0
636.0,181.0,113.0,282.0
631.0,180.0,113.0,281.0
626.0,182.0,113.0,281.0
620.0,187.0,112.0,281.0
613.0,191.0,112.0,279.0
604.0,194.0,112.0,279.0
599.0,197.0,111.0,278.0
595.0,200.0,111.0,278.0
594.0,202.0,111.0,277.0
593.0,202.0,111.0,276.0
593.0,202.0,110.0,276.0
592.0,201.0,110.0,276.0
593.0,199.0,110.0,276.0
599.0,198.0,110.0,276.0
609.0,198.0,111.0,276.0
619.0,198.0,111.0,276.0
631.0,198.0,111.0,276.0
645.0,195.0,111.0,277.0
662.0,192.0,111.0,277.0
678.0,189.0,111.0,277.0
690.0,187.0,111.0,278.0
694.0,185.0,111.0,278.0
699.0,182.0,111.0,278.0
705.0,177.0,111.0,278.0
709.0,170.0,112.0,279.0
713.0,162.0,111.0,279.0
716.0,153.0,112.0,279.0
716.0,141.0,112.0,279.0
719.0,129.0,112.0,279.0
725.0,115.0,112.0,279.0
727.0,101.0,112.0,280.0
732.0,87.0,112.0,280.0
734.0,74.0,112.0,279.0
734.0,63.0,112.0,281.0
734.0,52.0,112.0,280.0
735.0,43.0,112.0,281.0
735.0,34.0,112.0,281.0
732.0,26.0,113.0,281.0
723.0,8.0,161.0,295.0
717.0,-2.0,161.0,296.0
710.0,-11.0,161.0,295.0
703.0,-21.0,161.0,295.0
692.0,-31.0,161.0,295.0
679.0,-43.0,161.0,295.0
665.0,-54.0,161.0,295.0
651.0,-67.0,161.0,295.0
634.0,-81.0,161.0,295.0
619.0,-95.0,161.0,295.0
603.0,-107.0,162.0,296.0
588.0,-118.0,161.0,296.0
574.0,-128.0,162.0,297.0
562.0,-136.0,162.0,297.0
552.0,-144.0,162.0,297.0
543.0,-153.0,162.0,297.0
533.0,-162.0,162.0,297.0
526.0,-170.0,163.0,298.0
519.0,-176.0,163.0,298.0
509.0,-181.0,163.0,299.0
499.0,-187.0,163.0,299.0
492.0,-192.0,163.0,299.0
487.0,-197.0,163.0,299.0
482.0,-201.0,163.0,299.0
474.0,-206.0,163.0,300.0
471.0,-209.0,163.0,299.0
468.0,-211.0,163.0,299.0
462.0,-212.0,163.0,300.0
457.0,-207.0,164.0,300.0
454.0,-192.0,164.0,300.0
451.0,-158.0,164.0,301.0
443.0,-125.0,164.0,301.0
438.0,-93.0,165.0,302.0
436.0,-70.0,164.0,300.0
430.0,-56.0,164.0,301.0
426.0,-36.0,164.0,301.0
419.0,-22.0,164.0,301.0
411.0,-11.0,164.0,301.0
403.0,-6.0,164.0,300.0
397.0,-4.0,164.0,300.0
392.0,-1.0,164.0,300.0
383.0,2.0,164.0,300.0
378.0,5.0,164.0,300.0
376.0,8.0,164.0,300.0
372.0,11.0,164.0,300.0
370.0,13.0,164.0,300.0
368.0,16.0,164.0,300.0
367.0,19.0,164.0,301.0
367.0,23.0,164.0,300.0
368.0,28.0,164.0,301.0
368.0,33.0,164.0,301.0
371.0,38.0,164.0,300.0
373.0,43.0,164.0,300.0
372.0,49.0,164.0,300.0
374.0,55.0,164.0,300.0
380.0,61.0,164.0,300.0
381.0,67.0,164.0,300.0
383.0,72.0,164.0,300.0
389.0,77.0,163.0,299.0
390.0,83.0,164.0,300.0
394.0,89.0,164.0,300.0
400.0,96.0,163.0,299.0
403.0,103.0,163.0,299.0
403.0,109.0,163.0,299.0
405.0,114.0,163.0,299.0
408.0,119.0,163.0,299.0
409.0,125.0,163.0,299.0
410.0,130.0,163.0,299.0
412.0,134.0,163.0,299.0
412.0,140.0,164.0,301.0
414.0,148.0,164.0,301.0
414.0,156.0,164.0,301.0
413.0,164.0,164.0,301.0
415.0,173.0,164.0,300.0
414.0,180.0,164.0,300.0
414.0,186.0,164.0,300.0
413.0,190.0,164.0,300.0
416.0,195.0,164.0,300.0
418.0,200.0,164.0,300.0
419.0,206.0,164.0,300.0
420.0,212.0,164.0,300.0
421.0,219.0,164.0,300.0
422.0,224.0,164.0,300.0
426.0,228.0,164.0,300.0
427.0,233.0,164.0,301.0
426.0,236.0,164.0,300.0
426.0,239.0,164.0,300.0
426.0,242.0,164.0,300.0
426.0,244.0,164.0,300.0
428.0,246.0,164.0,301.0
428.0,247.0,164.0,301.0
426.0,251.0,164.0,301.0
424.0,255.0,164.0,301.0
424.0,258.0,164.0,301.0
423.0,259.0,164.0,301.0
418.0,260.0,164.0,301.0
414.0,261.0,165.0,301.0
409.0,262.0,164.0,301.0
403.0,264.0,165.0,302.0
398.0,266.0,165.0,302.0
391.0,268.0,164.0,301.0
382.0,270.0,165.0,302.0
376.0,270.0,165.0,302.0
371.0,269.0,164.0,301.0
366.0,266.0,164.0,301.0
361.0,263.0,164.0,301.0
356.0,259.0,164.0,301.0
352.0,256.0,165.0,302.0
350.0,254.0,165.0,302.0
349.0,252.0,165.0,302.0
345.0,251.0,165.0,302.0
342.0,249.0,165.0,303.0
341.0,249.0,165.0,303.0
342.0,249.0,166.0,304.0
341.0,251.0,166.0,304.0
342.0,251.0,166.0,303.0
344.0,252.0,166.0,303.0
342.0,252.0,166.0,304.0
346.0,251.0,166.0,303.0
350.0,249.0,165.0,303.0
351.0,246.0,165.0,303.0
353.0,244.0,165.0,303.0
355.0,243.0,165.0,303.0
354.0,243.0,165.0,303.0
359.0,242.0,165.0,303.0
361.0,243.0,165.0,303.0
362.0,244.0,166.0,304.0
365.0,247.0,166.0,304.0
366.0,251.0,166.0,304.0
367.0,254.0,166.0,304.0
366.0,257.0,166.0,304.0
369.0,259.0,166.0,304.0
370.0,262.0,166.0,304.0
368.0,264.0,166.0,304.0
369.0,266.0,165.0,303.0
372.0,266.0,165.0,303.0
374.0,265.0,165.0,303.0
376.0,262.0,165.0,303.0
377.0,257.0,165.0,303.0
378.0,254.0,165.0,303.0
381.0,249.0,165.0,303.0
384.0,244.0,165.0,303.0
383.0,241.0,165.0,303.0
383.0,239.0,165.0,303.0
388.0,238.0,165.0,303.0
392.0,233.0,165.0,303.0
391.0,228.0,165.0,303.0
390.0,224.0,165.0,303.0
389.0,218.0,165.0,302.0
388.0,209.0,165.0,302.0
390.0,200.0,165.0,302.0
390.0,190.0,165.0,302.0
387.0,184.0,165.0,303.0
383.0,184.0,165.0,303.0
382.0,186.0,165.0,303.0
381.0,191.0,165.0,303.0
379.0,196.0,165.0,303.0
376.0,201.0,165.0,303.0
373.0,207.0,165.0,303.0
368.0,212.0,165.0,303.0
364.0,217.0,165.0,303.0
360.0,222.0,165.0,303.0
355.0,227.0,165.0,303.0
352.0,231.0,165.0,303.0
347.0,235.0,165.0,303.0
340.0,240.0,166.0,303.0
335.0,246.0,166.0,303.0
331.0,252.0,166.0,303.0
328.0,256.0,165.0,303.0
324.0,259.0,166.0,304.0
318.0,264.0,166.0,304.0
315.0,269.0,166.0,304.0
311.0,273.0,166.0,305.0
305.0,277.0,166.0,305.0
301.0,280.0,167.0,306.0
296.0,286.0,167.0,306.0
291.0,290.0,167.0,306.0
286.0,293.0,167.0,306.0
280.0,296.0,167.0,306.0
273.0,298.0,167.0,307.0
264.0,299.0,167.0,306.0
254.0,298.0,167.0,307.0
243.0,296.0,167.0,306.0
233.0,294.0,167.0,306.0
220.0,291.0,167.0,307.0
204.0,289.0,168.0,307.0
189.0,288.0,167.0,307.0
176.0,285.0,167.0,307.0
164.0,283.0,168.0,307.0
154.0,281.0,168.0,307.0
144.0,278.0,168.0,307.0
133.0,274.0,168.0,307.0
125.0,269.0,168.0,307.0
118.0,264.0,168.0,307.0
110.0,257.0,168.0,307.0
105.0,252.0,168.0,307.0
99.0,247.0,168.0,307.0
94.0,242.0,168.0,307.0
92.0,238.0,168.0,308.0
89.0,235.0,168.0,308.0
85.0,233.0,168.0,308.0
85.0,231.0,168.0,308.0
83.0,231.0,168.0,308.0
80.0,231.0,168.0,308.0
79.0,234.0,168.0,309.0
79.0,238.0,169.0,309.0
79.0,241.0,169.0,309.0
78.0,246.0,169.0,309.0
77.0,251.0,168.0,309.0
78.0,255.0,168.0,308.0
81.0,258.0,168.0,308.0
83.0,261.0,168.0,307.0
81.0,264.0,168.0,308.0
82.0,269.0,168.0,309.0
86.0,274.0,168.0,309.0
90.0,278.0,168.0,309.0
93.0,281.0,168.0,309.0
94.0,285.0,168.0,309.0
96.0,288.0,168.0,309.0
101.0,291.0,168.0,309.0
104.0,292.0,168.0,309.0
110.0,292.0,168.0,308.0
118.0,290.0,169.0,309.0
125.0,292.0,168.0,309.0
136.0,291.0,169.0,309.0
152.0,291.0,169.0,309.0
169.0,290.0,169.0,309.0
189.0,288.0,169.0,310.0
213.0,286.0,169.0,310.0
239.0,285.0,169.0,310.0
264.0,284.0,169.0,310.0
293.0,283.0,169.0,310.0
319.0,281.0,170.0,311.0
345.0,279.0,170.0,311.0
366.0,276.0,170.0,311.0
383.0,272.0,170.0,311.0
397.0,267.0,170.0,311.0
406.0,263.0,170.0,311.0
413.0,259.0,170.0,312.0
416.0,257.0,170.0,312.0
417.0,256.0,170.0,312.0
417.0,256.0,170.0,312.0
414.0,256.0,171.0,313.0
412.0,258.0,171.0,313.0
409.0,260.0,171.0,313.0
403.0,261.0,171.0,313.0
400.0,263.0,171.0,313.0
397.0,266.0,171.0,313.0
396.0,266.0,171.0,313.0
398.0,266.0,171.0,313.0
399.0,266.0,171.0,313.0
401.0,265.0,171.0,313.0
402.0,263.0,171.0,313.0
405.0,259.0,171.0,313.0
412.0,257.0,171.0,313.0
416.0,256.0,171.0,314.0
416.0,256.0,172.0,315.0
422.0,256.0,173.0,318.0
425.0,254.0,175.0,320.0
426.0,251.0,176.0,323.0
430.0,244.0,178.0,325.0
430.0,236.0,179.0,328.0
433.0,226.0,180.0,331.0
436.0,214.0,182.0,334.0
436.0,202.0,185.0,339.0
436.0,192.0,188.0,345.0
438.0,183.0,191.0,351.0
441.0,175.0,195.0,357.0
443.0,166.0,198.0,363.0
444.0,157.0,202.0,370.0
444.0,150.0,206.0,377.0
443.0,146.0,210.0,384.0
442.0,143.0,214.0,393.0
442.0,142.0,219.0,401.0
440.0,145.0,223.0,409.0
437.0,153.0,228.0,417.0
433.0,166.0,233.0,426.0
426.0,180.0,238.0,435.0
419.0,194.0,242.0,443.0
411.0,202.0,246.0,451.0
402.0,206.0,251.0,460.0
390.0,209.0,255.0,468.0
376.0,210.0,260.0,476.0
367.0,210.0,261.0,478.0
358.0,210.0,261.0,478.0
349.0,210.0,261.0,478.0
340.0,209.0,261.0,478.0
332.0,211.0,260.0,477.0
327.0,208.0,260.0,477.0
323.0,205.0,260.0,476.0
318.0,200.0,259.0,475.0
317.0,193.0,259.0,474.0
314.0,184.0,258.0,472.0
311.0,170.0,257.0,470.0
309.0,153.0,256.0,468.0
305.0,130.0,254.0,466.0
305.0,106.0,254.0,465.0
300.0,82.0,253.0,463.0
302.0,64.0,251.0,460.0
304.0,52.0,249.0,457.0
307.0,47.0,246.0,451.0
312.0,49.0,242.0,443.0
318.0,50.0,238.0,435.0
321.0,44.0,237.0,434.0
327.0,43.0,234.0,429.0
309.0,4.0,183.0,464.0
311.0,0.0,182.0,461.0
309.0,-2.0,181.0,458.0
309.0,-2.0,179.0,454.0
318.0,-4.0,177.0,448.0
340.0,-14.0,176.0,447.0
379.0,-23.0,175.0,443.0
412.0,-27.0,173.0,440.0
425.0,-26.0,172.0,435.0
435.0,-17.0,167.0,423.0
446.0,1.0,159.0,404.0
458.0,22.0,152.0,385.0
467.0,43.0,142.0,359.0
476.0,59.0,134.0,340.0
484.0,71.0,127.0,321.0
487.0,80.0,121.0,307.0
488.0,90.0,116.0,295.0
492.0,101.0,112.0,285.0
491.0,110.0,109.0,278.0
492.0,117.0,107.0,272.0
493.0,122.0,105.0,267.0
490.0,128.0,103.0,262.0
488.0,134.0,101.0,256.0
488.0,139.0,99.0,251.0
484.0,144.0,96.0,243.0
483.0,147.0,93.0,235.0
482.0,148.0,90.0,229.0
480.0,150.0,87.0,222.0
479.0,153.0,85.0,215.0
479.0,155.0,82.0,208.0
477.0,157.0,79.0,201.0
476.0,157.0,78.0,197.0
476.0,152.0,77.0,194.0
473.0,145.0,76.0,193.0
470.0,140.0,76.0,192.0
469.0,133.0,75.0,190.0
466.0,127.0,74.0,189.0
465.0,121.0,74.0,187.0
462.0,114.0,73.0,186.0
459.0,108.0,73.0,185.0
459.0,103.0,72.0,183.0
457.0,97.0,71.0,180.0
472.0,75.0,69.0,194.0
474.0,71.0,68.0,191.0
472.0,66.0,67.0,188.0
472.0,62.0,66.0,186.0
473.0,58.0,65.0,184.0
473.0,54.0,65.0,182.0
474.0,51.0,64.0,179.0
474.0,48.0,63.0,177.0
475.0,45.0,62.0,175.0
477.0,43.0,61.0,172.0
480.0,40.0,60.0,169.0
480.0,36.0,59.0,167.0
481.0,33.0,58.0,164.0
482.0,30.0,57.0,160.0
483.0,28.0,56.0,157.0
484.0,26.0,55.0,154.0
485.0,25.0,53.0,150.0
486.0,23.0,52.0,146.0
487.0,21.0,51.0,143.0
467.0,34.0,94.0,122.0
467.0,30.0,92.0,119.0
469.0,28.0,89.0,116.0
471.0,25.0,88.0,114.0
470.0,25.0,85.0,110.0
472.0,24.0,83.0,107.0
474.0,22.0,80.0,104.0
475.0,21.0,78.0,101.0
475.0,19.0,77.0,99.0
476.0,20.0,74.0,97.0
477.0,22.0,72.0,93.0
478.0,23.0,70.0,91.0
478.0,15.0,76.0,98.0
478.0,13.0,76.0,99.0
478.0,13.0,76.0,99.0
480.0,16.0,74.0,96.0
480.0,19.0,72.0,94.0
479.0,23.0,71.0,92.0
478.0,28.0,69.0,90.0
477.0,33.0,68.0,88.0
476.0,40.0,66.0,86.0
470.0,66.0,69.0,66.0
468.0,73.0,68.0,65.0
467.0,81.0,67.0,64.0
466.0,89.0,67.0,64.0
463.0,99.0,66.0,63.0
462.0,107.0,66.0,63.0
461.0,118.0,66.0,63.0
458.0,130.0,65.0,62.0
455.0,141.0,65.0,62.0
452.0,153.0,66.0,63.0
447.0,165.0,66.0,63.0
446.0,178.0,66.0,63.0
446.0,193.0,63.0,61.0
441.0,205.0,63.0,60.0
438.0,220.0,63.0,60.0
436.0,234.0,63.0,60.0
432.0,248.0,63.0,61.0
428.0,265.0,61.0,58.0
425.0,279.0,61.0,58.0
422.0,294.0,59.0,57.0
417.0,307.0,59.0,56.0
413.0,321.0,58.0,55.0
410.0,335.0,57.0,55.0
405.0,349.0,56.0,54.0
401.0,362.0,57.0,54.0
397.0,375.0,56.0,54.0
389.0,387.0,57.0,55.0
384.0,401.0,55.0,52.0
380.0,414.0,53.0,51.0
373.0,426.0,53.0,50.0
348.0,422.0,75.0,68.0
424.0,254.0,197.0,153.0
396.0,261.0,197.0,153.0
381.0,269.0,197.0,153.0
360.0,277.0,197.0,153.0
348.0,285.0,197.0,153.0
343.0,292.0,198.0,153.0
338.0,298.0,198.0,154.0
344.0,301.0,198.0,154.0
357.0,303.0,199.0,154.0
363.0,308.0,198.0,154.0
355.0,313.0,198.0,154.0
347.0,318.0,199.0,154.0
347.0,322.0,198.0,154.0
351.0,326.0,199.0,154.0
351.0,331.0,198.0,154.0
348.0,336.0,198.0,154.0
344.0,341.0,197.0,153.0
336.0,345.0,197.0,153.0
328.0,347.0,197.0,153.0
325.0,347.0,196.0,152.0
331.0,343.0,196.0,152.0
339.0,335.0,196.0,152.0
346.0,322.0,196.0,152.0
340.0,312.0,195.0,151.0
333.0,298.0,195.0,151.0
335.0,288.0,195.0,151.0
334.0,281.0,194.0,151.0
328.0,280.0,194.0,151.0
312.0,281.0,194.0,150.0
312.0,292.0,113.0,160.0
266.0,295.0,114.0,161.0
231.0,298.0,114.0,162.0
218.0,300.0,112.0,159.0
211.0,304.0,112.0,159.0
203.0,307.0,112.0,158.0
197.0,311.0,112.0,158.0
196.0,313.0,112.0,158.0
200.0,314.0,111.0,157.0
197.0,314.0,110.0,156.0
192.0,311.0,110.0,156.0
190.0,308.0,110.0,155.0
186.0,306.0,109.0,154.0
178.0,302.0,108.0,153.0
176.0,297.0,107.0,152.0
178.0,294.0,106.0,151.0
184.0,294.0,106.0,149.0
193.0,295.0,105.0,149.0
212.0,298.0,104.0,148.0
244.0,299.0,104.0,147.0
290.0,300.0,104.0,147.0
336.0,299.0,103.0,146.0
378.0,299.0,102.0,145.0
408.0,299.0,102.0,144.0
422.0,298.0,101.0,143.0
429.0,295.0,100.0,142.0
425.0,289.0,99.0,141.0
400.0,282.0,99.0,140.0
376.0,277.0,98.0,139.0
346.0,272.0,98.0,139.0
316.0,269.0,97.0,138.0
291.0,264.0,97.0,138.0
272.0,260.0,97.0,138.0
265.0,257.0,97.0,138.0
275.0,256.0,97.0,138.0
287.0,253.0,97.0,138.0
300.0,250.0,97.0,137.0
324.0,244.0,97.0,137.0
363.0,241.0,97.0,137.0
402.0,237.0,97.0,137.0
424.0,233.0,96.0,136.0
446.0,226.0,97.0,138.0
482.0,217.0,97.0,138.0
508.0,210.0,97.0,137.0
506.0,205.0,97.0,137.0
485.0,201.0,97.0,137.0
460.0,195.0,96.0,136.0
451.0,187.0,97.0,137.0
464.0,178.0,97.0,138.0
469.0,173.0,97.0,138.0
432.0,150.0,114.0,175.0
414.0,148.0,115.0,176.0
405.0,146.0,115.0,176.0
415.0,143.0,116.0,177.0
424.0,142.0,116.0,178.0
423.0,144.0,117.0,180.0
413.0,152.0,118.0,181.0
409.0,161.0,118.0,181.0
410.0,173.0,118.0,181.0
406.0,186.0,118.0,182.0
399.0,198.0,119.0,182.0
396.0,207.0,119.0,182.0
393.0,215.0,119.0,183.0
388.0,224.0,119.0,183.0
386.0,233.0,120.0,184.0
388.0,241.0,120.0,184.0
392.0,248.0,120.0,184.0
404.0,253.0,120.0,184.0
425.0,255.0,120.0,184.0
451.0,257.0,120.0,184.0
472.0,262.0,120.0,185.0
494.0,265.0,121.0,185.0
523.0,266.0,120.0,185.0
565.0,263.0,121.0,186.0
604.0,265.0,122.0,187.0
622.0,267.0,122.0,188.0
618.0,269.0,123.0,189.0
614.0,268.0,124.0,190.0
615.0,264.0,124.0,191.0
611.0,259.0,125.0,192.0
595.0,257.0,125.0,192.0
564.0,254.0,126.0,193.0
527.0,246.0,126.0,194.0
483.0,236.0,126.0,194.0
439.0,251.0,131.0,173.0
398.0,242.0,132.0,174.0
364.0,234.0,132.0,175.0
338.0,226.0,133.0,175.0
283.0,225.0,173.0,173.0
272.0,222.0,174.0,174.0
267.0,221.0,175.0,175.0
264.0,221.0,176.0,176.0
266.0,224.0,177.0,177.0
274.0,227.0,178.0,178.0
291.0,230.0,179.0,179.0
311.0,233.0,180.0,180.0
337.0,238.0,183.0,183.0
362.0,242.0,185.0,185.0
389.0,244.0,187.0,187.0
416.0,246.0,188.0,188.0
445.0,249.0,189.0,189.0
474.0,251.0,191.0,191.0
502.0,255.0,192.0,192.0
527.0,258.0,193.0,193.0
540.0,260.0,194.0,194.0
547.0,261.0,196.0,196.0
545.0,263.0,197.0,197.0
528.0,265.0,198.0,198.0
500.0,260.0,199.0,199.0
464.0,249.0,200.0,200.0
430.0,242.0,201.0,201.0
401.0,241.0,202.0,202.0
370.0,240.0,202.0,202.0
345.0,241.0,204.0,204.0
329.0,240.0,204.0,204.0
323.0,243.0,205.0,205.0
328.0,248.0,206.0,206.0
338.0,252.0,207.0,207.0
351.0,256.0,207.0,207.0
367.0,258.0,208.0,208.0
382.0,257.0,208.0,208.0
394.0,253.0,209.0,209.0
408.0,243.0,210.0,210.0
421.0,227.0,211.0,211.0
428.0,212.0,212.0,212.0
425.0,200.0,213.0,213.0
421.0,190.0,214.0,214.0
413.0,181.0,215.0,215.0
400.0,176.0,216.0,216.0
390.0,178.0,217.0,217.0
385.0,184.0,217.0,217.0
393.0,191.0,218.0,218.0
407.0,202.0,218.0,218.0
413.0,219.0,218.0,218.0
408.0,244.0,219.0,219.0
403.0,265.0,218.0,218.0
407.0,279.0,217.0,217.0
422.0,281.0,217.0,217.0
432.0,279.0,217.0,217.0
433.0,273.0,217.0,217.0
436.0,261.0,216.0,216.0
446.0,242.0,216.0,216.0
455.0,215.0,215.0,215.0
459.0,187.0,215.0,215.0
457.0,164.0,214.0,214.0
446.0,144.0,214.0,214.0
440.0,129.0,212.0,212.0
436.0,117.0,211.0,211.0
432.0,113.0,210.0,210.0
426.0,112.0,209.0,209.0
422.0,115.0,207.0,207.0
422.0,119.0,206.0,206.0
426.0,126.0,204.0,204.0
441.0,133.0,202.0,202.0
458.0,141.0,200.0,200.0
472.0,148.0,198.0,198.0
490.0,155.0,195.0,195.0
509.0,160.0,193.0,193.0
528.0,167.0,190.0,190.0
539.0,176.0,187.0,187.0
526.0,188.0,185.0,185.0
496.0,204.0,183.0,183.0
472.0,223.0,180.0,180.0
476.0,206.0,159.0,226.0
466.0,227.0,158.0,224.0
444.0,249.0,156.0,221.0
426.0,266.0,154.0,219.0
429.0,279.0,152.0,217.0
428.0,291.0,151.0,215.0
422.0,304.0,150.0,213.0
417.0,315.0,148.0,210.0
418.0,325.0,146.0,208.0
435.0,332.0,145.0,206.0
459.0,337.0,144.0,205.0
477.0,342.0,143.0,204.0
490.0,341.0,144.0,204.0
514.0,332.0,142.0,202.0
559.0,316.0,141.0,200.0
599.0,300.0,140.0,199.0
619.0,289.0,140.0,199.0
632.0,279.0,139.0,198.0
650.0,269.0,139.0,198.0
678.0,261.0,139.0,198.0
695.0,251.0,139.0,197.0
698.0,246.0,139.0,197.0
700.0,244.0,139.0,198.0
697.0,246.0,139.0,198.0
688.0,253.0,139.0,198.0
670.0,264.0,139.0,197.0
645.0,274.0,138.0,197.0
626.0,283.0,138.0,196.0
612.0,290.0,137.0,195.0
599.0,297.0,137.0,194.0
577.0,302.0,143.0,194.0
565.0,305.0,143.0,194.0
569.0,305.0,143.0,194.0
587.0,304.0,144.0,195.0
594.0,307.0,143.0,194.0
586.0,311.0,140.0,191.0
583.0,310.0,142.0,192.0
583.0,311.0,141.0,191.0
591.0,311.0,140.0,190.0
604.0,311.0,141.0,191.0
614.0,313.0,141.0,191.0
621.0,317.0,141.0,191.0
634.0,318.0,141.0,191.0
655.0,322.0,141.0,191.0
671.0,326.0,141.0,191.0
681.0,332.0,141.0,192.0
679.0,338.0,141.0,192.0
661.0,344.0,142.0,192.0
651.0,345.0,142.0,193.0
662.0,343.0,143.0,194.0
673.0,342.0,143.0,194.0
676.0,342.0,142.0,193.0
679.0,336.0,142.0,193.0
684.0,329.0,142.0,193.0
691.0,322.0,142.0,193.0
694.0,312.0,142.0,193.0
690.0,301.0,142.0,193.0
679.0,287.0,142.0,193.0
671.0,266.0,142.0,193.0
664.0,245.0,142.0,192.0
661.0,223.0,141.0,192.0
655.0,203.0,141.0,191.0
651.0,185.0,140.0,190.0
661.0,150.0,124.0,194.0
663.0,138.0,124.0,194.0
666.0,133.0,123.0,192.0
666.0,130.0,122.0,191.0
659.0,126.0,122.0,191.0
651.0,125.0,121.0,190.0
643.0,124.0,121.0,189.0
629.0,123.0,120.0,187.0
611.0,123.0,118.0,185.0
595.0,120.0,117.0,184.0
574.0,119.0,116.0,182.0
550.0,118.0,115.0,180.0
526.0,116.0,114.0,178.0
500.0,117.0,112.0,176.0
478.0,118.0,111.0,174.0
461.0,122.0,110.0,172.0
446.0,130.0,108.0,169.0
437.0,142.0,107.0,167.0
436.0,164.0,105.0,165.0
440.0,189.0,104.0,162.0
449.0,212.0,102.0,160.0
456.0,232.0,100.0,157.0
460.0,247.0,99.0,154.0
466.0,256.0,97.0,151.0
477.0,259.0,95.0,149.0
489.0,261.0,94.0,148.0
501.0,263.0,94.0,147.0
514.0,264.0,93.0,145.0
529.0,263.0,92.0,144.0
543.0,260.0,91.0,143.0
555.0,258.0,90.0,141.0
570.0,255.0,89.0,140.0
579.0,253.0,89.0,139.0
590.0,252.0,89.0,139.0
599.0,253.0,88.0,138.0
608.0,253.0,88.0,138.0
610.0,256.0,88.0,137.0
596.0,263.0,87.0,137.0
575.0,276.0,87.0,136.0
562.0,288.0,86.0,135.0
562.0,297.0,86.0,135.0
561.0,302.0,86.0,135.0
564.0,304.0,86.0,134.0
569.0,303.0,86.0,134.0
578.0,301.0,86.0,134.0
587.0,301.0,86.0,134.0
594.0,302.0,85.0,134.0
600.0,301.0,85.0,134.0
607.0,300.0,85.0,133.0
617.0,296.0,85.0,133.0
628.0,292.0,85.0,133.0
634.0,284.0,85.0,133.0
641.0,274.0,85.0,132.0
648.0,260.0,84.0,132.0
655.0,246.0,84.0,132.0
662.0,230.0,84.0,132.0
666.0,215.0,84.0,131.0
667.0,201.0,84.0,131.0
668.0,189.0,84.0,131.0
672.0,178.0,84.0,131.0
673.0,169.0,84.0,131.0
674.0,161.0,84.0,131.0
675.0,153.0,84.0,131.0
672.0,147.0,84.0,132.0
668.0,144.0,84.0,132.0
665.0,144.0,84.0,132.0
657.0,147.0,84.0,132.0
642.0,153.0,84.0,132.0
622.0,166.0,85.0,133.0
596.0,187.0,85.0,132.0
573.0,209.0,84.0,132.0
561.0,227.0,84.0,132.0
552.0,246.0,84.0,132.0
541.0,263.0,84.0,132.0
536.0,278.0,84.0,132.0
534.0,289.0,84.0,132.0
534.0,298.0,84.0,132.0
530.0,307.0,84.0,132.0
535.0,314.0,84.0,132.0
539.0,320.0,84.0,132.0
542.0,325.0,85.0,133.0
543.0,328.0,85.0,133.0
540.0,327.0,85.0,133.0
532.0,324.0,85.0,133.0
518.0,316.0,86.0,134.0
492.0,304.0,86.0,135.0
464.0,293.0,86.0,135.0
439.0,279.0,87.0,136.0
418.0,268.0,87.0,137.0
404.0,258.0,88.0,137.0
396.0,252.0,88.0,138.0
394.0,246.0,88.0,138.0
400.0,238.0,89.0,139.0
410.0,235.0,89.0,139.0
424.0,233.0,89.0,140.0
441.0,228.0,90.0,140.0
459.0,226.0,90.0,141.0
480.0,223.0,90.0,141.0
502.0,221.0,90.0,141.0
519.0,218.0,91.0,142.0
541.0,216.0,91.0,142.0
563.0,212.0,91.0,143.0
584.0,213.0,92.0,143.0
607.0,212.0,92.0,144.0
625.0,213.0,93.0,145.0
644.0,216.0,94.0,146.0
663.0,218.0,94.0,148.0
686.0,218.0,95.0,149.0
708.0,217.0,97.0,152.0
728.0,215.0,99.0,155.0
751.0,212.0,102.0,159.0
776.0,209.0,104.0,163.0
798.0,204.0,107.0,168.0
818.0,197.0,111.0,173.0
836.0,190.0,115.0,180.0
855.0,184.0,119.0,186.0
873.0,178.0,123.0,192.0
888.0,173.0,127.0,198.0
902.0,168.0,131.0,205.0
913.0,166.0,135.0,212.0
916.0,166.0,140.0,219.0
950.0,167.0,107.0,226.0
950.0,167.0,110.0,232.0
954.0,165.0,113.0,238.0
958.0,161.0,116.0,245.0
957.0,158.0,119.0,251.0
947.0,153.0,121.0,257.0
931.0,149.0,124.0,262.0
910.0,149.0,126.0,266.0
892.0,147.0,127.0,268.0
886.0,145.0,128.0,269.0
888.0,144.0,129.0,272.0
886.0,144.0,129.0,273.0
890.0,144.0,129.0,273.0
896.0,142.0,129.0,273.0
895.0,140.0,130.0,274.0
897.0,140.0,130.0,276.0
900.0,142.0,131.0,277.0
898.0,138.0,131.0,276.0
893.0,133.0,131.0,277.0
891.0,125.0,132.0,278.0
893.0,115.0,132.0,279.0
896.0,111.0,132.0,279.0
896.0,106.0,132.0,278.0
901.0,104.0,132.0,278.0
907.0,103.0,132.0,278.0
910.0,104.0,131.0,278.0
914.0,106.0,131.0,276.0
924.0,105.0,128.0,271.0
935.0,103.0,128.0,271.0
939.0,100.0,130.0,274.0
946.0,97.0,131.0,276.0
953.0,92.0,133.0,280.0
952.0,87.0,134.0,282.0
951.0,83.0,136.0,287.0
945.0,76.0,144.0,304.0
921.0,75.0,150.0,317.0
898.0,65.0,148.0,313.0
853.0,64.0,148.0,312.0
743.0,86.0,244.0,269.0
731.0,84.0,248.0,273.0
717.0,85.0,255.0,281.0
711.0,89.0,260.0,287.0
715.0,89.0,265.0,292.0
724.0,93.0,265.0,292.0
747.0,99.0,264.0,291.0
815.0,117.0,246.0,271.0
929.0,142.0,206.0,280.0
1008.0,146.0,203.0,298.0
1086.0,152.0,191.0,310.0
1199.0,151.0,81.0,284.0
0
0
0
0
0
0
0
0
0
0
0
0
0
0
0
0
0
0
0
0
0
0
0
0
0
0
0
0
0
0
0
0
0
0
0
0
0
0
0
0
0
0
0
0
0
0
0
0
0
0
0
0
0
0
0
0
0
0
0
0
0
0
0
0
0
0
0
0
0
0
200.0,50.0,168.0,223.0
226.0,90.0,168.0,223.0
260.0,125.0,170.0,225.0
313.0,149.0,169.0,225.0
358.0,164.0,169.0,224.0
385.0,179.0,169.0,224.0
399.0,191.0,168.0,224.0
411.0,202.0,168.0,224.0
430.0,209.0,169.0,224.0
446.0,216.0,168.0,223.0
444.0,221.0,167.0,222.0
426.0,223.0,167.0,222.0
411.0,224.0,167.0,221.0
393.0,221.0,166.0,221.0
389.0,213.0,166.0,220.0
401.0,196.0,165.0,219.0
386.0,184.0,164.0,217.0
370.0,172.0,163.0,216.0
355.0,160.0,162.0,215.0
349.0,147.0,160.0,213.0
354.0,135.0,159.0,211.0
343.0,128.0,157.0,209.0
316.0,129.0,156.0,206.0
289.0,133.0,154.0,204.0
270.0,141.0,152.0,202.0
231.0,174.0,189.0,177.0
222.0,190.0,185.0,173.0
215.0,210.0,181.0,170.0
206.0,228.0,177.0,166.0
196.0,249.0,174.0,163.0
195.0,269.0,170.0,159.0
201.0,288.0,167.0,156.0
209.0,308.0,163.0,153.0
217.0,328.0,160.0,149.0
228.0,348.0,156.0,146.0
247.0,366.0,153.0,143.0
269.0,383.0,150.0,140.0
297.0,398.0,146.0,137.0
329.0,411.0,143.0,134.0
357.0,422.0,140.0,131.0
380.0,430.0,136.0,127.0
405.0,433.0,132.0,124.0
434.0,429.0,129.0,121.0
465.0,409.0,126.0,118.0
502.0,373.0,124.0,116.0
534.0,350.0,122.0,115.0
546.0,345.0,120.0,113.0
555.0,339.0,118.0,111.0
561.0,333.0,116.0,109.0
567.0,325.0,115.0,107.0
573.0,321.0,114.0,106.0
569.0,324.0,113.0,106.0
557.0,331.0,112.0,104.0
544.0,338.0,111.0,104.0
539.0,346.0,110.0,103.0
542.0,359.0,110.0,103.0
552.0,378.0,109.0,102.0
559.0,399.0,109.0,102.0
567.0,417.0,108.0,101.0
586.0,431.0,108.0,101.0
605.0,443.0,108.0,101.0
628.0,451.0,107.0,100.0
651.0,450.0,106.0,100.0
664.0,435.0,106.0,99.0
670.0,413.0,105.0,99.0
679.0,388.0,105.0,99.0
685.0,363.0,105.0,98.0
689.0,334.0,105.0,99.0
694.0,310.0,107.0,101.0
692.0,292.0,109.0,102.0
680.0,280.0,110.0,103.0
666.0,266.0,110.0,103.0
659.0,252.0,110.0,103.0
655.0,243.0,109.0,102.0
649.0,249.0,109.0,102.0
641.0,267.0,108.0,101.0
632.0,292.0,107.0,100.0
628.0,318.0,106.0,99.0
630.0,346.0,105.0,99.0
629.0,374.0,104.0,98.0
625.0,399.0,104.0,97.0
623.0,418.0,103.0,97.0
621.0,429.0,102.0,96.0
615.0,433.0,102.0,96.0
605.0,432.0,101.0,95.0
596.0,423.0,101.0,95.0
590.0,410.0,100.0,94.0
584.0,399.0,100.0,94.0
577.0,389.0,99.0,93.0
568.0,381.0,99.0,92.0
558.0,377.0,98.0,92.0
552.0,373.0,98.0,92.0
540.0,370.0,101.0,121.0
536.0,367.0,101.0,120.0
529.0,366.0,100.0,120.0
525.0,369.0,99.0,119.0
520.0,370.0,98.0,117.0
519.0,368.0,97.0,117.0
520.0,364.0,96.0,115.0
516.0,359.0,95.0,114.0
508.0,354.0,94.0,113.0
503.0,349.0,94.0,112.0
497.0,343.0,93.0,111.0
490.0,340.0,92.0,110.0
484.0,341.0,91.0,109.0
478.0,343.0,90.0,108.0
475.0,346.0,89.0,107.0
478.0,347.0,88.0,105.0
489.0,347.0,87.0,104.0
498.0,348.0,86.0,103.0
504.0,348.0,86.0,103.0
509.0,350.0,85.0,102.0
515.0,350.0,84.0,101.0
520.0,353.0,84.0,100.0
525.0,355.0,83.0,99.0
533.0,358.0,82.0,99.0
541.0,360.0,82.0,98.0
543.0,362.0,81.0,97.0
543.0,362.0,81.0,97.0
540.0,363.0,80.0,96.0
542.0,363.0,80.0,96.0
547.0,363.0,79.0,95.0
563.0,349.0,54.0,109.0
566.0,349.0,54.0,109.0
568.0,348.0,54.0,108.0
570.0,347.0,53.0,108.0
571.0,345.0,53.0,107.0
569.0,344.0,53.0,106.0
567.0,344.0,52.0,105.0
565.0,344.0,52.0,105.0
565.0,344.0,52.0,105.0
563.0,344.0,52.0,105.0
563.0,343.0,51.0,104.0
566.0,341.0,51.0,103.0
567.0,340.0,51.0,102.0
567.0,336.0,50.0,102.0
571.0,333.0,50.0,101.0
576.0,330.0,50.0,100.0
578.0,329.0,49.0,100.0
584.0,327.0,49.0,99.0
590.0,324.0,49.0,98.0
595.0,323.0,48.0,97.0
599.0,321.0,48.0,97.0
603.0,318.0,47.0,96.0
605.0,316.0,47.0,95.0
611.0,312.0,47.0,94.0
617.0,308.0,46.0,94.0
617.0,305.0,46.0,93.0
620.0,303.0,45.0,92.0
621.0,300.0,45.0,91.0
622.0,298.0,44.0,90.0
622.0,296.0,44.0,89.0
624.0,295.0,43.0,88.0
625.0,293.0,43.0,87.0
626.0,291.0,43.0,86.0
626.0,289.0,42.0,85.0
624.0,288.0,42.0,84.0
624.0,288.0,41.0,84.0
621.0,289.0,41.0,83.0
614.0,295.0,41.0,83.0
601.0,321.0,41.0,83.0
593.0,341.0,41.0,82.0
579.0,367.0,41.0,82.0
570.0,378.0,40.0,81.0
567.0,380.0,40.0,80.0
570.0,379.0,40.0,80.0
563.0,385.0,40.0,81.0
556.0,389.0,40.0,80.0
550.0,391.0,39.0,80.0
547.0,390.0,39.0,79.0
543.0,389.0,39.0,79.0
538.0,387.0,39.0,79.0
536.0,383.0,39.0,79.0
535.0,378.0,39.0,78.0
534.0,372.0,39.0,78.0
532.0,364.0,39.0,78.0
527.0,354.0,39.0,78.0
526.0,342.0,39.0,80.0
525.0,328.0,40.0,81.0
527.0,315.0,40.0,82.0
529.0,300.0,41.0,83.0
536.0,286.0,42.0,85.0
547.0,272.0,44.0,88.0
562.0,258.0,45.0,92.0
576.0,247.0,47.0,96.0
593.0,235.0,49.0,100.0
623.0,219.0,52.0,104.0
659.0,203.0,54.0,110.0
691.0,188.0,57.0,115.0
726.0,174.0,60.0,122.0
770.0,157.0,63.0,127.0
812.0,141.0,66.0,133.0
849.0,131.0,70.0,141.0
876.0,133.0,75.0,150.0
896.0,150.0,77.0,156.0
904.0,187.0,80.0,162.0
905.0,239.0,80.0,162.0
893.0,303.0,81.0,163.0
850.0,380.0,81.0,163.0
812.0,413.0,80.0,161.0
756.0,450.0,98.0,173.0
729.0,475.0,99.0,174.0
688.0,498.0,99.0,174.0
648.0,516.0,98.0,173.0
634.0,520.0,98.0,172.0
624.0,516.0,97.0,172.0
603.0,504.0,98.0,173.0
578.0,487.0,99.0,174.0
563.0,466.0,97.0,171.0
550.0,438.0,97.0,172.0
540.0,401.0,99.0,174.0
542.0,359.0,98.0,173.0
559.0,313.0,96.0,170.0
586.0,262.0,96.0,170.0
614.0,217.0,96.0,170.0
639.0,188.0,95.0,168.0
667.0,169.0,96.0,169.0
690.0,169.0,96.0,170.0
709.0,164.0,97.0,171.0
718.0,182.0,97.0,170.0
713.0,206.0,97.0,171.0
701.0,232.0,96.0,169.0
695.0,256.0,94.0,166.0
701.0,272.0,92.0,163.0
698.0,287.0,92.0,163.0
700.0,300.0,91.0,160.0
712.0,305.0,89.0,158.0
727.0,306.0,89.0,156.0
737.0,312.0,88.0,155.0
747.0,318.0,87.0,154.0
765.0,321.0,86.0,152.0
778.0,325.0,85.0,151.0
794.0,330.0,85.0,151.0
814.0,334.0,85.0,150.0
830.0,335.0,85.0,151.0
846.0,339.0,85.0,151.0
862.0,340.0,86.0,151.0
878.0,337.0,86.0,151.0
895.0,321.0,86.0,151.0
912.0,298.0,86.0,151.0
923.0,268.0,86.0,152.0
928.0,241.0,87.0,154.0
928.0,219.0,88.0,155.0
921.0,202.0,88.0,155.0
916.0,185.0,89.0,157.0
904.0,173.0,89.0,157.0
889.0,167.0,90.0,159.0
873.0,168.0,91.0,160.0
852.0,169.0,92.0,162.0
824.0,174.0,93.0,165.0
803.0,182.0,94.0,166.0
785.0,193.0,95.0,168.0
767.0,207.0,97.0,170.0
756.0,221.0,98.0,172.0
751.0,231.0,99.0,174.0
752.0,240.0,100.0,176.0
756.0,247.0,101.0,178.0
759.0,253.0,102.0,180.0
767.0,259.0,103.0,183.0
777.0,263.0,104.0,184.0
787.0,266.0,106.0,187.0
796.0,268.0,107.0,189.0
807.0,266.0,109.0,192.0
822.0,264.0,111.0,195.0
832.0,260.0,113.0,199.0
840.0,256.0,115.0,202.0
853.0,251.0,117.0,206.0
860.0,243.0,119.0,210.0
859.0,236.0,121.0,214.0
844.0,229.0,124.0,218.0
814.0,224.0,126.0,223.0
784.0,218.0,129.0,227.0
763.0,210.0,131.0,232.0
748.0,204.0,134.0,236.0
735.0,197.0,136.0,241.0
721.0,192.0,139.0,245.0
716.0,184.0,141.0,249.0
724.0,175.0,167.0,249.0
738.0,168.0,170.0,253.0
749.0,163.0,173.0,258.0
761.0,158.0,175.0,261.0
780.0,152.0,177.0,264.0
802.0,143.0,179.0,268.0
821.0,136.0,181.0,271.0
845.0,128.0,183.0,273.0
874.0,118.0,185.0,276.0
902.0,107.0,186.0,277.0
928.0,97.0,188.0,280.0
951.0,87.0,189.0,282.0
969.0,77.0,189.0,282.0
989.0,66.0,190.0,284.0
1001.0,55.0,190.0,284.0
1001.0,46.0,191.0,284.0
991.0,39.0,191.0,284.0
976.0,30.0,191.0,284.0
946.0,22.0,192.0,286.0
915.0,14.0,192.0,286.0
891.0,6.0,191.0,285.0
867.0,-2.0,191.0,285.0
831.0,-3.0,187.0,279.0
792.0,0.0,184.0,275.0
761.0,8.0,181.0,270.0
750.0,15.0,177.0,264.0
747.0,25.0,173.0,258.0
750.0,36.0,169.0,253.0
759.0,48.0,166.0,248.0
775.0,59.0,163.0,243.0
797.0,69.0,160.0,239.0
819.0,78.0,157.0,234.0
838.0,90.0,151.0,226.0
858.0,102.0,145.0,216.0
876.0,109.0,140.0,208.0
891.0,114.0,136.0,202.0
898.0,123.0,131.0,195.0
896.0,131.0,127.0,189.0
895.0,137.0,122.0,183.0
891.0,145.0,118.0,177.0
882.0,152.0,115.0,171.0
864.0,159.0,111.0,166.0
848.0,162.0,108.0,161.0
831.0,168.0,105.0,156.0
811.0,174.0,102.0,152.0
793.0,178.0,100.0,148.0
777.0,181.0,97.0,145.0
768.0,180.0,96.0,143.0
766.0,178.0,94.0,141.0
763.0,176.0,94.0,140.0
763.0,173.0,93.0,138.0
769.0,163.0,93.0,139.0
774.0,154.0,94.0,140.0
777.0,145.0,94.0,140.0
783.0,135.0,95.0,141.0
790.0,126.0,96.0,142.0
793.0,117.0,96.0,143.0
797.0,108.0,97.0,145.0
801.0,101.0,98.0,145.0
804.0,96.0,98.0,147.0
803.0,92.0,99.0,148.0
800.0,88.0,100.0,149.0
792.0,85.0,101.0,150.0
777.0,85.0,101.0,151.0
759.0,85.0,102.0,152.0
745.0,82.0,102.0,152.0
734.0,80.0,103.0,153.0
720.0,78.0,103.0,154.0
707.0,77.0,104.0,155.0
697.0,75.0,104.0,155.0
687.0,74.0,104.0,156.0
680.0,73.0,105.0,156.0
672.0,72.0,105.0,157.0
665.0,71.0,105.0,157.0
659.0,71.0,105.0,157.0
657.0,69.0,105.0,157.0
657.0,67.0,106.0,158.0
656.0,66.0,106.0,158.0
654.0,66.0,106.0,158.0
657.0,64.0,106.0,159.0
660.0,63.0,106.0,159.0
662.0,62.0,107.0,159.0
662.0,62.0,107.0,160.0
666.0,62.0,107.0,160.0
669.0,62.0,108.0,161.0
668.0,62.0,108.0,161.0
670.0,62.0,108.0,161.0
673.0,62.0,108.0,161.0
676.0,61.0,108.0,161.0
677.0,60.0,108.0,161.0
677.0,60.0,108.0,161.0
678.0,59.0,107.0,160.0
678.0,59.0,107.0,160.0
677.0,57.0,107.0,159.0
675.0,57.0,106.0,159.0
673.0,56.0,106.0,157.0
671.0,56.0,105.0,156.0
668.0,54.0,104.0,155.0
662.0,52.0,104.0,155.0
656.0,50.0,103.0,153.0
651.0,48.0,102.0,152.0
644.0,46.0,101.0,151.0
644.0,54.0,69.0,145.0
639.0,53.0,69.0,144.0
631.0,51.0,69.0,144.0
627.0,50.0,68.0,142.0
623.0,47.0,68.0,143.0
618.0,46.0,68.0,142.0
614.0,46.0,67.0,142.0
610.0,45.0,66.0,140.0
608.0,36.0,71.0,150.0
606.0,44.0,66.0,139.0
606.0,42.0,66.0,138.0
606.0,40.0,66.0,138.0
606.0,39.0,65.0,137.0
607.0,40.0,65.0,136.0
607.0,40.0,64.0,136.0
613.0,41.0,64.0,134.0
615.0,44.0,63.0,133.0
617.0,46.0,63.0,132.0
623.0,50.0,63.0,132.0
627.0,57.0,62.0,131.0
630.0,63.0,62.0,130.0
635.0,68.0,61.0,128.0
637.0,76.0,61.0,128.0
640.0,83.0,60.0,126.0
643.0,89.0,60.0,125.0
644.0,95.0,59.0,124.0
644.0,101.0,59.0,123.0
643.0,108.0,58.0,122.0
618.0,127.0,89.0,118.0
617.0,134.0,89.0,117.0
616.0,141.0,88.0,117.0
612.0,149.0,88.0,116.0
608.0,157.0,87.0,116.0
605.0,164.0,87.0,115.0
601.0,169.0,87.0,116.0
598.0,174.0,87.0,115.0
595.0,183.0,85.0,113.0
592.0,190.0,84.0,111.0
591.0,197.0,84.0,111.0
592.0,203.0,83.0,110.0
591.0,209.0,83.0,109.0
591.0,215.0,82.0,109.0
592.0,220.0,82.0,108.0
592.0,226.0,81.0,108.0
591.0,233.0,81.0,107.0
595.0,237.0,80.0,107.0
599.0,241.0,80.0,106.0
601.0,246.0,79.0,105.0
603.0,252.0,79.0,105.0
605.0,257.0,79.0,104.0
609.0,263.0,78.0,104.0
613.0,269.0,78.0,103.0
620.0,275.0,78.0,103.0
627.0,280.0,77.0,102.0
631.0,286.0,77.0,102.0
633.0,291.0,77.0,102.0
634.0,295.0,76.0,101.0
636.0,297.0,76.0,101.0
640.0,293.0,75.0,100.0
643.0,290.0,75.0,100.0
642.0,290.0,75.0,99.0
641.0,288.0,75.0,99.0
642.0,284.0,74.0,98.0
643.0,280.0,74.0,98.0
641.0,276.0,74.0,98.0
640.0,264.0,74.0,98.0
639.0,251.0,74.0,98.0
634.0,243.0,74.0,98.0
632.0,237.0,74.0,98.0
630.0,229.0,74.0,98.0
631.0,225.0,74.0,98.0
631.0,224.0,74.0,98.0
629.0,225.0,73.0,97.0
627.0,227.0,73.0,97.0
628.0,230.0,73.0,97.0
628.0,233.0,73.0,97.0
626.0,237.0,73.0,97.0
623.0,240.0,73.0,96.0
622.0,244.0,72.0,96.0
625.0,248.0,72.0,96.0
629.0,252.0,72.0,95.0
631.0,257.0,71.0,95.0
632.0,260.0,71.0,95.0
631.0,265.0,71.0,94.0
632.0,269.0,71.0,94.0
634.0,274.0,70.0,93.0
637.0,279.0,70.0,93.0
639.0,284.0,70.0,93.0
639.0,288.0,70.0,93.0
638.0,292.0,70.0,93.0
636.0,297.0,70.0,92.0
634.0,302.0,69.0,92.0
631.0,306.0,69.0,92.0
626.0,310.0,69.0,91.0
621.0,313.0,69.0,91.0
614.0,316.0,68.0,91.0
608.0,318.0,68.0,90.0
603.0,317.0,68.0,90.0
598.0,315.0,68.0,90.0
593.0,313.0,68.0,90.0
592.0,310.0,67.0,89.0
594.0,304.0,67.0,89.0
595.0,298.0,67.0,89.0
599.0,292.0,67.0,89.0
604.0,287.0,67.0,89.0
606.0,280.0,67.0,88.0
609.0,274.0,66.0,88.0
615.0,267.0,66.0,88.0
620.0,261.0,66.0,87.0
627.0,255.0,66.0,87.0
636.0,250.0,65.0,87.0
644.0,246.0,65.0,87.0
653.0,244.0,65.0,86.0
664.0,240.0,65.0,86.0
672.0,238.0,64.0,85.0
677.0,236.0,64.0,85.0
682.0,235.0,63.0,84.0
688.0,236.0,63.0,84.0
694.0,237.0,63.0,83.0
698.0,240.0,62.0,83.0
702.0,242.0,62.0,82.0
704.0,245.0,62.0,82.0
703.0,250.0,61.0,81.0
697.0,255.0,61.0,80.0
688.0,259.0,60.0,80.0
677.0,264.0,60.0,80.0
669.0,269.0,59.0,79.0
663.0,273.0,59.0,78.0
659.0,277.0,58.0,77.0
656.0,279.0,58.0,77.0
651.0,282.0,58.0,77.0
646.0,284.0,58.0,76.0
641.0,285.0,57.0,76.0
636.0,287.0,57.0,76.0
631.0,290.0,57.0,75.0
627.0,292.0,56.0,74.0
621.0,294.0,56.0,74.0
619.0,293.0,55.0,74.0
616.0,294.0,55.0,73.0
611.0,293.0,55.0,73.0
604.0,292.0,55.0,72.0
600.0,291.0,54.0,72.0
596.0,288.0,54.0,72.0
591.0,286.0,54.0,71.0
585.0,283.0,54.0,71.0
579.0,278.0,53.0,71.0
574.0,274.0,53.0,71.0
567.0,270.0,53.0,70.0
558.0,266.0,53.0,70.0
552.0,264.0,53.0,70.0
547.0,264.0,52.0,69.0
539.0,264.0,52.0,69.0
534.0,267.0,52.0,69.0
531.0,272.0,52.0,69.0
527.0,278.0,52.0,69.0
527.0,287.0,52.0,69.0
528.0,296.0,52.0,69.0
526.0,306.0,52.0,69.0
528.0,317.0,52.0,69.0
529.0,330.0,52.0,69.0
526.0,345.0,52.0,69.0
521.0,360.0,52.0,69.0
516.0,375.0,52.0,69.0
514.0,390.0,52.0,69.0
515.0,406.0,52.0,69.0
518.0,420.0,53.0,70.0
523.0,434.0,53.0,70.0
529.0,446.0,53.0,70.0
536.0,456.0,53.0,70.0
541.0,464.0,53.0,70.0
550.0,469.0,53.0,70.0
561.0,473.0,52.0,69.0
575.0,475.0,52.0,69.0
590.0,475.0,52.0,69.0
604.0,476.0,52.0,69.0
621.0,474.0,52.0,69.0
637.0,470.0,52.0,69.0
656.0,465.0,52.0,69.0
675.0,459.0,52.0,69.0
692.0,452.0,52.0,69.0
721.0,432.0,44.0,83.0
740.0,423.0,44.0,83.0
757.0,412.0,44.0,83.0
773.0,396.0,44.0,82.0
787.0,375.0,43.0,82.0
797.0,354.0,43.0,82.0
807.0,342.0,43.0,81.0
817.0,330.0,43.0,80.0
825.0,321.0,42.0,80.0
830.0,313.0,42.0,80.0
833.0,308.0,41.0,78.0
834.0,303.0,42.0,79.0
834.0,301.0,41.0,77.0
833.0,299.0,42.0,79.0
834.0,304.0,40.0,75.0
833.0,308.0,39.0,74.0
829.0,311.0,39.0,74.0
826.0,313.0,39.0,74.0
824.0,314.0,39.0,74.0
821.0,314.0,39.0,73.0
816.0,313.0,39.0,73.0
810.0,310.0,39.0,73.0
805.0,305.0,39.0,73.0
798.0,299.0,38.0,72.0
791.0,292.0,38.0,72.0
785.0,285.0,38.0,72.0
781.0,280.0,38.0,72.0
775.0,276.0,38.0,72.0
771.0,274.0,37.0,71.0
767.0,273.0,37.0,70.0
764.0,274.0,37.0,70.0
764.0,274.0,37.0,70.0
762.0,274.0,37.0,70.0
758.0,274.0,37.0,70.0
751.0,275.0,37.0,70.0
741.0,277.0,37.0,70.0
734.0,278.0,37.0,69.0
728.0,279.0,37.0,69.0
719.0,281.0,37.0,69.0
712.0,283.0,37.0,69.0
708.0,286.0,37.0,69.0
705.0,289.0,36.0,69.0
701.0,293.0,36.0,69.0
699.0,297.0,36.0,69.0
696.0,302.0,36.0,68.0
695.0,306.0,36.0,68.0
696.0,311.0,36.0,68.0
689.0,324.0,56.0,60.0
687.0,331.0,56.0,60.0
689.0,335.0,56.0,60.0
688.0,337.0,56.0,60.0
688.0,340.0,55.0,59.0
685.0,343.0,55.0,59.0
684.0,347.0,55.0,59.0
685.0,351.0,55.0,59.0
685.0,352.0,55.0,59.0
686.0,352.0,54.0,58.0
684.0,352.0,54.0,58.0
680.0,354.0,54.0,58.0
673.0,355.0,54.0,58.0
668.0,354.0,54.0,57.0
661.0,352.0,53.0,57.0
655.0,343.0,53.0,57.0
653.0,330.0,52.0,56.0
645.0,320.0,52.0,56.0
636.0,321.0,52.0,56.0
629.0,317.0,51.0,55.0
624.0,309.0,51.0,54.0
618.0,301.0,51.0,54.0
610.0,292.0,50.0,54.0
602.0,282.0,50.0,54.0
596.0,272.0,50.0,53.0
590.0,261.0,49.0,53.0
582.0,254.0,49.0,53.0
573.0,248.0,49.0,52.0
565.0,244.0,48.0,52.0
560.0,241.0,48.0,52.0
554.0,239.0,48.0,51.0
546.0,237.0,48.0,51.0
541.0,237.0,47.0,50.0
537.0,235.0,47.0,50.0
534.0,233.0,47.0,50.0
529.0,233.0,47.0,50.0
526.0,234.0,47.0,50.0
523.0,236.0,47.0,50.0
518.0,240.0,47.0,50.0
513.0,246.0,47.0,50.0
507.0,256.0,47.0,51.0
505.0,269.0,47.0,51.0
503.0,283.0,48.0,51.0
502.0,300.0,48.0,51.0
499.0,318.0,48.0,52.0
492.0,337.0,49.0,52.0
485.0,352.0,49.0,52.0
479.0,364.0,49.0,53.0
469.0,374.0,49.0,53.0
462.0,383.0,49.0,53.0
458.0,393.0,50.0,53.0
457.0,400.0,49.0,53.0
455.0,407.0,49.0,53.0
454.0,416.0,49.0,53.0
456.0,421.0,49.0,53.0
458.0,427.0,49.0,53.0
459.0,434.0,49.0,53.0
465.0,441.0,49.0,53.0
473.0,446.0,49.0,53.0
480.0,451.0,49.0,53.0
490.0,453.0,50.0,53.0
502.0,452.0,50.0,53.0
514.0,450.0,50.0,53.0
525.0,448.0,50.0,53.0
534.0,445.0,50.0,53.0
544.0,442.0,50.0,54.0
559.0,439.0,50.0,54.0
571.0,436.0,50.0,54.0
578.0,432.0,50.0,54.0
580.0,424.0,50.0,54.0
584.0,411.0,50.0,54.0
588.0,394.0,50.0,54.0
588.0,376.0,51.0,54.0
587.0,358.0,51.0,54.0
585.0,339.0,51.0,54.0
582.0,320.0,51.0,54.0
579.0,304.0,51.0,55.0
574.0,292.0,52.0,55.0
567.0,282.0,52.0,56.0
563.0,270.0,52.0,56.0
560.0,253.0,52.0,56.0
553.0,232.0,52.0,56.0
548.0,205.0,53.0,56.0
546.0,178.0,53.0,57.0
539.0,154.0,53.0,57.0
530.0,136.0,53.0,57.0
524.0,120.0,54.0,58.0
517.0,108.0,54.0,58.0
507.0,98.0,54.0,58.0
500.0,93.0,55.0,59.0
494.0,88.0,55.0,59.0
484.0,85.0,55.0,59.0
474.0,82.0,55.0,59.0
464.0,79.0,56.0,60.0
455.0,76.0,56.0,60.0
446.0,73.0,56.0,60.0
434.0,70.0,56.0,60.0
423.0,69.0,57.0,61.0
413.0,67.0,57.0,61.0
402.0,68.0,57.0,61.0
387.0,70.0,57.0,61.0
376.0,72.0,58.0,62.0
364.0,74.0,58.0,62.0
348.0,76.0,58.0,62.0
333.0,76.0,58.0,63.0
317.0,75.0,59.0,63.0
304.0,73.0,59.0,63.0
288.0,70.0,59.0,63.0
271.0,69.0,59.0,63.0
255.0,67.0,60.0,64.0
239.0,68.0,60.0,64.0
222.0,69.0,60.0,64.0
205.0,72.0,60.0,65.0
189.0,74.0,61.0,65.0
170.0,76.0,61.0,65.0
153.0,79.0,61.0,66.0
136.0,81.0,62.0,66.0
120.0,85.0,62.0,66.0
106.0,91.0,62.0,67.0
102.0,99.0,63.0,68.0
106.0,112.0,64.0,68.0
116.0,123.0,64.0,69.0
128.0,130.0,64.0,69.0
129.0,131.0,65.0,69.0
135.0,136.0,65.0,70.0
146.0,138.0,66.0,71.0
155.0,141.0,66.0,71.0
164.0,144.0,67.0,72.0
171.0,145.0,68.0,72.0
176.0,145.0,68.0,73.0
185.0,144.0,69.0,74.0
193.0,144.0,69.0,74.0
202.0,145.0,70.0,75.0
221.0,147.0,71.0,76.0
247.0,153.0,71.0,76.0
264.0,163.0,72.0,77.0
302.0,172.0,73.0,78.0
378.0,176.0,86.0,77.0
477.0,162.0,86.0,80.0
533.0,150.0,90.0,81.0
523.0,160.0,94.0,74.0
515.0,153.0,89.0,78.0
522.0,154.0,99.0,82.0
531.0,149.0,91.0,81.0
518.0,154.0,97.0,81.0
508.0,152.0,97.0,82.0
492.0,146.0,97.0,86.0
466.0,143.0,105.0,88.0
433.0,146.0,106.0,82.0
398.0,139.0,104.0,85.0
361.0,127.0,103.0,87.0
320.0,111.0,99.0,91.0
271.0,95.0,98.0,91.0
218.0,83.0,104.0,83.0
163.0,67.0,105.0,83.0
106.0,52.0,105.0,84.0
49.0,39.0,106.0,84.0
3.0,28.0,92.0,85.0
